2045 2.81946759259
0 3094580 
12 33 
12 25 
14 567 
26 36 
27 59 
27 32 
29 76 
30 233 
31 344 
34 7 
35 906 
35 27 
35 9 
36 248 
37 134 
38 94 
39 79 
39 140 
39 198 
40 48 
42 169 
42 67 
43 172 
43 32 
43 212 
43 43 
44 83 
45 64 
46 138 
47 10 
48 25 
49 69 
49 38 
50 444 
52 117 
52 170 
53 28 
53 11 
53 129 
54 124 
54 30 
55 248 
57 124 
57 28 
57 34 
57 105 
57 210 
59 106 
59 728 
59 615 
61 42 
61 61 
61 34 
62 19 
62 233 
62 115 
63 866 
64 50 
66 174 
66 37 
66 28 
67 10 
67 19 
68 193 
68 217 
70 64 
71 31 
71 115 
71 191 
74 68 
74 24 
75 112 
75 163 
76 1281 
76 111 
77 128 
78 86 
79 110 
79 67 
80 1974 
83 36 
84 391 
84 155 
84 119 
86 47 
86 66 
87 27 
87 138 
88 75 
88 134 
89 191 
89 284 
92 113 
94 477 
95 122 
96 2 
96 86 
96 148 
96 258 
97 80 
97 323 
97 36 
98 68 
99 58 
99 242 
99 14 
100 86 
101 48 
101 73 
102 235 
103 98 
108 265 
108 46 
109 73 
109 543 
111 185 
112 126 
113 25 
113 182 
113 129 
114 68 
115 89 
117 32 
118 41 
118 37 
119 161 
119 261 
120 452 
120 56 
121 752 
121 64 
122 218 
122 35 
123 30 
123 1234 
123 19 
124 34 
125 45 
126 269 
127 24 
128 222 
128 55 
129 342 
129 18 
131 66 
131 127 
132 25 
132 233 
132 112 
133 118 
133 42 
134 72 
135 434 
140 526 
140 93 
140 5 
140 527 
141 112 
142 771 
142 55 
143 114 
147 124 
148 100 
149 232 
149 115 
154 161 
155 32 
157 49 
157 100 
158 467 
160 301 
161 54 
161 360 
162 51 
162 1609 
162 236 
165 70 
166 154 
166 103 
167 33 
167 119 
167 1641 
168 96 
169 87 
172 508 
172 4413 
173 1325 
174 193 
174 57 
176 41 
177 6 
180 99 
180 26 
183 205 
184 192 
184 21 
184 350 
185 167 
186 66 
186 219 
187 1185 
187 22 
189 32 
189 144 
191 47 
193 384 
193 25 
194 729 
197 118 
197 162 
198 71 
199 55 
201 47 
202 53 
206 23 
206 21 
207 316 
209 59 
210 98 
210 15 
210 79 
212 305 
212 1338 
212 79 
212 31 
215 271 
222 76 
223 28 
223 29 
223 48 
225 23 
225 71 
230 39 
231 34 
232 220 
232 99 
232 191 
239 173 
241 134 
242 58 
243 7 
244 16 
248 13 
248 24 
250 182 
250 153 
251 559 
251 179 
252 261 
255 172 
257 473 
257 2 
258 52 
260 59 
262 32 
266 157 
266 43 
267 20 
269 72 
269 260 
270 30 
272 6 
273 28 
276 52 
277 58 
277 103 
280 89 
282 88 
284 493 
287 411 
287 68 
288 51 
288 143 
288 125 
291 66 
294 61 
296 426 
300 24 
300 27 
301 48 
301 8 
302 35 
304 184 
307 378 
308 61 
313 329 
316 45 
319 107 
320 168 
321 21 
323 60 
324 250 
325 38 
325 42 
335 881 
336 222 
336 82 
337 127 
347 51 
352 4 
353 232 
353 108 
357 54 
361 202 
362 35 
363 278 
364 109 
364 72 
365 93 
371 16 
372 40 
376 79 
377 433 
378 38 
381 10 
383 57 
385 72 
385 257 
386 157 
386 40 
391 132 
392 523 
393 33 
396 35 
399 283 
400 38 
401 1118 
402 269 
405 167 
407 330 
411 159 
411 96 
414 680 
415 148 
422 417 
424 10842 
425 22 
426 10 
427 40 
429 98 
429 147 
431 53 
434 53 
436 80 
438 104 
440 9 
442 54 
448 26392 
451 13 
451 120 
455 22 
458 228 
464 153 
468 121 
470 61 
473 14 
479 70 
481 66 
483 119 
489 129 
490 101 
492 905 
492 28 
493 38 
499 26 
508 21 
508 9 
508 665 
514 69 
516 167 
517 202 
517 35 
519 40 
520 41 
520 10 
525 228 
525 0 
528 361 
528 147 
530 235 
536 20 
538 34 
544 77 
544 62 
550 33 
557 52 
557 47 
562 24 
563 18 
564 4 
568 3 
568 39 
573 38 
574 65 
575 35 
575 5 
577 312 
579 32 
587 60 
594 319 
595 59 
606 17 
616 53 
616 114 
617 81 
618 2 
621 2 
626 16 
627 9 
638 15 
649 557 
652 169 
660 36 
660 54 
665 415 
671 54 
671 354 
672 72 
673 66 
673 222 
677 71 
682 55 
686 41 
687 18 
690 31 
695 31 
705 64 
707 45 
707 16 
709 252 
713 44 
718 63 
719 173 
724 64 
732 1609 
733 107 
735 48 
740 12 
743 21 
747 156 
748 88 
760 22 
767 24 
770 63 
780 57 
784 8 
803 140 
805 29 
806 32 
822 529 
822 332 
828 21 
833 50 
841 686 
848 5 
852 41 
858 51 
864 24 
866 145 
866 106 
873 2 
884 26 
886 96 
886 67 
892 5 
894 79 
905 661 
912 19 
912 160 
913 86 
913 33 
922 68 
934 44 
937 246 
940 11 
947 322 
948 55 
956 32 
957 184 
959 60 
962 592 
967 20 
971 106 
993 47 
995 61 
998 457 
1004 1784 
1005 39 
1006 451 
1013 45 
1018 232 
1019 69 
1035 76 
1036 2282 
1036 575 
1039 459 
1042 120 
1049 12 
1080 40 
1080 53 
1085 34 
1086 7320 
1113 68 
1118 20 
1123 97 
1126 109 
1128 54 
1130 128 
1148 18 
1150 82 
1150 98 
1171 200 
1175 50 
1179 247 
1211 71 
1215 9 
1218 75 
1218 35 
1219 47 
1219 116 
1221 159 
1231 821 
1236 39 
1243 11 
1243 27 
1248 4 
1250 80 
1258 418065 
1260 24 
1270 1562 
1272 17 
1284 10 
1285 284 
1292 19 
1293 108 
1299 67 
1317 57 
1335 3670 
1335 32 
1339 94 
1341 269 
1347 82 
1348 49 
1370 26 
1376 7 
1377 184 
1392 31 
1392 103 
1394 23 
1399 43 
1403 1032 
1412 174 
1417 70 
1418 5 
1424 108 
1425 3 
1442 28 
1447 31 
1452 79 
1467 102 
1489 26 
1502 56 
1503 6 
1513 65 
1515 151 
1518 55 
1524 76 
1524 78 
1525 40 
1529 24 
1539 63 
1544 105 
1570 69 
1577 31 
1578 28 
1584 19 
1584 412 
1589 19 
1603 202 
1606 40 
1613 143 
1617 140 
1619 45 
1623 930 
1641 3875 
1646 122 
1648 147 
1650 225 
1651 642 
1655 61 
1656 10 
1658 356 
1661 1822 
1663 2714 
1664 1235 
1665 459 
1665 11047 
1668 233 
1670 591 
1672 43 
1672 481 
1678 1188 
1678 57 
1680 526 
1680 550 
1682 90 
1684 806 
1691 263 
1694 325 
1695 1160 
1696 94 
1698 1592 
1698 106 
1699 2799 
1700 103 
1701 349 
1702 1346 
1705 98 
1706 1243 
1709 590 
1709 3050 
1711 534 
1719 4384 
1722 452 
1727 3131 
1728 3067 
1728 4755 
1728 208 
1731 59 
1732 815 
1733 26 
1733 1183 
1740 374 
1742 37 
1742 65 
1749 741 
1749 50 
1750 311 
1754 749 
1756 29 
1758 167 
1759 479 
1759 28 
1759 1911 
1760 10 
1762 2207 
1763 68 
1764 962 
1764 14 
1765 351 
1776 41 
1776 304 
1778 1851 
1779 62 
1780 132 
1784 349 
1785 77 
1788 2578 
1789 154 
1791 233 
1792 1804 
1793 574 
1794 414 
1795 370 
1797 16 
1803 416 
1803 242 
1804 600 
1810 78 
1811 1050 
1811 12628 
1811 303 
1812 42 
1812 176 
1815 25 
1819 34 
1820 196 
1827 141 
1833 25760 
1834 359 
1835 42 
1839 11 
1843 11 
1845 63 
1846 77 
1848 57 
1849 48 
1849 105 
1851 1731 
1851 645 
1851 2477 
1851 60 
1851 43 
1852 258 
1855 534 
1856 4465 
1859 228 
1861 193 
1864 66 
1865 0 
1867 76 
1869 221 
1878 6 
1886 56 
1890 168 
1892 37 
1898 166 
1898 138 
1908 2627 
1908 707 
1911 2397 
1912 158 
1918 107 
1918 120 
1922 736 
1927 721 
1930 1492 
1930 148 
1933 3426 
1933 587 
1938 268 
1938 21 
1939 7 
1940 58 
1940 223 
1944 94 
1947 273 
1951 5331 
1953 2706 
1955 102 
1959 58 
1961 142 
1970 100 
1971 1245 
1991 21 
1991 115 
1992 28 
1997 139 
1998 26801 
2003 413 
2006 19 
2012 4125 
2019 64 
2026 1357 
2029 743 
2036 125 
2038 453 
2039 1048 
2039 33 
2045 318 
2047 214 
2048 75 
2051 221 
2055 334 
2056 84 
2059 148 
2060 313 
2061 564 
2062 153 
2065 67 
2066 1636 
2066 46 
2069 1855 
2071 17 
2071 20 
2071 1590 
2074 106 
2075 965 
2075 25 
2077 20 
2082 130 
2092 19 
2092 349 
2092 303 
2095 804 
2097 467 
2098 19 
2100 72 
2103 1191 
2105 2372 
2106 48 
2106 36 
2108 275 
2110 892 
2114 247 
2115 103 
2120 3998 
2124 19 
2126 43 
2128 209 
2130 626 
2136 1788 
2139 179 
2141 49 
2141 358 
2144 65 
2146 350 
2148 10 
2151 407 
2155 400 
2157 33 
2169 894 
2175 403 
2176 1026 
2177 1169 
2178 12 
2183 737 
2185 80 
2189 359 
2193 1181 
2198 118 
2200 431 
2202 105 
2202 7 
2216 133 
2220 191 
2224 55 
2231 23 
2244 87 
2248 19 
2259 15 
2268 240 
2269 2163 
2276 124 
2279 44 
2288 404 
2290 532 
2292 195 
2299 51 
2303 95 
2305 2895 
2307 451 
2312 1678 
2315 32 
2318 190 
2331 561 
2334 100 
2349 7 
2351 4463 
2352 329 
2354 148 
2355 28 
2362 14 
2366 14 
2368 52 
2368 144 
2372 48 
2372 76 
2375 2671 
2385 1152 
2385 20 
2390 76 
2394 214 
2396 1392 
2401 2574 
2405 437 
2405 649 
2407 345 
2411 825 
2413 82 
2418 544 
2419 2454 
2419 17 
2422 1076 
2426 6026 
2431 179 
2442 44 
2445 442 
2447 82 
2448 2259 
2449 333 
2458 10 
2461 148 
2464 198 
2466 112 
2466 563 
2467 24 
2469 6160 
2471 17 
2473 19 
2474 1 
2477 74 
2478 1966 
2479 77 
2484 774 
2484 356 
2488 437 
2494 10 
2498 76 
2500 630 
2505 305 
2506 44 
2507 1524 
2508 2945 
2510 398 
2511 0 
2511 32 
2513 25 
2527 697 
2527 1375 
2530 149 
2530 5 
2533 79 
2551 752 
2558 34 
2563 243 
2566 260 
2569 72 
2575 66 
2581 1430 
2583 2063 
2584 16 
2586 118 
2587 3631 
2588 35 
2589 36 
2590 70 
2590 133 
2598 82 
2600 99 
2607 47 
2616 75 
2618 1049 
2642 1957 
2654 938 
2664 229 
2666 127 
2676 496 
2678 160 
2689 55 
2692 56 
2704 159 
2706 1847 
2708 1472 
2719 66 
2723 523 
2735 69 
2764 37 
2767 24 
2767 69 
2769 47 
2773 9 
2773 2328 
2782 10 
2783 133 
2787 107 
2787 591 
2788 172 
2792 80 
2796 93 
2801 130 
2823 704 
2844 136 
2849 91 
2855 18 
2856 411 
2868 2941 
2874 5317 
2875 2087 
2887 90 
2891 130 
2896 80 
2903 229 
2904 441 
2909 10 
2914 7140 
2919 105 
2926 98 
2930 314 
2938 100 
2945 27 
2946 8 
2946 75 
2946 163 
2952 291 
2957 41 
2961 77 
2961 171 
2967 9 
2970 1322 
2987 66 
2995 144 
3002 11 
3011 165 
3017 46 
3022 2907 
3022 1781 
3037 302 
3038 502 
3039 1220 
3039 180 
3049 1790 
3083 2777 
3086 706 
3091 42 
3092 79 
3092 223 
3097 6 
3108 14 
3118 33 
3119 136 
3123 628 
3127 21 
3127 57 
3132 4 
3136 186 
3137 45 
3143 370 
3144 13 
3150 36 
3157 103 
3160 23 
3184 8 
3206 529 
3207 1600 
3208 232 
3209 181 
3211 159 
3212 168 
3217 3199 
3223 109 
3225 314 
3246 879 
3258 2479 
3265 53 
3269 217 
3269 74 
3270 100 
3275 239 
3283 15 
3303 13 
3308 51 
3309 17 
3311 9 
3320 176 
3321 80 
3323 301 
3333 17 
3337 10 
3342 33 
3359 592 
3363 16 
3366 646 
3374 66 
3375 239 
3378 11 
3395 140 
3398 511 
3401 969 
3407 697 
3414 703 
3416 54 
3425 2 
3437 101 
3440 20 
3440 20 
3445 33 
3456 2014 
3468 377 
3473 1435 
3476 419 
3485 123 
3496 64 
3508 54 
3515 1686 
3516 104 
3536 1090 
3537 15 
3547 270 
3556 86 
3558 13 
3586 223 
3602 1602 
3604 31 
3608 1266 
3611 391 
3616 23 
3618 6952 
3629 17 
3630 286 
3654 46 
3654 1614 
3675 59 
3686 1485 
3687 423 
3691 10 
3697 126 
3697 49 
3711 1111 
3714 943 
3720 35 
3723 1684 
3727 43 
3732 24 
3734 15309 
3734 497 
3752 33 
3752 87 
3754 64 
3762 36 
3763 4200 
3767 298 
3776 85 
3777 12 
3780 46 
3781 171 
3781 55 
3796 280 
3811 1048 
3853 59 
3875 2893 
3878 88 
3891 463 
3911 11 
3913 3290 
3922 1508 
3926 11 
3937 260 
3947 1974 
3968 74 
3970 18 
3999 135 
4006 267 
4006 2432 
4010 54 
4015 139 
4018 105 
4031 1822 
4047 14 
4048 138 
4054 103 
4057 146 
4062 54 
4087 49 
4135 24 
4150 163 
4155 361 
4165 31 
4167 67 
4168 71 
4169 17 
4171 813 
4175 72 
4187 128 
4189 135 
4201 27 
4218 139 
4257 52 
4265 1054 
4268 99 
4288 286 
4314 5974 
4317 145 
4338 26 
4357 11 
4363 8 
4365 2593 
4370 74 
4382 44 
4383 76 
4387 36 
4392 368 
4404 504 
4419 137 
4420 1017 
4427 99 
4431 27 
4453 42 
4469 457 
4475 40 
4485 7 
4547 146 
4551 43 
4552 5127 
4554 30 
4588 23 
4646 276 
4666 40 
4703 46 
4707 427 
4739 291 
4748 156 
4776 511 
4798 15 
4837 89 
4842 49 
4858 255 
4919 543 
4940 66 
4984 5549 
4989 391 
5005 132 
5021 1411 
5032 94 
5032 1262 
5035 209 
5112 28 
5115 607 
5133 73 
5140 48 
5177 475 
5181 197 
5189 1559 
5204 338 
5208 181 
5222 7 
5225 2790 
5225 14 
5231 97 
5239 129 
5247 129 
5276 739 
5280 51 
5296 198 
5308 39 
5333 226 
5357 188 
5439 55 
5504 1 
5538 22 
5605 19 
5694 82 
5737 280 
5745 442 
5755 208 
5758 47 
5784 118 
5805 162 
5999 125 
6020 659 
6038 1410 
6042 70 
6056 1697 
6068 1847 
6081 233 
6106 29 
6109 128 
6128 54 
6156 28 
6174 5 
6186 30 
6189 33 
6190 169 
6246 262 
6254 43 
6266 2712 
6330 6395 
6358 74 
6427 8 
6440 27 
6474 76 
6522 291 
6541 72 
6566 75 
6575 15 
6595 72 
6630 157 
6631 38 
6635 508 
6645 1107 
6645 107 
6646 58 
6667 35 
6670 371 
6689 0 
6743 221 
6786 190 
6839 229 
6839 127 
6857 60 
6871 494 
6958 23 
7004 71 
7041 19 
7042 142 
7056 85 
7068 76 
7069 82 
7090 54 
7145 4748 
7169 72 
7203 62 
7209 7 
7243 54 
7257 174 
7272 267 
7325 15 
7346 394 
7358 95 
7378 33 
7379 1789 
7427 308 
7477 656 
7479 1110 
7494 578 
7502 1485 
7539 207 
7540 911 
7563 23 
7569 130 
7589 14 
7675 343 
7699 496 
7764 94 
7784 220 
7846 3819 
7860 0 
7870 24 
7962 52 
7966 109 
7973 195 
8054 17 
8146 706 
8149 87 
8182 37 
8213 31 
8223 2505 
8227 101 
8244 49 
8348 448 
8477 58 
8485 37 
8499 8 
8527 91 
8601 33 
8731 3324 
8740 23 
8767 519 
8841 3847 
8860 550 
8877 727 
8886 37 
8924 341 
8979 390 
9014 8 
9020 1470 
9051 113 
9053 1629 
9117 75 
9117 81 
9191 303 
9213 7 
9277 139 
9293 15 
9315 3297 
9322 31 
9327 266 
9333 632 
9343 9041 
9381 971 
9399 1039 
9417 534 
9475 151 
9486 39 
9487 1304 
9541 15395 
9546 1785 
9566 15 
9566 457 
9579 74 
9582 2093 
9604 2548 
9628 51 
9659 378 
9661 1794 
9686 805 
9692 266 
9693 255 
9709 684 
9730 4338 
9794 2 
9794 2 
9866 4 
10013 6386 
10038 530 
10051 352 
10052 1312 
10076 650 
10092 36 
10104 698 
10118 2174 
10137 1664 
10162 111 
10174 34 
10420 771 
10486 281 
10502 56 
10555 1503 
10643 36 
10694 70 
10728 22 
10785 5 
10899 40 
10947 441 
10959 55 
10959 197 
11141 585 
11199 53 
11250 5 
11287 1542 
11404 234 
11445 16 
11504 224 
11523 29 
11532 57 
11597 18 
11711 27 
11882 3 
11917 141 
11921 16 
12033 8 
12119 19 
12125 2370 
12388 6 
12413 137 
12416 5030 
12497 26 
12572 880 
12710 625 
12911 86 
13024 39 
13152 96 
13248 349 
13251 1188 
13454 1352 
13459 158 
13523 356 
13556 1674 
13678 1915 
13722 27 
13739 697 
13790 10378 
13816 907 
13843 547 
13906 106 
13952 1793 
14001 2735 
14036 215 
14104 1198 
14106 79 
14107 80 
14109 2 
14234 319 
14242 35 
14272 480 
14338 164 
14385 5 
14470 20 
14635 179 
14657 63 
14786 12 
14822 42 
14941 7069 
14968 413 
14973 1294 
14973 1412 
14995 42 
15006 100 
15014 73 
15043 45 
15066 81 
15093 13 
15166 7 
15357 1 
15389 133 
15477 162 
15599 491 
15636 178 
15687 19 
15808 250 
15933 29 
15973 28 
16087 63 
16431 7 
16642 32 
16659 1415 
16680 958 
16695 804 
16699 4 
16798 10 
16845 10 
17006 10 
17045 673 
17052 314 
17179 1965 
17181 5158 
17219 3079 
17261 27 
17270 201 
17292 2523 
17378 2 
17424 11 
17546 37 
17606 482 
17631 2 
17815 208 
17821 18 
17876 1152 
18108 993 
18302 129 
18325 50 
18479 16 
18860 81 
19110 172 
19136 132 
19150 15 
19156 208 
19313 3216 
19356 6 
19366 726 
19388 178 
19418 471 
19447 4248 
19453 607 
19485 237 
19516 221 
19517 17 
19518 970 
19526 19 
19733 153 
19762 2312 
19794 716 
19794 19 
19800 3836 
19837 1409 
19892 1787 
19982 734 
19994 12 
20269 141 
20328 31 
20345 72 
20540 269 
20544 186 
20633 1260 
20686 319 
20719 83 
20889 15 
21019 220 
21094 408 
21181 77 
21182 8 
21225 950 
21425 3 
21485 146 
21532 237 
22212 24 
22308 16 
22702 86 
22827 1037 
22969 624 
23000 506 
23018 2800 
23153 114 
23255 60 
23264 9 
23278 27 
23358 1940 
23408 1860 
23412 222 
23491 729 
23491 111 
23504 2813 
23571 535 
23573 5112 
23863 46 
23872 487 
24094 1491 
24124 16 
24150 149 
24246 101 
24271 4707 
24280 1753 
24400 19 
24422 314 
24765 251 
24998 2 
24998 2 
25141 51 
25144 1239 
25175 203 
25193 459 
25223 70 
25233 789 
25267 643 
25317 73 
25381 445 
25384 39 
25398 803 
25423 13 
25501 556 
25524 25 
25560 39 
25732 122 
25804 869 
25918 20 
25935 542 
26024 1037 
26104 239 
26112 2190 
26156 479 
26181 424 
26197 394 
26202 558 
26219 27 
26229 28 
26233 695 
26571 7 
26739 3406 
26829 191 
26973 534 
27011 4840 
27114 1336 
27157 108 
27186 143 
27187 62 
27676 59 
28330 8 
28688 8 
28767 3191 
28820 4504 
28860 1878 
28882 1326 
28908 272 
28911 142 
28938 9 
28972 1227 
28997 345 
29046 210 
29079 3065 
29368 21 
29665 91 
29882 2475 
29885 34 
30069 70 
30200 2202 
30373 2258 
30383 56 
30570 360 
30683 268 
30710 1732 
30915 1720 
30949 715 
31026 135 
31090 1935 
31245 138 
31310 75 
31586 18 
31955 1 
32247 10 
32301 339 
32390 3091 
32580 4607 
32631 430 
32639 1710 
32653 331 
32659 60 
32687 614 
32745 163 
33161 74 
33166 1387 
33232 3 
33265 677 
33316 466 
33416 38 
33505 4541 
33507 259 
33575 1489 
33599 330 
33668 1668 
33717 1274 
34297 238 
34401 132 
34612 2316 
34692 3192 
34773 24 
34964 63 
34987 346 
35137 21 
35227 10 
35392 299 
36063 456 
36074 225 
36403 851 
36467 277 
36471 4837 
36523 110 
37213 4132 
38145 40 
38740 9 
40218 840 
40570 93 
40710 86 
40823 35 
41543 2 
41659 334 
41909 2 
41946 115 
42211 15 
42965 630 
43049 631 
43445 27 
45439 160 
45689 134 
47986 1095 
48626 6375 
49019 1860 
49172 133 
49564 2411 
49877 12201 
49923 457 
49933 1034 
50023 163 
51373 1123 
51738 621 
51786 430 
51901 139 
52204 30 
52260 208 
52439 368 
52540 283 
52641 56 
52644 293 
53326 209 
53544 519 
53714 58 
53872 186 
53906 898 
53937 100 
53975 277 
53996 423 
54007 10442 
54091 348 
54101 217 
54121 383 
54165 48 
54183 601 
54576 675 
54860 567 
54950 1996 
54959 166 
54988 1066 
55094 88 
55094 88 
55177 368 
55261 47 
55275 22 
55332 676 
55336 53 
55368 2715 
55423 94 
55518 1344 
55574 233 
55695 517 
55761 0 
55884 1555 
55951 2891 
56494 389 
56993 37 
57050 349 
57082 14 
57202 29 
57862 62 
58085 60 
58148 182 
58507 313 
58736 0 
59019 88 
59402 31 
59601 2 
59939 3846 
59961 833 
60243 70 
61194 212 
61523 29 
61570 67 
61613 458 
61855 11 
62418 54 
63319 289 
63397 520 
63543 737 
63574 1203 
63593 1316 
63640 464 
63910 72 
64025 560 
64221 114 
64452 9737 
64551 133 
64749 362 
65195 3 
65596 324 
66212 2573 
66254 3479 
66729 499 
66860 196 
67312 163 
67881 528 
67924 108 
68328 508 
69004 510 
69095 341 
70610 1616 
70629 34 
70891 217 
71166 2661 
71205 586 
71208 115 
71211 42 
71341 46 
71546 272 
71681 1892 
71681 294 
72508 11 
72510 2 
73156 611 
74223 13 
75275 25 
75955 1063 
76107 51 
76276 143 
76300 662 
78173 0 
79564 62 
79843 1096 
80224 1010 
80355 14 
82374 574 
82903 46 
83390 81 
83717 591 
83818 1004 
84176 176 
84176 176 
85093 3 
85399 120 
85490 1409 
85912 119 
85992 1774 
86037 736 
87030 164 
87135 756 
87360 50 
87707 124 
87929 1309 
87972 1325 
88084 454 
88518 76 
88528 2343 
88738 24 
88809 83 
88825 951 
89198 61 
89265 171 
89304 25 
90525 243 
90600 0 
90665 126 
90718 106 
92893 43 
93427 44 
93447 44 
94070 69 
94217 57 
97557 343 
97731 239 
98273 92 
99266 708 
100010 1152 
104172 39 
106424 59 
107083 14 
107086 2129 
107941 313 
108243 749 
108497 2 
109869 1427 
109969 84 
110045 1908 
110768 1381 
117768 357 
117786 536 
117951 325 
117979 1322 
118108 24 
119013 143 
119090 499 
121574 113 
128431 92 
133480 562 
135357 0 
139042 654 
141358 659 
150588 512 
151143 97 
152694 264 
153258 128 
155862 3451 
156393 743 
164664 825 
165191 51 
166933 240 
168864 901 
171081 2015 
172360 75 
172542 4572 
172608 26 
175079 413 
176119 3006 
176221 140 
177344 113 
177415 6 
179221 513 
180512 75 
183889 1888 
184339 1747 
184616 804 
184726 379 
184840 2367 
189345 17 
189765 38 
192135 20 
199393 12 
199487 154 
202371 89 
233364 244 
239048 97 
242189 377 
257041 623 
262226 168 
263835 200 
264071 566 
266063 582 
266307 2193 
278286 1636 
278396 1564 
278456 517 
279474 340 
279630 71 
285051 60 
286509 804 
295998 139 
296400 488 
304573 1124 
310167 5 
311462 682 
311471 594 
311483 166 
311495 1465 
311498 45 
311517 5178 
311537 1162 
311543 1137 
311596 157 
311607 724 
311627 1730 
311627 292 
311659 343 
311733 102 
311741 293 
311767 783 
311781 380 
311796 1374 
311818 301 
311950 103 
312115 399 
312135 658 
312164 170 
312218 62 
312304 201 
312388 175 
312615 126 
312650 29 
313180 96 
313188 889 
313197 224 
313462 73 
313699 81 
314045 53 
314203 1466 
314228 15 
314275 162 
314322 114 
314854 318 
316030 810 
316047 129 
316056 388 
316330 53 
316370 139 
317135 379 
318114 134 
319345 100 
319995 30 
320689 183 
323245 32 
329910 187 
330609 55 
331814 219 
333719 53 
336179 28 
336890 270 
337945 58 
342967 1501 
344842 42 
345297 67 
348199 367 
348236 1237 
368265 81 
373371 1057 
380869 55 
386364 1684 
424915 1291 
425012 2548 
431594 927 
439759 1689 
439816 1435 
439872 1098 
444084 37 
447734 506 
447751 322 
447757 1247 
447807 203 
455628 151 
460224 59 
480972 439 
496173 713 
512124 382 
532070 342 
533272 227 
537550 0 
546729 2 
550934 53 
550943 33 
554492 199 
557975 4432 
558124 22 
558315 40 
575009 376 
577772 31 
592088 47 
596224 976 
598341 447 
599415 18 
602153 3897 
604449 12 
