2814 6.47118055556
0 1473598 
9 14503 
13 188 
14 149 
14 70 
21 193 
23 150 
23 83 
24 201 
25 1347 
25 357 
26 59 
26 376 
27 323 
28 601 
28 78 
29 238 
30 122 
30 221 
33 234 
33 106 
33 3889 
35 835 
37 90 
37 383 
37 47 
37 102 
38 915 
39 126 
39 1339 
39 81 
39 1347 
40 661 
40 528 
40 228 
40 119 
41 74 
42 159 
42 528 
42 419 
42 189 
42 107 
43 29 
43 101 
43 228 
43 97 
44 823 
44 55 
44 1509 
44 150 
44 123 
44 98 
45 62 
45 496 
45 54 
45 97 
46 318 
48 139 
48 56 
49 257 
49 396 
49 342 
49 394 
49 66 
50 39 
50 284 
50 464 
51 557 
51 225 
52 87 
52 103 
52 140 
53 336 
53 47 
54 835 
54 421 
54 157 
55 59 
55 176 
55 252 
56 120 
56 44 
56 712 
56 62 
57 284 
57 782 
57 175 
57 447 
57 501 
58 263 
58 467 
58 1170 
59 78 
59 300 
59 376 
60 127 
61 37 
61 250 
61 66 
61 636 
62 244 
63 497 
63 206 
63 824 
64 44 
65 95 
65 304 
65 121 
67 225 
69 242 
69 217 
69 445 
69 307 
69 4869 
70 154 
71 17 
71 173 
71 32 
71 98 
71 172 
71 799 
72 293 
72 185 
73 169 
73 785 
74 319 
74 188 
75 36 
78 89 
79 85 
79 255 
80 982 
81 29 
81 272 
81 66 
81 892 
82 33 
82 140 
82 78 
82 276 
82 107 
82 21 
83 375 
83 150 
83 228 
85 66 
85 394 
87 51 
87 181 
87 182 
88 98 
88 819 
89 45 
90 186 
91 40 
91 613 
91 468 
92 151 
92 660 
92 156 
93 88 
94 456 
94 445 
95 523 
95 219 
96 270 
96 402 
96 598 
97 100 
97 584 
97 664 
97 271 
98 131 
98 2598 
99 65 
100 226 
100 46 
100 66 
101 1692 
102 73 
103 300 
103 183 
103 147 
104 306 
104 18 
105 729 
105 31 
106 114 
106 155 
107 43 
107 182 
107 42 
108 169 
110 510 
110 38 
110 119 
111 133 
111 396 
113 113 
113 154 
113 407 
114 3 
114 153 
115 105 
117 10 
117 13 
118 93 
118 465 
118 672 
119 415 
119 1506 
119 3 
119 1088 
119 221 
120 558 
121 151 
123 42 
123 330 
123 72 
124 377 
124 125 
125 311 
125 777 
125 11 
125 1331 
126 57 
126 266 
127 155 
128 2177 
129 792 
130 769 
131 769 
132 987 
132 90 
132 3 
132 113 
133 1362 
135 108 
135 52 
136 84 
137 1304 
137 49 
137 12795 
138 16 
138 43 
139 686 
141 50 
142 28 
144 193 
144 13 
144 110 
144 645 
144 1309 
145 299 
145 223 
145 690 
147 203 
147 62 
147 169 
148 4159 
148 56 
148 381 
149 343 
149 273 
150 149 
150 953 
150 104 
150 229 
150 335 
151 73 
151 241 
152 964 
153 166 
155 461 
155 188 
155 1852 
157 303 
157 643 
157 592 
157 47 
158 198 
159 224 
160 52 
160 292 
160 340 
161 180 
163 72 
164 45 
164 381 
164 352 
165 58 
165 142 
165 84 
165 390 
166 146 
166 119 
167 44 
168 161 
170 67 
170 66 
170 35 
172 58 
173 580 
173 107 
174 137 
175 1423 
176 265 
176 424 
176 2708 
178 308 
179 84 
180 331 
180 534 
180 410 
181 182 
181 168 
182 645 
183 25 
183 1525 
184 6 
185 259 
185 33 
186 130 
187 989 
188 93 
189 160 
190 13 
192 62 
195 404 
195 504 
196 206 
196 1344 
197 400 
198 181 
200 228 
200 272 
200 128 
200 307 
201 323 
203 489 
203 229 
205 67 
206 509 
207 986 
207 209 
207 142 
208 61 
208 186 
209 73 
209 1025 
209 77 
209 115 
210 470 
210 228 
211 830 
211 232 
212 358 
215 137 
216 199 
216 874 
216 433 
218 58 
220 613 
220 290 
221 125 
222 321 
222 77 
222 70 
223 70 
224 40 
225 455 
225 166 
227 53 
228 179 
228 594 
228 31 
230 133 
230 37 
231 300 
231 44 
232 347 
232 309 
232 1559 
234 89 
234 64 
234 70 
235 179 
236 2202 
237 344 
238 130 
239 537 
239 79 
239 124 
240 903 
241 97 
242 188 
242 100 
242 136 
244 482 
244 817 
245 218 
246 191 
249 69 
249 117 
249 158 
250 244 
250 508 
253 287 
255 12 
255 78 
258 214 
258 564 
259 68 
260 948 
262 16 
263 1619 
263 81 
264 43 
264 86 
264 165 
266 246 
267 103 
268 241 
268 258 
268 471 
269 402 
269 42 
272 59 
273 74 
275 146 
276 161 
278 354 
280 171 
280 133 
281 163 
281 476 
281 39 
282 284 
283 367 
284 89 
284 6 
286 255 
286 105 
288 332 
288 194 
290 113 
292 203 
293 376 
294 221 
294 44 
294 323 
295 41 
295 148 
295 514 
299 173 
299 287 
300 411 
302 77 
302 451 
302 268 
303 30 
306 75 
309 253 
309 310 
310 45 
312 135 
314 760 
314 808 
316 211 
317 88 
317 448 
318 59 
320 856 
321 19 
323 129 
326 8 
327 200 
329 271 
329 79 
329 412 
331 135 
331 68 
335 114 
335 98 
338 21 
338 624 
339 91 
339 40 
341 478 
342 57 
343 279 
344 60 
344 91 
345 108 
348 64 
348 115 
349 75 
349 162 
351 126 
352 2 
356 72 
358 61 
360 262 
361 416 
362 165 
364 338 
364 2697 
365 252 
366 263 
366 164 
367 121 
367 221 
367 81 
369 84 
372 449 
372 109 
374 425 
375 562 
381 47 
381 126 
381 93 
382 9 
389 146 
389 76 
390 218 
391 363 
391 280 
391 408 
392 135 
393 418 
393 202 
393 92 
394 2015 
395 297 
395 149 
395 125 
396 60 
400 75 
400 47 
400 74 
401 41 
403 49 
409 88 
410 672 
412 39 
413 50 
414 1232 
417 170 
417 215 
421 299 
424 356 
428 69 
428 11 
429 88 
430 270 
431 66 
431 378 
431 145 
431 36 
432 74 
435 35 
437 569 
438 145 
440 582 
441 115 
442 223 
443 87 
443 127 
443 54 
444 6894 
446 107 
447 25 
448 52 
448 131 
448 186 
450 258 
454 331 
455 157 
456 154 
456 102 
457 151 
458 86 
461 39 
461 423 
465 111 
465 1146 
468 136 
468 287 
468 135 
469 343 
471 117 
471 249 
472 378 
473 229 
474 154 
475 70 
477 111 
478 204 
481 125 
482 165 
489 73 
489 16 
490 27 
490 199 
491 683 
494 67 
500 140 
500 2310 
500 125 
500 135 
502 159 
503 82 
509 340 
511 159 
512 122 
518 452 
523 42 
523 74 
525 135 
526 349 
529 261 
529 104 
529 27 
532 8 
533 119 
535 129 
540 61 
541 203 
543 41 
544 618 
545 101 
545 747 
548 207 
555 876 
556 394 
557 130 
558 213 
558 289 
559 152 
559 259 
563 37 
564 197 
566 272 
567 485 
568 4 
572 255 
572 88 
572 190 
575 457 
575 21 
577 284 
577 60 
579 299 
581 245 
583 408 
584 445 
585 145 
588 542 
589 146 
591 53 
592 209 
594 93 
596 50 
597 178 
600 62 
601 308 
601 53 
602 274 
603 128 
604 50 
604 69 
611 130 
612 142 
613 171 
613 28 
614 212 
615 30 
616 724 
617 84 
617 220 
617 30 
619 82 
620 173 
621 653 
621 174 
622 188 
624 1273 
626 66 
626 160 
633 118 
633 165 
635 229 
635 273 
637 92 
640 122 
642 45 
642 74 
651 62 
651 32 
652 482 
653 318 
654 190 
654 96 
659 193 
659 160 
660 15 
660 77 
661 73 
663 414 
663 57 
665 89 
666 413 
667 103 
667 39 
671 120 
671 116 
676 337 
678 879 
684 231 
687 14 
688 60 
689 1052 
691 358 
691 118 
691 409 
691 1921 
694 113 
697 1355 
698 644 
701 91 
703 329 
703 19 
704 219 
708 94 
711 252 
714 398 
715 7 
719 276 
720 121 
720 72 
722 44 
724 45 
731 61 
734 1435 
739 370 
741 22 
747 18 
749 15 
750 692 
753 2570 
756 344 
758 1755 
758 277 
762 66 
763 160 
763 104 
767 0 
768 161 
772 152 
775 266 
776 89 
776 635 
776 173 
784 102 
785 36 
787 180 
787 105 
789 178 
789 900 
790 49 
790 75 
791 259 
796 1366 
799 69 
799 336 
800 100 
804 55 
809 176 
814 373 
815 112 
821 54 
823 1147 
826 25 
833 840 
839 215 
839 117 
843 114 
845 874 
846 715 
848 113 
850 255 
852 97 
854 350 
856 207 
857 32 
861 89 
864 9 
868 666 
870 68 
871 135 
872 329 
874 853 
875 182 
877 61 
878 82 
880 56 
882 46 
882 428 
883 95 
883 188 
888 100 
890 25 
891 43 
900 27 
901 216 
902 477 
911 696 
913 487 
913 462 
916 92 
922 28 
923 17 
924 142 
927 133 
928 91 
929 348 
930 38 
930 96 
934 277 
936 14 
939 76 
940 218 
941 74 
942 1197 
944 479 
945 114 
945 170 
945 414 
949 829 
955 233 
960 64 
962 452 
963 142 
964 33 
969 134 
978 1334 
979 303 
979 271 
988 191 
988 231 
989 116 
992 302 
995 35 
996 71 
998 475 
998 7 
1001 226 
1003 290 
1005 16 
1005 679 
1018 96 
1021 220 
1028 92 
1029 248 
1036 942 
1039 453 
1040 77 
1040 124 
1041 158 
1048 37 
1048 151 
1051 64 
1052 73 
1057 375 
1057 21 
1058 31 
1060 140 
1061 60 
1064 69 
1069 330 
1070 175 
1074 166 
1075 9 
1079 486 
1081 782 
1084 135 
1087 36 
1089 222 
1093 905 
1098 233 
1100 588 
1102 369 
1106 217 
1108 600 
1111 103 
1115 250 
1129 177 
1135 95 
1136 276 
1137 306 
1145 147 
1148 294 
1150 184 
1153 37 
1153 84 
1160 55 
1163 335 
1163 312 
1166 115 
1167 193 
1168 201 
1176 1690 
1177 356 
1179 531 
1179 302 
1179 27 
1181 97 
1192 120 
1194 92 
1200 100 
1201 1 
1203 189 
1209 44 
1210 81 
1211 515 
1212 566 
1212 239 
1220 60 
1221 139 
1221 208 
1221 453 
1221 91 
1228 147 
1232 78 
1239 462 
1240 268 
1240 18 
1244 45 
1249 609 
1252 190 
1254 82 
1265 107 
1265 20 
1267 15 
1268 359 
1268 279 
1268 417 
1271 205 
1275 47 
1277 31 
1279 402 
1279 171 
1280 96 
1283 345 
1283 37 
1284 76 
1285 169 
1285 257 
1290 66 
1293 65 
1294 56 
1298 72 
1300 82 
1316 25 
1322 69 
1325 24 
1326 346 
1330 1054 
1330 190 
1332 628 
1333 64 
1335 58 
1337 111 
1348 18 
1353 14 
1356 18 
1358 130 
1362 87 
1364 128 
1370 22 
1374 527 
1375 18 
1379 46 
1385 18 
1387 219 
1395 19 
1396 9 
1397 9 
1404 59 
1405 83 
1409 4816 
1410 151 
1419 250 
1421 196 
1424 342 
1426 175 
1427 127 
1428 98 
1428 385 
1430 54 
1432 180 
1444 37 
1444 279 
1451 166 
1455 30 
1456 33 
1461 132 
1462 391 
1473 363 
1474 216 
1478 215 
1479 69 
1484 239 
1485 63 
1486 246 
1487 18 
1494 14 
1495 207 
1498 11 
1498 63 
1510 1 
1512 1385 
1514 86 
1516 1066 
1523 6 
1523 66 
1544 128 
1545 124 
1556 43 
1561 45 
1580 28 
1582 61 
1584 161 
1584 50 
1585 201 
1588 1216 
1593 329 
1594 106 
1601 443 
1606 84 
1620 629 
1622 110 
1623 308 
1624 459 
1624 46 
1627 124 
1631 250 
1638 17 
1641 102 
1645 30 
1656 18 
1656 86 
1657 322 
1659 124 
1659 2495 
1662 8 
1663 229 
1671 254 
1677 183 
1678 303 
1683 42 
1684 146 
1693 95 
1695 147 
1698 2 
1701 182 
1701 546 
1703 171 
1704 229 
1706 34 
1708 65 
1709 35 
1712 219 
1721 374 
1723 11 
1724 20 
1724 89 
1727 10 
1732 204 
1734 155 
1735 119 
1738 107 
1740 597 
1749 107 
1752 40 
1754 61 
1754 19 
1756 65 
1756 96 
1757 103 
1760 62 
1761 646 
1763 133 
1764 764 
1770 439 
1777 19 
1778 98 
1780 215 
1784 52 
1784 456 
1787 95 
1789 62 
1802 131 
1808 173 
1811 71 
1812 160 
1813 153 
1819 367 
1823 64 
1829 49 
1829 299 
1839 348 
1839 126 
1847 147 
1847 159 
1847 200 
1860 2 
1861 990 
1863 31 
1866 178 
1866 51 
1868 314 
1876 114 
1883 480 
1883 140 
1885 137 
1886 1739 
1888 71 
1892 6 
1897 265 
1898 170 
1900 158 
1901 41 
1913 78 
1928 160 
1929 60 
1936 163 
1940 226 
1941 272 
1942 21 
1948 21 
1957 137 
1958 60 
1961 1713 
1968 125 
1969 198 
1970 169 
1971 574 
1973 1292 
1975 165 
1977 58 
1980 447 
1986 78 
1989 343 
2002 78 
2002 257 
2005 84 
2006 31 
2012 88 
2021 51 
2021 309 
2023 56 
2033 137 
2043 155 
2049 88 
2057 83 
2059 93 
2068 68 
2070 177 
2070 540 
2072 82 
2072 178 
2072 426 
2073 45 
2074 246 
2079 199 
2080 213 
2081 137 
2084 230 
2087 130 
2089 14 
2092 58 
2116 81 
2119 50 
2120 127 
2122 565 
2122 873 
2129 19 
2130 50 
2140 132 
2146 136 
2157 90 
2159 166 
2173 196 
2174 99 
2179 54 
2199 289 
2205 75 
2213 189 
2233 594 
2236 176 
2237 70 
2259 222 
2262 32 
2263 164 
2276 82 
2283 62 
2287 73 
2296 77 
2297 49 
2314 75 
2317 365 
2323 115 
2328 72 
2335 252 
2352 161 
2355 645 
2369 27 
2372 89 
2376 691 
2388 61 
2397 168 
2400 38 
2413 212 
2416 14 
2417 48 
2426 167 
2429 1 
2432 75 
2437 797 
2437 126 
2449 160 
2451 618 
2457 27 
2459 34 
2459 60 
2475 34 
2483 339 
2484 3 
2496 20 
2506 50 
2511 81 
2520 226 
2520 158 
2522 251 
2531 22 
2534 22 
2538 330 
2543 165 
2557 76 
2564 456 
2565 230 
2570 21 
2570 32 
2574 52 
2574 32 
2575 11 
2582 78 
2588 15 
2588 225 
2589 87 
2593 320 
2596 57 
2601 175 
2603 20 
2606 58 
2612 45 
2623 521 
2626 132 
2628 74 
2628 152 
2628 127 
2635 173 
2635 39 
2638 117 
2640 48 
2645 181 
2645 33 
2652 240 
2653 177 
2658 838 
2661 36 
2690 15 
2704 543 
2713 138 
2719 37 
2723 120 
2733 117 
2735 2041 
2738 38 
2749 516 
2754 76 
2755 67 
2756 197 
2765 83 
2767 28 
2768 199 
2769 98 
2774 22364 
2775 81 
2785 19 
2788 1 
2788 303 
2797 33 
2833 751 
2838 102 
2848 47 
2866 89 
2874 73 
2874 35 
2886 158 
2893 19 
2897 190 
2902 429 
2902 159 
2906 65 
2921 146 
2922 137 
2922 106 
2928 11 
2943 35 
2958 244 
2968 141 
2974 227 
2976 58 
2978 228 
2990 77 
3003 17 
3005 13 
3021 679 
3022 71 
3025 85 
3027 103 
3038 63 
3051 197 
3069 94 
3081 322 
3110 155 
3112 50 
3122 18 
3133 201 
3145 530 
3148 178 
3175 279 
3181 191 
3196 156 
3237 254 
3245 214 
3269 39 
3271 165 
3277 13 
3281 108 
3286 124 
3298 369 
3316 44 
3334 33 
3335 64 
3347 216 
3351 269 
3371 29 
3374 26 
3376 79 
3382 242 
3389 120 
3403 57 
3412 65 
3412 39 
3418 452 
3425 200 
3463 32 
3476 227 
3483 332 
3486 43 
3487 328 
3491 105 
3498 13 
3499 311 
3524 137 
3531 141 
3534 105 
3542 44 
3544 49 
3553 75 
3570 127 
3576 140 
3586 111 
3590 24 
3602 89 
3602 62 
3606 141 
3606 160 
3615 183 
3645 78 
3650 44 
3663 14 
3678 79 
3691 62 
3692 63 
3695 317 
3713 18 
3720 172 
3730 93 
3740 107 
3751 141 
3754 114 
3766 50 
3773 151 
3776 150 
3790 258 
3790 128 
3791 164 
3800 9 
3804 184 
3811 24 
3812 2125 
3814 80 
3821 34 
3838 72 
3856 129 
3882 126 
3900 16 
3914 66 
3916 149 
3923 71 
3942 251 
3944 87 
3964 64 
3971 1166 
3979 36 
3980 63 
4008 206 
4020 129 
4031 274 
4045 138 
4050 246 
4068 10 
4086 277 
4097 91 
4109 66 
4112 43 
4136 72 
4148 29 
4151 157 
4158 82 
4167 170 
4171 124 
4173 68 
4188 118 
4202 62 
4208 123 
4212 84 
4244 807 
4244 366 
4254 147 
4269 47 
4277 323 
4295 204 
4297 52 
4314 62 
4315 83 
4324 185 
4326 185 
4326 176 
4328 40 
4353 20 
4356 150 
4369 57 
4390 41 
4391 330 
4396 234 
4397 74 
4407 146 
4408 38 
4414 95 
4432 101 
4438 113 
4448 58 
4456 118 
4477 150 
4490 48 
4503 85 
4521 111 
4532 14 
4536 1173 
4541 70 
4552 10 
4566 55 
4571 126 
4581 95 
4585 48 
4592 386 
4596 125 
4614 33 
4615 117 
4630 324 
4633 139 
4648 129 
4651 365 
4666 19 
4678 104 
4698 218 
4700 200 
4721 166 
4732 69 
4751 69 
4762 141 
4770 504 
4791 75 
4809 38 
4829 82 
4848 17 
4868 63 
4890 104 
4891 80 
4901 107 
4907 39 
4914 69 
4921 181 
4931 4 
4937 107 
4947 221 
4966 82 
4976 147 
4977 86 
4996 153 
5004 15 
5009 9 
5029 50 
5047 152 
5058 355 
5067 24 
5137 44 
5143 125 
5143 24 
5151 8 
5156 49 
5160 13 
5179 30 
5197 62 
5204 64 
5212 50 
5232 117 
5256 81 
5295 141 
5332 10 
5334 80 
5336 401 
5360 181 
5378 92 
5399 57 
5419 60 
5421 84 
5439 109 
5444 50 
5479 233 
5488 87 
5492 228 
5537 247 
5553 48 
5554 70 
5561 288 
5577 78 
5612 65 
5612 114 
5657 87 
5662 66 
5662 126 
5666 27 
5669 149 
5674 8 
5709 120 
5722 55 
5736 89 
5753 36 
5755 56 
5765 145 
5768 86 
5768 119 
5785 51 
5789 2441 
5823 141 
5832 532 
5839 183 
5846 46 
5848 25 
5860 211 
5877 134 
5896 169 
5898 25 
5916 105 
5930 22 
5931 214 
5950 28 
5972 103 
5983 77 
5985 120 
6000 345 
6025 104 
6053 57 
6061 120 
6071 67 
6121 154 
6139 105 
6172 100 
6201 79 
6216 95 
6233 15 
6239 46 
6249 190 
6262 28 
6263 101 
6277 164 
6333 115 
6333 78 
6346 119 
6365 65 
6391 183 
6397 391 
6409 164 
6430 212 
6431 39 
6433 1007 
6467 373 
6484 34 
6494 253 
6547 164 
6549 92 
6564 142 
6585 207 
6595 1122 
6614 206 
6631 106 
6640 166 
6652 210 
6659 47 
6670 72 
6702 64 
6712 54 
6739 99 
6751 56 
6759 897 
6786 214 
6815 29 
6833 93 
6836 147 
6858 262 
6874 60 
6916 3 
6928 68 
6928 171 
6929 174 
6938 33 
6943 160 
6944 452 
6946 12 
6951 5239 
6956 53 
6962 14 
6986 43 
6986 2995 
7061 15 
7079 1189 
7114 84 
7128 209 
7148 12 
7159 238 
7167 34 
7173 26 
7182 246 
7196 110 
7203 41 
7227 112 
7232 57 
7233 21 
7238 29 
7239 14 
7252 142 
7256 126 
7268 62 
7272 62 
7276 16 
7307 9 
7313 93 
7330 126 
7357 13 
7365 27 
7374 85 
7391 259 
7396 80 
7408 52 
7413 135 
7418 19 
7420 45 
7425 85 
7492 30 
7494 34 
7499 9 
7507 45 
7509 36 
7534 14 
7548 201 
7571 27 
7582 43 
7637 297 
7645 123 
7664 254 
7672 93 
7674 16 
7697 59 
7740 66 
7765 228 
7799 34 
7805 67 
7822 27 
7855 234 
7886 45 
7893 22 
7897 9 
7906 199 
7913 884 
7915 1 
7971 17 
7972 120 
8011 4 
8032 139 
8038 41 
8042 114 
8052 38 
8077 107 
8083 106 
8099 52 
8102 46 
8120 16 
8129 293 
8132 47 
8150 338 
8152 27 
8177 4462 
8180 40 
8186 182 
8190 26 
8201 2 
8212 24 
8217 24 
8263 175 
8277 337 
8283 101 
8296 86 
8342 8 
8350 175 
8351 78 
8359 98 
8359 4 
8379 6 
8384 304 
8401 38 
8409 13 
8418 128 
8490 51 
8498 230 
8516 82 
8531 43 
8553 695 
8565 26 
8577 119 
8614 7 
8616 772 
8647 1456 
8671 41 
8671 26 
8678 744 
8707 155 
8744 14 
8764 171 
8805 91 
8818 59 
8879 145 
8882 174 
8883 86 
8885 50 
8897 258 
8900 53 
8914 25 
8935 117 
8969 7 
8973 585 
8980 873 
8985 163 
9023 93 
9045 64 
9050 37 
9151 141 
9162 15 
9174 260 
9194 124 
9194 516 
9197 41 
9202 489 
9208 338 
9216 69 
9268 55 
9292 30 
9318 3099 
9320 109 
9332 22 
9392 15 
9396 21 
9399 32 
9440 19 
9446 19 
9470 17 
9479 40 
9484 15 
9537 82 
9543 146 
9572 154 
9576 87 
9600 217 
9602 200 
9612 75 
9620 37 
9639 292 
9689 47 
9720 124 
9770 43 
9854 50 
9861 17 
9874 121 
9884 897 
9921 6 
9961 436 
9977 710 
10006 1 
10010 103 
10013 104 
10062 108 
10066 137 
10076 43 
10083 192 
10119 23 
10143 20 
10183 222 
10183 51 
10200 49 
10207 13 
10226 147 
10260 78 
10269 36 
10301 24 
10336 14 
10343 16 
10381 1 
10451 41 
10455 142 
10473 36 
10527 39 
10563 12 
10565 123 
10592 120 
10629 73 
10644 61 
10660 173 
10689 284 
10704 32 
10708 112 
10743 6 
10800 18 
10815 141 
10863 24 
10891 101 
10894 104 
10899 68 
11035 602 
11053 125 
11060 85 
11102 60 
11126 648 
11127 9 
11191 24 
11203 32 
11220 0 
11225 46 
11245 4732 
11252 152 
11266 48 
11299 123 
11317 118 
11331 14 
11332 121 
11384 64 
11403 62 
11414 694 
11435 1553 
11440 1 
11441 175 
11450 4 
11476 124 
11587 109 
11588 267 
11626 138 
11649 395 
11807 89 
11845 78 
11855 20 
11883 51 
11931 36 
11995 2 
12020 36 
12031 90 
12066 126 
12098 7 
12099 110 
12105 104 
12113 67 
12114 32 
12118 347 
12192 867 
12249 54 
12286 228 
12321 26 
12330 18 
12349 132 
12352 58 
12389 544 
12400 84 
12451 4 
12457 37 
12464 98 
12472 3234 
12487 409 
12506 518 
12559 91 
12571 358 
12602 81 
12632 206 
12644 89 
12657 112 
12720 28 
12723 77 
12770 195 
12796 6 
12807 67 
12839 43 
12841 116 
12919 64 
12952 114 
12965 101 
13044 54 
13064 53 
13080 244 
13090 59 
13091 33 
13139 173 
13159 118 
13230 86 
13237 15 
13270 44 
13303 58 
13313 28 
13335 18 
13373 75 
13457 128 
13491 100 
13495 134 
13504 97 
13539 65 
13550 98 
13615 96 
13634 46 
13639 96 
13693 237 
13721 17 
13732 1694 
13749 115 
13751 5 
13776 26 
13807 134 
13837 317 
13862 68 
13980 3 
14043 3669 
14103 409 
14133 4 
14142 28 
14143 13 
14151 7 
14155 30 
14207 11 
14287 112 
14304 28 
14414 2128 
14461 3 
14483 28 
14491 179 
14505 37 
14531 10 
14560 4908 
14573 40 
14584 29 
14609 37 
14631 219 
14744 433 
14747 14 
14787 76 
14825 73 
14848 96 
14910 305 
15008 836 
15047 108 
15064 5467 
15137 151 
15142 220 
15175 415 
15197 25 
15204 32 
15225 72 
15257 53 
15263 1190 
15297 180 
15297 758 
15376 68 
15488 44 
15489 1274 
15497 86 
15509 1 
15615 45 
15624 49 
15645 0 
15668 52 
15674 234 
15688 119 
15811 90 
15846 187 
15897 38 
15897 5 
15897 161 
15914 36 
16003 12 
16037 318 
16059 49 
16080 2 
16086 11 
16143 961 
16188 28 
16221 286 
16221 4 
16225 64 
16303 34 
16326 134 
16332 115 
16368 1020 
16385 179 
16392 39 
16472 35 
16501 108 
16551 70 
16630 805 
16642 1 
16682 14 
16718 214 
16775 91 
16784 41 
16858 12 
17001 18 
17070 18 
17093 84 
17121 47 
17124 103 
17269 443 
17368 21 
17469 6 
17583 65 
17657 62 
17712 130 
17725 104 
17769 153 
17803 117 
17833 81 
17895 11 
17908 30 
18054 4 
18075 66 
18178 39 
18185 289 
18261 48 
18273 64 
18327 350 
18369 63 
18378 107 
18432 1 
18433 53 
18438 44 
18581 14 
18609 9 
18612 68 
18764 90 
18838 1068 
18892 877 
18927 9 
18937 245 
18970 10 
19020 19 
19067 241 
19099 2034 
19131 10 
19135 882 
19264 343 
19289 79 
19327 20 
19471 35 
19477 637 
19543 206 
19596 68 
19597 106 
19676 41 
19747 1618 
19795 40 
19838 833 
19893 49 
19906 359 
19984 639 
20059 46 
20230 88 
20279 52 
20332 38 
20478 1067 
20506 175 
20601 0 
20768 24 
20785 113 
20969 6 
20973 17 
21122 606 
21134 20 
21146 47 
21170 234 
21178 179 
21217 2220 
21273 38 
21292 16 
21321 270 
21474 41 
21482 416 
21662 30 
21667 121 
21765 437 
21797 95 
21808 116 
21852 201 
21934 51 
21955 290 
21984 372 
22007 148 
22008 81 
22064 116 
22136 15 
22158 17 
22268 179 
22433 43 
22494 112 
22543 55 
22552 108 
22571 8 
22616 15 
22657 72 
22720 82 
22747 4 
22770 4 
23108 453 
23145 13 
23154 15 
23222 41 
23419 585 
23549 36 
23572 328 
23582 613 
23606 57 
23764 439 
23972 3 
24211 58 
24237 61 
24422 38 
24675 214 
24700 505 
24765 45 
24803 180 
24862 85 
24873 295 
24911 11 
24974 419 
25462 13 
25756 308 
25839 440 
25920 1166 
26028 97 
26106 436 
26353 62 
26442 37 
26470 969 
26517 69 
26540 89 
26544 289 
26613 62 
26638 277 
26681 6 
26791 370 
26801 1045 
26872 146 
27027 52 
27283 51 
27374 131 
27391 37 
27393 495 
27489 5 
27554 140 
27662 250 
27670 115 
27701 24 
27864 18 
28101 2246 
28105 29 
28115 2110 
28190 6 
28204 99 
28210 21 
28220 95 
28231 58 
28289 2684 
28295 1535 
28393 1239 
28400 27 
28430 1911 
28444 666 
28478 3697 
28482 933 
28491 6 
28494 473 
28532 184 
28549 152 
28682 128 
28685 105 
28758 468 
28847 614 
28877 34 
29027 121 
29209 32 
29476 23 
29567 134 
29581 1121 
29854 917 
29904 109 
29908 24 
29912 2533 
29984 253 
30123 3884 
30155 32 
30204 1285 
30210 19 
30230 412 
30334 1164 
30374 3068 
30718 24 
30802 2544 
30981 1815 
31052 63 
31068 1560 
31167 390 
31215 246 
31257 78 
31257 38 
31259 12 
31263 1882 
31362 400 
31372 74 
31394 1219 
31716 0 
31728 5 
31785 35 
31843 375 
31901 5 
31955 38 
31968 188 
32093 4845 
32285 78 
32327 33 
32362 71 
32391 32 
32403 1101 
32446 8 
32472 40 
32497 114 
32511 234 
32546 16 
32754 784 
33067 9 
33152 3324 
33241 665 
33344 1080 
33354 6 
33358 123 
33359 2116 
33461 899 
33504 181 
33660 2 
33966 139 
34037 73 
34073 40 
34152 105 
34241 80 
34417 121 
34672 114 
34757 1382 
34768 43 
35174 96 
35189 227 
35273 98 
35300 311 
35305 75 
35341 1854 
35433 3 
35439 966 
35493 3 
35617 139 
35712 14 
35735 44 
36070 1103 
36137 88 
36137 107 
36306 21 
36548 15 
36596 82 
36607 1046 
36710 390 
36741 1 
36814 220 
36938 45 
37321 469 
37333 22 
37438 35 
37592 977 
37627 141 
37647 641 
37658 353 
37677 1340 
37750 73 
37800 1689 
37896 808 
37961 98 
38381 1088 
38446 51 
38549 634 
38851 193 
38909 114 
39225 209 
39253 690 
39526 40 
39600 389 
39695 15 
39966 398 
40006 541 
40162 1091 
40178 88 
40182 11 
40348 178 
40374 2001 
40411 112 
40477 603 
40496 428 
40501 364 
40710 1747 
40840 262 
40895 137 
40965 300 
41100 20 
41184 594 
41299 0 
41304 14 
51828 267 
51979 1 
52188 221 
52250 1252 
52286 4463 
52302 398 
52345 344 
52485 1012 
52620 504 
52900 574 
53018 569 
53119 3326 
53126 15 
53145 565 
53879 961 
53912 129 
54440 1323 
54512 2111 
54533 89 
54639 953 
54663 11 
54677 318 
54719 393 
55136 5 
55192 47 
55260 404 
55271 446 
55422 281 
55462 440 
55756 399 
55767 1067 
55838 25 
55865 60 
55921 67 
56008 10 
56076 35 
56249 226 
56319 264 
56367 1503 
56564 149 
56697 309 
56782 133 
56800 221 
56896 262 
57000 212 
57000 212 
57028 1723 
57028 1723 
57095 336 
57112 169 
57129 381 
57134 237 
57159 58 
57166 210 
57168 137 
57185 153 
57190 648 
57209 37 
57213 206 
57252 94 
57256 66 
57281 1121 
57325 68 
57341 80 
57341 134 
57374 1539 
57441 1719 
57462 326 
57463 54 
57510 729 
57527 38 
57624 50 
57667 212 
57747 24 
57819 59 
57895 142 
58103 104 
58247 215 
58841 48 
59478 115 
59556 62 
59902 4 
59933 203 
60646 5 
61099 46 
61422 1 
61672 677 
61931 802 
62265 16 
62352 107 
62575 1645 
62819 262 
63013 147 
63654 333 
63709 385 
63914 319 
64137 170 
64211 657 
64398 1157 
65207 33 
65674 251 
66193 100 
68586 577 
69264 92 
69869 14 
70780 154 
71169 21 
71785 104 
73833 4546 
75590 65 
75635 135 
75959 1374 
76809 20 
77323 525 
78162 912 
78198 75 
78291 1512 
78410 244 
79234 1423 
79509 2222 
80442 863 
81119 91 
83045 622 
83521 1367 
83544 64 
85256 452 
86243 201 
87319 922 
88060 77 
91353 93 
92130 635 
92828 39 
93753 554 
98280 66 
98631 54 
98641 34 
100136 241 
101870 13 
102230 352 
103609 1635 
104040 28 
105560 55 
105683 49 
106963 41 
107170 276 
107203 286 
107332 119 
107826 84 
109705 52 
112379 31 
112886 276 
113772 1481 
113783 312 
113788 48 
113943 248 
113972 115 
115468 456 
115594 44 
116242 245 
116668 350 
117394 7666 
117394 7666 
118097 1970 
118336 153 
120285 566 
120303 269 
120306 112 
120368 233 
120420 131 
120577 1022 
121658 1020 
121754 1671 
122049 5 
122233 13 
122791 253 
122829 137 
124687 496 
124828 872 
125640 1798 
126569 3 
128400 64 
129582 846 
129641 488 
129694 894 
129709 324 
129879 328 
129893 289 
131173 180 
131175 383 
132018 5 
132745 1 
133574 862 
134137 262 
134402 77 
134473 113 
135608 469 
135635 304 
135647 240 
135734 107 
137158 284 
137358 702 
137365 831 
137440 1452 
137733 245 
137949 36 
138382 160 
139049 424 
140204 36 
141198 348 
141331 43 
141575 59 
142850 15 
143273 255 
143353 122 
144868 652 
145795 611 
146021 135 
146069 694 
146086 646 
146091 544 
146095 160 
146762 441 
148954 169 
149009 505 
150720 431 
151375 117 
154996 27 
156339 131 
157261 57 
157865 158 
158428 52 
160298 164 
160848 456 
161189 219 
162439 381 
170165 393 
170379 898 
172488 428 
173288 179 
180897 184 
183288 148 
185250 247 
185667 763 
186089 763 
187072 89 
187361 129 
189945 1528 
191654 32 
193041 350 
195230 113 
196077 205 
196435 979 
197852 183 
200814 27 
202296 52 
207421 618 
208054 101 
208786 113 
208837 630 
208840 172 
208846 487 
208856 233 
208878 752 
208916 487 
208967 252 
208973 388 
208984 352 
209044 171 
209115 552 
209256 270 
209581 192 
209656 471 
209695 175 
209834 328 
209857 173 
210364 318 
210566 353 
210903 202 
211737 40 
212056 48 
213813 94 
215549 612 
216382 570 
217070 1495 
217311 112 
217587 95 
219760 110 
221067 341 
221485 16 
221912 128 
221917 20 
222561 1258 
225362 1871 
225740 184 
225932 261 
225941 208 
226806 44 
227121 123 
227941 70 
227970 316 
230281 212 
230789 62 
230951 307 
232019 95 
239876 672 
241984 371 
246139 7 
249960 4 
252513 92 
270548 359 
270591 399 
270693 289 
272663 146 
274512 41 
274523 436 
274850 56 
274974 1272 
275028 613 
275038 391 
275545 382 
277859 13 
278459 52 
278485 539 
278613 1100 
280864 1280 
282437 209 
284884 874 
291735 341 
291873 175 
295842 350 
299376 255 
301375 303 
301512 179 
303394 28 
304396 107 
306103 503 
306955 16 
307808 3 
307894 105 
308139 61 
308307 164 
314187 906 
314977 796 
315554 164 
315602 408 
315913 89 
318095 94 
318939 4 
322483 153 
324436 76 
325184 2157 
325604 5 
326709 325 
348711 425 
352311 50 
352579 2 
362759 153 
367204 510 
368762 534 
368889 164 
368966 46 
369032 238 
373290 712 
373728 2599 
374429 415 
375275 6199 
375293 2284 
375367 274 
376006 278 
377595 459 
382060 2557 
386916 488 
387131 414 
389544 235 
389871 83 
392602 176 
395092 71 
395099 979 
398968 687 
402539 133 
403264 7432 
405362 24 
407306 44 
407979 3 
408178 260 
416223 153 
435556 233 
437445 116 
439084 8 
439184 41 
451754 28 
453715 154 
453929 59 
456646 28 
461014 10 
461389 96 
462822 52 
465798 536 
465851 404 
465867 1528 
466409 243 
472957 57 
473973 107 
476523 218 
482001 95 
484989 7 
486805 86 
488014 197 
488771 215 
488850 52 
489733 91 
497140 44 
497949 12 
498214 708 
499928 128 
523953 41 
525594 92 
526459 216 
533034 76 
540620 51 
541120 73 
548092 611 
548792 14 
550950 45 
555290 11 
562535 142 
569646 1015 
573875 447 
574781 271 
577212 92 
579703 15 
581111 1 
582974 81 
583302 13 
586828 424 
590126 153 
594228 231 
595797 536 
