4995 5.67376157407
0 14420314 
7 180 
7 1001 
7 205 
9 251 
9 285 
10 443 
10 966 
11 189 
12 415 
12 1 
16 130 
17 2138 
17 32 
18 233 
21 26062 
23 10137 
23 728 
24 180 
25 6 
28 13819 
28 163 
31 4530 
32 64 
33 29533 
33 1362 
34 2322 
35 428 
35 12 
37 175 
37 674 
38 877 
38 103 
38 108490 
40 591 
41 80 
41 80 
42 279 
43 38 
44 21 
44 34 
44 329 
44 1201 
44 837 
45 4 
45 5 
45 3490 
46 21 
46 106 
47 430 
47 377 
48 339 
48 902 
48 15 
48 23 
49 22 
50 7 
51 3358 
51 261 
51 2802 
51 837 
52 18357 
53 436 
54 1836 
54 11 
55 295 
56 192 
56 127 
57 1122 
57 425 
58 1284 
58 788 
58 58 
59 2077 
59 135 
60 294 
60 718 
60 70 
61 451 
62 98 
62 726 
63 337 
64 149 
64 1415 
65 650 
65 307 
66 1406 
66 322 
66 843 
67 122 
67 1115 
67 1903 
68 3686 
68 2156 
68 412 
69 5453 
69 2853 
69 1926 
70 74 
71 554 
72 1305 
72 323 
73 251 
73 1539 
73 19 
73 313 
74 1111 
74 71 
74 650 
74 30 
75 91 
75 289 
76 34 
76 95 
76 87 
76 170 
77 548 
77 211 
78 314 
79 154 
79 133 
79 409 
80 49 
80 1204 
80 1648 
80 274 
80 101 
81 87 
82 750 
82 364 
83 216 
83 2 
83 539 
83 313 
84 10 
84 24 
84 243 
86 161 
86 235 
86 249 
86 2310 
86 233 
86 73 
87 102 
87 89 
88 2 
89 287 
89 1643 
89 201 
89 511 
90 535 
91 107 
92 559 
92 828 
92 490 
93 153 
94 434 
94 932 
96 301 
96 123 
96 1117 
97 152 
97 212 
98 671 
98 544 
98 123 
98 0 
99 309 
99 454 
101 371 
101 359 
102 554 
102 53 
102 331 
102 1623 
103 977 
103 122 
105 36 
106 30 
106 136 
107 124 
109 17 
109 219 
109 52 
109 13045 
110 122 
110 71 
110 64 
110 89 
110 17 
110 27 
111 1651 
111 68 
111 74 
112 791 
112 11 
112 22 
114 3742 
114 58 
114 423 
114 5 
114 114 
114 338 
115 68 
115 3 
115 802 
116 78 
116 346 
116 417 
117 22 
117 63 
117 18 
117 655 
117 1633 
118 147 
119 120 
119 38 
120 1569 
120 55 
121 345 
121 1036 
121 2 
121 1424 
121 1709 
121 39 
121 2336 
122 248 
122 425 
122 1875 
123 40 
123 189 
124 753 
124 228 
125 30 
125 3320 
127 317 
127 472 
128 333 
128 490 
128 2718 
129 404 
130 10 
130 21 
130 2370 
131 138 
131 1082 
132 46 
132 466 
132 16 
132 303 
133 594 
133 943 
134 67 
134 388 
134 2141 
135 78 
136 25 
137 111 
138 4248 
139 89 
140 743 
141 232 
142 336 
142 1665 
142 293 
144 34 
145 2782 
145 206 
146 705 
146 64 
148 69 
149 789 
149 267 
149 79 
149 51 
150 9 
151 650 
151 0 
151 301 
151 63 
153 66 
154 1306 
155 241 
155 238 
157 491 
158 2469 
158 883 
158 754 
158 50 
159 83 
160 193 
161 863 
161 20 
161 235 
162 523 
162 1297 
162 754 
162 67 
162 208 
162 730 
163 13 
164 361 
164 52 
165 8 
165 190 
165 677 
166 217 
166 273 
167 29 
167 1172 
169 3472 
169 172 
169 13 
170 466 
170 3106 
171 500 
171 241 
171 469 
172 518 
173 20 
175 227 
176 36 
176 122 
177 1812 
177 60 
178 126 
179 2866 
180 236 
180 855 
180 127 
180 522 
180 370 
181 726 
181 68 
182 26058 
182 3814 
182 140 
182 42 
184 577 
185 17 
185 319 
185 1687 
185 216 
186 215 
186 326 
186 3334 
186 884 
187 1042 
188 56 
188 1769 
191 1953 
192 2851 
193 5433 
194 323 
195 233 
195 215 
195 589 
197 674 
198 144 
198 133 
199 526 
200 4145 
201 2032 
201 93 
201 377 
202 133 
202 37 
202 733 
203 403 
203 574 
204 168 
204 1678 
204 888 
205 297 
206 3505 
206 915 
207 1957 
207 448 
209 233 
209 1195 
209 652 
210 1534 
210 124 
210 4399 
210 184 
211 332 
211 1035 
212 160 
212 60 
213 380 
213 2593 
214 983 
215 114 
215 35 
216 243 
217 23 
217 1826 
218 582 
218 137 
218 589 
219 122 
220 1595 
221 1814 
221 230 
221 72 
222 3115 
222 3811 
223 234 
224 299 
225 1595 
225 237 
226 1639 
227 1105 
227 81 
228 86 
229 2017 
229 194 
229 596 
229 966 
230 141 
230 721 
230 63 
231 297 
232 1442 
233 114 
233 576 
235 613 
235 186 
236 1349 
237 66 
237 1005 
238 303 
239 129 
239 345 
239 1339 
239 28 
240 15103 
240 70 
241 131 
241 19 
241 230 
243 1019 
243 283 
244 852 
244 142 
245 2857 
246 164 
247 194 
248 21 
249 219 
250 651 
250 108 
250 72 
251 4737 
251 1435 
255 827 
256 1312 
256 1015 
256 791 
259 354 
260 684 
261 3551 
261 2652 
262 1156 
262 579 
262 70 
263 74 
264 312 
265 336 
265 249 
265 201 
266 630 
266 323 
266 124 
268 50 
269 157 
269 3419 
270 1654 
271 1643 
271 588 
271 1787 
272 144 
272 50 
272 285 
273 466 
273 55 
273 5 
273 185 
274 266 
274 162 
277 98 
279 3666 
279 393 
279 165 
279 1018 
282 59 
282 118 
285 446 
286 205 
289 1019 
290 2086 
290 214 
292 633 
292 40 
294 56 
294 169 
294 1353 
296 2160 
298 684 
298 2263 
300 170 
302 12 
304 135 
304 5818 
305 12868 
307 66 
309 222 
311 85 
311 388 
312 176 
314 352 
316 621 
316 594 
317 141 
318 109 
319 83 
321 126 
321 7150 
322 591 
322 47 
323 1047 
328 282 
329 25 
330 5896 
330 899 
331 125 
333 36 
333 315 
334 137 
335 19 
336 33 
336 181 
340 171 
343 206 
343 129 
343 77 
345 2779 
345 957 
346 452 
347 20 
349 55 
350 15 
350 1087 
351 31 
351 298 
351 27 
351 53 
353 1477 
353 753 
354 98 
354 338 
355 317 
355 154 
356 616 
357 320 
358 1314 
360 44 
360 752 
360 10955 
361 119 
363 1220 
364 3665 
365 58 
367 4481 
368 21 
370 914 
371 451 
374 1396 
375 251 
377 34 
377 50 
378 1210 
380 25 
382 541 
383 232 
383 69 
384 125 
384 5826 
384 3251 
385 1756 
387 557 
387 3997 
388 380 
390 1391 
392 231 
394 1611 
394 17 
395 61 
395 40 
399 5093 
399 1822 
400 711 
400 15 
401 24 
402 41 
404 516 
404 1126 
405 201 
405 85 
406 2722 
406 2011 
409 4791 
410 2491 
411 1035 
411 488 
412 56 
413 835 
414 90 
415 5 
476 137 
476 106 
476 132 
478 118 
479 1046 
483 224 
484 306 
486 293 
486 6417 
486 369 
488 1260 
489 302 
489 73 
490 1158 
492 509 
493 1626 
494 143 
494 1597 
496 133 
497 761 
501 142 
506 278 
507 1564 
507 37 
508 680 
509 137 
509 517 
509 180 
512 335 
513 124 
513 564 
515 84 
515 266 
515 354 
516 110 
517 466 
518 181 
518 49 
519 1732 
521 1761 
522 47 
525 819 
525 120 
525 18 
525 1858 
526 56 
526 50 
528 246 
530 3867 
530 54 
531 52 
533 1050 
534 2031 
534 1497 
538 799 
538 2510 
540 107 
540 347 
540 144 
542 1401 
542 721 
543 910 
545 116 
546 158 
547 471 
547 52 
550 159 
552 25 
552 522 
553 535 
553 940 
554 81 
554 262 
558 1784 
558 17 
559 164 
561 6 
562 668 
563 2204 
563 463 
563 2996 
565 3092 
565 699 
568 261 
568 300 
569 3442 
569 1174 
570 2973 
571 236 
573 136 
574 1935 
575 84 
577 553 
580 413 
581 3261 
583 52 
584 2993 
587 137 
591 1090 
591 2427 
591 1854 
591 112 
592 550 
596 293 
596 26 
596 194 
597 306 
597 44 
598 15 
601 208 
605 35 
605 357 
606 29 
609 328 
609 83 
610 191 
611 411 
613 559 
613 1280 
616 266 
616 1046 
617 472 
619 20 
620 2474 
621 1266 
622 805 
626 0 
629 811 
629 387 
630 261 
631 444 
632 441 
633 427 
634 1633 
635 432 
635 158 
635 672 
636 197 
644 2734 
645 169 
648 2 
650 23 
650 2900 
651 72 
653 828 
656 177 
657 2 
660 377 
662 910 
666 770 
666 87 
672 278 
676 1286 
676 28 
676 387 
676 268 
684 441 
684 203 
684 1641 
685 781 
692 165 
694 166 
695 3 
698 1659 
698 441 
706 113 
706 279 
707 211 
709 273 
709 1215 
710 88 
710 45 
711 1119 
716 59 
717 3493 
720 361 
722 498 
722 2118 
723 0 
723 55 
723 348 
724 1761 
724 45 
725 180 
725 302 
729 31 
731 18 
732 868 
732 2 
738 763 
738 108 
741 343 
742 21313 
746 14329 
747 202 
749 627 
749 808 
755 186 
756 227 
757 81 
757 216 
764 825 
766 509 
768 91 
772 106 
774 79 
775 102 
776 255 
777 96 
777 72 
778 49 
779 37 
781 907 
784 47 
786 149 
787 49 
791 2127 
792 96 
792 784 
795 102 
795 320 
799 155 
800 466 
800 35 
800 714 
803 143 
805 2255 
809 2402 
812 95 
812 136 
814 46 
817 5 
821 2005 
822 361 
822 2495 
824 341 
824 1321 
824 5450 
825 115 
829 199 
833 1808 
837 323 
842 68 
842 430 
844 1417 
845 46 
848 413 
856 4430 
858 127 
859 76 
865 1195 
867 737 
868 171 
869 1356 
869 124 
870 218 
872 12411 
873 423 
874 3741 
874 480 
875 553 
876 1980 
877 135 
881 910 
881 309 
882 129 
885 139 
891 64 
894 113 
895 634 
899 2564 
900 160 
901 1083 
902 253 
903 86 
903 160 
904 200 
905 1165 
905 286 
906 2194 
906 500 
908 603 
910 2562 
913 41 
914 87 
914 11 
915 307 
916 32 
917 272 
921 23 
923 10 
924 1355 
929 96 
930 352 
931 342 
933 867 
935 11010 
936 8 
937 739 
938 1405 
938 333 
939 3167 
942 42 
943 78 
944 186 
949 203 
953 710 
955 16 
956 78 
961 2423 
961 17 
961 1096 
962 1473 
962 1661 
964 2333 
964 0 
965 930 
966 945 
966 1298 
966 63 
967 1086 
973 9224 
974 370 
975 576 
976 157 
976 63 
978 2379 
983 1375 
983 114 
984 5 
984 80 
984 2 
984 298 
987 208 
995 89 
995 97 
997 61 
1000 174 
1004 2670 
1007 7713 
1008 860 
1009 148 
1011 528 
1013 1217 
1014 397 
1017 36 
1017 138 
1020 1155 
1021 208 
1026 1155 
1026 27 
1027 58 
1028 1062 
1028 4935 
1031 453 
1033 491 
1034 28 
1035 2049 
1036 3117 
1052 827 
1053 31 
1054 380 
1054 104 
1055 154 
1055 1913 
1056 472 
1056 24 
1056 607 
1057 229 
1057 2323 
1061 166 
1061 1237 
1063 545 
1064 1 
1067 71 
1073 32 
1078 254 
1083 27 
1084 239 
1085 1800 
1095 1315 
1096 1936 
1097 445 
1097 197 
1099 151 
1099 656 
1101 215 
1102 4270 
1103 615 
1114 749 
1115 107 
1115 207 
1116 122 
1119 1641 
1120 337 
1120 24 
1122 1095 
1123 125 
1132 313 
1133 8662 
1138 18 
1138 2681 
1141 339 
1142 723 
1143 2584 
1145 1668 
1147 3 
1150 190 
1151 992 
1152 183 
1153 838 
1155 267 
1156 383 
1157 158 
1157 89 
1163 5346 
1165 1374 
1166 3857 
1170 27 
1170 3840 
1174 2586 
1177 39 
1183 1265 
1184 247 
1184 175 
1188 267 
1189 209 
1190 1127 
1193 80 
1197 63 
1199 152 
1201 864 
1202 1935 
1204 34 
1204 4089 
1206 0 
1207 13 
1210 0 
1210 1531 
1213 2 
1221 82 
1229 398 
1231 345 
1232 228 
1236 791 
1240 157 
1243 61 
1248 86 
1255 3578 
1259 9 
1262 83 
1272 296 
1274 1049 
1278 676 
1280 205 
1283 8532 
1283 262 
1291 297 
1291 23 
1296 150 
1308 234 
1309 202 
1310 22 
1311 156 
1312 125 
1314 1325 
1316 726 
1321 31 
1321 337 
1323 325 
1325 24 
1328 11 
1334 0 
1334 1489 
1337 501 
1347 122 
1349 168 
1350 321 
1361 21 
1361 100 
1367 158 
1369 2233 
1376 679 
1380 53 
1384 91 
1386 2596 
1389 1774 
1390 33 
1401 15 
1403 787 
1417 527 
1422 1290 
1422 74 
1427 27 
1435 146 
1438 16 
1439 2040 
1441 1812 
1443 138 
1455 1063 
1462 3 
1463 196 
1467 249 
1474 1493 
1478 98 
1478 482 
1479 229 
1482 99 
1483 1691 
1483 423 
1484 133 
1500 35 
1500 1720 
1503 334 
1504 3253 
1508 154 
1509 207 
1517 1355 
1519 78 
1531 80 
1534 464 
1539 759 
1540 76 
1548 622 
1548 236 
1554 112 
1557 163 
1557 31 
1557 520 
1558 442 
1562 860 
1562 371 
1563 95 
1564 270 
1570 278 
1573 49 
1575 17 
1579 1586 
1579 60 
1579 795 
1581 492 
1584 113 
1591 76 
1592 211 
1593 38 
1597 2 
1600 209 
1602 2029 
1603 246 
1606 132 
1608 207 
1613 536 
1620 13 
1626 11 
1632 186 
1635 1144 
1638 143 
1639 116 
1641 664 
1642 65 
1652 317 
1652 201 
1653 2396 
1655 843 
1657 3879 
1659 3 
1660 1492 
1665 1017 
1666 351 
1669 373 
1669 86 
1680 5186 
1682 226 
1682 18 
1684 75 
1684 9283 
1684 255 
1695 176 
1699 900 
1705 128 
1708 23 
1719 58 
1720 1073 
1720 3789 
1721 985 
1736 133 
1736 23 
1740 2491 
1740 22 
1746 832 
1746 810 
1752 297 
1758 967 
1759 1435 
1768 128 
1768 42 
1769 647 
1770 63 
1771 137 
1776 1809 
1778 150 
1794 774 
1795 768 
1796 27 
1800 451 
1801 441 
1802 9039 
1808 4982 
1815 98 
1815 258 
1816 229 
1817 322 
1821 322 
1826 90 
1826 495 
1826 677 
1828 25 
1832 721 
1834 77 
1838 36 
1841 1060 
1860 295 
1870 209 
1872 74 
1875 25 
1877 793 
1886 1340 
1892 138 
1892 1429 
1893 295 
1898 1983 
1898 74 
1901 1610 
1913 27 
1918 329 
1920 53 
1922 1236 
1926 115 
1935 310 
1938 699 
1943 71 
1943 1648 
1945 57811 
1946 208 
1952 4 
1961 9 
1970 1071 
1978 3260 
1981 62 
1984 519 
1990 293 
2001 1929 
2002 1027 
2009 3456 
2013 619 
2013 2490 
2021 442 
2024 20 
2027 1622 
2029 2357 
2035 10 
2038 1090 
2040 304 
2040 1801 
2058 30 
2064 1016 
2076 2477 
2078 327 
2083 98 
2085 551 
2099 37 
2099 33 
2105 391 
2110 1123 
2133 1952 
2143 183 
2145 445 
2149 491 
2167 1452 
2168 21 
2169 1 
2170 93 
2185 159 
2209 7 
2218 1643 
2223 185 
2225 806 
2249 557 
2252 15 
2258 642 
2262 949 
2267 210 
2270 76 
2272 916 
2277 28 
2279 3851 
2279 127 
2285 249 
2291 13 
2296 66 
2300 253 
2307 25286 
2307 1477 
2310 242 
2316 199 
2325 166 
2326 91145 
2330 67 
2331 15451 
2337 161 
2338 100 
2350 1689 
2350 9 
2357 1804 
2358 99 
2358 1848 
2360 167 
2366 288 
2376 427 
2384 2716 
2385 82 
2395 87 
2396 191 
2397 20 
2397 735 
2401 669 
2406 231 
2413 1775 
2418 535 
2423 69 
2440 112 
2441 147 
2450 267 
2455 44 
2458 36 
2475 441 
2494 761 
2495 11 
2526 272 
2552 70 
2558 27 
2566 208 
2572 64 
2581 62 
2587 1206 
2594 193 
2595 1074 
2596 651 
2596 1062 
2604 151 
2606 6 
2609 440 
2612 751 
2615 21 
2616 158 
2621 495 
2635 50 
2648 377 
2655 888 
2657 139 
2659 828 
2668 134 
2670 2431 
2679 683 
2685 250 
2699 1030 
2702 360 
2704 414 
2704 6 
2708 632 
2709 141 
2710 485 
2712 220 
2712 90 
2713 9410 
2717 249 
2719 8 
2732 4 
2734 76 
2735 129 
2738 92 
2739 9103 
2747 103 
2750 495 
2756 51 
2757 30 
2758 3200 
2758 284 
2768 287 
2772 525 
2773 214 
2783 69 
2792 4171 
2798 108 
2808 1539 
2808 201 
2813 18 
2817 28 
2820 136 
2832 587 
2833 240 
2835 166 
2836 154 
2843 85 
2850 35 
2854 72 
2858 867 
2859 303 
2861 120 
2863 126 
2885 1778 
2889 52 
2891 2482 
2892 48170 
2896 17564 
2904 20 
2905 256 
2912 515 
2918 20741 
2940 58 
2945 105 
2959 11 
2982 4718 
2992 9 
2997 140 
3001 147 
3007 1222 
3008 80 
3011 531 
3016 2319 
3017 354 
3020 1348 
3030 49 
3032 2950 
3033 53 
3034 24 
3034 132 
3038 378 
3039 947 
3044 1433 
3050 327 
3060 2534 
3062 447 
3063 163 
3075 4 
3082 108 
3096 1324 
3103 2821 
3117 49 
3119 540 
3126 359 
3130 307 
3142 34 
3147 528 
3149 377 
3150 22 
3155 1395 
3170 98 
3172 101 
3174 1768 
3183 285 
3187 1750 
3192 3052 
3196 214 
3199 1958 
3201 627 
3205 2 
3205 3127 
3215 185 
3238 43 
3239 898 
3249 839 
3268 39 
3271 1411 
3274 17 
3283 794 
3307 926 
3308 0 
3334 303 
3340 3450 
3344 1256 
3345 119 
3349 292 
3356 160 
3365 36 
3376 117 
3384 2160 
3386 535 
3389 1154 
3393 703 
3415 2879 
3423 0 
3442 0 
3443 3545 
3456 3 
3461 127 
3462 839 
3486 62 
3496 1344 
3529 2567 
3534 444 
3542 3877 
3544 26 
3550 10 
3558 277 
3570 373 
3571 96 
3578 1251 
3585 24 
3592 13 
3596 18 
3597 271 
3598 561 
3615 1641 
3617 435 
3618 195 
3633 320 
3637 1178 
3638 611 
3641 75 
3643 843 
3650 1072 
3650 1687 
3671 76 
3685 52 
3686 54 
3696 556 
3720 361 
3724 142 
3726 103 
3736 61 
3753 145 
3754 9 
3760 521 
3760 50 
3785 44 
3787 455 
3789 36 
3790 23 
3807 341 
3808 13293 
3810 120 
3831 156 
3831 166 
3839 493 
3843 315 
3846 2796 
3852 782 
3863 1347 
3867 93 
3874 402 
3913 9732 
3925 37 
3955 4385 
3989 32 
3991 1488 
3994 1 
4010 1483 
4023 2993 
4025 1129 
4032 2386 
4037 34 
4039 30 
4046 1485 
4060 1533 
4091 6 
4115 114 
4120 72 
4122 222 
4129 48 
4137 750 
4161 44 
4165 75 
4167 156 
4168 1531 
4176 240 
4230 50 
4232 1365 
4239 491 
4244 1293 
4247 664 
4247 493 
4259 503 
4270 2263 
4292 92 
4292 8990 
4306 293 
4310 779 
4323 101 
4346 128 
4348 343 
4351 133 
4351 454 
4362 691 
4392 1696 
4410 1655 
4424 462 
4431 261 
4438 58 
4459 81 
4469 181 
4483 1644 
4507 2982 
4510 98 
4541 5013 
4566 55 
4583 36 
4591 495 
4593 1136 
4603 3 
4609 101 
4611 71 
4612 1867 
4626 1560 
4631 6 
4634 28 
4653 32 
4687 45 
4692 2095 
4693 4834 
4696 11 
4706 106 
4708 72 
4723 116 
4752 1136 
4756 7803 
4764 44 
4766 1 
4771 55 
4788 869 
4792 3 
4795 87 
4806 1730 
4806 620 
4807 107 
4808 69 
4811 590 
4840 534 
4847 297 
4852 49 
4866 3849 
4876 2647 
4881 715 
4884 885 
4885 3920 
4898 916 
4909 319 
4914 14 
4943 109 
4964 37 
4982 368 
4992 169 
5009 1539 
5009 162 
5014 5032 
5015 294 
5019 271 
5024 311 
5081 3309 
5085 321 
5101 34 
5106 348 
5111 213 
5132 13 
5136 2460 
5152 1944 
5157 2212 
5159 1071 
5170 1041 
5184 687 
5192 159 
5201 11648 
5216 653 
5216 653 
5219 936 
5219 936 
5245 1886 
5245 1886 
5257 2252 
5257 2252 
5259 3096 
5259 3096 
5263 45 
5263 45 
5275 29 
5290 512 
5303 368 
5332 2527 
5333 790 
5335 100 
5335 47 
5341 1162 
5342 3092 
5365 77 
5378 260 
5379 146 
5400 152 
5403 685 
5406 3318 
5412 200 
5412 64 
5432 368 
5437 29 
5443 225 
5479 578 
5498 1785 
5500 1411 
5501 1416 
5509 596 
5523 8 
5526 708 
5531 865 
5534 801 
5536 1831 
5544 32 
5552 596 
5553 2088 
5555 15 
5557 31 
5641 179 
5653 4112 
5700 11 
5714 107 
5718 1653 
5746 8 
5787 527 
5794 3259 
5809 1266 
5815 208 
5820 14 
5825 55 
5825 10 
5852 399 
5860 59 
5868 788 
5874 190 
5878 122 
5890 626 
5916 24 
5938 1649 
5946 405 
5969 894 
5985 608 
6002 4886 
6013 67 
6017 1508 
6027 534 
6063 22 
6079 228 
6080 130 
6085 185 
6112 517 
6124 411 
6130 685 
6134 1223 
6149 100 
6158 100 
6185 154 
6200 1 
6228 1293 
6233 453 
6237 536 
6303 1175 
6304 1158 
6333 3124 
6360 149 
6362 39 
6368 302 
6388 370 
6389 1711 
6391 8145 
6415 142 
6435 59 
6435 40 
6449 198 
6454 2795 
6498 3 
6527 116 
6531 36 
6532 97 
6543 346 
6545 69 
6545 85 
6565 302 
6595 348 
6621 632 
6638 1218 
6672 2578 
6708 127 
6711 231 
6713 26929 
6730 1075 
6737 2601 
6749 917 
6750 32 
6755 147 
6757 183 
6764 500 
6772 3052 
6790 296 
6795 292 
6852 480 
6880 108 
6883 611 
6927 53 
6936 30 
6948 1068 
6954 2951 
6957 141 
6979 807 
6987 3032 
7004 133 
7015 1152 
7017 2598 
7018 164 
7025 1068 
7032 23 
7037 109 
7064 118 
7065 132 
7066 495 
7068 649 
7068 96 
7070 619 
7117 45 
7120 1663 
7137 449 
7140 1965 
7154 731 
7158 1903 
7158 760 
7168 58 
7172 1248 
7183 477 
7213 4 
7218 344 
7219 186 
7221 2101 
7243 1322 
7250 7 
7270 100 
7294 422 
7296 626 
7307 178 
7313 876 
7316 680 
7326 80 
7342 1689 
7357 62 
7358 565 
7365 753 
7376 303 
7387 136 
7395 2896 
7458 373 
7469 17 
7469 1423 
7497 518 
7523 2006 
7533 603 
7536 2923 
7552 1430 
7557 110 
7574 2661 
7578 156 
7583 610 
7612 4 
7614 67 
7615 1531 
7621 1144 
7630 1404 
7637 1627 
7658 118 
7683 765 
7697 24 
7705 1859 
7714 18 
7728 2463 
7755 254 
7767 657 
7812 38 
7821 5 
7829 3 
7833 41 
7854 703 
7856 271 
7877 1049 
7884 0 
7893 2645 
7927 197 
7929 430 
7968 185 
8027 2285 
8027 816 
8035 12 
8053 133 
8078 321 
8090 1500 
8093 982 
8113 2401 
8123 39 
8131 12341 
8162 711 
8166 783 
8173 5452 
8192 68 
8196 1287 
8200 9 
8201 24 
8206 557 
8219 950 
8227 4766 
8239 248 
8240 617 
8260 8 
8275 4140 
8281 592 
8299 4825 
8305 522 
8317 378 
8333 592 
8342 272 
8344 2579 
8354 2846 
8362 1059 
8364 0 
8372 238 
8375 24 
8398 75 
8404 45 
8409 299 
8442 1112 
8497 1465 
8505 1766 
8546 590 
8595 338 
8599 24 
8606 5 
8672 916 
8678 69 
8701 2078 
8710 756 
8759 42 
8761 1528 
8774 4 
8780 2296 
8784 29 
8791 3685 
8822 2420 
8824 2041 
8825 38 
8836 314 
8842 1147 
8844 2898 
8845 71 
8847 1486 
8863 3 
8892 297 
8894 4000 
8980 152 
9018 2 
9023 74 
9065 521 
9065 195 
9079 261 
9117 616 
9127 59 
9144 133 
9156 88 
9172 7 
9202 2446 
9203 128 
9212 163 
9217 666 
9229 289 
9255 859 
9256 583 
9274 1934 
9289 1187 
9292 1257 
9324 712 
9337 22 
9341 4559 
9347 3109 
9365 110 
9366 1619 
9367 1739 
9367 286 
9398 1 
9400 712 
9415 196 
9416 449 
9438 1073 
9453 371 
9460 280 
9463 768 
9471 514 
9498 1111 
9511 2580 
9516 11 
9529 544 
9545 14 
9546 77 
9549 293 
9595 1387 
9606 54 
9618 527 
9636 225 
9642 1592 
9653 4274 
9657 609 
9666 1520 
9670 160 
9691 647 
9695 193 
9725 466 
9740 1243 
9745 5817 
9745 3431 
9759 160 
9769 3176 
9770 35 
9772 299 
9774 413 
9808 58 
9835 94 
9865 2788 
9902 58 
9941 10 
9945 364 
9960 192 
10001 1361 
10016 280 
10020 222 
10068 78 
10071 75 
10113 195 
10127 513 
10132 1282 
10133 974 
10138 7 
10140 87 
10142 2652 
10159 295 
10188 1234 
10196 542 
10202 7 
10272 1368 
10279 5399 
10291 2651 
10330 49 
10335 541 
10340 373 
10342 2008 
10376 255 
10414 940 
10432 358 
10434 138 
10443 295 
10447 3871 
10451 2 
10463 849 
10480 654 
10484 48 
10486 1047 
10487 657 
10497 2 
10509 1359 
10515 881 
10559 26 
10587 325 
10604 638 
10625 2068 
10641 163 
10653 5169 
10681 395 
10704 2147 
10707 237 
10711 1075 
10723 333 
10743 55 
10745 1331 
10750 72 
10808 3381 
10808 202 
10810 9758 
10859 888 
10860 480 
10935 413 
10948 35 
10949 948 
11077 1198 
11126 218 
11128 104 
11166 0 
11172 381 
11191 6 
11217 1764 
11228 12 
11230 553 
11251 597 
11252 1020 
11269 2039 
11274 94 
11297 2236 
11298 413 
11310 647 
11313 267 
11333 801 
11340 950 
11351 368 
11358 311 
11369 150 
11372 8 
11378 1502 
11399 902 
11402 14 
11435 1139 
11436 771 
11476 158 
11478 15 
11503 44 
11511 253 
11538 10 
11543 379 
11568 2318 
11580 677 
11617 150 
11652 203 
11654 737 
11683 507 
11691 675 
11691 578 
11702 5 
11711 822 
11750 266 
11766 676 
11791 2019 
11819 165 
11846 1662 
11871 6434 
11877 5568 
11885 493 
11886 45 
11897 841 
11914 591 
11917 100 
11918 4773 
11924 465 
11941 891 
11945 92 
11945 0 
11950 484 
11965 1228 
12010 1657 
12011 455 
12011 633 
12026 517 
12028 1300 
12031 0 
12036 7023 
12040 1499 
12051 452 
12063 827 
12093 2 
12100 1112 
12116 784 
12125 336 
12165 1370 
12172 146 
12205 242 
12218 1448 
12219 564 
12259 1420 
12280 732 
12310 18 
12312 137 
12324 130 
12340 820 
12350 1632 
12354 516 
12369 7 
12372 516 
12418 244 
12427 360 
12451 266 
12472 596 
12518 372 
12545 1616 
12563 1886 
12571 84 
12593 131 
12623 140 
12645 886 
12665 918 
12667 845 
12682 271 
12699 12 
12699 9 
12712 120 
12720 333 
12736 1163 
12771 153 
12776 1466 
12797 376 
12882 5532 
12897 2939 
12922 511 
12965 1952 
12985 365 
12990 58 
12997 111 
13001 687 
13003 1153 
13058 70 
13061 4171 
13069 127 
13102 114 
13113 6518 
13128 425 
13150 61 
13194 667 
13236 64 
13271 104 
13278 12 
13286 3 
13318 1 
13320 45 
13333 103 
13346 323 
13358 5 
13373 440 
13374 3953 
13392 1665 
13407 231 
13438 1225 
13493 1561 
13494 4213 
13509 859 
13524 74 
13525 102 
13543 457 
13549 3 
13555 48 
13594 1178 
13605 536 
13625 530 
13636 1735 
13648 2613 
13649 2096 
13658 6113 
13669 1145 
13673 786 
13676 475 
13682 257 
13697 838 
13716 761 
13717 486 
13721 5717 
13722 647 
13735 3693 
13739 349 
13743 69 
13783 1233 
13789 2750 
13793 2202 
13793 30 
13809 9207 
13848 2283 
13854 2123 
13856 138 
13856 1856 
13864 14 
13877 226 
13892 319 
13905 2030 
13951 1584 
13982 585 
13984 494 
14051 67 
14052 22 
14149 2475 
14149 151 
14166 326 
14202 4153 
14230 1093 
14234 3656 
14251 18 
14303 1993 
14316 1006 
14384 382 
14419 1896 
14420 12795 
14467 111 
14498 179 
14513 1799 
14515 852 
14519 53 
14524 146 
14554 329 
14592 594 
14612 783 
14649 321 
14656 554 
14676 1631 
14719 859 
14734 112 
14742 300 
14745 256 
14754 284 
14756 231 
14770 490 
14798 41 
14809 89 
14842 25 
14846 265 
14919 120 
14925 323 
14942 1668 
14962 443 
14966 27 
15019 562 
15024 38 
15027 123 
15050 321 
15062 701 
15089 3514 
15097 96 
15108 252 
15113 1821 
15136 757 
15140 659 
15143 102 
15151 3481 
15160 538 
15169 249 
15197 272 
15203 253 
15229 44 
15237 180 
15328 15 
15409 1621 
15451 984 
15471 24 
15506 425 
15511 1558 
15519 991 
15533 183 
15535 50 
15573 848 
15574 910 
15584 52 
15586 59 
15588 63 
15609 490 
15622 730 
15639 268 
15646 151 
15659 105 
15665 77 
15681 346 
15685 308 
15691 243 
15694 2706 
15719 703 
15722 1298 
15742 103 
15744 10 
15747 1567 
15810 200 
15843 60 
15843 1818 
15847 371 
15875 1080 
15876 13 
15911 1200 
15937 1689 
15939 1417 
15959 28 
16012 4195 
16056 86 
16070 1504 
16081 11 
16091 91 
16136 347 
16141 1891 
16143 3109 
16160 128 
16163 986 
16171 488 
16190 3766 
16206 0 
16215 1546 
16291 2474 
16300 75 
16305 64 
16324 818 
16326 1913 
16330 564 
16332 1782 
16361 270 
16368 39 
16383 70 
16402 91 
16410 28 
16418 9020 
16443 246 
16484 12 
16487 1544 
16523 28 
16555 382 
16561 1403 
16616 2675 
16624 14 
16663 2594 
16689 20 
16702 159 
16763 33 
16797 2553 
16800 100 
16812 100 
16836 54 
16883 209 
16895 1354 
16906 3035 
16923 117 
16926 2443 
16927 152 
16998 404 
17016 1025 
17069 327 
17123 899 
17143 274 
17165 45 
17170 19 
17177 2075 
17178 410 
17184 109 
17185 118 
17215 232 
17228 67 
17320 1367 
17346 1397 
17363 1058 
17385 421 
17400 305 
17426 3532 
17432 5529 
17442 782 
17448 1187 
17480 141 
17529 70 
17537 122 
17538 3546 
17621 325 
17677 294 
17747 73 
17820 155 
17839 242 
17875 480 
17898 859 
17900 515 
17911 1972 
17926 14 
17948 20 
17950 148 
17951 988 
17979 779 
17984 756 
17986 1313 
18009 775 
18021 956 
18056 102 
18065 1567 
18097 358 
18100 1083 
18108 47 
18116 516 
18128 50 
18139 908 
18172 1613 
18178 613 
18180 1788 
18194 2288 
18204 457 
18224 549 
18225 829 
18257 547 
18286 321 
18297 1856 
18302 309 
18305 1356 
18323 576 
18328 1196 
18342 29 
18415 1161 
18434 241 
18463 1009 
18467 183 
18477 597 
18483 408 
18520 10 
18534 274 
18550 243 
18558 481 
18601 57 
18603 483 
18607 335 
18669 207 
18681 387 
18682 33 
18711 21 
18724 14 
18765 152 
18768 114 
18772 1753 
18797 165 
18810 885 
18814 2949 
18832 79 
18835 351 
18842 979 
18872 1546 
18909 0 
18922 5 
18926 475 
18938 306 
18969 1770 
18987 209 
18990 2820 
18994 78 
19024 1221 
19028 142 
19046 81 
19112 89 
19120 446 
19125 556 
19135 1901 
19176 7 
19285 2073 
19288 345 
19293 1905 
19297 491 
19301 509 
19303 15 
19314 476 
19321 34 
19337 589 
19338 1697 
19359 363 
19401 735 
19404 297 
19442 9789 
19471 124 
19482 23 
19497 49 
19515 72 
19519 2994 
19548 85 
19558 39 
19629 233 
19647 4348 
19666 69 
19669 1872 
19674 3085 
19695 120 
19713 143 
19716 177 
19722 1799 
19749 196 
19765 728 
19771 1829 
19815 2595 
19905 909 
19915 461 
19919 1307 
19938 1323 
19941 16825 
19949 387 
19957 1144 
20039 1464 
20055 218 
20055 218 
20062 38 
20072 1127 
20082 4492 
20174 1866 
20200 2723 
20227 8979 
20230 564 
20263 4362 
20274 1407 
20290 12 
20315 710 
20317 19 
20340 13 
20380 1924 
20405 235 
20462 832 
20479 980 
20489 219 
20513 233 
20568 3375 
20572 334 
20596 431 
20606 380 
20619 358 
20622 319 
20651 509 
20651 509 
20680 236 
20680 236 
20716 819 
20716 2835 
20759 1960 
20764 11 
20799 265 
20799 30 
20804 154 
20829 2 
20888 368 
21005 12267 
21013 312 
21080 1173 
21100 727 
21100 0 
21189 6367 
21229 174 
21232 435 
21243 1539 
21249 16 
21255 53 
21262 10 
21269 79 
21321 253 
21357 459 
21407 7437 
21435 669 
21460 640 
21464 1331 
21480 2492 
21515 682 
21524 71 
21542 1204 
21586 1157 
21628 320 
21650 2071 
21720 163 
21721 126 
21732 222 
21743 1509 
21745 6363 
21762 170 
21800 2 
21860 1270 
21868 1338 
21869 73 
21920 867 
21980 1731 
21988 470 
21991 610 
22000 122 
22018 271 
22049 226 
22056 1766 
22057 28 
22060 7 
22097 312 
22180 476 
22189 189 
22207 16 
22212 335 
22233 225 
22321 64 
22375 17 
22389 0 
22485 243 
22502 445 
22506 1668 
22520 2269 
22547 346 
22549 4409 
22594 95 
22603 1960 
22630 104 
22636 2818 
22671 298 
22675 436 
22819 4031 
22832 985 
22841 68 
22852 197 
22893 470 
22908 12 
22939 473 
22991 1232 
23020 413 
23059 252 
23076 357 
23107 290 
23122 104 
23137 166 
23153 419 
23188 1786 
23191 559 
23290 184 
23378 8 
23390 676 
23402 188 
23414 1536 
23473 1184 
23510 319 
23554 10400 
23579 1885 
23626 355 
23645 311 
23649 313 
23671 135 
23679 229 
23730 226 
23735 471 
23740 619 
23830 1309 
23838 3407 
23891 198 
23902 488 
23908 1357 
23916 2097 
23933 732 
23939 724 
23974 316 
24002 148 
24010 5064 
24097 16 
24151 515 
24263 993 
24362 13320 
24379 4 
24417 124 
24425 3676 
24445 2 
24460 251 
24478 2117 
24480 39 
24483 17 
24537 444 
24539 320 
24541 992 
24541 2297 
24563 78 
24574 454 
24581 5 
24609 1307 
24627 214 
24644 440 
24645 232 
24670 143 
24712 685 
24720 448 
24763 1779 
24783 39 
24805 929 
24816 102 
24952 74 
24969 376 
24973 305 
25105 1285 
25105 1091 
25137 7092 
25140 1206 
25169 331 
25200 171 
25211 18 
25243 724 
25306 955 
25367 1108 
25433 346 
25457 222 
25464 2984 
25492 714 
25499 223 
25516 1135 
25535 2493 
25577 723 
25634 462 
25636 113 
25743 7 
25846 938 
25848 639 
25851 237 
25868 52 
25877 467 
25905 120 
25921 665 
25929 101 
25949 1624 
25951 67 
26002 1248 
26009 1089 
26079 360 
26088 424 
26135 199 
26143 186 
26163 3 
26176 1178 
26179 167 
26208 8 
26249 229 
26276 97 
26298 189 
26300 150 
26302 1742 
26375 118 
26408 250 
26423 672 
26444 4427 
26450 632 
26465 1543 
26558 2500 
26592 147 
26671 1081 
26682 33 
26691 1385 
26703 1902 
26733 308 
26748 1849 
26749 307 
26784 140 
26846 364 
26864 70 
26874 112 
26877 718 
26916 781 
26918 77 
26940 626 
26943 727 
26954 68 
26965 133 
26990 981 
27008 243 
27020 209 
27082 1321 
27086 142 
27200 4148 
27223 989 
27240 45 
27264 10 
27270 120 
27287 573 
27292 32 
27417 1045 
27441 93 
27442 734 
27455 186 
27459 1048 
27462 679 
27482 3 
27493 301 
27501 69 
27502 15 
27505 1624 
27519 2241 
27565 163 
27579 361 
27585 326 
27595 285 
27629 668 
27754 14 
27951 157 
27960 267 
28005 512 
28012 1213 
28059 37 
28083 410 
28193 598 
28195 35 
28261 478 
28290 456 
28332 59 
28403 10761 
28426 1247 
28451 130 
28463 1354 
28573 149 
28615 5 
28628 1471 
28654 746 
28658 79 
28659 4 
28759 100 
28811 834 
28818 8 
28820 3105 
28887 1656 
28893 208 
28909 982 
28942 547 
28972 1291 
28986 293 
29054 247 
29066 3199 
29089 1458 
29091 60 
29148 1084 
29224 287 
29261 947 
29317 1201 
29317 122 
29318 3424 
29343 722 
29392 178 
29407 989 
29432 833 
29463 1645 
29477 40 
29566 2469 
29575 808 
29591 1575 
29622 190 
29659 1398 
29695 912 
29705 495 
29743 526 
29762 41 
29770 225 
29777 77 
29778 62 
29873 247 
29888 280 
29922 2818 
29932 1261 
29975 129 
29992 5 
30037 1617 
30053 211 
30065 322 
30100 3436 
30115 1842 
30116 742 
30162 275 
30227 123 
30314 385 
30333 618 
30354 17 
30459 148 
30529 352 
30544 156 
30567 1939 
30595 38 
30670 1563 
30689 213 
30706 643 
30706 556 
30730 138 
30768 17 
30812 188 
30845 379 
30865 409 
30867 109 
30892 1106 
30913 186 
30915 369 
30934 1466 
30946 172 
30955 80 
30966 1580 
30974 25 
30975 280 
31004 58 
31088 18 
31095 109 
31122 211 
31189 139 
31221 0 
31306 1694 
31307 269 
31394 35 
31419 53 
31479 218 
31492 630 
31508 733 
31533 220 
31545 2777 
31558 7502 
31568 252 
31569 216 
31570 349 
31579 413 
31599 4727 
31614 43 
31620 8279 
31621 177 
31681 66 
31682 182 
31694 1026 
31717 1026 
31760 372 
31782 895 
31790 435 
31839 7194 
31882 1059 
31889 135 
31893 2141 
31958 1793 
32043 284 
32088 6 
32150 226 
32186 195 
32193 4 
32195 43 
32220 1036 
32311 89 
32360 2968 
32451 310 
32597 142 
32607 565 
32611 360 
32639 79 
32663 260 
32674 2290 
32746 1564 
32763 8 
32768 1273 
32791 24 
32814 1636 
32860 690 
32864 735 
32870 1203 
32907 774 
32923 139 
32925 28 
33003 1375 
33023 609 
33032 4871 
33133 4532 
33140 789 
33158 1242 
33172 999 
33173 315 
33175 604 
33181 0 
33260 225 
33261 196 
33292 86 
33417 717 
33443 23 
33444 41 
33482 181 
33504 75 
33546 554 
33602 314 
33696 920 
33697 82 
33720 7 
33725 143 
33729 265 
33737 89 
33834 2547 
33848 4019 
33905 2270 
33909 716 
33944 238 
33977 61 
34084 1437 
34117 974 
34123 527 
34137 1707 
34222 412 
34257 10 
34281 3228 
34348 123 
34349 424 
34378 122 
34396 19 
34469 134 
34576 507 
34594 19 
34604 819 
34613 683 
34639 304 
34651 477 
34698 272 
34757 126 
34845 839 
34847 179 
34850 50 
34901 148 
34988 193 
34997 485 
35027 517 
35074 772 
35082 111 
35084 180 
35088 161 
35097 180 
35149 9 
35249 518 
35260 11 
35280 162 
35336 351 
35350 328 
35361 0 
35368 434 
35422 122 
35481 804 
35484 6 
35485 360 
35503 1122 
35535 201 
35576 73 
35716 6204 
35716 6204 
35742 2426 
35745 381 
35778 3506 
35782 4244 
35805 266 
35833 763 
35908 98 
35951 58 
35965 21 
36036 968 
36134 1437 
36215 807 
36263 4 
36266 373 
36369 168 
36434 80 
36596 60 
36663 560 
36675 636 
36709 284 
36746 586 
36784 1359 
36859 22 
36907 32 
36924 68 
36963 242 
37006 1939 
37173 135 
37209 1511 
37270 1081 
37447 214 
37477 3255 
37499 263 
37508 222 
37621 451 
37715 61 
37752 78 
37783 423 
37798 91 
37833 369 
37919 3068 
37947 1199 
37957 1668 
37959 1792 
37972 343 
38003 2 
38040 387 
38116 393 
38144 569 
38159 174 
38174 773 
38194 316 
38218 229 
38250 1702 
38253 1015 
38299 592 
38325 613 
38413 271 
38459 0 
38551 817 
38564 1 
38573 1060 
38653 419 
38671 160 
38697 256 
38728 171 
38976 557 
39041 516 
39140 93 
39158 1158 
39313 88 
39413 255 
39468 686 
39514 1568 
39515 2105 
39598 438 
39602 521 
39611 1736 
39642 387 
39707 7 
39707 57 
39736 1261 
39824 876 
39871 609 
39894 317 
39924 2651 
39968 341 
40089 2045 
40157 1589 
40169 105 
40253 3052 
40376 265 
40405 122 
40417 250 
40478 904 
40520 857 
40524 352 
40558 229 
40584 150 
40599 590 
40668 1692 
40687 219 
40774 209 
40819 891 
40820 4597 
40827 7 
40873 191 
41101 328 
41147 150 
41363 169 
41458 2022 
41458 1133 
41547 11 
41579 219 
41683 15 
41771 1037 
41854 1420 
41922 933 
41942 113 
41955 1030 
41971 163 
41987 475 
42101 884 
42116 327 
42238 0 
42253 525 
42254 30 
42345 488 
42356 3 
42365 188 
42422 453 
42445 105 
42579 1456 
42594 143 
42741 146 
42746 437 
42889 507 
42904 341 
43082 82 
43253 2923 
43274 478 
43283 48 
43416 212 
43492 380 
43568 750 
43613 1231 
43637 185 
43657 362 
43724 239 
43768 1257 
43771 37 
43783 151 
43854 300 
43866 468 
43898 1744 
43915 3250 
43973 1110 
44107 39 
44110 180 
44136 502 
44179 178 
44277 14 
44289 53 
44409 289 
44560 852 
44586 1301 
44641 1029 
44713 51 
44730 101 
44824 0 
44909 4 
44961 7310 
45066 1194 
45204 801 
45285 3 
45306 2211 
45361 247 
45432 2480 
45484 243 
45537 1003 
45593 935 
45602 1747 
45779 87 
45817 1952 
45879 114 
45971 1804 
45979 47 
46158 57 
46201 1181 
46350 1690 
46373 302 
46645 1255 
46762 1218 
46768 1447 
47109 884 
47363 3123 
47377 2102 
47386 2795 
47511 225 
47531 1794 
47568 255 
47634 107 
47796 97 
47826 68 
47875 298 
47913 625 
47965 8287 
48014 16 
48058 2202 
48087 441 
48103 368 
48414 1606 
48620 788 
48846 230 
48989 1005 
49186 789 
49190 384 
49250 684 
49469 162 
49470 260 
49492 1122 
49568 497 
49769 526 
49874 305 
49941 495 
50120 662 
50141 665 
50145 75 
50350 5177 
50439 260 
50465 475 
50504 775 
50743 1176 
50890 13 
50993 0 
51007 535 
51042 0 
51087 1731 
51397 189 
51422 847 
51615 1161 
51703 426 
51870 492 
52043 561 
52119 208 
52338 629 
52474 2452 
52611 6 
52655 659 
52731 1404 
53014 2 
53177 27 
53314 2331 
53652 28 
53671 38 
53844 31 
53868 1 
54064 265 
54953 2023 
55101 593 
55114 3756 
55122 93 
55215 210 
55425 2798 
55434 3294 
56054 1341 
56062 2474 
56352 92 
56721 129 
57487 88 
57498 623 
57755 302 
57869 1093 
58734 1938 
58815 2446 
58941 772 
59134 69 
59234 1982 
59245 791 
59484 914 
59619 908 
59665 390 
59680 217 
60167 157 
60270 1348 
60361 6008 
60411 459 
60655 6422 
60657 1245 
60824 172 
61086 805 
61257 807 
61566 294 
61876 3673 
61883 328 
61891 4131 
62302 34 
62503 974 
62677 5825 
62880 312 
63046 10 
63488 1138 
63669 1262 
63770 617 
63817 1365 
63902 0 
63905 134 
63960 258 
64275 578 
64295 1415 
64968 244 
65027 398 
65224 33 
65467 77 
65870 244 
66212 3939 
66265 844 
66265 844 
66271 442 
66271 442 
66286 203 
66286 203 
66335 92 
66354 281 
66431 4 
66434 41 
66542 2278 
66887 1052 
66887 216 
66894 35 
67097 148 
67159 372 
67227 642 
67279 1412 
67557 810 
67642 309 
67714 3254 
68031 151 
68425 121 
68465 182 
68783 97 
68795 395 
68985 1507 
68986 220 
69010 226 
69083 126 
69096 624 
69136 42 
69265 1221 
69422 746 
69481 353 
69500 2383 
70100 550 
70241 16 
70403 76 
70514 9 
70537 778 
70764 21 
70774 353 
70778 655 
70889 1261 
71149 124 
71200 583 
71271 1 
71294 2 
71351 2497 
71359 113 
71422 1560 
71496 417 
71678 2717 
71769 123 
71795 10471 
71823 914 
71826 525 
71870 140 
71896 68 
71966 491 
72024 7 
72158 1906 
72244 291 
72282 472 
72329 2111 
72378 168 
72416 473 
72514 955 
72528 152 
72663 496 
72978 74 
72992 2102 
73021 492 
73027 1000 
73073 28 
73099 667 
73169 77 
73236 1699 
73241 232 
73272 97 
73330 312 
73440 1358 
73492 779 
73503 145 
73661 1710 
73669 20 
73930 58 
74000 701 
74205 478 
74229 49 
74264 1827 
74276 600 
74276 2027 
74333 1446 
74337 644 
74384 34 
74770 1381 
74856 1041 
74951 272 
75056 61 
75286 23 
75339 402 
75339 402 
75496 136 
75533 208 
75854 201 
75900 22 
76266 493 
76364 24 
76422 29058 
76446 63 
76507 345 
76591 1626 
76613 10416 
76629 363 
76653 1668 
76713 1980 
76745 677 
76778 63 
76782 893 
76789 170 
77197 1813 
77217 162 
77290 81 
77345 2302 
77498 663 
77535 10 
77621 251 
77626 324 
77711 1325 
77847 1381 
77865 83 
78016 907 
78131 115 
78149 3168 
78173 214 
78184 330 
78275 269 
78352 1362 
78773 531 
78784 383 
78866 100 
78895 10625 
78903 319 
79114 4273 
79167 1190 
79172 684 
79188 219 
79219 406 
79222 551 
79232 1316 
79263 1381 
79280 341 
79286 1402 
79327 642 
79327 865 
79335 342 
79409 78 
79525 238 
79548 1575 
79576 56 
79791 465 
79943 1164 
79954 759 
79973 1 
80168 10224 
80298 84 
80325 207 
80643 1681 
80946 0 
81045 0 
81305 3 
81360 530 
81365 2 
81368 355 
81522 271 
81558 396 
81691 378 
81743 20 
81933 282 
81998 55 
82226 114 
82365 751 
82657 1489 
82953 615 
83020 14 
83163 15 
83472 1208 
83489 428 
83525 344 
83529 261 
83560 519 
83603 189 
83636 2829 
83648 257 
83671 161 
83762 45 
83946 209 
84051 166 
84131 2694 
84153 343 
84177 226 
84236 2043 
84315 983 
84480 2216 
84629 3364 
84633 281 
84747 143 
84765 491 
85123 450 
85165 44 
85348 350 
85356 21 
85471 1273 
85479 70 
85552 661 
85773 125 
85801 523 
86056 1731 
86213 564 
86263 1547 
86301 4233 
86316 1228 
86346 234 
86358 2627 
86432 3088 
86471 285 
86497 1205 
86539 485 
86577 791 
86697 12 
86817 782 
86836 1203 
86849 291 
86855 531 
86862 59 
87011 235 
87088 15613 
87145 2 
87167 620 
87182 1425 
87484 2160 
87509 1053 
87624 2202 
87637 717 
87823 1 
87839 141 
87979 1 
88099 659 
88254 1573 
88358 1611 
88414 197 
88714 1582 
88732 1718 
88761 1248 
88801 7 
88811 36 
88816 80 
88846 760 
88879 47 
88887 449 
88905 365 
88915 774 
88952 772 
89009 787 
89035 56 
89042 467 
89104 13661 
89109 380 
89114 10 
89277 1813 
89320 355 
89336 2 
89420 615 
89472 5229 
89535 901 
89697 782 
89899 1114 
90046 527 
90074 3534 
90334 3474 
90571 351 
90590 52 
90630 425 
90802 2595 
90852 414 
90892 1150 
91445 28 
91465 230 
91472 2448 
91523 276 
91538 403 
91546 223 
91693 352 
91711 19 
91734 335 
92131 349 
92214 1838 
92311 151 
92347 375 
92454 2393 
92611 30 
92628 253 
92703 51 
92762 0 
92793 291 
92850 1796 
92908 3 
92948 1055 
93039 476 
93313 1404 
93364 974 
93447 4 
93464 226 
93578 1364 
93593 509 
93599 1930 
93756 546 
93801 268 
93976 763 
93990 999 
94032 79 
94213 0 
94214 648 
94559 837 
94630 124 
94636 1 
94651 835 
94686 1256 
94746 1 
94844 648 
94963 429 
95015 106 
95049 169 
95092 76 
95111 11 
95260 89 
95284 53 
95451 34 
95482 1196 
95505 1745 
95509 416 
95660 123 
95807 760 
95874 1030 
95908 960 
95984 670 
96002 177 
96162 44 
96218 1302 
96246 988 
96301 561 
96395 109 
96764 226 
97065 4109 
97152 1 
97258 330 
97261 0 
97281 475 
97315 375 
97319 1005 
97326 131 
97359 1310 
97366 263 
97708 1632 
97734 402 
97753 1582 
97822 3898 
97839 3038 
97856 288 
97873 1542 
97921 8332 
98070 736 
98071 410 
98084 151 
98160 10 
98351 552 
98375 270 
98433 11 
98538 476 
98597 343 
98609 602 
98740 740 
98776 834 
98804 2583 
98939 358 
98978 447 
98982 865 
99099 787 
99133 6 
99141 20 
99151 143 
99177 956 
99317 988 
99399 826 
99415 2142 
99418 88 
99460 428 
99464 403 
99529 1556 
99535 321 
99616 1232 
99709 190 
99710 111 
99886 556 
99966 6736 
100071 2169 
100075 1256 
100215 290 
100298 424 
100321 1339 
100363 72 
100390 246 
100512 1067 
100524 165 
100545 55 
100621 2316 
100673 13 
100730 5240 
100745 671 
100769 0 
100857 15 
100985 674 
101018 888 
101031 1344 
101131 1359 
101158 310 
101164 141 
101286 325 
101335 0 
101389 28 
101614 520 
101631 334 
101659 5627 
101674 309 
101765 294 
102022 165 
102035 967 
102062 111 
102068 20 
102095 2379 
102190 227 
102213 660 
102389 1130 
102391 632 
102481 337 
102499 350 
102753 98 
102866 840 
102902 315 
102958 994 
103005 963 
103085 133 
103211 74 
103307 342 
103360 0 
103398 1325 
103519 110 
103522 273 
103535 1047 
103784 1179 
104042 493 
104079 756 
104096 1395 
104123 150 
104137 581 
104140 327 
104158 1330 
104305 1441 
104544 118 
104844 5119 
104879 136 
104974 16 
104994 9770 
105019 58 
105076 2575 
105122 202 
105312 12 
105387 394 
105477 564 
105568 947 
105630 577 
105790 363 
105872 44 
106020 800 
106063 399 
106131 23 
106141 103 
106166 1 
106240 60 
106240 0 
106365 142 
106383 44 
106613 700 
106653 733 
106671 147 
106701 31 
106848 2072 
106918 1707 
106952 1440 
106972 71 
107017 1125 
107100 383 
107133 399 
107433 136 
107436 379 
107445 558 
107469 320 
107630 4524 
107687 391 
107689 449 
107714 949 
107869 1413 
107984 707 
108360 401 
108929 479 
109048 751 
109460 26 
109626 200 
109773 1 
110239 62 
110275 1382 
120715 913 
120750 143 
120996 1486 
121050 247 
121081 734 
121194 38 
121220 72 
121412 74 
121464 141 
121588 0 
121610 133 
121914 1980 
122057 370 
122318 47 
122439 257 
122530 31 
122724 0 
122971 1299 
123010 40 
123029 62 
123095 144 
123436 107 
123445 2950 
123452 334 
123469 2321 
123555 833 
123705 5 
123916 117 
123968 370 
123973 0 
124086 134 
124166 1077 
124238 0 
124302 734 
124324 31 
124569 1143 
124629 0 
124790 88 
124809 658 
124823 0 
125033 1520 
125296 31 
125378 47 
125444 824 
125473 0 
125764 2 
125914 1523 
125914 1523 
126293 5666 
126363 425 
126432 1431 
126906 191 
126956 438 
126964 1326 
126972 2795 
127098 699 
127112 0 
127599 321 
127815 57 
127975 98 
128023 1357 
128046 1036 
128105 67 
128308 205 
128424 74 
128482 151 
128560 552 
128840 537 
128856 35 
128878 345 
128934 59 
128973 779 
130030 270 
130103 19 
130170 1813 
130243 663 
130253 2981 
130273 198 
130339 189 
130370 231 
130486 0 
130544 706 
130644 497 
130801 1198 
130959 130 
131317 136 
131925 396 
131945 362 
132127 6 
132884 158 
133186 1070 
133288 794 
133472 355 
133631 20 
133659 65 
133947 1915 
134317 1111 
134769 3415 
134879 405 
135022 251 
135464 566 
135570 6 
135579 66 
135602 987 
136140 1470 
136593 4856 
137158 445 
137764 85 
137821 1623 
137841 1102 
137867 2936 
138438 23 
139219 320 
139463 54 
139498 112 
139519 171 
139562 4483 
140379 561 
140789 229 
141068 95 
141922 4648 
141940 1562 
142517 2 
143713 435 
143814 505 
145291 1403 
145580 1128 
146398 163 
146863 176 
146913 47 
147059 331 
147134 1585 
147195 458 
147219 519 
147600 123 
148169 4 
148239 42 
150122 85 
150459 2514 
150669 159 
152405 0 
152787 2124 
153305 768 
153948 400 
154225 285 
154987 1966 
155276 49 
155722 4616 
155928 851 
157493 73 
157768 1652 
157865 154 
157923 335 
158088 554 
158498 509 
159180 1967 
159234 378 
160861 0 
162222 1574 
162652 43 
162730 2594 
163729 307 
163995 597 
164583 132 
164588 1247 
164734 21 
164888 2277 
164892 2679 
164894 1223 
164943 1263 
165308 2007 
166386 51 
166405 0 
166611 132 
167030 43 
167041 22 
167156 2584 
167864 315 
168048 561 
168165 257 
168215 819 
168393 28 
168584 1807 
168640 598 
168930 1112 
169202 182 
169371 1112 
169373 494 
169412 2743 
169768 2172 
169883 166 
170267 664 
170368 461 
170374 0 
170466 50 
170668 3271 
170717 369 
170905 434 
170991 318 
171045 551 
171236 884 
171243 1074 
171260 736 
171502 466 
171502 466 
171602 2045 
171686 51 
171932 177 
172119 3 
172228 92 
172297 2164 
172305 608 
172319 757 
172634 14 
172696 61 
172758 257 
172759 29 
172792 110 
173033 10513 
173370 781 
173645 277 
173678 1342 
173721 758 
173818 677 
173870 702 
174020 5204 
174162 573 
174546 52 
174560 2139 
174686 2315 
174832 86 
175465 1175 
175938 129 
176098 87 
176109 172 
176643 13 
176890 25 
177084 1146 
177264 89 
177274 1454 
177275 547 
177387 19 
177881 527 
178139 16 
178323 955 
178817 1051 
179212 15 
179218 271 
179302 447 
179419 1235 
179493 1043 
179814 2264 
179979 1133 
180161 65 
180609 154 
180647 231 
180777 561 
180854 110 
181220 336 
181226 10 
181327 48 
181643 105 
181684 126 
181726 122 
181834 380 
181966 269 
182000 505 
182114 570 
182430 274 
182448 72 
182794 6 
183281 56 
183729 1026 
183829 177 
184347 462 
184823 349 
185193 543 
185218 670 
185244 631 
185915 1162 
185919 1402 
185925 2649 
186105 512 
186143 301 
186640 146 
186971 22 
187054 220 
187066 47 
187218 3 
187256 325 
187312 67 
187433 468 
187573 127 
187641 167 
187730 933 
187960 8690 
188108 1812 
188121 557 
188257 618 
188632 567 
188650 82 
188681 557 
188837 21 
189093 345 
189299 0 
189330 221 
189844 2072 
189999 55 
190099 222 
190154 1 
190269 0 
190337 237 
191122 1446 
191451 2618 
191498 546 
191595 38 
191893 1109 
192322 591 
192605 726 
192782 369 
192870 719 
193340 764 
193565 438 
193676 156 
193680 75 
194004 4 
194065 0 
194205 42 
194232 671 
194404 0 
194431 3507 
194522 1721 
194563 320 
194618 175 
194668 0 
194768 18 
194862 145 
194893 33 
195351 445 
195433 2306 
195619 196 
195662 306 
195704 894 
195719 658 
196054 117 
196211 169 
196245 43 
196378 173 
196543 357 
196548 586 
196616 49 
196867 1 
197002 1160 
197037 518 
197921 115 
198031 12 
198315 379 
198412 3691 
198500 677 
198901 331 
199330 76 
200542 834 
200588 883 
200647 9 
200816 0 
201400 0 
201606 122 
201865 83 
201867 297 
201868 7 
201933 48 
201950 493 
202255 2447 
202724 4116 
202872 0 
203121 1570 
203197 71 
203279 687 
203492 232 
203497 1343 
203505 87 
203528 254 
203640 59 
203794 168 
203827 908 
203900 3092 
203993 0 
204183 139 
204530 1020 
204562 1173 
204576 732 
204704 1750 
204911 894 
204988 219 
205085 118 
205358 11 
205416 761 
205475 70 
205806 445 
206026 1520 
206226 0 
206236 1 
206341 6 
206371 0 
206389 277 
206606 129 
207041 800 
207161 499 
207194 1167 
207215 339 
207428 791 
207515 455 
207557 190 
207838 82 
208984 756 
209000 76 
209182 450 
209347 691 
209614 626 
209795 2870 
209870 0 
210082 3 
210256 115 
210391 149 
210413 1653 
210550 26 
210869 191 
210975 492 
211220 1797 
211376 10 
211578 33 
212112 1043 
212227 0 
212537 263 
212597 50 
212985 35 
213103 9136 
213207 299 
213256 294 
213784 156 
213887 932 
214387 117 
214810 1323 
214884 0 
214970 370 
215026 272 
215030 1138 
215269 110 
215564 48 
215802 0 
216040 160 
216055 1576 
216332 179 
216332 179 
216352 35 
216352 35 
216478 45 
216566 0 
216870 140 
217772 1204 
218175 4 
218527 2 
218590 627 
218747 41 
219518 26 
221026 756 
221269 64 
221883 563 
222815 1758 
223436 750 
223808 6 
224224 1220 
224284 2328 
225025 0 
226809 307 
226865 518 
226887 587 
227293 180 
227601 1070 
228246 737 
228510 0 
229736 79 
230962 92 
231103 1317 
231433 1746 
231509 879 
232334 2904 
232530 21 
232765 528 
233162 193 
233374 2251 
233917 656 
234162 1206 
234444 409 
234761 2003 
235102 1 
235120 322 
235135 1328 
235340 5442 
235432 1021 
235807 34 
235922 0 
236517 235 
237011 382 
237358 134 
237592 165 
237824 817 
238445 111 
239230 27 
240066 2 
240115 2 
240149 2549 
240689 104 
240711 1463 
241028 197 
241051 318 
241713 347 
242136 927 
242853 1737 
243002 63 
243096 224 
243098 639 
243414 592 
244132 1109 
245036 133 
245089 93 
245174 325 
245610 50 
245713 945 
246459 1506 
246608 131 
247010 679 
247162 500 
247580 698 
248003 382 
248015 842 
248146 17 
248481 113 
248804 341 
248890 3108 
248947 590 
248974 511 
249785 0 
249982 7 
250594 1422 
251005 151 
251203 314 
251368 2082 
251447 473 
251498 213 
251759 285 
252057 6954 
252144 30 
252266 25 
252585 140 
253257 453 
253286 2346 
253298 248 
253335 97 
253354 179 
253381 4 
253502 24850 
253591 148 
254007 9216 
254051 0 
254078 1168 
254105 45 
254235 69 
254717 230 
255069 3 
255377 305 
255423 163 
255812 321 
255828 109 
256959 189 
257262 604 
258221 187 
258406 123 
258636 1344 
258684 248 
258946 401 
259005 400 
259322 413 
259430 86 
259544 272 
259841 0 
259841 0 
260136 283 
260165 9 
260344 89 
260436 167 
260544 1673 
260603 935 
260833 66 
261069 1220 
261585 1410 
261632 0 
261653 440 
261656 1085 
262256 214 
262595 53 
263096 15 
263098 272 
263296 69 
263445 1 
263923 4878 
264482 93 
265211 56 
265803 940 
266388 517 
266438 12 
266639 51 
266911 30 
267044 569 
267080 0 
267273 152 
267699 24 
267754 5712 
268001 4209 
268321 1278 
268470 101 
269234 183 
269754 57 
272529 535 
272873 73 
273120 1119 
273666 2639 
273904 342 
274410 45 
275131 373 
275238 56 
275430 52 
275458 116 
275970 1333 
276992 9 
277496 71 
277530 23 
277619 527 
277969 386 
277994 45 
278330 104 
278748 1238 
279084 683 
279178 16991 
279469 1390 
279611 235 
279624 2237 
279653 518 
279748 139 
279757 4 
279959 1 
279976 140 
279977 1228 
280272 109 
280730 795 
280931 11 
281232 676 
281453 123 
282231 313 
282272 110 
282739 1488 
283123 155 
283426 91 
283982 1277 
284322 778 
284388 21 
285111 127 
285445 1442 
286242 4625 
286284 286 
286756 186 
288367 3113 
289082 151 
289298 387 
289310 101 
289519 1014 
289624 1 
289725 1873 
289938 551 
290202 2 
290206 435 
291155 11891 
291323 125 
291714 48 
291718 17 
292571 578 
293270 1072 
293944 165 
294040 4 
294221 100 
294658 425 
294913 1705 
294951 159 
295087 119 
295115 220 
295346 54 
295598 974 
295737 595 
295758 235 
296410 2895 
296443 697 
296458 1101 
297652 298 
298388 0 
298668 53 
298900 848 
298961 291 
299316 148 
299350 16558 
299495 7 
299567 1177 
299660 137 
299719 92 
300074 647 
300205 166 
300448 135 
300499 583 
300510 1502 
300536 293 
300660 100 
300688 1407 
300724 4235 
300728 134 
300786 773 
300803 62 
300935 841 
301089 1 
301244 368 
301318 147 
301446 1078 
301570 13 
301578 268 
301837 569 
302257 83 
302306 0 
302548 119 
303003 10 
303555 56 
303634 44646 
303644 1356 
303758 59 
304478 26 
304621 20115 
304674 391 
304710 965 
305396 15 
305838 2777 
305960 971 
305970 118 
307893 1171 
307935 830 
308328 209 
308360 41 
308704 6 
309109 13 
309514 297 
309954 488 
311842 654 
313851 130 
314284 620 
314829 202 
316479 1169 
316788 35 
318426 7 
318566 190 
318731 2241 
321327 50 
322287 84 
325464 276 
325903 1074 
327230 340 
328568 1152 
330985 565 
331228 1112 
331282 3053 
331631 12 
331680 235 
334387 12 
334769 724 
334842 6 
336751 482 
338290 272 
338308 45 
338807 1173 
339533 373 
339605 1153 
340307 21 
340964 3036 
342503 3539 
342665 557 
343075 47 
344438 339 
344844 139 
345180 153 
345216 27 
345955 1727 
345985 1650 
346130 195 
346260 621 
346890 31 
347691 0 
348410 867 
348996 772 
349497 33 
349723 1159 
351500 636 
352550 166 
352550 160 
353481 1115 
353616 570 
354741 1644 
355047 153 
355684 0 
356244 45 
357129 2218 
357550 840 
357674 2 
360606 13 
364410 44120 
364596 1844 
365499 1685 
365549 133 
366014 193 
367858 207 
368671 162 
369404 373 
370027 0 
370655 133 
371198 949 
372382 257 
372530 359 
372850 891 
373086 422 
373388 226 
373504 3200 
374423 286 
374865 703 
376112 1551 
376997 125 
377468 14 
378678 3122 
379145 782 
381290 1 
384152 170 
385664 424 
386260 26 
386810 804 
387200 952 
388947 148 
389649 132 
390117 404 
391558 170 
391931 223 
396325 371 
397917 777 
398178 0 
399537 200 
404141 669 
405052 0 
405090 674 
405170 827 
405406 153 
411213 568 
411635 2110 
411939 198 
412087 7758 
413689 1918 
413849 532 
413945 5066 
415479 88 
415825 816 
416112 99 
416591 0 
416697 1827 
417788 3977 
418873 286 
419782 413 
420652 270 
420804 167 
422982 354 
423417 423 
423631 96 
424057 40 
426173 572 
427810 0 
430552 0 
431241 52 
431995 738 
432052 113 
432595 1072 
432865 1878 
433387 0 
433807 950 
434437 27971 
434454 995 
434470 823 
435950 0 
436077 66 
436385 2840 
436682 162 
437008 122 
437312 150 
437455 3332 
438303 113 
438430 189 
439130 53 
440196 376 
440197 374 
441292 1896 
441314 174 
442918 167 
444068 719 
444447 1715 
444573 474 
446244 1039 
446267 356 
446336 155 
447381 217 
447747 43 
447900 1 
447931 19 
448289 0 
449846 49 
451225 152 
451618 2120 
453736 4 
456041 941 
457487 166 
458973 303 
459292 282 
460616 0 
460733 310 
461716 2637 
461732 30 
461837 653 
461923 270 
461942 427 
462414 4240 
462586 403 
462924 1944 
462937 113 
462979 37 
463266 24 
463316 89 
463412 1687 
463441 693 
463617 157 
463716 215 
463985 81 
464113 289 
465218 23 
465588 267 
465670 1199 
466221 1875 
466256 1067 
466430 825 
466635 1348 
466833 47 
466935 113 
467705 225 
467911 373 
467924 227 
467959 600 
468096 73 
468099 283 
469348 332 
472286 532 
473111 456 
473431 714 
476431 1583 
476636 9942 
477642 8335 
478494 88 
478563 740 
479299 32 
480640 28 
480903 724 
481243 283 
481765 10 
483359 6 
485904 689 
485904 689 
492044 1663 
492171 2923 
496954 699 
501012 291 
502807 164 
504424 811 
506603 291 
508071 8163 
514273 363 
514463 1447 
516017 151 
517627 65 
517964 436 
518469 35 
519347 175 
520606 552 
520651 787 
521921 229 
521937 2684 
522382 143 
523790 263 
524224 1577 
532169 162 
532806 954 
533493 20 
534066 229 
535509 627 
536758 3173 
537437 682 
537618 605 
544059 212 
545729 103 
553868 4650 
554103 288 
555239 133 
561904 2099 
572840 747 
579433 623 
586580 607 
591746 256 
594729 481 
595234 0 
603418 730 
603566 721 
