2831 5.71599537037
0 8291 
16 234 
36 82 
36 261 
41 128 
41 172 
42 265 
44 29 
54 98 
58 33 
65 321 
82 340 
97 3 
112 169 
116 40 
117 161 
118 149 
124 1337 
130 274 
136 91 
142 708 
143 77 
161 62 
165 1815 
169 689 
171 107 
171 10 
172 279 
179 236 
181 284 
182 111 
182 255 
187 1462 
189 12 
189 111 
191 32 
192 76 
195 353 
198 73 
199 71 
200 43 
200 40 
201 68 
202 53 
205 45 
206 77 
214 242 
214 224 
217 474 
220 124 
220 114 
222 111 
225 96 
233 381 
234 124 
239 189 
240 54 
240 74 
241 890 
244 40 
247 371 
248 1606 
251 255 
253 90 
255 336 
258 75 
258 52 
259 490 
267 238 
271 58 
273 29 
274 159 
276 259 
277 693 
281 746 
284 103 
286 62 
288 169 
290 1183 
291 104 
293 86 
294 182 
301 134 
304 33 
305 678 
305 211 
310 270 
318 661 
319 53 
319 185 
322 38 
326 360 
329 1232 
332 84 
339 22 
339 170 
340 20 
344 357 
347 1050 
347 540 
349 401 
351 113 
352 126 
360 1269 
361 30 
366 71 
368 118 
369 250 
372 59 
372 21 
372 79 
373 18 
376 28 
376 301 
377 102 
377 1156 
378 2665 
379 60 
380 689 
381 470 
384 143 
384 79 
388 227 
390 150 
396 45 
399 260 
404 51 
408 126 
409 738 
412 91 
412 219 
413 1186 
418 329 
419 61 
422 217 
427 44 
428 215 
429 1844 
429 170 
433 138 
433 145 
433 816 
435 31 
439 80 
443 865 
443 308 
444 448 
445 15 
448 89 
451 105 
453 266 
456 8832 
458 2 
462 1277 
463 99 
464 19 
466 255 
467 135 
474 18 
479 1722 
479 54 
480 540 
481 262 
496 302 
497 24 
500 111 
501 101 
503 38 
505 304 
509 316 
513 623 
514 134 
516 19 
518 428 
519 83 
521 120 
529 132 
529 14 
534 885 
535 71 
540 300 
540 146 
541 128 
542 208 
544 633 
545 4014 
547 137 
548 666 
550 172 
551 122 
551 79 
555 73 
557 32 
558 130 
560 326 
561 235 
573 63 
573 619 
576 57 
577 627 
578 453 
580 18 
582 186 
585 121 
587 58 
589 135 
591 273 
593 42 
600 100 
603 447 
605 9 
607 49 
614 58 
615 209 
626 269 
628 133 
631 787 
635 138 
637 10 
640 138 
641 543 
641 4288 
646 427 
649 157 
651 497 
652 40 
655 64 
658 6 
658 331 
660 127 
663 123 
663 79 
666 57 
667 65 
668 214 
682 415 
682 169 
685 15 
686 111 
686 63 
690 101 
696 398 
698 279 
699 482 
702 41 
705 12 
710 115 
716 30 
717 445 
718 590 
719 81 
724 12 
728 379 
734 893 
737 70 
737 71 
741 33 
746 101 
746 189 
755 198 
756 256 
759 645 
760 260 
760 504 
761 28 
763 135 
763 216 
767 144 
768 33 
768 117 
770 41 
771 205 
778 61 
781 86 
783 225 
784 22 
785 1641 
786 86 
795 63 
796 46 
802 25 
802 357 
803 1730 
803 800 
809 282 
812 25 
814 146 
815 68 
816 228 
822 106 
823 44 
825 131 
826 74 
831 1343 
839 526 
839 227 
841 104 
843 501 
851 1497 
852 178 
853 175 
855 1406 
858 3921 
865 457 
866 27 
868 119 
868 59 
869 54 
871 59 
872 1532 
873 165 
877 234 
878 109 
882 9057 
883 126 
884 162 
884 112 
890 160 
891 94 
893 48 
899 1489 
899 514 
902 26 
903 112 
903 627 
905 68 
906 341 
912 136 
916 100 
916 364 
918 146 
918 320 
919 99 
919 973 
923 62 
935 200 
937 159 
937 229 
938 6428 
938 71 
939 144 
940 110 
940 49 
940 448 
941 112 
943 83 
944 1823 
945 11 
948 82 
949 230 
950 41 
956 301 
960 70 
962 208 
963 98 
964 114 
964 193 
970 77 
976 209 
983 118 
986 14 
987 2741 
989 198 
992 2038 
993 4670 
994 181 
998 84 
1003 228 
1006 6 
1009 602 
1009 2 
1014 307 
1020 137 
1025 752 
1027 65 
1027 158 
1029 773 
1038 81 
1040 196 
1043 66 
1046 212 
1047 608 
1052 281 
1052 342 
1056 19 
1059 158 
1064 134 
1067 10 
1068 97 
1072 70 
1072 33 
1073 226 
1076 248 
1076 113 
1077 106 
1080 5038 
1080 176 
1080 5 
1080 31 
1085 47 
1087 78 
1089 120 
1089 35 
1089 335 
1092 1905 
1095 81 
1096 315 
1102 321 
1103 424 
1103 16 
1104 1037 
1104 1059 
1105 412 
1106 61 
1107 187 
1111 11 
1115 69 
1119 41 
1120 18 
1123 220 
1126 103 
1128 50 
1131 45 
1133 80 
1135 63 
1136 722 
1138 1125 
1140 4 
1141 144 
1142 301 
1144 91 
1145 1120 
1149 74 
1152 631 
1156 62 
1159 38 
1160 34 
1161 322 
1161 54 
1161 152 
1165 35 
1166 1820 
1171 3019 
1172 509 
1173 132 
1174 32 
1176 12 
1177 104 
1178 116 
1179 103 
1179 9 
1182 24 
1184 267 
1186 252 
1191 117 
1197 70 
1198 14 
1199 532 
1199 74 
1200 183 
1201 614 
1201 961 
1203 27 
1204 620 
1208 63 
1210 123 
1211 4964 
1212 21 
1212 838 
1212 229 
1212 89 
1216 259 
1216 221 
1219 412 
1219 58 
1223 27 
1223 16 
1223 195 
1226 34 
1227 467 
1229 46 
1233 40 
1236 435 
1238 179 
1238 68 
1238 623 
1238 300 
1238 30 
1241 639 
1244 53 
1247 88 
1247 8 
1248 51 
1251 52 
1251 411 
1251 26 
1251 74 
1253 14 
1255 89 
1259 195 
1262 90 
1268 275 
1268 245 
1270 39 
1276 2884 
1280 619 
1281 41 
1285 89 
1292 422 
1293 1235 
1295 23 
1295 405 
1299 29 
1301 118 
1301 65 
1306 12 
1310 87 
1311 713 
1313 57 
1331 409 
1334 71 
1335 9 
1336 621 
1341 67 
1344 686 
1349 89 
1350 1079 
1354 83 
1359 99 
1360 99 
1372 67 
1378 358 
1387 270 
1397 5 
1401 8 
1405 16 
1409 483 
1410 219 
1415 74 
1420 139 
1424 42 
1429 1481 
1433 594 
1437 217 
1440 537 
1443 55 
1448 166 
1451 127 
1452 492 
1454 410 
1459 1041 
1460 116 
1466 342 
1467 344 
1471 809 
1472 22 
1472 44 
1474 97 
1482 135 
1483 13 
1484 1264 
1490 61 
1491 9 
1495 9 
1497 845 
1497 97 
1498 70 
1505 25 
1506 329 
1508 528 
1510 318 
1516 87 
1519 392 
1520 49 
1521 118 
1525 66 
1531 58 
1533 151 
1535 343 
1536 43 
1537 171 
1553 217 
1557 70 
1557 70 
1558 119 
1558 119 
1562 218 
1562 218 
1563 40 
1563 40 
1565 240 
1565 240 
1566 66 
1566 66 
1567 796 
1567 796 
1568 541 
1568 180 
1568 180 
1568 541 
1569 21 
1569 21 
1572 88 
1572 88 
1573 244 
1573 244 
1575 113 
1575 113 
1576 32 
1576 502 
1576 502 
1576 32 
1578 360 
1578 360 
1581 38 
1581 38 
1582 711 
1582 711 
1590 505 
1590 505 
1590 42 
1590 42 
1593 111 
1593 111 
1595 103 
1595 103 
1598 234 
1598 234 
1599 266 
1599 266 
1600 154 
1600 154 
1603 143 
1603 847 
1603 847 
1603 143 
1608 805 
1608 805 
1609 37 
1609 37 
1612 47 
1612 47 
1613 2019 
1613 2019 
1625 116 
1634 79 
1636 264 
1636 65 
1640 42 
1640 116 
1641 272 
1643 84 
1643 164 
1649 32 
1652 20 
1652 173 
1654 16 
1656 5754 
1656 1058 
1659 190 
1661 239 
1662 413 
1664 53 
1668 143 
1670 54 
1673 18 
1677 60 
1677 172 
1680 99 
1682 14 
1684 345 
1684 9 
1687 123 
1688 70 
1691 44 
1693 243 
1693 187 
1694 48 
1700 54 
1703 662 
1706 14 
1712 42 
1715 29 
1716 13 
1718 70 
1722 394 
1725 48 
1725 46 
1729 166 
1730 72 
1736 36 
1737 52 
1739 350 
1742 268 
1747 3103 
1748 387 
1751 64 
1752 381 
1754 138 
1757 17 
1760 1504 
1760 84 
1762 92 
1763 96 
1763 188 
1763 32 
1772 287 
1773 96 
1774 51 
1775 176 
1776 404 
1776 119 
1779 73 
1783 121 
1787 2724 
1788 22 
1791 37 
1799 408 
1799 75 
1800 60 
1804 78 
1805 85 
1809 114 
1809 15 
1811 295 
1812 21 
1816 12 
1817 541 
1824 114 
1829 62 
1832 155 
1833 16 
1833 155 
1834 44 
1835 123 
1839 61 
1842 71 
1847 9 
1847 59 
1851 38 
1854 29 
1863 103 
1865 23 
1867 235 
1869 49 
1879 251 
1882 25 
1883 327 
1887 3 
1888 230 
1894 116 
1899 11 
1900 54 
1900 438 
1902 54 
1907 105 
1909 35 
1910 84 
1913 9 
1917 358 
1920 125 
1939 296 
1939 21 
1941 919 
1943 51 
1948 102 
1948 285 
1953 41 
1958 359 
1959 136 
1960 6 
1964 63 
1966 97 
1966 29 
1974 7 
1975 658 
1977 535 
1979 80 
1984 44 
1987 152 
1989 3337 
1991 37 
1994 175 
1997 1543 
1999 17 
2007 30 
2010 60 
2017 177 
2025 1087 
2029 102 
2035 8 
2036 97 
2039 5 
2043 23 
2045 1071 
2047 64 
2049 165 
2053 1903 
2053 410 
2054 139 
2055 53 
2056 751 
2057 44 
2061 1 
2066 95 
2066 64 
2068 28 
2078 204 
2082 71 
2085 14 
2098 2997 
2103 239 
2105 1181 
2106 474 
2111 323 
2113 736 
2117 95 
2120 99 
2123 25 
2126 500 
2128 1304 
2128 593 
2130 73 
2131 224 
2143 168 
2144 53 
2154 76 
2156 88 
2160 121 
2166 309 
2167 106 
2169 15 
2170 121 
2171 137 
2174 244 
2180 343 
2187 236 
2188 2246 
2195 119 
2197 1922 
2201 53 
2203 202 
2204 23 
2217 110 
2224 129 
2226 9 
2238 227 
2240 113 
2247 35 
2255 83 
2255 19 
2262 173 
2265 419 
2267 294 
2268 175 
2274 91 
2277 597 
2285 5 
2285 465 
2290 181 
2291 891 
2294 140 
2296 177 
2297 62 
2298 145 
2312 152 
2313 283 
2319 1088 
2324 199 
2324 119 
2325 187 
2333 185 
2344 43 
2347 288 
2348 847 
2348 0 
2348 173 
2362 153 
2362 21 
2362 140 
2368 110 
2382 135 
2385 119 
2389 154 
2389 640 
2397 1828 
2404 71 
2405 42 
2411 62 
2413 3 
2417 285 
2420 160 
2420 46 
2434 38 
2447 405 
2451 997 
2454 95 
2454 77 
2461 100 
2461 63 
2463 272 
2480 74 
2483 391 
2489 226 
2492 466 
2498 38 
2502 203 
2503 77 
2503 118 
2504 150 
2506 604 
2520 342 
2523 274 
2525 939 
2538 28 
2548 188 
2560 182 
2562 161 
2562 83 
2568 1521 
2568 2461 
2568 68 
2572 1801 
2572 122 
2572 159 
2575 62 
2576 1989 
2576 121 
2576 370 
2579 14 
2584 59 
2589 2 
2593 278 
2596 96 
2599 52 
2600 192 
2601 134 
2603 79 
2610 192 
2620 76 
2626 72 
2630 140 
2644 13704 
2653 152 
2654 94 
2664 40 
2664 719 
2671 1387 
2674 221 
2675 22 
2679 9 
2683 20 
2684 836 
2686 177 
2688 11866 
2700 597 
2706 176 
2713 157 
2714 479 
2714 641 
2718 53 
2729 38 
2733 13 
2735 37 
2737 23 
2739 276 
2747 62 
2752 603 
2752 64 
2756 96 
2770 1909 
2771 577 
2776 271 
2781 14 
2790 221 
2790 298 
2792 65 
2800 100 
2801 74 
2821 312 
2827 103 
2830 150 
2840 76 
2843 2 
2847 55 
2849 220 
2854 3619 
2863 154 
2866 144 
2877 439 
2878 957 
2886 692 
2888 29 
2898 58 
2899 37 
2905 7 
2932 62 
2935 33 
2938 146 
2939 215 
2940 614 
2944 329 
2952 1336 
2958 387 
2962 96 
2972 446 
2973 183 
2974 312 
2980 179 
2992 1436 
3001 26 
3018 83 
3018 114 
3023 96 
3027 1195 
3043 338 
3048 365 
3050 331 
3055 386 
3059 60 
3067 82 
3083 308 
3092 66 
3092 19 
3101 67 
3103 294 
3115 51 
3133 477 
3136 259 
3139 18 
3145 194 
3171 439 
3180 291 
3182 38 
3195 112 
3206 29 
3209 165 
3212 379 
3212 207 
3226 72 
3231 895 
3235 76 
3262 57 
3268 8 
3273 71 
3277 3 
3280 410 
3280 164 
3286 45 
3295 625 
3297 77 
3298 124 
3303 79 
3316 86 
3322 88 
3324 94 
3368 237 
3368 4 
3371 257 
3372 28 
3374 13 
3374 29 
3382 248 
3383 108 
3385 13 
3411 96 
3421 15 
3440 62 
3440 283 
3440 76 
3442 136 
3443 35 
3450 62 
3456 187 
3463 90 
3464 71 
3477 106 
3483 17 
3486 297 
3489 30 
3492 2240 
3528 144 
3536 1110 
3544 48 
3552 322 
3559 153 
3567 312 
3589 171 
3594 108 
3607 78 
3618 20 
3621 91 
3624 17 
3627 98 
3628 62 
3644 117 
3650 14 
3666 320 
3677 1306 
3677 527 
3681 372 
3689 27 
3692 89 
3694 65 
3717 288 
3726 69 
3757 21 
3769 6 
3771 132 
3772 32 
3774 170 
3789 7 
3790 91 
3795 32 
3815 88 
3816 34 
3824 6 
3829 42 
3843 185 
3862 206 
3876 166 
3886 46 
3887 44 
3901 1268 
3908 212 
3913 5 
3919 60 
3921 29 
3926 78 
3936 333 
3938 41 
3944 142 
3949 37 
3954 183 
3956 111 
3966 5 
3982 92 
4009 12 
4049 236 
4052 44 
4055 28 
4063 75 
4067 214 
4069 8 
4070 3 
4070 101 
4071 1834 
4072 265 
4073 38 
4077 19 
4077 20 
4082 175 
4088 11 
4089 59 
4096 365 
4100 100 
4109 94 
4109 270 
4133 24 
4145 86 
4149 587 
4182 13 
4194 166 
4194 129 
4200 117 
4204 102 
4209 55 
4221 226 
4225 247 
4226 79 
4229 5613 
4232 27 
4242 367 
4256 939 
4263 18 
4264 174 
4271 171 
4274 298 
4277 48 
4292 7 
4292 120 
4308 418 
4311 50 
4315 84 
4319 110 
4319 582 
4323 89 
4337 49 
4354 14 
4382 53 
4387 2504 
4423 91 
4429 178 
4432 103 
4447 372 
4454 36 
4459 159 
4461 98 
4479 21 
4480 26 
4499 39 
4501 17 
4507 3175 
4521 4 
4526 351 
4534 51 
4538 725 
4538 105 
4543 22 
4550 68 
4563 21 
4564 87 
4579 181 
4582 163 
4608 400 
4624 106 
4641 37 
4641 15 
4646 199 
4656 7 
4667 47 
4677 177 
4685 110 
4686 8 
4696 272 
4697 57 
4697 67 
4703 41 
4705 177 
4744 174 
4755 318 
4756 85 
4759 96 
4761 241 
4770 617 
4771 168 
4772 43 
4801 187 
4804 56 
4819 129 
4838 147 
4844 504 
4868 168 
4883 159 
4889 171 
4893 65 
4893 184 
4898 796 
4916 190 
4921 74 
4939 444 
4939 384 
4954 80 
4956 458 
4957 848 
4993 67 
5016 206 
5033 21 
5036 35 
5041 197 
5041 266 
5043 587 
5046 671 
5047 50 
5088 87 
5089 116 
5126 234 
5132 46 
5146 102 
5153 80 
5154 586 
5154 834 
5179 223 
5184 12 
5195 474 
5200 178 
5205 23 
5205 49 
5209 84 
5226 19 
5234 90 
5247 102 
5259 169 
5269 119 
5293 383 
5298 162 
5307 28 
5329 107 
5335 218 
5335 165 
5355 107 
5355 46 
5361 101 
5371 191 
5375 91 
5379 24 
5386 110 
5396 99 
5399 202 
5422 14 
5429 211 
5431 113 
5435 1315 
5438 246 
5439 163 
5458 219 
5467 58 
5486 876 
5489 168 
5491 205 
5499 1010 
5521 312 
5525 1095 
5528 14 
5528 112 
5529 113 
5536 85 
5536 65 
5546 424 
5546 1931 
5571 39 
5575 24 
5577 9 
5607 298 
5615 2805 
5616 4 
5623 285 
5630 8 
5708 12539 
5713 297 
5733 140 
5748 80 
5759 358 
5762 148 
5763 185 
5799 27 
5811 138 
5823 159 
5845 91 
5863 136 
5881 264 
5922 128 
5928 361 
5936 79 
5938 59 
5940 113 
5967 6 
5983 29 
5992 1377 
6001 124 
6004 166 
6034 194 
6042 567 
6043 63 
6057 33 
6085 34 
6095 143 
6100 428 
6104 14 
6113 1576 
6116 166 
6123 167 
6140 151 
6146 62 
6155 110 
6157 74 
6167 353 
6177 376 
6178 140 
6193 1344 
6204 61 
6206 317 
6211 551 
6212 594 
6220 67 
6244 1286 
6250 286 
6254 30 
6262 429 
6262 169 
6262 203 
6281 237 
6286 63 
6288 855 
6296 83 
6313 307 
6318 18 
6321 209 
6339 635 
6339 65 
6344 77 
6352 142 
6358 17 
6360 349 
6379 27 
6388 1054 
6418 15 
6421 109 
6421 1117 
6437 18 
6450 52 
6452 26550 
6454 18 
6455 72 
6456 215 
6456 230 
6463 54 
6465 119 
6469 36 
6469 689 
6480 74 
6482 13676 
6484 43 
6499 161 
6510 72 
6511 500 
6518 68 
6522 84 
6537 71 
6541 346 
6570 89 
6576 28 
6579 23 
6584 10 
6590 13 
6595 280 
6596 155 
6610 53 
6612 48 
6617 186 
6624 75 
6628 76 
6642 1094 
6644 223 
6649 3 
6660 57 
6685 6 
6707 70 
6707 388 
6723 468 
6740 104 
6747 26 
6751 72 
6781 1442 
6784 156 
6785 19 
6795 226 
6797 27 
6806 714 
6828 280 
6829 674 
6833 81 
6836 451 
6844 3737 
6846 39 
6849 19 
6852 58 
6854 70 
6857 306 
6861 233 
6862 35 
6862 121 
6874 660 
6883 399 
6889 51 
6909 44 
6915 1299 
6944 64 
6950 31 
6950 45 
6969 5 
6971 493 
6973 40 
6980 1011 
6988 249 
6996 106 
7011 90 
7021 257 
7024 202 
7030 333 
7035 58 
7045 209 
7066 171 
7067 86 
7070 740 
7074 371 
7098 2541 
7115 426 
7129 147 
7134 38 
7138 1088 
7154 214 
7161 86 
7179 116 
7182 172 
7188 73 
7199 352 
7207 26 
7208 2249 
7214 19 
7222 20 
7238 229 
7242 52 
7246 105 
7248 49 
7254 514 
7254 86 
7276 303 
7276 73 
7302 304 
7306 173 
7308 1812 
7308 941 
7309 38 
7313 5946 
7313 24 
7320 44 
7325 437 
7327 247 
7331 13 
7347 64 
7352 339 
7375 39 
7375 201 
7395 660 
7395 355 
7415 175 
7421 122 
7427 258 
7446 191 
7462 66 
7466 39 
7495 43 
7500 461 
7503 93 
7532 235 
7538 70 
7542 3 
7546 98 
7554 1067 
7558 73 
7567 678 
7570 102 
7586 88 
7591 600 
7606 989 
7617 950 
7619 183 
7641 477 
7684 45 
7697 198 
7702 335 
7704 60 
7722 185 
7724 340 
7726 1146 
7736 109 
7747 142 
7756 28 
7760 63 
7772 74 
7777 1125 
7792 480 
7793 435 
7804 410 
7806 61 
7809 57 
7810 120 
7811 103 
7816 2093 
7835 935 
7850 72 
7855 162 
7859 58 
7879 211 
7884 70 
7903 63 
7924 147 
7932 14 
7935 488 
7935 5 
7939 59 
7944 20 
7952 124 
7974 186 
7988 509 
7989 125 
7989 341 
8009 629 
8071 446 
8072 55 
8078 187 
8095 39 
8097 931 
8099 251 
8112 61 
8116 171 
8175 85 
8209 49 
8226 557 
8241 42 
8248 443 
8277 343 
8278 1012 
8286 32 
8305 64 
8312 88 
8314 189 
8318 78 
8350 54 
8364 572 
8368 260 
8371 41 
8390 8 
8417 91 
8421 1093 
8428 76 
8449 108 
8455 216 
8468 28 
8469 356 
8470 60 
8470 6 
8519 61 
8524 150 
8529 4557 
8558 266 
8580 26 
8605 22 
8615 112 
8642 4 
8642 2594 
8644 173 
8646 17 
8646 131 
8656 23 
8665 102 
8667 215 
8678 183 
8683 3010 
8685 3010 
8686 1309 
8704 29 
8710 35 
8794 66 
8801 57 
8813 9220 
8839 997 
8844 68 
8845 904 
8868 1600 
8873 4371 
8886 21 
8893 628 
8917 433 
8917 23 
8917 252 
8918 21 
8949 113 
8956 31 
8983 31 
8983 40 
8990 607 
8997 1331 
9002 47 
9011 182 
9025 1809 
9040 141 
9048 488 
9056 35 
9069 9 
9070 29 
9072 88 
9076 162 
9086 113 
9102 1354 
9104 11 
9107 371 
9116 53 
9138 85 
9171 156 
9173 72 
9173 187 
9180 278 
9180 160 
9193 11 
9203 148 
9231 298 
9235 125 
9237 239 
9241 55 
9249 67 
9285 279 
9292 184 
9292 224 
9301 199 
9308 79 
9312 47 
9326 148 
9336 53 
9347 27 
9368 78 
9381 397 
9384 217 
9387 14 
9427 307 
9451 232 
9470 526 
9486 14 
9488 741 
9489 484 
9512 141 
9513 29 
9556 942 
9556 115 
9564 12 
9579 257 
9593 115 
9617 27 
9618 26 
9629 14 
9652 111 
9670 72 
9693 335 
9696 59 
9705 380 
9709 146 
9712 8 
9722 141 
9758 312 
9765 271 
9774 88 
9798 65 
9802 78 
9805 100 
9828 84 
9869 130 
9870 26 
9878 12 
9892 119 
9917 647 
9928 17 
9929 210 
9936 90 
9940 67 
9942 546 
9944 118 
9953 228 
9967 89 
9987 30 
9989 109 
9990 30 
9999 676 
10030 60 
10036 228 
10066 48 
10070 115 
10082 53 
10084 54 
10091 103 
10102 35 
10114 162 
10119 22 
10146 23 
10167 92 
10192 221 
10206 186 
10208 214 
10224 192 
10235 307 
10240 19 
10244 42 
10245 67 
10264 4 
10267 40 
10275 5 
10275 38 
10277 127 
10333 257 
10336 123 
10360 419 
10366 12820 
10375 924 
10409 301 
10420 130 
10423 97 
10430 281 
10431 594 
10464 19 
10495 71 
10520 817 
10530 366 
10534 761 
10537 95 
10541 103 
10541 59 
10578 216 
10595 95 
10607 135 
10617 460 
10623 39 
10629 284 
10630 1885 
10637 202 
10654 32 
10664 181 
10668 82 
10670 113 
10681 48 
10694 18 
10703 18 
10705 441 
10712 1100 
10720 5 
10762 1329 
10780 140 
10780 247 
10785 20 
10945 599 
10950 350 
10957 1 
10982 138 
10990 33 
10997 597 
11005 1275 
11055 56 
11057 10 
11095 0 
11131 42 
11149 45 
11151 98 
11191 290 
11212 1158 
11213 194 
11227 125 
11233 178 
11239 88 
11259 73 
11259 905 
11270 40 
11291 8 
11315 85 
11320 130 
11353 14 
11361 168 
11401 318 
11422 159 
11426 80 
11442 3 
11442 14 
11443 33 
11444 1670 
11475 6 
11535 537 
11541 165 
11550 19 
11586 331 
11590 1152 
11595 75 
11597 119 
11602 291 
11606 22 
11623 132 
11632 315 
11633 425 
11641 159 
11648 420 
11659 169 
11669 796 
11670 743 
11680 115 
11692 64 
11701 132 
11711 49 
11720 1358 
11733 303 
11739 126 
11760 367 
11766 777 
11770 2626 
11774 108 
11776 21 
11788 52 
11797 287 
11801 6 
11807 1649 
11811 228 
11816 217 
11820 110 
11821 229 
11823 93 
11828 68 
11859 31 
11860 13 
11910 169 
11922 115 
11943 1147 
11968 216 
11974 9 
11978 53 
11978 94 
11983 123 
11983 37 
12000 10 
12011 57 
12014 293 
12020 28 
12021 14 
12046 1802 
12057 1104 
12068 94 
12087 109 
12114 0 
12156 218 
12177 75 
12179 93 
12187 87 
12191 50 
12196 339 
12217 124 
12228 447 
12232 187 
12234 2521 
12246 639 
12253 222 
12270 53 
12297 82 
12298 170 
12301 20 
12314 85 
12334 23 
12336 1034 
12347 299 
12369 30 
12377 884 
12391 110 
12392 870 
12397 169 
12400 35 
12418 366 
12418 22 
12426 160 
12427 280 
12434 66 
12441 41 
12453 83 
12482 76 
12494 79 
12519 51 
12563 12 
12581 126 
12608 50 
12623 57 
12640 95 
12672 125 
12680 20590 
12684 110 
12691 63 
12717 2158 
12721 1357 
12724 63 
12750 565 
12768 140 
12861 223 
12864 56 
12865 409 
12885 65 
12895 156 
12931 77 
12954 87 
12960 111 
12962 89 
12975 120 
12995 210 
13000 128 
13017 93 
13018 26 
13023 23 
13030 103 
13035 684 
13047 374 
13047 39 
13073 63 
13074 20 
13107 365 
13117 748 
13125 190 
13127 29 
13131 100 
13139 53 
13203 240 
13216 46 
13253 146 
13312 189 
13321 140 
13337 76 
13351 52 
13352 6 
13360 14 
13382 21 
13386 117 
13386 33 
13396 120 
13399 84 
13401 22 
13405 1999 
13409 106 
13417 15 
13468 92 
13498 108 
13503 540 
13506 251 
13517 105 
13523 162 
13531 164 
13542 31 
13569 140 
13598 191 
13639 129 
13683 11 
13697 577 
13734 496 
13743 120 
13757 349 
13810 80 
13816 38 
13833 170 
13844 134 
13863 117 
13865 13 
13871 128 
13887 90 
13891 98 
13893 43 
13902 343 
13908 62 
13921 34 
13926 345 
13956 111 
14047 39 
14059 22 
14073 106 
14149 9 
14202 24 
14216 326 
14229 85 
14279 44 
14319 316 
14327 299 
14386 380 
14452 77 
14454 85 
14541 17 
14581 186 
14596 66 
14612 232 
14694 344 
14708 92 
14715 5 
14740 105 
14754 189 
14783 3020 
14793 97 
14817 26 
14851 287 
14879 136 
14901 443 
14911 42 
14962 46 
14996 1364 
15080 12 
15092 364 
15114 5 
15115 34 
15128 164 
15153 52359 
15170 2620 
15223 37 
15236 238 
15238 192 
15238 207 
15254 126 
15262 574 
15283 5 
15314 47 
15322 393 
15331 158 
15354 25 
15370 259 
15381 98 
15444 339 
15469 10 
15470 2696 
15483 1980 
15487 532 
15505 2332 
15535 78 
15536 18 
15565 252 
15588 220 
15604 41 
15651 136 
15655 11 
15697 451 
15735 99 
15755 530 
15820 68 
15917 36 
15987 65 
16029 661 
16062 733 
16083 1 
16091 25 
16097 53 
16107 480 
16139 52 
16158 8 
16182 69 
16185 213 
16232 291 
16272 282 
16273 23 
16284 153 
16328 66 
16332 149 
16354 213 
16442 46 
16445 251 
16463 42 
16464 244 
16484 66 
16509 180 
16511 28 
16523 8 
16568 46 
16586 77 
16614 59 
16617 18099 
16633 111 
16640 4 
16650 508 
16657 427 
16784 32 
16806 264 
16818 641 
16839 115 
16870 841 
16925 46 
16939 181 
16967 57 
16975 165 
16980 1034 
16983 194 
17002 122 
17002 122 
17032 652 
17032 652 
17115 498 
17166 8 
17214 760 
17243 0 
17271 53 
17274 11 
17300 38 
17301 72 
17304 92 
17313 68 
17324 130 
17329 194 
17347 90 
17349 60 
17435 37 
17443 233 
17453 70 
17478 29 
17479 38 
17480 8 
17495 31 
17503 107 
17506 147 
17515 903 
17519 53 
17538 66 
17542 334 
17553 38 
17580 47 
17592 25 
17628 84 
17669 74 
17693 170 
17730 143 
17731 7 
17746 123 
17762 261 
17765 235 
17831 49 
17862 47 
17900 64 
17914 36 
17928 5 
17967 19 
17986 24 
18061 95 
18063 71 
18063 6 
18079 91 
18099 67 
18133 79 
18138 25 
18150 249 
18208 310 
18209 356 
18232 5047 
18269 88 
18274 103 
18279 11 
18280 29 
18401 731 
18412 9 
18431 12 
18458 136 
18462 58 
18477 119 
18479 70 
18487 56 
18520 213 
18523 656 
18533 142 
18534 94 
18539 156 
18563 31 
18575 42 
18584 802 
18632 283 
18674 98 
18695 115 
18696 1007 
18725 4496 
18732 99 
18740 131 
18754 128 
18788 1361 
18853 588 
18872 157 
18914 60 
18949 251 
18977 20 
19012 434 
19021 1264 
19045 325 
19108 12 
19135 117 
19163 37 
19229 0 
19253 319 
19270 338 
19293 52 
19327 93 
19358 95 
19498 40 
19516 154 
19521 36 
19558 81 
19649 100 
19655 5 
19709 296 
19766 159 
19811 287 
19823 95 
19836 77 
19978 298 
19985 111 
19991 29 
19999 937 
20018 70 
20033 388 
20037 16 
20078 26 
20091 170 
20113 1122 
20129 71 
20138 858 
20152 304 
20160 291 
20178 13 
20192 8 
20219 102 
20221 29 
20228 490 
20238 1084 
20243 434 
20246 174 
20312 362 
20332 258 
20341 57 
20367 338 
20395 26 
20403 102 
20444 418 
20462 128 
20473 10 
20517 25850 
20552 12 
20552 21 
20552 476 
20624 16 
20639 30 
20663 70 
20668 192 
20678 182 
20684 74 
20705 620 
20719 123 
20720 32 
20732 1541 
20738 214 
20750 14 
20768 21 
20778 1159 
20786 99 
20789 160 
20807 95 
20827 73 
20828 30 
20847 272 
20861 33 
20864 297 
20878 263 
20930 44 
20968 23 
21006 162 
21043 315 
21053 24 
21067 59 
21074 697 
21081 694 
21121 55 
21123 162 
21142 12 
21173 100 
21204 62 
21214 526 
21221 26 
21242 32 
21245 237 
21251 163 
21340 135 
21341 123 
21386 65 
21403 137 
21491 26 
21496 13 
21505 15 
21538 1 
21615 217 
21688 198 
21715 0 
21728 168 
21746 13 
21780 71 
21788 346 
21813 61 
21818 3 
21821 18 
21826 120 
21842 576 
21847 16 
21854 166 
21868 1559 
21872 83 
21901 308 
21925 18 
21961 701 
21993 15 
22003 112 
22016 378 
22075 126 
22076 409 
22096 73 
22123 860 
22137 96 
22145 14 
22154 30 
22162 209 
22173 7204 
22183 693 
22252 70 
22471 120 
22615 50 
22623 2064 
22645 89 
22693 22 
22718 213 
22744 24 
22788 5 
22805 198 
22814 34 
22833 63834 
22853 106 
22862 64 
22910 9 
22973 27 
22981 887 
23063 63 
23066 143 
23081 16 
23087 26 
23089 267 
23091 21 
23097 18 
23117 29 
23126 29 
23151 121 
23157 146 
23179 299 
23217 19 
23249 308 
23290 45 
23362 249 
23363 84 
23429 106 
23511 91 
23523 14 
23563 18 
23564 110 
23667 19 
23686 295 
23688 85 
23710 215 
23713 29 
23715 16 
23815 59 
23821 330 
23866 144 
23921 231 
23939 49 
23955 215 
23956 101 
23973 92 
23981 33 
23995 124 
24056 430 
24081 137 
24111 63 
24135 2636 
24137 9 
24201 69 
24222 1069 
24271 42 
24312 0 
24330 143 
24352 24 
24359 26 
24366 55 
24374 80 
24379 39 
24386 25 
24416 130 
24550 109 
24566 144 
24604 197 
24641 113 
24671 344 
24672 2135 
24711 34 
24841 145 
24862 84 
24883 1258 
24890 116 
25016 76 
25026 53 
25076 45 
25093 351 
25106 930 
25112 19 
25129 116 
25133 61 
25138 231 
25142 108 
25157 58 
25227 254 
25227 35 
25266 81 
25293 20 
25328 39 
25342 124 
25349 40 
25406 37 
25563 116 
25632 78 
25633 44 
25667 62 
25710 35 
25719 114 
25758 6 
25768 20 
25815 55 
25838 234 
25859 51 
25883 18 
25900 53 
25918 14 
26069 12 
26142 136 
26323 76 
26324 63 
26359 24 
26401 177 
26435 19 
26440 46 
26510 206 
26523 45 
26553 289 
26561 352 
26563 84 
26611 210 
26649 62 
26652 56 
26709 23 
26727 362 
26745 186 
26756 91 
26794 11 
26814 14 
26823 257 
26841 58 
26857 23 
26903 333 
27321 5 
27332 102 
27349 126 
27422 67 
27458 174 
27500 199 
27525 78 
27527 135 
27581 71 
27959 74 
28053 157 
28137 484 
28139 73 
28304 48 
28462 924 
28658 56 
28754 187 
28967 13 
29129 532 
29234 91 
29271 642 
29381 14 
29481 52 
29483 422 
29701 24 
29743 230 
29908 42 
29993 4 
30404 99 
30597 208 
30630 91 
30658 8 
30721 72 
30901 104 
30931 169 
31086 176 
31189 6 
31541 1005 
31912 81 
32284 42 
32334 113 
32350 74 
32452 138 
32691 40 
32827 70 
33117 1111 
33155 140 
33331 1228 
33642 124 
33779 38 
33779 41 
33793 18 
33897 45 
33900 244 
34118 64 
34136 127 
34174 8 
34747 75 
35138 48 
35178 334 
35443 587 
35646 120 
35680 181 
35838 330 
35868 1391 
36020 80 
36073 149 
36089 25 
36780 113 
36868 7 
36923 23 
37276 37 
37292 123 
37437 268 
37798 79 
38538 114 
38547 23 
38562 67 
38622 174 
38663 9 
38845 170 
39124 105 
39196 1074 
39826 6 
40041 257 
40079 62 
41149 152 
41177 396 
41228 0 
41270 1019 
41390 28 
41625 2499 
41721 371 
41757 72 
41855 352 
42194 39 
42663 86 
42949 149 
43056 33 
43155 401 
43514 563 
43765 17 
44375 158 
44420 10 
44766 55 
45056 289 
45111 35 
45905 38 
46190 94 
46715 857 
47128 101 
47208 213 
47208 213 
47439 135 
48143 314 
48636 433 
49188 45 
49409 1658 
50864 27 
51477 153 
51566 191 
51699 164 
52974 31 
53030 967 
56641 242 
57128 500 
61512 92 
62049 152 
62208 130 
62303 17 
62342 11 
62530 64 
62657 28 
62657 28 
62729 75 
62907 136 
63493 37 
64147 213 
64324 18 
64779 1236 
64798 107 
65056 31 
65207 160 
65222 248 
65440 64 
65496 23 
65542 176 
65927 79 
66119 70 
66560 200 
66561 37 
67109 9 
67606 3059 
68297 181 
68334 1505 
68540 82 
68642 85 
68765 151 
69280 19 
69306 0 
69644 425 
69651 111 
69919 266 
70649 64 
71539 1437 
71865 25 
71965 136 
72087 270 
72422 110 
72604 34 
72836 129 
73113 32 
73167 17 
73571 106 
73692 127 
73938 34 
74148 34 
74172 186 
74616 365 
74666 11 
75291 22 
75908 10 
76042 106 
76126 352 
76132 94 
76296 235 
76853 76 
77353 74 
77434 152 
77634 1916 
77635 4971 
77715 5 
77717 451 
78050 33 
78169 223 
78233 30 
78511 15 
78636 2522 
78641 16 
79095 11 
79190 141 
79269 609 
79369 42 
79578 74 
79660 65 
79674 268 
80013 66 
80131 61 
80315 181 
80558 30 
80885 92 
80993 313 
81126 50 
81245 47 
81480 69 
81693 232 
81737 40 
82169 27 
82388 75 
82531 7 
87111 285 
87457 224 
87546 498 
87721 64 
88002 143 
88074 59 
88309 71 
91031 27 
91441 421 
91808 82 
91841 127 
93465 53 
94891 48 
95913 179 
95948 51 
96035 94 
96057 140 
97190 729 
98443 120 
98947 13 
99247 940 
101243 487 
101273 71 
101360 14 
101470 5 
102304 92 
102386 17 
102420 27 
102493 1521 
103677 365 
106252 919 
117112 86 
117173 98 
117443 1705 
117519 83 
117522 233 
118961 187 
119066 199 
119217 78 
119296 75 
119452 22 
120160 0 
120394 125 
120464 93 
120671 10 
121953 68 
122059 16 
122059 16 
122066 438 
123328 48 
123346 523 
123451 73 
123971 163 
124389 471 
124745 163 
129234 39 
129244 15 
152733 183 
162350 2 
162603 71 
162811 1056 
169687 364 
173276 84 
176917 9 
203268 1 
207852 73 
230816 1 
242919 26 
253870 5 
267361 424 
272195 21 
288615 78 
303172 83 
303415 19 
307622 14 
347025 104 
367939 17 
383493 18 
383609 33 
472159 31 
548523 30 
571290 66 
576506 12 
600080 292 
