2063 6.13633101852
0 78438 
11 116 
13 1386 
15 85 
16 422 
17 650 
18 103 
18 281 
19 747 
20 1100 
21 586 
21 75 
22 466 
22 5213 
23 301 
23 447 
23 201 
24 122 
24 342 
25 600 
25 208 
26 233 
27 81 
27 258 
27 272 
27 236 
28 461 
28 972 
29 260 
29 172 
29 160 
29 149 
29 348 
30 262 
31 290 
31 421 
32 890 
33 289 
33 129 
33 33 
34 200 
34 459 
34 231 
36 408 
36 57 
37 151 
37 56 
37 374 
37 74 
37 157 
39 82 
39 105 
40 267 
40 156 
41 99 
41 904 
41 129 
42 188 
43 149 
43 129 
43 39 
44 113 
44 488 
44 521 
45 537 
45 363 
45 487 
46 124 
46 820 
47 245 
47 86 
47 53 
48 50 
48 69 
48 44 
49 134 
49 214 
49 78 
49 213 
49 156 
50 269 
50 528 
50 241 
51 189 
52 147 
52 304 
52 281 
53 47 
53 583 
55 24 
55 113 
56 142 
56 491 
57 523 
57 59 
57 336 
59 120 
59 316 
59 334 
60 125 
60 173 
62 196 
63 79 
63 227 
63 43 
64 240 
64 166 
64 1216 
65 39 
66 730 
66 63 
66 158 
66 193 
66 540 
66 137 
66 133 
67 360 
67 1947 
67 485 
68 122 
68 114 
68 294 
69 199 
70 126 
70 83 
70 17 
70 153 
71 116 
71 547 
71 136 
72 307 
72 190 
72 369 
73 210 
73 329 
73 239 
73 140 
74 121 
74 161 
75 162 
76 232 
76 94 
77 154 
79 238 
79 302 
79 321 
80 413 
80 357 
80 514 
81 141 
81 971 
81 65 
81 886 
82 232 
82 1459 
83 81 
83 570 
84 231 
84 643 
84 92 
84 53 
84 166 
85 86 
85 273 
85 105 
85 383 
86 93 
86 115 
86 204 
86 407 
86 234 
86 106 
86 189 
86 286 
87 107 
87 102 
87 247 
88 318 
88 100 
88 442 
89 282 
89 106 
89 123 
90 237 
92 78 
93 35 
94 208 
95 127 
95 336 
95 195 
96 596 
96 40 
97 400 
98 43 
99 86 
99 72 
99 70 
99 232 
100 789 
103 100 
103 145 
103 151 
104 246 
105 126 
105 630 
105 131 
106 491 
106 130 
106 206 
107 238 
107 65 
109 219 
109 213 
109 400 
110 89 
110 39 
110 538 
110 461 
112 260 
112 175 
112 172 
114 115 
114 131 
115 144 
116 21 
117 128 
117 78 
119 109 
119 116 
120 156 
120 674 
121 336 
122 90 
123 62 
123 87 
124 179 
124 124 
124 103 
125 595 
125 610 
126 85 
126 185 
128 135 
128 186 
128 42 
128 39 
130 132 
131 179 
132 506 
132 465 
133 146 
133 343 
133 162 
133 251 
133 758 
134 34 
135 158 
135 173 
137 319 
140 258 
143 1143 
143 386 
143 422 
143 99 
143 836 
143 514 
144 133 
144 1164 
146 187 
146 76 
147 83 
149 163 
150 587 
150 74 
151 164 
152 457 
152 541 
152 167 
152 185 
152 144 
153 767 
153 270 
154 204 
155 264 
155 1155 
156 436 
156 482 
156 525 
157 26 
157 283 
157 85 
157 61 
157 253 
158 128 
159 281 
159 701 
160 202 
160 167 
161 189 
161 101 
161 188 
162 136 
163 355 
163 138 
164 601 
164 148 
164 162 
165 164 
165 298 
166 361 
166 176 
167 169 
167 141 
169 184 
169 78 
169 268 
171 1492 
172 362 
173 61 
173 610 
174 132 
174 112 
175 227 
175 82 
178 110 
179 126 
179 369 
180 194 
180 153 
181 186 
182 172 
183 375 
184 68 
184 196 
184 158 
185 781 
185 92 
185 148 
185 389 
188 249 
189 135 
190 7 
190 12 
190 164 
192 411 
192 274 
193 94 
194 69 
196 199 
196 51 
196 85 
197 111 
197 204 
198 205 
199 377 
199 164 
201 59 
203 12 
208 419 
209 145 
210 482 
210 27 
212 101 
212 114 
212 369 
212 174 
213 21 
214 140 
214 689 
214 150 
214 770 
214 319 
214 249 
215 64 
215 422 
216 537 
216 189 
216 194 
218 112 
220 348 
220 66 
221 235 
222 89 
222 111 
223 301 
223 386 
223 503 
223 93 
223 218 
226 318 
227 730 
227 221 
228 112 
229 196 
230 29 
231 86 
232 261 
232 3328 
233 169 
233 79 
235 559 
236 9 
237 113 
238 97 
239 330 
240 517 
240 58 
241 59 
243 298 
243 195 
244 796 
245 506 
245 69 
247 132 
247 36 
247 61 
247 258 
248 1019 
248 96 
249 39 
250 239 
251 59 
253 267 
254 180 
255 108 
255 86 
256 280 
257 786 
258 387 
259 238 
259 141 
259 134 
260 116 
260 202 
261 39 
261 189 
262 302 
263 60 
263 103 
263 90 
264 233 
264 50 
265 1638 
265 191 
265 37 
267 111 
269 205 
270 74 
271 119 
271 516 
271 20 
272 199 
274 162 
275 125 
275 373 
276 223 
277 123 
278 285 
279 194 
281 150 
282 82 
285 434 
285 123 
285 746 
286 55 
286 132 
288 48 
289 382 
290 69 
291 151 
292 124 
293 67 
293 208 
293 160 
293 330 
293 379 
296 510 
297 241 
297 121 
297 274 
297 294 
298 43 
298 251 
300 65 
300 347 
304 323 
304 278 
304 92 
306 30 
307 588 
310 127 
311 189 
312 142 
312 187 
313 282 
314 123 
316 137 
316 456 
316 303 
317 72 
321 235 
323 587 
324 165 
325 552 
326 184 
326 165 
327 327 
328 119 
328 118 
328 274 
329 817 
329 428 
330 486 
332 325 
332 46 
334 115 
334 39 
334 48 
335 387 
336 195 
338 311 
339 399 
341 162 
341 331 
341 28 
343 137 
345 226 
345 165 
346 279 
346 63 
347 1665 
348 170 
349 487 
350 545 
351 398 
351 17 
352 109 
352 206 
352 856 
353 209 
353 192 
355 86 
355 101 
355 852 
356 197 
360 198 
360 90 
362 97 
362 139 
362 214 
363 288 
363 261 
365 144 
365 370 
366 252 
366 231 
366 92 
367 135 
370 138 
371 239 
372 520 
374 111 
376 604 
377 396 
378 761 
378 88 
379 102 
381 57 
381 101 
382 200 
383 613 
384 268 
384 238 
385 274 
385 203 
388 147 
388 517 
389 139 
390 84 
392 94 
392 440 
394 161 
394 137 
396 93 
398 155 
398 220 
401 243 
402 94 
404 413 
404 297 
407 366 
407 247 
408 159 
409 136 
411 482 
412 131 
415 677 
416 229 
416 327 
417 258 
421 96 
422 174 
424 138 
424 51 
424 228 
425 47 
426 274 
426 103 
426 82 
426 192 
427 184 
429 61 
430 81 
432 249 
433 752 
435 331 
436 260 
437 144 
437 1002 
439 413 
440 153 
441 257 
441 228 
442 113 
442 82 
443 333 
444 254 
444 66 
444 231 
446 1441 
446 191 
448 1962 
450 436 
450 506 
452 1106 
452 52 
452 390 
454 144 
457 159 
459 679 
462 119 
462 29 
462 441 
465 69 
465 630 
466 44 
466 474 
467 97 
469 323 
474 2929 
475 2039 
478 50 
478 87 
479 90 
479 242 
480 113 
482 125 
483 113 
483 615 
484 346 
485 168 
486 280 
487 77 
489 90 
490 533 
498 138 
498 384 
500 177 
500 386 
502 107 
503 81 
503 216 
506 249 
507 185 
508 233 
508 137 
509 417 
513 122 
513 1196 
514 206 
514 146 
516 282 
516 289 
516 83 
518 61 
520 183 
520 375 
522 192 
522 157 
523 264 
524 363 
525 589 
526 210 
527 182 
527 113 
533 47 
534 214 
534 256 
535 266 
535 100 
535 132 
538 207 
538 123 
539 208 
539 80 
539 157 
542 180 
543 171 
546 76 
547 110 
547 239 
548 41 
548 28 
549 22 
552 468 
552 643 
552 23 
553 168 
554 137 
554 139 
555 125 
555 208 
557 37 
560 96 
560 1002 
561 130 
561 317 
562 389 
562 203 
564 105 
565 83 
567 527 
567 338 
568 141 
568 52 
570 157 
571 474 
572 66 
574 92 
575 479 
576 97 
576 182 
578 65 
580 247 
584 149 
584 640 
591 544 
591 213 
599 130 
600 330 
606 161 
607 118 
607 136 
609 181 
609 399 
610 100 
611 1391 
612 108 
612 287 
614 178 
614 155 
615 173 
616 1375 
619 541 
619 203 
619 88 
621 582 
622 77 
623 146 
630 68 
631 135 
634 211 
634 88 
635 62 
636 216 
636 421 
636 336 
637 192 
644 853 
646 725 
657 202 
657 262 
659 73 
660 425 
663 216 
664 18 
665 84 
666 223 
667 216 
670 58 
672 91 
673 43 
674 62 
675 325 
676 665 
677 463 
680 646 
684 65 
685 105 
685 372 
686 146 
689 115 
691 198 
691 107 
697 319 
700 154 
700 172 
701 54 
705 156 
707 849 
707 139 
711 242 
711 98 
712 306 
712 49 
722 208 
724 197 
724 321 
727 327 
730 209 
736 92 
740 75 
741 57 
744 327 
746 325 
747 98 
747 349 
751 450 
751 158 
751 193 
751 276 
756 276 
756 117 
756 134 
757 126 
761 63 
765 105 
765 105 
765 667 
766 77 
768 34 
768 331 
770 333 
771 218 
775 357 
778 146 
779 85 
783 94 
786 104 
787 407 
788 57 
789 251 
792 597 
796 1148 
796 136 
799 1726 
799 150 
800 205 
803 581 
803 174 
808 236 
809 593 
810 148 
814 425 
816 87 
819 166 
819 340 
821 186 
824 298 
825 231 
828 190 
829 193 
831 149 
833 1096 
840 174 
846 294 
846 75 
847 65 
849 417 
850 689 
851 75 
852 95 
852 1248 
853 134 
854 31 
855 278 
857 64 
859 102 
862 276 
864 126 
865 143 
865 109 
866 89 
869 3 
872 127 
873 242 
878 202 
878 751 
885 60 
888 184 
889 432 
890 288 
894 170 
894 131 
898 106 
900 243 
904 135 
905 168 
913 107 
914 231 
914 161 
915 249 
915 176 
916 115 
916 1073 
930 722 
930 57 
930 118 
934 218 
943 152 
945 251 
945 92 
948 103 
949 102 
949 111 
949 600 
950 66 
951 103 
954 220 
958 454 
959 178 
961 104 
961 708 
961 208 
962 179 
963 42 
967 4658 
975 76 
979 48 
980 2229 
981 609 
985 291 
987 386 
990 467 
991 27 
993 43 
995 340 
996 252 
1000 1374 
1001 94 
1003 203 
1004 118 
1006 77 
1008 91 
1013 56 
1017 151 
1017 332 
1018 79 
1021 67 
1021 66 
1023 1271 
1023 232 
1024 365 
1024 128 
1024 175 
1026 100 
1026 17 
1026 1103 
1028 132 
1028 412 
1030 204 
1032 91 
1033 497 
1035 293 
1037 167 
1038 348 
1039 849 
1039 227 
1039 356 
1042 667 
1043 40 
1044 139 
1044 184 
1045 83 
1049 149 
1052 248 
1054 175 
1055 35 
1057 902 
1060 188 
1060 306 
1063 155 
1063 125 
1069 112 
1070 326 
1072 117 
1073 129 
1074 58 
1077 138 
1082 82 
1085 201 
1086 60 
1087 118 
1089 50 
1091 90 
1094 317 
1095 213 
1096 500 
1102 302 
1104 198 
1105 139 
1112 144 
1113 8 
1114 136 
1115 38 
1116 395 
1116 112 
1117 99 
1118 132 
1120 51 
1123 573 
1124 43 
1125 72 
1125 115 
1131 40 
1132 843 
1138 285 
1139 428 
1140 89 
1143 66 
1146 244 
1147 48 
1151 135 
1151 102 
1152 186 
1155 944 
1156 71 
1156 340 
1157 27 
1158 147 
1164 332 
1168 472 
1169 35 
1169 167 
1173 176 
1175 44 
1175 135 
1175 731 
1177 153 
1179 75 
1183 222 
1184 813 
1185 313 
1186 45 
1189 355 
1190 207 
1191 1 
1191 47 
1191 89 
1194 198 
1198 85 
1203 313 
1205 116 
1208 126 
1209 287 
1211 30 
1211 433 
1217 93 
1221 318 
1225 208 
1225 167 
1228 177 
1233 101 
1234 545 
1236 201 
1238 66 
1239 118 
1242 225 
1248 79 
1250 282 
1254 467 
1259 99 
1261 119 
1266 408 
1270 66 
1277 350 
1277 110 
1277 48 
1281 155 
1284 222 
1292 159 
1295 477 
1303 260 
1305 154 
1308 381 
1312 188 
1315 316 
1318 471 
1323 398 
1327 319 
1335 151 
1340 95 
1342 95 
1344 123 
1349 225 
1355 190 
1360 533 
1362 86 
1364 29 
1369 227 
1371 19 
1372 632 
1375 71 
1376 294 
1389 74 
1394 43 
1397 314 
1402 243 
1404 156 
1416 187 
1421 58 
1423 150 
1426 59 
1426 41 
1433 106 
1440 180 
1441 229 
1450 554 
1452 416 
1453 141 
1467 176 
1472 139 
1472 40 
1474 378 
1477 224 
1478 167 
1482 69 
1484 890 
1494 14 
1500 84 
1506 286 
1511 132 
1513 257 
1529 21 
1533 74 
1537 155 
1545 71 
1549 196 
1549 113 
1550 172 
1554 180 
1556 111 
1557 182 
1560 209 
1561 257 
1562 115 
1566 272 
1568 80 
1571 160 
1578 217 
1590 141 
1590 309 
1594 715 
1598 149 
1598 120 
1599 130 
1599 116 
1602 134 
1605 115 
1614 412 
1615 106 
1615 135 
1620 244 
1624 74 
1626 75 
1635 383 
1635 800 
1650 220 
1652 166 
1652 86 
1653 14 
1657 161 
1661 120 
1662 63 
1662 65 
1663 239 
1665 134 
1665 62 
1666 121 
1668 79 
1669 256 
1671 118 
1683 76 
1685 216 
1691 106 
1695 152 
1695 288 
1705 427 
1714 1124 
1722 190 
1724 368 
1739 62 
1752 146 
1752 217 
1753 111 
1754 462 
1756 144 
1759 154 
1762 85 
1767 221 
1769 203 
1777 31 
1778 169 
1779 485 
1785 87 
1789 92 
1789 111 
1794 119 
1799 34 
1799 148 
1800 59 
1805 77 
1806 997 
1812 105 
1818 34 
1826 209 
1830 168 
1832 55 
1843 131 
1845 245 
1846 615 
1846 214 
1856 1111 
1857 232 
1860 229 
1874 77 
1878 99 
1883 995 
1885 177 
1885 59 
1897 213 
1903 83 
1907 835 
1917 93 
1921 172 
1921 299 
1921 53 
1928 152 
1928 331 
1931 834 
1936 359 
1938 162 
1938 315 
1942 197 
1943 286 
1949 207 
1963 470 
1977 296 
1979 795 
1983 260 
1990 72 
1991 142 
1996 402 
1996 227 
1998 294 
1998 100 
2001 73 
2013 105 
2025 647 
2038 318 
2038 189 
2044 307 
2045 156 
2047 190 
2048 98 
2049 145 
2050 147 
2051 573 
2062 63 
2070 284 
2071 112 
2075 136 
2078 157 
2079 234 
2086 1 
2088 48 
2097 507 
2103 69 
2104 162 
2107 87 
2109 229 
2116 44 
2121 113 
2124 50 
2128 59 
2135 135 
2141 72 
2144 76 
2156 52 
2158 24 
2166 124 
2169 1660 
2171 522 
2175 354 
2176 106 
2179 132 
2180 183 
2191 28 
2191 141 
2195 265 
2208 36 
2214 92 
2218 63 
2218 149 
2231 164 
2233 156 
2246 89 
2247 163 
2252 571 
2263 35 
2266 28 
2274 131 
2280 86 
2283 154 
2287 101 
2292 40 
2297 385 
2299 404 
2321 189 
2330 285 
2336 267 
2356 170 
2375 41 
2376 127 
2388 619 
2395 309 
2397 283 
2399 392 
2418 79 
2426 465 
2435 341 
2437 1019 
2457 230 
2461 60 
2468 446 
2475 30 
2492 56 
2494 5378 
2495 70 
2502 654 
2502 153 
2505 121 
2506 145 
2513 60 
2513 82 
2513 159 
2531 33 
2535 312 
2536 175 
2538 367 
2538 53 
2541 78 
2545 95 
2552 74 
2561 116 
2564 1006 
2571 550 
2574 229 
2581 5 
2583 270 
2585 310 
2586 73 
2599 82 
2615 57 
2617 92 
2630 79 
2636 35 
2645 82 
2658 25 
2661 213 
2662 248 
2663 47 
2668 926 
2677 193 
2679 66 
2690 45 
2717 228 
2728 246 
2729 301 
2730 335 
2735 60 
2752 216 
2763 467 
2787 95 
2807 130 
2807 111 
2822 80 
2832 321 
2835 142 
2835 257 
2839 169 
2845 96 
2851 57 
2861 91 
2862 169 
2872 17 
2874 17 
2875 30 
2888 229 
2901 223 
2912 79 
2915 230 
2923 133 
2931 65 
2932 34 
2934 353 
2943 171 
2957 165 
2961 115 
2961 79 
2984 26 
2990 709 
2993 249 
3010 277 
3018 267 
3026 98 
3039 557 
3043 721 
3054 358 
3060 1687 
3061 147 
3063 189 
3074 22 
3081 104 
3082 695 
3086 141 
3100 257 
3103 94 
3119 56 
3137 464 
3153 228 
3164 155 
3168 35 
3199 175 
3200 224 
3203 282 
3203 35 
3209 151 
3228 153 
3230 39 
3239 207 
3255 293 
3261 265 
3267 85 
3302 98 
3322 158 
3337 14 
3354 32 
3385 164 
3393 56 
3416 156 
3423 255 
3434 33 
3441 651 
3446 353 
3460 60 
3463 325 
3488 75 
3489 248 
3491 334 
3496 122 
3516 23 
3523 95 
3533 282 
3537 411 
3597 169 
3609 390 
3642 128 
3645 64 
3663 48 
3672 102 
3689 134 
3702 233 
3708 152 
3733 34 
3777 203 
3801 60 
3803 404 
3807 654 
3809 183 
3822 57 
3824 110 
3831 66 
3836 166 
3836 36 
3889 90 
3904 576 
3908 109 
3946 275 
3967 47 
3989 122 
3990 48 
3996 45 
4001 27 
4040 132 
4054 58 
4073 68 
4115 101 
4115 94 
4127 130 
4135 144 
4152 97 
4159 792 
4252 197 
4254 146 
4266 259 
4275 93 
4308 120 
4332 103 
4358 84 
4392 203 
4411 79 
4419 18 
4425 63 
4428 17 
4476 20 
4524 81 
4525 140 
4550 73 
4559 27 
4578 105 
4610 170 
4636 95 
4638 208 
4663 46 
4729 18 
4735 100 
4766 238 
4822 160 
4849 125 
4851 9 
4855 393 
4885 110 
4894 181 
4920 376 
4940 673 
4942 290 
5001 45 
5010 59 
5018 46 
5042 74 
5092 156 
5124 84 
5144 186 
5145 115 
5191 137 
5200 108 
5211 143 
5235 31 
5236 128 
5244 96 
5244 176 
5261 958 
5274 184 
5287 124 
5345 242 
5392 37 
5398 199 
5398 46 
5415 24 
5426 180 
5461 185 
5486 90 
5619 24 
5643 179 
5645 28 
5648 127 
5679 89 
5753 106 
5757 344 
5787 222 
5789 55 
5819 332 
5979 75 
5987 175 
5995 172 
6035 239 
6092 14 
6175 275 
6257 15 
6274 332 
6308 81 
6320 55 
6390 21 
6455 31 
6483 34 
6561 197 
6578 251 
6590 173 
6665 213 
6729 48 
6752 37 
6774 402 
6778 52 
6799 91 
6805 268 
6830 198 
6882 31 
6896 92 
6981 87 
7058 590 
7100 1064 
7138 486 
7162 68 
7181 74 
7315 117 
7439 205 
7636 30 
7706 107 
7747 64 
7763 657 
7767 30 
7870 30 
7944 31 
7958 182 
7982 44 
8009 322 
8039 51 
8050 53 
8079 118 
8104 238 
8171 323 
8301 657 
8333 232 
8343 542 
8424 134 
8574 111 
8576 257 
8595 286 
8627 135 
8681 292 
8840 186 
8874 235 
8891 534 
8912 631 
8978 112 
9019 321 
9140 62 
9207 121 
9228 9 
9392 65 
9492 161 
9720 40 
9761 66 
9944 174 
10425 98 
10563 337 
10595 105 
10609 155 
10709 61 
10909 90 
10909 90 
10994 89 
11223 21 
11238 49 
11259 170 
11426 97 
11530 81 
11809 55 
11886 117 
12308 59 
12329 44 
12376 54 
12732 304 
12777 300 
13002 54 
14241 34 
14467 165 
14493 1949 
14721 40 
14970 143 
15045 174 
15739 166 
17235 199 
18974 226 
19053 155 
23210 95 
23804 43 
24293 60 
25747 73 
25946 272 
26015 65 
26128 98 
26134 128 
26497 152 
27034 65 
27049 39 
27086 192 
27829 57 
27968 38 
28285 65 
28388 140 
28426 163 
28730 19 
28866 417 
29098 137 
29318 40 
29555 88 
29647 33 
29709 1304 
29872 146 
29914 189 
29938 172 
29971 188 
30066 154 
30076 103 
30283 175 
30319 45 
30883 106 
30973 119 
31050 125 
31296 42 
31308 328 
31394 43 
31576 92 
31743 138 
31821 101 
32486 66 
32813 42 
32968 142 
32978 48 
33036 102 
33073 36 
33283 75 
33303 42 
33576 11 
33687 152 
33693 109 
34551 128 
34563 108 
34646 110 
35162 59 
35271 73 
35631 258 
35787 37 
36130 78 
36246 7 
36482 163 
36618 148 
36623 122 
36843 19 
36946 60 
36971 268 
37122 27 
37199 47 
37558 58 
37660 41 
37902 183 
38042 25 
38165 166 
38414 258 
38588 217 
38862 685 
38957 358 
39174 29 
39386 143 
39682 327 
39729 308 
39751 236 
40304 120 
40369 44 
40554 105 
40570 54 
40599 126 
40607 128 
40726 185 
41312 584 
41337 625 
41338 158 
41465 73 
41515 254 
42090 135 
42259 534 
42741 21 
42801 229 
43108 75 
43136 13 
43188 42 
43640 247 
43932 56 
43932 69 
44072 324 
44140 82 
44212 76 
44238 62 
44239 53 
44287 215 
44363 151 
44365 45 
44370 182 
44390 225 
44412 1423 
44420 60 
44450 62 
44482 310 
44630 49 
44649 460 
44661 668 
44724 93 
44802 26 
44851 9 
45257 13 
45263 410 
45380 91 
45483 375 
45493 64 
45551 41 
45833 142 
45866 114 
45896 154 
45988 200 
45992 46 
45999 253 
46028 46 
46170 258 
46302 312 
46383 178 
46586 186 
46612 129 
47621 116 
47662 94 
47850 393 
47968 71 
48148 67 
48406 112 
48432 70 
48571 135 
49013 540 
49154 45 
49220 51 
49596 101 
49670 85 
49728 20 
50029 22 
51057 70 
51267 225 
51281 116 
51293 257 
51336 235 
51390 24 
51766 147 
51910 585 
52184 334 
52321 338 
52503 24 
52637 83 
52664 170 
52886 122 
53512 220 
54167 141 
54298 596 
54379 15 
55228 37 
55246 257 
55955 70 
56427 185 
56629 147 
57121 433 
57182 88 
57270 33 
57380 284 
57574 205 
57811 97 
57999 161 
58167 97 
58206 317 
58294 146 
58969 159 
59065 248 
59297 2061 
59384 76 
59395 344 
59412 229 
59481 4 
59511 139 
59560 248 
59592 124 
59749 154 
59820 219 
59824 278 
60034 152 
60084 7 
60103 46 
60264 34 
60396 42 
60560 35 
60733 126 
60875 157 
61370 59 
61508 343 
61940 50 
61942 67 
62312 225 
62319 67 
62570 214 
62573 67 
62818 132 
62904 49 
63174 88 
63258 163 
63268 33 
63275 96 
63420 175 
63454 101 
64262 1267 
64399 212 
64518 104 
64532 330 
64569 199 
64583 384 
64586 189 
64673 179 
64772 20 
65409 304 
66043 62 
66677 519 
66720 520 
66722 578 
66744 107 
66784 170 
66881 214 
66948 830 
67105 200 
67285 91 
67622 84 
67659 350 
67760 203 
68125 111 
68150 132 
68543 1636 
68778 352 
68943 113 
69358 234 
69394 71 
69598 92 
69686 59 
69840 31 
69932 158 
70094 29 
70245 318 
80750 258 
81183 413 
82971 69 
83217 128 
85075 61 
85097 853 
85107 1205 
85216 342 
85232 158 
85263 898 
85286 168 
85349 272 
85819 73 
86175 98 
86458 137 
86627 70 
86636 126 
86680 433 
86774 2912 
86799 740 
87217 366 
87271 353 
87418 2385 
87488 779 
87763 66 
87801 6 
87915 61 
88191 114 
88252 213 
88523 108 
89763 197 
90247 96 
90729 63 
91934 99 
91975 92 
94788 57 
98311 170 
116104 123 
117331 420 
123376 71 
123380 7 
126346 52 
126384 1152 
128876 194 
143863 63 
144108 58 
149349 61 
149371 187 
153165 555 
156150 146 
156443 1264 
156496 5815 
156540 162 
156615 603 
156652 469 
156676 883 
157433 78 
157524 175 
157630 1213 
157757 656 
158537 16 
159809 70 
160312 46 
161560 37 
162850 172 
167045 72 
167558 478 
167595 101 
167656 40 
170590 469 
172138 408 
172587 55 
172617 258 
173660 390 
173816 100 
175118 54 
178864 285 
184020 201 
197453 290 
220288 57 
225979 42 
236696 326 
238761 277 
238893 267 
238916 369 
239535 380 
244134 89 
244233 39 
245700 163 
247690 107 
249609 1082 
249755 166 
249868 121 
260859 250 
265626 94 
269341 173 
294384 120 
314840 406 
321992 405 
325342 44 
354944 65 
429354 81 
429557 154 
429558 89 
431516 82 
434772 28 
436315 44 
480430 148 
481541 113 
481880 260 
482346 53 
491961 115 
536684 52 
597286 119 
