3496 5.42641203704
0 735901 
11 165 
13 1247 
13 1272 
18 203 
20 1854 
21 207 
22 49 
23 57 
27 191 
27 312 
28 156 
29 95 
30 777 
30 168 
30 323 
31 26 
32 116 
32 375 
33 6570 
34 1380 
36 1120 
37 732 
38 641 
38 987 
38 403 
39 280 
39 286 
40 462 
41 193 
44 277 
44 915 
45 158 
46 145 
46 206 
46 136 
48 1386 
48 412 
49 183 
49 365 
49 23 
50 782 
50 112 
52 100 
52 125 
53 193 
54 2615 
55 2120 
56 637 
56 68 
57 9 
57 92 
58 1378 
59 862 
59 1310 
60 246 
61 53 
61 127 
61 11047 
62 180 
62 48 
63 26 
63 72 
63 41 
63 120 
64 1743 
65 709 
66 1305 
66 27 
67 923 
67 748 
68 58 
68 345 
68 25 
68 192 
70 92 
70 47 
71 1410 
72 16 
72 68 
74 2410 
75 15 
76 43 
76 691 
76 159 
77 40 
77 175 
77 183 
77 73 
78 1745 
80 41 
80 17 
80 75 
81 249 
83 212 
83 90 
84 718 
84 23 
84 200 
85 233 
86 585 
89 798 
90 10 
90 10 
90 652 
90 269 
92 1036 
92 304 
93 13 
93 46 
93 113 
94 156 
94 1969 
95 808 
96 52 
96 77 
97 1382 
97 42 
98 150 
98 188 
99 14474 
100 320 
100 25 
102 1341 
103 562 
103 20 
103 477 
103 436 
104 73 
104 75 
104 203 
104 438 
105 2743 
107 61 
107 5 
111 122 
113 197 
114 54 
116 1895 
118 296 
118 1577 
119 473 
120 16 
120 508 
121 511 
121 300 
122 37 
122 28 
122 63 
124 159 
125 191 
130 41 
131 137 
132 170 
132 1390 
133 33 
134 87 
135 68 
135 189 
135 292 
136 164 
136 76 
136 563 
138 601 
138 419 
138 34 
141 597 
145 355 
145 861 
146 411 
149 1515 
150 98 
151 120 
152 168 
153 1474 
155 362 
156 138 
157 247 
158 128 
159 102 
160 374 
160 574 
161 288 
161 42 
163 1186 
164 41 
167 510 
168 909 
170 685 
171 272 
171 873 
173 3853 
176 199 
179 1434 
179 27 
179 1185 
180 42 
180 126 
181 922 
182 103 
183 156 
184 1372 
186 7 
187 3 
189 517 
190 863 
190 308 
194 31 
197 6605 
198 67 
198 301 
201 508 
204 77 
205 112 
206 9 
209 1590 
209 1123 
210 162 
211 16 
213 84 
213 544 
214 551 
218 115 
218 732 
219 1293 
219 2651 
223 21 
223 64 
224 882 
228 19 
228 242 
229 13 
230 164 
231 69 
231 77 
235 154 
240 184 
241 279 
242 371 
242 1817 
243 41 
243 240 
249 307 
251 48 
251 89 
252 704 
254 32 
254 459 
256 131 
258 34 
258 26 
259 1161 
267 401 
268 64 
270 81 
270 118 
275 189 
276 31 
279 1760 
279 32 
280 105 
280 1065 
282 373 
282 87 
283 130 
283 499 
283 1465 
284 509 
285 2095 
290 964 
290 4056 
293 88 
293 4 
293 726 
298 202 
302 1348 
304 1103 
304 93 
307 696 
308 172 
309 1082 
315 1243 
318 1192 
322 62 
327 379 
330 162 
331 34 
333 1000 
334 132 
334 1146 
336 453 
337 40 
340 166 
340 21 
342 696 
342 497 
346 367 
354 28 
355 151 
358 148 
359 3634 
359 5166 
360 241 
362 378 
362 1164 
362 38 
366 101 
368 55 
371 346 
373 148 
381 997 
383 64 
385 328 
385 10 
387 896 
389 774 
390 70 
390 156 
390 5044 
394 44 
396 134 
397 696 
398 88 
403 187 
407 370 
410 2204 
412 2611 
414 1226 
415 181 
419 36 
420 2578 
420 16 
423 119 
424 488 
427 629 
431 611 
432 130 
432 149 
434 2473 
436 148 
441 187 
441 506 
444 872 
449 70 
451 248 
454 24 
458 13 
459 260 
460 1438 
461 1027 
461 98 
466 150 
473 746 
477 53 
481 1139 
483 133 
499 46 
500 496 
501 113 
506 4076 
507 5 
517 956 
525 360 
530 31 
532 1213 
541 1020 
545 6871 
545 2437 
546 1395 
548 114 
551 370 
555 983 
557 1180 
563 42 
563 337 
567 788 
568 141 
568 253 
570 1066 
572 21 
574 785 
594 459 
602 682 
611 1727 
617 375 
618 1599 
622 664 
640 151 
646 4 
647 69 
648 138 
654 243 
657 131 
667 1982 
670 99 
673 442 
673 32 
674 5 
679 2614 
679 201 
681 387 
684 2737 
686 338 
688 662 
689 469 
698 37 
707 630 
712 205 
713 517 
714 573 
715 45 
723 306 
727 664 
729 149 
736 564 
738 176 
738 879 
742 356 
744 29 
744 152 
751 22 
752 478 
760 2083 
764 5481 
767 309 
773 351 
778 279 
779 123 
783 1134 
785 336 
797 281 
798 280 
804 262 
805 1065 
817 6 
832 85 
837 372 
838 364 
841 8 
842 1383 
848 1056 
849 69 
857 1699 
860 200 
862 135 
862 45 
866 1237 
868 134 
876 54 
878 758 
880 657 
884 64 
891 49 
898 2045 
902 195 
913 2072 
916 30 
917 569 
918 139 
926 203 
929 37 
934 3173 
938 217 
939 48 
940 1155 
947 486 
963 47 
965 302 
966 14 
969 89 
971 3896 
975 158 
984 259 
993 891 
993 566 
1005 501 
1011 1792 
1017 125 
1022 734 
1027 1809 
1032 52 
1039 274 
1041 1388 
1045 75 
1053 2047 
1067 21 
1073 19 
1078 41 
1079 105 
1083 501 
1086 18 
1088 728 
1088 1276 
1092 1112 
1110 20479 
1123 1163 
1135 97 
1141 3804 
1149 29 
1152 2756 
1162 646 
1164 134 
1169 2134 
1172 29 
1173 39 
1177 203 
1178 1663 
1185 256 
1187 1356 
1190 798 
1198 172 
1205 439 
1208 3579 
1211 113 
1212 126 
1214 210 
1216 11 
1219 166 
1220 44 
1243 29 
1244 106 
1250 980 
1255 65 
1256 1484 
1257 202 
1259 224 
1260 521 
1265 60 
1275 1293 
1278 1041 
1286 235 
1288 4877 
1292 134 
1297 38 
1309 1427 
1310 120 
1311 483 
1318 324 
1323 1270 
1331 98 
1339 122 
1352 204 
1357 98 
1382 228 
1383 162 
1383 413 
1391 79 
1393 54 
1401 410 
1408 40 
1417 313 
1423 44 
1440 328 
1450 4548 
1453 220 
1455 300 
1456 300 
1459 177 
1459 52 
1460 30 
1475 23 
1476 124 
1485 81 
1489 844 
1498 433 
1503 1595 
1505 55 
1515 428 
1533 830 
1549 71 
1569 161 
1579 752 
1584 373 
1592 280 
1599 267 
1599 609 
1602 147 
1605 294 
1613 510 
1623 2955 
1628 278 
1644 2391 
1645 60 
1660 245 
1664 90 
1676 64 
1678 242 
1686 355 
1688 137 
1690 3046 
1696 465 
1703 99 
1733 122 
1750 994 
1753 68 
1754 306 
1772 385 
1811 37 
1812 670 
1823 13 
1841 503 
1845 1528 
1854 211 
1869 369 
1889 634 
1891 153 
1894 352 
1908 673 
1922 4272 
1946 142 
1956 376 
1960 238 
1968 199 
1978 53 
1979 1112 
1986 2389 
1996 245 
2007 1528 
2008 28 
2032 64 
2037 180 
2042 349 
2053 175 
2055 1054 
2057 157 
2069 92 
2070 196 
2071 2033 
2089 413 
2093 69 
2105 716 
2145 722 
2149 182 
2155 3756 
2174 5472 
2185 26 
2190 274 
2221 460 
2231 11 
2232 75 
2247 1293 
2252 526 
2264 148 
2274 1276 
2276 129 
2291 251 
2299 242 
2308 33 
2313 235 
2325 11 
2339 183 
2343 614 
2349 74 
2353 470 
2353 206 
2355 1457 
2356 399 
2358 156 
2361 96 
2366 12 
2380 317 
2383 1150 
2459 1705 
2462 55 
2471 672 
2476 785 
2477 61 
2504 7972 
2508 547 
2513 63 
2514 5979 
2525 86 
2527 28 
2544 34 
2547 2267 
2551 1728 
2553 199 
2573 766 
2601 9175 
2623 84 
2624 638 
2624 1074 
2630 165 
2633 415 
2639 83 
2647 563 
2666 262 
2676 27 
2704 157 
2704 300 
2711 216 
2724 206 
2730 128 
2732 16 
2755 159 
2759 27 
2770 6 
2779 1918 
2782 40 
2783 11 
2786 558 
2791 160 
2798 142 
2803 997 
2831 710 
2834 173 
2834 133 
2852 636 
2857 1978 
2863 379 
2889 208 
2907 61 
2910 84 
2918 781 
2923 432 
2926 192 
2933 115 
2943 1960 
2947 77 
2973 96 
2984 592 
3003 27 
3006 147 
3027 907 
3039 447 
3073 130 
3083 45 
3095 94 
3102 89 
3107 97 
3113 1381 
3116 362 
3130 67 
3131 31 
3145 1199 
3166 112 
3167 453 
3181 813 
3186 1213 
3196 3040 
3222 1782 
3249 1283 
3250 29 
3257 133 
3276 144 
3282 207 
3289 5249 
3309 50 
3322 130 
3328 964 
3328 599 
3342 26 
3346 174 
3373 767 
3394 1829 
3405 1064 
3440 243 
3459 282 
3475 1517 
3485 24 
3496 996 
3502 163 
3529 18 
3538 789 
3539 96 
3573 546 
3581 634 
3597 167 
3631 236 
3671 765 
3679 946 
3685 1394 
3690 1179 
3694 28 
3721 578 
3760 854 
3770 1002 
3776 125 
3778 1057 
3781 179 
3797 43 
3803 69 
3817 1378 
3831 269 
3835 47 
3855 773 
3872 25 
3884 138 
3887 140 
3889 391 
3908 246 
3938 25 
3947 369 
3959 346 
3964 1051 
3976 2010 
3977 1979 
3977 320 
3986 772 
3990 207 
3992 206 
4004 610 
4026 163 
4038 1674 
4043 1071 
4054 1298 
4071 75 
4079 158 
4085 2607 
4085 221 
4088 186 
4105 176 
4149 5 
4174 6558 
4201 255 
4222 45 
4227 87 
4232 604 
4256 1762 
4257 139 
4269 298 
4283 526 
4296 380 
4303 679 
4305 138 
4308 68 
4311 775 
4323 84 
4336 71 
4450 1066 
4462 321 
4462 209 
4489 1673 
4519 1696 
4527 132 
4543 174 
4545 31 
4552 11 
4558 194 
4573 1306 
4574 74 
4632 2038 
4656 1126 
4668 330 
4684 1 
4691 342 
4697 21 
4715 101 
4715 1093 
4717 42 
4721 254 
4724 413 
4725 119 
4778 446 
4778 418 
4782 1692 
4829 120 
4834 3357 
4842 61 
4872 68 
4903 494 
4921 386 
4934 270 
4966 3350 
5034 452 
5045 229 
5049 111 
5090 301 
5090 235 
5124 249 
5127 2675 
5135 642 
5150 1631 
5154 405 
5157 1075 
5160 97 
5162 118 
5192 185 
5193 3123 
5209 385 
5227 366 
5274 22 
5294 35 
5307 305 
5325 11 
5330 117 
5405 1709 
5409 762 
5434 456 
5454 1427 
5524 1758 
5539 1189 
5539 378 
5545 546 
5548 380 
5550 1747 
5557 199 
5557 998 
5561 143 
5632 1822 
5640 1327 
5645 468 
5649 1000 
5658 117 
5676 471 
5722 15 
5723 277 
5730 17 
5772 1290 
5797 684 
5835 74 
5837 39 
5853 261 
5866 0 
5922 157 
5962 151 
6001 1345 
6005 95 
6007 1896 
6009 3801 
6020 133 
6020 13 
6025 124 
6062 158 
6129 195 
6197 248 
6207 89 
6211 9443 
6217 1667 
6233 153 
6234 854 
6267 33 
6277 1022 
6321 1066 
6350 1364 
6369 2082 
6369 112 
6386 255 
6392 239 
6408 43 
6410 1095 
6456 136 
6505 1953 
6508 2435 
6537 3322 
6537 1282 
6558 347 
6569 3299 
6589 1364 
6598 683 
6606 910 
6633 962 
6655 743 
6662 1032 
6666 1376 
6669 231 
6672 813 
6689 461 
6702 989 
6711 704 
6741 447 
6744 595 
6744 385 
6746 135 
6765 157 
6770 227 
6790 414 
6831 250 
6848 53 
6859 726 
6867 730 
6867 445 
6872 281 
6897 100 
6902 97 
6931 610 
6933 23 
6938 1047 
6965 162 
6979 379 
6982 1570 
6993 10 
7038 47 
7039 485 
7053 186 
7066 71 
7074 773 
7076 68 
7086 765 
7097 166 
7150 1972 
7156 141 
7171 145 
7194 11 
7194 645 
7198 367 
7273 627 
7293 640 
7299 151 
7384 71 
7424 822 
7430 150 
7445 161 
7458 174 
7469 301 
7477 117 
7484 58 
7491 1076 
7500 292 
7539 197 
7556 1461 
7568 513 
7571 230 
7587 272 
7588 371 
7610 225 
7615 530 
7632 1442 
7634 34 
7648 758 
7649 483 
7653 398 
7664 154 
7683 2368 
7687 312 
7692 2071 
7700 784 
7743 935 
7752 674 
7753 186 
7794 727 
7814 298 
7819 376 
7859 58 
7948 1393 
7956 455 
7964 681 
7988 207 
8000 55 
8000 1897 
8011 50 
8031 47 
8035 758 
8040 100 
8045 454 
8045 41 
8079 33 
8121 536 
8146 60 
8193 723 
8199 1027 
8231 847 
8245 164 
8250 1741 
8257 372 
8297 1869 
8301 648 
8312 98 
8364 177 
8411 1209 
8456 615 
8505 2625 
8556 19 
8582 801 
8597 213 
8621 236 
8647 407 
8712 73 
8797 531 
8856 35 
8868 870 
8894 20 
8940 645 
8967 0 
9023 4595 
9035 25 
9070 1706 
9090 500 
9102 1026 
9135 542 
9153 221 
9163 702 
9193 1518 
9233 38 
9238 1435 
9269 4187 
9317 174 
9319 531 
9330 300 
9331 48 
9348 97 
9387 438 
9403 7 
9419 133 
9425 90 
9443 217 
9446 227 
9489 1586 
9510 825 
9553 15 
9581 384 
9606 973 
9653 782 
9677 376 
9713 2359 
9741 587 
9778 2872 
9783 1376 
9826 1846 
9830 119 
9842 14 
9875 234 
9887 595 
9901 423 
9966 297 
9985 495 
10022 1102 
10062 687 
10112 152 
10115 545 
10149 929 
10177 1145 
10218 588 
10257 1249 
10279 1479 
10281 4740 
10308 4287 
10331 559 
10351 22 
10409 591 
10430 211 
10468 120 
10493 1033 
10512 270 
10579 214 
10592 2110 
10593 1525 
10604 327 
10604 134 
10607 2 
10630 2338 
10631 6193 
10646 334 
10688 217 
10709 824 
10717 24 
10741 61 
10761 373 
10798 3518 
10798 1157 
10811 558 
10812 47 
10820 129 
10837 521 
10858 1187 
10916 162 
10920 29 
10937 1857 
10949 1255 
10966 471 
10981 195 
10988 1636 
11019 63 
11022 96 
11032 487 
11037 177 
11066 341 
11073 141 
11090 2705 
11106 979 
11162 252 
11195 299 
11208 1205 
11250 120 
11252 828 
11269 36 
11287 1003 
11301 124 
11320 268 
11322 1279 
11352 597 
11371 3229 
11373 38 
11387 347 
11391 1542 
11391 215 
11425 459 
11425 459 
11430 407 
11430 407 
11445 257 
11445 257 
11446 84 
11446 84 
11460 109 
11460 109 
11465 1617 
11465 1617 
11537 1643 
11537 1463 
11548 233 
11605 16 
11652 430 
11652 5367 
11661 798 
11696 1346 
11700 408 
11740 161 
11750 548 
11804 410 
11869 1139 
11893 20 
11926 279 
11962 165 
11990 1124 
11998 34 
12014 838 
12015 71 
12023 559 
12039 552 
12046 193 
12076 188 
12099 5671 
12127 821 
12158 415 
12181 240 
12188 2 
12215 9569 
12234 13468 
12273 1863 
12280 1394 
12282 5 
12286 1569 
12339 864 
12360 75 
12371 3895 
12389 1737 
12407 149 
12414 4922 
12427 200 
12465 256 
12478 62 
12485 481 
12518 167 
12543 2513 
12551 626 
12570 491 
12581 1661 
12602 774 
12616 23677 
12642 20 
12644 5 
12666 7 
12690 696 
12703 2380 
12744 656 
12747 116 
12812 346 
12818 2751 
12819 176 
12867 192 
12876 552 
12880 38 
12919 94 
12947 661 
12977 501 
12992 12223 
13095 86 
13119 146 
13140 760 
13145 661 
13204 79 
13213 1042 
13244 568 
13249 25 
13264 236 
13266 548 
13273 782 
13282 299 
13308 2878 
13324 47 
13341 65 
13342 181 
13348 16 
13349 209 
13353 999 
13403 894 
13423 464 
13428 7093 
13441 128 
13442 576 
13445 70 
13461 358 
13461 1219 
13481 335 
13490 1145 
13509 42 
13510 341 
13511 27 
13541 436 
13542 156 
13544 244 
13560 196 
13565 183 
13569 252 
13570 252 
13589 109 
13609 441 
13613 392 
13614 1132 
13626 104 
13629 1879 
13633 499 
13642 135 
13646 38 
13667 671 
13669 2581 
13680 331 
13683 333 
13693 544 
13693 221 
13694 73 
13699 3699 
13707 477 
13719 44 
13723 3425 
13724 35 
13725 829 
13728 72 
13748 1765 
13758 1583 
13765 100 
13776 466 
13810 362 
13810 618 
13813 441 
13815 951 
13825 456 
13827 261 
13829 631 
13841 211 
13857 5038 
13887 11 
13899 157 
13924 456 
13926 340 
13935 915 
13936 279 
13950 204 
13987 333 
14005 475 
14007 912 
14016 100 
14039 2749 
14044 241 
14086 970 
14142 788 
14144 832 
14156 459 
14187 1942 
14196 943 
14234 2417 
14274 1223 
14290 576 
14303 9257 
14313 155 
14317 572 
14324 422 
14326 2794 
14327 53 
14329 130 
14335 7962 
14337 106 
14364 1662 
14368 223 
14386 1618 
14386 935 
14387 9 
14396 443 
14412 228 
14414 1159 
14424 5352 
14432 256 
14435 2220 
14453 329 
14463 1261 
14463 385 
14550 149 
14551 284 
14554 2848 
14585 3086 
14597 1055 
14607 96 
14612 1282 
14619 345 
14625 1301 
14650 130 
14656 774 
14672 724 
14677 1010 
14685 695 
14723 595 
14760 627 
14784 1432 
14787 2576 
14806 2618 
14813 1416 
14840 10694 
14848 90 
14878 113 
14882 501 
14883 400 
14951 1530 
14960 111 
14979 412 
14979 671 
14992 383 
15015 45 
15059 146 
15076 1057 
15080 136 
15108 3919 
15141 2 
15143 2719 
15150 1192 
15155 382 
15176 645 
15178 3805 
15189 458 
15194 1789 
15197 219 
15201 575 
15220 276 
15230 101 
15245 231 
15246 5412 
15259 585 
15260 155 
15262 551 
15334 426 
15385 2058 
15387 1268 
15402 213 
15414 62 
15428 1779 
15440 317 
15485 290 
15495 523 
15517 853 
15540 405 
15556 363 
15670 247 
15671 1 
15687 253 
15697 116 
15738 64 
15789 149 
15797 1042 
15801 1580 
15826 17 
15833 6401 
15851 190 
15860 1067 
15871 2725 
15896 2396 
15905 702 
15905 198 
15928 376 
15945 592 
15946 136 
15961 258 
15962 1630 
16004 258 
16011 1422 
16018 888 
16028 1884 
16048 13 
16063 1093 
16065 124 
16096 403 
16127 173 
16172 1008 
16261 1113 
16280 413 
16289 209 
16290 803 
16311 2053 
16319 937 
16330 492 
16331 349 
16354 675 
16371 1577 
16405 3138 
16442 789 
16493 1592 
16496 57 
16512 2697 
16519 1368 
16522 477 
16543 39 
16551 4263 
16556 580 
16587 1144 
16598 2255 
16609 4062 
16628 3159 
16651 168 
16672 2617 
16673 6230 
16681 237 
16688 599 
16701 1275 
16702 1141 
16779 617 
16786 894 
16810 600 
16812 928 
16833 389 
16854 157 
16876 438 
16876 95 
16889 5700 
16904 631 
16919 869 
16933 252 
16936 255 
16992 744 
17016 1512 
17018 354 
17035 89 
17063 374 
17067 121 
17070 97 
17083 82 
17109 172 
17125 135 
17134 5536 
17142 730 
17152 69 
17220 1190 
17230 11443 
17231 1911 
17308 196 
17317 235 
17346 721 
17349 524 
17366 431 
17376 2546 
17386 832 
17433 1593 
17443 1653 
17463 855 
17486 10134 
17508 24 
17521 473 
17541 275 
17543 2943 
17552 908 
17556 5802 
17558 303 
17568 3058 
17571 334 
17599 1966 
17631 421 
17667 1323 
17672 543 
17748 372 
17752 827 
17764 171 
17768 933 
17788 2396 
17791 565 
17798 264 
17819 619 
17828 886 
17844 307 
17871 227 
17886 323 
17910 210 
17912 1278 
17923 5018 
17936 615 
17937 161 
17937 978 
17951 343 
17976 147 
17994 639 
18012 259 
18024 450 
18028 2240 
18029 27312 
18043 3482 
18055 128 
18082 269 
18106 252 
18177 1123 
18178 469 
18204 87707 
18230 244 
18279 23 
18293 593 
18306 1840 
18310 1894 
18314 118 
18326 7404 
18344 388 
18347 2393 
18361 306 
18367 908 
18376 3546 
18399 4484 
18409 420 
18411 727 
18413 360 
18422 2 
18447 1863 
18525 1326 
18526 1804 
18528 65 
18547 3406 
18552 4945 
18555 824 
18558 2092 
18559 901 
18567 932 
18570 1760 
18594 3898 
18600 1695 
18613 102 
18617 455 
18628 1586 
18636 935 
18677 182 
18702 574 
18756 458 
18777 701 
18790 4494 
18826 356 
18827 313 
18827 912 
18835 650 
18842 283 
18858 32 
18875 797 
18880 79116 
18883 979 
18889 456 
18905 201 
18906 301 
18920 312 
18924 675 
18935 3855 
18937 147 
18937 476 
18947 141 
18951 753 
18957 548 
19029 251 
19033 766 
19038 325 
19047 119 
19064 57 
19079 995 
19083 461 
19127 747 
19141 939 
19141 177 
19144 262 
19170 271 
19195 140 
19200 909 
19200 208 
19200 364 
19208 1713 
19211 35 
19225 447 
19245 229 
19251 714 
19271 1815 
19283 925 
19283 1645 
19356 1379 
19399 20 
19436 784 
19455 43 
19463 2061 
19469 10812 
19479 85 
19484 152 
19491 653 
19498 219 
19505 59 
19525 391 
19602 85 
19650 58 
19684 181 
19686 164 
19689 423 
19699 760 
19708 191 
19749 521 
19752 70 
19756 196 
19766 240 
19767 670 
19782 515 
19809 447 
19826 1598 
19828 267 
19840 1890 
19861 92 
19878 803 
19884 852 
19886 119 
19889 1794 
19900 59 
19901 1935 
19938 1470 
19982 2087 
19986 89 
20005 403 
20010 961 
20014 1139 
20020 1281 
20028 355 
20058 545 
20086 461 
20097 14 
20132 1751 
20133 184 
20160 528 
20186 2132 
20194 28 
20208 328 
20224 901 
20225 450 
20228 469 
20231 79 
20251 337 
20256 522 
20257 465 
20268 612 
20289 542 
20324 8121 
20327 2615 
20340 1464 
20343 241 
20349 1442 
20379 472 
20386 146 
20388 11282 
20401 1620 
20423 48 
20450 802 
20463 940 
20469 486 
20475 5 
20477 625 
20492 114 
20499 1298 
20503 471 
20577 704 
20612 36 
20696 885 
20697 915 
20707 588 
20763 181 
20767 1613 
20778 1876 
20783 1299 
20787 475 
20788 588 
20808 598 
20898 143 
20919 12 
20943 1586 
20947 135 
20952 433 
20980 185 
20997 517 
21015 2408 
21044 493 
21051 924 
21085 674 
21123 934 
21131 1708 
21150 176 
21158 1031 
21166 23 
21320 319 
21327 2064 
21327 1240 
21335 51 
21362 59 
21363 1523 
21368 1216 
21385 386 
21386 398 
21390 1300 
21403 261 
21403 216 
21430 854 
21434 358 
21450 821 
21476 344 
21494 109 
21494 1005 
21517 766 
21537 655 
21541 289 
21548 1454 
21559 1067 
21561 3053 
21567 1157 
21579 446 
21589 736 
21614 243 
21618 3 
21658 206 
21668 1052 
21672 1372 
21686 493 
21701 542 
21725 745 
21728 796 
21749 1516 
21752 285 
21764 235 
21780 1951 
21850 506 
21876 524 
21908 864 
21931 543 
21976 1741 
21986 503 
21990 149 
21999 683 
22024 228 
22026 1648 
22028 494 
22073 817 
22074 1052 
22078 295 
22110 1355 
22116 74 
22154 201 
22166 1113 
22177 980 
22184 1893 
22184 98 
22216 1332 
22226 3123 
22243 1454 
22252 668 
22255 32 
22272 134 
22289 550 
22293 347 
22305 636 
22317 183 
22326 1225 
22341 456 
22351 1499 
22357 444 
22359 2848 
22363 1051 
22376 262 
22394 415 
22398 295 
22401 268 
22406 686 
22409 2865 
22424 311 
22444 1671 
22448 237 
22460 704 
22472 808 
22480 67 
22494 36 
22510 954 
22519 438 
22568 36 
22578 2698 
22607 1212 
22629 157 
22631 2312 
22643 2270 
22644 501 
22677 874 
22685 1037 
22761 589 
22767 927 
22789 1025 
22805 459 
22824 1964 
22837 317 
22935 1070 
22950 749 
22964 1482 
22991 390 
23015 504 
23093 1340 
23107 563 
23123 954 
23145 635 
23186 4627 
23186 2937 
23193 468 
23202 1071 
23208 1168 
23288 28 
23305 2298 
23307 54 
23307 166 
23329 1338 
23354 174 
23381 1004 
23402 1231 
23413 45 
23449 912 
23497 475 
23514 1309 
23532 60 
23541 173 
23543 53 
23585 313 
23594 273 
23595 315 
23615 280 
23651 1570 
23663 516 
23669 21809 
23682 484 
23690 7865 
23733 727 
23739 78 
23740 1714 
23743 3333 
23754 2163 
23760 266 
23779 1086 
23797 1280 
23827 249 
23842 8 
23844 290 
23883 278 
23886 331 
23889 453 
23902 253 
23912 1201 
23918 84 
23927 1730 
23937 2598 
24003 351 
24014 705 
24016 331 
24034 981 
24064 1359 
24089 1477 
24162 335 
24198 256 
24201 360 
24290 189 
24323 321 
24327 1090 
24366 1369 
24366 1746 
24403 293 
24406 503 
24420 18 
24434 2085 
24443 414 
24461 1841 
24477 295 
24490 170 
24492 488 
24519 816 
24520 705 
24528 953 
24596 139 
24647 743 
24685 1229 
24696 37 
24697 37 
24704 663 
24750 696 
24764 696 
24799 488 
24801 722 
24813 241 
24819 196 
24829 86 
24905 406 
24912 1047 
24979 496 
24987 2362 
25002 38 
25009 1180 
25033 250 
25038 291 
25054 584 
25099 764 
25144 356 
25179 2189 
25229 550 
25232 199 
25240 661 
25259 130 
25275 484 
25290 2796 
25324 1136 
25325 186 
25354 83 
25397 127 
25397 598 
25465 719 
25475 970 
25476 5 
25477 1724 
25485 833 
25500 29 
25512 2240 
25560 750 
25586 824 
25591 161 
25600 218 
25657 98 
25661 295 
25664 77 
25715 1314 
25726 3913 
25748 165 
25752 213 
25754 1132 
25769 6390 
25773 61 
25781 629 
25793 1597 
25827 421 
25840 2695 
25855 5 
25871 808 
25878 130 
25881 286 
25890 832 
25908 1580 
25924 1421 
25928 1824 
25947 239 
25961 1881 
26006 5424 
26019 76 
26024 11 
26028 305 
26074 1036 
26086 524 
26117 19311 
26139 227 
26158 1429 
26161 883 
26203 2515 
26204 764 
26248 284 
26349 594 
26364 751 
26365 66 
26365 1150 
26377 1575 
26416 3794 
26433 442 
26440 3738 
26497 924 
26514 2162 
26533 272 
26534 552 
26536 481 
26563 454 
26565 1583 
26576 2147 
26576 2147 
26579 742 
26579 742 
26608 41 
26608 41 
26643 225 
26685 1344 
26718 641 
26727 332 
26743 268 
26799 443 
26809 519 
26823 199 
26828 1272 
26946 45 
26969 911 
26973 3170 
27004 3657 
27010 1233 
27014 1353 
27042 925 
27058 666 
27063 2145 
27133 949 
27189 1818 
27198 511 
27218 3944 
27274 402 
27397 912 
27408 1706 
27446 483 
27472 339 
27479 551 
27546 265 
27581 74 
27597 1864 
27599 1448 
27606 4170 
27612 4180 
27624 524 
27632 245 
27641 486 
27649 0 
27692 718 
27705 768 
27718 472 
27765 608 
27768 111 
27782 268 
27850 322 
27855 189 
27934 97 
27961 168 
27979 1167 
27988 91 
27994 118 
28016 376 
28037 902 
28112 624 
28151 1180 
28157 44 
28176 293 
28221 359 
28227 572 
28305 3532 
28354 907 
28414 284 
28474 1030 
28477 1160 
28480 1498 
28495 877 
28530 158 
28642 40 
28674 208 
28684 2521 
28726 445 
28815 835 
28818 433 
28850 3355 
28855 1255 
28893 424 
28894 979 
28914 234 
28915 590 
28952 257 
28966 124 
29008 3014 
29020 841 
29021 770 
29049 1255 
29059 55 
29069 1389 
29092 1523 
29162 901 
29178 115 
29265 493 
29272 410 
29282 140 
29295 2324 
29312 379 
29315 1252 
29336 344 
29412 1684 
29440 1684 
29485 1735 
29492 623 
29547 64 
29552 224 
29593 2 
29597 205 
29623 1102 
29638 1371 
29685 399 
29698 1321 
29738 358 
29760 323 
29781 216 
29785 144 
29829 56 
29858 190 
29902 417 
29923 5637 
29928 714 
29973 434 
30106 1016 
30153 379 
30191 1385 
30205 1316 
30232 31 
30265 301 
30270 1046 
30355 47 
30364 156 
30388 1175 
30402 976 
30412 2717 
30439 336 
30467 5209 
30476 2629 
30480 273 
30527 174 
30527 45 
30559 1070 
30643 893 
30672 689 
30703 289 
30805 203 
30805 369 
30847 68 
30854 987 
30857 826 
30896 2041 
30903 294 
30951 1268 
30985 887 
30990 1835 
31025 942 
31208 288 
31220 1269 
31239 187 
31271 611 
31286 53 
31290 8790 
31302 1126 
31350 363 
31353 763 
31367 1112 
31384 2939 
31409 898 
31413 1105 
31418 47 
31444 79 
31448 231 
31458 202 
31460 84 
31478 417 
31483 2676 
31519 582 
31630 9 
31721 1094 
31768 1043 
31797 5042 
31846 1668 
31853 1448 
31856 1348 
31857 541 
31917 37 
31963 65 
31995 321 
32042 176 
32078 1874 
32079 1480 
32132 89 
32269 278 
32275 949 
32298 2200 
32329 1357 
32376 89 
32409 564 
32426 1736 
32433 502 
32445 205 
32457 1076 
32463 884 
32493 62 
32523 314 
32562 597 
32621 701 
32643 340 
32668 122 
32687 196 
32709 56 
32731 735 
32742 2728 
32761 400 
32845 234 
32860 4 
32875 29 
32879 219 
32896 772 
32931 11 
32941 650 
32988 679 
33012 38 
33048 144 
33111 960 
33118 219 
33144 2123 
33149 203 
33172 1757 
33271 625 
33392 83 
33394 289 
33430 934 
33468 843 
33532 206 
33537 340 
33566 459 
33573 79 
33605 877 
33620 444 
33656 67 
33671 1066 
33712 63 
33730 2249 
33786 396 
33857 207 
33876 399 
33922 127 
33938 1097 
33985 1304 
33998 5231 
34026 3869 
34059 200 
34070 671 
34098 386 
34107 903 
34115 1419 
34116 45 
34225 1223 
34247 1414 
34255 1293 
34276 339 
34282 407 
34299 746 
34303 191 
34332 368 
34338 9 
34437 717 
34493 1047 
34506 543 
34566 433 
34581 266 
34598 45 
34608 201 
34653 715 
34698 400 
34706 1224 
34731 25 
34772 644 
34787 2836 
34844 565 
34844 1815 
34861 1470 
34901 341 
34903 1105 
34916 708 
34918 1365 
34918 231 
34926 230 
34938 577 
34950 143 
34965 99 
34966 501 
34993 1477 
35008 580 
35034 218 
35093 2099 
35119 2049 
35131 94 
35203 460 
35216 165 
35218 300 
35232 896 
35249 352 
35348 824 
35358 118 
35370 182 
35505 423 
35525 886 
35614 76 
35615 247 
35631 407 
35684 0 
35697 50 
35739 647 
35760 55 
35771 423 
35802 1281 
35830 640 
35899 19 
35912 453 
35947 280 
35953 627 
35970 2576 
36039 138 
36105 2854 
36133 854 
36137 695 
36143 673 
36165 913 
36189 584 
36193 1739 
36205 60 
36215 613 
36221 1057 
36234 591 
36237 8992 
36297 353 
36300 286 
36302 4074 
36310 675 
36366 287 
36381 1121 
36385 921 
36393 1755 
36409 1142 
36429 916 
36507 204 
36510 104 
36580 687 
36747 564 
36799 1504 
36831 270 
36857 437 
36866 611 
36885 120 
36902 2432 
36922 435 
36931 823 
36963 79 
37011 419 
37065 4665 
37080 217 
37082 387 
37099 1351 
37259 203 
37290 436 
37297 657 
37308 99 
37325 186 
37383 56 
37388 140 
37414 657 
37434 604 
37488 142 
37509 716 
37544 1168 
37549 724 
37560 106 
37575 339 
37595 7354 
37621 1108 
37659 60 
37664 75 
37712 14 
37749 69 
37798 930 
37879 217 
37894 1450 
37909 989 
37962 191 
38050 183 
38092 91 
38107 327 
38128 506 
38135 55 
38165 415 
38172 215 
38174 860 
38206 881 
38231 1061 
38244 5 
38264 1116 
38289 1272 
38427 3763 
38469 284 
38492 1019 
38497 541 
38538 12 
38550 483 
38584 1479 
38589 218 
38595 223 
38646 665 
38758 581 
38767 1476 
38793 274 
38802 1081 
38852 549 
38855 61 
38897 1045 
38960 94 
39045 303 
39112 388 
39149 933 
39175 168 
39181 181 
39197 658 
39214 773 
39221 184 
39228 172 
39262 2328 
39275 3872 
39293 327 
39332 191 
39374 715 
39434 806 
39442 667 
39460 501 
39487 1149 
39597 314 
39667 949 
39686 1361 
39709 2207 
39722 1277 
39782 68 
39808 4121 
39926 735 
39928 604 
39952 181 
39959 1700 
39972 82 
40031 120 
40042 139 
40092 68 
40113 3037 
40157 656 
40180 1039 
40192 16070 
40232 1041 
40255 221 
40261 1362 
40319 277 
40346 880 
40349 1012 
40404 3129 
40481 2079 
40523 765 
40586 396 
40603 2813 
40736 944 
40808 187 
40842 1317 
40890 177 
40933 207 
40952 2 
41002 358 
41085 420 
41095 563 
41202 21 
41243 1031 
41281 149 
41330 27 
41425 1755 
41535 1651 
41562 961 
41623 8 
41641 47 
41661 1604 
41731 1149 
41756 549 
41765 265 
41789 728 
41844 692 
41896 971 
41901 143 
41906 1596 
41915 830 
42000 556 
42066 5 
42066 5 
42171 218 
42199 1830 
42244 810 
42363 2311 
42525 175 
42552 12 
42645 39 
42680 1973 
42822 87 
42822 1143 
42842 1207 
42878 1524 
42902 1449 
42940 43 
42976 278 
43025 1057 
43069 536 
43099 1486 
43119 675 
43241 3632 
43261 221 
43290 1002 
43294 727 
43310 866 
43342 94 
43410 5995 
43441 639 
43445 411 
43498 2671 
43503 746 
43585 1206 
43652 1150 
43657 596 
43660 13088 
43690 2512 
43778 197 
43836 403 
43866 4657 
43978 6 
44016 0 
44031 1716 
44034 1879 
44059 26 
44074 22 
44134 57 
44139 1554 
44215 259 
44257 519 
44298 204 
44370 845 
44372 2066 
44421 349 
44451 1162 
44455 21 
44477 478 
44559 5834 
44667 909 
44729 715 
44770 2950 
44782 2782 
44882 82 
44892 103 
44927 1115 
45008 2416 
45017 266 
45300 469 
45431 757 
45523 35 
45627 83 
45845 161 
45876 232 
45886 135 
45895 1049 
45935 1729 
45994 20 
46007 1276 
46063 21 
46152 2818 
46173 1816 
46204 402 
46220 1213 
46260 1354 
46298 940 
46299 2170 
46308 4422 
46430 12 
46456 3 
46509 65 
46645 1712 
46656 3619 
46674 584 
46732 90 
46791 312 
46795 4 
46840 797 
46868 260 
46883 276 
46905 459 
47053 488 
47078 1200 
47107 1012 
47154 1281 
47156 101 
47165 429 
47167 329 
47182 3900 
47251 576 
47285 25 
47303 40 
47341 262 
47403 3197 
47440 86 
47548 229 
47558 41 
47573 1250 
47629 1 
47678 291 
47745 2418 
47791 234 
47873 250 
47967 268 
48037 653 
48185 1499 
48225 583 
48265 3955 
48517 2757 
48562 173 
48572 581 
48639 97 
48722 139 
48726 600 
48761 2176 
48788 135 
48824 110 
48886 533 
49040 1429 
49106 823 
49226 894 
49316 1134 
49332 37 
49332 503 
49412 663 
49465 96 
49489 864 
49544 1785 
49547 1106 
49561 1244 
49570 3431 
49595 615 
49690 321 
49736 134 
49849 627 
49895 153 
50047 111 
50112 1466 
50228 3840 
50257 17 
50265 587 
50346 276 
50363 4222 
50370 237 
50388 253 
50394 1615 
50399 67 
50406 744 
50422 1031 
50437 3517 
50437 545 
50493 3495 
50513 1917 
50551 209 
50599 75 
50642 758 
50710 1450 
50782 276 
50950 355 
51036 1686 
51040 813 
51104 362 
51106 343 
51198 529 
51205 2010 
51227 2744 
51252 1022 
51489 602 
51864 472 
52047 700 
52099 250 
52446 131 
52450 374 
52555 358 
52695 59 
52978 4821 
53118 214 
53512 247 
53608 49 
53725 579 
53726 1309 
53789 131 
53800 1091 
53809 1799 
54085 238 
54153 145 
54189 2540 
54343 1056 
54467 484 
54579 1560 
54806 293 
54841 580 
54990 698 
55065 1795 
55091 2013 
55092 692 
55132 1556 
55180 68 
55189 1127 
55248 420 
55264 528 
55387 18 
55400 0 
55455 162 
55574 555 
55626 1592 
55664 1367 
55725 31 
55727 1476 
55849 421 
55893 2130 
55897 553 
56021 59 
56022 1062 
56088 107 
56196 1177 
56693 2241 
56705 981 
56884 334 
56885 3193 
56925 1211 
57005 728 
57121 1533 
57478 61 
57849 4271 
58575 1660 
58583 54 
58733 408 
58974 28 
59180 116 
59231 647 
59420 358 
59445 3669 
59468 80 
59500 144 
59795 145 
59811 726 
59818 67 
59854 944 
59991 702 
60116 0 
60259 53 
60453 466 
60612 68 
60771 700 
60807 379 
60901 1434 
61079 1988 
61125 1105 
61213 242 
61230 411 
61244 670 
61286 109 
61367 995 
61407 1814 
61487 610 
61557 704 
62012 921 
62058 2015 
62441 56 
62663 764 
62708 1067 
62751 80 
62771 145 
63121 477 
63356 0 
63795 766 
63809 832 
64214 90 
64584 590 
64650 88 
64703 268 
64918 84 
65549 83 
65583 197 
66495 959 
66716 648 
66862 86 
66995 112 
67132 646 
67377 238 
67395 252 
67719 101 
68027 0 
68211 617 
68216 734 
68489 490 
68627 588 
68662 1045 
68737 0 
68912 564 
69101 336 
69473 159 
69719 811 
69883 7 
69992 68 
70121 235 
70276 303 
70630 521 
70697 2074 
71604 1536 
71622 909 
71761 381 
71930 1612 
72454 303 
72770 554 
72812 424 
73149 2359 
73155 350 
73296 918 
73394 322 
73403 10 
73532 202 
73816 101 
74433 48 
74676 623 
74973 536 
75186 247 
75417 2418 
76899 263 
76944 259 
77479 1239 
77804 884 
78375 103 
78900 263 
80483 20183 
80525 1177 
80629 216 
80639 177 
81098 1107 
81143 473 
81183 9515 
81297 220 
81950 205 
82075 498 
83203 1718 
83906 2460 
84292 1088 
84351 815 
84982 124 
85018 637 
85776 5088 
86386 104 
86795 599 
87228 106 
87300 139 
87520 523 
87602 398 
87602 398 
87992 300 
88751 125 
89261 965 
89309 124 
89742 225 
90106 639 
90521 123 
90560 405 
90600 1037 
91207 864 
91608 448 
92430 1422 
92600 125 
92678 1445 
92815 539 
92865 210 
92970 277 
93011 392 
93283 926 
93418 3219 
93529 70 
93699 483 
93866 295 
94304 29 
95167 949 
95626 1128 
95778 774 
95900 278 
96315 6 
96390 161 
96679 1169 
97326 1062 
97400 701 
97725 201 
97795 4097 
98082 34 
98599 55 
98769 41 
98822 411 
99068 2022 
99119 197 
99315 145 
99452 3866 
99581 256 
100809 1905 
101013 201 
101059 137 
101230 155 
101959 327 
102299 497 
102445 92 
102445 1014 
102700 2414 
102737 6467 
103295 888 
103370 365 
103417 273 
103419 1042 
103610 312 
103618 517 
104374 55 
104730 619 
104735 154 
104841 524 
105868 252 
105921 301 
106439 333 
106638 620 
106888 472 
107122 424 
107222 20 
107339 746 
107735 350 
107969 1968 
108099 1750 
108168 1107 
108238 511 
108432 1290 
108526 140 
108597 1159 
108622 4075 
108645 828 
108833 274 
108921 388 
109149 57 
109184 310 
109246 61 
109257 194 
109790 765 
110187 1124 
110414 1126 
110456 577 
110545 903 
110614 380 
111068 742 
111096 42 
111310 1542 
111652 260 
111662 158 
111806 14 
111893 510 
112393 248 
112890 244 
112931 346 
112969 597 
113060 1503 
113150 10034 
113312 965 
113348 125 
113609 79 
113658 63 
113885 1775 
113888 1361 
113931 105 
114633 2515 
114908 377 
115268 96 
115497 404 
115583 725 
115711 61 
115804 334 
116133 950 
116288 366 
116861 1245 
117090 1964 
117418 292 
117646 585 
117747 1687 
118800 1111 
118974 621 
119019 601 
119129 309 
119166 205 
119420 845 
119485 176 
119691 186 
119896 3848 
119913 1286 
119922 174 
120176 123 
120241 394 
120265 934 
120581 193 
120688 32 
120724 1279 
120832 2381 
121200 218 
121261 285 
121272 913 
121378 946 
121766 245 
121813 329 
121889 1592 
122135 60 
122139 689 
122200 3 
122232 1826 
122243 1128 
122295 486 
122302 784 
122324 1390 
122493 183 
122665 1276 
122695 660 
122972 3402 
123016 723 
123198 1088 
123246 517 
123320 4551 
123330 2566 
123378 3345 
123424 983 
123503 309 
123581 311 
123644 284 
123704 548 
123713 1489 
123866 727 
124644 1311 
124858 51 
125024 486 
125066 817 
125093 5609 
125106 472 
125117 401 
125132 213 
125169 80 
125211 62 
125260 28 
125372 976 
125422 344 
125437 35 
125483 882 
125565 1344 
125731 3571 
125870 569 
125936 54 
126292 346 
126368 58 
126384 294 
126442 439 
126477 1001 
126839 182 
127340 809 
127668 3965 
128033 378 
128251 397 
128300 965 
128395 1247 
128548 121 
128599 408 
129018 147 
129041 98 
129296 5575 
129606 95 
129807 42601 
129832 122 
129862 240 
129895 325 
130034 550 
130250 143 
130267 769 
130380 29 
130431 427 
130695 175 
130807 10609 
131021 514 
131141 24 
131174 50 
142989 256 
143774 89 
144102 4 
144134 700 
144214 241 
145011 259 
145231 145 
145394 1091 
146221 563 
146692 1556 
147262 433 
147262 433 
148790 74 
149608 1629 
150019 1328 
151690 1204 
152305 466 
152612 308 
156448 914 
156631 1092 
157045 3140 
157155 1487 
160573 141 
160682 257 
160772 198 
160823 727 
161128 294 
161293 315 
161518 663 
161854 350 
162369 16 
162537 1167 
162537 1167 
164324 11 
165675 504 
165762 124 
167858 133 
168015 395 
169219 1620 
169566 1071 
170183 177 
171343 16 
172167 946 
173084 61 
173761 501 
174342 411 
174513 55 
174682 241 
174702 611 
176605 298 
176701 23 
176982 1600 
177019 128 
177631 975 
178203 77 
178743 65 
178783 726 
178867 438 
178883 512 
179196 1024 
179230 1599 
179897 402 
181352 591 
183215 433 
183981 454 
184796 439 
185479 1170 
187579 189 
188065 131 
188091 809 
188715 279 
188816 255 
189090 639 
190115 378 
190863 344 
190874 3511 
191880 254 
191921 602 
191988 170 
192921 98 
193037 2217 
193918 591 
194471 1357 
194518 599 
195819 531 
196135 862 
196159 247 
196362 78 
196407 301 
196622 452 
197327 1066 
197590 567 
197640 5076 
197655 585 
197676 1459 
197795 264 
198093 27 
198373 582 
198483 2361 
198566 399 
198601 42 
199010 28 
199242 2163 
199334 3021 
200106 326 
200213 617 
200936 1401 
201684 20 
201953 250 
203674 615 
204368 144 
204376 2020 
204471 376 
204630 125 
205194 108 
205309 431 
205913 6730 
206004 186 
206026 398 
206359 903 
206596 1177 
206972 218 
207084 271 
207647 1382 
207647 1382 
207650 1936 
207650 1936 
208213 47 
208232 2357 
209741 325 
211074 730 
212347 240 
213701 748 
214180 3670 
215945 634 
218643 618 
219593 135 
219994 831 
220085 248 
221386 3467 
222099 32 
222452 199 
222452 199 
222941 310 
224231 1807 
224412 34 
225820 139 
227605 561 
229957 1511 
230327 884 
230439 216 
231202 524 
231588 107 
231671 243 
232156 854 
235512 675 
236948 558 
239141 740 
239390 88 
241008 347 
246000 44 
249522 2798 
249846 187 
250393 20 
254711 260 
255012 42 
255527 816 
257393 165 
257564 162 
259119 1957 
259233 1330 
259337 433 
259901 76 
260361 747 
260818 145 
261371 357 
261986 138 
263201 335 
264042 146 
264457 730 
264484 1250 
266234 1200 
268784 145 
271718 127 
271786 276 
274153 276 
274191 361 
274570 2613 
274601 566 
274795 12 
274935 39 
276492 1 
279464 4140 
279648 545 
280714 92 
282401 380 
283784 238 
283974 914 
284160 1135 
284966 1309 
285027 625 
285504 35 
286650 1089 
287128 1440 
287145 1679 
287161 495 
287260 150 
289675 272 
290825 331 
291195 1030 
291476 121 
295229 818 
298372 1218 
298933 46 
299640 480 
300217 2862 
300246 1123 
300835 161 
302938 122 
306876 151 
308183 1890 
308242 1449 
311448 980 
312560 2816 
314403 269 
316787 926 
320802 155 
323061 1583 
326527 299 
329031 176 
334830 292 
337213 95 
338192 1377 
338445 352 
340043 6 
341227 1018 
341568 463 
342659 573 
347568 22514 
347653 643 
347664 1763 
347708 96 
347749 95 
347814 92 
348524 68 
348873 80 
349523 305 
353939 591 
356053 35 
359195 636 
360307 9 
364447 270 
365305 294 
366041 1264 
369450 1504 
369461 2458 
369468 2117 
369469 872 
369473 154 
369525 147 
369664 95 
370723 124 
371864 895 
372482 622 
374276 34 
375504 209 
378108 839 
381631 102 
384717 1662 
388724 4075 
388745 504 
389002 72 
389310 2012 
389974 905 
394951 4004 
396741 933 
401438 318 
421338 1280 
421773 151 
425229 135 
431935 327 
433140 557 
433301 366 
434306 311 
434371 610 
435035 956 
437063 365 
440214 1045 
441751 318 
448133 68 
450311 3791 
450854 194 
452225 159 
453542 937 
453597 26 
461498 1162 
461559 1170 
464681 148 
464845 869 
468777 690 
469162 3975 
470890 96 
472233 504 
474989 28 
492907 2139 
497222 361 
503337 315 
511848 222 
523390 128 
523390 128 
536310 2339 
546620 311 
552109 209 
552253 1810 
554746 699 
561472 1357 
563297 956 
565360 1336 
570382 132 
572724 891 
594565 475 
