2401 11.0263773148
0 2707850 
7 348 
9 297 
10 153 
11 72 
15 209 
17 322 
21 86 
22 222 
23 1342 
24 201 
25 117 
26 226 
28 108 
28 727 
28 438 
29 556 
32 43 
33 15 
33 60 
34 130 
35 74 
35 185 
87 68 
88 178 
88 125 
88 56 
88 161 
89 192 
89 49 
90 41 
90 187 
90 96 
91 164 
91 78 
91 29 
92 270 
92 30 
92 72 
93 36 
93 232 
93 188 
93 283 
94 279 
95 33 
95 925 
95 333 
96 138 
96 183 
97 54 
97 130 
97 46 
97 336 
98 6 
98 98 
98 66 
99 1852 
99 108 
99 147 
99 166 
100 163 
100 289 
100 547 
100 89 
100 103 
100 574 
101 66 
101 160 
101 7 
102 588 
102 20 
102 105 
102 42 
103 95 
104 37 
104 202 
104 106 
105 266 
105 191 
105 67 
105 194 
106 196 
107 487 
107 177 
107 207 
107 192 
108 156 
109 179 
109 142 
109 10 
109 98 
109 108 
109 108 
110 982 
111 57 
112 58 
112 782 
112 40 
112 95 
113 76 
113 104 
113 43 
114 69 
115 38 
116 205 
116 138 
116 275 
116 154 
117 130 
117 141 
117 62 
118 92 
118 24 
118 61 
118 230 
118 8 
118 157 
118 54 
120 255 
120 299 
120 109 
121 48 
121 42 
122 146 
122 30 
122 205 
122 103 
122 410 
122 107 
122 232 
123 289 
123 46 
124 61 
124 52 
125 54 
125 177 
125 652 
126 89 
127 534 
128 181 
128 51 
129 297 
129 89 
129 34 
129 112 
129 53 
130 67 
130 138 
130 120 
130 74 
130 71 
131 48 
131 122 
132 152 
132 34 
132 93 
133 19 
133 309 
134 94 
135 683 
135 220 
135 518 
136 621 
136 488 
137 27 
138 143 
138 672 
138 64 
138 208 
138 649 
140 196 
141 38 
141 30 
141 168 
142 98 
142 36 
142 107 
143 431 
143 170 
143 251 
144 226 
144 64 
144 10 
144 107 
146 144 
146 851 
148 90 
148 15 
148 144 
148 42 
149 152 
149 88 
149 31 
150 131 
151 14 
151 66 
151 196 
151 76 
152 133 
152 212 
153 81 
153 6 
153 132 
154 18 
154 82 
154 153 
154 27 
155 206 
155 244 
155 104 
155 59 
155 183 
155 70 
155 431 
155 197 
155 69 
156 67 
157 8 
157 88 
158 394 
158 196 
159 42 
159 115 
159 32 
159 27 
160 41 
160 26 
160 180 
161 125 
161 307 
161 168 
162 80 
163 3 
164 38 
164 433 
164 234 
165 61 
165 187 
165 550 
166 137 
166 261 
166 14 
167 312 
167 49 
167 51 
167 163 
167 366 
168 11 
168 106 
168 135 
168 226 
168 254 
169 64 
169 330 
169 283 
170 66 
170 216 
170 265 
170 81 
170 231 
171 107 
171 60 
172 100 
173 575 
173 25 
173 588 
175 55 
177 2624 
177 59 
177 17 
177 842 
178 30 
178 48 
179 73 
179 226 
180 226 
180 35 
180 276 
181 152 
181 36 
182 68 
183 183 
185 176 
185 340 
187 241 
187 45 
188 24 
189 78 
189 40 
190 194 
190 171 
190 214 
190 106 
191 40 
193 24 
194 223 
194 64 
194 246 
194 79 
194 93 
195 631 
195 187 
195 138 
196 47 
196 22 
197 74 
198 53 
198 46 
198 389 
198 5 
199 75 
200 119 
201 83 
201 206 
201 152 
201 151 
202 233 
202 129 
203 79 
203 51 
204 293 
204 55 
205 479 
206 16 
206 70 
206 121 
206 97 
207 132 
207 17 
207 116 
208 27 
208 143 
208 47 
209 2888 
209 97 
209 97 
210 286 
210 1136 
210 19 
210 82 
211 174 
211 134 
212 49 
212 7 
213 13 
263 650 
264 272 
265 353 
265 120 
265 225 
266 157 
267 60 
268 86 
268 137 
268 202 
268 51 
269 325 
270 79 
270 306 
271 76 
271 49 
271 0 
271 117 
273 47 
274 182 
274 291 
274 76 
275 1421 
276 142 
276 618 
276 35 
277 5 
277 301 
278 193 
278 86 
279 139 
279 49 
279 51 
280 6 
281 126 
281 251 
282 43 
283 357 
283 338 
284 56 
286 41 
286 27 
287 113 
288 415 
288 34 
288 230 
288 153 
288 27 
289 151 
289 269 
290 214 
292 1022 
292 75 
292 136 
293 36 
293 339 
293 63 
295 175 
295 265 
295 19 
296 14 
296 51 
297 4 
297 136 
298 5 
298 304 
299 12 
302 41 
302 78 
303 669 
304 44 
305 35 
306 678 
306 1344 
306 48 
307 11 
308 77 
308 459 
308 42 
309 64 
311 23 
311 536 
311 36 
313 45 
314 129 
314 32 
314 45 
315 782 
317 250 
317 669 
318 178 
319 360 
320 333 
320 165 
321 14 
321 117 
322 37 
322 65 
323 51 
323 95 
323 253 
323 15 
324 268 
324 69 
324 109 
325 112 
326 2431 
326 27 
326 289 
328 47 
328 120 
329 263 
329 133 
330 52 
334 185 
334 126 
335 62 
335 80 
337 23 
337 75 
338 99 
339 272 
339 23 
340 134 
340 220 
341 89 
342 71 
342 57 
343 166 
343 62 
343 143 
344 130 
346 362 
346 160 
347 215 
349 74 
349 107 
350 5 
351 91 
352 151 
352 197 
352 360 
353 306 
354 5 
357 39 
358 20 
360 24 
361 63 
363 33 
363 143 
364 414 
365 229 
365 82 
367 153 
367 24 
367 165 
367 144 
369 135 
369 24 
370 32 
372 59 
372 89 
373 230 
373 75 
373 217 
377 47 
378 103 
380 55 
381 81 
382 15 
382 676 
383 65 
386 192 
388 42 
390 355 
391 147 
445 63 
446 233 
449 8 
451 105 
451 230 
452 28 
452 100 
452 104 
453 56 
455 201 
456 96 
460 68 
460 213 
463 190 
467 247 
469 41 
469 117 
471 22 
474 44 
475 283 
475 63 
477 159 
479 208 
482 627 
483 27 
484 274 
487 171 
487 41 
490 95 
491 116 
494 31 
496 312 
496 7 
498 116 
499 148 
499 56 
499 348 
500 43 
500 39 
502 186 
503 122 
505 145 
505 64 
507 18 
507 24 
509 431 
510 25 
513 221 
514 170 
517 137 
518 99 
519 50 
520 21 
524 38 
524 34 
524 222 
526 106 
526 37 
527 29 
527 8 
529 94 
530 36 
531 104 
531 195 
535 174 
537 70 
539 51 
540 8 
542 819 
543 80 
544 34 
545 45 
545 143 
545 458 
548 192 
550 17 
551 1960 
552 91 
602 7 
602 23 
604 78 
604 63 
605 527 
605 94 
606 94 
607 105 
609 173 
611 510 
612 89 
613 60 
614 70 
622 76 
628 66 
629 108 
631 125 
632 63 
632 11 
632 116 
634 257 
639 303 
640 643 
642 19 
642 89 
645 52 
646 329 
649 50 
649 31 
649 139 
651 39 
652 45 
656 656 
656 595 
657 93 
658 4 
661 87 
661 44 
662 119 
664 543 
665 260 
665 55 
667 25 
667 124 
669 97 
669 172 
670 248 
670 144 
672 104 
672 41 
673 57 
673 117 
673 24 
673 140 
674 33 
677 22 
678 95 
679 1070 
681 24 
682 91 
685 208 
686 75 
687 42 
687 127 
689 7 
690 121 
696 100 
697 58 
700 34 
703 25 
703 9 
703 25 
704 14 
707 1067 
708 79 
708 36 
710 5 
710 50 
710 15 
713 56 
714 418 
715 201 
762 156 
763 90 
764 131 
765 169 
767 25 
769 39 
770 19 
770 25 
770 64 
771 118 
775 249 
777 4 
779 47 
781 435 
782 41 
783 60 
783 101 
787 133 
789 19 
790 97 
792 20 
792 65 
794 280 
794 395 
797 659 
799 23 
799 152 
800 110 
800 78 
801 17 
807 152 
807 107 
809 73 
812 25 
812 107 
813 49 
813 179 
815 56 
816 169 
817 51 
817 18 
824 82 
827 100 
830 211 
831 26 
834 15 
837 113 
837 13 
838 14109 
841 111 
844 229 
846 603 
849 223 
849 32 
852 34 
855 616 
856 212 
859 8 
861 85 
861 147 
861 245 
862 293 
863 422 
864 43 
866 101 
870 19 
870 110 
871 121 
872 26 
873 113 
874 134 
876 33 
876 16 
878 33 
932 106 
937 126 
939 92 
941 12 
945 567 
946 40 
946 196 
946 221 
947 3 
948 906 
950 170 
950 39 
952 520 
957 441 
961 218 
961 146 
963 305 
964 169 
967 31 
973 153 
974 111 
975 1076 
980 85 
983 17 
984 69 
984 33 
989 59 
990 98 
991 118 
992 160 
994 32 
994 400 
995 539 
996 9 
997 73 
998 114 
1002 102 
1002 61 
1004 27 
1006 844 
1007 47 
1015 238 
1016 214 
1022 30 
1026 6 
1029 193 
1036 105 
1040 57 
1041 15 
1045 54 
1046 384 
1047 73 
1055 62 
1056 134 
1058 135 
1123 22 
1124 80 
1130 5 
1131 71 
1132 4 
1133 50 
1136 33 
1139 113 
1141 1443 
1144 76 
1144 62 
1145 75 
1145 168 
1151 130 
1152 45 
1154 324 
1155 120 
1161 111 
1164 32 
1165 64 
1168 60 
1171 209 
1174 112 
1175 182 
1176 302 
1178 487 
1178 208 
1182 100 
1182 49 
1185 62 
1185 73 
1186 43 
1189 35 
1190 56 
1191 161 
1191 332 
1192 51 
1193 52 
1193 79 
1194 87946 
1196 22 
1197 11 
1202 70 
1202 111 
1203 145 
1204 23 
1204 24 
1211 44 
1212 63 
1215 4 
1220 49 
1220 196 
1221 219 
1230 164 
1230 38 
1234 40 
1239 178 
1240 48 
1242 62 
1243 8 
1243 105 
1244 215 
1252 382 
1252 132 
1255 21 
1263 109 
1316 443 
1318 44 
1319 6 
1321 205 
1324 13 
1326 83 
1326 117 
1329 14 
1332 20 
1335 25 
1337 116 
1339 25 
1343 64 
1346 83 
1351 36 
1352 62 
1354 105 
1360 24 
1361 442 
1367 62 
1368 37 
1370 108 
1371 31 
1373 24 
1374 495 
1379 20 
1380 36 
1380 126 
1381 44 
1387 232 
1388 48 
1388 39 
1391 32 
1392 295 
1395 13 
1396 125 
1399 43 
1404 12 
1404 215 
1405 100 
1407 109 
1416 167 
1472 76 
1476 15 
1480 5 
1496 23 
1501 126 
1503 432 
1506 328 
1506 96 
1520 359 
1522 81 
1525 74 
1525 22 
1528 3755 
1528 372 
1534 46 
1540 90 
1541 292 
1549 47 
1550 2663 
1565 127 
1568 39 
1571 5 
1574 80 
1634 36 
1635 51 
1635 59 
1644 65 
1650 59 
1656 36 
1657 19 
1661 9 
1670 409 
1671 13 
1677 72 
1680 242 
1692 70 
1695 46 
1696 35 
1696 71 
1697 118 
1699 8 
1703 26 
1706 15 
1718 247 
1719 27 
1723 71 
1726 91 
1727 37 
1733 96 
1735 67 
1736 24 
1741 20 
1741 34 
1742 138 
1747 59 
1749 40 
1752 30 
1755 79 
1812 46 
1813 76 
1817 76 
1818 47 
1826 551 
1829 48 
1843 550 
1845 42 
1851 79 
1853 176 
1855 34 
1858 7 
1859 213 
1859 49 
1860 218 
1862 111 
1863 54 
1865 10 
1866 34 
1874 22 
1876 6 
1884 3 
1892 617 
1893 9 
1893 58 
1898 192 
1900 179 
1909 18 
1910 206 
1914 11 
1918 124 
1922 12 
1922 487 
1999 92 
2002 305 
2003 107 
2004 303 
2007 28 
2009 41 
2014 77 
2017 172 
2021 22 
2025 17 
2031 49 
2041 47 
2045 34 
2047 122 
2048 57 
2053 23 
2057 44 
2059 514 
2063 195 
2064 18 
2070 91 
2081 157 
2082 256 
2088 47 
2089 267 
2095 162 
2096 239 
2097 245 
2105 17 
2111 24 
2168 37 
2170 85 
2174 24 
2178 11 
2179 38 
2180 121 
2180 67 
2183 163 
2185 25 
2189 20 
2189 108 
2198 44 
2206 40 
2208 55 
2210 125 
2212 745 
2214 62 
2225 14 
2242 72 
2250 31 
2250 33 
2250 24 
2250 26 
2250 133 
2250 187 
2252 29 
2252 299 
2256 45 
2316 213 
2317 2287 
2317 60 
2318 295 
2320 86 
2322 33 
2325 53 
2328 53 
2330 41 
2331 110 
2333 160 
2339 69 
2358 72 
2367 20 
2378 26 
2381 11 
2381 2 
2385 783 
2390 33 
2402 62 
2410 28 
2413 97 
2421 147 
2427 65 
2493 35 
2493 21 
2504 14 
2506 22 
2507 204 
2508 55 
2509 127 
2510 100 
2511 89 
2512 16 
2512 42 
2521 46 
2528 4 
2534 33 
2535 167 
2539 22 
2547 96 
2553 133 
2557 118 
2558 71 
2560 141 
2568 9 
2575 159 
2582 248 
2586 51 
2588 219 
2590 27 
2593 18 
2597 18 
2650 36 
2671 618 
2681 14 
2693 23 
2696 182 
2697 331 
2699 195 
2701 173 
2704 47 
2711 25 
2724 17 
2732 177 
2737 145 
2739 8 
2739 115 
2741 19 
2746 140 
2755 22 
2819 3 
2825 26 
2838 9 
2840 78 
2841 10 
2849 125 
2853 55 
2860 30 
2867 51 
2867 81 
2879 137 
2882 11 
2892 102 
2895 27 
2895 75 
2897 48 
2902 51 
2913 67 
2918 26 
2921 128 
2923 135 
2923 23 
2926 53 
2928 12 
2936 13 
2940 48 
3000 2 
3018 26 
3019 84 
3021 51 
3022 60 
3026 31 
3026 77 
3034 10 
3038 23 
3067 163 
3076 84 
3078 1264 
3079 45 
3088 243 
3091 70 
3092 1355 
3097 16 
3103 57 
3105 9 
3110 22 
3123 15 
3123 224 
3127 44 
3133 246 
3136 14 
3136 115 
3137 37 
3140 79 
3191 12 
3197 15 
3199 68 
3219 14 
3220 64 
3222 407 
3225 12 
3234 3 
3236 43 
3240 69 
3246 64 
3250 140 
3254 9 
3275 158 
3280 22 
3292 9 
3309 43 
3309 342 
3372 3 
3378 746 
3388 34 
3404 103 
3405 15 
3420 16 
3431 57 
3432 53 
3435 17 
3462 104 
3467 33 
3473 162 
3477 46 
3483 129 
3565 44 
3583 131 
3587 62 
3594 22 
3604 27 
3616 26 
3624 204 
3661 33 
3668 15 
3677 44 
3731 34 
3733 62 
3748 25 
3749 15 
3766 47 
3776 275 
3782 3 
3788 9 
3810 86 
3818 75 
3820 179 
3834 147 
3845 8 
3917 28 
3921 7 
3932 81 
3932 38 
3937 3206 
3991 61 
3997 21 
4045 6 
4104 11 
4105 111 
4135 33 
4137 25 
4141 11 
4149 334 
4158 35 
4164 116 
4172 43 
4196 147 
4204 8 
4213 44 
4219 17 
4221 41 
4293 23 
4339 23 
4344 99 
4355 134 
4366 9 
4369 2 
4372 69 
4378 19 
4379 56 
4388 27 
4389 20 
4394 610 
4495 42 
4501 45 
4502 152 
4503 346 
4542 277 
4556 165 
4557 128 
4559 21 
4560 15 
4579 140 
4580 197 
4584 266 
4643 115 
4647 135 
4654 19 
4661 309 
4663 184 
4681 156 
4695 215 
4698 418 
4715 50 
4716 50 
4722 445 
4724 424 
4736 41 
4743 43 
4745 23 
4760 1078 
4762 6 
4767 29 
4773 61 
4778 79 
4846 60 
4856 20 
4858 3 
4858 53 
4864 93 
4873 183 
4875 138 
4880 73 
4883 38 
4888 17 
4894 93 
4900 19 
4915 313 
4917 104 
4919 27 
4921 46 
4925 400 
4941 9 
5014 90 
5028 148 
5048 19 
5048 56 
5119 575 
5183 59 
5195 69 
5195 115 
5198 29 
5201 187 
5214 252 
5216 2172 
5221 132 
5226 32 
5237 31 
5240 21 
5244 125 
5270 18 
5274 1705 
5290 70 
5303 125 
5370 573 
5373 1 
5373 104 
5374 131 
5381 5 
5383 82 
5395 472 
5401 152 
5401 1293 
5409 180 
5415 64 
5416 27 
5418 419 
5420 32 
5422 23 
5427 26 
5444 62 
5455 150 
5461 42 
5464 32 
5477 0 
5487 253 
5496 307 
5563 85 
5568 108 
5570 16 
5572 221 
5592 162 
5626 14 
5629 19 
5635 36 
5644 38 
5646 121 
5647 104 
5648 3 
5652 34 
5657 63 
5667 49 
5678 41 
5684 103 
5753 114 
5762 67 
5766 116 
5767 26 
5774 77 
5776 26 
5777 30 
5803 240 
5819 129 
5823 16 
5837 258 
5839 424 
5901 243 
5904 55 
5904 58 
5913 16 
5915 1386 
5915 822 
5944 529 
5952 58 
5954 63 
5977 106 
6000 9 
6000 135 
6013 75 
6013 249 
6018 548 
6026 235 
6046 51 
6119 265 
6120 22 
6135 1675 
6143 31 
6148 117 
6152 118 
6152 327 
6166 1432 
6185 53 
6198 10 
6209 73 
6224 23 
6225 403 
6226 36 
6226 76 
6252 275 
6255 178 
6270 3 
6329 19 
6332 23 
6335 34 
6344 7 
6351 11 
6351 60 
6369 57 
6390 88 
6397 6 
6424 164 
6424 47 
6445 339 
6449 31 
6458 317 
6473 8 
6475 40 
6477 123 
6478 3 
6479 4 
6487 28 
6563 82 
6565 142 
6579 102 
6580 59 
6585 31 
6618 136 
6620 27 
6621 69 
6625 81 
6628 15 
6645 55 
6647 115 
6665 515 
6686 3 
6688 3 
6698 18 
6766 807 
6769 83 
6776 61 
6783 142 
6807 76 
6819 272 
6855 41 
6856 18 
6862 132 
6874 40 
6887 127 
6898 1053 
6899 16 
6913 8 
6915 48 
6930 82 
7019 87 
7027 66 
7028 267 
7040 35 
7071 69 
7078 103 
7088 46 
7089 59 
7102 36 
7108 36 
7108 331 
7128 173 
7151 711 
7174 102 
7234 637 
7243 24 
7247 36 
7298 108 
7300 7 
7306 179 
7330 36 
7347 77 
7349 328 
7352 138 
7366 244 
7383 71 
7384 15 
7392 17 
7399 25 
7413 41 
7486 16 
7559 13 
7570 936 
7571 189 
7590 23 
7619 28 
7658 50 
7659 39 
7660 31 
7664 196 
7677 116 
7748 37 
7753 41 
7755 5 
7758 954 
7810 95 
7816 51 
7826 200 
7846 4 
7879 172 
7903 52 
7908 10 
7924 38 
8015 74 
8030 208 
8032 150 
8037 21 
8075 20 
8076 295 
8076 605 
8076 103 
8076 101 
8091 45 
8100 5059 
8118 4 
8142 77 
8152 220 
8175 102 
8181 1092 
8199 40 
8211 464 
8221 11 
8251 5 
8256 34 
8317 240 
8321 24 
8335 172 
8336 873 
8346 87 
8348 11 
8349 401 
8358 143 
8359 36 
8415 80 
8426 18 
8428 105 
8444 89 
8448 10 
8448 773 
8461 171 
8473 9 
8477 30 
8505 76 
8515 32 
8515 8 
8593 13 
8604 41 
8605 998 
8623 14 
8652 1875 
8653 86 
8669 120 
8713 57 
8727 157 
8740 19 
8759 81 
8775 19 
8790 429 
8876 198 
8877 92 
8883 17 
8891 487 
8895 53 
8905 40 
8948 101 
8964 13 
8974 53 
8979 61 
9006 43 
9013 175 
9015 100 
9020 125 
9020 11 
9023 8 
9025 30 
9047 945 
9052 416 
9062 14 
9089 90 
9114 101 
9183 15 
9195 25 
9196 11 
9213 69 
9235 9 
9245 2606 
9253 144 
9260 53 
9261 26 
9267 113 
9268 45 
9286 61 
9334 18 
9396 35 
9416 146 
9449 5 
9452 55 
9455 33 
9458 69 
9466 11 
9473 2831 
9484 158 
9489 22 
9529 164 
9535 88 
9687 363 
9700 115 
9703 68 
9708 9773 
9712 469 
9713 30 
9714 10 
9743 817 
9745 153 
9753 138 
9762 1077 
9763 559 
9785 296 
9801 47 
9817 73 
9839 166 
9862 84 
9883 25 
9890 122 
9983 140 
10021 13 
10041 5 
10042 15 
10057 34 
10059 147 
10068 76 
10075 297 
10112 112 
10119 194 
10123 82 
10124 18 
10157 3 
10193 2 
10209 85 
10236 80 
10284 20 
10284 114 
10410 44 
10413 7 
10438 72 
10440 4589 
10454 111 
10456 23 
10465 75 
10477 292 
10510 5 
10516 55 
10533 196 
10549 74 
10561 291 
10567 144 
10577 170 
10581 1367 
10635 17 
10651 24 
10661 14 
10683 122 
10685 330 
10708 443 
10736 35 
10744 139 
10746 28 
10825 23 
10837 149 
10857 29 
10863 1 
10866 26 
10870 76 
10895 603 
10919 55 
10930 41 
10934 3 
10946 8 
10974 8 
10974 204 
10984 53 
10988 12 
11014 10912 
11021 3 
11034 34 
11046 13 
11047 1849 
11064 13 
11085 245 
11133 22 
11139 2313 
11139 994 
11160 192 
11170 115 
11184 201 
11191 224 
11196 1 
11207 32 
11208 2 
11215 44 
11217 189 
11221 5 
11224 8 
11237 6 
11242 50 
11250 27 
11280 78 
11314 2010 
11317 153 
11323 76 
11334 282 
11338 2 
11341 135 
11354 317 
11359 182 
11393 23 
11403 28 
11411 15 
11453 10 
11466 43 
11505 22 
11604 121 
11613 82 
11616 19 
11633 16 
11662 27 
11666 40 
11670 72 
11694 137 
11713 1335 
11717 107 
11742 104 
11754 56 
11788 227 
11808 94 
11810 60 
11825 47 
11869 71 
11889 31 
11897 236 
11918 86 
11927 30 
11961 23 
11971 1 
11981 82 
11985 8 
11985 168 
12007 14 
12021 38 
12047 87 
12048 333 
12061 82 
12063 29 
12082 4 
12094 142 
12109 33 
12130 38 
12148 39 
12178 56 
12188 131 
12201 251 
12236 131 
12242 113 
12306 599 
12323 11 
12355 153 
12410 65 
12418 286 
12434 2393 
12440 192 
12455 16 
12478 127 
12495 61 
12505 52 
12563 66 
12575 45 
12582 375 
12582 405 
12600 129 
12601 327 
12614 37 
12630 84 
12631 118 
12635 94 
12655 28 
12656 61 
12665 24 
12698 394 
12714 21 
12737 202 
12741 508 
12760 65 
12776 75 
12776 15 
12850 15 
12863 84 
12883 77 
12984 184 
12991 296 
13028 194 
13037 140 
13086 13 
13091 289 
13097 209 
13099 115 
13135 32 
13162 4348 
13163 877 
13185 54 
13231 585 
13257 90 
13290 24 
13300 49 
13402 26 
13414 1 
13477 7 
13539 175 
13546 100 
13554 19197 
13558 237 
13563 28 
13573 1007 
13575 31 
13623 81 
13654 103 
13694 440 
13704 602 
13705 50 
13720 465 
13755 49 
13757 27 
13788 41 
13789 145 
13811 40 
13828 20 
13851 148 
13873 47 
13881 389 
13900 217 
13908 112 
13917 269 
13920 61 
13921 286 
13932 20 
13996 257 
13997 192 
14012 27 
14017 164 
14029 5025 
14056 386 
14075 33 
14101 1291 
14101 134 
14134 15 
14167 101 
14199 1039 
14217 47 
14218 13 
14252 231 
14331 59 
14334 352 
14357 223 
14368 5 
14368 311 
14368 25 
14382 614 
14404 95 
14427 403 
14447 1723 
14448 42 
14452 48 
14462 1074 
14475 1 
14484 26 
14491 91 
14519 103 
14534 62 
14541 55 
14547 11 
14547 65 
14588 195 
14595 233 
14671 6 
14760 108 
14769 1151 
14775 72 
14786 816 
14794 19 
14923 613 
14931 38 
14944 64 
14954 27 
14971 83 
15004 39 
15005 8 
15047 26 
15054 148 
15086 34 
15113 6 
15157 209 
15163 133 
15163 459 
15165 125 
15255 57 
15274 6 
15333 209 
15334 366 
15336 92 
15342 238 
15410 86 
15507 117 
15546 27 
15592 7 
15603 7 
15618 92 
15635 1531 
15637 134 
15676 666 
15689 86 
15692 87 
15704 91 
15751 6 
15774 261 
15824 26 
15844 50 
15856 6 
15865 471 
15936 16 
15946 591 
15961 20 
16021 863 
16038 36 
16041 139 
16063 189 
16094 16 
16108 25 
16119 532 
16147 223 
16159 58 
16184 15 
16188 3 
16211 271 
16224 34 
16247 101 
16250 209 
16332 35 
16465 57 
16520 87 
16531 40 
16560 88 
16601 6 
16618 11 
16690 138 
16749 16 
16790 122 
16816 1 
16822 143 
16824 219 
16824 219 
16832 202 
16838 48 
16864 17 
16892 56 
16902 74 
16997 640 
17002 248 
17041 57 
17057 15 
17058 19 
17070 76 
17169 138 
17176 176 
17192 42 
17210 58 
17337 98 
17369 410 
17439 91 
17454 11 
17455 0 
17472 69 
17503 105 
17545 325 
17561 14 
17717 34 
17794 190 
17910 67 
17910 66 
17975 0 
17986 50 
18035 76 
18047 114 
18050 2 
18053 64 
18060 111 
18090 1673 
18108 151 
18148 120 
18221 91 
18236 92 
18272 5 
18366 148 
18376 10 
18380 56 
18392 15 
18408 2542 
18411 106 
18447 13 
18449 32 
18495 8 
18498 14 
18540 22 
18604 681 
18627 363 
18674 25 
18729 27 
18735 16 
18796 61 
18796 7 
18800 6 
18804 79 
18823 21 
18842 13 
18856 315 
18884 104 
18901 5 
18942 20 
18964 395 
18966 21 
18987 58 
19127 31 
19158 91 
19178 20 
19259 23 
19353 45 
19364 39 
19424 18 
19464 137 
19524 123 
19551 30 
19556 10 
19610 193 
19848 4 
19874 18 
19957 24 
20003 13 
20045 189 
20063 170 
20096 118 
20138 105 
20171 44 
20202 25 
20240 106 
20260 15 
20340 48 
20410 63 
20535 25 
20543 13 
20676 84 
20694 111 
20707 103 
20735 212 
20750 29 
20752 172 
20756 8 
20762 244 
20786 155 
20820 23 
20892 137 
20975 36 
21090 19 
21452 7 
21724 60 
21763 22 
21826 190 
21939 103 
22150 120 
22206 105 
22208 337 
22299 22 
22313 55 
22370 604 
22431 2 
22487 14 
22635 15 
22693 35 
23096 38 
23524 1087 
23593 32 
23674 11 
23695 381 
23900 19 
23990 206 
24012 289 
24162 58 
24204 56 
24328 13 
24351 21 
24534 0 
24711 10 
25453 27 
25459 128 
25806 82 
25842 75 
25884 7 
25933 111 
26082 132 
26513 24 
26660 41 
26750 22 
26841 103 
26845 113 
27014 108 
27195 161 
27279 48 
27616 22 
27841 18 
27851 41 
27908 42 
28068 20 
28281 36 
28644 201 
30028 63 
30482 120 
30498 1 
30595 616 
32788 103 
34785 10 
35312 11 
35440 151 
35493 54 
35510 178 
35510 178 
35585 28 
35588 137 
35907 138 
35945 142 
35992 4384 
36311 442 
36379 1 
36455 12 
36670 7 
36988 6 
37094 27 
37303 47 
37375 31 
37453 2 
37529 119 
37632 35 
37914 613 
37997 1243 
38051 119 
38212 19 
38283 472 
38328 159 
38355 2 
38442 32 
38673 82 
38693 41 
38693 118 
38862 120 
38922 19 
38942 6 
39023 82 
39088 8 
39133 81 
39382 309 
39411 13 
39479 172 
39486 92 
39570 20 
39645 15 
39872 517 
40002 40 
40205 2636 
40218 196 
40271 54 
40398 10 
40463 12 
40799 51 
41087 46 
41127 2 
41364 1624 
41522 64 
41532 7 
41769 100 
42062 2 
42144 5 
42561 8 
42754 15 
42983 16 
43098 58 
43141 13 
43258 57 
43509 1191 
43597 8 
43739 56 
43882 114 
43922 13 
44050 91 
44188 25 
44232 363 
44725 597 
44958 33 
45263 480 
45391 186 
45392 21 
45467 183 
45664 477 
45805 424 
45895 75 
45912 14 
46239 3368 
46266 118 
46370 1092 
47007 144 
47074 32 
47298 18 
47480 1 
47643 14 
48925 38 
48987 35 
49369 85 
49404 33 
50202 32 
50291 124 
50311 143 
50788 647 
51941 40 
52913 55 
53027 830 
53028 274 
53037 22 
53426 3 
53561 293 
53800 907 
54170 41 
54333 369 
54473 13 
54634 47 
54718 23 
54722 75 
55802 79 
56356 58 
56363 281 
56550 22 
56816 102 
57618 24 
57832 9 
57857 22 
58690 64 
58702 38 
58839 11 
59109 163 
59318 74 
59389 61 
60094 301 
60098 173 
60111 164 
60136 722 
60140 81 
60151 385 
60375 81 
60605 634 
60925 194 
61205 120 
61252 45 
61598 198 
61985 12 
61989 17 
62925 1038 
62979 91 
63051 15 
63680 151 
63705 246 
63778 41 
64307 18 
64763 313 
65114 232 
65166 998 
66314 204 
66332 119 
66895 108 
67247 3 
67432 3 
67435 10 
67606 28 
67833 49 
68317 56 
69063 360 
70122 45 
70360 60 
70650 2 
70676 38 
71100 23 
71344 456 
71637 74 
71649 16 
71704 811 
72430 312 
74082 16 
74524 3 
74969 169 
74988 526 
75388 10 
76004 36 
76439 29 
77057 59 
77507 4 
78068 123 
78278 548 
79604 39 
80611 450 
80741 162 
81792 52 
81970 138 
83252 16 
85610 75 
85987 23 
88419 61 
91009 119 
97021 8 
97366 40 
99960 28 
100471 211 
100645 371 
105052 2930 
106169 35 
108429 46 
131113 37 
132700 916 
132884 34 
137713 7 
137980 52 
147296 3 
148672 56 
149406 1873 
158184 20 
158238 376 
167947 46 
169590 79 
170088 107 
172146 344 
177857 386 
180641 72 
201103 77 
202843 91 
215409 89 
219724 1025 
258295 54 
259014 27 
273370 189 
283647 22 
336542 5 
351595 17 
388360 87 
492865 61 
500958 36 
515844 109 
534412 116 
534574 137 
562224 15 
