2686 8.11233796296
0 8394436 
6 316 
7 1758 
8 642 
8 52 
9 36 
10 1185 
10 305 
11 447 
15 2 
15 59 
15 239 
16 1012 
21 1649 
22 106 
22 336 
23 119 
24 1 
24 166 
24 318 
24 289 
30 221 
31 119 
32 1421 
34 778 
34 271 
38 10 
38 173 
39 313 
39 159 
40 408 
41 144 
42 1 
42 261 
45 535 
47 51 
48 34 
50 14 
50 342 
51 311 
52 80 
52 2 
53 385 
53 115 
53 78 
54 433 
54 74 
54 163 
54 75 
55 18 
57 81 
57 170 
57 54 
58 482 
58 80 
61 43 
62 40 
63 37 
63 107 
63 2 
64 0 
64 66 
65 30 
65 1005 
65 43 
65 10 
66 177 
66 863 
66 30 
67 250 
67 11 
67 186 
69 188 
70 1037 
71 72 
72 511 
72 248 
73 32 
73 149 
74 3 
74 482 
74 1030 
74 62 
75 60 
75 83 
76 314 
76 143 
76 35 
77 29 
78 103 
78 125 
79 102 
79 43 
80 81 
80 687 
82 424 
82 60 
83 50 
83 120 
83 54 
83 159 
84 64 
85 177 
85 142 
85 221 
85 452 
86 266 
86 229 
87 155 
87 512 
88 39 
89 2 
89 215 
90 274 
91 29 
91 446 
91 397 
91 73 
91 137 
91 82 
91 8 
91 103 
92 110 
93 1193 
93 1469 
94 147 
94 209 
95 144 
96 151 
96 7 
96 315 
96 327 
97 726 
97 65 
98 20 
99 95 
99 229 
100 211 
101 235 
101 21 
102 521 
102 21 
102 43 
103 290 
104 43 
105 667 
106 15 
107 115 
107 153 
107 87 
107 65 
108 123 
108 5 
108 423 
108 112 
108 30 
109 57 
109 74 
109 586 
109 62 
110 50 
110 138 
110 204 
110 31 
111 39 
112 396 
114 62 
114 576 
115 235 
115 59 
115 7 
115 90 
116 593 
116 13 
117 74 
118 145 
118 71 
118 301 
119 12 
119 84 
119 264 
119 114 
119 95 
119 184 
119 56 
120 2038 
121 323 
122 1217 
122 129 
122 66 
123 333 
123 133 
124 64 
124 157 
125 23 
126 138 
126 65 
126 8 
127 37 
127 97 
128 222 
128 107 
128 305 
128 98 
128 165 
131 90 
132 97 
132 114 
133 61 
133 192 
133 1668 
133 11 
133 45 
134 89 
134 103 
135 111 
135 103 
136 38 
136 122 
137 35 
137 257 
138 186 
140 284 
140 106 
140 7 
140 165 
140 93 
140 75 
141 172 
141 110 
141 22 
141 81 
141 323 
141 94 
142 107 
143 129 
144 145 
144 196 
144 764 
145 190 
145 433 
146 1820 
147 108 
147 61 
147 76 
148 196 
148 112 
149 184 
150 541 
151 72 
152 647 
154 132 
154 584 
154 21 
155 49 
155 417553 
156 448 
156 242 
157 258 
158 2434 
158 93 
159 136 
160 557 
165 8 
166 287 
167 11 
167 372 
167 343 
168 49 
168 429 
168 509 
168 50 
169 49 
170 242 
170 150 
170 337 
171 27 
172 815 
172 107 
173 110 
174 320 
175 0 
175 2063 
175 48 
176 372 
178 39 
178 112 
178 41 
179 78 
179 88 
180 112 
181 177 
181 17 
182 34 
183 231 
183 170 
183 178 
184 112 
184 196 
185 285 
186 16 
187 323 
191 72 
192 128 
193 215 
193 200 
193 102 
193 153 
194 86 
194 26 
194 139 
195 199 
195 416 
195 230 
195 46 
196 50 
196 116 
196 62 
197 61 
198 183 
198 321 
200 458 
200 166 
201 280 
201 67 
201 199 
202 652 
203 171 
203 289 
203 372 
204 112 
204 65 
205 87 
205 211 
205 128 
206 102 
206 121 
207 201 
207 29 
208 41 
208 500 
208 124 
210 334 
211 50 
211 68 
212 2 
212 30 
212 309 
213 117 
213 140 
214 71 
214 215 
214 4304 
214 103 
214 32 
216 51 
216 253 
217 130 
219 46 
219 132 
220 65 
220 41 
220 82 
221 39 
221 85 
224 251 
225 24 
226 391 
227 196 
227 124 
228 107 
228 85 
228 10 
229 50 
230 55 
230 86 
230 395 
233 622 
233 73 
233 906 
233 62 
234 41 
235 31 
235 7 
236 77 
237 114 
237 49 
239 94 
240 97 
241 113 
241 164 
242 150 
242 208 
242 17 
242 74 
245 278 
246 66 
246 54 
246 54 
247 94 
248 28 
249 40 
249 114 
249 208 
249 143 
250 30 
253 50 
254 192 
255 317 
255 97 
256 35 
256 55 
257 33 
257 133 
257 630 
257 15 
257 5 
258 698 
259 868 
260 130 
261 60 
262 41 
262 8 
263 802 
263 503 
263 375 
264 46 
264 221 
264 101 
266 966 
267 25 
269 27 
269 270 
270 75 
271 67 
271 208 
272 143 
273 107 
274 130 
274 91 
274 159 
274 33 
275 58 
275 2 
275 191 
276 164 
276 28 
277 37 
280 509 
281 29 
282 146 
282 74 
282 37 
283 204 
283 134 
284 45 
284 549 
286 6 
286 27 
287 171 
288 246 
288 1492 
288 1659 
288 1334 
290 249 
290 78 
291 296 
292 639 
292 132 
292 59 
293 45 
293 175 
294 2 
294 47 
296 221 
296 376 
296 47 
297 200 
297 698 
298 881 
298 23 
298 90 
299 568 
299 1444 
300 226 
300 196 
302 3697 
303 130 
304 0 
304 21 
306 156 
306 467 
307 201 
307 75 
308 113 
308 11 
308 2302 
313 49 
313 205 
315 170 
316 3 
316 295 
319 72 
319 28 
319 114 
319 28 
319 451 
321 114 
321 111 
322 150 
323 117 
326 91 
328 169 
329 137 
329 323 
330 106 
333 185 
335 33 
337 60 
337 469 
337 13 
338 1124 
340 107 
340 33 
340 190 
340 65 
340 38 
341 189 
341 1396 
341 99 
341 236 
343 104 
344 16 
344 267 
345 1000 
345 46 
346 38 
347 36 
348 256 
348 384 
348 730 
349 94 
350 73 
352 963 
353 217 
357 137 
357 315 
358 220 
359 221 
361 476 
362 416 
364 495 
365 1 
366 217 
367 331 
367 140 
371 139 
372 350 
372 117 
372 10 
372 128 
372 53 
373 260 
375 65 
377 125 
378 344 
378 35 
379 333 
380 47 
381 116 
382 86 
382 185 
384 323 
385 52 
385 84 
387 149 
387 106 
387 179 
389 21 
390 115 
390 353 
391 139 
391 311 
392 21 
394 3 
396 282 
398 38 
399 35 
400 176 
402 164 
403 18 
407 273 
408 90 
408 19 
408 339 
408 1271 
409 86 
410 146 
410 59 
411 271 
412 131 
413 590 
415 140 
416 835 
416 150 
417 100 
418 21 
419 224 
420 123 
423 246 
424 18 
426 72 
427 525 
427 737 
427 11 
428 2 
429 262 
430 194 
430 69 
431 81 
432 95 
433 178 
435 127 
435 97 
435 91 
437 405 
437 63 
439 330 
440 72 
441 95 
441 68 
442 491 
445 28 
445 275 
445 47 
446 98 
446 51 
446 840 
450 59 
450 180 
451 188 
451 106 
454 323 
455 5 
455 367 
462 88 
464 1002 
465 53 
468 183 
468 99 
474 6680 
474 558 
477 185 
478 128 
479 133 
482 361 
486 11 
490 4 
490 147 
491 130 
493 172 
493 43 
493 626 
493 38 
496 371 
496 351 
497 210 
497 977 
501 48 
502 40 
503 423 
503 297 
504 27 
506 2 
506 423 
507 450 
507 221 
509 157 
511 319 
513 262 
515 32 
515 5 
515 125 
517 37 
518 33 
522 90 
523 134 
524 265 
524 27 
527 1194 
527 331 
528 217 
528 305 
528 76 
530 204 
531 90 
531 166 
533 126 
533 478 
535 256 
537 213 
539 209 
541 60 
544 65 
546 100 
546 129 
547 554 
547 268 
548 455 
550 278 
552 115 
554 63 
557 18 
558 73 
559 91 
560 16 
560 58 
561 184 
561 1 
562 4 
562 234 
562 301 
562 511 
564 2573 
564 672 
573 177 
574 174 
575 77 
577 88 
579 140 
579 103 
582 36 
582 34 
582 150 
583 82 
584 43 
586 136 
586 31 
586 35 
587 121 
587 190 
589 22 
591 94 
592 35 
593 153 
595 74 
595 421 
596 231 
597 618 
597 107 
598 554 
599 304 
599 1130 
601 136 
609 215 
610 38 
610 4249 
610 10 
611 11 
611 116 
612 79 
617 15 
618 60 
618 13 
621 53 
621 32 
623 142 
625 9 
626 90 
626 1 
627 140 
629 282 
629 230 
631 161 
631 137 
632 63 
633 13 
634 8 
637 20 
641 37 
643 75 
643 55 
646 60 
647 113 
651 36 
652 14 
652 54 
654 108 
656 137 
657 70 
657 194 
658 84 
660 11 
660 43 
660 257 
660 1 
663 75 
664 1174 
664 3256 
666 84 
666 134 
667 161 
668 281 
670 44 
672 39 
672 280 
675 339 
678 335 
679 17 
681 194 
682 21 
682 38 
682 0 
682 19 
683 104 
685 48 
687 243 
689 41 
698 407 
700 156 
701 1961 
702 173 
703 157 
704 25 
707 241 
709 3940 
709 774 
709 108 
714 69 
714 26694 
714 10 
716 179 
719 174 
719 87 
722 149 
723 2167 
726 147 
728 2545 
729 2 
730 304 
730 100 
730 101 
733 128 
735 32 
736 50 
737 30 
752 599 
752 588 
752 327 
753 98 
756 38 
757 54 
761 157 
765 68 
768 36 
770 99 
773 22 
776 17 
777 27 
784 46 
786 170 
788 613 
788 31 
790 33 
791 246 
793 84 
794 249 
796 181 
797 24 
797 22 
801 130 
803 8 
804 409 
806 45 
807 129 
807 21 
809 77 
816 122 
816 82 
818 331 
819 86 
819 611 
821 268 
822 27 
826 619 
827 28 
828 113 
831 44 
831 170 
834 173 
834 74 
836 344 
837 1738 
838 79 
840 82 
842 246 
851 96 
852 172 
853 108 
854 395 
858 254 
863 103 
863 51 
865 143 
865 66 
868 280 
875 71 
876 20 
876 794 
876 274 
876 236 
879 54 
883 39 
883 133 
883 28 
884 253 
887 1046 
889 85 
891 84 
896 97 
899 49 
901 99 
903 18 
903 30 
904 165 
906 78 
907 14 
909 999 
909 56 
910 113 
912 179 
914 104 
914 245 
915 165 
923 400 
926 227 
931 1817 
932 124 
934 1136 
935 108 
935 4 
936 58 
947 807 
947 56 
949 42 
951 57 
952 64 
956 188 
961 31 
968 66 
968 120 
971 369 
972 23 
974 55 
977 33 
980 258 
987 752 
989 20 
991 68 
992 24 
994 1055 
997 792 
1002 74 
1005 473 
1010 95 
1010 53 
1010 76 
1010 40 
1010 46 
1010 15 
1013 44 
1014 74 
1014 79 
1015 29 
1015 16 
1017 125 
1018 30 
1019 436 
1021 109 
1023 598 
1026 66 
1026 23 
1029 29 
1038 6 
1039 10 
1043 160 
1050 78 
1050 618 
1051 21 
1054 93 
1055 68 
1056 18 
1062 278 
1067 6 
1073 112 
1079 106 
1087 69 
1141 58 
1142 58 
1147 235 
1148 106 
1150 172 
1155 3 
1159 455 
1163 2 
1164 4 
1164 16 
1164 248 
1167 7 
1174 557 
1174 147 
1174 201 
1176 94 
1180 175 
1193 333 
1197 45 
1199 16 
1200 56 
1200 5 
1200 29 
1202 894 
1202 61 
1206 277 
1212 67 
1215 101 
1216 352 
1226 57 
1228 60 
1229 172 
1233 811 
1233 38 
1233 9 
1233 171 
1234 25 
1239 27 
1245 71 
1246 10 
1248 27 
1253 114 
1256 142 
1260 50 
1260 129 
1261 5865 
1267 446 
1269 38 
1272 341 
1272 1228 
1278 92 
1278 43 
1286 35 
1291 103 
1297 976 
1297 102 
1300 64 
1301 487 
1322 51 
1327 60 
1331 625 
1335 24 
1341 140 
1346 50 
1348 86 
1353 58 
1363 484 
1365 269 
1371 51 
1375 266 
1376 160 
1379 34 
1379 117 
1381 87 
1381 21 
1387 305 
1390 21 
1399 60 
1403 10 
1409 47 
1409 64 
1411 24 
1411 34 
1414 337 
1414 11 
1417 7 
1418 1727 
1437 170 
1438 39 
1449 241 
1450 964 
1451 494 
1451 12 
1462 19 
1462 34 
1475 505 
1475 26 
1484 176 
1486 27 
1487 163 
1488 85 
1493 105 
1495 11 
1529 73 
1541 161 
1542 36 
1545 13 
1545 47 
1553 32 
1557 235 
1560 83 
1565 1076 
1569 58 
1569 42 
1575 21567 
1579 54 
1589 4889 
1593 2374 
1593 80 
1595 382 
1603 328 
1604 61 
1614 23 
1617 50 
1621 637 
1633 276 
1642 20 
1649 8 
1650 184 
1651 74 
1655 191 
1672 40 
1676 29 
1678 840 
1689 967 
1698 20 
1700 307 
1701 421 
1703 832 
1704 71 
1706 59 
1713 236 
1713 26 
1714 914 
1717 32 
1733 101 
1739 208 
1752 132 
1831 115 
1835 217 
1879 34 
1887 1444 
1901 892 
1905 4 
1906 1170 
1908 196 
1910 158 
1922 32 
1923 34 
1925 99 
1929 296 
1935 509 
1939 86 
1941 97 
1947 66 
1948 50 
1962 10 
1964 137 
1968 56 
1973 52 
1974 194 
1980 64 
1984 14 
1988 10241 
1999 40 
2002 343 
2023 27 
2024 444 
2024 130 
2027 1163 
2031 41 
2031 35 
2038 209 
2041 2503 
2043 161 
2046 77 
2047 80 
2052 135 
2066 43 
2072 153 
2072 17 
2075 129 
2085 7 
2085 133 
2109 82 
2109 78 
2118 102 
2124 80 
2125 496 
2132 175 
2133 126 
2136 57 
2146 15 
2151 57 
2153 190 
2158 5917 
2158 39 
2162 100 
2168 289 
2173 106 
2180 2308 
2182 26 
2185 66 
2189 25 
2196 106 
2224 127 
2240 82 
2243 99 
2253 93 
2257 54 
2257 54 
2257 213 
2259 67 
2262 229 
2266 128 
2272 243 
2279 22 
2283 1645 
2284 198 
2292 158 
2300 40 
2302 67 
2305 50 
2309 202 
2311 113 
2317 2 
2330 154 
2340 546 
2342 50 
2344 72 
2345 217 
2355 174 
2373 89 
2410 1 
2412 4247 
2416 24 
2437 16 
2446 432 
2451 104 
2454 287 
2454 279 
2455 139 
2457 210 
2466 1 
2468 17 
2469 236 
2481 150 
2482 55 
2493 242 
2506 285 
2516 97 
2530 237 
2532 0 
2533 89 
2549 88 
2553 78 
2560 84 
2569 201 
2570 131 
2574 269 
2577 769 
2592 106 
2604 81 
2611 24 
2624 297 
2627 56 
2636 153 
2640 166 
2648 886 
2648 100 
2665 202 
2666 282 
2681 203 
2690 21 
2720 85 
2728 41 
2731 119 
2742 69 
2746 123 
2769 18 
2772 158 
2802 36 
2802 41 
2833 179 
2838 1049 
2851 98 
2853 197 
2868 651 
2870 240 
2873 37 
2889 1010 
2893 186 
2895 225 
2898 15 
2899 55 
2908 47 
2916 52 
2918 27 
2929 126 
2929 33 
2933 7 
2952 10 
2958 66 
2978 138 
2986 88 
2992 453 
2993 40 
3009 17 
3029 83 
3036 21 
3046 5 
3049 43 
3051 154 
3068 77 
3085 105 
3097 52 
3111 36 
3122 205 
3125 135 
3128 753 
3129 1141 
3132 176 
3134 124 
3157 62 
3178 206 
3183 15 
3187 179 
3196 305 
3200 29 
3210 191 
3210 223 
3228 66 
3234 116 
3256 724 
3264 15 
3277 255 
3277 42 
3279 737 
3298 37 
3323 34 
3324 159 
3334 49 
3337 49 
3358 12 
3361 47 
3379 1344 
3397 734 
3402 73 
3408 24 
3411 1203 
3420 106 
3422 23 
3431 60 
3443 39 
3453 1121 
3462 95 
3485 190 
3490 269 
3499 15 
3507 388 
3507 110 
3523 639 
3526 309 
3527 49 
3542 37 
3576 1183 
3577 47 
3604 282 
3639 438 
3659 120 
3664 1764 
3668 64 
3668 160 
3677 101 
3720 49 
3741 3 
3779 25 
3788 322 
3790 388 
3848 34 
3861 21 
3878 178 
3881 61 
3892 961 
3960 86 
3963 173 
3995 0 
4021 67 
4038 128 
4057 740 
4105 10 
4114 215 
4114 119 
4121 254 
4133 194 
4138 137 
4154 22 
4195 1911 
4197 75 
4221 217 
4248 853 
4249 40 
4253 74 
4277 1557 
4289 853 
4294 41 
4315 7 
4326 122 
4340 198 
4349 162 
4366 1086 
4370 386 
4375 72 
4391 2446 
4458 8 
4464 38 
4466 104 
4489 654 
4590 146 
4604 114 
4606 147 
4617 2 
4618 171 
4633 329 
4637 40 
4637 63 
4675 127 
4702 75 
4731 14 
4731 212 
4742 1631 
4766 2 
4794 62 
4823 33 
4857 51 
4907 42 
4911 30 
4928 107 
4937 15 
4964 37 
5001 718 
5013 211 
5022 305 
5042 29 
5056 60 
5090 2059 
5095 85 
5108 223 
5132 6 
5133 544 
5135 40 
5138 420 
5158 29 
5168 759 
5184 15 
5192 922 
5203 151 
5212 823 
5219 198 
5264 2 
5272 25 
5285 39 
5310 707 
5323 36 
5327 29 
5341 38 
5367 226 
5395 248 
5410 724 
5412 474 
5441 363 
5490 47 
5508 104 
5538 22 
5560 16 
5561 46 
5585 43 
5625 18 
5625 18 
5641 2454 
5641 2454 
5686 60 
5687 102 
5705 1974 
5722 1337 
5742 7 
5754 723 
5755 29 
5757 199 
5779 152 
5781 78 
5895 4 
5948 195 
5954 86 
5960 32 
5986 47 
5991 1706 
5992 252 
5998 28 
6012 20 
6035 314 
6075 22 
6090 67 
6096 187 
6097 61 
6101 27 
6255 46 
6284 71 
6292 31 
6300 77 
6360 64 
6407 14 
6426 1264 
6443 69 
6462 35 
6513 16 
6576 11 
6587 12 
6596 1683 
6599 6 
6636 181 
6641 7431 
6675 222 
6716 39 
6723 75 
6770 61 
6821 167 
6822 34 
6832 220 
6847 50 
6865 203 
6943 150 
6951 1448 
6951 67 
6971 2415 
6983 40 
6992 168 
7030 2551 
7066 1064 
7085 62 
7086 8566 
7087 29 
7111 841 
7181 167 
7196 3 
7287 181 
7287 181 
7300 746 
7352 17 
7362 5 
7369 124 
7444 477 
7540 30 
7595 338 
7619 75 
7649 122 
7672 226 
7696 1244 
7739 4 
7773 7 
7814 91 
7836 1086 
7850 166 
7887 522 
7893 594 
7951 17 
7959 511 
8017 103 
8038 124 
8053 1424 
8065 36 
8130 24 
8135 17 
8218 878 
8239 7 
8259 20 
8332 10 
8344 229 
8365 109 
8380 3755 
8403 390 
8442 96 
8448 172 
8469 95 
8471 65 
8506 40 
8506 1246 
8527 327 
8594 1487 
8858 86 
8950 207 
8979 1480 
8983 30 
9015 48 
9017 163 
9104 283 
9179 602 
9233 5 
9244 620 
9257 10 
9283 2 
9292 64 
9313 863 
9346 20 
9359 4046 
9418 144 
9425 32 
9454 19 
9520 640 
9585 98 
9603 26 
9704 1076 
9712 130 
9790 153 
9791 66 
9804 9 
9851 33 
9900 9 
9995 3482 
10067 4 
10118 7 
10179 41 
10207 195 
10290 655 
10332 193 
10463 136 
10656 2406 
10668 68 
10733 158 
10801 5 
10885 11 
10899 31 
10914 75 
10937 222 
10947 1368 
10988 180 
11010 65 
11079 88 
11207 171 
11210 108 
11249 29 
11260 15 
11306 108 
11368 66 
11468 38 
11549 30 
11716 157 
11734 64 
11827 1032 
11918 30 
11967 963 
12009 82 
12059 245 
12076 48 
12196 34 
12282 16 
12288 3 
12325 527 
12325 4 
12340 78 
12340 193 
12360 3211 
12446 28 
12483 39 
12493 217 
12511 1085 
12709 2 
12743 66 
12788 63 
12803 103 
12822 173 
12835 166 
12873 1598 
12876 80 
12980 56 
13018 10 
13075 14 
13135 46 
13225 568 
13308 48 
13403 299 
13457 214 
13457 35 
13471 54 
13663 251 
13685 0 
13745 276 
13771 65 
13999 215 
14040 10 
14166 61 
14424 2 
14510 248 
14568 31 
14575 487 
14670 113 
14750 517 
14797 5319 
14812 63 
14976 49 
15048 532 
15101 148 
15151 641 
15151 56 
15185 28 
15187 39 
15255 49 
15277 659 
15290 96 
15302 55 
15310 57 
15320 63 
15375 806 
15410 45 
15415 904 
15448 35 
15459 95 
15477 1298 
15489 532 
15582 282 
15603 20 
15679 69 
15680 53 
15717 41 
15743 39 
15751 202 
15876 106 
15961 100 
16003 79 
16062 71 
16264 0 
16314 125 
16314 18 
16327 67 
16404 548 
16528 42 
16537 2 
16652 38 
16664 121 
16734 37 
16738 44 
16748 139 
16748 82 
16763 68 
16818 1020 
16912 146 
16934 9 
16938 153 
16951 18 
16973 5 
17008 225 
17016 201 
17097 65 
17101 62 
17111 186 
17172 65 
17173 185 
17207 59 
17278 63 
17289 151 
17435 2 
17448 20 
17466 4134 
17471 193 
17485 87 
17501 47 
17553 85 
17592 13 
17600 17 
17673 324 
17767 15 
17829 47 
17852 119 
17928 8 
17989 109 
18049 851 
18090 30 
18270 799 
18299 677 
18322 27 
18351 20 
18372 62 
18389 191 
18413 187 
18416 62 
18449 15 
18525 56 
18558 163 
18585 116 
18591 683 
18607 219 
18616 47 
18631 20 
18749 62 
18784 101 
18804 112 
18839 64 
18910 35 
18930 54 
18950 50 
18969 57 
19007 943 
19096 110 
19097 77 
19175 3513 
19177 53 
19180 150 
19196 51 
19213 146 
19278 63 
19307 72 
19311 210 
19346 62 
19351 46 
19393 9 
19518 196 
19543 1941 
19549 230 
19632 6 
19660 53 
19728 37 
19762 100 
19770 155 
19825 1688 
19827 10 
19896 28 
19900 74 
20002 57 
20028 73 
20046 579 
20106 31 
20107 129 
20109 4 
20128 761 
20180 460 
20280 12 
20464 2174 
20466 144 
20489 20 
20639 17 
20720 5 
20759 40 
20853 32 
20948 25 
20998 73 
21166 17 
21166 17 
21239 38 
21241 58 
21304 112 
21322 48 
21436 45 
21443 120 
21446 95 
21488 40 
21594 21 
21682 45 
21742 67 
21785 48 
21823 103 
21923 317 
21995 415 
22023 1508 
22029 240 
22042 29 
22044 121 
22161 112 
22291 108 
22312 48 
22412 1334 
22542 901 
22578 4 
22589 10037 
22618 1053 
22676 88 
22686 37 
22738 142 
22765 237 
22799 72 
22917 751 
22973 11 
23043 15 
23082 217 
23163 202 
23238 155 
23299 11 
23364 481 
23364 66 
23389 547 
23426 3 
23426 42 
23447 2558 
23529 52 
23543 30 
23553 99 
23573 81 
23583 98 
23586 25 
23695 1280 
23753 118 
23770 1948 
23783 89 
23791 42 
23970 788 
23985 54 
24001 155 
24010 58 
24119 53 
24320 45 
24380 322 
24402 17 
24425 1587 
24447 20 
24491 25 
24572 6 
24643 13 
24701 535 
24704 1137 
24789 3428 
24981 44 
25055 122 
25080 100 
25088 115 
25104 1653 
25126 82 
25152 98 
25158 143 
25191 184 
25200 18 
25268 12 
25383 5 
25466 2 
25499 374 
25500 4705 
25566 1140 
25685 11 
25766 50 
25807 296 
25883 12 
25921 4218 
25937 20 
26039 65 
26051 267 
26086 5 
26177 128 
26415 212 
26438 36 
26443 0 
26477 485 
26524 173 
26555 8 
26579 4 
26582 0 
26590 22 
26701 6 
26716 40 
26801 32 
26852 392 
26959 211 
26980 1326 
27000 231 
27014 65 
27032 293 
27106 231 
27162 1347 
27403 49 
27478 720 
27637 27 
27689 18 
27709 3 
27712 14 
27736 272 
28076 23 
28209 89 
28240 73 
28265 19 
28292 130 
28302 63 
28521 16 
28590 124 
28860 5 
28910 1793 
28970 1534 
28974 115 
29062 26 
29184 214 
29189 484 
29241 1962 
29432 299 
29436 1101 
29475 23882 
29519 35 
29581 773 
29773 478 
29822 195 
29828 103 
29862 36 
29905 175 
29916 41 
29941 184 
29997 407 
30007 12 
30044 85 
30110 256 
30166 155 
30199 1981 
30220 48 
30244 2270 
30288 221 
30430 238 
30446 0 
30474 3 
30541 90 
30582 939 
30737 99 
30755 9 
30869 264 
30892 1237 
30919 104 
31049 52 
31154 349 
31158 726 
31319 1311 
31366 1212 
31396 858 
31428 24 
31635 131 
31685 20 
31902 1792 
31958 29 
32004 51 
32086 1769 
32159 239 
32209 1075 
32213 2 
32536 229 
32602 4 
32792 288 
32819 15 
32862 118 
32904 15 
32951 1043 
33085 6 
33125 377 
33144 3577 
33151 19 
33442 490 
33532 61 
33574 325 
33618 24 
33654 13 
33739 640 
33821 10 
33830 33 
33837 40 
33896 23 
33966 719 
33969 2 
33973 4 
34013 370 
34100 839 
34108 65 
34168 524 
34268 47 
34516 10 
34626 9 
34626 9 
34791 1349 
34794 14 
34907 2205 
34922 3333 
34975 208 
34998 32 
35051 887 
35123 2 
35234 350 
35295 14 
35295 28 
35335 1040 
35368 260 
35423 206 
35519 14 
35536 172 
35541 62 
35582 918 
35623 7363 
35674 157 
35698 131 
35793 1570 
35836 46 
35912 1545 
35967 302 
36150 39 
36297 169 
36300 4201 
36308 91 
36319 256 
36347 945 
36361 942 
36377 383 
36390 144 
36442 1600 
36527 5 
36566 484 
36603 232 
36748 1269 
36928 279 
36958 555 
36996 198 
36996 2 
37032 17 
37150 384 
37276 270 
37310 54 
37357 15 
37494 75 
37543 58 
37565 2 
37595 10 
37681 142 
37759 120 
37832 101 
37859 397 
38012 1542 
38213 967 
38215 906 
38255 1251 
38352 69 
38393 609 
38491 7 
38497 32 
38656 943 
38788 89 
38834 6 
39075 38 
39320 0 
39335 16 
39831 524 
39960 83 
40051 1057 
40167 191 
40195 709 
40388 260 
40526 19 
40541 2068 
40644 508 
40678 1402 
40732 209 
40784 0 
40789 1632 
40824 332 
40884 62 
40894 50 
40927 3524 
40975 441 
40991 702 
41056 1514 
41092 535 
41248 16 
41433 8 
41628 226 
41766 10 
41778 28 
41841 11 
41926 638 
41987 9 
42052 134 
42131 12 
42187 1057 
42226 492 
42342 644 
42355 157 
42431 147 
42499 302 
42504 478 
42554 49 
42733 3 
42737 16 
42803 1278 
42826 6 
42937 22 
42950 29 
43152 48 
43405 0 
43544 408 
43582 781 
43612 142 
43636 7333 
43891 13 
43905 534 
43975 783 
44023 1602 
44106 21 
44194 309 
44294 170 
44321 145 
44379 48 
44580 369 
44920 1905 
44943 582 
44962 650 
45059 1397 
45068 6 
45129 49 
45246 1674 
45350 449 
45385 4076 
45488 184 
45576 650 
45725 84 
45862 10 
45943 16 
46004 31 
46103 89 
46132 52 
46199 999 
46220 512 
46225 423 
46244 1666 
46334 2461 
46388 57 
46539 292 
46568 18 
46577 90 
46626 299 
46645 49 
46665 976 
46718 51 
46827 7 
46919 5 
47104 1691 
47114 627 
47314 263 
47321 132 
47331 153 
47520 27 
47541 204 
47652 219 
47734 495 
47741 462 
47747 28 
47755 767 
47782 125 
47851 1510 
47876 76 
47877 226 
47880 138 
47903 10 
47927 10 
47956 316 
47964 27 
47967 175 
48012 431 
48014 353 
48069 1205 
48084 215 
48160 261 
48189 772 
48197 227 
48297 205 
48356 73 
48424 366 
48433 11368 
48490 296 
48490 104 
48727 41 
48728 7631 
48735 60 
48862 63 
48884 66 
49112 22 
49112 22 
49163 86 
49182 594 
49631 3401 
49933 1 
50015 90 
50204 190 
50296 65 
50441 141 
50472 0 
50646 3 
50974 7971 
50988 11 
51115 25 
51190 551 
51259 683 
51488 1353 
51518 831 
51667 214 
51784 605 
51908 56 
52159 1126 
52225 967 
52315 15 
52444 702 
52821 618 
52926 259 
52952 456 
53028 64 
53063 4 
53183 138 
53248 364 
53372 129 
53460 448 
53637 53 
53731 562 
53746 3 
53996 157 
54040 102 
54182 510 
54189 99 
54233 211 
54263 500 
54985 207 
55008 783 
55042 112 
55174 3254 
55186 513 
55223 13579 
55265 3258 
55367 582 
55488 53 
55561 66 
55596 403 
55628 325 
55693 312 
55780 118 
55791 113 
55816 777 
55838 1328 
55874 844 
56073 274 
56166 955 
56350 153 
56619 85 
56790 1123 
56905 240 
57036 1698 
57061 149 
57249 80 
57433 116 
57828 140 
57966 567 
58096 164 
58334 212 
58403 2619 
58490 566 
58568 10 
58602 49 
58605 41 
58872 1011 
59164 1608 
59218 441 
59323 48 
59500 30 
60053 113 
62009 12 
62175 400 
62363 143 
62372 180 
62586 235 
63025 621 
63095 630 
63217 151 
63237 519 
63618 3887 
63689 2743 
63724 385 
63742 6 
63912 6344 
63979 322 
64201 134 
64290 1 
64490 1383 
64749 606 
64778 38 
64962 3419 
65035 129 
65076 3478 
65243 31 
65656 754 
65905 77 
66258 145 
66265 9 
66382 174 
66559 0 
66625 155 
66784 127 
66805 3316 
66911 1465 
66954 110 
66974 446 
67080 174 
67594 1150 
67690 163 
67911 537 
67996 456 
68142 225 
68299 155 
68410 510 
68447 28 
68599 648 
69050 213 
69407 1155 
69609 34 
69619 560 
69624 2460 
69635 2730 
69836 873 
69843 0 
69902 1747 
69913 1700 
69993 1242 
70004 375 
70179 967 
70202 141 
70222 2006 
70399 409 
70539 618 
70587 5 
70874 1097 
70981 44 
71224 850 
71244 1189 
71361 1026 
71465 1107 
71506 454 
71543 3673 
71643 19 
71720 589 
71814 2613 
71835 737 
71872 467 
71880 540 
71920 1069 
72009 698 
72042 747 
72065 298 
72080 845 
72228 3972 
72348 168 
72383 16 
72398 203 
72405 61 
72423 1 
72444 1022 
72460 403 
72491 1119 
72697 2046 
72770 112 
72791 997 
72818 388 
72854 108 
72870 940 
72877 405 
72970 7813 
73002 487 
73059 845 
73067 199 
73205 174 
73297 58 
73523 365 
73863 21 
74716 335 
75153 380 
75159 80 
75433 160 
75957 1729 
77265 37 
78540 112 
78741 564 
79372 336 
79876 1260 
79982 84 
81686 531 
81835 35 
82901 19 
83196 73 
83863 1150 
84842 39 
87285 99 
88593 946 
88711 1261 
89856 191 
90199 3200 
90520 8 
90552 4678 
90609 4051 
90871 331 
91362 88 
91426 71 
91563 50 
91666 34 
92267 1259 
92302 80 
92522 14 
92811 555 
92836 365 
92884 104 
93590 469 
94892 22 
95463 840 
96851 145 
98371 1750 
98819 90 
104306 70 
107577 10 
107654 1327 
108574 35 
109447 5229 
111182 1386 
111403 566 
112092 9 
114483 1329 
114582 1621 
114749 154 
115898 678 
117356 592 
117505 397 
117540 140 
117730 6 
117801 22391 
119182 568 
119418 1828 
120578 316 
124933 0 
125408 271 
125600 1349 
125609 187 
127172 260 
130161 29 
130721 546 
131820 169 
131849 128 
134259 676 
134983 281 
137228 749 
137245 750 
137252 38 
137693 86 
137828 96 
138010 176 
138267 840 
138917 655 
139175 237 
139303 132 
139309 95 
139400 640 
139461 833 
139894 242 
140739 55 
141883 153 
142928 228 
144124 95 
145322 491 
145942 4308 
146081 0 
146390 33 
146477 722 
147221 972 
148708 732 
149306 439 
149726 65 
150680 1031 
151394 223 
152289 1919 
152482 1027 
152577 1212 
153464 1289 
153512 3515 
153859 570 
155317 122 
156413 1943 
156537 510 
156672 98 
156902 232 
159501 731 
159715 99 
160143 62 
162327 760 
163102 113 
164539 386 
165016 309 
166406 1873 
166459 240 
166521 227 
166871 489 
167675 50 
167771 635 
168270 152 
168488 394 
168599 87 
169103 167 
169255 339 
169854 3739 
170805 54 
171174 303 
171922 261 
172005 89 
172363 517 
172568 334 
173085 311 
173226 872 
175626 287 
178021 382 
179954 50 
180076 909 
185506 115 
189013 455 
190343 5333 
194904 106 
197574 145 
204696 64 
206694 825 
207399 206 
207428 361 
207553 42 
208901 124 
209052 6 
210150 1490 
210704 2152 
213619 347 
214136 27 
217847 353 
221457 2442 
221551 257 
222396 912 
222823 36 
223229 140 
223735 687 
225390 110 
226595 197 
227232 405 
227943 619 
237321 328 
237386 112 
237846 286 
239129 0 
240181 732 
240767 93 
242970 316 
247962 929 
248324 184 
250514 127 
257995 1015 
259104 90 
262905 55 
275916 16 
277971 85 
288495 177 
290689 1080 
308124 499 
310963 13 
311422 526 
314581 110 
314708 228 
314891 150 
338598 37 
340818 642 
349363 425 
352899 65 
364052 464 
390170 251 
403346 354 
404641 188 
417402 294 
438150 209 
449398 152 
450629 249 
464876 79 
465917 92 
470946 216 
482823 15 
489434 35 
499536 197 
500377 140 
578370 288 
593551 0 
601904 96 
