3056 8.83737268519
0 547667 
8 136 
9 180 
10 725 
11 1253 
12 102 
12 744 
12 3103 
12 1776 
14 127 
14 136 
14 174 
15 1528 
15 1193 
17 3 
18 232 
18 81 
18 3867 
19 379 
19 1011 
19 722 
19 200 
19 3134 
20 32 
21 41 
21 129 
22 120 
22 119 
22 1320 
22 122 
23 110 
23 318 
23 109 
23 63 
24 506 
24 915 
24 3206 
25 163 
25 155 
25 1752 
26 2378 
26 1256 
27 191 
27 51 
27 717 
27 130 
28 550 
28 96 
28 939 
28 147 
28 358 
28 133 
28 143 
29 128 
29 160 
29 302 
30 97 
30 74 
30 215 
30 1253 
30 877 
30 412 
30 134 
30 62 
31 272 
31 620 
32 90 
32 16 
32 1076 
32 124 
32 565 
32 179 
32 831 
33 205 
33 55 
33 297 
34 85 
34 77 
34 313 
34 62 
34 105 
34 650 
34 624 
34 45 
35 189 
35 339 
35 51 
36 137 
36 122 
37 63 
37 107 
37 1083 
37 447 
37 176 
37 329 
38 196 
38 340 
38 255 
38 110 
39 526 
39 92 
40 123 
40 385 
40 265 
40 139 
40 221 
40 135 
40 58 
41 222 
42 176 
42 28 
42 573 
43 371 
43 81764 
43 89 
43 200 
44 3 
44 68 
44 91 
44 339 
44 891 
45 123 
45 89 
45 97 
45 420 
45 826 
46 129 
46 974 
46 903 
46 68 
46 248 
47 170 
47 191 
47 84 
47 20 
47 50 
47 174 
47 200 
47 533 
48 826 
48 122 
48 58 
48 1320 
48 28 
48 237 
49 2162 
49 68 
49 2393 
49 99 
49 82 
49 78 
49 1032 
49 29 
49 346 
50 91 
51 41 
51 101 
51 1497 
51 1008 
51 172 
52 11 
52 480 
52 399 
52 120 
52 14 
52 313 
53 285 
53 35 
54 940 
54 139 
54 90 
54 287 
54 200 
55 600 
55 108 
55 989 
55 135 
55 558 
56 136 
56 292 
56 28 
56 366 
57 47 
57 276 
57 124 
58 13 
58 813 
58 1341 
58 573 
58 326 
58 895 
59 261 
59 85 
59 14 
59 27 
59 692 
60 93 
60 2021 
60 290 
60 479 
60 31 
60 572 
60 391 
61 1618 
61 1388 
61 29 
61 169 
61 141 
61 836 
61 38 
62 18 
62 8 
62 184 
62 799 
62 1522 
63 59 
63 1988 
63 448 
63 616 
63 2 
63 1077 
63 49 
63 233 
64 134 
64 27 
64 60 
64 248 
64 481 
64 29 
65 1438 
65 113 
65 1022 
65 50 
66 514 
66 90 
66 247 
67 160 
67 141 
67 726 
67 57 
68 8 
68 232 
69 71 
69 95 
69 52 
69 1001 
69 542 
69 722 
69 1596 
70 1299 
70 497 
70 439 
70 38 
70 99 
70 126 
70 73 
70 125 
70 10 
70 39 
71 233 
71 118 
71 23 
71 498 
72 297 
72 656 
72 70 
73 150 
73 4 
73 142 
73 1469 
73 350 
73 278 
73 284 
73 86 
74 846 
74 1401 
74 58 
74 228 
74 5374 
74 92 
74 795 
75 17 
75 76 
76 213 
77 375 
77 544 
77 64 
77 364 
77 103 
78 2470 
78 71 
78 118 
78 53 
78 656 
78 230 
78 48 
79 150 
79 570 
79 114 
79 8 
79 6 
80 1545 
80 121 
80 211 
81 188 
81 17 
81 54 
81 127 
81 533 
82 32 
82 175 
82 1298 
82 18 
82 97 
82 142 
83 84 
83 1949 
84 97 
84 51 
84 147 
84 1002 
84 322 
85 22 
85 585 
85 51 
86 44 
86 130 
86 267 
87 136 
87 397 
87 401 
87 217 
87 1081 
88 33 
88 13 
88 1438 
88 235 
88 30 
88 118 
89 25 
89 2775 
90 75 
91 121 
91 53 
92 194 
92 185 
92 316 
92 722 
93 2715 
93 139 
93 874 
93 52 
93 2669 
93 67 
93 89 
94 3 
94 149 
95 333 
95 223 
96 38 
96 148 
96 403 
96 11316 
97 133 
97 881 
97 141 
97 6773 
97 1376 
98 283 
98 242 
98 1533 
99 56 
99 889 
100 405 
100 48 
100 1690 
100 65 
100 470 
100 10 
100 14 
101 169 
101 533 
101 804 
101 166 
102 46 
102 94 
103 402 
103 47 
103 1871 
103 903 
103 216 
104 979 
104 49 
104 18 
105 46 
105 4378 
106 2420 
106 518 
107 240 
107 545 
107 313 
107 405 
107 314 
107 1049 
108 241 
108 1012 
108 50 
109 490 
109 141 
109 272 
109 138 
110 78 
110 551 
110 1204 
111 129 
111 485 
111 92 
112 20 
113 5971 
114 74 
115 843 
115 68 
115 13 
115 623 
117 44 
118 71 
118 137 
118 896 
119 1082 
119 288 
119 590 
120 1506 
120 857 
121 229 
121 65 
121 286 
121 228 
122 469 
122 2604 
122 412 
122 69 
122 428 
123 243 
124 470 
124 176 
124 54 
125 200 
126 153 
126 11 
126 37 
127 18 
128 153 
128 1734 
129 525 
130 46 
130 602 
130 47 
130 614 
130 34 
131 31 
131 1248 
131 574 
131 77 
132 594 
133 299 
133 202 
134 72 
135 755 
136 73 
137 198 
137 677 
138 216 
138 1540 
139 3036 
139 291 
140 38 
140 43 
142 127 
142 81 
142 706 
142 73 
143 137 
143 270 
143 125 
144 1594 
145 42 
145 88 
145 262 
145 5676 
145 1365 
146 25 
146 79 
146 1765 
146 520 
147 742 
147 153 
148 451 
148 72 
150 259 
151 905 
151 77 
152 488 
152 297 
153 10 
153 145 
153 300 
153 165 
154 122 
154 4 
154 328 
155 81 
155 92 
155 213 
155 138 
155 2887 
156 251 
157 1843 
157 124 
157 280 
157 465 
157 5986 
158 49 
158 121 
159 325 
160 254 
161 151 
162 162 
162 59 
162 814 
163 941 
163 254 
163 87 
164 112 
164 171 
164 111 
165 905 
165 8 
165 519 
166 1076 
166 543 
167 640 
167 1431 
167 528 
168 3556 
168 1238 
168 18 
169 5785 
169 96 
170 565 
172 707 
172 222 
172 72 
173 75 
173 33 
173 1096 
173 34 
174 9 
175 2254 
175 156 
175 50 
175 33 
175 213 
176 1789 
176 516 
176 1627 
176 510 
176 110 
178 1696 
178 151 
179 42 
179 103 
180 167 
180 36 
180 891 
180 159 
182 1353 
182 1049 
183 1220 
183 1142 
184 291 
184 3442 
184 8 
185 128 
186 1924 
186 1281 
186 9 
187 433 
187 146 
187 272 
187 288 
188 785 
190 26 
190 92 
190 487 
191 1105 
191 4812 
192 299 
192 2211 
193 1737 
193 47 
194 235 
195 305 
195 86 
196 267 
198 14482 
198 61 
198 181 
199 728 
199 23 
199 59 
200 257 
201 229 
201 141 
202 641 
202 125 
202 1386 
202 38 
202 261 
202 312 
202 2424 
202 418 
202 14 
203 886 
203 149 
203 428 
204 418 
205 8416 
205 2139 
205 89 
206 140 
207 472 
207 139 
207 3515 
207 508 
209 36 
209 426 
209 134 
209 495 
210 238 
211 5489 
211 156 
212 1318 
212 119 
212 140 
212 149 
212 49 
212 83 
213 112 
214 61 
214 390 
214 176 
214 312 
215 236 
215 42 
215 782 
216 111 
216 206 
216 2388 
216 677 
216 18 
217 82 
219 6927 
220 90 
220 26 
221 127 
221 95 
221 9514 
222 168 
222 405 
222 73 
223 347 
225 2116 
225 712 
225 413 
226 131 
226 63 
227 3942 
227 159 
227 1797 
228 66 
228 16 
228 26 
229 177 
230 93 
232 162 
232 108 
233 115 
233 2837 
233 1699 
236 265 
236 1171 
237 837 
238 46 
238 218 
238 2084 
239 288 
239 199 
239 159 
240 116 
240 643 
240 716 
242 832 
243 363 
243 3684 
243 72 
244 201 
244 6 
244 941 
245 2856 
246 852 
246 113 
247 21 
248 314 
248 3183 
248 562 
249 550 
250 117 
251 704 
251 236 
251 72 
252 104 
252 233 
253 269 
254 97 
254 312 
254 373 
254 508 
254 601 
254 238 
254 353 
255 124 
255 1 
255 36 
256 13 
257 290 
258 480 
258 13 
258 47 
258 20 
259 971 
260 319 
260 128 
261 186 
261 113 
263 3743 
263 853 
264 49 
265 329 
266 68 
267 161 
268 103 
270 442 
270 44 
270 81 
270 170 
271 1496 
272 143 
273 61 
274 489 
274 2362 
275 40 
275 270 
277 2152 
277 1110 
277 324 
277 18 
277 465 
277 211 
278 21 
279 125 
281 1658 
282 431 
282 1283 
282 248 
282 1128 
284 16 
284 38 
284 1209 
286 1117 
286 61 
286 5015 
288 887 
288 155 
290 193 
292 1098 
292 6 
292 97 
293 132 
294 107 
294 478 
294 538 
295 5463 
295 136 
295 31 
295 67 
296 923 
296 1257 
297 152 
298 492 
299 306 
299 271 
300 44 
301 19 
301 1433 
301 447 
302 380 
302 1932 
302 1239 
302 240 
302 188 
303 139 
303 122 
303 682 
303 726 
304 87 
305 599 
305 160 
305 64 
306 553 
306 420 
306 1538 
306 957 
307 1561 
309 421 
309 92 
312 156 
312 106 
313 1184 
314 1694 
314 426 
314 67 
316 156 
316 5 
318 178 
319 169 
319 748 
319 500 
319 25 
320 29 
320 18 
320 677 
322 1048 
322 34 
323 42 
326 3293 
326 452 
326 96 
327 1188 
328 675 
328 71 
330 1705 
331 260 
332 253 
332 1 
332 3757 
333 118 
333 172 
334 28 
334 1320 
336 2389 
337 605 
338 476 
338 16 
339 1818 
339 672 
340 642 
341 215 
341 2044 
342 1580 
342 979 
342 316 
343 382 
344 105 
344 5750 
345 214 
345 1370 
346 859 
347 594 
347 3470 
348 1421 
349 371 
351 46 
351 552 
351 161 
351 172 
353 21 
354 31 
354 11 
354 354 
355 207 
356 36 
356 1131 
357 80 
357 316 
358 116 
358 54 
360 1157 
361 733 
361 689 
361 843 
362 3248 
363 231 
363 445 
368 531 
368 831 
369 906 
369 1671 
371 1067 
374 137 
375 4 
377 21 
379 559 
379 50 
380 74 
380 309 
380 233 
380 903 
381 2384 
382 794 
388 243 
389 1309 
389 73 
389 554 
390 242 
391 37 
392 63 
392 514 
393 46 
394 1394 
395 682 
395 121 
396 157 
398 829 
399 3919 
401 69 
401 109 
401 152 
402 278 
402 2731 
404 151 
404 268 
404 66 
406 67 
406 28 
407 236 
408 164 
409 202 
410 50 
410 907 
411 35 
412 11327 
413 102 
413 2785 
416 9 
417 41 
418 53 
419 42 
420 448 
421 970 
422 178 
425 625 
425 50 
429 475 
429 424 
430 406 
431 1884 
431 4 
432 1236 
432 1321 
434 59 
434 342 
434 20 
435 558 
435 1216 
436 1222 
438 29 
438 376 
439 20590 
443 350 
444 70 
444 3048 
445 384 
446 718 
447 206 
448 247 
450 249 
450 7717 
451 45 
452 115 
452 894 
453 378 
453 1575 
453 27 
454 35 
455 56 
455 77 
458 31 
458 203 
460 17551 
461 264 
461 247 
461 71 
461 115 
466 101 
470 382 
470 36 
471 229 
472 475 
472 100 
472 288 
473 278 
474 242 
475 88 
475 515 
475 153 
475 63 
476 1113 
477 2185 
477 33 
478 482 
480 2557 
480 626 
481 31 
482 93 
482 1429 
482 605 
483 77 
483 186 
487 48 
490 129 
493 2988 
494 1209 
497 432 
499 443 
499 9 
501 14 
501 962 
501 1716 
501 335 
502 1986 
503 987 
503 366 
504 2452 
504 427 
504 65 
505 569 
506 2176 
507 147 
509 255 
510 41 
513 532 
514 1043 
514 47 
514 47 
516 736 
519 49 
519 19 
520 2739 
521 56 
521 686 
523 139 
525 81 
525 3642 
526 46 
527 69 
528 219 
529 433 
531 62 
536 76 
537 370 
539 205 
539 146 
540 41 
544 1617 
550 176 
551 1232 
551 290 
552 208 
552 1288 
554 663 
555 494 
556 963 
556 304 
556 43 
558 622 
558 1058 
559 1832 
564 9033 
564 839 
567 631 
567 175 
567 2 
573 90 
575 234 
576 107 
578 238 
580 440 
580 1757 
582 2084 
582 12 
591 869 
593 275 
593 72 
593 45 
596 518 
598 1992 
598 28 
602 18 
605 14 
607 1062 
607 1257 
610 2608 
610 53 
614 225 
614 220 
619 272 
619 421 
622 75 
622 3017 
624 24 
624 97 
628 448 
631 111 
635 339 
636 208 
636 159 
638 2370 
639 1282 
641 70 
643 9 
644 70 
644 475 
649 162 
649 115 
654 68 
659 8833 
661 99 
661 4921 
663 1421 
664 1742 
664 117 
664 2709 
666 300 
668 405 
668 3674 
669 1718 
671 1792 
675 2568 
676 545 
677 358 
677 20 
679 230 
680 321 
680 92 
683 548 
684 944 
691 624 
695 55 
696 475 
698 1241 
701 1185 
704 91 
705 3786 
707 4 
707 1330 
707 93 
708 1797 
709 323 
710 1315 
717 319 
718 67 
724 714 
725 539 
727 94 
728 4268 
728 154 
729 77 
731 1356 
733 862 
734 1659 
736 2874 
737 311 
737 6 
739 542 
748 293 
752 1473 
752 1 
752 1148 
753 863 
754 686 
763 550 
765 1193 
777 454 
778 210 
785 1665 
787 510 
791 1370 
791 18 
792 676 
799 2455 
805 489 
812 22 
824 662 
824 59 
824 675 
825 54 
826 406 
826 47 
831 157 
834 4515 
838 62 
847 473 
852 727 
854 257 
857 492 
860 7 
862 304 
862 3651 
865 211 
865 564 
869 2821 
873 6352 
876 329 
883 33 
887 103 
887 895 
889 1049 
893 660 
903 187 
906 669 
913 1768 
920 96 
921 100 
925 25 
927 7 
930 36 
930 3888 
931 1397 
938 2639 
938 60 
939 88 
940 674 
946 295 
951 96 
952 7 
962 83 
965 58 
979 83 
979 83 
982 19 
982 19 
991 359 
991 359 
998 34 
998 34 
999 89 
999 89 
1000 148 
1000 148 
1001 156 
1001 156 
1006 1299 
1006 1299 
1009 29 
1009 29 
1011 54 
1011 54 
1013 284 
1013 284 
1016 2523 
1016 2523 
1017 3684 
1017 3684 
1023 198 
1023 198 
1024 43 
1024 105 
1024 105 
1024 43 
1025 268 
1025 268 
1031 440 
1031 440 
1033 590 
1033 590 
1041 1081 
1041 1081 
1048 786 
1057 201 
1061 8999 
1066 28 
1066 1048 
1070 78 
1072 669 
1082 75 
1094 127 
1101 90 
1115 129 
1117 33 
1121 1549 
1124 17 
1137 1892 
1144 59 
1148 157 
1151 290 
1151 109 
1152 60 
1161 32 
1162 2586 
1162 7888 
1166 1954 
1167 1491 
1169 49 
1171 39 
1171 4834 
1175 6 
1185 2188 
1188 254 
1196 633 
1196 3104 
1207 15 
1211 1015 
1230 53 
1232 706 
1235 218 
1239 94 
1241 65 
1253 64 
1254 237 
1256 358 
1257 113 
1258 460 
1261 9 
1265 510 
1279 141 
1282 446 
1292 438 
1294 619 
1295 830 
1307 721 
1308 84 
1319 947 
1321 151 
1322 64 
1323 793 
1329 154 
1333 215 
1334 43 
1339 83 
1346 1946 
1348 14 
1357 8028 
1365 771 
1366 19 
1380 573 
1380 57 
1381 1 
1386 98 
1388 365 
1389 8341 
1393 32 
1393 23 
1394 133 
1397 71 
1399 771 
1401 56 
1406 35 
1406 2087 
1418 8395 
1422 98 
1440 233 
1442 493 
1450 15 
1455 12 
1460 1186 
1464 315 
1468 343 
1469 537 
1475 50 
1477 2008 
1479 1563 
1485 368 
1499 46 
1500 24 
1506 54 
1528 259 
1535 198 
1544 553 
1556 802 
1559 112 
1561 54 
1568 980 
1570 749 
1572 20 
1586 18 
1595 0 
1596 2 
1598 351 
1608 2128 
1611 158 
1623 592 
1626 136 
1626 159 
1655 71 
1675 1033 
1676 25 
1688 1601 
1700 56 
1700 1141 
1701 2142 
1708 28 
1713 101 
1715 75 
1720 192 
1745 1106 
1750 38 
1752 2153 
1763 353 
1769 140 
1782 1312 
1785 81 
1787 1073 
1788 36 
1794 201 
1799 1106 
1804 4116 
1809 198 
1810 14 
1825 280 
1831 905 
1845 49 
1855 1310 
1858 1759 
1866 34 
1871 1 
1872 332 
1874 959 
1879 8 
1889 19469 
1890 347 
1896 909 
1899 546 
1899 493 
1904 942 
1914 24 
1918 675 
1925 151 
1931 61 
1931 637 
1952 909 
1958 32 
1985 28 
1991 2708 
2005 1043 
2015 970 
2018 207 
2028 208 
2028 24 
2055 82 
2059 66 
2064 2587 
2071 877 
2073 150 
2080 769 
2085 107 
2091 9246 
2092 2404 
2099 1146 
2099 2097 
2104 682 
2106 60 
2109 782 
2113 162 
2116 719 
2119 916 
2135 995 
2142 125 
2178 1050 
2196 533 
2199 1350 
2201 258 
2209 4 
2211 176 
2230 890 
2234 684 
2236 33 
2242 114 
2256 525 
2275 814 
2287 1563 
2295 1276 
2307 2209 
2324 1914 
2327 1087 
2332 1440 
2340 29 
2341 170 
2358 1163 
2360 1297 
2381 392 
2382 319 
2395 0 
2396 421 
2400 918 
2431 763 
2459 562 
2469 996 
2471 215 
2473 62 
2487 429 
2488 19 
2504 5 
2511 1418 
2521 1191 
2526 12 
2536 3973 
2539 499 
2542 1629 
2558 4 
2560 22 
2590 1030 
2593 284 
2598 814 
2604 404 
2612 214 
2631 1705 
2632 3276 
2644 32 
2649 14 
2673 1118 
2693 1284 
2702 35 
2704 1247 
2705 289 
2715 42 
2716 13 
2717 14039 
2737 16687 
2743 79 
2746 607 
2756 573 
2761 285 
2769 2330 
2772 1392 
2783 406 
2783 63 
2801 18 
2806 170 
2826 1887 
2834 276 
2839 45 
2851 1083 
2860 1159 
2862 69 
2869 388 
2877 1 
2885 1166 
2888 785 
2888 34 
2891 29 
2895 1634 
2895 1405 
2900 7 
2907 4198 
2916 1064 
2926 1005 
2930 295 
2942 929 
2947 1139 
2971 249 
2975 2050 
2979 2043 
2982 818 
2988 1140 
2992 530 
2998 2034 
3005 2521 
3027 680 
3043 1356 
3047 728 
3048 1226 
3068 810 
3071 57 
3074 374 
3085 599 
3091 172 
3108 356 
3138 667 
3164 195 
3174 472 
3197 2047 
3222 260 
3238 121 
3248 90 
3270 46 
3279 133 
3284 76 
3300 1105 
3301 787 
3327 50 
3345 824 
3380 220 
3392 295 
3394 1701 
3396 108 
3401 78 
3407 17 
3409 83 
3430 699 
3433 1018 
3456 45 
3470 101 
3472 626 
3473 1227 
3475 199 
3492 2119 
3501 917 
3517 477 
3526 1488 
3540 737 
3599 526 
3607 1262 
3627 390 
3629 393 
3655 262 
3683 80 
3719 800 
3723 169 
3740 1386 
3747 923 
3768 984 
3785 733 
3791 109 
3795 671 
3810 1198 
3818 4 
3836 1360 
3844 98 
3858 10758 
3880 2792 
3882 46 
3883 2309 
3887 0 
3900 3991 
3902 998 
3904 921 
3904 97 
3908 665 
3937 799 
3943 111 
3957 763 
3961 484 
3962 358 
3969 1983 
3977 713 
3979 469 
3991 1319 
4014 1698 
4038 49 
4040 1189 
4052 101 
4086 1089 
4091 184 
4093 770 
4099 1096 
4103 85 
4107 548 
4126 44 
4138 560 
4169 532 
4204 683 
4207 1629 
4275 7 
4346 162 
4355 1018 
4363 2576 
4385 1167 
4389 16 
4418 254 
4457 2401 
4476 10 
4480 117 
4492 451 
4529 3546 
4541 1337 
4557 403 
4557 553 
4561 57 
4568 369 
4578 629 
4587 3747 
4587 2326 
4611 246 
4616 193 
4644 543 
4646 946 
4652 820 
4653 1099 
4660 3763 
4670 88 
4696 279 
4715 65 
4720 645 
4722 185 
4742 35 
4770 314 
4773 345 
4781 337 
4784 193 
4799 1106 
4836 5070 
4864 129 
4890 459 
4913 200 
4948 331 
4949 144 
4957 113 
4987 485 
4995 62 
5001 409 
5022 118 
5030 97 
5034 23 
5059 401 
5062 1158 
5095 0 
5096 664 
5119 3841 
5138 1442 
5211 188 
5235 79 
5258 217 
5268 41 
5318 9 
5320 574 
5320 247 
5330 74 
5390 27 
5413 73 
5456 2523 
5456 596 
5510 455 
5526 1575 
5528 906 
5541 33 
5542 296 
5559 744 
5586 3 
5603 145 
5630 189 
5632 3199 
5643 229 
5652 217 
5662 328 
5668 2 
5687 166 
5724 1504 
5727 17 
5734 24 
5779 695 
5785 600 
5827 22 
5836 2101 
5846 388 
5875 59 
5888 240 
5928 1714 
5935 541 
5971 1152 
5981 417 
6009 789 
6028 40 
6042 153 
6063 18 
6071 278 
6079 711 
6106 204 
6108 572 
6139 261 
6167 72 
6192 1488 
6193 161 
6198 49 
6239 26 
6261 93 
6285 178 
6293 354 
6302 1715 
6313 1745 
6316 1047 
6320 223 
6327 1975 
6330 270 
6383 2239 
6403 82 
6409 189 
6412 306 
6413 940 
6461 51 
6470 236 
6501 103 
6510 9 
6556 316 
6594 1129 
6612 916 
6631 186 
6727 409 
6769 2581 
6796 8 
6797 1566 
6802 294 
6833 30 
6841 1598 
6880 525 
6908 1703 
6916 2913 
6924 57 
6925 695 
6942 896 
6953 185 
6964 1431 
6976 818 
6981 103 
6983 7532 
6986 374 
7015 347 
7020 197 
7033 60 
7066 144 
7136 657 
7141 55 
7147 1274 
7154 258 
7167 627 
7203 100 
7220 37 
7227 509 
7240 340 
7263 387 
7298 343 
7319 207 
7347 1039 
7369 1599 
7374 1138 
7393 200 
7456 541 
7469 51 
7592 90 
7650 975 
7662 4 
7677 8018 
7681 278 
7687 70 
7688 626 
7713 589 
7720 1648 
7722 624 
7754 636 
7775 454 
7781 1714 
7785 16 
7835 7 
7869 772 
7885 495 
7930 122 
7990 751 
8022 1857 
8023 3103 
8047 3732 
8062 31 
8064 746 
8101 186 
8135 587 
8197 508 
8217 1151 
8217 3089 
8217 75 
8239 190 
8247 302 
8263 304 
8299 516 
8303 452 
8328 0 
8382 512 
8422 31 
8451 41 
8499 1219 
8515 2469 
8559 606 
8568 1279 
8582 2112 
8597 153 
8600 130 
8606 36 
8628 320 
8656 17 
8677 5101 
8688 1347 
8716 2365 
8719 283 
8727 276 
8757 125 
8783 923 
8857 802 
8865 708 
8867 160 
8888 2317 
8905 684 
8916 313 
8917 1367 
8918 459 
8960 1365 
8965 142 
8967 1120 
8981 1026 
8989 1710 
9060 233 
9075 754 
9087 16 
9097 53 
9140 774 
9157 953 
9188 14 
9201 187 
9202 911 
9272 2234 
9319 591 
9321 349 
9332 1410 
9361 889 
9384 1112 
9396 20 
9428 1106 
9554 503 
9615 26 
9617 378 
9660 1205 
9661 1146 
9671 27 
9686 45 
9790 623 
9866 1817 
9868 1808 
9884 3735 
9896 5 
9938 895 
9956 29 
9961 600 
9984 165 
10008 117 
10016 16 
10024 414 
10025 27210 
10065 1126 
10071 1911 
10092 560 
10172 10 
10184 4415 
10208 1245 
10234 110 
10240 419 
10292 158 
10292 140 
10328 23 
10372 479 
10403 413 
10431 775 
10529 1133 
10583 783 
10596 168 
10616 18 
10618 572 
10622 58 
10683 1520 
10737 5406 
10754 789 
10921 24 
10922 3855 
11092 306 
11092 69 
11139 63 
11165 12322 
11193 513 
11224 4 
11237 115 
11301 45 
11315 471 
11316 279 
11350 998 
11389 824 
11504 45 
11547 538 
11558 961 
11561 78 
11676 896 
11727 10 
11807 1132 
11809 863 
11814 4124 
11849 436 
11914 393 
11920 299 
11943 150 
12173 4 
12186 2242 
12196 337 
12232 403 
12255 134 
12317 40 
12482 976 
12499 369 
12575 3984 
12617 1066 
12659 730 
12776 337 
12833 316 
12903 792 
12920 428 
12985 423 
13022 382 
13056 169 
13058 28 
13067 2472 
13211 1738 
13389 252 
13469 251 
13479 5652 
13487 101 
13748 1459 
13763 1086 
13844 1169 
13845 64 
13866 1334 
13944 503 
13963 483 
14051 713 
14188 275 
14274 298 
14279 135 
14304 527 
14316 5338 
14567 373 
14600 326 
14615 83 
14727 718 
14761 228 
14910 3685 
15003 4264 
15090 81 
15178 120 
15355 5214 
15406 1376 
15423 1796 
15442 252 
15491 5046 
15566 2369 
15569 382 
15625 783 
15674 1400 
15825 1047 
15852 404 
15996 216 
16311 545 
16389 1115 
16411 1517 
16444 2278 
16478 111 
16678 579 
16844 1306 
16866 118 
16974 906 
17024 288 
17164 855 
17197 189 
17241 1345 
17249 143 
17317 22 
17332 1353 
17413 2084 
17474 471 
17528 601 
17547 11 
17618 769 
17656 82 
17720 3825 
17738 824 
17738 162 
17818 2816 
17826 64 
17846 751 
18042 1232 
18047 590 
18062 946 
18095 238 
18107 1583 
18172 5238 
18222 228 
18375 937 
18429 657 
18577 9336 
18629 323 
18727 1448 
18937 488 
18976 3443 
19027 81 
19031 716 
19042 5058 
19107 306 
19139 228 
19331 704 
19347 414 
19671 403 
19749 56 
19921 1364 
19951 471 
19977 2858 
20003 16 
20113 20 
20433 416 
20454 1118 
20508 1129 
20744 98 
20770 703 
21386 835 
21634 13 
21793 1384 
21806 925 
21837 2173 
22078 302 
22103 854 
22372 1357 
22432 6 
22454 407 
22506 7 
22536 205 
22550 855 
22685 1058 
22839 513 
23037 83 
23238 6099 
23313 305 
23337 152 
23402 1192 
23518 184 
23573 1765 
23636 934 
23649 1010 
23668 201 
23699 688 
23743 242 
24094 86 
24226 949 
24285 297 
24523 284 
24794 1067 
25382 233 
25386 139 
25886 2538 
26008 155 
26332 857 
26693 761 
26757 48 
26783 103 
26834 611 
27184 133 
27535 444 
27708 216 
27770 33 
27791 138 
27832 2394 
27863 218 
27941 106 
28133 211 
28288 7 
28655 1671 
28740 170 
28987 1583 
29128 648 
29241 1595 
29541 117 
29556 209 
29794 1279 
30084 174 
30104 1899 
30107 1514 
30163 29 
30255 235 
30337 120 
30346 2338 
30613 4920 
31006 1368 
31235 72 
31235 72 
31297 1028 
31406 41 
32036 330 
32227 523 
32345 346 
32617 877 
32723 117 
32897 57 
33229 3150 
33270 1381 
33375 819 
33502 1338 
33609 1520 
33717 917 
34101 1424 
34718 321 
34724 1613 
34978 198 
35000 1168 
35040 604 
35065 136 
35068 514 
35156 452 
35183 1387 
35243 1273 
35273 111 
35344 3398 
35406 601 
35433 655 
35528 645 
35606 67 
35950 1637 
36001 1739 
36040 1058 
36068 202 
36263 487 
36361 475 
36432 1427 
36438 1608 
36465 1516 
36566 472 
36631 1187 
37298 102 
37301 248 
37386 1632 
37680 316 
37683 436 
37875 95 
37940 1992 
38126 20 
38453 167 
38583 317 
39715 382 
40168 703 
40234 50 
40279 243 
40336 534 
40375 1349 
40466 903 
40740 1173 
40818 49 
40873 424 
40879 237 
41008 354 
41146 70 
41311 406 
41367 122 
41620 6 
42046 515 
42116 137 
42646 378 
42705 463 
42862 69 
42912 491 
42946 325 
42979 76 
42992 864 
43189 531 
43263 1120 
43324 1227 
43353 420 
43363 363 
43367 1298 
43389 889 
43423 212 
43470 703 
43475 251 
43528 91 
43536 1444 
43563 1643 
43627 477 
43631 173 
43648 571 
43736 1499 
43739 172 
43829 392 
43830 190 
43888 489 
43901 309 
43920 46 
43924 28 
43959 712 
43960 343 
44050 50 
44107 1066 
44164 529 
44237 580 
44264 483 
44272 369 
44307 1961 
44311 4631 
44351 304 
44398 39 
44426 27329 
44442 223 
44468 460 
44528 3016 
44535 547 
44537 263 
44591 212 
44653 132 
44657 191 
44797 317 
44811 463 
44861 55 
44871 133 
44878 506 
44940 396 
44942 1381 
44953 85 
45098 1546 
45127 744 
45142 1917 
45153 487 
45212 1968 
45265 176 
45284 269 
45308 478 
45439 2298 
45592 44 
45650 1320 
45690 2737 
45756 220 
45758 86 
45774 44 
45865 137 
46327 2774 
46394 481 
46396 583 
46550 948 
46595 235 
46716 107 
46762 146 
46770 97 
46808 901 
46922 1077 
46939 1278 
47093 3444 
47150 2704 
47247 467 
47261 223 
47282 1148 
47345 782 
47477 610 
47663 612 
47715 597 
47720 707 
47744 651 
47803 5658 
47925 500 
47957 444 
48138 137 
48213 2889 
48328 98 
48330 306 
48338 153 
48358 2822 
48399 849 
48406 785 
48488 272 
48509 473 
48527 1443 
48715 128 
48754 1630 
48766 1193 
48871 1234 
48942 531 
48987 3357 
49021 354 
49080 12 
49153 561 
49315 11 
49417 247 
49455 379 
49663 1200 
49663 1200 
49808 2770 
49862 35 
49865 1296 
49907 3377 
50052 126 
50056 1103 
50117 1576 
50143 285 
50194 466 
50261 138 
51962 963 
52246 820 
52378 440 
52400 1709 
52444 687 
52479 244 
52517 1091 
52523 45 
52562 1169 
52597 1366 
52677 354 
52734 361 
52931 1871 
53005 238 
53024 626 
53146 432 
53224 406 
53245 460 
53543 1084 
53685 269 
53688 931 
53876 269 
53932 129 
53937 665 
54001 5923 
54097 352 
54163 13 
54239 1112 
54265 2783 
54269 717 
54360 41 
54362 1045 
54421 85 
54710 1634 
54858 1460 
54962 1668 
54984 337 
55023 1421 
55078 3898 
55185 1494 
55339 104 
56223 975 
56311 270 
56327 6446 
56339 1551 
56405 1042 
56406 700 
56486 163 
56507 1145 
56757 72 
57021 1394 
57063 157 
57162 87 
57597 28 
57739 348 
57833 877 
57880 580 
57890 90 
57962 376 
57975 269 
58097 969 
58098 110 
58248 201 
58407 1594 
58651 725 
59057 1451 
59071 1218 
59093 39 
59153 1011 
59312 1726 
59348 396 
59403 106 
60804 1460 
60912 2024 
60956 2652 
60989 1137 
61027 437 
61033 1137 
61077 875 
61094 1137 
61166 399 
61179 238 
61267 1491 
61272 222 
61299 1079 
61342 676 
61444 430 
61603 1017 
61618 386 
61624 1536 
61677 550 
61786 200 
61847 6 
62028 205 
62123 1277 
62123 1277 
62224 2728 
62278 2413 
62534 1099 
62579 3674 
62615 1428 
62656 201 
62707 2634 
62809 141 
62948 379 
63039 124 
63178 393 
63190 3720 
63232 171 
63288 306 
63311 1201 
63356 1122 
63429 197 
63483 599 
63900 97 
64142 1398 
64163 7840 
64178 882 
64271 214 
64295 160 
64482 84 
64514 169 
64627 750 
64651 12 
64723 405 
64895 406 
65440 20 
66110 1515 
66465 3965 
66706 1124 
67061 68 
67179 526 
67202 80 
67472 129 
67475 737 
67624 1181 
67770 203 
67942 1118 
68034 138 
68124 398 
68581 610 
68625 834 
68660 137 
68782 6230 
68788 367 
68869 186 
69138 227 
69224 685 
69393 204 
69403 803 
69662 534 
70045 149 
70543 5400 
70544 121 
70553 1595 
70620 258 
70811 141 
71000 1101 
71084 351 
71154 1414 
71162 775 
71673 308 
71855 1975 
72017 1104 
72285 2093 
72495 145 
73405 651 
73507 997 
73531 1005 
73539 2057 
73712 173 
73755 173 
73942 1155 
73960 269 
74024 69 
74593 1377 
74866 55 
74870 472 
74880 1674 
74959 1004 
74994 209 
75018 612 
75374 389 
75564 276 
76080 1031 
76214 6248 
76271 1724 
76670 2310 
77233 839 
77309 1069 
77562 1404 
77564 127 
78071 2027 
78352 968 
78489 29 
78578 669 
78628 449 
78657 319 
79217 452 
79230 34 
79282 1488 
79720 170 
79762 139 
79874 41 
80250 1713 
80372 555 
80398 115 
80681 3522 
80828 739 
80829 8220 
81022 475 
81188 628 
81274 33 
82164 1293 
82492 794 
82521 1613 
83196 51 
83355 927 
83845 59 
83848 147 
83849 370 
83851 479 
83898 3548 
83911 1244 
83971 608 
83984 215 
84471 333 
84488 514 
84697 135 
84705 250 
84729 643 
84785 2772 
84804 648 
84877 1223 
84880 99 
84914 760 
84920 10907 
84933 230 
84933 466 
84954 107 
84989 1027 
85134 226 
85154 123 
85259 1661 
85311 57 
85319 169 
85505 61 
85515 155 
85624 943 
85649 27 
85651 153 
85702 21 
85897 51 
85907 362 
85974 221 
86038 644 
86086 540 
86186 22 
86406 1785 
86439 847 
86471 1376 
86481 1257 
86487 865 
86614 18 
86686 2183 
86701 528 
86709 102 
86711 55 
86715 626 
86733 210 
86778 403 
86781 88 
86862 280 
87134 531 
87427 2979 
87432 867 
87523 574 
87554 1741 
87680 1252 
87714 108 
87717 175 
88071 637 
88136 388 
88151 1428 
88174 330 
88254 744 
88262 1580 
88340 160 
88354 130 
88362 498 
88431 16 
88580 428 
88603 227 
88688 243 
88705 150 
88726 718 
88776 724 
88871 81 
88904 168 
88908 690 
88976 723 
89026 3092 
89064 771 
89088 141 
89153 217 
89208 95 
89232 326 
89413 631 
89516 382 
89560 310 
89569 22 
89612 1535 
89655 106 
89712 137 
89979 151 
90046 1076 
90218 110 
90634 296 
90984 654 
91133 77 
91437 383 
91459 2123 
91461 40 
91569 506 
91969 1289 
91983 766 
92038 8 
92052 1486 
92175 807 
92321 462 
92767 654 
92792 459 
92893 1712 
93058 743 
93065 675 
93199 425 
93615 49 
93976 1502 
93996 43 
94403 20 
94438 174 
94940 848 
95175 329 
95434 34 
95756 1059 
96116 280 
96188 2081 
97163 137 
97180 604 
97237 87 
97311 733 
97440 285 
97486 197 
97646 374 
98289 1066 
98345 225 
98713 1443 
98887 978 
100330 406 
100746 3544 
100895 281 
101068 833 
101702 201 
104159 33 
105892 352 
106217 517 
106344 379 
106784 1818 
107078 1188 
108072 1988 
109194 1352 
109297 693 
110794 952 
111927 293 
112041 829 
112357 425 
112583 592 
113051 833 
113527 1525 
118078 2064 
120745 1234 
122583 785 
122803 52 
123754 218 
124141 1076 
124253 920 
127109 450 
131646 579 
132071 262 
133539 1210 
135854 101 
136402 325 
137716 496 
141454 1345 
142083 23 
143141 427 
143200 602 
143936 307 
145452 854 
145648 150 
146234 763 
146305 1418 
146403 1143 
146471 581 
147643 828 
148044 42671 
149315 130 
150505 576 
151247 1637 
153789 389 
154895 475 
156401 1499 
156405 2356 
156609 725 
157933 338 
158153 449 
158437 8515 
158625 218 
158889 1884 
159417 69 
160193 517 
160356 1471 
160596 390 
161147 300 
161228 1383 
161510 61 
161874 641 
161939 422 
162224 696 
162973 90 
163611 1198 
163651 3181 
163748 1409 
163763 3947 
163779 3019 
163794 16861 
163804 63 
163809 454 
163817 488 
163835 5232 
163843 34 
163879 99 
163896 1966 
163906 142 
163917 103 
163928 458 
163933 273 
163949 49 
163976 477 
164024 2611 
164030 155 
164123 946 
164449 71 
164623 96 
164831 96 
164973 263 
165362 2690 
165806 583 
165887 1146 
166547 792 
166655 3 
168111 373 
168419 1157 
168544 62 
169543 58 
170131 1450 
170659 5567 
170725 309 
171753 929 
171937 1554 
172308 5633 
172372 5250 
172387 1464 
172587 308 
173681 3162 
174443 277 
174643 309 
174975 144 
175291 21 
177514 2468 
179213 442 
179306 1128 
180049 422 
180295 510 
180848 3526 
181435 861 
181908 728 
183602 234 
185297 657 
185656 771 
186374 851 
187770 912 
188074 1455 
188146 1491 
188752 3447 
190994 1594 
191360 246 
191827 1474 
192392 2114 
196019 1052 
196742 391 
208018 369 
208694 954 
209959 109 
210701 194 
211133 1831 
227430 183 
230228 314 
230492 1868 
231590 88 
234168 1230 
236310 669 
236320 810 
239319 206 
240360 245 
245129 58 
248621 372 
248893 1286 
249726 1072 
250629 31 
250998 142 
254250 1087 
256314 49 
256345 201 
256602 1093 
257292 5612 
257451 1514 
257587 709 
257847 51 
258928 149 
259128 344 
259874 179 
261637 1848 
262204 528 
268391 260 
268493 200 
269444 98 
271281 79 
271543 2750 
272409 62 
273225 725 
273451 63 
277566 4 
277782 1879 
277838 891 
281554 50 
282959 221 
291386 3699 
291412 2598 
291462 1727 
291529 4724 
298097 1104 
316560 467 
327884 122 
330395 1165 
331193 380 
334045 207 
335706 323 
337399 1105 
338115 73 
338840 796 
339212 337 
340234 231 
341236 735 
341350 2456 
343098 1326 
343322 6 
343951 34 
345971 1789 
347098 854 
349386 1448 
349527 2 
350901 827 
350928 903 
351653 3041 
351685 1466 
353433 59 
354174 1322 
354657 48 
354685 68 
354712 68 
365194 1402 
370130 558 
371786 399 
382395 245 
387171 130 
387328 484 
389310 396 
389375 3078 
393077 525 
398634 5 
401349 876 
409293 572 
413098 216 
413178 325 
413199 381 
413445 187 
413759 155 
415605 153 
416115 180 
416340 842 
416636 2423 
417179 1192 
417758 1695 
421733 1111 
421879 588 
423916 22 
425476 2419 
425949 361 
427313 715 
427329 2018 
432274 70 
433177 83 
437034 673 
443627 1248 
443911 1713 
444621 21 
448380 347 
455588 631 
463673 1316 
467264 1971 
469170 207 
471498 1207 
487204 116 
496465 296 
498506 388 
498717 246 
498965 7 
499404 17 
502557 181 
508020 362 
508187 1179 
508516 173 
509159 576 
514237 73 
514471 109 
514997 1052 
517121 116 
519755 124 
526616 195 
527722 52 
530854 1473 
532004 181 
532094 482 
539258 588 
547545 2 
557971 2883 
565196 123 
567113 32 
572969 444 
585397 657 
585453 1218 
587504 10 
589066 635 
589733 1083 
596020 7331 
600332 428 
603018 393 
