2287 13.9583796296
0 194882 
14 34 
15 117 
17 159 
17 999 
20 26 
21 122 
22 87 
22 143 
23 44 
23 90 
24 30 
26 195 
26 48 
27 105 
28 109 
30 142 
31 103 
32 96 
32 166 
32 25 
32 47 
32 51 
32 251 
33 91 
33 123 
34 113 
34 131 
36 295 
36 33 
36 52 
37 79 
37 1056 
37 253 
37 74 
38 162 
39 43 
39 66 
39 110 
40 63 
40 165 
42 36 
43 307 
43 159 
44 43 
44 118 
44 90 
46 218 
46 106 
46 46 
47 219 
47 86 
47 59 
47 110 
48 71 
48 81 
48 26 
49 71 
49 119 
49 136 
50 52 
50 79 
51 86 
52 464 
53 65 
55 109 
56 85 
57 312 
58 67 
58 82 
59 92 
59 43 
59 299 
60 108 
62 22 
62 135 
62 176 
64 257 
64 257 
64 20 
64 113 
64 76 
65 34 
65 108 
65 117 
66 103 
67 151 
67 96 
67 133 
68 186 
68 134 
69 76 
70 145 
70 190 
72 150 
72 59 
72 134 
73 120 
74 21 
74 55 
74 69 
75 134 
75 112 
76 131 
77 78 
78 61 
79 49 
79 23 
80 137 
80 37 
81 13 
81 232 
81 211 
83 106 
84 46 
85 42 
85 172 
85 90 
85 330 
87 543 
87 132 
88 169 
88 21 
88 98 
88 53 
90 333 
92 48 
93 70 
94 428 
95 92 
95 28 
95 262 
96 20 
97 157 
97 160 
98 71 
98 58 
99 118 
99 30 
99 171 
100 47 
101 202 
102 23 
102 95 
104 83 
105 90 
105 248 
106 185 
106 27 
107 76 
108 365 
109 90 
109 80 
110 60 
111 70 
112 88 
113 116 
114 19 
114 186 
115 150 
116 40 
117 35 
117 57 
119 29 
120 188 
120 73 
121 9 
122 124 
122 183 
123 88 
125 249 
128 183 
129 119 
130 78 
131 184 
132 613 
133 88 
133 46 
133 51 
135 67 
136 66 
137 364 
137 173 
137 40 
139 112 
140 41 
140 177 
142 25 
143 48 
143 42 
145 55 
145 140 
146 68 
147 47 
148 91 
149 116 
150 80 
151 56 
151 105 
151 33 
151 28 
151 104 
152 103 
154 207 
154 271 
154 139 
155 38 
157 5 
159 505 
159 77 
159 168 
160 174 
161 113 
161 104 
162 29 
164 127 
164 1229 
166 196 
166 103 
166 209 
172 51 
173 122 
173 75 
176 35 
178 282 
179 280 
181 311 
182 170 
185 106 
185 52 
185 119 
185 94 
187 39 
187 159 
188 43 
192 133 
193 231 
193 71 
194 163 
195 73 
197 76 
198 135 
198 101 
198 2 
199 37 
199 33 
199 53 
202 90 
202 60 
204 99 
204 48 
206 500 
206 205 
206 291 
207 85 
207 23 
208 206 
208 34 
209 15 
210 8 
211 168 
212 98 
214 182 
215 6 
216 108 
216 19 
217 130 
217 52 
218 315 
219 94 
219 33 
220 52 
220 12 
221 25 
222 120 
223 547 
225 529 
225 63 
226 67 
227 55 
230 208 
230 45 
230 80 
231 63 
233 165 
233 167 
235 277 
236 172 
237 48 
238 174 
238 100 
239 85 
239 127 
240 50 
241 84 
242 225 
244 50 
244 86 
245 92 
246 71 
249 83 
249 165 
250 39 
251 137 
251 36 
254 20 
254 53 
254 48 
254 86 
256 108 
257 73 
257 79 
257 76 
257 64 
258 110 
258 26 
259 97 
259 48 
260 135 
262 157 
263 475 
264 25 
264 287 
266 78 
267 104 
267 25 
268 69 
269 33 
272 557 
272 38 
272 90 
273 16 
279 225 
280 64 
280 40 
280 53 
281 114 
282 100 
282 72 
284 176 
286 247 
288 206 
288 143 
290 34 
290 95 
293 257 
293 119 
295 91 
295 1017 
295 55 
298 164 
298 181 
299 44 
300 40 
301 109 
303 137 
304 167 
307 434 
308 60 
308 141 
308 89 
309 110 
311 18 
313 206 
316 50 
317 237 
318 98 
318 304 
322 58 
323 59 
330 180 
332 223 
332 81 
334 27 
334 207 
335 73 
337 50 
339 122 
341 53 
346 69 
347 32 
348 98 
352 70 
352 35 
356 16 
356 207 
357 172 
357 133 
360 378 
360 58 
360 88 
360 37 
361 142 
364 304 
364 70 
364 91 
365 412 
366 213 
367 155 
367 168 
371 95 
371 96 
371 189 
374 229 
374 47 
376 4 
377 132 
377 123 
381 125 
382 155 
384 103 
385 51 
385 72 
386 206 
387 44 
388 103 
389 63 
390 30 
391 112 
391 130 
394 47 
396 67 
398 59 
400 87 
400 11 
402 55 
403 42 
407 82 
407 111 
408 94 
409 116 
409 81 
415 180 
416 19 
419 45 
420 133 
421 101 
425 42 
427 18 
428 60 
430 102 
431 59 
432 167 
434 9 
436 79 
438 82 
439 82 
445 5 
447 125 
447 54 
450 69 
452 228 
453 53 
454 90 
456 30 
457 73 
458 50 
459 29 
460 96 
461 53 
461 9 
468 94 
469 33 
469 48 
470 64 
473 151 
474 38 
479 127 
479 15 
480 87 
481 210 
481 77 
483 118 
485 34 
488 125 
489 93 
489 65 
490 103 
491 82 
491 102 
492 57 
493 70 
494 341 
495 79 
496 111 
496 40 
497 93 
498 89 
499 181 
501 107 
501 220 
502 118 
502 86 
504 136 
505 46 
510 68 
510 60 
514 70 
514 163 
514 41 
515 54 
518 174 
518 22 
519 85 
520 21 
521 90 
525 132 
526 195 
527 208 
528 68 
529 35 
531 7 
532 160 
532 185 
534 115 
534 130 
537 180 
538 201 
539 35 
540 107 
542 151 
542 69 
542 69 
543 132 
548 165 
551 104 
551 87 
552 269 
552 221 
554 24 
555 102 
555 2 
556 87 
557 134 
557 33 
557 104 
559 78 
560 109 
561 84 
564 57 
564 129 
565 90 
566 294 
567 127 
569 40 
571 77 
573 2 
574 250 
576 153 
576 138 
577 159 
580 147 
584 123 
588 54 
591 84 
591 311 
595 210 
595 84 
598 34 
601 73 
603 229 
604 73 
604 44 
605 201 
607 10 
611 66 
618 30 
618 15 
622 200 
623 133 
626 328 
631 95 
633 22 
636 77 
638 47 
638 33 
643 176 
643 145 
646 31 
646 52 
646 197 
650 112 
654 57 
655 52 
655 196 
658 113 
659 89 
660 108 
660 329 
660 247 
661 49 
661 131 
662 60 
663 88 
663 91 
663 96 
667 32 
673 184 
673 55 
674 75 
674 89 
675 172 
675 204 
676 103 
678 43 
681 131 
682 29 
684 78 
687 29 
687 82 
687 27 
690 18 
694 48 
694 53 
695 73 
696 21 
696 128 
697 143 
698 126 
708 117 
710 124 
715 276 
716 93 
718 70 
722 25 
722 252 
725 75 
726 114 
728 106 
732 69 
738 29 
738 31 
740 44 
740 18 
744 45 
745 26 
745 81 
746 231 
758 115 
763 69 
764 100 
766 75 
768 22 
768 54 
777 159 
778 146 
779 122 
781 230 
783 40 
783 82 
784 104 
786 67 
795 26 
798 56 
801 67 
804 45 
804 14 
814 24 
814 74 
819 70 
825 123 
826 96 
827 202 
830 48 
836 123 
839 54 
841 80 
841 49 
842 56 
843 53 
848 39 
850 48 
855 33 
857 131 
859 123 
864 166 
865 73 
866 32 
868 53 
875 80 
875 53 
876 152 
878 18 
879 163 
885 93 
885 33 
886 136 
894 40 
896 17 
898 156 
901 117 
902 44 
903 56 
903 143 
905 61 
908 149 
910 147 
912 273 
912 202 
913 125 
914 6 
914 61 
919 85 
921 130 
928 193 
929 30 
930 169 
931 199 
932 28 
936 34 
936 11 
943 85 
951 31 
953 137 
974 112 
981 81 
983 55 
985 92 
991 139 
992 186 
994 8 
998 172 
1004 55 
1015 85 
1016 71 
1016 40 
1020 62 
1022 73 
1026 40 
1029 84 
1031 101 
1033 251 
1042 88 
1045 18 
1104 15 
1107 60 
1118 149 
1119 61 
1124 10 
1125 48 
1129 56 
1130 57 
1134 71 
1135 234 
1137 58 
1142 39 
1144 50 
1147 69 
1150 191 
1151 22 
1153 79 
1155 5 
1155 192 
1167 350 
1167 78 
1170 116 
1171 126 
1172 117 
1182 187 
1182 160 
1185 152 
1187 110 
1196 206 
1196 146 
1204 61 
1212 95 
1214 38 
1215 231 
1216 120 
1217 54 
1217 112 
1224 141 
1230 5 
1231 42 
1234 86 
1235 74 
1240 117 
1249 87 
1250 32 
1258 76 
1263 43 
1269 653 
1269 61 
1271 95 
1271 162 
1277 52 
1278 81 
1279 449 
1289 63 
1291 33 
1292 84 
1293 128 
1297 33 
1297 86 
1300 45 
1302 112 
1303 173 
1311 137 
1311 90 
1311 109 
1312 84 
1325 84 
1327 61 
1330 10 
1333 121 
1342 271 
1353 192 
1363 125 
1371 549 
1372 191 
1376 86 
1379 27 
1379 80 
1381 255 
1387 100 
1393 48 
1394 67 
1394 60 
1394 51 
1404 162 
1407 10 
1412 93 
1414 15 
1420 219 
1420 131 
1422 16 
1424 25 
1426 183 
1428 47 
1432 89 
1439 14 
1450 43 
1452 32 
1452 76 
1460 51 
1461 112 
1463 31 
1465 27 
1471 176 
1473 248 
1475 91 
1476 139 
1480 17 
1482 195 
1488 128 
1492 11 
1493 15 
1493 57 
1495 10 
1507 45 
1514 51 
1521 135 
1522 40 
1524 139 
1531 225 
1535 53 
1536 85 
1537 69 
1543 40 
1544 56 
1546 85 
1554 70 
1556 54 
1558 67 
1559 196 
1559 1215 
1561 38 
1566 263 
1566 35 
1570 58 
1574 101 
1583 47 
1588 85 
1594 37 
1606 46 
1607 40 
1609 209 
1620 101 
1622 25 
1632 51 
1639 169 
1641 336 
1641 310 
1647 56 
1657 69 
1666 64 
1669 70 
1673 87 
1681 116 
1684 78 
1685 1623 
1687 105 
1690 19 
1696 26 
1697 18 
1699 54 
1712 197 
1713 85 
1714 23 
1714 155 
1723 27 
1730 57 
1737 25 
1737 66 
1747 134 
1757 176 
1759 239 
1762 53 
1764 256 
1773 222 
1775 58 
1781 115 
1787 28 
1788 73 
1793 132 
1794 41 
1801 82 
1807 324 
1822 24 
1834 26 
1839 89 
1846 140 
1854 129 
1859 103 
1862 73 
1865 63 
1868 16 
1869 36 
1888 43 
1893 30 
1896 38 
1918 71 
1934 530 
1941 81 
1945 210 
1947 120 
1948 228 
1949 73 
1952 91 
1954 31 
1968 77 
1976 110 
1984 14 
1992 233 
1993 131 
2003 146 
2007 95 
2007 58 
2011 71 
2014 77 
2022 58 
2023 57 
2027 49 
2038 34 
2039 115 
2039 63 
2055 4 
2055 47 
2061 177 
2070 100 
2077 227 
2082 44 
2085 61 
2089 253 
2091 119 
2092 28 
2101 61 
2103 78 
2110 101 
2113 72 
2117 56 
2126 125 
2137 55 
2138 46 
2139 92 
2147 51 
2160 28 
2160 68 
2168 162 
2182 159 
2189 83 
2199 29 
2204 67 
2210 12 
2214 33 
2217 62 
2217 28 
2224 158 
2226 253 
2233 57 
2235 46 
2239 41 
2248 78 
2249 21 
2251 34 
2256 120 
2264 78 
2276 92 
2282 184 
2283 74 
2288 8 
2295 58 
2295 16 
2299 154 
2307 85 
2315 164 
2319 36 
2319 78 
2333 14 
2339 43 
2341 107 
2342 28 
2344 35 
2346 101 
2355 262 
2355 12 
2359 460 
2362 37 
2364 26 
2365 164 
2379 163 
2382 53 
2382 255 
2389 67 
2395 164 
2396 109 
2401 100 
2401 53 
2413 62 
2416 79 
2417 451 
2434 172 
2445 78 
2450 68 
2452 81 
2453 21 
2464 57 
2464 84 
2467 86 
2471 34 
2475 54 
2477 28 
2491 275 
2499 383 
2508 116 
2513 126 
2514 149 
2514 69 
2516 221 
2525 168 
2531 47 
2533 226 
2542 94 
2544 157 
2562 367 
2567 178 
2569 111 
2579 100 
2581 22 
2586 179 
2596 50 
2602 55 
2608 222 
2610 67 
2613 84 
2616 78 
2621 197 
2622 214 
2623 36 
2623 64 
2628 15 
2650 45 
2655 69 
2666 17 
2667 114 
2670 80 
2673 133 
2677 46 
2690 26 
2708 38 
2733 103 
2735 59 
2739 146 
2741 19 
2754 86 
2754 94 
2754 80 
2762 213 
2765 19 
2792 315 
2797 63 
2798 24 
2802 52 
2819 15 
2828 33 
2829 201 
2832 172 
2840 343 
2844 138 
2856 7 
2858 62 
2880 177 
2880 199 
2885 69 
2887 7 
2897 258 
2909 51 
2913 93 
2918 75 
2928 82 
2929 73 
2945 115 
2956 141 
2964 135 
2976 100 
2977 45 
2992 49 
3002 25 
3002 166 
3018 123 
3021 47 
3023 183 
3036 18 
3040 99 
3041 22 
3046 97 
3056 117 
3058 48 
3058 74 
3060 31 
3064 36 
3074 58 
3076 9 
3083 224 
3088 241 
3088 147 
3094 56 
3096 52 
3105 40 
3120 6 
3122 65 
3150 155 
3170 107 
3174 44 
3175 119 
3189 23 
3191 109 
3197 66 
3207 85 
3213 141 
3227 13 
3253 118 
3256 89 
3271 8 
3274 85 
3283 64 
3312 87 
3313 22 
3318 37 
3321 44 
3327 77 
3337 63 
3338 55 
3339 58 
3342 31 
3351 88 
3357 201 
3368 20 
3368 106 
3370 61 
3374 116 
3374 164 
3377 73 
3380 96 
3382 59 
3384 52 
3387 14 
3391 25 
3403 76 
3406 113 
3414 196 
3426 153 
3426 178 
3427 121 
3437 49 
3440 40 
3444 34 
3449 11 
3462 46 
3468 215 
3469 134 
3472 70 
3477 35 
3479 34 
3480 148 
3481 47 
3528 181 
3537 304 
3548 68 
3592 53 
3592 111 
3597 124 
3605 22 
3609 43 
3613 155 
3622 83 
3650 47 
3654 203 
3659 81 
3665 55 
3678 51 
3694 33 
3698 16 
3714 295 
3716 772 
3726 93 
3734 44 
3738 65 
3747 37 
3749 40 
3772 249 
3776 12 
3786 102 
3790 2 
3794 41 
3803 36 
3806 69 
3813 52 
3831 26 
3849 123 
3851 192 
3852 69 
3854 71 
3863 16 
3884 89 
3888 43 
3895 22 
3898 105 
3899 72 
3910 46 
3916 54 
3926 113 
3931 81 
3932 69 
3938 33 
3951 47 
3966 86 
3971 145 
3987 29 
3999 11 
4003 70 
4014 199 
4016 145 
4030 56 
4047 11 
4050 57 
4054 172 
4054 139 
4054 111 
4071 8 
4079 33 
4080 48 
4084 25 
4088 123 
4094 141 
4094 55 
4109 40 
4115 30 
4141 130 
4141 147 
4148 74 
4154 199 
4157 4 
4164 98 
4186 65 
4190 47 
4197 115 
4204 67 
4207 90 
4219 11 
4219 17 
4224 55 
4241 53 
4241 1663 
4253 8 
4255 57 
4256 30 
4259 61 
4276 58 
4349 24 
4356 132 
4364 54 
4367 141 
4374 41 
4390 52 
4405 90 
4407 94 
4412 19 
4417 33 
4419 8 
4447 56 
4452 69 
4469 107 
4504 45 
4518 106 
4523 65 
4535 97 
4540 53 
4547 11 
4553 30 
4567 60 
4582 69 
4607 9 
4612 85 
4621 149 
4622 137 
4623 221 
4641 23 
4651 26 
4664 220 
4673 29 
4686 24 
4686 191 
4697 117 
4698 51 
4701 40 
4703 20 
4728 15 
4730 356 
4735 72 
4755 145 
4763 67 
4764 121 
4765 134 
4788 28 
4789 55 
4805 79 
4813 79 
4815 230 
4898 14 
4903 17 
4907 51 
4931 129 
4940 8 
4957 78 
4973 231 
4981 73 
4983 58 
4993 258 
4996 139 
4999 35 
5015 188 
5025 115 
5039 214 
5042 11 
5053 81 
5056 95 
5064 119 
5073 41 
5079 85 
5098 50 
5098 85 
5123 91 
5139 163 
5142 126 
5149 38 
5161 57 
5174 34 
5203 81 
5205 73 
5224 106 
5231 66 
5271 85 
5277 36 
5296 52 
5344 98 
5377 55 
5405 226 
5415 31 
5420 58 
5424 100 
5432 48 
5435 115 
5461 46 
5470 8 
5470 54 
5470 34 
5485 40 
5485 56 
5502 40 
5511 180 
5514 70 
5521 2 
5532 73 
5532 60 
5533 22 
5551 36 
5554 57 
5581 60 
5635 52 
5638 19 
5670 13 
5685 55 
5757 39 
5765 11 
5771 38 
5790 131 
5804 15 
5818 4 
5838 120 
5854 73 
5882 138 
5887 41 
5904 81 
5907 94 
5908 814 
5912 12 
5923 83 
5923 45 
5933 110 
5959 155 
5959 152 
5964 183 
5977 69 
5983 18 
5999 72 
6002 99 
6040 43 
6067 123 
6079 154 
6089 15 
6090 100 
6095 39 
6109 276 
6128 156 
6132 47 
6132 112 
6159 33 
6184 15 
6186 22 
6216 68 
6218 37 
6219 65 
6226 32 
6234 25 
6235 22 
6242 85 
6254 26 
6258 9 
6320 77 
6321 51 
6329 78 
6333 29 
6349 22 
6435 153 
6454 123 
6459 104 
6479 34 
6497 51 
6512 206 
6528 20 
6530 115 
6530 67 
6533 125 
6551 16 
6555 32 
6560 16 
6612 47 
6619 47 
6632 82 
6638 7 
6641 97 
6659 25 
6661 88 
6666 208 
6670 119 
6685 28 
6712 97 
6720 80 
6720 489 
6737 38 
6747 25 
6784 27 
6809 16 
6813 147 
6840 49 
6891 42 
6892 27 
6900 120 
6906 9 
6911 501 
6946 60 
6972 51 
6977 54 
7036 19 
7037 31 
7092 77 
7101 4 
7113 235 
7127 44 
7129 178 
7130 40 
7139 155 
7165 2 
7167 43 
7189 60 
7200 186 
7203 66 
7210 55 
7221 169 
7244 121 
7245 32 
7248 29 
7256 89 
7261 71 
7266 105 
7272 79 
7274 16 
7315 6 
7338 29 
7364 33 
7367 49 
7367 42 
7380 47 
7391 81 
7400 172 
7427 86 
7438 131 
7488 179 
7528 117 
7576 35 
7668 33 
7678 15 
7692 101 
7714 43 
7719 42 
7724 91 
7725 30 
7728 64 
7730 35 
7753 254 
7754 85 
7776 251 
7814 68 
7824 108 
7862 487 
7863 29 
7870 100 
7884 105 
7898 20 
7910 65 
7915 49 
7957 143 
8014 73 
8015 173 
8015 74 
8024 1553 
8033 108 
8171 25 
8173 133 
8253 51 
8296 74 
8360 243 
8385 21 
8429 21 
8433 68 
8472 28 
8497 67 
8554 66 
8578 36 
8584 58 
8605 50 
8614 83 
8633 43 
8657 69 
8673 25 
8689 37 
8693 49 
8714 13 
8720 45 
8737 2 
8740 28 
8801 13 
8832 83 
8887 100 
8899 55 
8933 27 
8957 2752 
8984 28 
9032 78 
9043 63 
9047 49 
9080 73 
9083 99 
9161 126 
9252 26 
9263 28 
9271 175 
9293 159 
9302 159 
9312 69 
9348 57 
9373 306 
9385 835 
9396 13 
9418 24 
9425 64 
9429 141 
9432 7 
9453 68 
9488 4 
9497 25 
9498 112 
9537 25 
9545 98 
9561 107 
9639 39 
9654 81 
9658 52 
9671 20 
9676 32 
9705 31 
9720 39 
9769 30 
9778 14 
9859 21 
9901 80 
9909 132 
9919 71 
9934 132 
9984 14 
10004 19 
10005 97 
10021 7 
10024 28 
10040 77 
10070 45 
10224 41 
10253 6 
10269 132 
10272 68 
10327 63 
10334 105 
10439 22 
10530 38 
10536 39 
10552 14 
10561 53 
10567 118 
10619 38 
10623 134 
10653 50 
10710 81 
10763 42 
10844 180 
10860 30 
10918 31 
10937 52 
10945 79 
10987 9 
11045 24 
11071 22 
11106 38 
11111 20 
11111 238 
11144 35 
11144 8 
11145 61 
11159 90 
11206 83 
11248 17 
11252 61 
11253 82 
11270 84 
11299 76 
11315 49 
11347 35 
11350 28 
11368 17 
11453 4 
11459 131 
11520 125 
11561 52 
11575 63 
11609 45 
11620 59 
11652 47 
11669 5 
11685 61 
11839 19 
11879 159 
11896 313 
11899 155 
11954 177 
11975 68 
12019 86 
12059 48 
12118 26 
12183 54 
12190 34 
12289 10 
12296 76 
12363 8 
12374 105 
12395 55 
12417 67 
12512 30 
12551 2 
12701 49 
12883 131 
12911 31 
12975 31 
12982 135 
13018 143 
13065 4 
13094 107 
13107 23 
13120 71 
13126 10 
13249 104 
13260 27 
13294 37 
13369 34 
13425 167 
13462 71 
13478 146 
13585 29 
13605 36 
13617 84 
13667 16 
13724 43 
13872 85 
13883 121 
13907 52 
13910 41 
13963 12 
14023 22 
14075 77 
14077 7 
14173 22 
14177 14 
14185 145 
14238 198 
14284 14 
14298 44 
14306 35 
14320 86 
14331 23 
14458 155 
14465 101 
14574 539 
14649 56 
14660 78 
14669 17 
14770 14 
14852 129 
14861 36 
14882 104 
14944 99 
14991 16 
15020 48 
15041 53 
15068 68 
15086 18 
15147 35 
15169 41 
15420 173 
15426 105 
15460 91 
15598 17 
15677 62 
15710 12 
15787 57 
15888 82 
15998 19 
16069 18 
16104 30 
16104 24 
16115 93 
16244 179 
16343 50 
16362 25 
16388 95 
16390 101 
16436 56 
16535 28 
16622 67 
16683 51 
16715 45 
16939 12 
17164 40 
17211 4 
17221 63 
17271 30 
17354 40 
17431 9 
17487 52 
17570 35 
17637 16 
17667 45 
17750 39 
17967 86 
18042 112 
18092 24 
18182 156 
18183 74 
18260 7 
18340 67 
18359 56 
18365 13 
18468 37 
18515 26 
18552 94 
18559 12 
18592 155 
18682 52 
18725 71 
18881 9 
18988 69 
19138 23 
19220 67 
19281 71 
19344 18 
19619 82 
19659 42 
19662 6 
19690 373 
19726 36 
20086 8 
20127 43 
20268 14 
20470 55 
20514 5 
20627 1 
20799 66 
20812 131 
20973 111 
21017 74 
21161 77 
21293 25 
21352 63 
21367 46 
21482 54 
21552 30 
21935 19 
22180 15 
22460 7 
22606 6 
22684 132 
22997 142 
23542 5 
23782 59 
24044 58 
24109 15 
24219 128 
24268 80 
24764 49 
24805 52 
24974 104 
25250 22 
25304 49 
25631 101 
25635 115 
26039 61 
26233 31 
26450 25 
26503 68 
26714 208 
27116 3 
27343 139 
27463 61 
27498 17 
28543 43 
29482 20 
29891 18 
29965 140 
30768 101 
30787 111 
32476 109 
32533 42 
32847 0 
33218 169 
33244 53 
34277 7 
34594 51 
34738 21 
36953 35 
37160 106 
37593 127 
37625 81 
37881 34 
41334 51 
41418 64 
42211 12 
43880 83 
44960 50 
45138 7 
45851 88 
45944 14 
46401 32 
46897 45 
47054 710 
47066 75 
47148 77 
48144 88 
48183 12 
48527 103 
48752 22 
49165 46 
49370 61 
50121 129 
50259 125 
50506 129 
50587 1359 
50690 92 
50715 58 
50813 54 
50956 25 
51053 4 
51372 58 
51492 38 
51531 229 
51598 25 
52171 75 
52184 179 
52429 73 
52520 97 
52592 126 
52610 73 
52621 167 
52627 27 
52720 46 
52753 6 
52797 14 
52979 173 
53233 42 
53327 11 
53438 166 
53528 132 
53544 13 
53549 68 
53562 65 
53709 24 
53746 80 
53762 303 
53802 129 
53825 13 
53952 135 
54041 16 
54233 31 
54333 62 
54882 78 
55372 18 
55388 72 
55471 30 
55530 56 
55790 87 
55817 21 
56015 354 
56240 64 
56334 161 
56532 16 
56703 153 
56798 796 
56848 72 
57843 166 
57880 38 
57884 57 
58595 86 
58938 183 
59001 11 
59041 43 
59188 13 
59582 43 
59749 140 
60060 61 
60141 57 
60509 72 
60605 74 
60608 137 
60695 51 
60708 45 
60793 79 
60943 70 
60992 71 
61049 70 
61085 1 
61237 55 
61248 107 
61429 43 
61434 47 
61513 135 
61664 19 
61747 162 
61787 57 
61878 25 
61916 15 
62014 165 
62201 69 
62611 45 
63115 84 
64183 274 
64200 54 
64262 27 
64476 89 
64899 206 
64946 19 
64965 274 
65037 31 
65220 73 
65307 485 
65465 229 
65529 63 
65591 25 
66059 182 
66121 77 
66339 9 
66917 530 
66994 94 
67006 59 
67069 66 
67230 34 
67339 166 
67460 27 
67790 133 
67883 111 
67945 218 
68118 42 
68141 82 
68234 249 
68665 66 
69071 61 
69079 77 
69086 43 
69226 157 
69300 120 
70068 178 
70071 375 
70116 22 
70122 363 
70152 97 
70168 108 
70275 42 
70423 132 
70482 395 
70482 395 
70687 9 
70821 20 
70930 66 
71147 132 
71406 32 
71715 408 
71805 202 
72160 214 
72247 117 
72376 5 
72408 33 
72463 96 
72641 83 
72675 161 
72794 62 
73590 50 
73818 401 
73899 190 
73912 172 
73920 206 
73957 92 
74194 187 
74545 6 
74689 19 
75246 93 
75297 23 
76297 11 
76403 50 
76417 64 
76496 23 
76957 159 
77038 29 
77233 237 
77665 73 
77771 46 
77897 37 
78010 70 
78242 11 
78630 124 
78729 42 
79296 107 
79504 154 
79651 47 
80731 75 
80906 1 
82109 182 
82412 106 
83933 37 
85443 1 
86472 68 
88677 54 
89073 6 
89508 14 
89971 62 
90211 93 
90780 10 
91695 79 
91766 44 
92664 138 
92847 28 
94069 5 
94568 4 
94854 89 
95610 123 
96284 41 
98015 213 
98409 55 
99058 824 
99208 111 
99705 3 
99934 72 
99989 73 
100311 66 
100721 22 
101183 454 
101876 156 
102103 74 
102467 248 
102482 70 
102797 89 
102960 96 
103515 657 
103645 59 
103645 59 
103851 84 
104005 129 
104088 132 
104355 15 
104810 157 
105661 79 
105861 158 
106247 13 
107051 87 
107836 35 
108095 84 
108849 79 
114785 175 
115654 87 
122094 161 
128341 194 
133160 37 
134288 71 
137317 47 
140127 137 
140570 84 
142299 71 
145817 77 
148049 62 
148954 320 
149202 129 
149564 50 
150958 8 
153558 8 
154738 156 
156887 133 
157160 34 
162459 90 
166159 11 
172160 50 
172648 53 
180211 90 
182012 89 
183853 108 
184099 170 
185375 111 
185721 70 
190840 47 
192593 84 
192944 41 
193404 42 
194214 22 
196150 52 
196150 52 
196157 41 
196157 41 
198028 58 
214201 78 
216662 10 
233717 156 
235199 91 
235486 41 
235978 59 
236478 103 
239722 163 
243947 1551 
252507 128 
255480 49 
261107 39 
261755 68 
261769 185 
263409 97 
264906 7 
266095 54 
267030 71 
270406 159 
273135 65 
274894 27 
276198 74 
277948 4 
280064 201 
280087 42 
280583 20 
280590 80 
283312 189 
284664 14 
285789 97 
293365 60 
306362 348 
313908 56 
315327 86 
316031 45 
316154 96 
318341 409 
320349 59 
321339 65 
321924 79 
322374 55 
326202 216 
326711 309 
327398 318 
328986 7 
330941 142 
332137 130 
332936 156 
333761 264 
334410 95 
334528 117 
334742 231 
335033 140 
336251 66 
336966 312 
338567 98 
342904 73 
343604 196 
343838 70 
347897 162 
349519 20 
350290 75 
351986 12 
357166 130 
357316 43 
361556 126 
368726 40 
373525 111 
377202 20 
380364 3 
414009 164 
414567 61 
415480 86 
416425 7 
417476 161 
417476 161 
418002 15 
422059 128 
422068 416 
423171 148 
424969 51 
428363 64 
433845 50 
434541 45 
436041 61 
438299 70 
442138 127 
444104 182 
447721 61 
449463 44 
476289 80 
476316 53 
484825 51 
485207 41 
486705 91 
486969 26 
487224 39 
505906 34 
513347 52 
516162 55 
518693 21 
519450 174 
524215 96 
563492 118 
571736 9 
593419 35 
