2639 13.7132175926
0 313414 
9 296 
10 312 
12 1674 
15 89 
16 90 
16 26 
18 2941 
18 546 
18 94 
21 192 
21 962 
23 89 
23 266 
25 229 
25 184 
25 87 
25 132 
25 108 
26 87 
27 225 
27 501 
28 57 
29 144 
30 6812 
30 177 
31 47 
31 92 
31 413 
31 124 
32 306 
32 105 
32 609 
33 107 
33 397 
33 95 
33 108 
34 50 
34 116 
35 163 
35 286 
35 390 
37 21 
38 552 
38 4181 
40 141 
41 626 
41 45 
42 52 
43 723 
43 51 
43 138 
43 267 
45 517 
45 127 
45 57 
45 23 
46 94 
46 35 
46 88 
47 31 
47 17 
47 75 
50 9 
50 199 
50 38 
50 149 
51 77 
51 98 
52 44 
52 724 
53 358 
53 27 
53 317 
53 228 
53 111 
53 54 
54 39 
54 82 
55 106 
55 49 
56 65 
56 130 
56 32 
56 81 
57 86 
57 323 
57 128 
58 94 
59 74 
60 102 
60 96 
62 76 
62 57 
63 116 
63 34 
63 315 
64 36 
64 361 
65 2838 
65 106 
65 121 
65 57 
66 180 
66 159 
67 1000 
68 192 
68 312 
68 46 
68 265 
68 159 
69 21 
69 210 
69 132 
69 447 
70 236 
70 31 
71 253 
71 58 
72 367 
72 10 
72 62 
72 54 
74 558 
75 36 
75 235 
76 63 
76 412 
76 50 
77 61 
77 136 
77 83 
78 813 
79 24 
79 65 
79 69 
79 153 
80 265 
80 72 
81 59 
81 54 
81 113 
83 74 
83 47 
84 853 
85 918 
86 102 
86 131 
87 56 
87 53 
88 18 
88 36 
89 45 
89 576 
92 26 
93 338 
94 60 
94 18 
94 224 
95 140 
95 238 
95 120 
96 270 
96 41 
97 19 
98 66 
99 14 
100 114 
100 3313 
101 135 
102 42 
102 117 
103 21 
104 47 
104 405 
105 108 
105 108 
105 61 
106 7 
106 213 
107 164 
107 75 
108 18 
108 164 
108 544 
109 93 
109 153 
109 50 
110 104 
110 105 
110 427 
111 80 
111 82 
112 112 
113 53 
113 226 
113 142 
113 20 
113 185 
113 42 
114 687 
114 370 
115 59 
115 144 
116 59 
116 55 
116 191 
116 9 
117 57 
117 62 
117 117 
119 51 
119 120 
119 43 
120 79 
120 54 
120 91 
121 15 
121 102 
121 181 
121 97 
122 94 
122 68 
123 213 
124 438 
125 23 
126 44 
126 76 
127 466 
127 32 
128 1160 
129 116 
130 130 
130 44 
131 14 
131 127 
131 70 
131 34 
132 115 
132 106 
132 70 
134 651 
135 70 
136 3131 
136 426 
136 444 
136 268 
137 265 
137 107 
137 140 
138 85 
139 91 
139 188 
140 151 
140 129 
141 65 
141 138 
141 85 
142 39 
142 54 
143 332 
143 376 
144 18 
145 85 
148 146 
148 111 
148 38 
148 23 
149 429 
150 354 
150 520 
152 35 
152 231 
153 17 
153 131 
154 171 
155 364 
155 183 
155 14 
156 39 
156 889 
156 62 
158 161 
158 46 
159 197 
160 105 
160 14 
162 373 
162 7 
163 66 
164 105 
164 55 
165 581 
165 18 
166 73 
166 44 
169 55 
170 42 
170 270 
171 105 
172 38 
172 34 
173 83 
174 61 
174 13 
177 29 
177 331 
177 79 
178 142 
178 57 
180 117 
180 95 
180 208 
181 120 
182 125 
182 35 
182 91 
182 7 
185 200 
187 59 
188 16 
188 190 
189 36 
190 24 
190 409 
191 101 
192 255 
194 209 
195 112 
195 22 
196 151 
196 241 
198 18 
202 146 
204 24 
206 136 
207 53 
208 10 
208 521 
209 442 
210 8 
211 40 
212 64 
212 172 
212 344 
213 20 
213 42 
213 44 
214 44 
215 27 
216 259 
216 111 
217 106 
218 32 
219 40 
221 116 
222 126 
224 23 
225 103 
225 274 
228 36 
230 192 
230 83 
232 136 
232 198 
232 36 
232 60 
234 153 
235 1437 
239 141 
241 86 
245 70 
246 184 
247 59 
247 59 
247 36 
247 159 
253 803 
254 255 
255 37 
257 59 
259 64 
262 74 
262 16 
262 260 
265 20 
265 268 
268 888 
270 98 
271 4 
272 226 
272 26 
274 99 
275 105 
276 159 
276 185 
276 111 
277 221 
278 292 
278 30 
279 189 
280 122 
282 103 
284 171 
284 45 
286 22 
287 130 
287 313 
288 148 
288 252 
289 30 
291 16 
291 34 
291 290 
292 387 
293 97 
295 153 
295 425 
296 118 
296 95 
297 146 
297 82 
298 196 
300 35 
302 105 
305 67 
306 141 
306 13 
307 15 
307 230 
307 72 
310 272 
311 124 
311 48 
311 6085 
319 56 
322 22 
323 50 
323 291 
323 963 
325 366 
327 9 
327 17 
327 94 
328 65 
328 51 
328 35 
330 15 
330 69 
330 80 
334 23 
334 23 
339 354 
341 136 
343 239 
343 0 
344 512 
347 407 
347 1772 
348 10 
350 497 
353 126 
355 49 
357 119 
357 3478 
358 75 
358 62 
359 402 
359 86 
360 253 
363 178 
363 87 
363 41 
363 47 
364 112 
367 89 
368 125 
370 156 
371 101 
372 121 
372 72 
376 111 
378 70 
378 8 
381 95 
382 692 
383 35 
383 90 
383 17 
384 141 
385 315 
386 147 
387 1299 
390 349 
391 138 
391 148 
392 96 
392 347 
394 110 
396 37 
397 45 
398 63 
405 64 
406 281 
412 152 
414 46 
417 45 
418 75 
420 16 
421 46 
422 100 
423 301 
425 1911 
425 322 
428 82 
428 34 
431 116 
431 39 
432 98 
435 42 
438 153 
440 25 
441 210 
442 1506 
445 244 
447 45 
449 2050 
450 5 
452 133 
456 536 
457 144 
458 29 
459 163 
460 20 
460 22 
461 27 
463 44 
463 54 
463 34 
467 117 
472 264 
473 98 
476 24 
480 238 
482 391 
484 506 
485 141 
485 65 
490 61 
491 123 
493 310 
493 146 
495 21 
496 23 
497 77 
498 90 
504 115 
508 99 
509 9 
510 157 
511 762 
516 19 
516 119 
517 62 
519 119 
520 78 
521 151 
524 161 
524 120 
525 8 
527 48 
527 18 
529 1173 
530 28 
532 232 
534 19 
537 9 
537 156 
544 66 
548 67 
548 19 
549 74 
551 110 
551 73 
552 293 
554 23 
555 75 
557 133 
557 33 
558 43 
560 670 
560 29 
567 92 
569 127 
571 143 
576 144 
577 330 
578 302 
578 37 
578 58 
579 28 
579 159 
580 44 
582 49 
582 106 
586 329 
587 36 
590 129 
598 56 
601 116 
603 381 
603 265 
605 13 
606 34 
606 183 
608 78 
615 105 
616 185 
617 146 
617 68 
617 36 
623 250 
631 38 
632 18 
632 25 
637 136 
640 237 
641 50 
642 10 
652 57 
658 65 
658 83 
659 133 
661 68 
662 24 
664 92 
673 223 
674 13 
676 85 
681 76 
682 2 
682 158 
682 125 
683 163 
684 35 
687 74 
689 52 
693 108 
693 7 
695 77 
695 72 
699 106 
700 48 
706 7 
708 3557 
710 605 
717 203 
721 796 
722 141 
723 77 
724 78 
729 56 
733 132 
736 78 
740 22 
743 5 
744 38 
745 28 
745 69 
747 51 
755 30 
764 91 
772 246 
772 33 
774 94 
777 102 
780 64 
783 44 
785 16 
789 208 
790 149 
790 144 
792 225 
794 50 
803 11 
805 7 
810 53 
814 129 
815 148 
817 123 
818 163 
818 39 
819 14 
824 102 
826 42 
826 165 
827 35 
828 178 
829 516 
831 124 
833 20 
836 135 
836 27 
837 174 
838 142 
840 23 
841 63 
844 69 
847 666 
851 175 
851 14 
855 129 
861 43 
863 66 
865 384 
866 32 
867 129 
870 168 
873 117 
876 60 
879 20 
879 418 
880 566 
884 19 
888 416 
889 99 
893 73 
895 6 
895 141 
897 3042 
897 276 
897 54 
898 39 
903 174 
905 188 
906 63 
913 89 
913 363 
913 79 
916 105 
922 66 
922 50 
922 834 
923 80 
927 17 
928 55 
929 73 
930 71 
931 139 
934 146 
935 38 
937 167 
942 103 
943 25 
946 41 
946 67 
952 101 
953 121 
954 304 
955 70 
957 126 
958 306 
961 50 
961 30 
963 135 
967 56 
972 242 
975 178 
976 23 
978 129 
978 124 
978 233 
979 61 
979 63 
982 36 
985 56 
986 84 
990 328 
991 145 
1009 63 
1009 164 
1016 1125 
1018 105 
1018 103 
1018 74 
1020 51 
1024 72 
1024 466 
1026 207 
1028 298 
1031 324 
1031 32 
1032 145 
1033 253 
1034 79 
1035 595 
1035 117 
1037 9 
1038 142 
1042 42 
1052 11 
1053 79 
1054 6 
1055 179 
1058 32 
1059 12 
1060 616 
1067 9 
1071 43 
1074 148 
1077 48 
1077 224 
1081 27 
1084 78 
1084 22 
1089 206 
1095 21 
1098 6 
1099 269 
1100 51 
1100 81 
1103 110 
1105 99 
1106 21 
1116 1466 
1117 28 
1119 11 
1122 23 
1123 116 
1124 1350 
1133 491 
1135 34 
1135 32 
1136 14 
1142 33 
1143 170 
1144 39 
1144 35 
1145 141 
1148 254 
1151 39 
1153 643 
1155 23 
1156 565 
1157 66 
1157 86 
1158 46 
1170 57 
1170 10 
1172 81 
1175 354 
1177 165 
1187 134 
1188 249 
1188 1685 
1196 28 
1197 5 
1198 65 
1200 133 
1200 25 
1206 186 
1207 42 
1213 9 
1217 55 
1217 63 
1217 59 
1219 68 
1220 74 
1221 379 
1222 173 
1223 153 
1226 161 
1227 339 
1235 29 
1236 74 
1238 41 
1238 172 
1244 66 
1247 375 
1252 61 
1253 72 
1255 205 
1255 19 
1261 74 
1263 55 
1276 163 
1278 50 
1280 238 
1293 32 
1293 432 
1293 651 
1296 64 
1298 3109 
1302 39 
1302 43 
1305 71 
1307 150 
1309 34 
1311 501 
1320 45 
1325 14 
1326 23 
1335 24 
1335 632 
1338 31 
1342 84 
1343 171 
1345 5 
1363 79 
1364 97 
1364 373 
1366 49 
1367 75 
1373 146 
1373 136 
1374 43 
1375 33 
1377 193 
1382 9 
1384 88 
1392 190 
1393 5 
1393 10 
1393 66 
1396 6 
1397 101 
1399 14 
1400 193 
1402 1820 
1402 550 
1404 193 
1406 27 
1410 107 
1411 5 
1416 395 
1419 1 
1421 110 
1421 121 
1423 129 
1424 63 
1425 144 
1427 51 
1430 9 
1431 453 
1432 57 
1433 127 
1449 78 
1449 35 
1451 98 
1452 13 
1455 71 
1459 1099 
1462 8 
1465 150 
1466 111 
1468 168 
1476 257 
1477 234 
1477 128 
1478 27 
1482 43 
1483 95 
1484 78 
1489 402 
1493 8 
1494 16 
1513 62 
1513 232 
1514 63 
1519 120 
1523 77 
1524 141 
1529 119 
1540 144 
1543 96 
1550 89 
1553 54 
1558 188 
1558 50 
1562 3063 
1563 368 
1565 740 
1567 100 
1570 60 
1574 37 
1577 220 
1579 50 
1580 19 
1581 27 
1585 40 
1585 17 
1587 53 
1598 44 
1599 171 
1600 25 
1602 125 
1607 19 
1612 170 
1613 23 
1614 229 
1615 154 
1615 69 
1616 29 
1617 74 
1623 161 
1640 685 
1642 34 
1650 76 
1650 108 
1652 89 
1652 172 
1657 21 
1658 1368 
1659 32 
1659 26 
1661 61 
1663 20 
1664 89 
1664 117 
1665 282 
1677 146 
1679 227 
1681 30 
1682 44 
1682 843 
1682 9082 
1690 145 
1691 121 
1695 167 
1713 21 
1715 212 
1721 63 
1723 64 
1726 52 
1727 187 
1729 34 
1736 121 
1736 31 
1737 235 
1738 70 
1745 38 
1745 96 
1755 132 
1757 24 
1762 218 
1762 103 
1766 41 
1768 125 
1770 246 
1774 581 
1779 24 
1780 45 
1780 134 
1782 85 
1794 20541 
1796 115 
1797 49 
1798 165 
1801 388 
1806 184 
1808 68 
1811 35 
1814 102 
1814 54 
1816 63 
1835 27 
1844 14 
1846 186 
1847 98 
1850 54 
1851 30 
1858 775 
1865 23 
1871 31 
1879 22 
1881 98 
1882 229 
1889 51 
1889 83 
1892 27 
1895 25 
1898 86 
1898 54 
1910 111 
1914 61 
1927 25 
1929 13 
1932 22 
1941 26 
1945 9 
1947 92 
1948 55 
1952 61 
1953 756 
1953 189 
1955 127 
1955 88 
1957 149 
1961 61 
1962 258 
1968 25 
1976 138 
1979 329 
1984 4 
1991 789 
1997 45 
1997 5 
1999 171 
1999 256 
2005 197 
2008 124 
2008 151 
2020 234 
2022 131 
2024 51 
2025 53 
2037 20 
2043 65 
2044 322 
2049 16 
2053 64 
2056 219 
2056 66 
2059 111 
2067 293 
2069 132 
2072 13 
2074 80 
2087 61 
2089 30 
2090 110 
2091 203 
2101 881 
2101 179 
2105 245 
2108 294 
2109 7 
2111 271 
2122 99 
2126 78 
2130 87 
2134 53 
2136 129 
2136 13 
2142 35 
2142 221 
2148 205 
2150 82 
2159 522 
2162 87 
2167 158 
2174 62 
2176 44 
2177 63 
2189 163 
2194 46 
2201 801 
2217 64 
2224 40 
2242 1 
2250 57 
2253 119 
2255 132 
2256 20 
2265 576 
2278 42 
2282 12 
2285 12 
2287 13 
2308 140 
2309 82 
2311 90 
2312 178 
2324 89 
2326 26 
2328 9 
2332 59 
2335 95 
2340 185 
2341 32 
2342 29 
2358 67 
2366 44 
2371 2617 
2376 25 
2380 5 
2386 187 
2386 64 
2387 37 
2387 128 
2391 17 
2393 31 
2393 52 
2394 38 
2399 10 
2401 342 
2417 30 
2419 81 
2420 94 
2427 28 
2428 32 
2438 8 
2442 65 
2453 596 
2464 18 
2467 40 
2472 42 
2473 97 
2475 140 
2478 64 
2484 71 
2485 13 
2486 47 
2491 183 
2495 22 
2495 221 
2497 144 
2527 43 
2529 47 
2536 963 
2537 68 
2550 58 
2557 736 
2565 314 
2567 2 
2571 243 
2575 145 
2577 34 
2581 121 
2588 103 
2591 43 
2597 88 
2598 59 
2603 31 
2609 14 
2618 95 
2622 3 
2631 46 
2633 9 
2646 114 
2657 536 
2661 94 
2662 68 
2663 548 
2669 1032 
2673 105 
2679 79 
2683 756 
2689 225 
2695 487 
2696 109 
2705 74 
2708 166 
2711 19 
2712 9 
2712 132 
2738 96 
2748 172 
2761 147 
2764 26 
2768 190 
2773 74 
2775 58 
2776 25 
2781 59 
2794 64 
2794 46 
2797 39 
2798 36 
2807 194 
2811 55 
2817 46 
2832 63 
2833 36 
2834 22 
2835 26 
2837 48 
2842 54 
2848 124 
2854 123 
2859 313 
2868 107 
2869 340 
2874 34 
2883 684 
2891 4 
2897 21 
2907 49 
2916 52 
2920 40 
2927 76 
2935 20 
2938 81 
2939 30 
2943 15 
2958 751 
2962 20 
2968 42 
2977 323 
2983 57 
2993 48 
2995 366 
2998 73 
3002 43 
3007 447 
3033 34 
3043 8 
3051 14 
3053 27 
3056 85 
3058 97 
3059 39 
3060 10 
3063 1102 
3066 107 
3080 109 
3084 189 
3102 3499 
3103 22 
3106 8 
3107 45 
3111 34 
3111 211 
3112 194 
3124 142 
3137 193 
3163 14 
3171 239 
3172 3 
3178 10 
3181 91 
3187 214 
3189 90 
3195 63 
3200 47 
3201 137 
3211 71 
3215 126 
3227 107 
3235 336 
3247 18 
3249 106 
3263 24 
3278 47 
3288 56 
3292 258 
3299 129 
3320 29 
3321 45 
3329 36 
3329 21 
3354 43 
3360 68 
3371 189 
3371 94 
3383 311 
3399 66 
3403 80 
3420 308 
3431 84 
3433 96 
3436 70 
3436 545 
3437 85 
3439 19 
3443 10 
3447 62 
3457 13 
3457 21 
3458 49 
3459 7 
3472 20 
3473 46 
3481 36 
3482 164 
3513 434 
3517 109 
3517 25 
3518 111 
3547 36 
3553 15 
3558 58 
3562 169 
3573 42 
3578 948 
3580 31 
3589 37 
3596 316 
3597 17 
3601 27 
3605 174 
3605 241 
3614 108 
3636 66 
3640 95 
3656 39 
3659 63 
3661 47 
3661 65 
3661 160 
3674 26 
3677 50 
3683 82 
3691 47 
3695 561 
3702 33 
3705 29 
3742 27 
3743 60 
3746 45 
3762 619 
3773 547 
3775 27 
3783 118 
3784 52 
3792 45 
3794 39 
3819 1143 
3833 122 
3834 151 
3835 60 
3841 69 
3850 330 
3851 35 
3863 252 
3863 1260 
3874 632 
3875 182 
3884 1102 
3901 46 
3908 39 
3938 516 
3943 124 
3946 594 
3957 168 
3972 116 
3979 56 
4012 642 
4026 78 
4027 65 
4028 6 
4033 106 
4041 412 
4053 153 
4053 383 
4057 27 
4059 108 
4066 26 
4073 83 
4076 516 
4089 63 
4096 867 
4103 2 
4108 47 
4118 343 
4123 78 
4123 97 
4124 16 
4127 244 
4158 62 
4165 93 
4185 34 
4194 170 
4203 32 
4210 129 
4215 20 
4224 83 
4233 98 
4236 1880 
4245 64 
4258 1432 
4260 49 
4260 18 
4270 3 
4282 317 
4299 28 
4306 57 
4313 36 
4348 44 
4357 99 
4365 30 
4374 46 
4378 64 
4380 273 
4394 66 
4398 8 
4414 82 
4422 294 
4426 35 
4447 463 
4464 13 
4464 43 
4492 11 
4497 37 
4506 26 
4519 130 
4521 25 
4526 27 
4532 157 
4563 164 
4567 80 
4570 24 
4575 60 
4578 10 
4583 148 
4590 54 
4602 18 
4604 139 
4612 141 
4641 83 
4656 277 
4658 39 
4659 96 
4668 418 
4680 97 
4689 242 
4698 31 
4716 24 
4721 2245 
4730 46 
4732 76 
4755 39 
4764 98 
4772 48 
4776 33 
4787 318 
4817 178 
4827 32 
4843 99 
4854 6 
4865 18 
4901 99 
4924 159 
4946 39 
4951 24 
4953 14 
4958 13 
4970 86 
4981 34 
4998 34 
4999 23 
5005 746 
5007 85 
5016 334 
5023 66 
5041 59 
5070 78 
5094 216 
5111 123 
5122 116 
5125 57 
5132 5 
5152 10 
5152 33 
5161 576 
5167 178 
5169 46 
5192 57 
5204 24 
5208 32 
5210 11 
5211 622 
5220 71 
5220 179 
5221 62 
5234 19 
5239 25 
5259 728 
5261 53 
5268 61 
5284 57 
5287 6 
5298 375 
5300 6 
5304 48 
5329 199 
5336 31 
5348 33 
5352 419 
5355 102 
5376 41 
5382 130 
5383 773 
5391 51 
5401 80 
5404 307 
5425 14 
5426 22 
5432 47 
5451 112 
5451 154 
5510 104 
5517 223 
5528 75 
5528 101 
5531 346 
5556 25 
5556 456 
5574 32 
5589 113 
5608 15 
5624 217 
5632 151 
5634 21 
5676 20 
5679 59 
5692 47 
5701 143 
5716 63 
5732 59 
5763 69 
5774 27 
5791 78 
5794 17 
5821 6 
5832 381 
5860 55 
5871 117 
5881 20 
5910 2 
5915 69 
5916 153 
5917 148 
5938 817 
5974 2726 
5981 169 
6009 3 
6009 223 
6037 61 
6039 70 
6046 30 
6049 218 
6050 238 
6051 79 
6052 57 
6084 139 
6086 1256 
6127 61 
6128 1116 
6132 17 
6139 31 
6146 193 
6152 45 
6164 549 
6196 237 
6210 44 
6222 211 
6223 29 
6230 41 
6240 56 
6256 127 
6273 148 
6285 218 
6290 78 
6300 25 
6303 109 
6321 55 
6332 181 
6345 100 
6350 100 
6359 115 
6368 19 
6387 30 
6389 14 
6395 3 
6396 60 
6400 65 
6418 20 
6432 20 
6433 84 
6464 43 
6469 105 
6480 39 
6491 41 
6499 35 
6505 330 
6559 94 
6573 39 
6587 33 
6588 37 
6589 135 
6612 112 
6618 195 
6620 17 
6657 0 
6670 140 
6677 12 
6678 40 
6679 28 
6696 6 
6698 31 
6733 31 
6734 26 
6736 16 
6764 6 
6771 12 
6790 42 
6823 54 
6839 50 
6845 70 
6848 50 
6891 12 
6904 12 
6913 59 
6916 46 
6925 53 
6932 14 
6939 44 
6997 66 
7071 40 
7075 80 
7077 86 
7080 63 
7086 152 
7095 18 
7111 128 
7125 27 
7154 16 
7222 41 
7234 20 
7261 12 
7274 13 
7309 17 
7325 54 
7331 178 
7332 59 
7336 51 
7365 132 
7369 787 
7378 288 
7413 18 
7424 69 
7426 97 
7444 176 
7458 192 
7465 153 
7482 680 
7488 107 
7492 284 
7499 353 
7506 83 
7511 333 
7512 275 
7543 59 
7555 27 
7583 653 
7600 133 
7605 82 
7617 57 
7620 36 
7627 23 
7630 85 
7672 5249 
7680 89 
7689 1067 
7698 52 
7700 32 
7711 89 
7725 3 
7726 82 
7727 523 
7727 238 
7733 133 
7747 17 
7749 83 
7773 13 
7783 92 
7803 126 
7805 82 
7816 246 
7817 146 
7825 1469 
7829 62 
7846 151 
7858 15 
7859 107 
7869 18 
7873 119 
7890 85 
7896 13 
7952 35 
7958 24 
7982 13 
8013 65 
8035 48 
8093 41 
8095 133 
8106 67 
8113 237 
8116 60 
8121 1 
8129 310 
8132 117 
8161 117 
8168 66 
8171 66 
8172 92 
8192 16 
8200 45 
8201 23 
8209 75 
8225 29 
8233 68 
8251 108 
8264 49 
8282 40 
8300 115 
8301 31 
8334 11 
8369 214 
8370 13 
8393 481 
8443 35 
8457 36 
8462 24 
8474 49 
8477 14 
8479 38 
8491 113 
8499 32 
8502 49 
8525 44 
8531 12 
8556 117 
8565 99 
8603 205 
8607 338 
8636 14 
8638 118 
8642 28 
8671 808 
8685 1015 
8699 267 
8707 154 
8715 20 
8721 70 
8722 459 
8726 44 
8727 122 
8744 31 
8755 54 
8768 137 
8775 170 
8787 29 
8810 6 
8815 80 
8820 359 
8847 38 
8850 10 
8863 51 
8885 71 
8915 761 
8917 178 
8917 34 
8918 6 
8936 26 
8958 34 
8979 117 
8981 328 
8987 199 
8987 84 
8989 10 
8990 5 
8998 42 
9010 54 
9013 117 
9013 51 
9017 17 
9052 17 
9072 10 
9096 74 
9106 223 
9125 54 
9129 20 
9147 146 
9152 471 
9155 40 
9156 23 
9202 123 
9203 62 
9217 43 
9229 49 
9253 138 
9253 84 
9287 339 
9290 145 
9297 25 
9325 61 
9325 135 
9326 71 
9330 124 
9363 114 
9374 12 
9384 1820 
9399 301 
9409 112 
9453 35 
9476 112 
9478 89 
9480 49 
9488 98 
9492 22 
9518 10 
9532 301 
9537 75 
9537 109 
9598 224 
9628 309 
9631 18 
9643 155 
9671 81 
9678 491 
9678 56 
9697 197 
9700 230 
9720 18 
9722 31 
9735 54 
9737 261 
9754 20 
9766 121 
9768 52 
9773 22 
9784 14 
9809 280 
9811 85 
9833 85 
9840 31 
9865 68 
9871 207 
9905 62 
9922 10 
9929 1011 
9938 109 
9948 6 
9981 10 
9991 134 
10019 94 
10058 43 
10058 16 
10061 28 
10062 30 
10070 19 
10075 181 
10089 67 
10096 53 
10102 45 
10112 26 
10205 192 
10227 17 
10234 78 
10245 521 
10259 500 
10263 244 
10267 216 
10267 69 
10277 71 
10293 83 
10299 330 
10303 2 
10308 769 
10353 56 
10353 7 
10355 34 
10378 180 
10383 42 
10385 99 
10397 19 
10402 456 
10433 2 
10449 347 
10491 185 
10517 23 
10552 69 
10555 81 
10603 27 
10656 9 
10662 57 
10670 38 
10692 18 
10692 357 
10702 14 
10702 109 
10727 19 
10761 234 
10806 37 
10839 514 
10870 187 
10871 338 
10882 185 
10884 4 
10894 51 
10943 106 
10955 224 
10985 13 
10986 458 
10989 89 
10996 20 
11012 71 
11021 410 
11071 14 
11076 168 
11097 27 
11104 167 
11138 18 
11165 15 
11231 168 
11278 14 
11316 332 
11322 75 
11322 72 
11343 71 
11344 14 
11449 139 
11518 508 
11543 19 
11583 23 
11605 24 
11621 64 
11631 94 
11679 113 
11701 108 
11702 327 
11704 511 
11720 32 
11727 58 
11739 42 
11778 17 
11809 270 
11811 19 
11817 138 
11868 3539 
11908 16 
11924 47 
11926 33 
11937 77 
11949 583 
11972 8 
12064 4 
12166 188 
12191 12 
12202 55 
12210 19 
12217 17 
12307 95 
12308 715 
12318 30 
12318 47 
12330 24 
12334 24 
12361 27 
12378 53 
12388 193 
12397 5 
12450 92 
12454 34 
12472 153 
12492 21 
12501 124 
12502 9 
12507 71 
12547 365 
12551 131 
12557 182 
12566 87 
12594 26 
12607 11 
12647 130 
12683 1214 
12687 43 
12696 259 
12718 164 
12719 13 
12727 59 
12727 1562 
12807 473 
12812 4 
12816 245 
12840 436 
12847 47 
12905 18 
12938 38 
13008 60 
13064 87 
13064 447 
13066 129 
13069 222 
13083 54 
13095 1010 
13100 16 
13128 63 
13156 141 
13197 441 
13200 17 
13224 11 
13252 252 
13265 129 
13265 38 
13304 95 
13306 118 
13312 117 
13338 22 
13346 101 
13351 38 
13382 49 
13397 37 
13435 29 
13460 29 
13513 12 
13532 119 
13562 837 
13583 79 
13599 98 
13672 87 
13679 120 
13691 67 
13712 80 
13718 8 
13728 2975 
13729 86 
13732 109 
13737 402 
13766 45 
13766 45 
13829 50 
13834 1773 
13841 438 
13863 50 
13911 124 
13929 842 
13950 42 
13950 313 
13974 66 
13995 501 
14012 144 
14038 100 
14044 35 
14178 140 
14212 19 
14214 35 
14233 2 
14239 117 
14240 62 
14320 50 
14332 40 
14345 48 
14353 1445 
14358 74 
14365 41 
14378 24 
14379 550 
14413 10 
14430 174 
14488 272 
14507 25 
14525 222 
14527 54 
14604 64 
14630 86 
14658 6 
14664 62 
14701 739 
14720 87 
14722 29 
14807 432 
14809 16 
14856 618 
14875 88 
14900 0 
14926 250 
14926 1443 
14948 182 
14972 15 
14984 11 
14993 540 
15003 19 
15052 83 
15065 46 
15098 776 
15101 40 
15108 123 
15131 167 
15145 359 
15175 1499 
15192 105 
15210 123 
15254 108 
15280 456 
15303 36 
15384 116 
15384 34 
15440 140 
15448 87 
15464 57 
15503 100 
15554 41 
15558 28 
15566 12 
15590 152 
15627 94 
15639 103 
15642 1 
15662 16 
15685 107 
15693 72 
15698 16 
15725 53 
15754 81 
15756 1480 
15772 58 
15776 103 
15787 10 
15829 25 
15866 74 
15869 15 
15885 35 
15895 29 
15931 23 
15935 71 
15982 13 
16009 23 
16013 570 
16021 81 
16026 24 
16052 282 
16071 0 
16082 885 
16089 68 
16110 26 
16215 8 
16249 69 
16318 614 
16335 65 
16356 127 
16399 122 
16440 52 
16476 102 
16517 42 
16525 60 
16549 13 
16563 26 
16575 65 
16602 46 
16614 207 
16637 31 
16641 11 
16680 703 
16684 32 
16790 52 
16833 108 
16836 15 
16878 15 
16903 63 
16920 30 
16943 167 
16962 6 
17027 26 
17069 69 
17079 208 
17110 89 
17129 85 
17133 271 
17154 441 
17220 597 
17239 9 
17247 613 
17271 49 
17363 110 
17445 57 
17555 6 
17570 10 
17616 508 
17693 656 
17700 102 
17900 209 
17908 72 
17921 108 
17964 58 
18024 94 
18036 176 
18074 72 
18111 120 
18224 27 
18261 56 
18264 231 
18266 73 
18335 13 
18384 6 
18404 7 
18434 15 
18453 45 
18550 42 
18631 17 
18763 4909 
18867 89 
18946 242 
19013 16 
19026 16 
19218 146 
19326 182 
19335 48 
19335 9 
19363 37 
19419 624 
19446 181 
19492 59 
19504 187 
19527 10 
19534 3545 
19688 22 
19769 5 
19886 27 
19913 1462 
19927 4 
19953 76 
20062 2197 
20271 234 
20276 40 
20317 138 
20353 2295 
20404 0 
20428 41 
20541 29 
20553 197 
20555 431 
20560 432 
20570 171 
20594 205 
20681 30 
20688 6 
20705 83 
20707 127 
20726 64 
20801 34 
20855 70 
20875 15 
20881 3 
20918 56 
20945 49 
21044 63 
21061 11 
21069 62 
21076 105 
21104 18 
21157 168 
21219 111 
21254 6 
21301 126 
21357 239 
21402 250 
21538 170 
21621 29 
21681 84 
21750 859 
21819 253 
21889 39 
21938 298 
21949 16 
21972 601 
22006 81 
22083 1082 
22369 211 
22406 44 
22452 22 
22481 65 
22483 44 
22520 88 
22770 218 
22821 42 
22911 970 
22953 136 
23154 2 
23531 4463 
23648 16 
23720 22 
23793 17 
24376 756 
24388 75 
24464 89 
24470 66 
24519 30 
24522 17 
24721 9 
24771 1 
25413 4 
25829 26 
25956 146 
26344 88 
26441 43 
26486 115 
26555 21 
26565 132 
26757 623 
26841 55 
27106 6 
27130 155 
27180 4 
27199 9 
27300 11 
27733 36 
27750 3 
27891 1221 
27954 96 
28521 123 
29437 76 
29646 24 
29673 14 
29798 378 
30032 29 
30052 51 
30097 54 
30211 18 
30436 151 
30711 35 
30840 23 
32390 6 
32525 513 
32863 143 
33404 42 
33473 6 
34667 55 
34698 23 
34885 61 
34976 269 
36124 51 
36556 248 
36690 1430 
37012 35 
38837 17 
38886 17 
39129 176 
39239 70 
39274 14 
39558 9 
40242 7 
40466 18 
40659 24 
40720 15 
40870 208 
41020 149 
41033 9 
41457 18 
41462 9 
41975 7 
44045 144 
44698 259 
45314 959 
45514 60 
45551 22 
45578 85 
46311 1450 
46709 10 
46769 37 
46918 59 
46922 528 
47115 97 
47121 21 
47141 140 
47307 93 
47316 405 
47330 29 
47360 254 
47364 67 
47395 20 
47402 14 
47433 39 
47468 15 
47488 971 
47618 59 
47749 84 
48275 23 
48849 9 
48850 15 
49317 73 
49422 284 
50040 124 
50111 48 
51052 348 
54136 31 
54956 231 
55158 10 
55260 41 
55700 15 
57984 49 
58342 22 
59162 30 
60248 0 
60541 212 
60634 96 
60730 173 
60805 13 
60903 1780 
61077 225 
61105 21 
62097 91 
63234 9 
63951 67 
65785 20 
68386 23 
68801 904 
71454 28 
72210 31 
72495 2 
72566 52 
73613 21 
74509 151 
76592 7 
77284 26 
77727 78 
78002 24 
78350 49 
78593 80 
78983 8 
79016 41 
79087 51 
80338 144 
81482 341 
82258 4 
82937 16 
83021 17 
83718 69 
85579 49 
86982 2309 
87783 73 
89851 201 
91258 31 
91309 820 
92629 27 
95342 169 
96364 109 
97305 43 
97638 40 
97950 582 
98522 56 
102779 95 
105595 139 
108375 87 
109724 20 
112506 118 
112828 8 
115231 77 
115690 3 
117521 20 
117955 199 
119183 112 
119277 362 
119338 42 
121128 135 
121276 254 
121426 64 
121639 21 
122715 63 
123321 13 
123615 667 
124791 37 
125451 17 
128722 104 
131217 105 
131915 21 
134536 116 
146939 244 
165727 210 
170142 98 
172089 44 
178543 82 
180201 390 
180352 4 
180608 260 
180755 359 
182034 94 
182149 29 
182901 18 
185882 54 
187759 75 
189136 566 
192453 55 
192687 59 
198949 85 
199622 85 
201065 107 
204180 478 
205385 59 
212564 34 
221539 44 
230831 157 
232149 60 
237790 59 
241425 124 
241725 192 
242168 55 
242710 69 
244206 29 
245675 20 
245732 36 
247429 105 
247964 61 
251884 41 
254007 89 
260349 54 
262506 121 
265080 11 
268302 13 
268663 316 
269355 163 
271415 619 
275759 40 
277016 44 
281832 93 
285049 105 
296011 48 
298536 81 
302612 57 
304833 69 
305766 47 
312127 670 
317202 103 
321887 238 
328259 24 
332386 195 
335853 678 
344055 439 
344084 100 
346218 2 
352441 185 
355289 22 
355930 42 
365561 70 
367993 52 
377974 18 
378003 153 
387915 80 
393322 364 
437185 529 
494015 74 
496307 4 
529446 181 
530365 290 
545577 84 
562944 197 
600933 25 
