2643 14.5121759259
0 381332 
19 589 
20 495 
20 155 
26 216 
28 73 
28 754 
29 166 
30 124 
33 162 
35 79 
35 1191 
37 480 
39 343 
41 50 
41 111 
42 279 
42 212 
43 68 
43 47 
43 30 
43 1142 
43 48 
44 70 
46 1948 
46 894 
48 49 
48 125 
51 453 
51 453 
53 882 
54 358 
54 207 
55 59 
58 8 
59 52 
59 271 
60 400 
62 114 
64 18898 
64 58 
64 447 
65 122 
65 36 
66 513 
66 55 
68 767 
68 147 
69 95 
72 500 
73 83 
75 145 
76 285 
76 819 
76 476 
77 74 
77 103 
78 17 
79 93 
79 5716 
79 86 
80 66 
80 878 
82 220 
82 271 
83 116 
83 59 
84 598 
84 30 
86 4 
86 73 
86 458 
88 75 
89 323 
89 92 
89 332 
90 391 
90 42 
91 174 
95 32 
97 90 
97 103 
97 510 
97 56 
101 244 
103 34 
106 35 
106 51 
106 182 
106 993 
108 62 
110 330 
110 380 
110 347 
111 170 
111 122 
112 453 
114 2 
114 33 
114 340 
116 544 
116 493 
117 200 
117 32 
119 134 
120 161 
120 71 
120 57 
120 46 
121 122 
122 88 
122 124 
123 64 
124 28 
124 519 
127 25 
128 64 
129 101 
130 33 
130 184 
132 60 
135 35 
136 69 
136 72 
137 268 
137 22 
138 45 
144 23 
144 126 
145 325 
146 56 
146 146 
147 331 
147 97 
149 106 
151 67 
153 238 
157 130 
160 314 
160 162 
161 183 
163 130 
165 18 
172 289 
173 1 
177 99 
177 1290 
178 48 
179 57 
179 46 
182 49 
184 9 
189 28 
191 35 
191 75 
191 24 
192 221 
192 115 
192 100 
193 29 
193 224 
194 163 
194 263 
199 493 
205 85 
207 29 
209 189 
209 568 
210 14 
211 730 
215 163 
216 4 
216 59 
223 160 
223 15 
225 183 
226 64 
227 139 
227 134 
228 39 
232 23 
233 14 
233 637 
233 367 
238 143 
239 187 
240 131 
241 500 
241 215 
242 65 
242 277 
242 177 
242 60 
244 27 
247 130 
247 73 
248 247 
248 36 
250 165 
252 40 
254 113 
256 23 
260 86 
260 160 
261 26 
261 155 
262 28 
262 79 
264 59 
266 123 
269 18 
269 392 
273 17 
274 261 
278 65 
279 239 
280 25 
282 247877 
283 122 
284 288 
284 2235 
286 326 
286 48 
296 30 
297 63 
298 130 
302 1578 
303 47 
303 101 
304 20 
305 304 
309 81 
312 78 
314 100 
316 332 
319 107 
320 26 
322 119 
325 11799 
326 236 
326 82 
327 90 
330 3 
332 148 
333 30 
336 36 
337 49 
338 64 
338 43 
339 44 
339 450 
341 912 
343 115 
344 97 
345 83 
348 410 
350 41 
354 29 
358 136 
359 142 
359 64 
361 163 
362 28 
362 60 
362 1412 
362 49 
363 81 
364 24 
366 18 
366 93 
367 71 
369 33 
369 126 
370 42 
370 150 
371 133 
371 69 
374 58 
375 79 
378 232 
379 1740 
381 36 
382 37 
383 62 
387 136 
387 501 
388 26 
389 111 
390 153 
390 381 
393 128 
394 84 
396 20 
399 58 
399 29 
401 187 
402 106 
404 245 
405 460 
407 110 
412 96 
413 165 
419 893 
420 429 
420 23 
421 77 
424 21 
426 14 
428 148 
428 41 
434 132 
434 174 
435 154 
435 89 
435 185 
440 129 
443 102 
443 341 
445 10 
446 197 
447 118 
452 79 
455 160239 
456 125 
457 116 
460 131 
460 47 
465 21 
467 243 
468 60 
469 15 
470 36 
472 75 
474 118 
476 57 
479 191 
481 16 
488 99 
488 132 
493 415 
497 283 
500 9 
504 131 
509 278 
512 23 
512 42 
513 93 
514 184 
517 73 
518 13 
518 160 
519 46 
519 42 
520 27 
521 221 
533 154 
537 172 
545 59 
558 71 
559 108 
561 542 
561 109 
566 45 
569 108 
574 640 
579 60 
582 311 
588 514 
592 39 
594 767 
595 118 
603 63 
606 143 
607 149 
610 29 
611 71 
613 29 
614 35 
614 172 
614 82 
618 50 
619 313 
620 101 
622 65 
624 179 
625 13 
626 23 
626 34 
633 52 
634 44 
634 27 
640 59 
648 6 
648 55 
650 496 
652 50 
653 43 
656 89 
657 331 
657 172 
660 21 
665 51 
668 10 
670 105 
670 35 
673 239 
676 32 
677 32 
677 14 
679 41 
681 95 
682 116 
686 53 
689 67 
692 133 
692 31 
694 70 
696 124 
705 40 
705 559 
705 58 
706 224 
715 20 
719 15 
727 447 
737 534 
738 37 
743 24 
744 61 
745 32 
747 55 
750 38 
751 80 
751 113 
752 215 
755 735 
761 34 
762 134 
763 28 
765 14 
769 32 
775 66 
778 210 
778 183 
789 33 
790 536 
790 96 
795 60 
796 13 
796 161 
799 59 
799 36 
799 136 
799 125 
808 12 
811 201 
815 96 
816 50 
820 55 
820 424 
825 258 
830 115 
835 20 
836 217 
836 175 
837 54 
842 21 
843 7 
844 17 
848 63 
848 140 
849 188 
853 11 
854 416 
863 15 
865 80 
866 265 
869 179 
870 39 
870 755 
876 399 
876 68 
879 240 
887 37 
887 90 
894 13 
896 52 
896 26 
897 82 
903 179 
904 265 
905 2 
908 397 
910 32 
911 82 
913 143 
913 32 
915 10 
917 22 
919 72 
921 19 
922 59 
923 67 
924 84 
935 12 
943 131 
949 1372 
949 144 
950 15 
951 123 
953 57 
955 560 
955 620 
957 91 
964 222 
967 13 
969 39 
971 587 
985 167 
987 328 
992 202 
1001 481 
1003 91 
1003 895 
1005 22 
1005 68 
1007 34 
1008 54 
1009 22 
1011 26 
1016 700 
1018 132 
1020 184 
1020 32 
1022 66 
1028 59 
1035 5014499 
1037 16 
1043 684 
1062 270 
1063 76 
1071 176 
1071 169 
1073 147 
1076 20 
1077 147 
1086 117 
1087 21 
1088 96 
1090 233 
1091 100 
1093 57 
1096 82 
1096 48 
1096 7 
1097 146 
1100 31 
1102 63 
1105 214 
1107 188 
1108 94 
1108 369 
1111 49 
1114 69 
1114 16 
1116 66 
1119 94 
1119 28 
1121 151 
1122 123 
1123 59 
1126 41 
1129 7 
1132 186 
1134 435 
1137 126 
1139 48 
1142 3618 
1147 133 
1148 12 
1152 245 
1153 4 
1156 21689 
1156 30 
1156 48 
1157 2 
1159 295 
1161 4 
1164 170 
1166 9 
1169 373 
1171 163 
1172 5 
1178 63 
1178 104 
1181 192 
1184 76 
1185 366 
1186 30 
1189 67 
1190 71 
1192 80 
1192 414 
1195 679 
1196 33 
1196 51 
1197 350 
1200 5 
1200 150 
1201 305 
1203 176 
1203 51 
1203 167 
1204 143 
1204 88 
1207 7 
1213 274 
1215 88 
1217 20 
1221 23 
1222 48 
1227 54 
1228 7 
1230 38 
1236 56 
1245 358 
1245 17 
1247 280 
1248 181 
1250 84 
1250 134 
1253 21 
1254 162 
1258 270 
1258 38 
1259 10 
1269 51 
1273 59 
1275 147 
1275 73 
1288 16 
1289 35 
1293 25 
1295 17 
1298 10 
1299 119 
1299 92 
1300 67 
1300 30 
1301 79 
1302 25 
1307 223 
1309 18 
1310 10 
1311 172 
1314 12 
1318 1039 
1319 374 
1323 134 
1323 98 
1324 4 
1325 256 
1327 21 
1329 66 
1331 59 
1333 144 
1334 57 
1337 56 
1340 24 
1341 18 
1341 80 
1342 297 
1342 8 
1343 131 
1345 39 
1346 32 
1348 38 
1350 103 
1360 483 
1366 302 
1369 65 
1376 32 
1377 96 
1378 14 
1379 102 
1381 199 
1381 59 
1382 1844 
1387 58 
1387 9 
1389 368 
1392 11 
1394 458 
1401 8 
1402 36 
1403 4 
1404 33 
1404 236 
1409 66 
1411 30 
1413 55 
1414 5 
1414 85 
1416 106 
1418 107 
1419 27 
1425 23 
1428 65 
1429 315 
1429 16 
1430 79 
1436 108 
1437 273 
1440 18 
1440 82 
1441 118 
1447 68 
1449 37 
1452 36 
1455 115 
1456 93 
1458 81 
1459 48 
1463 32 
1465 250 
1470 4 
1471 114 
1473 24 
1474 101 
1479 341 
1487 52 
1488 74 
1490 39 
1491 33 
1495 186 
1496 221 
1498 103 
1499 350 
1500 50 
1501 57 
1501 66 
1507 133 
1509 53 
1510 13 
1514 40 
1515 91 
1515 15 
1519 173 
1521 17 
1522 223 
1522 2010 
1523 7 
1523 107 
1525 11 
1527 23 
1528 23 
1529 222 
1532 69 
1534 62 
1536 251 
1538 162 
1538 40 
1539 61 
1545 59 
1546 75 
1546 168 
1548 57 
1548 8 
1549 299 
1549 110 
1556 174 
1558 31 
1560 26 
1561 141 
1565 111 
1573 39 
1574 52 
1575 5 
1576 13 
1577 111 
1577 108 
1578 68 
1578 330 
1584 32 
1586 51 
1588 24 
1589 739 
1591 631 
1595 213 
1600 82 
1613 10 
1635 55 
1637 99 
1638 25 
1639 5 
1639 25 
1639 91 
1639 208 
1639 126 
1640 7052 
1642 42 
1643 24 
1649 16 
1652 56 
1655 31 
1661 313 
1661 131 
1662 30 
1662 53 
1672 134 
1674 338 
1675 109 
1680 1026 
1681 42 
1682 212 
1683 119 
1689 94 
1692 436 
1700 112 
1703 148 
1704 138 
1710 218 
1711 53 
1714 4 
1715 59 
1726 65 
1730 287 
1730 15 
1732 35 
1737 142 
1743 72 
1745 826 
1748 523 
1758 44 
1760 114 
1765 686 
1766 360 
1774 11 
1776 18 
1778 1157 
1779 86 
1784 9 
1789 6 
1789 34 
1806 259 
1812 95 
1813 9 
1817 73 
1818 243 
1823 131 
1831 117 
1833 59 
1837 23 
1838 29 
1844 13 
1846 45 
1854 1277 
1855 152 
1856 137 
1862 7 
1862 50 
1863 321 
1864 35 
1865 9 
1866 112 
1869 1795 
1871 12 
1872 21 
1873 1 
1874 22 
1897 50 
1898 17 
1904 7 
1904 620 
1911 184 
1912 352 
1913 32 
1914 396 
1915 176 
1921 22 
1923 12 
1926 110 
1927 92 
1929 49 
1934 70 
1935 46 
1936 78 
1942 94 
1943 32 
1950 10 
1957 50 
1961 49 
1964 108 
1966 12 
1967 41 
1974 173 
1974 76 
1975 65 
1977 506 
1977 36 
1977 36 
1983 61 
1986 62 
1990 9 
1990 30 
1996 37 
1999 92 
2000 16 
2010 225 
2011 23 
2012 104 
2022 209 
2053 93 
2054 6 
2057 198 
2058 6 
2066 150 
2071 241 
2073 23 
2074 22 
2075 120 
2082 22 
2087 532 
2088 48 
2089 3 
2090 263 
2096 32 
2100 272 
2112 49 
2114 523 
2117 161 
2128 81 
2142 62 
2161 55 
2163 264 
2172 97 
2173 279 
2183 27 
2184 10 
2185 90 
2197 36 
2202 106 
2203 26 
2216 99 
2218 190 
2218 301 
2218 18 
2223 44 
2223 104 
2224 27 
2224 23 
2226 32 
2227 12 
2240 94 
2240 36 
2241 66 
2242 15 
2245 51 
2248 50 
2251 12 
2254 26 
2256 87 
2257 29 
2275 60 
2288 123 
2290 99 
2292 9 
2309 54 
2311 210 
2315 17 
2317 83 
2323 70 
2324 35 
2331 49 
2340 85 
2341 65 
2348 50 
2349 153 
2350 315 
2352 80 
2358 90 
2367 151 
2379 71 
2388 62 
2393 16 
2399 176 
2404 34 
2408 37 
2411 62 
2412 169 
2419 31 
2429 22 
2432 83 
2432 101 
2439 18 
2440 184 
2442 65 
2445 175 
2449 18 
2462 270 
2466 155 
2473 132 
2473 15 
2479 133 
2483 22 
2491 36 
2498 136 
2505 145 
2513 424 
2513 48 
2514 3 
2515 146 
2520 111 
2522 45 
2524 278 
2533 175 
2534 87 
2542 124 
2548 95 
2548 28 
2555 111 
2564 644 
2565 40 
2566 147 
2577 21065 
2581 51 
2584 107 
2589 17 
2594 89 
2600 84 
2602 5710 
2602 17 
2603 56 
2612 199 
2626 81 
2627 18 
2630 101 
2634 82 
2635 411 
2637 6 
2638 43 
2639 61 
2648 102 
2650 3 
2651 128 
2660 66 
2660 166 
2662 27 
2669 30 
2674 1010 
2675 229 
2678 296 
2684 103 
2686 16 
2687 70 
2687 5 
2691 49 
2694 51 
2695 57 
2697 3067 
2702 89 
2704 72 
2705 65 
2707 21 
2720 96 
2726 40 
2730 54 
2731 711 
2740 29 
2740 66 
2742 44 
2744 1979 
2747 5 
2751 19 
2752 57 
2752 70 
2757 57 
2761 62 
2767 92 
2776 44 
2778 24 
2785 17 
2785 171 
2799 126 
2800 258 
2807 23 
2809 82 
2810 241 
2818 30 
2822 320 
2828 99 
2830 254 
2832 27 
2836 125 
2851 12 
2853 17 
2856 413 
2857 61 
2864 24 
2867 10 
2872 14 
2876 12 
2879 5 
2887 40 
2889 41 
2891 5743 
2892 36 
2893 89 
2903 109 
2903 168 
2905 18 
2910 42 
2931 15 
2932 43 
2934 19 
2936 11 
2938 48 
2941 8 
2960 179 
2967 2 
2971 69 
2972 16 
2979 103 
2982 224 
2993 118 
2997 5 
3001 135 
3004 42 
3006 16 
3021 16 
3021 29 
3024 182 
3062 85 
3063 10 
3079 48 
3084 29 
3094 92 
3095 16 
3097 39 
3101 75 
3104 403 
3112 17 
3112 101 
3115 123 
3117 0 
3121 168 
3134 550 
3139 44 
3142 88 
3153 1071 
3157 20 
3158 37 
3163 271 
3168 222 
3169 56 
3176 4 
3179 114 
3185 4 
3212 86 
3222 59 
3224 27 
3225 84 
3226 76 
3230 50 
3231 25 
3239 15 
3241 469 
3244 216 
3247 12 
3249 17 
3255 33 
3267 61 
3270 33 
3274 70 
3276 47 
3277 50 
3278 56 
3281 12 
3287 49 
3292 133 
3293 78 
3295 123 
3298 240 
3301 36 
3311 14 
3312 66 
3322 8 
3329 76 
3334 43 
3347 54 
3349 54 
3351 1770 
3353 25 
3355 20 
3357 69 
3363 75 
3364 48 
3365 7 
3367 831 
3372 164 
3377 25 
3377 44 
3382 213 
3382 129 
3393 513 
3397 107 
3419 58 
3421 76 
3434 60 
3435 68 
3451 27 
3456 41 
3460 64 
3466 292 
3472 118 
3480 46 
3487 12 
3488 77 
3494 32 
3497 75 
3498 31 
3504 10 
3505 208 
3505 80 
3508 114 
3508 24 
3516 29 
3520 8 
3522 267 
3527 60 
3529 57 
3530 3 
3534 55 
3537 497 
3538 56 
3540 30 
3541 13 
3553 260 
3553 355 
3556 89 
3562 208 
3578 37 
3583 15 
3583 32 
3584 70 
3605 12 
3625 18 
3626 30 
3639 117 
3648 57 
3654 235 
3661 49 
3672 15 
3673 987 
3678 463 
3690 16 
3691 206 
3695 76 
3698 8 
3698 60 
3702 48 
3722 28 
3724 99 
3728 16 
3740 38 
3740 70 
3750 28 
3755 57 
3762 2 
3782 84 
3785 529 
3787 37 
3789 77 
3808 114 
3810 24 
3816 122 
3816 56 
3817 38 
3818 34 
3822 31 
3837 20 
3837 26 
3846 78 
3854 140 
3875 188 
3877 13 
3882 41 
3882 20 
3883 159 
3889 6 
3889 28 
3890 40 
3893 276 
3894 235 
3895 322 
3901 8 
3909 77 
3912 16 
3914 18 
3920 518 
3921 227 
3931 121 
3934 68 
3939 16 
3940 34 
3940 11 
3946 85 
3946 94 
3958 34 
3963 39 
3972 68 
3989 9384 
3990 63 
4004 65 
4023 20 
4024 412 
4045 202 
4047 27216 
4056 151 
4072 75 
4076 104 
4078 793 
4081 5288 
4094 194 
4099 45 
4106 8 
4107 115 
4107 43 
4132 606 
4145 34 
4157 7 
4164 10 
4165 17 
4170 77 
4175 53 
4207 51 
4208 95 
4211 59 
4225 25 
4234 60 
4235 10 
4244 3 
4251 71 
4255 41 
4261 156 
4272 88 
4272 1011 
4274 76 
4278 30 
4279 37 
4284 119 
4285 186 
4294 61 
4309 20 
4313 87 
4316 19 
4326 73 
4334 7 
4350 140 
4352 670 
4360 60 
4367 55 
4367 15 
4389 68 
4393 20 
4395 273 
4399 42 
4417 15 
4418 108 
4422 78 
4423 80 
4439 51 
4440 35 
4461 49 
4471 429 
4473 20 
4486 27 
4492 27 
4519 203 
4519 102 
4536 255 
4538 37 
4542 86 
4544 4 
4555 121 
4557 28 
4570 65 
4598 10 
4607 257 
4608 17 
4637 59 
4644 9 
4645 11 
4661 513 
4663 278 
4668 32 
4680 99 
4687 260 
4695 7 
4705 282 
4705 184 
4712 154 
4712 32 
4717 10 
4724 8 
4727 43 
4733 144 
4735 69 
4736 195 
4752 108 
4770 131 
4796 340 
4808 26 
4811 208 
4813 46 
4813 93 
4823 17 
4829 9 
4830 13 
4836 17 
4836 49 
4850 23 
4855 1724 
4856 130 
4873 129 
4886 155 
4891 131 
4892 30 
4896 58 
4897 26 
4898 60 
4903 32 
4908 553 
4915 129 
4916 8 
4918 69 
4921 327 
4926 471 
4938 354 
4953 6 
4954 104 
4956 64 
4963 30 
4966 244 
4974 73 
4981 19 
4991 41 
5000 153 
5008 26 
5017 127 
5018 11 
5023 1386 
5032 79 
5038 17 
5045 10 
5049 23 
5060 57 
5087 303 
5095 535 
5099 54 
5100 44 
5108 128 
5113 35 
5146 62 
5148 25 
5155 25 
5166 15 
5180 47 
5181 102 
5184 88 
5192 23 
5192 30 
5193 62 
5199 90 
5216 79 
5219 28 
5221 48 
5230 30 
5234 19 
5248 239 
5260 53 
5269 18 
5271 34 
5300 69 
5316 28 
5332 96 
5340 42 
5349 8 
5359 209 
5361 85 
5362 9 
5378 69 
5399 45 
5405 84 
5407 64 
5420 121 
5421 10 
5439 42 
5457 20 
5463 27 
5469 175 
5473 24 
5496 289 
5496 1635 
5497 68 
5504 400136 
5507 64 
5510 36 
5516 353 
5523 86 
5524 741 
5525 113 
5525 16 
5531 42 
5535 167 
5537 206 
5538 296 
5545 248 
5546 69 
5551 305 
5553 43 
5554 53 
5556 90 
5557 16 
5557 1037 
5558 41 
5559 775 
5561 30 
5563 486 
5569 361 
5571 26 
5571 139 
5573 35 
5574 1063 
5575 152 
5575 14 
5577 95 
5579 33 
5580 17 
5580 109 
5580 1050 
5582 767 
5583 40 
5584 196 
5588 142 
5588 93 
5590 258 
5592 53 
5604 215 
5605 260 
5622 129 
5623 331 
5623 137 
5623 137 
5624 8 
5630 340 
5631 12 
5632 43 
5632 149 
5633 192 
5636 463 
5651 122 
5652 107 
5653 468 
5654 18 
5656 183 
5657 118 
5661 18 
5662 1046 
5675 502 
5675 40 
5685 35 
5710 95 
5713 30 
5715 275 
5720 35 
5728 65 
5729 211 
5731 176 
5745 69 
5754 49 
5757 23 
5760 48 
5765 4 
5769 1 
5769 86 
5770 29 
5770 230 
5772 4176 
5775 59 
5781 3 
5783 13 
5784 87 
5785 163 
5787 13 
5789 136 
5792 35 
5810 247 
5812 619 
5815 103 
5831 21 
5832 129 
5834 50 
5835 27 
5836 136 
5838 31 
5845 20 
5846 77 
5848 549 
5855 18 
5861 154 
5863 91 
5870 60 
5872 17 
5877 13 
5884 77 
5884 94 
5888 31 
5894 104 
5900 148 
5905 371 
5906 57 
5921 106 
5925 148 
5926 272 
5931 227 
5932 156 
5933 438 
5933 24 
5935 142 
5951 6 
5957 215 
5958 22 
5958 30 
5968 179 
5969 23 
5970 119 
5970 60 
5971 238 
5974 24 
5976 350 
5981 42 
5982 100 
5996 20 
6001 9 
6006 447 
6010 542 
6011 60 
6016 172 
6016 21 
6018 24 
6022 9 
6034 101 
6036 41 
6037 47 
6045 241 
6047 26 
6049 296 
6050 603 
6059 72 
6075 136 
6077 39 
6082 142 
6083 31 
6085 255 
6091 435 
6091 167 
6092 24 
6098 486 
6105 158 
6118 45 
6121 114 
6126 154 
6134 110 
6141 10 
6146 21 
6153 62 
6163 52 
6164 27 
6169 42 
6170 27 
6171 203 
6176 63 
6177 42 
6183 43 
6191 165 
6191 93 
6194 87 
6210 86 
6212 48 
6218 40 
6218 40 
6233 109 
6235 34 
6242 36 
6243 163 
6245 70 
6249 96 
6259 56 
6264 26 
6278 544 
6288 84 
6290 16 
6299 96 
6301 44 
6302 231 
6303 122 
6306 44 
6309 29 
6309 23 
6313 5 
6322 185 
6324 14 
6343 40 
6348 51 
6348 92 
6360 48 
6366 12 
6369 75 
6370 21 
6411 71 
6416 159 
6421 4 
6436 92 
6449 198 
6454 427 
6464 150 
6486 364 
6487 484 
6494 35 
6496 64 
6514 145 
6528 116 
6531 74 
6535 39 
6538 98 
6543 460 
6552 5 
6558 39 
6565 1081 
6566 68 
6579 176 
6581 820 
6595 528 
6598 34 
6610 61 
6679 23 
6683 28 
6683 320 
6689 39 
6690 6 
6699 65 
6701 82 
6704 25 
6707 52 
6720 53 
6730 84 
6742 18 
6750 57 
6751 60 
6766 27 
6771 7 
6771 225 
6776 4 
6778 44 
6782 18 
6805 107 
6811 334 
6811 247 
6811 15 
6818 20 
6827 3 
6836 69 
6837 278 
6845 7 
6881 22 
6900 111 
6900 35 
6901 311 
6913 23 
6939 500 
6945 24 
6963 140 
6965 2 
6973 47 
6980 61 
6991 28 
6994 60 
7012 2 
7012 126 
7026 30 
7026 165 
7028 91 
7039 53 
7043 193 
7056 87 
7060 12 
7084 15 
7110 4 
7112 24 
7116 24 
7125 176 
7141 460 
7146 9 
7147 14 
7163 236 
7180 94 
7181 99 
7185 34 
7189 9 
7192 12 
7192 9459 
7195 82 
7196 112 
7206 165 
7210 18 
7220 23 
7221 5 
7226 375 
7253 1419 
7263 133 
7274 21 
7357 177 
7365 43 
7381 6 
7394 100 
7404 121 
7411 217 
7416 50 
7424 23 
7445 100 
7510 250 
7512 116 
7524 6 
7531 76 
7534 61 
7542 17 
7546 18 
7549 139 
7550 40 
7569 9 
7582 111 
7598 220 
7599 76 
7601 77 
7602 13 
7603 22 
7638 174 
7651 36 
7653 383 
7664 30 
7665 11 
7702 11 
7722 72 
7742 27 
7764 256 
7769 56 
7789 9 
7798 7 
7806 221 
7808 27 
7811 45 
7814 97 
7820 148 
7824 1728 
7827 75 
7846 13 
7849 124 
7867 26 
7921 309 
7930 248 
7936 11 
7948 43 
7971 143 
7986 150 
7987 368 
7993 6 
8036 651 
8042 7 
8043 56 
8051 14 
8069 57 
8082 47 
8085 76 
8107 9 
8146 65 
8149 37 
8154 50 
8163 57 
8164 20 
8177 25 
8189 268 
8220 50 
8235 65 
8257 49 
8260 2 
8270 135 
8274 114 
8278 36 
8297 23 
8352 37 
8369 68 
8375 97 
8393 26 
8397 2 
8416 59 
8431 28 
8436 71 
8445 23 
8447 32 
8449 31 
8462 75 
8463 707 
8465 476 
8469 7 
8494 20 
8495 35 
8504 34 
8508 59 
8514 43 
8520 46 
8522 56 
8530 64 
8533 34 
8534 64 
8553 251 
8562 395 
8574 73 
8574 25 
8581 25 
8645 24 
8671 32 
8688 369 
8697 48 
8718 276 
8772 10 
8778 191 
8781 62 
8787 15 
8792 312 
8814 353 
8822 47 
8845 196 
8864 13 
8869 8 
8878 60 
8882 39 
8885 17 
8900 44 
8921 10 
8925 75 
8951 783 
8952 46 
8967 21 
8970 105 
8976 39 
8987 200 
9059 89 
9070 76 
9077 17 
9146 8 
9152 15 
9155 47 
9222 76 
9226 281 
9252 3 
9252 107 
9252 25 
9260 145 
9292 55 
9327 40 
9334 260 
9382 38 
9399 3 
9400 14 
9410 1 
9416 5 
9466 58 
9503 19 
9509 155 
9547 28 
9576 23 
9580 1 
9580 6 
9580 62 
9666 86 
9669 1 
9669 61 
9671 45 
9704 56 
9719 72 
9740 98 
9743 27 
9751 122 
9758 28 
9758 28 
9785 166 
9808 86 
9833 70 
9839 22 
9844 261 
9863 58 
9864 30 
9923 12 
9942 125 
9950 79 
9967 11 
9975 1051 
9994 59 
9997 3 
9998 101 
10000 94 
10001 567 
10027 0 
10027 50 
10052 58 
10056 17 
10058 14 
10064 47 
10099 62 
10147 2 
10252 52 
10268 9 
10276 66 
10322 58 
10335 42 
10340 623 
10390 75 
10406 1482 
10415 62 
10418 407 
10429 32 
10446 66 
10473 4 
10525 461 
10539 40 
10585 20 
10590 82 
10668 20 
10671 49 
10694 12 
10698 29 
10698 5 
10705 27 
10716 533 
10772 47 
10780 40 
10840 106 
10841 14 
10893 4 
10894 84 
10906 15 
10920 206 
10921 7 
10935 71 
10936 617 
10943 374 
10956 30 
10958 47 
10968 53 
10989 111 
11003 121 
11049 11937 
11058 56 
11076 14 
11154 53 
11172 47 
11172 237 
11178 15 
11277 51 
11282 170 
11282 346 
11294 117 
11306 30 
11314 14 
11320 276 
11333 52 
11334 41 
11352 99 
11371 35 
11372 18 
11382 56 
11419 14 
11456 6 
11479 25 
11550 78 
11584 72 
11597 14 
11600 34 
11612 33 
11624 48 
11634 16754 
11647 271 
11660 85 
11667 20 
11669 1457 
11696 131 
11716 10 
11837 14 
11844 11 
11863 32 
11866 22 
11871 4325 
11878 79 
11885 84 
11889 20 
11924 6 
11957 23 
11973 24 
12009 94 
12042 77 
12072 302 
12116 28 
12173 479 
12182 208 
12231 108 
12394 30 
12403 64 
12420 82 
12425 0 
12465 176 
12524 1940 
12530 58 
12549 72 
12638 230 
12688 9 
12753 26 
12756 29 
12758 507 
12771 22 
12780 93 
12796 74 
12861 76 
12920 22 
12998 8 
13110 0 
13135 52 
13137 74 
13145 92 
13159 194 
13189 61 
13231 12 
13234 9 
13239 104 
13248 118 
13334 231 
13340 33 
13348 45 
13356 26 
13396 27 
13406 53 
13417 119 
13477 917 
13481 2 
13487 1 
13493 37 
13500 48 
13530 43 
13581 15 
13644 28 
13651 51 
13734 36 
13756 253 
13796 59 
13842 0 
13848 78 
13864 496 
13865 13 
13870 14419 
13900 19 
13930 30 
13939 59 
13980 55 
13988 42 
14031 44 
14033 73 
14125 116 
14159 14 
14195 69 
14362 7 
14377 58 
14397 42 
14431 10 
14494 1 
14523 24 
14557 19 
14573 2 
14590 157 
14617 186 
14619 6 
14628 21 
14778 75 
14834 172 
14850 63 
14863 208 
14889 35 
14914 22 
14959 123 
15034 7 
15099 177 
15146 53 
15227 24 
15245 58 
15289 122 
15412 11 
15419 57 
15500 21 
15615 240 
15635 216 
15641 18 
15656 42 
15713 17 
15746 29 
15771 84 
15779 9 
15819 45 
15856 29 
15910 16 
15954 6 
15995 5 
15997 62 
16025 58 
16045 143 
16071 7 
16117 313 
16209 25 
16275 25 
16383 128 
16421 2166 
16591 72 
16739 4 
16757 14 
16782 86 
16805 77 
16807 369 
16867 90 
16878 86 
16889 868 
16947 5 
16980 5 
16985 8 
17015 11 
17103 100 
17132 41 
17146 8 
17150 105 
17165 478 
17179 2 
17311 14 
17373 33 
17410 24 
17471 11 
17578 89 
17610 10 
17668 26 
17720 1164 
17736 17 
17744 268 
17749 26 
17874 43 
17991 3 
18091 6 
18140 4430 
18179 22 
18205 7036 
18222 312 
18248 112 
18268 246 
18278 40 
18308 33 
18391 64 
18394 96 
18483 13 
18516 7 
18876 118 
18965 119 
19024 55 
19055 18 
19073 721 
19085 37 
19091 10 
19096 45 
19146 33 
19185 716 
19210 260 
19265 629 
19327 14 
19362 325 
19365 52 
19385 5 
19527 7 
19541 27 
19553 44 
19609 9 
19765 15 
19794 11 
19832 212 
19843 21 
19908 13 
19936 79 
20013 53 
20168 55 
20299 164 
20363 13 
20449 33 
20456 2133 
20478 13 
20580 188 
20650 22 
20692 32 
20764 4 
20821 17 
20901 5 
20963 26 
21001 15 
21088 9 
21108 160 
21171 8 
21362 6 
21416 107 
21448 976 
21470 3 
21486 19 
21594 9 
21707 19 
21744 103 
21745 59 
22080 17 
22257 5 
22264 32 
22319 4 
22372 81 
22410 161 
22417 28 
22466 90 
22478 69 
22785 173 
22794 9 
22874 4 
22875 10 
22937 89 
23024 708 
24161 5 
24170 2 
24510 23 
24717 14 
24735 14 
24741 9 
24765 334 
24869 19 
24951 870 
24974 7 
25151 8 
25173 27 
25243 3 
25330 4 
25330 0 
25729 12 
25754 274 
25917 57 
26104 1 
26114 246 
26213 43 
26234 9 
26249 304 
26421 9 
26546 214 
26900 335 
26945 5 
27061 7 
27276 20 
27379 5 
27750 705 
27843 7 
27849 44 
28007 50 
28118 22 
28183 11 
28183 99 
28328 39 
28482 17 
28487 11 
28497 18 
28512 22 
28750 15 
28931 413 
29048 3 
29380 4 
29396 20 
30003 16 
30099 181 
30441 29 
30685 2 
30791 37 
30890 29 
31517 23 
32208 22 
32372 136 
32376 28 
32593 6 
33299 5 
33626 0 
33763 31 
33924 27 
34016 14 
34292 79 
34804 13 
34871 1123 
34976 3 
35313 1052 
35501 21 
35512 333 
35559 2 
35605 9 
35754 8 
35990 12 
36110 15 
36168 64 
36188 151 
36318 110 
36503 32 
36649 54 
36766 13 
36778 50 
36787 156 
37040 6 
37454 16 
37475 12 
37509 8 
37821 13 
38231 12 
38465 34 
38678 4 
38879 641 
39228 14 
39325 2 
39696 42 
39774 18 
40046 709 
40181 16 
41070 1 
41093 2 
41112 115 
41227 16 
41516 30 
43073 15 
43506 22 
43597 3 
43709 369 
43811 50 
43866 126 
43953 2 
44730 29 
44735 815 
45473 12 
45911 16 
46170 68 
47032 7 
47038 8 
47483 18 
48060 1 
48446 42 
48902 813 
49015 9 
49015 7 
49022 26 
49235 370 
50117 4 
51083 537 
51087 4 
51266 4 
51585 1 
52043 2 
52092 15 
52132 23 
52218 103 
52882 26 
53324 4 
54666 21 
54976 50 
55195 43 
55363 2 
55628 55 
56310 24 
57480 23 
57526 19 
57569 80 
58025 445 
58092 28 
58399 118 
59001 106 
59276 129 
59488 32 
60592 7 
60833 24 
61993 75 
62050 106 
62380 9 
63699 25 
64545 15 
64666 5 
65240 2348 
65621 10 
66541 873 
67543 7 
67631 6 
70546 25 
70874 87 
72239 48 
72313 2 
74884 196 
75276 80 
75523 12 
76389 119 
79270 0 
80594 76 
80631 11 
82684 26 
82732 151 
84193 6 
84375 31 
86485 32 
87522 91 
87976 189 
88690 115 
89396 215 
89694 205 
90235 44 
90872 169 
90923 57 
90928 20 
91556 39 
91762 23 
92183 138 
94652 20 
96562 342 
96876 58 
97727 136 
98126 438 
98130 1178 
98234 233 
99519 40 
101346 19 
102574 352 
103522 62 
108604 1071 
110709 46 
112982 40 
113400 489 
116060 622 
116151 137 
116338 8 
120295 481 
121329 34 
122367 26 
126321 260 
129807 48 
136006 50 
136124 9 
139007 5 
140118 8 
140300 6 
143404 27 
145937 176 
146257 22 
148800 2190 
149146 12 
149289 652 
152028 29 
152289 490 
152766 49 
152900 129 
160297 72 
161698 378 
176409 20 
177573 2 
177764 28 
178538 160 
181977 59 
182061 127 
182153 246 
190070 64 
190317 173 
191200 90 
194134 29 
194326 722 
194409 650 
194660 675 
198231 5 
198548 765 
207339 18 
208533 15 
212434 127 
220958 429 
221074 68 
225102 1 
228568 18 
231418 6056 
231911 18 
237841 102 
237919 137 
237942 70 
241048 6 
246768 6 
251345 64 
253197 125 
254607 94 
255711 13 
262093 303 
262139 15 
262465 16 
262518 273 
262583 214 
263460 78 
264533 14 
270931 18 
281744 12 
283466 550 
292875 113 
294593 874 
309590 69 
317355 236 
324789 33 
346405 183 
364726 496 
371856 315 
374403 7 
381842 13 
385729 330 
394512 387 
402721 86 
406430 3519 
435370 5 
439690 79 
454954 354 
486743 161 
492636 54 
570557 586 
571184 419 
571246 234 
571328 199 
571482 89 
592622 19 
600640 144 
