3838 10.7379398148
0 393763 
11 229 
12 82 
12 1867 
13 273 
16 639 
17 480 
20 180 
21 284 
22 25 
23 97 
24 162 
24 259 
27 138 
27 129 
28 23 
28 215 
28 296 
28 82 
28 252 
28 1907 
29 246 
29 217 
29 278 
31 1348 
31 294 
31 1053 
32 206 
32 87 
33 746 
33 21474 
33 135 
33 729 
34 87 
34 280 
34 25 
35 30 
35 86 
35 1712 
35 1203 
35 145 
36 308 
36 318 
36 189 
36 255 
36 265 
37 56 
38 357 
38 530 
38 1060 
39 89 
39 696 
40 98 
40 979 
41 159 
41 619 
41 598 
41 16 
42 280 
42 70 
43 155 
43 387 
43 1556 
44 79 
44 3112 
45 906 
46 78 
46 163 
46 189 
46 299 
46 381 
46 240 
47 107 
48 304 
48 295 
49 932 
49 135 
49 426 
49 206 
49 413 
49 869 
50 2066 
50 461 
50 190 
50 60 
50 192 
50 121 
51 1954 
51 387 
51 59 
53 21 
53 94 
53 67 
53 729 
54 3329 
54 163 
54 203 
54 109 
54 142 
54 628 
56 228 
56 81 
57 490 
57 495 
58 80 
58 43 
58 1227 
58 908 
58 173 
59 682 
59 110 
60 63 
60 1193 
60 265 
60 82 
61 132 
61 631 
61 167 
61 1076 
61 19 
62 1409 
63 198 
63 231 
63 172 
63 4651 
64 43 
64 430 
64 2131 
65 335 
65 738 
65 10601 
66 121 
66 370 
67 258 
67 280 
67 144 
67 1434 
67 416 
68 178 
68 31 
68 232 
69 170 
69 626 
69 281 
70 90 
70 635 
71 959 
71 58 
71 192 
71 404 
72 127 
72 299 
73 203 
74 344 
74 479 
74 156 
75 791 
75 115 
76 611 
76 26 
76 32 
76 555 
76 182 
77 178 
77 124 
77 230 
77 501 
78 651 
78 129 
78 139 
79 1959 
79 515 
79 16 
80 119 
80 194 
80 923 
80 122 
81 166 
81 35 
82 166 
82 359 
82 680 
83 89 
83 498 
84 11 
84 626 
84 7809 
85 145 
85 98 
86 109 
86 415 
87 33 
87 8 
87 242 
87 809 
87 302 
88 1420 
88 44 
88 325 
89 37 
89 56 
89 399 
89 98 
91 85 
91 236 
91 381 
91 34 
92 657 
92 125 
92 324 
93 6 
93 583 
93 89 
93 768 
94 163 
94 5152 
94 202 
95 58 
95 300 
98 383 
98 3497 
98 102 
98 67 
98 27 
99 1 
99 23 
99 1556 
100 123 
100 236 
100 1165 
101 51 
101 31226 
102 104 
103 161 
104 341 
104 313 
104 52 
105 189 
105 25 
107 237 
107 96 
109 1117 
110 241 
110 74 
110 276 
110 113 
111 208 
111 462 
111 146 
111 326 
112 24 
112 51 
113 1 
114 278 
114 15 
115 197 
115 38 
116 254 
116 156 
118 12 
119 4 
119 103 
120 579 
120 102 
120 94 
120 54 
120 224 
121 2515 
122 338 
122 1388 
122 170 
124 59 
124 34 
124 165 
125 24 
125 257 
126 1067 
126 629 
129 541 
131 348 
134 76 
134 109 
135 283 
136 340 
137 1952 
138 127 
140 244 
141 43 
142 957 
144 263 
144 69 
145 210 
145 261 
146 56 
146 167 
147 918 
148 786 
149 314 
149 285 
152 80 
152 554 
153 750 
153 105 
154 1539 
155 134 
155 335 
158 72 
159 893 
159 476 
159 729 
161 399 
161 222 
162 112 
163 505 
164 663 
164 648 
165 856 
167 1078 
169 3 
170 442 
173 11762 
174 65 
175 241 
175 12 
179 104 
179 66 
181 90 
183 72 
184 20 
185 514 
186 245 
186 855 
188 36 
189 538 
189 290 
190 365 
190 125 
191 326 
192 222 
193 244 
193 129 
196 149 
197 26 
200 157 
200 47 
201 413 
205 220 
205 915 
205 3979 
206 231 
207 274 
208 1004 
210 773 
211 69 
211 816 
211 120 
212 207 
213 154 
216 231 
219 82 
220 97 
225 138 
226 285 
230 16 
231 28 
231 62 
232 20 
233 65 
233 74 
233 90 
233 305 
235 21 
236 115 
238 33 
240 3338 
240 145 
240 288 
241 1428 
244 194 
247 473 
250 168 
252 503 
252 74 
252 739 
253 312 
253 729 
257 267 
257 518 
258 261 
259 137 
264 210 
265 221 
265 128 
268 247 
268 1254 
270 535 
272 631 
272 204 
272 24 
274 287 
276 293 
277 4432 
280 1234 
281 110 
281 455 
282 2185 
283 506 
287 26 
289 3 
290 100 
291 108 
293 19 
294 277 
295 421 
295 119 
297 15 
303 96 
306 354 
310 36 
312 558 
314 115 
321 588 
322 127 
325 53 
328 71 
333 87 
334 92 
336 129 
338 18 
341 142 
344 1203 
348 573 
354 42 
355 50 
357 1197 
361 669 
368 40 
369 2112 
369 89 
375 676 
378 4 
379 7630 
381 269 
381 300 
383 152 
384 233 
390 161 
390 697 
391 642 
392 76 
395 930 
395 111 
398 19 
404 16 
406 769 
407 202 
407 120 
409 14 
409 83 
411 354 
416 3080 
417 227 
425 350 
429 5434 
434 373 
435 298 
436 93 
443 160 
445 189 
447 2577 
449 247 
456 81 
459 23 
461 506 
464 1647 
469 1096 
470 43 
470 82 
470 68 
470 1120 
479 97 
480 1766 
481 193 
484 8841 
486 253 
493 468 
495 397 
495 226 
504 413 
506 466 
506 293 
508 354 
508 130 
509 2154 
511 666 
521 267 
522 63 
523 170 
523 88 
524 3334 
526 638 
527 202 
528 105 
528 207 
532 17 
532 17 
534 47 
537 632142 
542 543 
549 148 
550 1221 
552 6831 
557 101 
561 64 
563 50 
567 176 
568 2439 
568 187 
578 73 
593 166 
597 200 
603 129 
607 113 
610 488 
610 474 
615 36 
630 110 
638 684 
641 68 
650 30 
662 3964 
746 126 
750 1028 
750 15 
754 61 
759 5 
770 150 
771 244 
774 22 
783 333 
793 100 
820 726 
838 89 
849 959 
851 244 
856 250 
868 1500 
868 207 
874 512 
894 980 
896 626 
903 208 
907 854 
914 29 
925 487 
940 638 
951 495 
961 4 
970 109 
974 108 
979 158 
1000 773 
1002 2456 
1009 19 
1022 69 
1024 33 
1032 66 
1067 212 
1086 90 
1100 291 
1103 234 
1126 140 
1128 537 
1130 108 
1140 173 
1151 225 
1157 47 
1173 14 
1185 24 
1219 237 
1222 45 
1237 445 
1241 484 
1248 66 
1254 1337 
1258 129 
1284 59 
1285 17 
1286 59 
1308 182 
1330 69 
1355 33 
1366 50 
1373 379 
1381 1438 
1454 87 
1488 18 
1495 263 
1495 2541 
1520 70 
1537 38 
1608 245 
1613 1168 
1626 102 
1629 769 
1635 62 
1645 876 
1669 6700 
1690 635 
1690 2952 
1697 146 
1700 853 
1714 1610 
1721 58 
1733 9850 
1740 3071 
1776 823 
1781 392 
1794 1660 
1804 120 
1805 844 
1832 170 
1841 103 
1842 4 
1868 1049 
1876 298 
1904 2036 
1917 198 
1929 187 
1976 309 
1988 1819 
2002 508 
2017 12 
2028 46 
2110 1181 
2114 441 
2130 163 
2142 503 
2147 4026 
2150 16 
2194 716 
2204 153 
2292 306 
2323 86 
2324 104 
2325 128 
2337 588 
2349 84 
2360 726 
2361 783 
2375 1190 
2420 13090 
2429 771 
2436 3122 
2446 212 
2450 1562 
2452 182 
2453 161 
2478 2231 
2557 91 
2564 270 
2564 1241 
2566 1285 
2636 96 
2641 342 
2665 743 
2674 128 
2695 128 
2701 52 
2706 843 
2711 1031 
2744 869 
2756 606 
2766 1539 
2773 14 
2813 47 
2851 9 
2962 123 
2974 1084 
3002 9 
3012 322 
3034 2030 
3136 1193 
3192 5 
3218 451 
3234 430 
3235 219 
3249 1187 
3263 2903 
3279 3855 
3280 614 
3287 1105 
3292 71 
3330 300 
3357 4043 
3364 364 
3404 582 
3431 12 
3440 322 
3475 885 
3482 1170 
3557 3 
3570 17 
3588 89 
3597 2214 
3605 142 
3616 15078 
3618 4137 
3656 4579 
3668 239 
3763 36 
3774 302 
3789 758 
3857 865 
3857 543 
3937 1695 
3962 492 
3970 195 
3988 2668 
4037 1237 
4092 876 
4203 556 
4297 5 
4323 848 
4392 13509678 
4394 11 
4396 188 
4403 1622 
4404 1201 
4406 8071 
4407 1207 
4408 317 
4409 901 
4411 952 
4413 236 
4413 1125 
4413 823 
4414 577 
4414 70 
4414 243 
4414 709 
4414 1587 
4414 1818 
4416 230 
4416 1073 
4416 1381 
4417 14812 
4418 1615 
4420 1269 
4420 1045 
4420 1480 
4420 261 
4422 208 
4422 4663 
4422 309 
4423 3121 
4425 435 
4426 922 
4427 443 
4427 260 
4427 28873 
4428 1372 
4428 83 
4429 1898 
4430 1448 
4430 643 
4431 1382 
4431 755 
4432 1054 
4433 1003 
4434 1562 
4434 958 
4434 1541 
4435 146 
4435 312 
4436 2081 
4436 1693 
4441 31 
4441 10246 
4441 47 
4442 1088 
4442 20 
4442 366 
4443 12 
4444 747 
4444 181 
4444 6482 
4445 807 
4445 1404 
4445 173 
4446 108 
4446 740 
4446 5222 
4447 5381 
4448 612 
4448 375 
4449 439 
4449 731 
4449 325 
4449 367 
4450 912 
4450 1157 
4451 277 
4454 958 
4454 4 
4454 1048 
4454 1750 
4455 147 
4456 377 
4456 164 
4456 672 
4457 784 
4457 1513 
4458 2030 
4458 1084 
4458 306 
4459 307 
4459 548 
4459 681 
4459 858 
4459 1183 
4460 841 
4460 1853 
4461 1255 
4461 905 
4461 2908 
4462 1011 
4462 8 
4462 445 
4462 1856 
4463 423 
4463 259 
4463 2643 
4464 1334 
4465 3 
4465 269 
4465 652 
4465 105 
4466 779 
4466 202 
4466 2425 
4466 986 
4467 3462 
4467 746 
4469 3287 
4469 223 
4470 62 
4471 2185 
4472 86 
4472 743 
4473 14753 
4474 1048 
4474 1342 
4475 107 
4475 458 
4475 2295 
4475 338 
4475 752 
4475 6395 
4476 521 
4476 301 
4477 233 
4477 1311 
4480 1066 
4481 1438 
4481 1358 
4481 95 
4482 43 
4483 1169 
4484 834 
4484 2720 
4485 844 
4485 159 
4485 189 
4485 2757 
4485 523 
4485 1066 
4485 5711 
4486 570 
4486 1070 
4486 1657 
4486 3429 
4487 1328 
4487 6446 
4487 986 
4488 3635 
4490 285 
4490 297 
4491 533 
4491 967 
4492 2626 
4492 822 
4493 715 
4493 1199 
4495 217 
4497 1225 
4499 615 
4500 769 
4501 799 
4502 2043 
4502 3 
4502 3627 
4502 214 
4503 4100 
4504 502 
4504 74 
4505 1028 
4505 158 
4507 9286 
4507 967 
4508 671 
4508 1217 
4508 303 
4508 1156 
4509 1177 
4510 1313 
4510 464 
4513 374 
4514 497 
4514 3241 
4514 131 
4517 649 
4517 240 
4518 540 
4519 572 
4519 233 
4524 1354 
4525 187 
4526 1065 
4526 710 
4526 1574 
4528 2105 
4530 701 
4531 1118 
4532 95 
4534 1188 
4534 1609 
4534 13932 
4535 123 
4535 474 
4536 336 
4536 1123 
4536 1079 
4536 240 
4538 1108 
4539 1603 
4539 1908 
4541 546 
4541 1800 
4541 1493 
4542 496 
4544 1596 
4546 5703 
4547 177 
4548 3355 
4549 583 
4550 282 
4551 1599 
4552 731 
4553 3369 
4553 797 
4554 233 
4555 3335 
4555 185 
4556 787 
4556 645 
4559 1245 
4562 2339 
4563 66 
4564 1642 
4565 685 
4569 5567 
4570 952 
4570 2227 
4571 1405 
4572 1410 
4574 969 
4575 1683 
4576 1258 
4577 565 
4577 337 
4577 896 
4578 2375 
4579 621 
4579 3032 
4579 139 
4580 1100 
4580 1622 
4580 757 
4581 314 
4583 541 
4587 506 
4588 382 
4590 89 
4591 664 
4593 87 
4593 109 
4595 363 
4596 404 
4596 538 
4597 399 
4598 713 
4599 217 
4599 730 
4601 807 
4603 1320 
4603 381 
4604 2448 
4605 892 
4605 38 
4606 267 
4608 413 
4608 1402 
4608 743 
4610 782 
4610 1746 
4611 958 
4611 684 
4613 550 
4614 783 
4614 1217 
4616 1088 
4617 1813 
4618 1555 
4620 1033 
4622 112 
4622 483 
4623 916 
4624 874 
4625 1962 
4625 866 
4626 2359 
4627 5319 
4627 1045 
4629 780 
4630 449 
4630 769 
4631 683 
4635 1571 
4637 2014 
4637 4473 
4638 3104 
4638 564 
4638 135 
4639 626 
4639 122 
4640 3765 
4640 319 
4641 70 
4641 180 
4643 426 
4643 918 
4643 6 
4644 434 
4645 1982 
4645 362 
4645 105 
4646 1883 
4647 734 
4651 71 
4651 339 
4651 3783 
4657 812 
4658 1794 
4658 5572 
4659 571 
4662 1627 
4662 726 
4664 541 
4665 661 
4665 1667 
4665 480 
4666 285 
4725 1860 
4726 1713 
4728 603 
4728 557 
4731 227 
4731 4217 
4731 273 
4731 97 
4732 938 
4732 212 
4735 479 
4735 21 
4737 369 
4737 837 
4737 785 
4739 3308 
4739 1330 
4742 277 
4745 558 
4749 552 
4751 402 
4754 1628 
4755 144 
4759 773 
4760 1153 
4761 838 
4761 385 
4764 249 
4766 860 
4766 940 
4768 357 
4768 480 
4770 771 
4773 3484 
4776 255 
4782 899 
4784 1298 
4784 1804 
4787 267 
4789 72 
4789 12119 
4791 1791 
4792 2047 
4792 1113 
4794 1014 
4795 682 
4796 948 
4802 1016 
4803 762 
4804 420 
4806 518 
4807 2569 
4808 232 
4809 1062 
4813 6827 
4814 533 
4816 246 
4817 108 
4818 1272 
4819 728 
4820 1476 
4820 691 
4820 4010 
4821 4161 
4822 3526 
4827 718 
4828 660 
4828 619 
4829 1401 
4829 1106 
4830 64 
4831 1073 
4831 751 
4834 1300 
4836 1456 
4838 924 
4839 1657 
4839 52 
4841 111 
4844 324 
4845 1356 
4846 678 
4847 146 
4847 1676 
4848 187 
4851 838 
4851 37 
4851 1165 
4854 421 
4855 256 
4855 2597 
4860 10008 
4861 309 
4861 3611 
4862 768 
4863 492 
4864 514 
4865 262 
4865 130 
4865 389 
4866 22 
4868 229 
4871 8 
4872 941 
4874 1729 
4879 2139 
4880 493 
4881 1539 
4882 1373 
4886 1127 
4886 865 
4887 1719 
4887 3990 
4888 285 
4888 6238 
4894 128 
4894 796 
4896 183 
4897 391 
4898 3708 
4898 654 
4903 236 
4905 224 
4907 228 
4909 271 
4910 758 
4910 521 
4911 121 
4911 153 
4917 5284 
4919 557 
4926 1949 
4929 691 
4932 1386 
4934 704 
4938 1068 
4941 966 
4941 1483 
4943 178 
4945 414 
4945 791 
4946 724 
4947 696 
4949 1036 
4950 1253 
4953 7645 
4953 372 
4953 41 
4953 2671 
4956 168 
4957 595 
4957 467 
4961 842 
4963 484 
4963 8030 
4964 1069 
4966 248 
4968 168 
4969 1450 
4969 123 
4970 1509 
4972 456 
4972 1461 
4975 1174 
4976 94 
4979 232 
4980 1587 
4982 247 
4982 4824 
4987 123 
4988 533 
4988 176 
4989 926 
4993 919 
4994 933 
4994 109 
4995 1038 
4998 1684 
5000 372 
5002 1561 
5002 219 
5002 376 
5003 38 
5005 9717 
5008 1445 
5010 377 
5010 1421 
5012 551 
5013 688 
5013 3009 
5018 345 
5019 953 
5019 838 
5020 80 
5022 184 
5022 121 
5027 401 
5029 610 
5032 1008 
5033 553 
5033 1162 
5034 1058 
5034 1298 
5034 1463 
5037 39023 
5041 126 
5041 321 
5042 581 
5044 1011 
5047 756 
5054 2522 
5055 365 
5060 507 
5061 292 
5063 737 
5064 1292 
5068 356 
5069 1913 
5070 3334 
5075 1006 
5075 521 
5076 610 
5077 735 
5078 697 
5081 876 
5085 629 
5085 383 
5086 362 
5090 101 
5090 679 
5090 56 
5092 1258 
5094 1581 
5163 93 
5163 26 
5165 2482 
5170 1989 
5170 2125 
5170 118 
5172 1481 
5172 796 
5179 1066 
5187 211 
5187 282 
5198 24 
5201 864 
5202 759 
5202 1287 
5203 148 
5203 1798 
5203 1420 
5205 1339 
5206 9634 
5208 760 
5208 4296 
5210 3010 
5211 603 
5214 922 
5218 90 
5220 374 
5221 8006 
5221 367 
5222 210 
5222 777 
5224 802 
5227 2653 
5228 908 
5232 784 
5233 2698 
5234 1211 
5235 9557 
5239 17 
5241 2419 
5243 321 
5246 1007 
5246 376 
5250 1183 
5252 113 
5255 3422 
5255 2420 
5255 527 
5257 12 
5258 2636 
5262 1402 
5277 1172 
5277 1018 
5279 6375 
5279 469 
5283 67 
5286 1608 
5289 992 
5290 1001 
5307 577 
5310 667 
5311 2778 
5314 2665 
5316 52044 
5320 115 
5323 785 
5326 518 
5329 334 
5330 277 
5335 557 
5339 25219 
5342 1217 
5345 536 
5348 304 
5350 3967 
5352 3332 
5354 1043 
5360 188 
5361 257 
5367 840 
5368 1567 
5371 205 
5372 1386 
5373 475 
5375 255 
5378 20 
5389 313 
5390 925 
5391 249 
5392 580 
5393 349 
5405 779 
5405 440 
5407 65 
5408 2002 
5409 5037 
5409 1107 
5415 1445 
5418 565 
5421 418 
5426 317 
5427 5691 
5429 656 
5431 4 
5435 2224 
5444 239 
5449 80 
5460 624 
5465 520 
5465 2552 
5465 474 
5465 279 
5467 2764 
5468 847 
5469 1151 
5469 2075 
5469 623 
5471 395 
5542 2393 
5543 651 
5543 3339 
5543 628 
5552 882 
5553 2663 
5553 5250 
5555 681 
5560 338 
5564 213 
5567 1470 
5569 117 
5575 159 
5576 213 
5577 767 
5584 157 
5587 614 
5588 726 
5590 1269 
5599 6579 
5604 593 
5613 666 
5614 143 
5620 559 
5629 10 
5630 687 
5633 4102 
5636 3430 
5638 795 
5642 49 
5644 933 
5649 297 
5650 480 
5652 567 
5653 796 
5654 374 
5655 383 
5656 563 
5664 69 
5665 1601 
5666 1217 
5666 709 
5671 5766 
5676 2076 
5682 411 
5692 512 
5692 5402 
5694 176 
5697 33 
5700 129 
5704 544 
5717 974 
5719 1263 
5722 691 
5727 144 
5736 752 
5740 166 
5744 17 
5746 1451 
5746 961 
5748 414 
5748 2347 
5750 1540 
5750 2097 
5751 648 
5754 1267 
5762 709 
5767 413 
5773 500 
5775 3566 
5785 545 
5785 1492 
5785 344 
5785 653 
5787 183 
5791 70 
5792 515 
5794 246 
5798 286 
5801 426 
5805 2588 
5806 16 
5808 1427 
5825 178 
5827 2874 
5830 3164 
5833 499 
5834 840 
5841 27994 
5843 119 
5848 473 
5848 427 
5855 8789 
5857 4372 
5858 770 
5865 1203 
5866 1252 
5873 5416 
5874 459 
5874 2671 
5876 2520 
5876 5966 
5893 383 
5895 1465 
5896 178 
5898 380 
5903 1387 
5910 364 
5912 1470 
5917 3921 
5921 846 
5933 1378 
6000 2305 
6003 438 
6007 542 
6008 589 
6013 347 
6016 104 
6018 4183 
6022 1043 
6023 1382 
6025 1130 
6030 2031 
6030 517 
6031 420 
6039 65 
6039 94 
6039 1685 
6044 1764 
6048 663 
6050 134 
6056 220 
6061 448 
6062 127 
6066 707 
6071 489 
6072 42 
6074 956 
6082 0 
6099 1607 
6101 224 
6107 58 
6108 782 
6109 2017 
6112 89 
6115 1096 
6117 893 
6120 1269 
6122 611 
6129 2878 
6131 282 
6132 612 
6132 725 
6139 383 
6147 837 
6154 2465 
6156 44 
6165 460 
6169 2451 
6170 200 
6173 841 
6179 474 
6183 931 
6185 4704 
6186 852 
6188 132 
6190 123 
6197 100 
6201 202 
6203 1115 
6207 1235 
6209 844 
6210 3120 
6217 306 
6218 10728 
6218 922 
6219 2909 
6226 734 
6226 827 
6232 171 
6241 192 
6241 543 
6251 524 
6252 957 
6266 17 
6269 962 
6288 123 
6294 1592 
6298 840 
6299 51 
6312 1411 
6313 2817 
6324 39 
6327 608 
6342 0 
6348 1269 
6360 3585 
6364 1507 
6367 973 
6368 735 
6369 6201 
6372 229 
6373 122 
6444 517 
6446 314 
6458 1163 
6458 6519 
6461 311 
6463 205 
6466 138 
6467 457 
6479 316 
6480 1441 
6481 651 
6484 340 
6494 411 
6494 1348 
6497 2311 
6500 2730 
6528 687 
6529 891 
6551 138 
6560 3506 
6561 38 
6577 443 
6578 600 
6583 217 
6594 3708 
6597 555 
6597 5770 
6598 1537 
6599 180 
6605 5768 
6613 1031 
6616 1651 
6617 831 
6623 445 
6626 6076 
6631 1878 
6632 1409 
6640 874 
6643 323 
6648 1719 
6654 825 
6665 1133 
6669 770 
6683 641 
6689 143 
6697 60 
6700 584 
6704 978 
6710 1423 
6716 304 
6718 2356 
6735 93 
6735 974 
6738 2247 
6741 73 
6741 604 
6743 144 
6747 457 
6747 1444 
6751 326 
6752 23 
6820 741 
6822 220 
6833 401 
6836 302 
6838 3690 
6841 1364 
6846 265 
6847 1124 
6847 50 
6851 981 
6852 2035 
6853 918 
6855 197 
6858 360 
6859 2695 
6862 677 
6864 280 
6866 270 
6873 115 
6879 180 
6879 806 
6879 1404 
6880 2757 
6881 54 
6882 117 
6883 111 
6893 798 
6898 654 
6912 48 
6916 212 
6924 291 
6928 445 
6928 2145 
6934 533 
6937 997 
6938 426 
6939 1952 
6948 399 
6951 1061 
6951 1553 
6954 3225 
6954 226 
6955 737 
6956 777 
6985 497 
6985 1461 
6992 11 
6992 1486 
7000 230 
7004 106 
7007 2738 
7015 1228 
7039 86 
7048 227 
7049 1705 
7052 322 
7061 3196 
7071 679 
7080 113 
7082 183 
7084 1052 
7086 454 
7087 60 
7092 114 
7100 520 
7100 320 
7101 5444 
7177 1052 
7180 192 
7180 5391 
7195 1211 
7197 1722 
7198 326 
7202 287 
7206 303 
7221 108 
7223 1128 
7232 1294 
7245 559 
7249 586 
7254 1572 
7255 1132 
7255 73 
7258 774 
7262 1203 
7271 902 
7274 1157 
7283 25727 
7283 797 
7285 1021 
7290 256 
7292 1044 
7298 4661 
7299 259 
7305 3656 
7309 1143 
7312 506 
7315 580 
7330 2207 
7342 365 
7351 620 
7352 9415 
7352 668 
7390 914 
7392 352 
7405 824 
7405 1103 
7415 628 
7427 219 
7428 434 
7430 731 
7431 1186 
7444 17476 
7452 1527 
7459 261 
7468 1209 
7479 176 
7547 282 
7550 245 
7555 440 
7563 668 
7565 294 
7571 172 
7571 332 
7583 3574 
7585 80 
7593 1499 
7597 2945 
7612 150 
7622 119 
7624 631 
7629 467 
7629 11912 
7630 1315 
7643 451 
7658 1118 
7659 291 
7665 102 
7670 1263 
7675 398 
7679 100 
7685 1306 
7686 1161 
7694 189 
7701 917 
7702 1055 
7714 815 
7720 344 
7721 486 
7721 278 
7725 6732 
7736 2171 
7740 2936 
7741 174 
7747 419 
7758 422 
7771 422 
7774 1290 
7778 50 
7793 1775 
7794 38 
7796 18 
7802 1305 
7807 354 
7818 484 
7821 59 
7822 328 
7826 593 
7835 106 
7839 1736 
7917 2339 
7922 224 
7933 627 
7970 2432 
7972 537 
7974 573 
7982 3654 
7983 1144 
7993 664 
7994 914 
8003 135 
8010 2009 
8026 56 
8032 1213 
8036 184 
8040 804 
8051 732 
8059 1857 
8082 1192 
8082 1629 
8092 733 
8094 89 
8095 613 
8099 1358 
8101 140 
8106 889 
8124 710 
8130 918 
8130 1027 
8132 47 
8133 723 
8133 2050 
8151 334 
8156 2472 
8160 120 
8174 2195 
8175 688 
8182 1021 
8188 326 
8188 856 
8213 397 
8277 863 
8278 1020 
8291 248 
8295 599 
8307 931 
8310 372 
8326 607 
8331 140 
8334 258 
8335 829 
8338 1023 
8340 2853 
8344 1949 
8345 11596 
8363 1300 
8364 475 
8370 137 
8396 2302 
8397 321 
8401 1858 
8402 133 
8404 1590 
8405 852 
8430 279 
8432 1469 
8436 1184 
8438 932 
8443 2802 
8455 580 
8461 131 
8466 812 
8469 94 
8470 1819 
8471 1067 
8479 275 
8483 1226 
8485 1393 
8490 160 
8491 1445 
8495 2769 
8497 145 
8500 1386 
8502 1033 
8570 633 
8573 966 
8598 2692 
8602 64 
8608 37 
8610 137 
8611 3439 
8613 359 
8622 238 
8634 162 
8640 157 
8644 683 
8647 1303 
8652 39 
8657 2857 
8684 29553 
8698 251 
8703 335 
8710 447 
8711 70 
8712 1548 
8728 113 
8729 264 
8732 127 
8734 70 
8749 463 
8754 150 
8757 342 
8764 289 
8770 843 
8777 220 
8781 36 
8783 1455 
8791 225 
8795 2237 
8802 10954 
8802 1201 
8808 2975 
8810 921 
8815 742 
8830 56 
8830 376 
8833 1102 
8838 81 
8909 870 
8911 554 
8911 1044 
8922 2123 
8925 204 
8939 2414 
8940 2127 
8943 509 
8944 726 
8988 1142 
8989 356 
9006 7 
9019 1237 
9024 416 
9029 1358 
9052 654 
9064 502 
9125 12 
9136 1032 
9146 696 
9180 1399 
9180 280 
9186 435 
9210 395 
9210 212 
9212 434 
9212 357 
9217 98 
9240 91 
9272 7 
9274 950 
9288 986 
9291 1137 
9295 1132 
9300 2068 
9305 640 
9309 634 
9310 153 
9370 407 
9372 393 
9373 193 
9378 1480 
9380 252 
9391 218 
9406 757 
9409 69 
9431 301 
9433 291 
9434 137 
9444 1139 
9447 118 
9454 181 
9460 74 
9460 755 
9463 722 
9468 54 
9469 242 
9470 574 
9471 613 
9473 263 
9476 355 
9489 134 
9493 1083 
9494 108 
9501 1042 
9508 169 
9519 620 
9519 75 
9519 1322 
9535 1323 
9544 390 
9549 731 
9550 1761 
9551 1166 
9555 385 
9558 1598 
9582 357 
9585 224 
9589 1748 
9603 894 
9663 3284 
9671 1986 
9674 953 
9675 19 
9681 1209 
9684 1035 
9690 3959 
9694 370 
9699 3230 
9700 161 
9706 104 
9708 2181 
9710 258 
9716 45 
9716 1141 
9737 18 
9752 990 
9758 618 
9769 353 
9780 153 
9783 799 
9788 305 
9790 1322 
9793 132 
9796 752 
9805 1200 
9814 933 
9823 1231 
9824 31724 
9825 530 
9838 2546 
9851 381 
9852 421 
9858 118 
9865 264 
9865 756 
9870 214 
9874 219 
9877 99 
9881 499 
9905 1187 
9906 1804 
9915 941 
9921 2163 
9923 134 
9925 1438 
9928 1949 
9945 2737 
9953 115 
10028 88 
10042 1709 
10050 704 
10056 1144 
10058 1596 
10067 409 
10070 923 
10076 447 
10087 583 
10091 1049 
10093 21 
10096 728 
10108 1625 
10111 539 
10116 931 
10130 476 
10146 405 
10149 2849 
10158 1230 
10167 798 
10167 2062 
10172 631 
10173 1886 
10173 1859 
10189 291 
10193 964 
10202 212 
10204 1116 
10215 584 
10216 4342 
10224 217 
10230 2740 
10238 2225 
10264 1112 
10266 241 
10274 1640 
10280 547 
10284 873 
10286 264 
10358 28 
10364 2166 
10385 822 
10386 538 
10395 203 
10413 396 
10420 1074 
10431 1426 
10433 212 
10445 1279 
10491 799 
10492 1289 
10496 135 
10501 1032 
10510 64 
10517 184 
10522 7001 
10528 773 
10557 401 
10558 251 
10562 38 
10590 419 
10592 112 
10616 61 
10622 405 
10642 1227 
10653 1606 
10661 218 
10730 125 
10743 3195 
10750 1639 
10752 308 
10757 315 
10759 658 
10759 409 
10771 93 
10778 116 
10780 1068 
10789 330 
10822 1714 
10834 840 
10842 584 
10852 634 
10853 101 
10853 68 
10854 395 
10854 482 
10861 1955 
10872 419 
10875 55 
10894 670 
10895 30 
10900 730 
10916 961 
10925 33 
10942 2465 
10946 5503 
10981 577 
10983 109 
10985 31016 
11000 669 
11062 1681 
11063 128 
11063 600 
11074 7895 
11082 664 
11082 173 
11087 532 
11101 781 
11105 1663 
11113 248 
11114 762 
11120 1484 
11124 973 
11131 2285 
11157 883 
11159 643 
11168 130 
11172 573 
11174 867 
11174 715 
11199 822 
11209 132 
11225 1537 
11234 123 
11236 1870 
11247 376 
11248 264 
11254 3511 
11257 211 
11284 1119 
11289 3605 
11291 399 
11295 211 
11299 326 
11303 148 
11312 1246 
11317 37 
11325 8494 
11325 1135 
11402 219 
11403 480 
11406 1109 
11406 2220 
11407 87 
11408 90 
11415 911 
11433 1118 
11434 103 
11438 128 
11454 150 
11470 279 
11488 593 
11493 577 
11495 921 
11500 411 
11501 1586 
11504 1911 
11506 329 
11511 24 
11514 299 
11519 2852 
11521 145 
11523 1502 
11530 67 
11534 486 
11537 2573 
11565 1943 
11566 586 
11587 2804 
11595 1830 
11607 593 
11611 181 
11615 7497 
11621 2562 
11622 579 
11632 876 
11650 963 
11663 809 
11748 799 
11752 1094 
11768 965 
11774 1058 
11787 389 
11789 354 
11795 436 
11804 2215 
11814 3781 
11816 258 
11857 1402 
11867 953 
11894 4301 
11895 22 
11905 6565 
11906 900 
11920 270 
11933 344 
11935 4247 
11939 1938 
11943 419 
11961 599 
11966 321 
11971 179 
11981 213 
11986 2123 
11987 1134 
12053 1609 
12055 70 
12065 8 
12067 151 
12075 231 
12089 119 
12121 16783 
12121 100 
12125 1358 
12131 486 
12132 1921 
12145 328 
12146 737 
12148 676 
12154 1247 
12156 3489 
12164 50 
12196 1060 
12226 2321 
12226 1548 
12243 2891 
12257 529 
12267 1014 
12267 434 
12284 138 
12318 868 
12322 847 
12322 371 
12394 1254 
12401 1683 
12410 1120 
12431 368 
12432 3270 
12440 241 
12448 111 
12455 763 
12474 2094 
12480 742 
12486 88 
12496 94 
12515 807 
12541 97 
12543 256 
12554 168 
12554 442 
12564 478 
12674 1138 
12676 146 
12741 804 
12753 3245 
12758 31 
12766 4030 
12785 4423 
12790 333 
12794 327 
12871 355 
12879 156 
12882 4181 
12885 714 
12888 504 
12922 330 
12926 95 
12932 175 
12934 907 
12937 1718 
12941 1080 
12948 211 
12960 2339 
12984 265 
13049 229 
13053 14966 
13058 1772 
13125 318 
13133 1523 
13158 124 
13175 6890 
13185 7192 
13204 278 
13206 623 
13211 44 
13212 895 
13217 1319 
13234 1363 
13236 275 
13237 371 
13238 239 
13241 1295 
13251 1348 
13257 141 
13261 324 
13307 1513 
13324 1213 
13333 823 
13333 517 
13336 1738 
13421 1730 
13433 1862 
13440 1101 
13444 253 
13449 500 
13452 162 
13462 324 
13477 661 
13478 1208 
13485 365 
13506 1240 
13518 1306 
13518 900 
13519 108 
13519 92 
13526 515 
13545 476 
13545 974 
13573 80 
13675 263 
13685 1164 
13720 335 
13750 1012 
13757 43 
13763 464 
13765 630 
13766 1423 
13781 1008 
13802 1687 
13802 793 
13805 547 
13816 411 
13820 537 
13842 642 
13909 1037 
13915 1017 
13919 179 
13944 649 
13967 1791 
13972 832 
13973 118 
13997 2546 
13997 290 
14002 556 
14007 1368 
14026 1848 
14032 5558 
14041 243 
14047 564 
14075 485 
14077 1367 
14102 538 
14109 526 
14235 536 
14239 125 
14253 618 
14268 3502 
14295 1198 
14338 740 
14353 568 
14443 565 
14461 899 
14472 505 
14494 616 
14509 1537 
14516 372 
14524 164 
14574 231 
14598 587 
14598 322 
14602 12536 
14625 1579 
14628 248 
14747 400 
14783 1685 
14794 629 
14803 15476 
14804 116 
14806 256 
14824 7797 
14831 1187 
14833 175 
14836 3460 
14841 584 
14855 1905 
14870 70 
14871 1870 
14897 591 
14909 584 
14916 3234 
14917 1306 
14987 1487 
15001 193 
15012 758 
15025 1361 
15027 407 
15039 519 
15040 181 
15056 1344 
15096 288 
15100 543 
15122 144 
15130 63 
15140 389 
15147 1318 
15148 727 
15155 384 
15183 1521 
15183 351 
15253 561 
15262 833 
15285 2390 
15287 701 
15296 92 
15306 7391 
15318 263 
15326 311 
15327 228 
15333 562 
15345 177 
15358 698 
15359 489 
15360 478 
15363 1477 
15371 1730 
15372 1294 
15398 45 
15403 30705 
15426 2013 
15430 343 
15437 724 
15445 794 
15453 4287 
15558 307 
15580 201 
15590 559 
15595 846 
15608 252 
15612 3484 
15623 1825 
15627 90 
15633 1932 
15639 799 
15666 621 
15676 2100 
15759 206 
15771 234 
15805 118 
15805 733 
15810 502 
15811 96 
15875 390 
15890 1770 
15891 1556 
15898 973 
15977 414 
15991 527 
16009 159 
16010 864 
16012 5332 
16016 183 
16018 2433 
16039 1285 
16042 154 
16044 745 
16048 718 
16050 487 
16067 5048 
16070 546 
16079 5517 
16082 1440 
16085 5033 
16097 228 
16113 436 
16132 740 
16195 286 
16196 566 
16197 199 
16213 4046 
16220 138 
16225 2848 
16237 512 
16272 1218 
16289 947 
16290 1346 
16293 50 
16364 313 
16381 1316 
16382 276 
16389 350 
16390 767 
16392 1158 
16397 365 
16402 157 
16425 1771 
16427 3882 
16445 516 
16447 1007 
16450 1747 
16454 783 
16462 12576 
16471 1218 
16473 495 
16474 595 
16475 1008 
16490 520 
16492 67 
16494 828 
16502 1599 
16511 1175 
16520 1001 
16521 166 
16531 69 
16535 1158 
16541 620 
16549 291 
16552 1315 
16554 1192 
16559 4445 
16567 550 
16641 2816 
16648 837 
16677 105 
16690 128 
16702 1043 
16725 781 
16725 477 
16728 233 
16732 3488 
16736 2041 
16786 694 
16866 352 
16871 6811 
16891 533 
16894 65 
16896 1173 
16901 2373 
16918 514 
16954 48 
16955 1123 
16974 476 
16974 286 
16990 2416 
17027 433 
17028 611 
17111 187 
17118 637 
17128 29 
17133 692 
17175 91 
17219 829 
17221 520 
17228 377 
17233 856 
17253 908 
17264 896 
17341 558 
17343 857 
17353 7037 
17354 172 
17359 165 
17376 1880 
17384 736 
17392 1000 
17396 25 
17403 235 
17413 5777 
17459 144 
17467 957 
17589 1213 
17589 86 
17598 542 
17602 569 
17620 1180 
17628 1551 
17629 1457 
17643 301 
17665 187 
17682 158 
17694 1169 
17697 273 
17783 5125 
17788 2968 
17845 791 
17866 341 
17872 11648 
17886 374 
17890 7418 
17892 4144 
17902 808 
17910 2041 
17987 203 
17996 407 
18005 840 
18020 285 
18055 422 
18059 1441 
18110 422 
18201 50 
18255 7319 
18286 1157 
18291 1045 
18305 799 
18402 148 
18406 252 
18419 765 
18437 3114 
18447 464 
18482 1179 
18496 317 
18528 1771 
18540 1947 
18542 123 
18544 92 
18602 1257 
18603 533 
18609 534 
18638 1897 
18656 8678 
18656 98 
18670 2448 
18686 194 
18695 629 
18696 1376 
18699 1753 
18701 656 
18720 1032 
18731 721 
18741 44670 
18818 556 
18821 1411 
18834 15 
18836 9333 
18842 596 
18849 577 
18850 64 
18858 623 
18864 2011 
18913 240 
18917 1018 
19012 210 
19026 704 
19039 856 
19048 80 
19057 1922 
19057 186 
19100 104 
19117 959 
19118 290 
19129 3631 
19201 118 
19232 681 
19259 169 
19294 2609 
19400 809 
19408 730 
19441 377 
19463 198 
19479 1980 
19493 850 
19512 560 
19517 102 
19579 48 
19595 364 
19607 409 
19609 1220 
19634 143 
19637 60 
19644 3051 
19653 534 
19675 1011 
19684 507 
19688 445 
19696 1156 
19773 1213 
19776 448 
19799 985 
19802 816 
19980 842 
19997 1158 
20030 2240 
20115 1774 
20144 4225 
20174 302 
20197 652 
20294 1487 
20317 1614 
20519 562 
20542 429 
20685 23 
20733 783 
20746 2394 
20752 362 
20777 122 
20864 2625 
20878 831 
20891 1870 
20904 189 
20909 2913 
20917 2635 
20918 1199 
20941 1142 
21019 1929 
21074 547 
21108 891 
21112 2467 
21125 1921 
21150 74 
21154 347 
21210 1803 
21218 43 
21220 1717 
21239 1484 
21247 96 
21247 96 
21295 124 
21296 1721 
21314 182 
21335 417 
21359 52 
21449 228 
21479 187 
21499 3465 
21520 1092 
21540 213 
21546 652 
21568 249 
21636 39 
21637 910 
21669 245 
21736 393 
21748 1168 
21764 18 
21829 104 
21890 864 
21959 1280 
21981 274 
21984 1058 
21985 362 
22047 1216 
22058 1341 
22065 180 
22070 737 
22085 54 
22088 425 
22110 145 
22117 136 
22123 79 
22159 221 
22186 489 
22282 317 
22289 2502 
22297 252 
22355 299 
22375 552 
22455 9331 
22460 1679 
22479 8572 
22496 938 
22548 583 
22552 346 
22673 594 
22674 165 
22677 1076 
22698 975 
22710 473 
22843 1440 
22879 873 
22887 485 
22901 1698 
23024 222 
23036 144 
23036 1663 
23058 311 
23086 848 
23119 2017 
23120 1698 
23193 296 
23280 77 
23312 8401 
23417 1231 
23427 500 
23445 61 
23471 1219 
23549 104 
23588 2252 
23599 842 
23628 206 
23642 109 
23643 937 
23836 69 
23853 475 
23859 176 
23951 9 
23962 637 
24019 1159 
24025 2282 
24101 328 
24118 682 
24142 169 
24178 90 
24180 840 
24191 2292 
24194 158 
24314 2146 
24369 463 
24369 454 
24385 244 
24402 384 
24415 154 
24478 154 
24525 168 
24550 749 
24577 705 
24597 300 
24763 504 
24842 55 
24879 27 
25021 57 
25026 14673 
25045 1599 
25063 1274 
25069 335 
25071 308 
25091 1116 
25129 961 
25134 129 
25204 958 
25224 243 
25230 13502 
25243 273 
25243 2101 
25262 1186 
25269 194983 
25282 1093 
25294 1138 
25304 6443 
25370 135 
25408 1552 
25410 1392 
25432 271 
25454 292 
25460 700 
25554 20 
25560 157 
25579 136 
25628 124 
25769 183 
25799 725 
25873 1104 
25921 878 
26059 2784 
26105 7111 
26121 2304 
26142 279 
26239 407 
26240 799 
26259 286 
26335 169 
26405 42 
26423 43 
26441 474 
26475 392 
26484 68 
26585 643 
26613 308 
26616 278 
26628 239 
26631 757 
26640 204 
26676 1265 
26749 1278 
26768 1191 
26777 830 
26850 199 
26917 141 
26928 297 
26941 306 
26957 323 
26986 125 
27016 26 
27113 9953 
27126 410 
27171 210 
27323 594 
27335 1304 
27411 1443 
27418 233 
27435 153 
27573 192 
27604 2041 
27623 779 
27811 1095 
27821 694 
27964 1272 
27994 609 
28030 760 
28115 674 
28158 831 
28176 181 
28193 1068 
28299 796 
28399 2042 
28493 2112 
28506 315 
28587 174 
28700 266 
28728 720 
28766 164 
28847 112 
28866 1049 
28898 1253 
28906 291 
28935 529 
29089 1264 
29224 143 
29233 138 
29258 360 
29267 57 
29429 1291 
29457 1654 
29571 434 
29613 1743 
29623 80 
29642 1599 
29659 156 
29663 1400 
29664 233 
29696 601 
29762 663 
29777 759 
29818 1510 
29941 1364 
29949 1300 
29959 254 
29981 1103 
30027 641 
30031 8218 
30118 2083 
30221 842 
30290 26 
30370 2352 
30476 1358 
30478 781 
30530 643 
30535 108 
30542 385 
30576 1301 
30593 556 
30600 388 
30677 186 
30684 421 
30725 1564 
30729 346 
30850 1187 
30871 55 
30878 142 
30895 1074 
31044 3078 
31046 311 
31084 234 
31092 1050 
31106 662 
31179 8104 
31548 1072 
31626 1450 
31719 32 
31741 1084 
31854 1038 
31864 488 
31938 773 
31966 14 
32073 204 
32084 3227 
32238 913 
32256 128 
32272 1071 
32328 222 
32339 5472 
32467 915 
32476 299 
32523 1230 
32536 1799 
32605 632 
32793 111 
32856 1186 
32867 1424 
32933 179 
33132 974 
33244 617 
33354 1328 
33393 180 
33420 3213 
33427 1127 
33519 438 
33624 524 
33731 1702 
33807 298 
33907 467 
33941 187 
33976 1122 
34006 1315 
34019 67 
34028 909 
34139 367 
34200 32 
34246 30 
34250 1212 
34367 21518 
34392 295 
34405 242 
34440 86 
34459 427 
34460 1020 
34490 560 
34506 129 
34685 835 
34718 1200 
34834 126 
35067 687 
35168 28 
35180 59 
35208 917 
35441 93 
35577 444 
35591 245 
35613 1048 
35942 105 
35963 24 
36500 2189 
36513 748 
36907 9211 
37058 177 
37089 625 
37221 929 
37234 1218 
37346 106 
37698 65 
37791 161 
37945 268 
38042 370 
38084 1207 
38217 707 
38535 1810 
38567 3444 
38745 136 
38767 3813 
38962 194 
39188 428 
39347 381 
39802 495 
39865 2063 
39882 10009 
39895 940 
39904 727 
39909 510 
40105 196 
40123 1111 
40239 439 
40255 573 
40373 854 
40461 1073 
40555 528 
41173 5 
41192 661 
41260 133 
41295 111 
41361 585 
41379 1221 
41422 173 
41434 526 
41469 785 
41471 2276 
41493 253 
41500 271 
41578 1932 
41578 42 
41604 848 
41679 600 
41736 294 
42072 1737 
42081 1899 
42118 933 
42168 522 
42319 684 
42381 438 
42484 6 
42503 1271 
42739 64 
42744 523 
42755 820 
42788 1058 
43018 130 
43089 606 
43155 560 
43514 1141 
43571 237 
43594 244 
43670 251 
43674 190 
43676 425 
43727 547 
43860 118 
44162 572 
44247 328 
44394 1251 
44394 1483 
44403 854 
44477 598 
44717 783 
44799 707 
44807 2280 
44839 171 
44870 1665 
44928 239 
44984 1734 
45037 929 
45070 148 
45319 192 
45369 2001 
45711 199 
45787 498 
45940 2785 
46198 961 
46556 1865 
46647 365 
46993 2601 
47028 629 
47044 639 
47062 1538 
47088 118 
47128 374 
47272 1020 
47302 596 
47656 244 
47754 793 
47761 905 
47833 303 
47895 3440 
47939 595 
48282 1018 
48320 839 
48320 839 
48612 778 
48619 1039 
48809 395 
49067 381 
49177 101 
49224 724 
49338 1184 
49573 1607 
49721 1261 
49727 41 
49791 834 
49800 33 
50086 101 
50195 561 
50326 516 
50389 422 
50445 633 
50511 2140 
50567 122 
50663 2349 
50668 27 
51035 599 
51278 989 
51344 658 
51397 660 
51478 356 
51752 797 
51823 92 
51893 914 
51895 2095 
51910 3225 
51954 88 
51969 720 
52115 160 
52206 3600 
52419 923 
52477 122 
52524 499 
52566 929 
52598 9088 
52635 482 
52749 384 
52776 227 
52815 103 
52831 283 
52903 14229 
53007 319 
53180 84 
53336 904 
53553 283 
53715 951 
53731 316 
53877 27 
54004 755 
54031 1987 
54038 265 
54179 144 
54269 69 
54434 151 
54550 99 
54690 1190 
54940 109 
54980 3681 
55004 621 
55139 1075 
55271 9051 
55323 7231 
55340 617 
55385 200 
55413 125 
55418 408 
55640 885 
55855 883 
56016 466 
56241 808 
56263 345 
56450 892 
56485 544 
56497 10314 
56517 2458 
56582 327 
56932 1415 
57075 1060 
57164 138 
57361 89 
57429 560 
57505 2467 
57674 224 
57757 683 
57861 1468 
57999 17605 
58021 9359 
58043 286 
58214 287 
58245 706 
58425 1186 
58533 739 
58657 104 
58725 956 
58745 104 
58807 197 
58877 2725 
58881 240 
58898 4670 
58931 231 
59242 192 
59331 844 
59540 237 
60101 707 
60150 487 
60275 190 
60756 151 
60786 218 
60832 22 
61114 310 
61256 590 
61291 71 
61711 17 
61718 1241 
61852 332 
62095 1939 
62123 1300 
62324 952 
62335 703 
62653 9859 
62742 1025 
62754 1750 
62776 2106 
62808 1101 
62845 1083 
62966 1195 
63245 29 
63277 1418 
63352 20 
63671 2167 
63768 1450 
64102 2114 
64162 937 
64280 1878 
64284 609 
64345 1950 
64551 378 
64559 199 
64608 2119 
64633 121 
64689 643 
64920 1448 
65124 466 
65127 22 
65152 1545 
65424 1147 
65692 1830 
65697 401 
65918 189 
65929 769 
65931 333 
66059 77 
66193 759 
66404 569 
66440 15247 
66458 2503 
66500 10692 
66536 286 
66643 93 
66687 510 
66720 1013 
67201 1104 
67508 643 
67532 3281 
68000 17 
68190 662 
68234 753 
68290 325 
68382 1873 
68396 683 
68509 228 
68598 484 
69110 783 
69111 9392 
69120 1870 
69168 1041 
69210 165 
69288 705 
69360 1189 
69443 110 
69507 912 
69648 88 
69669 126 
69760 1316 
69804 860 
69850 445 
69903 772 
69904 1012 
70044 2059 
70085 2064 
70091 753 
70126 328 
70178 286 
70241 523 
70316 138 
70373 749 
70455 303 
70559 773 
70677 868 
70848 786 
70939 811 
71073 933 
71105 3436 
71175 313 
71216 766 
71457 909 
71661 618 
71821 230 
72199 1960 
72309 2610 
72312 411 
72359 674 
72359 726 
72373 416 
72491 1116 
72544 6571 
72569 318 
72596 1303 
72690 407 
72912 449 
73029 284 
73080 986 
73154 132 
73480 122 
73667 2528 
74134 640 
74303 557 
74327 1520 
74449 244 
74476 488 
74585 203 
74931 680 
75088 3181 
75216 267 
75408 1037 
75454 438 
75469 484 
75472 7 
75719 552 
75838 279 
75922 2919 
76172 293 
76186 859 
76272 642 
76326 562 
76575 1028 
76600 3274 
76705 205 
76714 97 
76767 20960 
76777 901 
76829 456 
77152 314 
77159 649 
77826 1383 
77843 226 
77986 552 
78099 832 
78315 71 
78415 55 
78939 1162 
78963 126 
79056 3053 
79094 230 
79252 1122 
79468 2738 
79720 1971 
79737 253 
79744 351 
80051 337 
80293 1560 
80770 2072 
81260 596 
81380 486 
81722 389 
81981 227 
82517 226 
82865 2152 
83025 1904 
83029 2309 
83037 2405 
83197 7198 
83283 9948 
83352 2057 
84473 565 
84720 1437 
84763 1546 
85010 405 
86001 3386 
86460 437 
86674 307 
86809 729 
86840 347 
86908 79 
87004 439 
87087 696 
87342 113 
87629 962 
87672 395 
87826 366 
87982 484 
88012 178 
88337 191 
88418 717 
88517 1386 
88655 325 
88695 660 
88839 707 
88859 1381 
88880 1521 
89252 529 
89711 1292 
89737 268 
89920 712 
90130 408 
90152 305 
90468 85 
90628 1611 
90657 728 
91016 240 
91019 627 
91278 1133 
91495 1868 
91597 340 
91808 173 
91850 38 
91861 213 
91877 235 
91946 236 
92729 102 
93216 619 
93625 601 
93831 3312 
93891 250 
93980 581 
94017 958 
94208 3268 
94230 1031 
94337 132 
95063 1788 
95495 2020 
95503 513 
95537 2542 
95602 1683 
95606 1297 
95648 389 
96309 1382 
96638 678 
96739 57 
96883 573 
97057 1130 
97332 111 
98016 808 
98126 1443 
98130 399 
98241 448 
98365 227 
98913 231 
98932 138 
98951 366 
99086 247 
99178 189 
99942 1070 
100318 58 
100368 655 
100531 121 
100684 539 
101155 869 
101393 765 
102056 3732 
102113 587 
102501 1491 
102812 89 
102984 247 
103382 316 
103663 243 
104811 256 
105141 208 
105183 803 
105361 646 
105852 508 
106725 1695 
107065 1287 
107478 3029 
107663 661 
107694 347 
107841 96 
108781 772 
108916 1050 
109242 80 
109907 1200 
111061 1437 
111886 1613 
114595 553 
115164 290 
116106 126 
116163 1345 
117210 57 
118049 146 
119705 2119 
122834 963 
123097 111 
127048 549 
128747 3174 
128915 108 
131526 856 
131597 658 
131630 326 
135622 114 
137883 1012 
138095 523 
139427 1038 
139482 1520 
139482 1520 
139612 123 
141425 486 
142105 1587 
145053 1206 
147321 1162 
149997 4197 
150021 1405 
150053 441 
150165 152 
150397 650 
151418 4887 
151435 15060 
151445 32 
151448 212 
151458 242 
151463 6278 
151484 3343 
151610 323 
151616 1779 
151769 1969 
151807 2891 
152058 451 
152073 1481 
152132 534 
152355 768 
153174 247 
155050 49 
155476 5 
155631 195 
155738 495 
155769 137 
156052 1039 
156078 606 
157796 10741 
159086 1640 
159725 2571 
159766 12770 
159815 4047 
159848 1098 
159851 748 
159855 362 
159876 932 
159927 87 
160066 457 
160178 2496 
160712 859 
161013 45 
161707 1640 
161727 380 
162449 649 
162528 1080 
162585 222 
165255 233 
168664 98 
169380 3569 
172005 2841 
172040 373 
172154 64 
172640 649 
172873 237 
173281 95 
174375 1971 
175484 1792 
176782 277 
178160 1580 
178173 648 
180304 79 
180625 124 
181395 163 
181403 1086 
182168 2364 
184395 833 
184745 694 
186099 445 
187519 294 
188503 870 
188514 870 
188820 1467 
189479 163 
190578 2675 
198713 92 
201226 219 
202268 489 
202280 122 
204075 49 
206469 209 
207306 391 
209475 371 
211634 330 
217109 147 
223913 3185 
232033 227 
235984 243 
236142 6855 
241123 669 
241158 4826 
242566 1454 
245248 487 
245645 1197 
246341 233 
246557 1202 
253818 803 
258287 2059 
260239 708 
260919 393 
268955 928 
273111 134 
280701 979 
284021 138 
291887 998 
306155 20 
307880 337 
321542 394 
333803 268 
335772 417 
340307 430 
341796 308 
342940 552 
348117 1469 
351165 1218 
351533 823 
352021 1088 
352116 8626 
352135 2842 
352141 2582 
352166 754 
352215 1499 
352378 440 
352490 362 
357357 494 
358755 793 
360021 757 
360622 158 
362366 586 
365199 2290 
369113 989 
372930 893 
385074 482 
385419 803 
387173 3442 
387228 1363 
400692 545 
404221 145 
412759 4687 
421477 1447 
434540 124 
437638 206 
438663 122 
454655 165 
466587 1174 
467866 349 
478115 684 
478217 975 
482747 259 
487913 129 
497054 1326 
506445 831 
511796 3120 
530901 790 
533645 34 
535986 105 
595199 1403 
