2100 14.546724537
0 8705706 
18 178 
18 558 
20 817 
25 1139 
26 316 
32 1716 
33 90 
35 12 
39 60 
39 348 
39 47 
40 46 
42 532 
43 414 
45 0 
45 63 
46 540 
48 255 
49 117 
51 109 
53 503 
53 50 
53 364 
54 370 
55 359 
56 128 
57 98 
63 1048 
65 279 
66 184 
67 244 
70 696 
71 86 
71 868 
74 478 
74 3641 
74 75 
76 16 
76 119 
76 11 
77 379 
78 153 
78 135 
78 82 
78 31 
79 220 
79 1034 
82 1623 
83 369 
85 1398 
85 77 
85 335 
86 27 
86 426 
86 444 
86 54 
86 3929 
87 276 
87 475 
88 26 
88 204 
89 191 
89 77 
90 244 
91 59 
92 103 
93 289 
94 478 
94 305 
94 220 
94 737 
95 231 
95 2 
96 4 
97 283 
97 316 
97 60 
97 658 
97 173 
99 159 
99 360 
100 488 
100 201 
101 479 
102 915 
103 42 
103 568 
103 121 
103 322 
104 166 
104 155 
106 44 
107 26 
107 26 
108 288 
108 392 
108 38 
108 329 
108 729 
109 218 
109 68 
109 1132 
109 3771 
110 214 
111 977 
111 137 
112 105 
112 108 
113 50 
113 274 
113 108 
115 89 
115 245 
116 42 
116 81 
116 10445 
118 93 
118 262 
119 264 
119 624 
120 910 
120 41 
120 337 
122 4045 
123 251 
123 204 
124 725 
124 251 
124 157 
124 191 
124 20 
125 260 
127 152 
128 99 
128 1269 
128 11146 
129 22 
129 688 
130 527 
130 1261 
131 143 
131 397 
132 42 
132 2126 
133 130 
134 1041 
135 205 
135 31 
135 596 
135 647 
136 27 
136 1729 
137 25 
137 262 
137 202 
138 3 
139 51 
139 63 
140 33 
142 31 
142 256 
143 32 
143 100 
145 493 
146 231 
146 24 
146 219 
146 16 
147 10 
147 118 
147 120 
148 72 
148 239 
149 53 
149 85 
149 102 
150 731 
150 405 
151 82 
151 667 
152 38 
152 52 
154 295 
154 20 
155 10 
157 2 
157 72 
157 208 
157 142 
157 348 
159 728 
159 302 
159 508 
160 420 
162 252 
163 601 
163 84 
163 271 
164 252 
164 816 
164 176 
164 44 
164 728 
164 96 
165 784 
165 220 
166 588 
167 5 
168 46 
169 252 
170 1222 
171 82 
171 2 
171 45 
171 81 
172 133 
172 15 
172 5278 
172 412 
172 197 
172 30 
174 6 
174 274 
175 269 
175 117 
176 425 
176 1286 
177 142 
177 103 
178 57 
179 114 
180 81 
180 1058 
181 270 
184 174 
184 29 
184 335 
184 131 
185 24 
187 255 
187 193 
187 126 
187 495 
187 41 
188 13 
190 90 
190 219 
191 218 
191 6 
192 55 
192 47 
192 241 
192 1033 
193 158 
194 9 
195 10 
196 73 
196 8 
197 293 
197 77 
197 92 
199 230 
200 127 
200 806 
200 29 
201 0 
202 113 
203 413 
204 0 
204 626 
204 22 
205 149 
205 107 
205 2092 
205 353 
206 83 
206 647 
206 188 
206 160 
208 153 
208 300 
208 27 
209 182 
210 485 
211 1007 
212 246 
214 35 
214 279 
214 631 
215 313 
216 242 
216 269 
216 1169 
216 1 
219 164 
220 365 
220 789 
221 114 
221 70 
222 333 
222 1168 
222 70 
222 41 
226 98 
226 278 
226 20 
226 8 
226 273 
226 8 
227 84 
227 125 
227 84 
228 1287 
228 13 
228 218 
229 133 
229 52 
231 152 
233 1824 
234 136 
235 152 
235 146 
235 609 
235 198 
235 99 
236 33 
236 1163 
236 12 
238 535 
238 105 
238 264 
240 320 
241 209 
242 235 
243 922 
246 201 
246 165 
249 715 
250 77 
250 269 
251 2200 
251 8 
252 375 
253 235 
254 284 
254 18 
254 541 
255 21 
255 1135 
257 3416 
257 3822 
258 20 
258 228 
258 47 
258 89 
259 111 
260 17 
260 1089 
261 222 
261 449 
262 287 
263 36 
264 123 
264 200 
265 115 
266 202 
269 405 
269 248 
269 56 
270 547 
270 480 
270 85 
270 23 
270 3 
271 565 
271 662 
272 150 
273 15 
273 164 
274 446 
275 142 
276 154 
277 529 
277 150 
278 7 
280 14 
281 47 
281 77 
282 592 
283 1005 
285 180 
285 970 
286 173 
286 544 
286 19 
286 82 
286 206 
287 201 
288 0 
289 427 
290 54 
291 45 
291 54 
292 53 
294 140 
294 503 
295 1280 
295 25 
296 234 
296 123 
297 1 
299 74 
300 29 
300 168 
302 21 
303 15 
303 26 
305 10 
306 27 
307 16 
308 107 
309 507 
309 53 
311 181 
312 1294 
313 400 
314 2441 
314 85 
314 311 
314 173 
314 140 
315 52 
316 51 
316 2109 
316 52 
317 34 
321 411 
321 593 
325 24 
326 13 
327 306 
328 490 
328 81 
328 27 
329 105 
329 79 
331 2253 
331 70 
334 280 
336 124 
337 205 
339 45 
339 216 
340 148 
340 310 
341 191 
341 54 
342 11 
342 8 
342 173 
343 3072 
345 235 
345 192 
345 1791 
346 106 
347 18 
348 36 
348 40 
349 187 
349 14 
350 60 
350 1348 
352 72 
352 290 
354 896 
355 465 
356 598 
361 43 
361 519 
362 977 
363 938 
364 30 
365 592 
367 302 
367 2500 
371 399 
373 127 
373 146 
375 95 
377 141 
377 106 
378 109 
379 179 
379 1388 
379 35 
380 417 
381 70 
382 9 
382 259 
383 44 
384 341 
384 582 
385 643 
385 26 
385 251 
387 70 
389 1829 
390 500 
390 148 
391 48 
393 96 
395 20 
395 131 
396 672 
398 81 
398 154 
401 259 
405 22 
405 540 
406 409 
407 139 
408 412 
408 41 
409 374 
409 211 
410 549 
410 102 
412 120 
413 179 
414 85 
416 91 
417 13 
417 197 
419 148 
419 264 
420 52 
421 74 
425 302 
425 638 
426 52 
432 4 
433 13 
436 758 
437 563 
439 19 
441 43 
442 683 
442 34 
443 60 
444 285 
444 33 
445 14 
445 256 
447 165 
448 341 
449 37 
449 467 
449 478 
449 34 
450 150 
452 247 
453 34 
458 816 
460 145 
460 31 
461 248 
463 52 
463 95 
468 175 
468 89 
468 177 
468 59 
469 672 
471 101 
472 367 
474 53 
474 448 
476 350 
478 257 
478 58 
479 627 
482 882 
483 519 
483 88 
483 139 
483 284 
485 36 
486 81 
488 25 
489 32 
489 157 
491 125 
491 10234 
494 90 
499 7 
500 44 
502 151 
508 87 
509 381 
510 37 
515 200 
516 219 
519 217 
520 176 
520 620 
521 23 
521 37 
522 95 
522 4948 
523 255 
524 60 
524 51 
526 116 
528 80 
528 49 
529 33 
529 98 
530 132 
531 93 
533 328 
536 6 
539 287 
540 1098 
541 158 
542 59 
542 10 
546 31 
546 31 
547 140 
552 88 
557 188 
557 300 
559 1445 
564 38 
565 307 
566 246 
567 631 
568 849 
571 191 
572 8 
572 40 
573 128 
577 535 
579 52 
581 154 
582 152 
585 137 
585 23 
585 27 
586 111 
587 75 
588 146 
589 480 
589 116 
594 3785 
596 1119 
596 641 
597 248 
598 925 
600 719 
601 75 
602 111 
602 83 
602 208 
603 74 
606 149 
611 477 
613 10 
614 90 
617 79 
621 89 
626 1199 
627 82 
629 541 
630 12 
632 10 
633 141 
638 357 
639 78 
640 103 
645 222 
646 97 
649 58 
649 12 
651 14 
652 139 
652 226 
655 429 
656 56 
657 80 
658 220 
659 104 
662 280 
664 163 
665 985 
669 38 
670 42 
672 76 
674 791 
682 157 
683 165 
685 456 
686 1644 
689 143 
689 30 
690 585 
691 16 
697 1499 
701 98 
703 37 
707 54 
707 222 
708 24 
709 11 
713 50 
714 111 
715 222 
715 122 
715 118 
720 336 
722 255 
726 3302 
731 10 
744 60 
745 41 
752 146 
754 261 
759 73 
760 128 
762 2462 
764 63 
764 2240 
770 92 
771 111 
771 43 
772 228 
772 16 
775 149 
777 1095 
778 49 
779 556 
782 129 
783 22 
784 58 
784 1346 
784 234 
790 114 
793 450 
796 4223 
797 237 
800 1 
801 0 
801 248 
802 49 
806 344 
807 1041 
808 12 
809 22 
810 828 
812 985 
813 260 
814 51 
820 368 
820 742 
820 12 
822 70 
823 53 
824 1394 
825 158 
826 83 
827 12 
830 1966 
834 102 
837 25 
837 174 
838 564 
840 616 
840 9 
841 138 
844 39 
846 2 
846 98 
850 180 
853 195 
854 235 
859 197 
860 151 
861 22 
863 373 
866 104 
871 116 
876 9 
881 36 
881 227 
882 365 
882 29 
886 103 
887 66 
888 58 
888 143 
900 433 
901 864 
906 233 
914 53 
916 33 
921 24 
926 192 
927 126 
927 179 
928 8 
932 77 
936 928 
943 43 
949 308 
964 77 
964 132 
966 596 
977 54 
980 9 
985 1538 
988 1429 
989 22 
993 180 
995 36 
998 93 
1001 228 
1002 186 
1002 33 
1003 283 
1003 258 
1004 83 
1006 17 
1011 2055 
1015 503 
1016 9 
1018 115 
1019 433 
1020 104 
1024 1491 
1024 20 
1026 218 
1026 122 
1032 183 
1033 37 
1036 159 
1036 268 
1037 207 
1040 20 
1040 57 
1041 349 
1045 111 
1053 158 
1055 20 
1062 82 
1064 53 
1064 114 
1066 104 
1066 121 
1069 18 
1075 417 
1088 10 
1098 177 
1101 310 
1102 112 
1103 353 
1109 383 
1115 43 
1120 204 
1122 8 
1124 101 
1125 1826 
1138 157 
1138 104 
1139 105 
1139 0 
1144 1 
1148 77 
1151 239 
1154 110 
1159 17 
1160 1046 
1171 83 
1172 2157 
1178 31 
1184 138 
1192 194 
1199 306 
1205 157 
1213 219 
1220 63 
1227 91 
1233 126 
1244 54 
1251 7 
1251 98 
1252 482 
1256 239 
1256 43 
1259 30 
1270 17 
1270 366 
1273 168 
1278 202 
1280 327 
1288 62 
1308 434 
1308 1742 
1312 111 
1318 143 
1320 786 
1326 125 
1328 286 
1335 17 
1339 179 
1352 342 
1358 129 
1358 19 
1366 82 
1371 63 
1372 126 
1374 58 
1375 9 
1378 145 
1379 102 
1379 32 
1380 123 
1381 159 
1385 542 
1396 1325 
1400 52 
1401 90 
1406 294 
1411 67 
1415 165 
1417 29 
1421 512 
1423 434 
1423 84 
1427 21 
1427 539 
1432 3477 
1438 345 
1439 183 
1440 244 
1443 694 
1447 61 
1449 234 
1454 69 
1459 83 
1463 349 
1476 140 
1477 21 
1484 46 
1487 294 
1487 180 
1489 77 
1490 63 
1494 112 
1499 150 
1505 236 
1508 73 
1509 21 
1525 248 
1528 5684 
1531 110 
1531 64 
1553 169 
1556 113 
1566 1272 
1580 220 
1580 91 
1586 16 
1587 7 
1588 1144 
1589 134 
1594 412 
1596 23 
1601 605 
1602 25 
1615 154 
1624 243 
1633 27 
1640 238 
1640 24 
1644 4 
1645 103 
1648 257 
1656 47 
1660 105 
1665 1228 
1668 1229 
1675 51 
1679 70 
1683 57 
1687 346 
1690 75 
1699 286 
1701 460 
1703 494 
1703 135 
1706 2122 
1706 3 
1708 164 
1709 242 
1717 51 
1717 151 
1718 3 
1745 43 
1746 122 
1777 388 
1782 279 
1793 223 
1802 967 
1803 25 
1817 18 
1819 56 
1819 175 
1820 261 
1822 510 
1835 136 
1839 357 
1842 56 
1854 12 
1859 32 
1870 326 
1875 223 
1878 3 
1886 221 
1905 218 
1906 27 
1908 266 
1908 33 
1913 30 
1913 34 
1921 171 
1922 197 
1923 88 
1926 450 
1934 82 
1941 214 
1941 254 
1950 188 
1966 84 
1974 240 
1974 175 
1977 125 
1977 115 
1978 51 
1982 144 
1983 91 
1995 103 
2005 133 
2015 121 
2026 955 
2050 587 
2052 55 
2062 1107 
2065 99 
2069 16 
2076 275 
2078 332 
2086 20 
2087 497 
2088 6 
2091 44 
2091 131 
2093 43 
2093 56 
2096 42 
2116 49 
2119 126 
2132 23 
2137 23 
2140 59 
2153 212 
2165 218 
2169 90 
2170 53 
2175 366 
2177 188 
2180 102 
2188 37 
2198 108 
2198 48 
2209 1252 
2223 64 
2257 47 
2259 240 
2268 23 
2279 25 
2280 45 
2297 371 
2300 2575 
2303 212 
2304 1 
2304 93 
2315 38 
2325 30 
2327 340 
2360 550 
2367 350 
2368 403 
2374 19 
2381 19 
2381 0 
2395 70 
2404 105 
2405 93 
2434 99 
2436 16 
2437 3838 
2442 1442 
2455 203 
2460 11 
2468 110 
2468 11 
2471 205 
2475 119 
2499 393 
2513 537 
2524 150 
2524 96 
2524 133 
2547 150 
2562 104 
2572 57 
2574 190 
2582 101 
2583 144 
2585 344 
2591 39 
2593 224 
2638 284 
2650 70 
2672 94 
2681 176 
2698 16 
2705 40 
2709 63 
2713 42 
2722 70 
2734 1092 
2737 273 
2739 334 
2739 148 
2741 149 
2743 718 
2757 292 
2763 26 
2766 486 
2779 131 
2785 154 
2790 57 
2791 39 
2796 201 
2797 293 
2797 179 
2800 5 
2801 586 
2804 18 
2820 117 
2820 250 
2822 603 
2827 58 
2849 139 
2852 12 
2852 90 
2854 173 
2870 535 
2876 768 
2877 82 
2880 10 
2881 346 
2883 44 
2895 161 
2902 583 
2908 445 
2908 24 
2914 17 
2934 24299 
2942 321 
2943 211 
2953 3 
2956 14 
2958 16 
2976 693 
2979 12 
2986 388 
2990 182 
2995 623 
3006 194 
3007 230 
3015 88 
3017 52 
3033 28 
3037 472 
3044 66 
3048 158 
3055 266 
3065 219 
3071 25 
3072 1271 
3080 164 
3089 178 
3093 148 
3095 122 
3100 24 
3111 39 
3121 80 
3129 63 
3132 24 
3137 75 
3148 78 
3162 10 
3181 45 
3196 265 
3206 114 
3227 147 
3239 39 
3243 342 
3248 304 
3249 163 
3249 8 
3252 26 
3253 99 
3259 118 
3262 821 
3273 25 
3303 19 
3311 73 
3321 424 
3324 197 
3330 32 
3330 0 
3332 82 
3370 82 
3378 560 
3382 27 
3418 50 
3420 40 
3420 167 
3432 177 
3440 140 
3472 221 
3476 28 
3495 24 
3500 255 
3514 31 
3515 801 
3533 141 
3535 357 
3550 19788 
3556 2546 
3591 928 
3591 118 
3594 291 
3599 168 
3615 50 
3624 3074 
3629 79 
3633 416899 
3708 30 
3719 1 
3722 133 
3733 73 
3775 152 
3785 176 
3792 200 
3799 117 
3800 18 
3822 15 
3849 136 
3870 231 
3877 72 
3895 209 
3898 6 
3901 590 
3912 77 
3913 52 
3949 516 
3963 7 
3969 156 
3970 276 
3970 51 
3972 134 
3991 169 
4002 47 
4003 83 
4006 337 
4040 60 
4042 198 
4069 37 
4230 335 
4243 15 
4262 64 
4262 39 
4265 473 
4273 116 
4278 56 
4346 36 
4381 527 
4400 498 
4400 28 
4430 1146 
4449 20 
4478 4 
4486 384 
4513 20 
4514 31 
4526 46 
4529 34 
4535 733 
4548 56 
4549 318 
4584 161 
4585 1183 
4607 43 
4609 96 
4613 184 
4667 1 
4667 118 
4673 194 
4692 337 
4702 93 
4705 39 
4708 167 
4747 683 
4754 200 
4840 544 
4861 476 
4866 185 
4951 154 
4993 159 
5006 1654 
5047 93 
5067 41 
5075 427 
5079 44 
5081 33 
5090 367 
5175 1289 
5210 99 
5216 88 
5241 37 
5276 77 
5294 14 
5368 2 
5382 34 
5386 23 
5398 56 
5401 31 
5436 73 
5470 23 
5472 500 
5504 34 
5522 62 
5539 32 
5557 1340 
5572 284 
5592 159 
5678 29 
5691 161 
5699 37 
5708 62 
5801 12 
5802 1487 
5808 115 
5808 510 
5839 262 
5849 108 
5880 53 
5891 338 
5911 113 
5922 7 
5946 222 
5965 729 
5996 213 
6044 7 
6061 52 
6063 220 
6069 89 
6070 520 
6071 11 
6079 30 
6129 296 
6130 177 
6132 127 
6140 218 
6142 84 
6152 241 
6153 646 
6158 102 
6162 722 
6175 126 
6229 94 
6259 219 
6280 6 
6288 83 
6292 44 
6293 0 
6316 260 
6318 182 
6334 25 
6353 142 
6380 158 
6396 295 
6401 42 
6407 423 
6429 109 
6429 109 
6439 266 
6451 157 
6457 24 
6472 208 
6499 349 
6518 11 
6523 187 
6527 1138 
6538 77 
6552 109 
6559 495 
6559 323 
6579 4310 
6579 555 
6608 1 
6661 114 
6691 823 
6700 765 
6727 836 
6740 121 
6747 25 
6767 97 
6778 50 
6779 988 
6781 88 
6783 54 
6788 11 
6816 31 
6824 87 
6929 184 
6939 720 
6943 1 
6944 257 
7003 177 
7044 600 
7104 29 
7117 595 
7128 819 
7133 2743 
7134 49 
7164 99 
7172 9 
7177 24 
7239 58 
7276 148 
7300 886 
7375 55 
7393 138 
7420 556 
7444 119 
7447 54 
7449 1160 
7454 386 
7458 20 
7561 122 
7567 1006 
7624 921 
7669 363 
7679 21 
7707 26 
7726 495 
7759 1388 
7787 90 
7789 30 
7791 642 
7845 47 
7850 93 
7890 8 
7943 21 
7953 219 
8005 22 
8013 34 
8034 36 
8042 19 
8046 249 
8191 46 
8191 144 
8198 322 
8243 781 
8253 814 
8274 81 
8306 219 
8341 295 
8345 205 
8347 56 
8348 138 
8358 436 
8379 132 
8391 40 
8457 8 
8464 968 
8467 61 
8578 79 
8588 236 
8626 158 
8636 176 
8695 40 
8709 828 
8715 9388 
8758 6477 
8874 133 
8891 304 
8913 277 
8934 652 
8943 14 
8944 39 
8955 306 
8967 246 
9017 144 
9109 684 
9125 1120 
9128 5 
9199 5 
9205 35 
9228 754 
9239 367 
9245 178 
9246 72 
9246 165 
9319 79 
9442 5903 
9443 65 
9469 143 
9551 68 
9587 76 
9591 925 
9597 7 
9636 45 
9664 201 
9672 669 
9677 15 
9694 130 
9698 706 
9753 233 
9772 33 
9794 106 
9826 2 
9834 172 
9850 3 
9876 733 
9947 131 
10051 61 
10148 44 
10169 56 
10184 26 
10202 45 
10253 67 
10265 5 
10292 613 
10344 221 
10362 70 
10421 2165 
10474 203 
10484 7 
10507 56 
10510 145 
10514 29 
10561 58 
10610 74 
10617 77 
10640 112 
10824 3054 
10911 848 
10952 279 
10991 0 
11066 60 
11088 156 
11144 1532 
11219 705 
11235 624 
11241 381 
11267 215 
11363 26 
11373 228 
11398 36 
11406 2316 
11432 24 
11476 7 
11605 1459 
11606 2565 
11676 287 
11685 391 
11686 272 
11779 172 
11788 72 
11899 725 
11963 57 
11989 391 
12010 394 
12011 962 
12018 33 
12046 65 
12178 154 
12276 24 
12297 624 
12318 4279 
12321 115 
12353 39 
12359 79 
12438 116 
12446 151 
12512 1806 
12535 30 
12651 48 
12734 442 
12809 527 
12832 832 
12847 3 
12904 140 
12966 453 
13001 220 
13014 32 
13022 13 
13034 752 
13054 453 
13099 581 
13099 633 
13101 440 
13118 1763 
13162 14 
13190 10 
13196 1018 
13216 11 
13275 308 
13275 308 
13280 267 
13282 605 
13313 11496 
13317 67 
13328 10 
13342 681 
13425 3390 
13460 51 
13468 47 
13585 319 
13595 229 
13656 10 
13682 17 
13784 18 
13785 7 
13840 480 
13847 433 
13888 136 
13907 519 
13946 452 
14006 905 
14010 42 
14034 208 
14045 2679 
14057 117 
14073 8823 
14096 543 
14231 1567 
14280 527 
14311 41 
14364 94 
14438 13 
14514 452 
14570 1819 
14595 39 
14599 879 
14670 216 
14750 300 
14885 102 
14926 5 
14936 258 
14951 251 
14964 139 
15009 1737 
15037 4 
15086 357 
15114 27 
15128 401 
15255 249 
15299 4812 
15318 27 
15371 1010 
15378 1599 
15407 372 
15570 453 
15623 359 
15734 229 
15789 62 
15904 25 
15955 1175 
15958 26 
15964 178 
16192 449 
16288 81 
16463 118 
16494 140 
16525 1130 
16541 1220 
16548 38 
16585 102 
16757 42 
16775 237 
16825 7447 
16864 477 
16868 76 
16884 58 
16978 1018 
16979 253 
17050 841 
17077 144 
17159 3724 
17335 22 
17372 38 
17424 240 
17590 50 
17702 2 
17965 11089 
17987 1144 
17996 355 
18046 761 
18066 256 
18103 28 
18149 266 
18161 118 
18193 230 
18369 258 
18423 165 
18511 2001 
18662 38 
18676 20 
18855 446 
19055 1656 
19073 39 
19130 148 
19200 455 
19237 202 
19257 18 
19345 139 
19358 796 
19402 166 
19461 56 
19581 653 
19633 92 
19633 92 
19758 61 
19767 1 
19807 465 
19841 110 
20038 465 
20054 1637 
20064 27 
20088 166 
20402 7 
20406 75 
20552 1273 
20585 726 
20616 9 
20774 849 
20795 326 
20938 325 
20968 1205 
21084 520 
21157 424 
21287 229 
21402 267 
21444 278 
21570 284 
21780 705 
21829 1549 
22058 17 
22155 1572 
22167 1772 
22357 295 
22405 481 
22858 3642 
22932 12 
23185 257 
23204 753 
23214 846 
23337 4 
23421 52 
23485 1974 
23777 252 
23827 223 
23936 75 
24071 44 
24088 385 
24324 216 
25075 1344 
25306 338 
25411 463 
25588 205 
25746 72 
25857 1865 
26050 150 
26081 64 
26122 270 
26211 91 
26504 507 
26604 514 
26670 233 
26761 23 
26827 503 
26881 435 
26974 1290 
27000 10098 
27035 6 
27285 643 
27320 54 
27424 381 
27456 1070 
27459 260 
27482 42 
27710 410 
27739 226 
27779 931 
27784 15 
27896 40 
28030 81 
28218 7 
28225 102 
28478 62 
28573 56 
29181 351 
29534 290 
29698 1295 
30069 296 
30162 1586 
30313 18 
30345 1791 
30348 28 
30387 45 
30413 1 
30421 787 
30555 37 
30603 86 
30834 363 
30844 139 
30869 403 
30992 1139 
31028 548 
31048 0 
31222 5 
31288 109 
31513 353 
31575 738 
31689 33 
31777 174 
31797 28 
31907 426 
31938 813 
32187 88 
32539 433 
32591 203 
32652 28 
32704 26 
32891 387 
33035 167 
33039 14 
33092 1452 
33313 33 
33655 321 
33798 12 
33823 187 
33931 917 
34139 324 
34777 503 
34807 48 
35043 680 
35583 270 
35713 109 
35783 126 
36259 49 
36265 389 
36438 24 
37081 766 
37157 1609 
37457 722 
37518 2222 
37896 524 
38512 249 
38567 8 
38876 83 
39246 85 
39311 71 
39823 80 
40355 159 
41109 2245 
41161 398 
41342 956 
41452 248 
41802 81 
41877 27 
42981 6 
43618 145 
44068 82 
44691 325 
44940 78 
45596 227 
45636 5131 
45726 166 
45794 22 
45895 327 
46018 62 
46559 35 
46593 638 
46962 755 
47440 763 
48646 180 
48846 49 
48904 2 
48958 1147 
49080 125 
49739 944 
50313 220 
50338 479 
50382 1024 
50503 749 
50540 128 
50671 1672 
51138 205 
51574 690 
51945 370 
53203 116 
53320 2817 
53341 2875 
53817 93 
54920 2 
55463 151 
56336 121 
56417 331 
56682 157 
57521 4 
58217 105 
58744 48 
60662 35 
61222 1325 
61330 726 
61615 315 
62335 139 
62762 511 
62864 453 
63885 865 
64634 1463 
64709 23 
64909 59 
65052 423 
65052 423 
66307 271 
67508 116 
67747 3 
68375 827 
68696 69 
68697 1264 
68702 175 
69797 1153 
70020 59 
70834 350 
71075 2591 
71633 30 
71791 21 
72097 8 
72368 391 
73358 65 
74664 1009 
76771 150 
77197 978 
79279 334 
79852 41 
79935 88 
80846 168 
81126 65 
81731 574 
82067 293 
84166 108 
85185 593 
85408 132 
86389 45 
87012 67 
89013 3 
89080 555 
89719 57 
89837 1811 
89939 1060 
90199 349 
90576 1006 
92834 1844 
92933 65 
93323 740 
93445 278 
93704 233 
94788 222 
95304 26 
95452 98 
96687 412 
97486 67 
98712 564 
98732 703 
99673 77 
100103 756 
101551 199 
101901 18 
102879 561 
103162 232 
103987 294 
104010 274 
105628 77 
105924 234 
106601 194 
106635 1787 
107867 215 
110274 545 
111319 37 
111616 453 
112402 167 
113372 169 
113765 1647 
113814 191 
113892 312 
114091 1141 
115201 151 
115345 5140 
115426 92 
121548 47 
122305 111 
126746 1136 
133017 72 
135148 202 
138423 229 
139074 756 
140495 198 
141785 198 
143342 45 
144291 379 
158616 659 
159642 34 
160667 46 
160980 164 
161151 1221 
161230 242 
164299 122 
166945 23 
167780 147 
169180 211 
171763 37 
172926 1540 
175411 154 
175468 461 
181472 1259 
183212 72 
188046 211 
188495 2180 
188902 9 
190000 1148 
190480 376 
194507 49 
195720 389 
197423 412 
197609 283 
199676 335 
202232 166 
203378 324 
205638 70 
207277 1107 
209265 314 
211330 110 
213451 383 
214620 455 
229052 20 
230140 24 
232378 10 
266372 1716 
271271 2678 
291140 18 
292548 144 
296816 367 
296867 72 
299693 93 
351542 106 
355637 4 
359925 2 
368802 876 
377098 65 
381714 19587 
382544 48 
385240 14 
391448 7 
435035 1076 
463744 4 
468840 116 
526764 96 
542507 256 
544775 954 
573511 237 
574425 378 
