2110 13.7710185185
0 189096 
16 48 
17 146 
18 1690 
20 132 
22 120 
22 44 
26 90 
26 151 
27 40 
27 13 
28 76 
30 118 
30 106 
32 152 
32 91 
34 38 
34 65 
35 237 
36 78 
38 35 
39 150 
39 184 
39 133 
39 186 
40 190 
41 130 
41 83 
42 34 
44 64 
46 161 
48 76 
48 62 
50 122 
51 60 
51 62 
52 667 
52 179 
53 116 
55 34 
57 70 
58 488 
58 197 
59 380 
62 41 
62 35 
63 49 
64 38 
65 167 
68 76 
70 62 
70 72 
70 188 
70 285 
70 244 
72 438 
73 210 
74 78 
75 267 
75 56 
75 157 
76 28 
76 249 
78 68 
80 130 
80 96 
81 40 
81 113 
81 60 
81 14 
83 178 
84 71 
85 176 
87 1041 
89 23 
90 122 
90 127 
90 76 
90 101 
92 78 
93 10 
94 73 
97 83 
98 80 
99 134 
100 122 
101 94 
102 150 
103 1399 
106 32 
108 147 
110 22 
110 63 
113 126 
114 200 
115 75 
115 61 
117 681 
117 119 
118 54 
121 37 
121 464 
121 150 
122 38 
122 262 
126 211 
126 47 
127 7 
130 128 
131 62 
131 122 
132 54 
133 34 
133 69 
134 136 
135 271 
138 62 
138 66 
141 176 
141 104 
143 67 
144 112 
144 120 
145 281 
146 64 
146 518 
148 121 
148 17 
148 186 
150 68 
151 170 
151 103 
153 23 
153 99 
155 62 
156 210 
158 15 
161 314 
162 73 
162 105 
166 24 
166 82 
166 190 
168 203 
169 43 
171 558 
172 88 
173 155 
175 281 
176 94 
178 178 
179 98 
180 107 
182 93 
184 49 
187 135 
189 56 
189 110 
189 78 
191 188 
192 183 
194 178 
195 45 
195 153 
195 187 
198 98 
199 170 
199 42 
199 84 
206 236 
206 51 
206 55 
207 8 
209 191 
209 94 
211 96 
212 308 
214 7 
214 253 
216 122 
218 172 
219 22 
220 127 
220 149 
221 120 
226 57 
229 197 
230 108 
232 143 
232 158 
233 179 
235 178 
236 137 
236 218 
236 83 
237 134 
239 166 
239 97 
240 69 
240 60 
240 199 
241 351 
242 60 
242 138 
244 199 
245 171 
246 138 
246 235 
248 2 
250 166 
254 219 
254 26 
257 60 
259 61 
259 178 
260 10 
260 87 
263 65 
266 48 
267 96 
268 24 
270 20 
271 250 
274 141 
274 70 
274 55 
274 66 
274 124 
275 109 
276 47 
278 24 
278 57 
278 99 
279 15 
279 16 
280 70 
281 160 
282 75 
285 68 
294 171 
295 114 
298 206 
300 101 
301 93 
304 49 
306 236 
309 153 
311 74 
312 240 
312 75 
312 32 
312 348 
313 109 
318 310 
319 59 
320 258 
322 49 
324 138 
324 82 
324 16 
326 94 
330 66 
331 34 
331 73 
335 23 
335 232 
338 99 
339 33 
340 131 
342 148 
345 40 
351 119 
352 8 
352 298 
353 142 
354 81 
355 57 
355 86 
356 138 
357 102 
362 143 
365 117 
367 156 
370 31 
370 118 
377 58 
377 33 
380 19 
382 49 
382 37 
383 109 
384 47 
384 12 
385 330 
389 159 
390 45 
390 19 
391 217 
395 70 
396 65 
396 161 
397 54 
398 197 
401 14 
402 44 
404 274 
409 80 
409 206 
410 7 
415 61 
421 90 
421 58 
422 120 
422 173 
423 155 
424 62 
426 108 
426 191 
426 60 
427 92 
428 30 
431 11 
438 33 
439 61 
442 7 
445 7 
445 72 
447 47 
448 70 
451 34 
453 90 
457 67 
458 170 
460 90 
462 46 
473 244 
477 115 
478 123 
481 27 
481 297 
485 16 
485 31 
486 157 
492 47 
493 312 
495 34 
499 57 
500 25 
500 39 
501 127 
504 72 
506 70 
508 37 
509 123 
510 138 
510 88 
511 122 
514 45 
523 82 
532 27 
533 41 
535 176 
540 44 
542 79 
542 42 
545 98 
546 61 
549 83 
550 61 
553 108 
554 13 
554 62 
554 34 
554 57 
556 115 
565 70 
566 144 
567 120 
573 36 
576 190 
577 61 
579 154 
580 37 
581 61 
583 115 
588 92 
591 194 
591 125 
592 68 
598 57 
600 96 
601 68 
608 140 
614 73 
615 60 
616 49 
618 226 
618 38 
618 75 
620 113 
621 143 
621 74 
622 77 
624 53 
625 94 
625 22 
631 56 
631 86 
633 46 
634 771 
639 396 
645 56 
647 52 
654 80 
655 102 
657 109 
660 78 
663 179 
665 110 
665 11 
667 52 
667 161 
668 128 
679 99 
684 42 
688 40 
688 222 
700 11 
706 43 
708 78 
709 154 
711 92 
713 35 
715 61 
716 127 
717 136 
718 74 
720 79 
722 195 
728 189 
729 118 
738 47 
739 48 
740 215 
750 44 
751 50 
753 69 
761 79 
761 195 
762 26 
768 35 
773 106 
775 7 
775 59 
777 82 
780 141 
783 179 
784 250 
785 2 
786 167 
793 474 
802 78 
803 158 
808 312 
808 35 
809 30 
815 287 
817 73 
819 146 
822 35 
829 220 
831 37 
834 48 
837 86 
838 70 
839 30 
839 85 
840 192 
847 195 
847 85 
850 17 
853 92 
859 57 
860 370 
866 27 
873 114 
873 156 
873 99 
874 104 
874 52 
876 61 
878 135 
878 535 
878 30 
881 46 
883 33 
885 33 
888 124 
888 12 
891 14 
893 240 
894 198 
894 167 
899 71 
900 150 
905 55 
906 39 
907 116 
913 165 
916 211 
917 10 
917 81 
924 122 
925 25 
927 64 
927 291 
935 61 
936 266 
941 97 
943 220 
949 166 
955 48 
958 61 
965 73 
966 69 
967 36 
969 147 
973 72 
976 101 
977 561 
980 61 
981 65 
981 12 
981 86 
987 63 
991 138 
991 181 
991 107 
993 90 
995 32 
997 255 
999 105 
999 56 
1000 45 
1000 81 
1008 209 
1008 20 
1018 99 
1019 609 
1020 17 
1021 208 
1024 167 
1026 225 
1031 162 
1031 66 
1036 49 
1041 32 
1042 79 
1047 64 
1047 139 
1054 136 
1056 13 
1057 57 
1060 66 
1060 63 
1071 125 
1072 87 
1074 20 
1076 51 
1078 170 
1080 2 
1082 72 
1082 100 
1082 183 
1083 185 
1085 89 
1095 103 
1095 63 
1096 11 
1103 155 
1105 67 
1111 92 
1114 23 
1114 9 
1120 187 
1124 243 
1129 104 
1130 46 
1132 134 
1134 81 
1139 59 
1148 471 
1149 79 
1152 58 
1156 6 
1156 16 
1160 87 
1161 116 
1162 145 
1165 121 
1166 38 
1169 94 
1172 16 
1179 100 
1179 83 
1180 191 
1187 50 
1189 72 
1191 136 
1191 10 
1193 15 
1195 143 
1199 90 
1206 90 
1206 85 
1212 51 
1215 46 
1218 48 
1221 49 
1223 88 
1227 91 
1228 56 
1228 24 
1239 67 
1243 210 
1249 64 
1256 85 
1264 64 
1268 130 
1272 230 
1280 169 
1284 19 
1284 62 
1288 56 
1290 131 
1303 39 
1308 86 
1314 19 
1319 225 
1320 136 
1325 14 
1325 10 
1332 66 
1335 90 
1348 241 
1351 111 
1352 46 
1353 97 
1355 106 
1356 34 
1359 248 
1361 10 
1364 14 
1369 66 
1378 31 
1382 111 
1389 244 
1390 36 
1392 28 
1399 47 
1409 118 
1415 74 
1419 41 
1428 88 
1433 103 
1433 61 
1435 24 
1435 49 
1437 48 
1437 46 
1443 203 
1443 57 
1449 139 
1452 38 
1456 59 
1457 24 
1465 170 
1471 46 
1473 115 
1479 192 
1483 50 
1484 48 
1497 43 
1498 41 
1504 58 
1510 90 
1510 36 
1520 16 
1521 139 
1522 310 
1522 135 
1522 152 
1531 42 
1533 81 
1534 92 
1535 70 
1540 189 
1541 58 
1543 154 
1543 61 
1546 57 
1548 33 
1549 5 
1568 84 
1572 153 
1578 114 
1586 54 
1601 64 
1602 128 
1612 11 
1623 108 
1624 30 
1630 117 
1632 45 
1633 12 
1636 54 
1636 63 
1639 67 
1642 14 
1653 23 
1657 56 
1667 51 
1667 27 
1669 44 
1674 46 
1674 192 
1675 61 
1678 89 
1681 124 
1690 83 
1696 147 
1703 69 
1703 147 
1704 33 
1704 93 
1716 22 
1720 21 
1731 149 
1734 65 
1734 49 
1738 92 
1739 85 
1740 198 
1741 96 
1742 21 
1745 35 
1749 80 
1751 376 
1754 40 
1754 172 
1756 109 
1757 10 
1769 60 
1780 236 
1780 80 
1781 44 
1788 86 
1788 75 
1798 280 
1807 40 
1810 36 
1811 75 
1815 176 
1816 68 
1817 71 
1826 35 
1826 129 
1829 47 
1836 304 
1838 112 
1843 169 
1844 122 
1844 21 
1854 122 
1857 4 
1859 130 
1864 184 
1871 194 
1877 48 
1879 70 
1897 134 
1897 88 
1900 77 
1915 23 
1920 32 
1926 1513 
1933 221 
1945 58 
1946 141 
1947 102 
1947 43 
1949 88 
1952 40 
1955 189 
1961 8 
1981 25 
1983 417 
1990 21 
1991 86 
2015 22 
2018 16 
2024 186 
2026 67 
2032 267 
2034 64 
2036 50 
2055 68 
2059 55 
2059 106 
2065 197 
2071 14 
2072 95 
2077 51 
2080 156 
2082 212 
2088 37 
2091 115 
2092 416 
2092 117 
2093 51 
2094 163 
2100 118 
2105 6 
2109 43 
2111 55 
2111 62 
2117 24 
2119 93 
2133 119 
2134 17 
2139 154 
2139 37 
2148 159 
2148 50 
2155 49 
2161 491 
2179 69 
2182 84 
2186 112 
2186 142 
2194 20 
2195 83 
2196 41 
2211 30 
2214 55 
2215 52 
2217 44 
2219 33 
2234 74 
2234 89 
2243 76 
2252 116 
2255 33 
2257 52 
2269 95 
2270 296 
2276 88 
2281 44 
2283 85 
2284 62 
2288 162 
2292 147 
2307 134 
2307 48 
2328 310 
2335 25 
2340 153 
2346 185 
2356 46 
2359 79 
2366 84 
2367 325 
2379 78 
2383 16 
2397 280 
2398 64 
2401 83 
2415 92 
2421 96 
2426 155 
2433 6 
2441 90 
2444 105 
2448 170 
2461 86 
2470 29 
2476 121 
2493 14 
2494 144 
2520 80 
2525 110 
2531 41 
2533 27 
2534 63 
2538 75 
2554 33 
2558 126 
2576 124 
2584 116 
2587 99 
2595 81 
2595 37 
2596 165 
2601 237 
2617 167 
2619 21 
2623 62 
2627 103 
2634 63 
2637 50 
2646 13 
2657 16 
2659 28 
2662 216 
2668 25 
2672 66 
2680 50 
2681 39 
2694 51 
2712 102 
2717 106 
2718 99 
2719 110 
2729 34 
2732 151 
2734 57 
2739 22 
2764 131 
2813 9 
2820 122 
2820 113 
2825 65 
2847 82 
2849 91 
2853 73 
2854 163 
2868 39 
2870 35 
2875 151 
2881 80 
2902 45 
2910 155 
2915 55 
2915 18 
2924 131 
2927 118 
2937 120 
2941 39 
2942 12 
2948 86 
2956 76 
2962 102 
2964 88 
2964 17 
2985 101 
2986 35 
2987 160 
2991 110 
2994 54 
3015 116 
3028 167 
3031 14 
3039 49 
3039 47 
3052 67 
3056 155 
3067 211 
3069 26 
3079 189 
3081 30 
3090 28 
3105 73 
3106 25 
3112 29 
3113 149 
3117 28 
3125 68 
3153 91 
3185 42 
3233 75 
3238 143 
3246 57 
3248 70 
3257 51 
3257 166 
3269 34 
3281 106 
3285 85 
3290 92 
3292 351 
3307 62 
3312 74 
3316 58 
3335 230 
3354 39 
3389 240 
3411 10 
3416 149 
3418 97 
3432 91 
3433 166 
3441 162 
3443 57 
3450 48 
3456 58 
3462 226 
3469 84 
3479 65 
3481 98 
3485 43 
3492 51 
3492 26 
3501 94 
3514 17 
3519 144 
3525 28 
3537 204 
3541 47 
3546 258 
3575 145 
3579 31 
3579 153 
3583 47 
3586 91 
3587 124 
3592 6 
3597 9 
3605 141 
3606 59 
3623 51 
3643 19 
3645 32 
3648 76 
3659 76 
3672 48 
3675 58 
3679 60 
3691 46 
3702 120 
3706 64 
3726 61 
3727 175 
3732 39 
3738 57 
3746 79 
3764 129 
3777 119 
3798 77 
3800 18 
3804 53 
3827 96 
3838 192 
3846 110 
3875 101 
3876 68 
3880 54 
3880 61 
3882 178 
3885 79 
3890 17 
3909 36 
3916 30 
3938 112 
3938 106 
3945 179 
3949 83 
3958 64 
3985 51 
3991 64 
3993 60 
3999 78 
4003 307 
4023 38 
4037 24 
4038 47 
4044 48 
4069 75 
4084 250 
4104 86 
4133 88 
4136 26 
4136 100 
4137 146 
4156 347 
4157 40 
4163 60 
4177 68 
4177 18 
4205 85 
4211 30 
4213 56 
4218 231 
4224 51 
4225 27 
4246 64 
4246 62 
4248 96 
4271 29 
4276 71 
4276 117 
4279 64 
4316 70 
4317 48 
4321 80 
4337 93 
4338 122 
4343 297 
4349 79 
4351 88 
4355 83 
4356 21 
4364 95 
4372 84 
4377 20 
4380 115 
4402 164 
4404 50 
4410 41 
4414 96 
4417 56 
4421 106 
4426 98 
4445 60 
4448 97 
4451 60 
4459 127 
4468 460 
4471 110 
4527 32 
4551 224 
4575 34 
4576 137 
4581 47 
4588 67 
4637 49 
4646 69 
4664 63 
4673 36 
4709 72 
4719 148 
4727 32 
4730 52 
4730 67 
4737 49 
4800 104 
4801 156 
4808 86 
4811 54 
4849 99 
4853 364 
4859 35 
4860 104 
4870 57 
4881 28 
4915 118 
4955 58 
4958 77 
4966 37 
4974 18 
4980 78 
4984 116 
5022 51 
5027 66 
5035 66 
5062 87 
5063 103 
5069 65 
5084 45 
5088 61 
5108 126 
5117 70 
5134 30 
5137 110 
5148 94 
5155 26 
5159 30 
5161 6 
5163 18 
5178 70 
5179 51 
5180 57 
5216 122 
5223 87 
5225 50 
5235 104 
5242 54 
5243 26 
5258 166 
5268 54 
5274 34 
5276 118 
5301 78 
5302 119 
5308 12 
5354 50 
5381 64 
5381 42 
5412 33 
5413 77 
5459 84 
5477 80 
5485 63 
5496 171 
5499 216 
5582 76 
5589 994 
5591 167 
5602 171 
5603 50 
5607 19 
5630 221 
5644 26 
5647 149 
5691 64 
5706 91 
5713 75 
5720 86 
5725 49 
5734 29 
5748 84 
5748 124 
5756 51 
5780 94 
5789 47 
5799 118 
5801 53 
5806 254 
5816 21 
5830 34 
5846 126 
5866 83 
5879 38 
5880 188 
5909 15 
5913 18 
5932 137 
5958 16 
5960 6 
5978 185 
5978 72 
5995 72 
6011 48 
6017 15 
6032 66 
6062 68 
6091 28 
6098 51 
6107 6 
6114 7 
6130 94 
6138 88 
6150 22 
6233 48 
6238 44 
6258 19 
6261 16 
6297 51 
6297 84 
6323 9 
6340 20 
6369 41 
6380 37 
6385 28 
6394 313 
6452 5 
6457 80 
6467 94 
6489 109 
6501 61 
6512 9 
6531 59 
6579 119 
6622 158 
6635 69 
6646 23 
6685 106 
6706 50 
6718 181 
6730 66 
6746 15 
6766 152 
6815 38 
6860 57 
6902 65 
6904 339 
6914 60 
6949 16 
6991 333 
7014 411 
7068 79 
7077 79 
7094 161 
7099 33 
7111 57 
7149 147 
7154 72 
7193 77 
7201 92 
7205 45 
7206 106 
7221 106 
7254 196 
7272 37 
7276 31 
7328 51 
7343 65 
7372 56 
7397 64 
7399 68 
7400 40 
7404 94 
7407 76 
7416 79 
7418 28 
7421 358 
7436 96 
7443 15 
7456 144 
7461 5 
7496 45 
7505 453 
7511 53 
7547 87 
7550 119 
7554 509 
7574 28 
7579 143 
7614 130 
7630 206 
7636 78 
7668 57 
7710 116 
7714 13 
7722 40 
7732 285 
7746 27 
7765 41 
7776 18 
7791 45 
7813 43 
7830 51 
7843 100 
7853 19 
7854 35 
7862 63 
7890 117 
7897 105 
7908 67 
7929 26 
8002 7 
8006 52 
8068 128 
8071 47 
8074 155 
8078 45 
8080 58 
8136 43 
8149 88 
8152 189 
8159 57 
8174 128 
8177 72 
8218 182 
8234 22 
8254 89 
8255 83 
8271 45 
8272 41 
8304 65 
8317 134 
8318 93 
8345 15 
8349 155 
8355 277 
8378 13 
8391 323 
8392 67 
8405 36 
8455 56 
8487 181 
8519 29 
8520 47 
8520 30 
8537 225 
8538 111 
8546 26 
8581 44 
8587 14 
8597 100 
8670 478 
8671 42 
8697 259 
8699 156 
8724 74 
8732 74 
8754 84 
8810 89 
8810 89 
8826 55 
8864 99 
8874 145 
8899 31 
8921 64 
8941 182 
8952 43 
8957 42 
8964 72 
8965 104 
8971 31 
8974 115 
8981 105 
8984 49 
8989 44 
8993 18 
9015 64 
9015 16 
9063 47 
9098 74 
9108 34 
9115 128 
9139 57 
9149 107 
9156 136 
9186 44 
9204 30 
9206 98 
9241 190 
9277 19 
9280 377 
9331 22 
9339 51 
9414 168 
9420 51 
9444 128 
9472 151 
9486 81 
9486 158 
9488 121 
9490 44 
9505 42 
9509 111 
9546 125 
9572 111 
9581 81 
9585 22 
9617 69 
9699 77 
9701 18 
9728 91 
9738 132 
9778 66 
9783 108 
9789 20 
9791 79 
9796 21 
9801 5 
9862 191 
9912 79 
9912 79 
9924 48 
9931 122 
9961 175 
9964 26 
10004 50 
10044 14 
10046 52 
10069 35 
10101 88 
10102 72 
10108 15 
10120 45 
10209 37 
10221 64 
10229 71 
10315 59 
10331 86 
10337 158 
10361 28 
10410 233 
10414 86 
10467 60 
10469 134 
10480 132 
10484 14 
10529 18 
10548 127 
10568 84 
10574 98 
10576 33 
10617 33 
10635 64 
10662 80 
10686 61 
10727 56 
10764 47 
10797 104 
10801 13 
10819 122 
10853 19 
10941 87 
11091 50 
11094 160 
11118 32 
11119 98 
11133 43 
11134 45 
11142 40 
11165 150 
11242 93 
11243 20 
11276 43 
11300 91 
11378 47 
11402 68 
11403 72 
11415 94 
11448 45 
11455 111 
11488 31 
11547 1282 
11550 9 
11571 7 
11593 100 
11599 757 
11655 78 
11671 421 
11679 145 
11708 82 
11725 28 
11768 79 
11787 57 
11807 18 
11827 65 
11841 16 
11862 89 
11886 162 
11894 80 
11990 82 
11994 36 
11997 30 
12009 40 
12074 238 
12093 69 
12098 373 
12111 30 
12154 36 
12225 67 
12257 31 
12316 16 
12327 45 
12355 144 
12382 45 
12399 216 
12402 78 
12452 40 
12459 39 
12471 22 
12532 32 
12535 272 
12601 240 
12639 27 
12640 103 
12728 49 
12738 62 
12757 210 
12861 234 
12875 260 
12887 110 
12915 132 
12915 111 
12947 63 
12968 207 
13053 54 
13057 14 
13130 47 
13169 109 
13194 200 
13196 48 
13200 310 
13258 78 
13269 85 
13274 66 
13337 100 
13341 64 
13368 96 
13428 173 
13440 7 
13468 127 
13533 157 
13535 37 
13582 38 
13583 418 
13593 338 
13607 169 
13616 31 
13654 75 
13680 53 
13711 26 
13740 124 
13742 37 
13768 74 
13776 31 
13821 111 
13824 55 
13848 64 
13913 39 
13964 49 
13996 719 
14000 17 
14012 76 
14022 99 
14122 25 
14133 109 
14146 30 
14212 68 
14227 73 
14228 38 
14233 93 
14315 47 
14317 104 
14319 72 
14324 42 
14359 122 
14360 91 
14367 18 
14408 50 
14508 70 
14526 33 
14548 67 
14553 50 
14614 45 
14683 66 
14753 44 
14805 49 
14819 31 
14841 74 
14852 25 
14856 32 
14891 91 
14954 42 
15081 55 
15168 19 
15197 234 
15272 100 
15286 147 
15287 70 
15298 49 
15355 55 
15389 86 
15403 38 
15410 87 
15434 136 
15447 9 
15448 242 
15477 88 
15497 17 
15555 44 
15582 117 
15595 133 
15603 95 
15732 18 
15750 16 
15785 140 
15791 15 
15885 54 
15894 52 
15924 28 
15989 36 
16077 24 
16131 287 
16137 38 
16225 104 
16369 69 
16396 12 
16411 263 
16473 141 
16481 73 
16556 141 
16565 58 
16577 86 
16587 133 
16675 329 
16789 2 
16790 35 
16820 72 
16838 41 
16849 3 
16912 49 
16985 78 
16989 38 
16999 111 
17019 11 
17063 185 
17157 109 
17330 133 
17368 318 
17390 18 
17433 24 
17441 61 
17454 15 
17484 85 
17621 52 
17657 14 
17765 77 
17768 82 
17879 73 
17927 75 
17970 82 
18041 131 
18046 66 
18092 58 
18110 187 
18116 54 
18133 71 
18159 36 
18187 31 
18207 82 
18227 73 
18243 137 
18262 26 
18326 329 
18358 110 
18430 124 
18439 8 
18477 16 
18624 49 
18688 103 
18814 29 
18817 64 
18819 40 
18849 41 
18850 77 
18876 147 
18910 89 
18947 57 
18956 62 
19032 32 
19042 54 
19071 114 
19155 47 
19246 34 
19299 27 
19300 14 
19364 45 
19397 47 
19454 37 
19537 50 
19583 63 
19611 142 
19650 119 
19819 167 
19819 142 
20037 36 
20094 113 
20395 38 
20453 220 
20574 23 
20716 482 
20800 296 
20874 64 
20898 284 
20920 127 
20945 511 
20961 408 
21006 80 
21179 18 
21256 51 
21331 15 
21531 72 
21561 89 
21577 7 
21739 89 
21769 114 
21824 95 
21960 87 
22018 95 
22081 53 
22123 250 
22171 50 
22199 13 
22306 105 
22608 31 
22875 54 
22932 31 
22940 2 
22990 35 
23160 241 
23284 77 
23553 110 
23573 130 
23627 6 
23636 20 
23719 44 
23849 131 
23874 47 
23939 62 
23944 231 
24018 170 
24183 141 
24244 33 
24366 39 
24368 20 
24666 19 
24687 24 
24824 14 
25229 32 
25648 11 
25855 261 
25883 101 
25916 229 
25928 102 
26071 76 
26214 28 
26226 52 
26385 22 
26449 5 
26456 14 
26470 36 
26592 74 
26765 213 
26828 47 
27011 827 
27259 18 
27399 135 
27415 156 
27503 65 
27564 329 
27694 99 
27838 27 
28102 151 
28158 72 
28182 150 
28240 113 
28430 179 
28928 17 
29069 74 
29137 15 
29174 14 
29380 18 
29464 10 
29603 113 
29651 113 
29686 72 
29753 155 
30198 62 
30438 49 
30502 198 
30767 52 
30901 98 
31251 10 
31692 43 
31747 14 
31879 173 
32221 27 
32239 50 
32549 104 
32968 60 
32976 9 
33224 10 
33408 2567 
33594 77 
34118 73 
34229 86 
34229 37 
34460 75 
34579 41 
34883 155 
35044 38 
35081 21 
35201 85 
36343 64 
36766 91 
37230 111 
37997 169 
38477 59 
38525 103 
38678 30 
38828 86 
38867 33 
39023 80 
39209 25 
40874 14 
40916 63 
41021 151 
41357 170 
41656 52 
42170 23 
43070 67 
43262 138 
44635 75 
45585 1350 
45935 178 
49030 8 
53662 56 
59963 9 
60099 96 
61588 34 
64596 24 
66470 129 
66688 15 
67633 164 
67638 16 
68147 168 
68892 121 
68895 41 
69096 59 
69408 161 
69798 3 
70247 156 
70657 90 
70806 169 
71100 130 
71887 69 
72015 50 
72141 153 
72241 37 
74084 166 
74149 86 
74192 216 
74287 414 
74592 46 
75086 2 
75925 99 
77418 77 
77630 8 
77941 24 
78005 20 
78007 81 
78426 69 
78619 70 
78707 106 
79087 30 
79375 96 
80256 88 
80946 167 
81089 383 
81467 132 
81507 73 
82014 112 
83559 196 
84011 44 
84175 29 
84268 318 
84386 53 
85302 105 
85411 182 
85933 127 
87855 65 
88095 17 
88381 32 
88472 117 
88696 85 
89269 264 
89269 264 
89624 105 
89850 161 
89931 314 
90010 61 
91019 24 
92899 82 
92980 203 
93951 156 
94769 53 
95202 41 
95345 145 
95764 113 
95935 32 
95942 109 
96365 31 
96593 36 
97371 167 
97973 19 
98733 32 
99577 55 
100163 11 
100486 75 
100676 118 
100793 87 
101563 26 
101837 102 
102168 46 
102451 112 
103647 82 
106057 53 
107160 11 
107509 118 
108468 50 
110522 26 
111916 23 
111949 27 
112003 133 
115897 30 
116041 131 
116288 4 
118230 43 
118569 9 
119982 19 
121191 54 
122183 20 
123206 59 
126941 177 
129405 54 
133270 40 
134677 38 
140120 114 
150024 85 
160888 47 
160890 57 
168514 45 
168627 98 
170383 119 
178056 11 
180901 80 
182276 211 
187153 7 
189913 144 
194424 69 
200478 38 
201937 80 
205752 65 
209951 20 
210201 155 
213612 102 
216751 101 
218387 201 
241613 124 
243135 584 
245080 8 
254522 52 
257177 73 
257776 132 
260749 45 
266197 9 
267372 241 
270428 22 
272626 102 
273676 67 
274063 100 
276918 121 
277744 30 
285230 73 
285709 90 
286734 24 
287322 43 
288577 21 
290265 85 
292499 46 
292897 81 
297571 145 
307506 30 
315570 91 
328554 134 
331559 78 
332021 37 
333723 22 
339723 151 
341926 72 
346238 115 
346256 240 
346293 74 
348271 130 
348401 53 
350185 44 
351162 37 
353355 131 
355974 75 
360454 42 
360934 36 
367931 71 
374429 30 
380374 86 
385954 16 
390889 62 
400005 148 
409044 113 
409220 36 
409481 36 
414023 64 
415422 27 
421776 6 
424856 98 
426171 25 
427689 141 
428397 99 
432967 71 
434236 171 
437253 57 
446114 81 
447693 235 
448412 236 
452148 112 
467460 31 
504226 26 
505153 95 
510035 13 
514757 150 
515863 20 
516966 129 
519876 21 
526727 56 
527232 60 
532177 165 
533388 205 
541602 69 
542005 205 
549692 71 
552289 65 
584999 102 
588821 26 
598839 116 
601134 96 
