3445 9.09001157407
0 13453344 
8 1971 
9 266 
15 192 
17 1424 
18 525 
19 932 
19 226 
20 448 
20 1414 
21 1174 
21 1167 
21 706 
24 855 
25 76 
25 205 
25 293 
26 324 
27 2424 
28 735 
28 120 
30 335 
30 45 
31 10 
31 560 
31 2108 
32 148 
32 375 
33 19 
33 76 
33 225 
33 952 
33 553 
34 88 
34 1656 
35 307 
35 97 
36 87 
37 1039 
37 124 
38 776 
38 162 
39 87 
39 37 
39 479 
39 600 
40 1555 
41 210 
41 6 
99 1579 
100 3 
101 739 
102 953 
102 1217 
103 124 
104 330 
105 145 
105 1117 
106 444 
106 1144 
106 1857 
107 61 
107 108 
108 155 
109 204 
110 692 
110 60 
111 647 
111 250 
112 557 
113 266 
113 100 
114 89 
115 317 
115 857 
115 1022 
115 821 
115 221 
116 2174 
116 1039 
116 1069 
116 2822 
116 343 
117 378 
118 21 
120 650 
121 611 
122 65 
122 644 
122 418 
122 300 
122 1120 
124 2390 
126 438 
126 122 
126 720 
127 1584 
127 1515 
127 1158 
128 229 
129 872 
129 632 
130 218 
130 90 
130 1422 
130 273 
131 3082 
133 894 
135 738 
136 208 
138 76 
139 38 
139 4600 
140 97 
141 1500 
145 289 
145 782 
146 3430 
151 99 
152 275 
152 633 
153 361 
153 294 
156 562 
157 2133 
157 3335 
158 991 
158 420 
159 1592 
159 167 
159 623 
162 198 
165 1185 
165 1178 
167 55 
169 1340 
169 360 
169 77 
169 142 
169 300 
170 4285 
173 1387 
174 621 
175 5556 
177 1089 
177 841 
181 18 
183 76 
184 225 
188 612 
199 1986 
200 895 
200 790 
202 407 
202 568 
203 472 
204 1400 
206 424 
210 432 
211 141 
211 1312 
214 194 
215 103 
218 4715 
219 288 
220 404 
221 221 
223 447 
228 6642 
233 2846 
234 2972 
234 1189 
238 550 
239 628 
240 147 
242 593 
242 391 
243 1114 
243 969 
243 278 
244 355 
251 2854 
252 1324 
265 153 
266 185 
267 268 
267 433 
269 323 
271 33750 
272 21 
276 661 
276 178 
276 2857 
277 660 
277 1858 
277 3219 
278 248 
278 540 
279 7 
280 262 
281 1626 
285 1221 
289 247 
291 5 
294 185 
294 1765 
295 34 
296 1097 
296 621 
298 127 
301 1072 
303 326 
304 45 
304 98 
305 340 
305 13 
306 44 
308 3319 
312 271 
312 2048 
317 4572 
317 574 
324 1544 
328 392 
329 321 
329 693 
330 1586 
331 218 
333 354 
337 80 
341 301 
342 469 
342 196 
344 763 
345 1567 
346 2626 
347 602 
353 657 
353 124 
355 350 
356 450 
362 1457 
366 128 
368 195 
368 553 
369 532 
370 1231 
370 530 
378 1560 
379 42 
384 220 
384 2337 
386 86 
387 72 
387 3950 
388 109 
389 451 
392 306 
394 994 
395 1908 
397 3460 
398 79 
398 392 
401 3391 
406 617 
410 175 
411 125 
418 1488 
420 1069 
421 1029 
421 1649 
421 1524 
423 2350 
424 1648 
425 3947 
428 370 
431 678 
436 51 
492 113 
495 224 
498 2083 
500 349 
502 1747 
503 1257 
509 419 
513 136 
516 1400 
518 27 
518 833 
518 125 
520 1205 
523 1084 
529 432 
529 115 
529 837 
530 3091 
530 823 
533 224 
537 490 
540 8129 
549 521 
554 29 
554 409 
555 242 
557 2388 
557 799 
564 1268 
566 510 
572 427 
584 893 
590 1483 
597 924 
599 1763 
600 1764 
602 460 
603 453 
606 2693 
607 30 
608 1122 
609 1379 
609 305 
611 1603 
617 745 
617 22 
620 465 
626 220 
630 647 
638 626 
640 1885 
648 76 
650 529 
653 1095 
658 46 
659 1740 
664 803 
667 858 
672 153 
680 415 
681 519 
681 2017 
682 3056 
691 10084 
691 116 
691 154 
701 3183 
701 339 
702 325 
706 2855 
707 1248 
712 69 
712 1773 
718 7931 
719 1264 
722 906 
730 2564 
733 2057 
734 3337 
740 2058 
743 419 
748 261 
750 471 
752 1226 
758 2441 
759 284 
759 810 
776 429 
776 443 
776 375 
779 983 
786 893 
788 428 
802 140 
827 1237 
832 996 
833 591 
833 87 
835 872 
843 924 
844 71 
860 835 
865 1262 
866 1544 
873 455 
875 352 
879 10288 
879 816 
942 441 
947 59 
950 63 
958 1018 
960 385 
966 1255 
970 346 
970 15201 
974 60 
978 92 
982 1969 
995 1179 
999 440 
1005 181 
1005 228 
1008 896 
1010 1204 
1012 1275 
1013 47 
1016 325 
1017 7813 
1020 405 
1027 444 
1028 49 
1032 41104 
1039 5414 
1044 495 
1045 443 
1057 4538 
1060 2510 
1081 399 
1094 204 
1099 348 
1102 130 
1110 920 
1113 1664 
1124 1309 
1137 147 
1142 38 
1143 832 
1145 191 
1147 125 
1155 1958 
1155 5550 
1156 1239 
1165 49 
1165 740 
1168 1236 
1169 134 
1172 2369 
1177 99 
1184 409 
1185 945 
1185 10 
1193 312 
1194 216 
1196 701 
1209 50 
1211 550 
1211 148 
1212 554 
1226 261 
1251 328 
1252 6260 
1255 1434 
1259 898 
1263 804 
1273 1253 
1274 1001 
1280 193 
1281 181 
1282 146 
1294 670 
1294 1397 
1296 194 
1364 728 
1364 912 
1367 362 
1372 507 
1393 117 
1397 8354 
1397 502 
1399 488 
1402 1211 
1412 4 
1418 1250 
1428 139 
1434 1430 
1437 1391 
1437 19 
1439 178 
1441 398 
1443 199 
1452 1508 
1456 627 
1456 2749 
1468 284 
1480 1299 
1498 1170 
1502 218 
1507 363 
1514 420 
1520 542 
1522 221 
1544 899 
1554 1272 
1554 1069 
1558 641 
1560 399 
1563 2063 
1576 244 
1584 575 
1584 440 
1592 2495 
1593 6549 
1595 417 
1596 399 
1599 1058 
1616 266 
1617 243 
1617 2493 
1618 510 
1623 212 
1629 269 
1631 2938 
1633 1683 
1635 188 
1635 753 
1637 775 
1646 233 
1647 9 
1657 2861 
1657 2269 
1657 62 
1673 264 
1676 2138 
1678 229 
1682 182 
1698 4047 
1708 21 
1714 688 
1718 832 
1719 36 
1720 178 
1740 411 
1740 1300 
1741 31 
1745 188 
1750 1666 
1812 624 
1812 770 
1814 1214 
1820 400 
1821 22 
1823 758 
1824 451 
1825 20 
1831 213 
1836 2572 
1853 6 
1857 2799 
1858 18 
1871 270 
1874 320 
1874 42 
1878 1072 
1880 1336 
1881 433 
1884 1021 
1885 153 
1886 974 
1888 248 
1888 8 
1888 2891 
1904 1491 
1915 71 
1915 86 
1919 138 
1936 335 
1941 393 
1945 78 
1962 577 
1970 1154 
1971 916 
1978 1263 
1980 298 
1985 735 
1989 258 
1994 13 
1999 192 
2001 599 
2004 70 
2004 1138 
2007 1102 
2012 1178 
2032 927 
2039 229 
2040 430 
2042 59 
2042 969 
2044 779 
2045 301 
2046 1245 
2057 997 
2067 388 
2076 411 
2088 450 
2088 3536 
2093 1148 
2103 388 
2103 967 
2111 1131 
2112 1334 
2117 821 
2123 9 
2124 1072 
2130 315 
2139 1299 
2151 822 
2156 1566 
2165 2078 
2167 93 
2171 3428 
2178 3594 
2184 1120 
2251 603 
2269 577 
2269 559 
2270 357 
2274 854 
2285 145 
2287 1060 
2289 612 
2289 560 
2290 838 
2298 3428 
2305 523 
2325 929 
2328 773 
2333 605 
2333 2278 
2334 1342 
2336 244 
2350 684 
2357 202 
2366 23 
2370 150 
2387 4570 
2398 354 
2399 368 
2400 7081 
2401 643 
2407 712 
2417 849 
2430 830 
2434 247 
2444 1129 
2444 1316 
2470 1927 
2475 823 
2482 10907 
2486 2600 
2488 346 
2507 3023 
2516 75 
2525 1712 
2528 219 
2528 583 
2534 202 
2534 533 
2549 206 
2565 3175 
2618 113 
2619 597 
2619 343 
2623 888 
2634 325 
2704 19 
2708 106 
2708 261 
2714 416 
2730 1020 
2738 83 
2748 1468 
2749 1244 
2760 338 
2775 377 
2781 238 
2785 1482 
2793 3409 
2809 73 
2810 340 
2814 577 
2832 5742 
2834 86 
2845 240 
2847 202 
2850 2164 
2855 1317 
2862 1660 
2863 695 
2865 2968 
2868 270 
2879 531 
2889 885 
2894 1584 
2895 628 
2897 693 
2899 648 
2904 702 
2909 231 
2910 992 
2922 760 
2923 915 
2943 67 
2964 123 
2974 975 
2974 247 
2974 1021 
2979 794 
3000 1206 
3027 1353 
3033 260 
3033 555 
3034 514 
3034 38 
3047 1314 
3099 413 
3099 2027 
3111 1594 
3126 270 
3136 2317 
3153 279 
3164 169 
3167 1837 
3173 585 
3191 268 
3193 122 
3200 1834 
3230 1091 
3236 26 
3244 21 
3247 1891 
3261 122 
3268 516 
3269 1368 
3280 1567 
3282 575 
3282 1367 
3345 475 
3346 62 
3350 756 
3351 1364 
3370 185 
3397 599 
3400 192 
3407 794 
3412 2967 
3416 1240 
3419 975 
3435 1 
3436 165 
3438 221 
3440 517 
3441 1 
3443 1025 
3448 449 
3450 695 
3465 251 
3470 149 
3486 692 
3505 125 
3508 8444 
3509 565 
3511 157 
3533 111 
3568 567 
3597 802 
3669 234 
3685 735 
3685 430 
3691 210 
3696 162 
3710 1798 
3718 44 
3739 508 
3741 1665 
3779 187 
3784 558 
3807 837 
3810 1743 
3832 189 
3850 1047 
3850 1987 
3876 101 
3886 526 
3897 4678 
3908 317 
3953 22 
3954 985 
4017 109 
4019 249 
4020 1013 
4032 3342 
4046 485 
4065 535 
4069 252 
4077 1914 
4091 1714 
4098 154 
4110 6820 
4122 922 
4123 71 
4140 3472 
4142 1294 
4159 1670 
4165 1147 
4169 2411 
4173 2325 
4175 603 
4176 166 
4185 527 
4192 89 
4196 103 
4207 12 
4220 3616 
4278 105 
4314 154 
4316 118 
4347 158 
4348 541 
4355 556 
4357 1366 
4360 131 
4366 305 
4376 595 
4379 922 
4395 1421 
4425 149 
4488 374 
4492 365 
4503 23 
4511 623 
4518 987 
4519 305 
4540 1069 
4550 3390 
4620 839 
4635 179 
4642 9196 
4644 660 
4683 2252 
4707 292 
4713 73 
4717 644 
4730 770 
4754 1307 
4768 75 
4770 306 
4772 97 
4774 25382 
4800 297 
4811 339 
4825 178 
4827 130 
4827 1421 
4832 598 
4865 193 
4876 128 
4894 665 
4902 362 
4914 222 
4950 330 
4962 797 
4973 402 
5033 4636 
5053 604 
5145 50 
5213 2922 
5220 2469 
5228 2187 
5237 2894 
5273 3137 
5294 342 
5298 88 
5317 1298 
5324 497 
5355 89 
5366 1239 
5369 281 
5385 30 
5389 1186 
5401 614 
5442 3000 
5457 980 
5468 4 
5472 402 
5482 30 
5486 551 
5496 838 
5497 379 
5514 1532 
5523 933 
5533 378 
5556 943 
5556 982 
5574 527 
5629 714 
5684 5231 
5709 322 
5713 1626 
5719 3351 
5730 1091 
5736 13 
5747 423 
5873 2022 
5885 374 
5888 1677 
5889 257 
5892 1031 
5905 714 
5958 2254 
5986 339 
6011 418 
6021 209 
6096 974 
6135 270 
6157 134 
6171 682 
6208 377 
6215 1182 
6218 46 
6232 101 
6235 1641 
6266 1230 
6312 1489 
6316 191 
6317 520 
6323 138 
6334 1471 
6343 181 
6343 229 
6397 641 
6422 656 
6461 195 
6461 1153 
6478 285 
6481 88 
6528 852 
6528 220 
6591 1230 
6611 352 
6632 49 
6650 410 
6676 1222 
6694 255 
6709 1595 
6739 1517 
6745 445 
6748 1601 
6846 1496 
6849 381 
6861 117 
6863 3474 
6877 629 
6885 13669 
6886 910 
6935 787 
6963 328 
6972 1494 
6975 49 
6988 165 
7004 1154 
7006 954 
7014 298 
7032 98 
7050 1629 
7055 833 
7077 2241 
7078 172 
7105 792 
7108 43 
7129 339 
7137 5571 
7147 811 
7159 265 
7171 610 
7185 1368 
7228 179 
7231 3091 
7233 30 
7265 685 
7298 2373 
7298 200 
7313 635 
7327 483 
7333 770 
7351 143 
7419 1005 
7424 1101 
7426 721 
7426 248 
7465 83 
7493 135 
7511 1212 
7519 890 
7530 80 
7540 1085 
7549 1831 
7563 125 
7581 1063 
7620 1267 
7633 419 
7639 546 
7664 23 
7669 268 
7674 433 
7689 4021 
7703 27 
7726 595 
7764 943 
7771 1660 
7789 999 
7802 469 
7834 27 
7858 3749 
7871 57 
7880 2515 
7903 263 
7928 147 
7944 711 
7945 462 
7948 663 
7964 2033 
7964 1051 
7990 73 
8009 1408 
8054 638 
8064 656 
8072 834 
8092 1534 
8097 1812 
8105 1174 
8137 408 
8138 3299 
8151 1910 
8157 36 
8193 384 
8204 1 
8216 15 
8224 194 
8236 74 
8257 285 
8259 1205 
8269 139 
8276 5372 
8283 960 
8302 113 
8318 131 
8327 175 
8329 617 
8356 2033 
8369 489 
8466 277 
8472 1129 
8476 466 
8481 1265 
8500 433 
8502 30 
8527 317 
8536 120 
8547 95 
8603 458 
8611 256 
8654 30 
8685 1137 
8701 616 
8711 110 
8735 1409 
8796 193 
8859 5900 
8876 146 
8954 229 
8958 204 
8974 960 
8978 593 
8979 830 
9050 226 
9077 675 
9090 69 
9094 1317 
9116 804 
9159 928 
9169 1190 
9171 274 
9193 1612 
9222 24 
9222 1578 
9236 2592 
9257 434 
9277 104 
9286 858 
9337 92 
9341 1976 
9366 341 
9374 1576 
9385 1220 
9385 1220 
9404 380 
9404 380 
9406 192 
9406 192 
9425 42 
9425 42 
9436 371 
9436 371 
9437 370 
9437 370 
9517 317 
9528 323 
9563 114 
9575 9052 
9604 9836 
9612 1193 
9630 26 
9660 1440 
9660 931 
9686 43 
9718 945 
9786 147 
9826 597 
9879 632 
9888 656 
9926 1477 
9963 298 
9986 816 
9999 1925 
10002 867 
10009 67 
10028 59 
10058 115 
10089 1643 
10110 1228 
10158 61 
10160 4528 
10219 167 
10265 639 
10279 1504 
10281 159 
10305 11 
10378 308 
10380 530 
10381 19 
10455 86 
10460 1023 
10482 2242 
10483 538 
10525 599 
10537 667 
10600 685 
10664 338 
10671 234 
10680 709 
10702 785 
10707 6618 
10749 706 
10793 309 
10820 1970 
10825 164 
10829 238 
10831 221 
10855 3518 
10865 1007 
10867 843 
10893 312 
10897 255 
10937 5153 
10947 1012 
10961 6534 
11006 1396 
11023 714 
11039 1578 
11050 166 
11053 189 
11082 1507 
11091 261 
11101 544 
11104 704 
11166 1042 
11200 519 
11223 669 
11244 1372 
11260 6151 
11278 144 
11279 5446 
11319 70 
11368 1583 
11423 128 
11442 1107 
11491 261 
11494 986 
11510 1683 
11539 851 
11587 19 
11654 915 
11655 1251 
11656 26985 
11688 131 
11716 1537 
11750 147 
11764 1728 
11859 239 
11894 291 
11897 2993 
11913 56 
11927 863 
11949 646 
11970 711 
12024 484 
12040 132 
12082 1159 
12087 120 
12129 509 
12149 793 
12168 321 
12249 1077 
12352 121 
12384 319 
12392 2934 
12411 118 
12433 1759 
12446 64 
12446 19 
12486 824 
12510 715 
12519 1092 
12595 589 
12635 199 
12726 867 
12785 584 
12878 90 
12930 476 
12945 2333 
12945 45 
12953 1252 
12981 786 
13003 1835 
13024 442 
13085 7588 
13095 937 
13133 788 
13200 1734 
13221 149 
13247 1635 
13262 1162 
13290 2117 
13309 919 
13335 38 
13340 65 
13356 36 
13365 1452 
13377 309 
13404 1276 
13439 91 
13461 112 
13496 1431 
13507 23 
13548 685 
13549 1075 
13565 628 
13617 296 
13674 665 
13675 585 
13687 15702 
13724 2361 
13766 96 
13831 172 
13834 417 
13843 2139 
13846 4321 
13856 1690 
13870 1382 
13910 239 
13914 1195 
13949 3259 
13950 8085 
14054 242 
14086 82 
14110 305 
14132 900 
14184 3342 
14201 438 
14220 1263 
14263 949 
14311 2484 
14324 5518 
14325 1603 
14351 161 
14354 6765 
14413 1051 
14455 535 
14541 2828 
14556 850 
14604 943 
14749 1019 
14800 903 
14952 483 
14960 1221 
14960 8449 
14985 632 
15011 908 
15105 233 
15122 1487 
15186 625 
15227 356 
15298 6919 
15304 6499 
15321 359 
15353 1876 
15375 4358 
15446 2486 
15502 1410 
15553 2898 
15618 145 
15683 196 
15707 826 
15755 688 
15864 1989 
15871 286 
15877 435 
15899 225 
15920 791 
16000 115 
16126 876 
16206 614 
16275 1248 
16282 59 
16294 107 
16336 477 
16359 302 
16528 5146 
16573 1219 
16631 1024 
16672 71 
16684 978 
16698 1381 
16700 169 
16710 1451 
16742 58 
16746 66 
16793 35 
16800 359 
16805 32 
16817 562 
16875 948 
16952 3978 
16968 594 
16975 972 
16983 1454 
17021 63 
17047 1926 
17048 557 
17053 537 
17130 15747 
17232 445 
17234 35 
17392 555 
17450 754 
17482 788 
17489 2047 
17535 481 
17560 1323 
17575 203 
17585 499 
17587 509 
17598 247 
17669 3327 
17755 296 
17785 2783 
17830 385 
17843 162 
17905 340 
17960 719 
17973 3096 
17975 175 
17994 6132 
18008 416 
18019 852 
18063 106 
18065 1437 
18143 820 
18168 1996 
18228 18 
18268 479 
18465 572 
18510 3403 
18554 983 
18576 1950 
18623 794 
18660 11312 
18681 834 
18686 1411 
18702 642 
18718 800 
18776 180 
18845 911 
18870 1697 
18871 188 
18895 315 
18913 473 
18920 545 
18933 1230 
18953 1513 
18954 1030 
18976 1242 
19077 550 
19111 921 
19120 490 
19143 767 
19160 155 
19172 373 
19183 184 
19213 295 
19247 2277 
19263 685 
19297 1184 
19304 1236 
19391 361 
19417 2081 
19429 3991 
19493 558 
19527 727 
19529 1597 
19535 3035 
19583 1136 
19593 1476 
19620 674 
19887 483 
19895 720 
19924 1052 
19938 1105 
19953 128 
20008 254 
20024 60 
20025 120 
20034 106 
20043 849 
20048 1211 
20070 129 
20111 363 
20120 147 
20163 1328 
20165 2092 
20170 492 
20172 321 
20174 2063 
20203 757 
20244 2085 
20293 180 
20313 666 
20328 926 
20342 1208 
20359 521 
20365 1455 
20379 1266 
20382 1398 
20462 1156 
20481 932 
20525 759 
20574 1186 
20574 466 
20590 2065 
20597 4159 
20651 918 
20663 399 
20667 505 
20730 793 
20759 155 
20760 864 
20762 2088 
20770 107 
20825 282 
20836 315 
20860 338 
20895 1379 
20912 204 
21009 2937 
21052 325 
21066 560 
21069 210 
21111 1118 
21116 2408 
21176 2079 
21181 162 
21306 409 
21363 637 
21383 2878 
21393 2240 
21399 2847 
21481 609 
21484 228 
21491 1398 
21496 1024 
21502 863 
21539 223 
21540 528 
21604 318 
21612 1134 
21638 1065 
21657 581 
21668 1436 
21682 531 
21720 394 
21738 1835 
21768 751 
21790 788 
21855 850 
21863 1159 
21903 4384 
21904 638 
22006 2621 
22030 343 
22041 1673 
22087 359 
22104 8 
22106 315 
22137 827 
22170 1083 
22171 1292 
22255 1623 
22264 1045 
22285 340 
22295 857 
22316 2826 
22340 1285 
22368 564 
22371 768 
22413 542 
22454 165 
22465 155 
22466 1315 
22469 338 
22472 232 
22561 185 
22563 1275 
22578 937 
22579 110 
22580 935 
22582 695 
22596 745 
22599 522 
22630 888 
22670 256 
22696 1416 
22699 241 
22708 5030 
22720 917 
22740 1214 
22753 837 
22782 106 
22809 420 
22825 2565 
22844 561 
22892 1279 
22942 1366 
22962 7161 
22976 58 
23000 3376 
23020 1128 
23049 937 
23084 132 
23098 1442 
23156 1311 
23178 1077 
23204 1704 
23214 1547 
23226 128 
23263 420 
23263 588 
23278 935 
23364 1277 
23375 731 
23394 863 
23413 888 
23425 453 
23438 607 
23441 859 
23443 15 
23465 2358 
23510 6978 
23550 1137 
23560 687 
23596 1710 
23654 904 
23672 212 
23676 608 
23690 884 
23723 817 
23756 1992 
23852 745 
23856 591 
23877 581 
23881 174 
23921 831 
23950 1141 
23953 432 
23957 255 
23990 743 
24006 521 
24038 560 
24040 834 
24055 966 
24076 852 
24101 802 
24412 1378 
24459 263 
24487 1191 
24527 358 
24536 270 
24548 335 
24548 4451 
24601 1114 
24609 750 
24613 420 
24634 103 
24672 394 
24692 1080 
24696 2637 
24725 707 
24780 22 
24791 492 
24802 126 
24831 425 
24840 783 
24869 190 
24876 406 
24879 679 
24883 151 
24890 2147 
24904 913 
24982 500 
25005 1952 
25010 948 
25024 962 
25029 494 
25038 1504 
25051 378 
25052 2126 
25063 5554 
25071 975 
25092 586 
25106 1117 
25150 350 
25167 943 
25175 803 
25188 637 
25207 1242 
25251 1445 
25255 1417 
25255 221 
25276 6512 
25299 3252 
25316 1145 
25372 1523 
25388 277 
25399 288 
25408 1287 
25432 998 
25437 1314 
25454 879 
25550 512 
25595 15 
25600 499 
25608 594 
25615 1623 
25642 655 
25659 13906 
25669 745 
25681 2588 
25695 363 
25707 171 
25810 1180 
25814 771 
25833 148 
25854 466 
25862 170 
25869 651 
25894 249 
25898 178 
25957 88 
25965 114 
25995 677 
26006 3888 
26037 220 
26061 1057 
26078 651 
26093 3628 
26107 46 
26133 1169 
26179 2174 
26187 108 
26217 210 
26220 4808 
26226 4641 
26240 4640 
26260 431 
26298 561 
26324 420 
26333 60 
26337 806 
26338 5937 
26368 137 
26404 2046 
26416 539 
26435 61 
26447 4593 
26464 537 
26468 1020 
26525 276 
26536 4079 
26576 349 
26616 25 
26693 1108 
26695 579 
26707 1119 
26709 562 
26741 539 
26755 1058 
26791 860 
26794 701 
26798 541 
26800 87 
26807 1209 
26818 562 
26842 252 
26872 1155 
26892 3983 
26918 1187 
26938 256 
26940 1396 
26956 1101 
26959 333 
26960 168 
26968 829 
26973 1015 
26980 712 
26983 1039 
26993 980 
27023 1083 
27023 1004 
27062 230 
27078 696 
27098 257 
27125 5 
27125 769 
27165 901 
27171 934 
27172 815 
27178 2125 
27210 1165 
27245 2037 
27274 67 
27312 2395 
27313 1200 
27336 820 
27339 352 
27342 857 
27425 912 
27476 544 
27487 562 
27491 1986 
27609 802 
27618 9261 
27631 1262 
27637 368 
27689 1918 
27759 401 
27793 1268 
27814 404 
27841 617 
27841 617 
27939 183 
27961 370 
27962 1269 
27976 138 
27980 588 
27995 1361 
28023 744 
28026 1046 
28063 110 
28079 862 
28118 344 
28130 1197 
28133 333 
28136 596 
28192 852 
28213 362 
28235 179 
28244 702 
28259 192 
28270 3854 
28302 1116 
28321 1813 
28333 3652 
28338 1733 
28357 87 
28365 365 
28387 184 
28403 5307 
29983 1586 
29989 1597 
29993 652 
30013 430 
30029 859 
30029 1256 
30049 101 
30094 629 
30125 1910 
30128 1454 
30128 1492 
30131 324 
30140 866 
30145 343 
30198 144 
30217 436 
30220 946 
30271 1019 
30312 287 
30322 458 
30343 632 
30349 1702 
30366 217 
30373 3878 
30375 200 
30382 332 
30392 149 
30400 807 
30417 443 
30532 230 
30544 108 
30615 919 
30675 1686 
30687 2843 
30693 1965 
30749 29 
30752 2772 
30779 8849 
30798 1168 
30804 1121 
30817 92 
30837 1127 
30876 1787 
30888 4238 
30894 1186 
30915 732 
30937 423 
30954 3351 
30970 114 
30975 644 
31012 1998 
31026 251 
31052 181 
31052 228 
31069 1135 
31123 3740 
31130 319 
31150 2877 
31153 1233 
31165 27 
31186 2357 
31217 3134 
31243 2741 
31251 1192 
31257 916 
31287 826 
31306 230 
31327 416 
31339 329 
31345 1314 
31380 300 
31413 1988 
31424 385 
31495 766 
31504 135 
31532 87 
31556 1912 
31559 94 
31603 2762 
31637 1175 
31649 680 
31724 169 
31727 689 
31843 69 
31846 607 
31858 124 
31951 47 
31955 548 
31984 1017 
31998 1366 
32001 2519 
32015 222 
32027 1374 
32054 134 
32166 3306 
32239 1230 
32255 2084 
32293 57 
32346 146 
32354 719 
32377 2452 
32387 1045 
32440 235 
32457 228 
32463 361 
32464 1183 
32483 185 
32489 31 
32529 1954 
32574 1439 
32582 11542 
32588 2460 
32628 1514 
32629 1133 
32635 1084 
32661 326 
32667 1289 
32670 564 
32704 1226 
32748 624 
32776 1002 
32823 597 
32848 588 
32868 7308 
32927 1136 
32931 350 
33001 276 
33002 801 
33015 519 
33043 156 
33126 77 
33133 63 
33150 359 
33168 659 
33177 1716 
33185 577 
33282 158 
33312 587 
33348 772 
33383 276 
33404 722 
33424 288 
34352 108 
34353 4056 
34355 565 
34363 1138 
34384 1627 
34428 750 
34430 1060 
34480 93 
34516 269 
34519 1173 
34526 1227 
34546 344 
34577 2755 
34733 645 
34770 1505 
34784 52 
34787 1325 
34823 492 
34844 2218 
34881 2804 
34884 1391 
34964 2664 
35042 2352 
35075 122 
35086 811 
35130 1067 
35137 623 
35150 100 
35167 534 
35193 53 
35221 832 
35239 317 
35241 263 
35286 943 
35319 836 
35339 237 
35366 14 
35379 2249 
35386 750 
35410 1546 
35473 453 
35517 509 
35547 940 
35575 6565 
35592 954 
35657 768 
35657 545 
35666 536 
35684 1231 
35691 871 
35693 1789 
35711 160 
35730 288 
35739 537 
35740 1040 
35743 4488 
35748 1005 
35753 2732 
35765 237 
35786 1740 
35789 336 
35800 52 
35803 936 
35817 4564 
35817 300 
35821 74 
35840 1183 
35846 873 
35860 338 
35882 2010 
35884 306 
35899 546 
35926 1004 
35936 3024 
35967 1752 
35984 2838 
36004 757 
36054 1476 
36104 214 
36149 467 
36217 755 
36233 2909 
36242 949 
36244 198 
36256 300 
36263 662 
36339 163 
36343 691 
36346 920 
36397 583 
36472 721 
36559 132 
36601 814 
36601 318 
36607 127 
36643 89 
36656 331 
36657 1242 
36689 347 
36690 95 
36706 24 
36773 1799 
36855 775 
36888 540 
36918 1644 
36962 721 
36963 767 
37044 1647 
37059 1011 
37238 305 
37262 623 
37379 840 
37405 925 
37408 1772 
37425 208 
37465 6429 
37473 196 
37501 1605 
37572 2635 
38884 1942 
38886 404 
38894 378 
39006 2545 
39044 52 
39062 2409 
39070 17 
39117 58 
39156 1074 
39159 17 
39187 106 
39213 339 
39268 80 
39276 9 
39357 8049 
39370 1787 
39378 224 
39399 762 
39485 776 
39502 1253 
39552 102 
39565 248 
39646 328 
39657 1713 
39658 7434 
39678 611 
39685 655 
39727 2606 
39753 382 
39783 1244 
39788 498 
39805 10 
39819 67 
39847 424 
39848 287 
39896 506 
39900 663 
39947 34 
39982 1170 
40012 147 
40025 1654 
40031 25 
40046 3629 
40071 3263 
40110 753 
40143 110 
40254 1189 
40254 1189 
40277 2903 
40277 2903 
40285 1851 
40285 1851 
40307 1090 
40313 244 
40328 1503 
40351 170 
40361 558 
40373 5019 
40391 1288 
40403 55 
40407 82 
40415 861 
40419 981 
40438 131 
40469 1406 
40482 530 
40486 901 
40516 948 
40567 2155 
40591 25 
40607 208 
40622 1014 
40638 99 
40649 365 
40651 1034 
40665 393 
40681 503 
40696 3404 
40703 484 
40764 644 
40800 191 
40801 921 
40876 383 
40913 417 
40967 216 
40969 1180 
40985 265 
40993 125 
41023 811 
41026 1659 
41027 662 
41034 2279 
41047 410 
41076 860 
41083 877 
41095 83 
41127 389 
41141 873 
41167 992 
41292 767 
41297 1275 
41314 745 
41318 3430 
41347 1343 
41375 111 
41379 191 
41417 2721 
41418 243 
41470 66 
41495 480 
41496 1850 
41543 704 
41618 201 
41647 149 
41653 11 
41670 114 
41789 583 
41812 498 
41818 270 
41891 193 
41898 1136 
41902 17676 
41903 1064 
41951 358 
41986 135 
42011 91 
42146 2073 
42153 386 
42220 434 
42230 99 
42232 205 
42239 2095 
42247 252 
42287 24 
42308 1025 
42320 992 
42326 975 
42472 137 
42626 237 
42691 1780 
42758 607 
42797 1494 
42807 5229 
42808 7254 
42847 1073 
42859 210 
42859 448 
42863 346 
42873 215 
42878 504 
42922 173 
43030 3489 
43040 3757 
43048 2787 
43068 354 
43114 1583 
43114 630 
43120 1066 
43216 1337 
43226 418 
43230 828 
43322 445 
43323 449 
43325 264 
43325 1326 
43340 764 
43349 508 
43378 978 
43382 1096 
43391 1317 
43405 898 
43444 302 
43449 661 
43454 633 
43534 214 
43542 834 
43558 1670 
43567 7605 
43590 1578 
43702 1504 
43726 372 
43744 1604 
43759 425 
43761 300 
43778 649 
43791 591 
43825 45 
43826 251 
43847 79 
43876 1442 
43999 431 
44004 6368 
44052 69 
44053 482 
44072 1301 
44074 258 
44089 135 
44109 415 
44118 888 
44142 426 
44166 213 
44187 74 
44213 282 
44215 598 
44280 6604 
44347 742 
44356 14222 
44377 1119 
44382 338 
44386 54 
44409 674 
44449 870 
44455 450 
44520 12444 
44525 756 
44531 982 
44538 61 
44566 87 
44582 2357 
44593 1255 
44619 139 
44636 28 
44647 636 
44693 366 
44693 1127 
44888 416 
44895 8984 
44922 14 
44923 3305 
44930 1950 
44933 1610 
44958 395 
44977 58 
44980 678 
45008 131 
45105 555 
45114 1038 
45153 61 
45200 1651 
45236 2801 
45253 831 
45253 526 
45329 321 
45330 148 
45383 3419 
45390 52 
45419 5267 
45472 287 
45483 90 
45650 255 
45651 343 
45667 1094 
45703 229 
45704 105 
45712 535 
45783 1182 
45795 237 
45806 2945 
45806 247 
45847 119 
45855 1043 
45882 336 
46029 280 
46029 306 
46047 3529 
46082 20 
46271 95 
46286 78 
46296 2318 
46540 466 
46553 962 
46562 131 
46570 532 
46574 1201 
46574 1506 
46620 370 
46652 487 
46667 892 
46675 800 
46748 103 
46752 141 
46804 690 
46825 1323 
47005 476 
47019 664 
47031 240 
47041 859 
47125 439 
47126 171 
47151 1943 
47161 588 
47258 453 
47265 27 
47319 119 
47333 563 
47342 586 
47376 1824 
47530 125 
47566 298 
47570 177 
47658 153 
47703 443 
47753 1172 
47766 61 
47841 1031 
47846 469 
47859 111 
47873 330 
47879 8505 
47979 157 
47979 2474 
48050 1349 
48107 1280 
48110 381 
48114 67 
48120 999 
48189 1198 
48207 1068 
48210 487 
48220 1042 
48222 6490 
48223 1310 
48238 319 
48246 276 
48250 599 
48253 68 
48264 2252 
48282 133 
48353 581 
48359 36 
48371 711 
48373 242 
48374 22 
48381 110 
48406 2575 
48417 82 
48480 1207 
48547 453 
48582 157 
48615 371 
48635 1940 
48638 1450 
48702 526 
48727 376 
48749 24 
48795 532 
49046 668 
49082 221 
49137 1706 
49161 883 
49177 1435 
49253 230 
49296 1092 
49324 279 
49424 63 
49507 848 
49581 109 
49623 1196 
49632 1123 
49646 1328 
49655 0 
49682 274 
49688 602 
49703 2072 
49795 852 
49805 387 
49817 130 
49855 90 
49930 784 
49950 662 
49956 429 
49962 1550 
49991 860 
50173 1244 
50190 2005 
50199 747 
50218 179 
50283 1304 
50283 557 
50300 24 
50329 874 
50335 733 
50456 1187 
50497 347 
50510 1302 
50512 514 
50550 412 
50642 83 
50650 817 
50742 245 
50749 512 
50766 378 
50777 61 
50795 1771 
50798 119 
50949 2394 
50959 341 
51069 1358 
51076 93 
51117 25 
51129 199 
51195 642 
51278 2325 
51282 4118 
51299 1006 
51313 241 
51343 707 
51352 121 
51375 237 
51490 84 
51527 1491 
51558 807 
51559 1722 
51590 440 
51653 1947 
51656 351 
51741 555 
51800 128 
51804 870 
51875 632 
51923 993 
51926 1661 
51949 451 
51959 22 
51996 1377 
52146 188 
52150 894 
52151 5608 
52155 628 
52164 1039 
52212 280 
52220 438 
52349 85 
52396 640 
52412 627 
52509 447 
52517 138 
52523 8761 
52548 154 
52607 320 
52625 518 
52628 312 
52708 277 
52758 924 
52759 2774 
52784 1044 
52788 734 
52827 1508 
52847 3889 
52933 1525 
52960 885 
53183 24 
53339 617 
53359 606 
53389 1129 
53404 1708 
53431 6 
53446 70 
53528 109 
53558 133 
53578 1985 
53602 184 
53605 146 
53616 235 
53640 365 
53676 274 
53780 406 
53805 85 
53840 270 
53859 14 
53873 143 
53886 128 
53980 622 
53987 2005 
54015 914 
54041 1638 
54046 3219 
54047 663 
54106 1168 
54171 486 
54194 385 
54248 562 
54336 628 
54368 716 
54381 374 
54470 26 
54571 275 
54571 1252 
54575 785 
54586 812 
54587 827 
54615 308 
54621 728 
54621 401 
54656 289 
54690 462 
54734 56 
54747 1028 
54824 189 
54865 785 
54871 167 
54935 190 
54948 243 
54993 508 
55117 1114 
55139 3575 
55145 1221 
55178 71 
55324 1502 
55376 3 
55411 107 
55429 886 
55449 2398 
55465 573 
55467 1282 
55473 23 
55478 708 
55509 348 
55603 390 
55625 234 
55628 413 
55678 1190 
55683 154 
55683 1859 
55712 14 
55733 549 
55744 81 
55862 1147 
55870 356 
55874 290 
55880 153 
55884 1466 
55885 738 
55894 999 
55921 323 
55930 845 
55996 87 
56014 167 
56130 451 
56136 503 
56257 1219 
56307 902 
56323 386 
56325 72 
56338 228 
56339 1241 
56339 134 
56527 135 
56562 155 
56592 487 
56664 1408 
56666 376 
56729 1475 
56743 190 
56753 200 
56810 115 
56819 2044 
56914 467 
56990 688 
56993 926 
57008 650 
57256 871 
57434 1268 
57618 656 
57622 496 
57631 3510 
57690 451 
57719 1297 
57737 4233 
57746 554 
57839 289 
57920 389 
58050 877 
58066 32 
58137 1411 
58138 337 
58146 507 
58189 346 
58194 615 
58205 242 
58287 1185 
58287 796 
58302 22 
58426 787 
58543 1046 
58704 1181 
58718 617 
58755 52 
58895 237 
58927 792 
58949 192 
58998 118 
59017 246 
59030 677 
59053 2325 
59145 1622 
59161 702 
59242 160 
59325 7444 
59447 562 
59496 468 
59521 1186 
59532 864 
59535 1050 
59652 877 
59742 162 
59812 271 
59818 825 
59828 3083 
59862 70 
59890 905 
59919 81 
59927 2778 
59964 2330 
59972 39 
59986 1280 
60047 1317 
60048 928 
60071 581 
60102 84 
60151 1306 
60160 849 
60191 314 
60198 66 
60235 1452 
60327 237 
60330 167 
60354 662 
60432 1396 
60444 1658 
60709 59 
60717 1398 
60730 7 
60747 851 
60753 8 
60781 1258 
60783 193 
60862 374 
60878 5014 
60943 948 
61080 670 
61100 1513 
61123 1441 
61360 853 
61550 213 
61554 73 
61563 240 
61585 816 
61594 1187 
61605 2112 
61682 1146 
61694 1989 
61700 239 
61721 5 
61740 145 
61750 205 
61828 202 
61994 755 
62021 1719 
62048 978 
62192 6 
62195 192 
62222 433 
62234 16 
62380 425 
62387 233 
62425 438 
62435 359 
62449 629 
62451 38 
62493 136 
62645 733 
62647 317 
62695 16 
62765 609 
62860 18 
62913 3651 
62938 1029 
62939 450 
62941 866 
62951 652 
62953 766 
63077 562 
63282 1057 
63286 950 
63304 336 
63390 267 
63444 2123 
63605 254 
63608 602 
63778 38 
63804 1780 
63807 392 
63853 1514 
63884 518 
63994 3281 
64028 1125 
64056 375 
64146 1032 
64155 1367 
64197 486 
64217 405 
64252 857 
64277 576 
64369 297 
64466 1215 
64531 1161 
64549 324 
64558 41 
64567 468 
64603 69 
64672 2631 
64701 965 
64702 115 
64779 13 
64786 4893 
64836 1501 
64857 149 
64935 507 
64939 1134 
65101 280 
65154 473 
65186 1773 
65270 1369 
65350 755 
65352 402 
65441 2979 
65449 337 
65463 3571 
65530 618 
65609 151 
65672 2115 
65672 749 
65696 15 
65729 195 
65832 1153 
65844 65 
65957 842 
65987 138 
66011 1049 
66027 972 
66094 141 
66132 144 
66143 152 
66191 929 
66259 1788 
66273 513 
66318 58 
66503 6643 
66511 156 
66606 239 
66636 449 
66645 104 
66649 732 
66905 4193 
67028 469 
67036 327 
67068 211 
67071 91 
67090 1298 
67091 118 
67094 1590 
67106 81 
67123 1091 
67168 1550 
67217 2446 
67327 1572 
67329 4828 
67470 1335 
67485 575 
67486 863 
67524 1052 
67594 139 
67595 32 
67743 730 
67773 388 
67791 416 
67792 52 
67821 972 
67987 1044 
68059 1124 
68119 737 
68151 153 
68343 355 
68370 944 
68393 594 
68467 361 
68469 3806 
68480 494 
68505 98 
68688 590 
68722 1396 
68729 154 
68783 169 
68785 1266 
68788 236 
68832 1578 
68941 75 
69009 1476 
69077 2506 
69101 2116 
69134 171 
69159 1214 
69233 3501 
69236 396 
69405 3648 
69416 531 
69469 426 
69566 2732 
69578 2925 
69613 750 
69684 133 
69729 1532 
69730 818 
69940 1679 
70116 2156 
70118 712 
70405 692 
70463 1308 
70583 191 
70588 31 
70769 180 
70873 1102 
70973 773 
71295 3350 
71371 1680 
71426 323 
71429 701 
71552 105 
71779 552 
71828 1441 
71884 150 
71906 752 
71914 225 
71954 170 
71978 2035 
71980 437 
72085 964 
72102 10 
72190 170 
72342 439 
72579 101 
72601 22 
72634 646 
72752 1871 
72775 289 
72777 208 
72795 540 
72890 54 
72890 997 
72898 721 
72997 1109 
73046 909 
73089 297 
73196 2199 
73238 344 
73354 563 
73517 486 
73530 1040 
73826 1395 
73831 151 
73847 235 
73879 1050 
73915 378 
74253 688 
74287 39 
74293 58 
74398 557 
74435 354 
74467 181 
74733 1017 
74825 1596 
74829 836 
75010 1058 
75046 770 
75221 68 
75229 326 
75256 358 
75259 70 
75410 231 
75578 1056 
75616 143 
75797 392 
75843 561 
75893 839 
75915 1931 
75997 320 
76086 1474 
76093 1551 
76093 1325 
76113 324 
76258 84 
76475 1117 
76854 3904 
77009 5338 
77015 766 
77019 1201 
77153 1153 
77186 182 
77421 506 
77698 1357 
77737 1480 
78040 92 
78048 192 
78090 1443 
78135 173 
78203 67 
78222 756 
78398 3090 
78558 512 
78636 1309 
78803 446 
78989 478 
79113 535 
79174 55 
79220 1271 
79239 1176 
79381 703 
79761 285 
79843 829 
79874 1237 
80044 1079 
80175 502 
80181 644 
80208 20 
80518 254 
80582 709 
80598 370 
80711 703 
80718 833 
80736 1265 
80776 111 
80808 1143 
80854 511 
80899 610 
80939 158 
81300 919 
81370 922 
81535 769 
81547 1316 
81566 1967 
81592 975 
81791 1376 
81856 196 
81881 2901 
82017 285 
82054 825 
82352 278 
82355 163 
82511 29 
83345 751 
83399 207 
83550 900 
83743 22 
83794 471 
83812 3095 
83835 387 
83858 14 
83881 77 
84161 1240 
84247 169 
84256 712 
84286 71 
84377 1917 
84387 378 
84633 416 
84909 811 
85123 415 
85133 27021 
85247 88 
85261 35 
85264 2415 
85275 5594 
85296 748 
85506 1155 
86001 265 
86039 857 
86094 362 
86129 2489 
86253 705 
86750 272 
86796 792 
86962 514 
87026 576 
87070 785 
87078 485 
87484 1630 
88144 831 
88468 39 
88684 1709 
88735 153 
88777 518 
88777 1538 
89315 2113 
89378 673 
89475 67 
89512 588 
89923 797 
90036 27 
90054 810 
90661 912 
90775 491 
90978 1424 
91235 382 
91274 396 
91298 145 
91885 333 
92144 279 
92518 860 
92542 566 
92790 47 
93115 1733 
93973 904 
94522 447 
94606 622 
94919 19 
94931 645 
94973 8667 
95210 370 
95559 236 
95817 25 
96087 251 
96442 231 
96918 86 
97417 1127 
97641 866 
97911 12 
98443 251 
98501 21 
98726 105 
98799 439 
98912 114 
99011 761 
99305 121 
99801 83 
99851 736 
99888 52 
99917 1365 
100208 22 
100360 722 
101630 3939 
101903 1001 
101923 24 
102240 1442 
102809 749 
103309 2338 
103810 1137 
104289 127 
104385 533 
104568 783 
104967 1170 
105477 823 
105813 1649 
105832 540 
105909 469 
106994 1116 
107838 4300 
108851 576 
109047 1211 
111078 129 
112725 479 
113000 116 
113117 142 
113817 106 
114001 2685 
114097 745 
114305 764 
114410 252 
114840 147 
115305 268 
115330 146 
115375 832 
117236 577 
117328 181 
117411 644 
117743 96 
118153 909 
118488 88 
118619 3347 
120934 47 
121010 17 
121204 762 
121821 1150 
121854 332 
122111 147 
122413 898 
122688 7 
123125 2255 
123180 6238 
123432 1860 
124211 1418 
124647 806 
125093 1308 
125208 28 
125975 2031 
126283 209 
126450 676 
126535 275 
126731 905 
127014 2594 
127063 73 
127151 70 
127932 146 
128109 193 
128435 252 
128482 135 
128690 795 
128721 512 
128909 1005 
128933 1975 
129043 102 
129113 288 
129494 4017 
129622 2519 
130069 1089 
130083 773 
130316 280 
130333 1216 
130477 245 
131156 822 
131163 442 
131172 93 
131177 680 
131689 7916 
131950 116 
132410 281 
132511 380 
132977 644 
133213 1629 
133460 1420 
133909 443 
133954 140 
134140 413 
134527 1210 
134557 1373 
134615 1044 
134800 20 
134958 168 
135038 1073 
135125 319 
135283 1609 
135971 1210 
136205 173 
136213 31 
136557 311 
136591 581 
137164 199 
137710 274 
137754 542 
137798 1070 
137836 25 
137842 36 
138127 349 
138234 153 
138407 419 
138530 306 
138611 178 
138829 2786 
138965 819 
138989 1442 
140111 1523 
140209 856 
140250 1559 
140429 1447 
140437 2 
140596 831 
140672 1736 
141059 1165 
141189 1940 
141433 534 
141802 475 
142042 56 
142347 4938 
142940 234 
143306 364 
143495 95 
143738 704 
143883 472 
143888 631 
144205 833 
144663 6238 
144801 2080 
144822 164 
144978 104 
145149 2608 
145523 1310 
145678 231 
145712 588 
145778 59 
145879 308 
145913 1707 
145984 95 
146143 3 
146291 2617 
146367 2599 
146422 1243 
146687 5 
147024 134 
147184 625 
147277 1781 
147777 27 
147989 585 
148429 928 
148573 777 
149073 1132 
149211 931 
149798 1118 
149820 211 
149827 96 
150213 2 
151048 1454 
151444 1130 
151836 1260 
151978 1336 
152145 807 
152204 28 
152213 46 
152256 1007 
152753 2225 
153111 637 
154468 1109 
154508 67 
154690 1138 
154859 433 
155292 31 
155693 566 
156145 1098 
156838 307 
156874 2154 
156890 103 
156961 1479 
157442 573 
157531 18 
157544 1344 
157973 1446 
157991 45 
158039 177 
158068 413 
158358 111 
159602 433 
159621 96 
159969 779 
160076 665 
160435 26 
160563 1108 
160596 186 
160662 2846 
160699 1595 
160877 15 
161185 1062 
161422 246 
162534 381 
162694 9 
163239 49 
163496 252 
163606 113 
164656 1079 
164946 1343 
165807 891 
165828 207 
165995 317 
166686 1869 
166904 284 
167055 257 
167587 655 
167643 1206 
168417 206 
168667 1230 
168837 700 
169056 629 
169057 219 
170188 609 
171675 785 
171984 360 
173718 211 
174227 326 
181938 7 
182398 1178 
183273 133 
184272 1737 
189248 215 
192441 122 
193704 914 
195485 1957 
205899 1516 
205908 63 
209215 174 
210964 342 
211217 929 
212970 5716 
213671 1240 
214185 210 
214881 30 
215914 884 
216730 174 
218122 994 
218553 187 
219416 552 
222023 2813 
226574 436 
227192 544 
228092 10 
228159 747 
229725 1439 
232789 1611 
233013 84 
233212 115 
235600 536 
236680 2020 
236772 606 
237055 40 
238009 513 
238344 811 
239263 238 
240341 139 
240346 122 
240540 1974 
240759 81 
241043 189 
242978 59 
243719 842 
245178 259 
245909 415 
248347 452 
250358 30 
252195 165 
252219 305 
252836 487 
254372 1743 
254680 76 
257802 872 
259759 57 
259817 11 
262283 1922 
264273 1394 
265168 219 
265294 758 
266869 84 
270603 66 
272042 1823 
287129 123 
288231 1537 
295602 31 
296061 48 
299879 739 
300412 691 
300686 1404 
304150 228 
306608 2666 
311267 1241 
311608 416 
316547 1054 
318229 194 
319732 648 
322720 323 
327770 1761 
331491 772 
336155 243 
337005 160 
338895 1409 
341086 1 
343491 219 
348981 151 
354559 1357 
355147 281 
388228 1198 
391192 859 
395019 709 
395853 598 
397283 15 
404815 1613 
415247 134 
423077 122 
430146 789 
431710 21 
438396 737 
444359 126 
453659 179 
482549 63 
503559 839 
515004 64 
517298 539 
520212 1439 
521157 359 
550263 2492 
567186 348 
580799 122 
587708 256 
589207 10 
596649 166 
