3480 11.4117476852
0 2692272 
27 764 
28 23 
29 104 
32 431 
32 1556 
36 438 
36 33 
37 72 
40 148 
40 289 
41 66 
41 35 
42 572 
44 177 
46 271 
47 232 
48 1051 
50 495 
50 419 
51 2082 
51 345 
51 190 
52 28 
52 405 
52 74 
53 652 
54 357 
54 316 
55 3419 
55 24 
56 223 
58 101 
58 108 
61 241 
62 769 
62 45 
63 717 
64 207 
64 42 
65 225 
65 109 
69 347 
69 77 
72 37 
72 32 
73 138 
73 127 
75 522 
77 222 
77 434 
78 331 
81 1218 
82 496 
83 16 
83 276 
84 1165 
84 584 
85 1057 
86 413 
86 1047 
89 86 
92 1067 
93 165 
96 376 
99 2695 
102 95 
103 1029 
103 170 
103 46 
103 1204 
104 119 
106 50 
107 323 
107 34 
108 566 
109 305 
110 303 
111 565 
112 452 
114 225 
115 487 
116 220 
116 331 
118 879 
118 27 
118 81 
118 833 
119 366 
122 1211 
124 116 
124 107 
127 494 
127 1048 
130 93 
132 468 
134 480 
135 594 
135 483 
137 880 
137 682 
139 19 
140 513 
140 317 
141 280 
141 49 
142 1401 
145 117 
146 180 
147 94 
150 1332 
151 156 
151 757 
152 321 
153 649 
153 54 
155 244 
157 266 
159 1072 
159 300 
159 74 
159 1028 
159 1109 
162 302 
162 45 
163 1995 
164 180 
167 7 
171 49 
175 300 
176 120 
176 350 
176 4153 
178 123 
178 36 
179 478 
181 777 
181 1152 
184 123 
186 98 
189 79 
189 1050 
190 4078 
190 120 
191 66 
198 1196 
198 262 
200 220 
201 6 
202 1784 
209 122 
210 29 
211 963 
213 831 
213 900 
214 746 
216 268 
217 32 
219 4255 
221 479 
221 143 
224 53 
225 92 
226 160 
228 22 
229 86 
232 44 
232 339 
236 146 
243 483 
243 267 
243 271 
250 113 
251 126 
251 120 
252 161 
258 18 
261 46 
261 27 
262 280 
262 532 
263 539 
265 70 
267 78 
268 575 
271 146 
272 30 
272 1381 
273 690 
274 23 
275 12 
283 157 
283 52 
289 119 
290 973 
292 99 
293 361 
295 300 
297 5462 
299 648 
306 256 
308 135 
308 285 
308 4 
310 420 
315 40 
316 747 
322 1742 
325 294 
327 139 
330 2031 
337 115 
341 1095 
346 182 
350 1314 
350 127 
351 158 
351 282 
361 266 
362 156 
367 1234 
369 707 
371 316 
374 169 
395 88 
396 489 
397 404 
399 693 
399 720 
401 132 
405 872 
409 129 
409 2510 
413 172 
413 12 
415 37 
418 311 
432 15 
433 356 
437 209 
439 21 
454 159 
458 855 
458 204 
462 263 
465 1113 
465 404 
472 684 
480 1880 
482 328 
489 248 
507 204 
517 101 
520 72 
520 131 
521 343 
531 1900 
533 3 
547 779 
552 222 
556 14 
556 212 
564 1729 
564 137 
566 131 
566 87 
575 332 
576 354 
585 136 
590 41 
591 62 
595 3342 
612 1397 
612 180 
623 123 
634 54 
640 256 
642 28 
643 170 
644 943 
645 32 
645 48 
650 651 
651 635 
654 316 
657 183 
661 1306 
661 834 
666 490 
668 464 
676 1538 
686 18 
690 244 
690 193 
690 217 
694 699 
698 474 
705 1154 
712 208 
712 119 
718 233 
724 384 
750 30 
752 4407 
765 100 
765 2269 
766 278 
768 459 
771 76 
772 253 
773 275 
804 486 
805 6 
811 872 
813 88 
823 31 
825 632 
825 11 
831 65 
840 0 
845 98 
846 196 
848 16 
852 197 
861 2955 
870 122 
871 65 
873 257 
878 4669 
880 639 
907 483 
916 348 
916 267 
933 34 
958 620 
961 499 
970 271 
979 106 
983 32 
989 117 
996 87 
997 47 
1000 1171 
1012 366 
1020 144908 
1022 103 
1026 95 
1031 5129 
1039 1779 
1041 156 
1047 549 
1057 596 
1062 35 
1063 1 
1070 93 
1072 68 
1074 122 
1077 214 
1078 2421 
1082 1429 
1083 906 
1087 434 
1095 36 
1105 139 
1110 3173 
1113 860 
1116 430 
1119 1192 
1123 291 
1133 21 
1136 245 
1136 65 
1142 8 
1153 9 
1165 163 
1174 140 
1176 107 
1192 146 
1195 476 
1199 90 
1208 569 
1216 38 
1226 3108 
1234 2953 
1238 188 
1239 21 
1247 43 
1255 24 
1259 1710 
1286 408 
1301 229 
1302 444 
1309 157 
1312 144 
1315 167 
1320 1447 
1323 21 
1327 484 
1328 540 
1329 1113 
1329 59 
1334 236 
1336 786 
1347 332 
1347 143 
1348 348 
1351 671 
1359 757 
1363 224 
1369 145 
1388 305 
1393 90 
1394 323 
1421 296 
1431 206 
1434 6 
1455 378 
1467 122 
1514 43 
1519 1484 
1520 729 
1523 597 
1532 83 
1532 789 
1532 43 
1553 9 
1557 235 
1559 416 
1573 2 
1576 1957 
1594 185 
1594 354 
1602 358 
1607 58 
1610 2796 
1616 46 
1619 64 
1628 133 
1646 7 
1652 151 
1657 390 
1664 346 
1667 180 
1678 521 
1690 291 
1725 202 
1758 132 
1761 109 
1762 30 
1764 1447 
1765 26 
1786 418 
1791 36 
1794 250 
1799 246 
1809 741 
1809 2037 
1819 183 
1831 128 
1846 128 
1849 63 
1850 351 
1898 45 
1924 35 
1925 28 
1926 127 
1942 180 
1949 816 
1968 1192 
1972 783 
1976 285 
1984 218 
1994 546 
1997 158 
2004 137 
2007 1392 
2026 127 
2028 19 
2034 521 
2037 109 
2037 108 
2038 978 
2069 15 
2069 91 
2084 72 
2093 999 
2093 173 
2095 56 
2099 33 
2109 511 
2109 420 
2117 719 
2129 166 
2130 553 
2172 3719 
2179 2353 
2182 1146 
2182 1146 
2184 54 
2189 807 
2192 328 
2206 939 
2216 37 
2233 2273 
2236 531 
2236 20 
2241 1125 
2242 140 
2244 181 
2251 2011 
2254 182 
2274 109 
2278 431 
2294 1481 
2296 297 
2296 1811 
2296 319 
2298 932 
2308 785 
2313 1948 
2313 19 
2323 128 
2332 139 
2340 313 
2343 42 
2346 164 
2350 89 
2362 685 
2362 245 
2368 80 
2368 338 
2374 152 
2385 141 
2389 67 
2393 11 
2402 45 
2423 872 
2430 692 
2440 107 
2444 439 
2451 41 
2462 857 
2463 100 
2472 438 
2473 113 
2478 148 
2485 84 
2518 431 
2519 10 
2528 596 
2529 299 
2537 94 
2548 10 
2552 51 
2568 29 
2573 922 
2587 264 
2603 118 
2618 38 
2652 297 
2652 184 
2655 995 
2656 390 
2709 394 
2734 15 
2737 787 
2737 143 
2741 271 
2749 334 
2757 5 
2795 735 
2801 194 
2810 111 
2831 207 
2832 130 
2869 1544 
2893 124 
2894 31 
2899 37 
2911 50 
2913 382 
2922 124 
2925 228 
2946 471 
2954 179 
2981 48 
2987 185 
2995 274 
2999 200 
3008 0 
3023 67 
3026 1392 
3029 213 
3038 1671 
3057 262 
3057 110 
3062 163 
3090 76 
3113 5 
3120 101 
3125 102 
3134 185 
3139 155 
3147 82 
3156 62 
3161 1771 
3186 74 
3202 40 
3211 71 
3212 3909 
3230 1163 
3247 211 
3248 48 
3314 90 
3340 701 
3357 11 
3375 85 
3397 365 
3398 59 
3399 76 
3417 8 
3436 504 
3442 116 
3457 203 
3462 109 
3477 332 
3490 218 
3496 3 
3521 79 
3536 131 
3540 80 
3540 227 
3545 152 
3561 46 
3602 2301 
3623 677 
3636 59 
3704 1 
3706 119 
3739 25 
3754 409 
3785 32 
3795 142 
3833 38 
3837 197 
3842 184 
3854 103 
3865 67 
3881 970 
3893 2344 
3966 1 
3970 591 
3999 156 
4049 337 
4051 50 
4059 458 
4068 71 
4070 61 
4071 58 
4080 343 
4083 47 
4085 123 
4104 586 
4127 234 
4154 121 
4161 251 
4162 216 
4192 46 
4258 167 
4262 128 
4267 103 
4277 212 
4285 73 
4288 117 
4311 62 
4330 467 
4359 30 
4363 10 
4370 3711 
4394 346 
4438 16 
4443 379 
4448 135 
4448 1275 
4485 77 
4491 87 
4518 116 
4540 532 
4569 534 
4595 679 
4632 1259 
4674 142 
4677 117 
4700 13 
4716 131 
4749 6 
4751 237 
4752 1307 
4753 88 
4804 6 
4820 137 
4823 44 
4824 76 
4828 19 
4857 2005 
4887 236 
4895 589 
4917 1451 
4927 666 
4941 418 
4964 581 
5003 40 
5024 80 
5051 27 
5052 16 
5058 217 
5085 635 
5089 3127 
5100 5 
5128 38 
5140 219 
5141 183 
5201 1052 
5203 437 
5207 207 
5208 182 
5221 12 
5238 2193 
5262 78 
5290 122 
5342 203 
5402 161 
5413 37 
5426 55 
5466 263 
5479 0 
5480 826 
5510 71 
5514 157 
5544 159 
5546 203 
5557 43 
5579 83 
5581 477 
5595 54 
5611 204 
5617 718 
5619 289 
5665 219 
5706 48 
5711 36 
5778 221 
5815 277 
5819 1191 
5825 405 
5846 44 
5890 37 
5890 469 
5892 113 
5906 16 
5914 102 
5929 42 
5935 321 
5943 16 
5980 641 
5991 173 
6126 75 
6137 63 
6163 155 
6179 2792 
6188 170 
6195 279 
6195 279 
6210 41 
6210 41 
6229 260 
6229 260 
6249 348 
6249 348 
6257 142 
6257 142 
6273 233 
6279 54 
6297 1675 
6385 212 
6385 4 
6406 48 
6583 20 
6583 908 
6587 904 
6603 320 
6609 22 
6611 125 
6650 15 
6652 274 
6653 350 
6682 213 
6721 22 
6737 698 
6741 209 
6762 108 
6770 99 
6776 30 
6795 15 
6818 280 
6845 1237 
6872 1631 
6884 954 
6905 89 
6915 581 
6927 35 
6930 3155 
6955 512 
6999 2713 
6999 21 
7014 128 
7022 1040 
7024 858 
7031 352 
7071 3793 
7095 338 
7100 275 
7131 2003 
7142 7 
7176 160 
7209 774 
7229 1008 
7249 0 
7279 657 
7296 557 
7354 24 
7355 1804 
7362 138 
7365 111 
7376 506 
7399 102 
7433 38 
7502 56 
7533 442 
7536 248 
7549 157 
7633 396 
7645 1138 
7647 150 
7711 174 
7719 21 
7725 96 
7771 2006 
7785 108 
7806 1591 
7832 50 
7838 223 
7840 377 
7845 43 
7848 446 
7938 50 
7945 186 
8005 6721 
8018 275 
8045 25 
8049 13871 
8049 999 
8063 184 
8104 70 
8109 15 
8140 317 
8149 99 
8173 101 
8192 112 
8230 1004 
8280 15 
8344 150 
8425 13 
8466 3135 
8473 61 
8509 1442 
8542 14 
8633 48 
8643 33 
8692 22 
8708 1532 
8777 467 
8804 30 
8815 161 
8818 112 
8869 24 
8896 1531 
8903 1143 
8942 161 
8984 320 
8985 30 
9013 333 
9019 1441 
9059 68 
9068 598 
9113 254 
9126 459 
9129 1445 
9144 183 
9157 2448 
9170 77 
9196 39 
9196 518 
9206 453 
9234 28 
9266 239 
9276 312 
9282 70 
9317 343 
9321 48 
9323 190 
9324 616 
9346 976 
9346 1167 
9412 26 
9447 1604 
9448 74 
9493 573 
9517 39 
9539 200 
9573 316 
9597 146 
9641 164 
9661 193 
9686 1272 
9707 320 
9731 105 
9775 1412 
9898 1708 
9912 907 
9926 164 
9941 200 
9950 12 
9954 144 
9986 474 
9986 48 
10001 1040 
10051 639 
10121 149 
10195 1829 
10292 357 
10345 206 
10367 30 
10433 294 
10444 90 
10470 0 
10521 456 
10529 214 
10533 31 
10567 241 
10631 54 
10652 15 
10696 162 
10702 573 
10728 81 
10745 28 
10752 2670 
10756 317 
10773 713 
10774 145 
10790 228 
10796 795 
10799 190 
10834 125 
10909 555 
10948 495 
11191 46 
11252 75 
11254 1447 
11262 96 
11295 162 
11316 64 
11348 38 
11352 305 
11366 962 
11393 1215 
11397 127 
11414 1382 
11415 78 
11461 1768 
11512 381 
11555 2019 
11572 202 
11586 310 
11589 723 
11626 99 
11629 461 
11696 131 
11697 998 
11722 894 
11729 58 
11742 1128 
11760 78 
11774 1745 
11787 31 
11817 485 
11839 33 
11843 1029 
11863 846 
11891 23 
11930 126 
11978 350 
12067 193 
12102 545 
12110 779 
12154 138 
12160 352 
12231 481 
12233 70 
12239 140 
12282 29 
12339 98 
12343 246 
12391 486 
12444 334 
12476 55 
12511 139 
12526 681 
12534 113 
12569 22 
12578 793 
12593 248 
12597 1431 
12612 12 
12616 723 
12621 283 
12634 1279 
12638 483 
12652 2013 
12685 624 
12689 191 
12690 2228 
12724 157 
12758 1281 
12782 1286 
12798 366 
12803 568 
12869 1341 
12905 1222 
12937 3285 
12938 212 
12974 206 
13057 2824 
13076 419 
13086 3018 
13247 763 
13292 1060 
13296 92 
13297 1028 
13332 232 
13404 707 
13471 324 
13514 16 
13518 1442 
13601 1555 
13611 110 
13621 644 
13686 7283 
13741 614 
13757 3635 
13761 649 
13786 338 
13850 2264 
13852 129 
13946 917 
13955 274 
14068 118 
14079 945 
14117 120 
14153 977 
14193 52 
14254 117 
14274 1017 
14291 293 
14326 100 
14327 1227 
14331 380 
14381 2674 
14385 607 
14413 143 
14415 55 
14448 499 
14555 416 
14621 460 
14624 43 
14832 1142 
14833 72 
14835 65 
14856 535 
14864 174 
15119 625 
15144 495 
15176 801 
15205 23 
15262 450 
15296 442 
15318 2352 
15459 54 
15462 50 
15481 1944 
15486 294 
15506 96 
15526 14 
15534 348 
15595 300 
15623 975 
15626 1061 
15650 1348 
15652 179 
15663 1426 
15703 123 
15707 331 
15707 1119 
15771 628 
15793 5073 
15878 190 
15922 3872 
15924 79 
15927 34 
15948 43 
15965 199 
16094 1260 
16108 157 
16255 241 
16419 339 
16423 117 
16423 78 
16534 688 
16553 283 
16560 1027 
16656 70 
16657 1041 
16682 963 
16691 674 
16711 120 
16726 1361 
16727 735 
16823 1519 
16844 9 
16869 13 
16886 82 
16897 1853 
16989 296 
16992 874 
17041 260 
17045 1489 
17088 2002 
17196 504 
17199 254 
17239 136 
17250 687 
17402 197 
17479 1028 
17540 261 
17547 1253 
17620 778 
17778 1550 
17786 120 
17812 118 
17847 94 
17911 36 
17961 471 
18063 766 
18092 371 
18110 243 
18122 676 
18128 808 
18132 520 
18133 542 
18248 90 
18388 331 
18393 267 
18471 186 
18544 300 
18548 287 
18622 86 
18628 223 
18635 104 
18641 434 
18680 2718 
18681 1712 
18764 77 
18776 700 
18801 28 
18818 19 
18916 118 
18920 222 
18932 336 
19037 587 
19042 710 
19050 1232 
19051 289 
19067 147 
19073 1669 
19089 261 
19094 4895 
19097 1012 
19099 263 
19099 194 
19102 990 
19113 1481 
19168 417 
19212 637 
19273 185 
19273 198 
19286 1633 
19299 54 
19324 199 
19333 787 
19351 144 
19414 2310 
19427 1396 
19450 761 
19453 1203 
19475 500 
19570 26 
19597 402 
19613 346 
19626 58 
19714 1611 
19729 982 
19731 321 
19738 1257 
19749 642 
19758 1099 
19764 161 
19764 830 
19766 448 
19781 175 
19787 293 
19791 338 
19795 593 
19901 529 
19902 480 
19920 402 
19921 3117 
19927 1448 
20031 70 
20033 363 
20039 404 
20099 926 
20110 89 
20128 165 
20130 142 
20144 87 
20198 543 
20220 3 
20377 4843 
20387 686 
20414 209 
20433 2122 
20528 48 
20533 560 
20548 365 
20553 119 
20572 998 
20575 814 
20671 1714 
20675 305 
20685 1007 
20704 399 
20720 276 
20723 1192 
20724 85 
20730 99 
20737 97 
20768 514 
20809 64 
20824 100 
20827 781 
20862 663 
20992 45 
21008 566 
21022 372 
21030 1783 
21056 16 
21061 879 
21159 392 
21174 1044 
21181 342 
21193 1823 
21215 90 
21240 525 
21355 31 
21375 373 
21376 2157 
21380 45 
21384 359 
21388 1883 
21419 252 
21526 1424 
21542 290 
21562 55 
21586 158 
21662 434 
21674 33 
21722 5226 
21732 330 
21733 86 
21741 1533 
21821 459 
21839 1445 
21849 198 
21874 125 
21885 71 
21908 268 
21916 709 
21924 1756 
21925 264 
21992 326 
22008 1000 
22061 529 
22165 26 
22183 408 
22219 959 
22239 537 
22306 570 
22336 719 
22339 1373 
22343 450 
22345 4725 
22354 1512 
22369 2070 
22389 278 
22391 427 
22405 422 
22487 238 
22507 912 
22564 465 
22566 752 
22583 125 
22593 292 
22697 1629 
22737 194 
22757 364 
22767 334 
22768 1706 
22773 191 
22864 25 
22878 548 
23258 137 
23340 591 
23360 473 
23465 79 
23474 1113 
23478 475 
23547 775 
23559 255 
23569 525 
23570 166 
23705 131 
23736 232 
23768 3686 
23784 564 
23786 582 
23809 516 
23812 48 
23920 662 
23980 622 
23986 279 
24073 637 
24080 18 
24082 403 
24098 128 
24151 543 
24156 215 
24158 187 
24166 27 
24169 63 
24173 324 
24175 1629 
24189 1490 
24189 362 
24213 3024 
24229 1871 
24320 424 
24325 31 
24333 212 
24345 878 
24345 168 
24347 102 
24351 732 
24381 1610 
24395 6338 
24412 20 
24432 198 
24453 1988 
24455 668 
24540 508 
24542 79 
24550 1181 
24584 243 
24608 508 
24620 17 
24686 667 
24731 655 
24817 1263 
24826 253 
24835 140 
24863 94 
24907 1096 
25042 579 
25123 848 
25171 821 
25188 31 
25196 26305 
25238 67 
25239 296 
25253 137 
25266 923 
25289 1020 
25355 1289 
25363 1171 
25374 231 
25381 201 
25391 47 
25400 11 
25486 763 
25515 85 
25518 172 
25526 4154 
25528 188 
25553 1005 
25557 336 
25563 13 
25635 914 
25694 20 
25720 4 
25776 17 
25814 623 
25897 195 
25942 1174 
25944 179 
25976 256 
25978 57 
25996 1185 
26009 860 
26024 70 
26039 98 
26050 172 
26096 320 
26167 2425 
26177 985 
26181 360 
26225 883 
26228 331 
26264 5670 
26274 33 
26312 422 
26443 554 
26451 3269 
26452 341 
26491 2763 
26500 1851 
26508 1310 
26518 1374 
26536 276 
26538 2350 
26560 343 
26573 128 
26605 879 
26627 108 
26690 128 
26715 125 
26720 125 
26738 250 
26791 31 
26796 57 
26817 863 
26847 775 
26872 1886 
26928 1316 
26931 247 
26942 549 
27053 1482 
27056 155 
27058 1518 
27079 94 
27092 396 
27104 3009 
27119 178 
27119 413 
27130 468 
27201 97 
27203 2861 
27222 899 
27238 6 
27255 165 
27335 1209 
27461 30 
27474 485 
27525 480 
27528 1249 
27530 538 
27634 335 
27733 1746 
27789 174 
27799 48 
27814 24 
27817 41 
27825 978 
27865 265 
27889 615 
27914 415 
27928 268 
27955 1594 
27978 265 
27986 2563 
28122 2 
28136 94 
28138 232 
28184 998 
28184 3405 
28221 288 
28223 14 
28269 423 
28281 270 
28284 36 
28316 1880 
28396 2039 
28423 61 
28430 2407 
28577 421 
28594 2282 
28650 105 
28673 350 
28684 7 
28698 233 
28705 237 
28747 200 
28779 1807 
28781 316 
28782 1262 
28787 20 
28847 633 
28866 410 
28867 1708 
28965 248 
28975 1319 
28982 163 
29346 238 
29359 305 
29374 127 
29378 489 
29385 925 
29392 4 
29396 214 
29401 193 
29411 173 
29428 1280 
29432 781 
29456 756 
29468 1733 
29492 240 
29627 305 
29630 910 
29640 556 
29659 1442 
29659 1058 
29669 258 
29751 17 
29828 130 
29829 790 
29886 819 
29926 862 
29953 1663 
29966 2728 
30011 570 
30100 75 
30122 3434 
30124 423 
30155 518 
30207 303 
30214 4771 
30277 653 
30279 61 
30313 2629 
30325 169 
30442 451 
30619 9 
30619 58 
30650 857 
30673 235 
30719 1072 
30758 4914 
30821 1 
30845 1082 
30891 387 
30898 5089 
30905 2899 
30936 2422 
30944 1075 
30983 568 
30995 425 
30999 642 
31011 917 
31027 24 
31048 664 
31061 354 
31088 666 
31096 159 
31202 4328 
31236 264 
31262 484 
31269 306 
31275 562 
31279 129 
31300 1161 
31321 172 
31323 1141 
31336 429 
31451 406 
31462 340 
31500 502 
31525 1017 
31554 209 
31587 1969 
31677 49 
31713 718 
31749 767 
31752 650 
31790 107 
31829 259 
31834 346 
31853 412 
31893 97 
31927 3 
31941 73 
32051 322 
32195 481 
32207 6411 
32222 584 
32283 49 
32310 1750 
32324 509 
32390 639 
32395 1240 
32420 152 
32430 328 
32515 576 
32553 187 
32562 14 
32567 783 
32578 813 
32620 2178 
32627 257 
32632 53 
32701 2160 
32705 1043 
32733 5255 
32755 1238 
32762 72 
32822 141 
32844 109 
32857 628 
32932 426 
32935 211 
33033 645 
33054 408 
33199 819 
33247 398 
33281 768 
33292 1459 
33339 1464 
33345 363 
33514 2486 
33522 668 
33560 239 
33564 81 
33567 161 
33571 390 
33582 706 
33584 257 
33584 248 
33619 375 
33666 152 
33673 1703 
33683 39 
33719 368 
33723 1018 
33733 282 
33738 1984 
33770 149 
33848 628 
33860 1504 
33877 216 
33883 229 
33883 792 
33904 260 
33997 756 
33999 3706 
33999 673 
34009 228 
34012 718 
34059 166 
34095 6262 
34112 314 
34118 146 
34122 3079 
34141 133 
34154 367 
34170 1988 
34176 958 
34184 836 
34265 1787 
34266 111 
34314 9 
34353 324 
34375 407 
34412 938 
34424 174 
34476 1791 
34478 683 
34489 572 
34492 98 
34504 267 
34508 296 
34581 170 
34589 1074 
34695 861 
34731 151 
34752 27 
34780 518 
34784 2702 
34814 2254 
34830 134 
34865 25 
35170 2990 
35254 9 
35278 791 
35337 709 
35367 120 
35386 56 
35392 310 
35424 72 
35445 437 
35468 150 
35655 164 
35663 223 
35689 65 
35698 537 
35774 1702 
35804 222 
35829 1357 
35933 582 
35964 7 
35981 385 
36003 229 
36007 3615 
36012 400 
36042 1069 
36069 620 
36075 36 
36109 980 
36132 1148 
36132 261 
36142 1687 
36155 752 
36207 64 
36210 314 
36215 227 
36299 49 
36362 6002 
36390 5663 
36405 784 
36422 1664 
36465 861 
36482 752 
36516 200 
36526 302 
36611 294 
36644 740 
36665 270 
36697 1338 
36736 175 
36743 2111 
36772 271 
36773 544 
36777 305 
36796 2060 
36865 171 
36971 2 
36986 744 
37027 16 
37030 30 
37035 199 
37075 2108 
37106 955 
37121 351 
37158 1760 
37168 1102 
37173 138 
37178 1556 
37264 2491 
37333 295 
37350 73 
37357 3870 
37358 570 
37373 17 
37374 431 
37431 349 
37452 1120 
37514 220 
37520 562 
37550 196 
37565 2157 
37590 106 
37602 393 
37611 280 
37617 119 
37618 774 
37619 283 
37637 50 
37643 772 
37677 2138 
37705 1042 
37716 511 
37719 419 
37764 730 
37769 652 
37785 199 
37786 74 
37789 118 
37843 209 
37945 407 
37959 375 
38026 3863 
38044 1870 
38083 14 
38102 849 
38103 1843 
38116 183 
38127 1429 
38150 862 
38153 1744 
38268 234 
38307 2514 
38310 285 
38311 483 
38314 729 
38328 753 
38357 1577 
38358 163 
38360 2000 
38494 344 
38511 9 
38537 181 
38553 901 
38571 724 
38618 521 
38654 424 
38662 1343 
38668 182 
38847 61 
38917 2825 
38932 841 
38987 45 
39001 1132 
39150 412 
39177 806 
39224 97 
39224 950 
39233 477 
39262 567 
39302 94 
39319 993 
39320 158 
39410 2589 
39419 1669 
39449 1701 
39454 179 
39482 4184 
39489 2219 
39566 106 
39760 2947 
39776 492 
39781 378 
39801 91 
39836 688 
39909 967 
39916 2916 
40049 1097 
40080 572 
40103 2202 
40129 309 
40145 233 
40162 1437 
40190 280 
40206 429 
40288 93 
40296 189 
40357 15 
40374 1657 
40374 1430 
40397 10 
40401 516 
40411 1410 
40443 284 
40464 97 
40481 197 
40488 499 
40491 170 
40594 210 
40627 587 
40664 1647 
40726 767 
40757 62 
40865 654 
40874 1160 
40883 454 
40903 562 
40920 935 
40924 1475 
40933 106 
40945 1268 
40965 30 
40976 113 
40981 2284 
40999 282 
41019 192 
41030 634 
41187 1235 
41231 842 
41249 593 
41267 347 
41283 332 
41296 0 
41322 71 
41403 1208 
41412 153 
41418 119 
41440 2377 
41444 123 
41464 224 
41464 5181 
41475 1312 
41482 2208 
41498 7 
41512 7329 
41530 1810 
41546 3261 
41548 1381 
41551 126 
41561 45 
41584 1155 
41690 616 
41730 724 
41742 189 
41749 1071 
41956 233 
41989 196 
42022 161 
42048 429 
42074 1152 
42078 116 
42100 848 
42107 1319 
42117 9206 
42141 311 
42151 405 
42174 917 
42242 1160 
42254 1781 
42254 1160 
42266 294 
42291 35 
42338 21 
42448 20 
42638 748 
42645 1114 
42655 21 
42680 28 
42688 501 
42692 1402 
42726 71 
42736 371 
42817 2407 
42835 153 
42882 1324 
42895 3350 
42975 2395 
42981 183 
42985 1131 
43125 2188 
43190 1400 
43200 673 
43203 34 
43241 1292 
43264 439 
43280 2743 
43302 176 
43374 1099 
43434 1876 
43454 543 
43467 1394 
43482 597 
43500 833 
43502 191 
43504 57 
43507 4154 
43563 312 
43653 2944 
43730 345 
43766 333 
43880 1745 
43950 1310 
43957 615 
43987 493 
44051 749 
44133 380 
44204 207 
44209 165 
44287 1161 
44348 572 
44368 276 
44391 637 
44408 457 
44492 5540 
44502 130 
44553 1287 
44611 1222 
44618 446 
44626 6848 
44705 4670 
44718 143 
44727 486 
44739 2193 
44744 529 
44758 224 
44908 845 
44909 828 
44939 785 
44951 667 
44961 272 
45167 1727 
45170 231 
45181 150 
45192 60 
45238 187 
45250 104 
45260 154 
45275 560 
45292 1267 
45315 1105 
45324 413 
45329 110 
45335 507 
45475 164 
45490 4312 
45511 854 
45519 2607 
45523 29 
45533 1954 
45537 91 
45549 116 
45619 381 
45627 1980 
45637 285 
45638 109 
45656 352 
45673 857 
45678 159 
45698 228 
45748 247 
45825 582 
45856 230 
45862 754 
45876 22 
45882 1493 
45909 229 
45910 493 
45988 141 
46050 154 
46088 424 
46122 132 
46143 635 
46158 793 
46184 197 
46268 687 
46272 2833 
46274 386 
46329 33 
46337 184 
46340 383 
46347 4103 
46381 1368 
46557 158 
46689 1362 
46723 347 
46754 2797 
46778 710 
46806 840 
46807 1241 
46828 582 
46917 258 
46964 177 
46968 725 
46968 184 
46984 323 
47108 795 
47113 1057 
47117 975 
47133 490 
47138 146 
47158 1629 
47164 595 
47194 325 
47411 4096 
47439 261 
47447 161 
47601 128 
47725 422 
47755 1061 
47760 44 
47768 400 
47780 2894 
47780 203 
47791 174 
47819 751 
47902 230 
47905 1753 
47931 2539 
47962 203 
48093 552 
48164 3126 
48224 119 
48314 2076 
48346 425 
48356 2187 
48364 465 
48373 7381 
48434 2204 
48460 8023 
48461 672 
48469 3 
48471 292 
48475 734 
48483 223 
48492 183 
48494 2124 
48512 546 
48527 304 
48553 429 
48608 804 
48622 530 
48666 429 
48686 1738 
48691 428 
48719 407 
48731 21 
48812 834 
48816 641 
48825 1034 
48828 1402 
48854 351 
48854 939 
48876 711 
48908 1274 
48924 353 
49041 145 
49055 1185 
49074 142 
49078 327 
49084 72 
49104 941 
49228 23 
49268 1347 
49314 4 
49395 758 
49408 19 
49412 5737 
49416 3291 
49422 104 
49433 737 
49436 797 
49437 802 
49465 109 
49467 336 
49492 3850 
49496 30 
49507 1028 
49516 724 
49520 797 
49593 318 
49622 816 
49664 682 
49671 1029 
49693 566 
49754 1098 
49773 40 
49813 98 
49815 1763 
49850 3 
49861 596 
49881 183 
49900 755 
49993 2880 
49996 235 
50016 408 
50023 1945 
50050 1917 
50060 1336 
50066 461 
50205 245 
50212 132 
50241 595 
50242 1144 
50260 42 
50271 250 
50352 485 
50409 418 
50465 2311 
50564 346 
50579 420 
50601 796 
50634 3907 
50770 1422 
50822 252 
50856 384 
50984 430 
51012 1763 
51046 173 
51073 758 
51160 569 
51165 348 
51229 1309 
51357 197 
51371 9 
51427 1466 
51519 1367 
51562 254 
51698 1258 
51753 3686 
51839 411 
51874 1083 
51914 1963 
52053 673 
52086 537 
52104 1436 
52252 96 
52300 2375 
52330 320 
52394 105 
52445 177 
52448 168 
52643 194 
52810 98 
53026 3053 
53044 981 
53056 570 
53077 741 
53186 966 
53200 228 
53224 41 
53237 1217 
53337 1804 
53372 1406 
53390 160 
53394 910 
53411 1465 
53415 48 
53566 850 
53577 2320 
53667 3 
53696 96 
53740 277 
53901 177 
53917 650 
53966 226 
54051 493 
54075 1826 
54109 213 
54316 864 
54446 302 
54556 50 
54563 5537 
54621 932 
54647 227 
54742 254 
54776 22 
54892 321 
55070 475 
55098 145 
55114 83 
55165 98 
55226 394 
55380 3303 
55412 1058 
55427 208 
55429 2726 
55437 934 
55605 1742 
55640 781 
55709 128 
55723 144 
55734 312 
55783 175 
55871 121 
56109 1033 
56224 1229 
56233 2147 
56253 1007 
56254 2090 
56262 169 
56415 1126 
56483 13 
56565 2111 
56653 1090 
56657 3788 
56771 1187 
57299 10282 
57321 1225 
57379 359 
57465 120 
57468 712 
57480 2316 
57578 39 
57860 1462 
57864 506 
57902 8 
57963 1253 
58429 75 
58515 232 
58518 67 
58528 125 
58609 114 
58628 1873 
58650 240 
58688 2508 
58701 613 
58708 62 
58832 217 
58927 2137 
59125 1113 
59146 1430 
59148 1072 
59230 2150 
59239 170 
59283 642 
59357 1132 
59382 2066 
59424 331 
59439 2998 
59579 665 
59606 49 
59643 517 
59841 756 
59864 139 
59864 490 
60028 4064 
60398 90 
60763 2 
60807 967 
60811 1430 
60895 707 
61149 745 
61180 935 
61189 749 
61197 447 
61227 941 
61351 234 
61360 271 
61431 91 
61739 2832 
61760 34004 
61845 546 
61855 12948 
61885 142 
61936 655 
61944 396 
61952 610 
61979 71 
61996 314 
62009 115 
62015 1273 
62037 190 
62138 466 
62143 293 
62147 541 
62176 597 
62184 17 
62187 152 
62207 799 
62231 382 
62245 6730 
62277 921 
62296 65 
62300 1414 
62309 274 
62343 1573 
62363 368 
62444 49 
62548 573 
62552 112 
62708 52 
62712 71 
62758 201 
62764 934 
62787 277 
62821 3842 
62875 482 
63127 287 
63209 155 
63286 243 
63331 141 
63639 13 
63707 1269 
63710 825 
63857 341 
63940 1480 
63946 1339 
63971 542 
63999 1381 
64028 256 
64290 1669 
64300 486 
64378 1591 
64426 1977 
65238 698 
65270 992 
65318 5199 
65398 228 
65422 182 
65488 533 
65804 674 
65953 1126 
66032 302 
66280 1333 
66310 89 
66805 274 
66871 2932 
66909 534 
66933 699 
66973 79 
67059 3209 
67142 128 
67237 1570 
67319 161 
67341 634 
67342 102 
67425 975 
67600 125 
67665 233 
67777 258 
67809 861 
67852 4315 
68015 184 
68036 277 
68275 282 
68689 19 
68824 124 
68962 1177 
68989 258 
69220 1513 
69230 349 
69500 471 
69565 47 
69795 3114 
70358 1474 
70386 598 
70681 968 
70795 48 
70825 1300 
71932 375 
72230 135 
72344 1343 
72413 37 
72542 6512 
72577 3105 
72605 1520 
72968 3333 
73107 584 
73109 103 
74285 57 
74740 566 
74870 873 
75165 18020 
75217 1127 
75225 507 
75255 132 
75371 1045 
76057 1466 
77622 49627 
77657 45 
77690 6830 
77740 7 
77793 546 
77843 115 
77898 60 
77946 362 
78572 83 
78796 253 
79109 701 
79708 51 
80161 31 
80481 1136 
80551 200 
81779 553 
82112 2377 
83476 144 
83604 810 
83629 424 
83715 1348 
83723 841 
84727 340 
85341 1856 
85465 591 
85540 122 
86022 992 
86098 781 
86631 56 
88843 1269 
88994 824 
89400 1587 
89794 528 
89848 584 
90435 446 
90772 2550 
91204 561 
91415 216 
91570 36 
91988 762 
92093 173 
92345 417 
92506 1953 
92824 1116 
92886 193 
92936 90 
93049 749 
93058 768 
93070 25 
93213 281 
93440 150 
93898 229 
94050 19 
94424 60 
94541 236 
94893 480 
95093 3 
95302 931 
95326 1442 
95935 372 
96123 27 
96153 566 
96284 1586 
96463 311 
96783 877 
97752 618 
98287 1937 
98332 1192 
99070 2091 
99077 635 
99090 9498 
99126 1487 
99142 415 
99760 383 
100036 709 
100553 125 
100637 2406 
100720 1416 
100797 233 
101091 203 
101160 1620 
101179 1096 
101793 57 
101826 920 
101963 4 
102034 384 
102895 572 
103396 1914 
103417 291 
103492 1355 
103829 657 
104066 460 
104140 1952 
104345 26 
104660 1325 
104817 686 
106050 203 
106053 1329 
106336 1164 
107172 565 
107298 357 
107302 879 
107303 391 
107569 50 
107609 1 
107789 668 
107953 262 
108244 446 
108509 461 
108589 30 
108611 329 
108691 48 
108990 419 
109010 183 
109050 187 
109531 25598 
109542 630 
109692 75 
109709 2475 
109802 178 
109808 335 
110174 6468 
110329 169 
110372 815 
110927 1669 
111017 266 
111025 1568 
111435 1538 
111512 242 
111751 1042 
111763 1530 
112059 28 
112117 152 
112159 401 
112448 1903 
112717 12 
112966 619 
113052 72 
113084 42 
113099 152 
113306 95 
113339 174 
113402 665 
113464 1095 
113761 638 
113832 1350 
113977 268 
114089 339 
114175 77 
114419 1824 
114528 541 
114545 322 
114726 1692 
114817 1014 
115591 2017 
116022 176 
116052 656 
116318 1665 
116345 92 
116351 941 
116396 1018 
116469 1335 
116549 1621 
116635 204 
116692 1230 
116817 60 
116833 60 
116897 396 
117063 808 
117203 217 
117212 1608 
117226 40 
117466 621 
117574 451 
117713 240 
117980 46 
118148 170 
118252 3043 
118301 2787 
118510 248 
118635 609 
118640 779 
118892 23 
119249 105 
119521 366 
119555 89 
119584 296 
119725 11 
119736 1371 
119814 478 
119824 175 
119836 57 
119936 162 
120136 271 
120247 316 
120518 323 
120561 272 
120710 1815 
120781 2172 
120808 320 
120894 153 
121002 114 
121005 67 
121039 1814 
121040 221 
121148 1493 
121183 85 
121278 1792 
121292 1780 
121304 84 
121319 343 
121333 1425 
121334 2807 
121429 1313 
121582 462 
121604 124 
121619 376 
121680 279 
121685 484 
121727 339 
121804 348 
121893 828 
122005 459 
122047 399 
122091 200 
122154 938 
122432 557 
122465 1964 
122471 1181 
122560 1511 
122639 323 
122641 653 
122667 1043 
122904 142 
122907 4610 
122970 1163 
123041 1792 
123158 3087 
123197 189 
123207 1015 
123223 612 
123409 2147 
123490 151 
123507 1288 
123644 413 
123802 948 
123961 69 
123977 404 
124197 67 
124262 513 
124973 276 
125000 260 
125179 151 
125204 162 
125551 862 
125701 321 
125792 693 
126413 717 
126506 602 
126673 1027 
126775 1340 
126874 1530 
126950 692 
126965 1570 
127051 485 
127087 345 
127163 2957 
127363 312 
127688 152 
127768 2880 
128002 1007 
128173 1275 
128174 316 
128184 316 
128371 772 
128605 1336 
128620 1433 
128657 662 
128976 141 
129076 2429 
129100 47 
129101 873 
129249 38 
129302 304 
129345 64 
129403 188 
129609 525 
129645 744 
129736 510 
129756 298 
129800 58 
130030 149 
130536 1182 
130785 454 
131014 1605 
131062 6906 
131165 574 
131711 433 
131720 2280 
131745 735 
131802 48 
131936 1430 
132459 174 
132844 1554 
132871 119 
133100 294 
133244 124 
133254 828 
133260 1339 
133781 1369 
133978 442 
134232 925 
134340 55 
134366 215 
134395 410 
134396 28 
134529 1603 
134555 1874 
134748 10036 
135049 486 
135307 345 
135780 201 
135797 875 
135856 1995 
136074 346 
136126 784 
136327 1388 
136366 610 
136549 12 
136607 1526 
136609 428 
136815 562 
136923 530 
137068 22297 
137082 464 
137224 596 
137396 335 
137693 1618 
137786 43 
138207 149 
138262 1004 
138704 1596 
138842 1052 
138907 1448 
138945 485 
139361 1739 
139379 508 
139403 113 
139435 156 
139524 785 
140136 408 
140193 142 
140620 1507 
140731 169 
141124 769 
141149 890 
141163 346 
141580 1442 
141818 800 
142689 989 
143613 2360 
144092 261 
144425 232 
145197 341 
145527 367 
145916 880 
146097 2089 
146191 5 
146295 1876 
146515 3839 
146547 1356 
146581 398 
146656 886 
146674 222 
146697 4617 
146875 615 
147061 1711 
147079 216 
147124 1163 
147198 1096 
147264 144 
147468 317 
147876 1211 
147932 57 
148204 1060 
148391 1032 
148440 913 
148458 1258 
148510 1199 
148658 352 
148841 758 
148862 741 
148944 308 
148954 274 
149563 834 
149747 266 
149970 715 
150320 107 
150328 1667 
150406 1730 
151164 1138 
151243 906 
151436 114 
151542 130 
152081 553 
152106 593 
152180 606 
153749 1364 
153967 1607 
154215 219 
156564 114 
156691 457 
158189 221 
158236 266 
159117 729 
161015 161 
164136 1560 
166015 1180 
168150 6506 
168158 11 
168476 1844 
170654 1481 
171209 1094 
171356 119 
175665 85 
175788 326 
176082 2537 
176768 713 
180640 329 
181093 246 
181588 4 
181633 259 
182949 629 
184593 166 
184620 759 
184766 1763 
185004 344 
185780 32 
185804 836 
187298 1969 
187744 27 
188407 1640 
191151 1073 
191294 317 
191545 1225 
192015 175 
192252 2149 
192331 317 
193325 205 
194217 514 
194356 559 
194724 1449 
195354 750 
196003 1293 
196885 1144 
197204 888 
197438 1537 
197516 1146 
197597 549 
198089 182 
198603 22 
198783 645 
199037 551 
199996 524 
200044 1939 
200479 471 
200745 24 
201460 1746 
201732 727 
201744 368 
201830 798 
202168 413 
202954 489 
202983 1672 
203100 3532 
203807 659 
204876 3998 
205066 5 
205188 408 
206148 85 
206285 16305 
206325 1119 
206432 1171 
206459 140 
206852 590 
207419 858 
208687 742 
208712 83 
208976 2461 
209058 356 
209141 57 
209530 240 
209541 1331 
209574 1051 
209883 6622 
210234 231 
210605 243 
210758 699 
211661 115 
212036 1055 
212044 1059 
212103 212 
212210 375 
212235 396 
212864 369 
213132 133 
213602 41 
213608 246 
213864 53 
214518 1 
214547 181 
214753 66 
214785 402 
214867 144 
214873 699 
214943 66 
215242 1344 
215570 140 
215793 107 
216670 778 
216728 867 
216805 3114 
216912 3066 
217837 619 
218008 225 
218015 1364 
218078 156 
218098 628 
218368 1183 
218408 44 
218972 116 
219777 272 
219855 2012 
219970 476 
219994 1674 
220319 131 
220457 123 
220575 42 
221193 18 
221468 3317 
221539 961 
221655 522 
221900 1720 
221955 590 
222174 60 
222210 344 
222621 51 
223083 46 
223505 1544 
223636 22407 
223651 606 
223668 1473 
223700 622 
223806 476 
223889 286 
223893 438 
223945 171 
223982 718 
224278 438 
224469 198 
224930 2010 
225034 1285 
225129 553 
225166 557 
225221 26 
225248 313 
225347 2036 
225436 576 
225520 299 
225523 524 
225564 421 
225682 370 
226086 837 
226241 295 
226379 96 
226953 1851 
227204 433 
227366 32 
227461 104 
227566 1137 
227859 1501 
227878 478 
228391 149 
228449 396 
229938 1422 
229980 1804 
230001 1282 
230183 964 
230304 4909 
230646 504 
231279 232 
232161 1153 
232560 640 
232573 131 
232761 583 
233472 1308 
233637 14 
233666 311 
235141 321 
235904 729 
236358 1736 
236440 1803 
236968 1703 
237287 135 
237586 278 
238149 186 
239639 749 
240001 65 
240746 190 
241236 0 
241686 476 
241737 1404 
242075 1314 
242434 1895 
242434 1895 
244102 146 
244866 42 
245787 270 
245892 99 
246429 267 
246550 622 
247194 363 
247385 390 
252062 120 
253532 480 
258434 1035 
267512 3 
269954 1216 
269979 633 
270111 1077 
270201 254 
270821 731 
272589 1481 
272735 341 
272786 619 
273394 111 
275447 635 
276758 351 
279124 13602 
279927 1107 
280481 1164 
280873 1535 
280890 249 
283995 2344 
284043 1841 
284052 3068 
284815 83 
285179 96 
285474 1064 
285867 1993 
285916 1321 
286116 205 
287018 553 
287334 1317 
287701 339 
287898 84 
287962 165 
288326 191 
288539 872 
289090 845 
289363 1491 
289764 430 
290930 694 
291810 484 
291879 610 
292073 962 
293120 1426 
293473 0 
294249 3109 
295615 359 
296062 67 
296177 1138 
296179 400 
296245 119 
296367 594 
296746 85 
297113 57 
297427 142 
297610 3155 
297657 614 
297706 211 
297739 45 
297766 261 
297861 1605 
298111 1349 
298358 546 
298744 167 
298778 36 
299632 812 
299724 256 
299780 701 
300126 164 
300167 935 
300278 49 
300283 2102 
300435 65 
300491 178 
301487 2268 
301534 230 
301907 1139 
302088 33 
302593 913 
303065 142 
303627 224 
304790 1823 
304804 555 
305797 66 
306231 122 
306525 516 
306576 1520 
306713 446 
306947 2095 
307128 712 
308423 1769 
309100 55 
309933 172 
312187 798 
312216 272 
312241 1142 
313331 807 
313652 199 
313773 808 
313892 62 
314254 758 
314608 269 
314856 397 
315082 386 
316718 779 
316953 59 
317206 115 
318183 142 
319530 209 
319605 95 
319786 117 
319813 1183 
320293 691 
320639 2798 
320644 247 
320798 294 
320855 1732 
322166 306 
323397 17 
325506 216 
325818 2263 
326711 266 
327554 43 
328235 784 
328557 35 
329394 116 
331650 1502 
331668 1533 
332479 135 
334564 508 
336447 2883 
339550 83 
340711 636 
341168 545 
344532 84 
344559 1274 
346812 701 
346992 137 
347915 463 
350251 1607 
351177 100 
351442 2333 
351801 39 
352088 752 
352140 1663 
352472 645 
352680 174 
354193 674 
354368 4210 
354442 593 
354808 571 
356106 1157 
357160 1294 
357174 168 
357543 575 
357617 158 
357683 21 
358647 610 
359936 395 
360389 344 
361282 97 
361365 1430 
361431 1805 
361457 980 
364050 237 
364887 135 
365082 1090 
368145 293 
368576 63 
368585 2208 
368661 587 
369418 1910 
369653 3298 
369691 1409 
369705 1102 
369745 10 
370042 92 
370184 139 
370866 291 
371544 80 
372661 2195 
372853 569 
373072 1 
373259 11 
373430 4 
373773 245 
373956 368 
374052 120 
374059 477 
375422 684 
375459 1267 
375519 24 
375638 256 
376130 2056 
376755 53 
377001 248 
377127 33 
377457 1323 
377836 5 
380336 188 
381670 11 
381680 22 
381873 20 
382095 62 
383281 128 
383364 124 
383459 157 
383664 40 
383695 628 
383885 249 
384201 223 
384640 3412 
384681 1154 
384724 699 
385290 150 
385448 86 
385961 3235 
386368 154 
386738 1268 
386823 710 
388089 12401 
388327 90 
388687 248 
389073 103 
389189 1004 
389254 270 
389484 1102 
389514 1544 
390406 9 
391889 1225 
392753 604 
394083 970 
394524 986 
394594 323 
394648 2591 
394886 2441 
395128 173 
398083 55 
398511 1474 
398648 7195 
399153 161 
399227 208 
400220 54 
401106 1202 
406979 1802 
407043 297 
408954 139 
411080 89 
411291 144 
414720 758 
415225 25028 
415279 975 
415420 2783 
415456 801 
415675 177 
416878 551 
417047 832 
417352 2862 
417375 8413 
417417 224 
417999 1401 
420251 1210 
425201 766 
427962 328 
429948 675 
434290 277 
434902 101 
437823 35 
438534 551 
439587 2461 
441943 8 
443155 63 
443501 35 
444249 115 
444434 340 
444656 250 
444741 852 
445929 588 
445949 3420 
446000 1719 
446349 654 
447369 36 
449325 541 
449559 698 
449937 82 
453172 977 
453465 1512 
453477 623 
454286 417 
456694 1533 
456953 66 
457254 425 
457377 992 
458214 137 
462057 234 
466908 109 
468006 659 
469143 81 
469544 565 
473378 847 
475750 117 
475900 75 
476440 495 
476785 239 
477004 373 
477541 964 
477686 450 
477967 1200 
478219 128 
480119 39 
481508 478 
481593 307 
485949 186 
486055 469 
487456 61 
488063 702 
488119 131 
489543 78 
490271 140 
491561 281 
492952 797 
494340 162 
494592 932 
494601 420 
495386 150 
496340 5 
496834 10 
498173 53 
501360 669 
503580 1458 
504272 156 
518421 196 
521654 389 
524599 1410 
531705 275 
538340 1276 
538505 737 
540802 322 
543339 387 
543830 445 
544277 854 
545188 520 
545370 57 
545652 2125 
545711 82 
545867 133 
549675 359 
551771 521 
552715 1343 
555983 6498 
556011 1388 
556015 171 
556023 231 
556189 740 
556309 24 
556655 170 
557631 147 
559131 82 
560498 296 
561626 35 
561750 632 
567523 1172 
570224 0 
571164 1158 
571187 66 
573428 159 
576524 1479 
576949 187 
577281 262 
577806 117 
584253 277 
588041 275 
588463 35 
588528 335 
598397 855 
598439 421 
