2370 9.39164351852
0 392707 
8 922 
9 142 
15 103 
16 67 
23 99 
24 272 
24 121 
25 104 
26 181 
27 134 
28 97 
29 37 
33 154 
34 42 
35 180 
36 133 
38 292 
41 382 
42 116 
42 210 
42 1194 
43 311 
45 49 
47 94 
47 200 
47 261 
48 277 
49 67 
50 69 
50 7 
51 135 
51 37 
51 36 
53 65 
54 167 
54 38 
55 695 
55 55 
56 27 
56 64 
57 456 
57 166 
57 331 
57 168 
57 1056 
59 129 
61 46 
61 120 
62 187 
62 192 
64 256 
66 169 
67 165 
67 155 
68 689 
68 144 
68 218 
69 811 
69 54 
69 180 
72 106 
73 843 
73 125 
73 344 
74 98 
76 282 
77 89 
77 93 
77 29 
79 107 
80 135 
81 135 
81 304 
82 18 
83 568 
85 157 
85 562 
86 207 
88 181 
88 99 
89 1023 
89 292 
90 92 
91 70 
93 1491 
94 455 
95 281 
95 206 
96 451 
98 73 
101 29 
106 175 
107 190 
107 531 
107 66 
108 29 
108 198 
110 54 
112 49 
115 56 
116 355 
117 203 
120 220 
122 15 
123 131 
125 147 
127 52 
129 330 
130 42 
131 45 
132 66 
133 373 
137 104 
137 117 
142 108 
143 67 
146 472 
149 448 
150 42 
151 85 
153 22 
154 252 
154 173 
155 362 
156 60 
157 37 
158 297 
162 1194 
162 28 
164 11 
164 57 
167 66 
169 94 
171 26 
174 300 
174 525 
174 168 
179 193 
183 158 
183 47 
184 169 
185 860 
189 111 
190 8 
193 1107 
193 63 
194 736 
194 52 
197 183 
198 61 
202 21 
202 42 
202 97 
205 67 
205 22 
208 384 
212 158 
216 83 
218 74 
218 34 
218 357 
219 417 
224 56 
224 292 
225 735 
228 389 
230 24 
231 126 
233 44 
233 68 
235 417 
236 115 
247 61 
249 21 
250 345 
250 115 
250 598 
252 113 
254 42 
258 127 
258 98 
258 350 
264 15 
271 115 
288 51 
299 42 
302 50 
307 150 
309 90 
312 193 
313 52 
313 66 
314 88 
315 17 
317 92 
320 180 
320 260 
323 182 
323 104 
328 18 
328 41 
330 243 
331 54 
333 490 
337 54 
337 888 
338 105 
339 194 
339 187 
340 283 
345 45 
345 84 
345 22 
348 248 
349 469 
350 183 
351 89 
353 9 
354 314 
357 93 
358 65 
359 194 
360 110 
360 39 
362 69 
364 328 
367 34 
368 15 
371 49 
373 72 
378 19 
380 195 
381 211 
381 53 
389 186 
390 44 
391 128 
393 1344 
394 25 
396 0 
406 62 
406 82 
408 43 
409 26 
412 63 
421 319 
423 53 
436 83 
442 84 
442 53 
449 80 
455 2290 
458 80 
463 290 
466 117 
468 105 
472 423 
477 710 
480 223 
480 52 
486 47 
488 170 
495 219 
498 145 
501 481 
507 103 
513 33 
513 32 
515 260 
515 83 
519 107 
519 75 
521 16 
526 170 
526 19 
527 64 
534 70 
536 203 
539 67 
540 1622 
546 74 
546 211 
554 71 
559 23 
564 1078 
573 49 
574 1106 
575 181 
579 280 
582 73 
585 135 
586 497 
611 87 
616 222 
623 233 
624 9 
625 486 
629 110 
629 275 
630 213 
632 179 
634 27 
637 11 
641 430 
641 98 
642 208 
643 41 
647 119 
656 45 
661 19 
664 279 
669 28 
671 73 
681 41 
682 58 
683 77 
685 24 
690 216 
696 97 
700 423 
701 151 
724 87 
729 60 
733 117 
736 144 
742 48 
745 21 
747 230 
747 100 
748 37 
749 51 
763 26 
778 467 
779 31 
781 20 
781 12 
784 82 
791 33 
808 25 
809 42 
810 126 
817 59 
838 27 
847 210 
850 53 
854 99 
865 216 
865 24 
869 329 
878 23 
878 51 
880 22 
887 93 
887 2 
887 239 
890 59 
890 11 
891 15 
895 147 
905 1082 
912 238 
914 238 
927 99 
931 62 
935 174 
936 105 
939 12 
942 55 
942 42 
945 210 
955 25 
963 186 
963 115 
964 75 
968 124 
969 9 
970 93 
984 37 
992 148 
1001 272 
1001 15 
1002 116 
1011 18 
1041 50 
1044 30 
1059 109 
1064 112 
1064 26 
1070 161 
1075 67 
1076 53 
1092 275 
1123 42 
1128 39 
1129 48 
1130 114 
1136 763 
1140 36 
1145 104 
1146 84 
1147 5787 
1147 174 
1150 672 
1154 90 
1155 18 
1171 137 
1177 111 
1179 8 
1186 168 
1195 624 
1199 101 
1204 46 
1212 29 
1214 117 
1215 256 
1215 82 
1222 102 
1225 6 
1231 44 
1231 24 
1241 82 
1249 184 
1254 17 
1261 181 
1262 175 
1264 68 
1284 245 
1293 15 
1298 45 
1315 46 
1320 54 
1329 64 
1333 16 
1369 53 
1392 47 
1400 57 
1413 81 
1419 30 
1427 205 
1430 217 
1433 122 
1434 25 
1449 379 
1452 12 
1463 24 
1486 259 
1490 219 
1507 86 
1525 185 
1547 118 
1547 425 
1566 207 
1581 176 
1586 99 
1590 110 
1593 29 
1607 506 
1609 48 
1627 335 
1646 187 
1650 29 
1654 22 
1669 59 
1676 77 
1681 1302 
1684 940 
1686 83 
1687 44 
1688 542 
1692 36 
1697 8 
1703 194 
1707 153 
1714 258 
1754 55 
1760 225 
1760 225 
1776 25 
1776 25 
1779 7 
1779 7 
1781 62 
1781 62 
1787 16 
1787 16 
1795 110 
1795 110 
1806 66 
1806 66 
1827 120 
1827 120 
1833 39 
1833 39 
1857 85 
1857 85 
1858 56 
1866 92 
1873 115 
1878 87 
1917 188 
1918 14 
1919 350 
1920 56 
1922 93 
1931 14 
1943 110 
1953 76 
1954 93 
1970 48 
1971 510 
1971 331 
1974 199 
1974 7917 
1982 92 
1988 30 
1988 287 
1990 96 
2011 18 
2016 340 
2016 19 
2018 599 
2022 154 
2048 11 
2056 82 
2060 30 
2064 122 
2072 130 
2072 18 
2077 121 
2079 53 
2083 125 
2084 66 
2086 36 
2088 223 
2096 25 
2102 680 
2107 3 
2110 87 
2133 938 
2133 107 
2137 1053 
2140 26 
2143 109 
2145 27 
2146 110 
2147 289 
2148 45 
2155 146 
2156 123 
2167 132 
2172 105 
2174 18 
2183 131 
2184 8 
2191 50 
2206 775 
2214 155 
2215 17 
2225 42 
2227 36 
2231 1476 
2235 179 
2235 65 
2235 53 
2235 61 
2254 53 
2283 80 
2288 103 
2289 19 
2290 257 
2302 57 
2320 29 
2320 88 
2340 120 
2366 1362 
2368 4 
2369 18 
2377 238 
2398 60 
2400 124 
2406 95 
3920 23 
3922 17 
3958 112 
3964 93 
3982 63 
4009 61 
4026 76 
4031 108 
4048 15 
4062 268 
4104 178 
4106 97 
4113 289 
4114 14 
4132 21 
4161 128 
4161 67 
4164 40 
4172 52 
4211 123 
4228 216 
4257 143 
4278 93 
4287 66 
4290 123 
4298 39 
4306 41 
4325 49 
4341 10 
4343 54 
4395 10 
4402 12 
4406 60 
4408 23 
4411 31 
4417 941 
4444 145 
4465 67 
4490 363 
4490 54 
4519 49 
4533 59 
4533 24 
4546 213 
4568 90 
4578 97 
4615 28 
4638 726 
4656 95 
4659 34 
4674 14 
4695 148 
4704 91 
4725 27 
4762 160 
4766 47 
4772 27 
4777 65 
4783 22 
4789 106 
4800 257 
4808 63 
4816 31 
4920 139 
4922 56 
4929 72 
4930 214 
4936 212 
4938 147 
4938 4 
4939 70 
4942 580 
4981 507 
5005 814 
5026 26 
5075 226 
5078 24 
5081 121 
5095 204 
5104 83 
5118 59 
5130 160 
5133 144 
5133 299 
5147 103 
5201 87 
5215 42 
5217 72 
5226 36 
5229 45 
5230 104 
5233 84 
5245 16 
5297 130 
5309 162 
5315 203 
5327 351 
5331 77 
5355 449 
5369 640 
5378 73 
5381 57 
5408 239 
5410 48 
5413 1108 
5423 227 
5438 13 
5480 107 
5482 84 
5485 131 
5531 10 
5532 222 
5553 409 
5556 23 
5571 25 
5577 53 
5589 317 
5589 50 
5601 79 
5612 411 
5620 44 
5627 560 
5660 20 
5664 571 
5672 112 
5682 190 
5689 513 
5694 11 
5702 92 
5705 52 
5708 64 
5717 198 
5734 66 
5734 82 
5750 69 
5774 112 
5801 178 
5806 118 
5810 701 
5812 21 
5816 53 
5826 65 
5827 195 
5842 720 
5845 40 
5847 303 
5848 72 
5866 5 
5901 72 
5919 51 
5940 219 
5949 6 
5987 729 
5990 98 
5995 44 
6004 701 
6049 41 
6050 644 
6051 61 
6051 42 
6059 29 
6085 36 
6086 77 
6113 258 
6139 295 
6151 9 
6161 39 
6163 262 
6178 246 
6190 142 
6200 127 
6250 95 
6255 75 
6261 69 
6281 93 
6303 19 
6324 49 
6349 12 
6355 31 
6413 259 
6424 279 
6425 293 
6435 34 
6503 14 
6508 76 
6512 203 
6517 74 
6577 86 
6584 248 
6587 75 
6597 55 
6624 95 
6653 16 
6656 153 
6661 508 
6676 20 
6677 32 
6680 46 
6682 521 
6707 59 
6726 147 
6761 61 
6769 801 
6793 74 
6794 21 
6800 63 
6804 324 
6810 118 
6815 82 
6822 44 
6824 7 
6850 83 
6937 350 
6946 3 
6963 198 
6987 38 
7000 154 
7005 70 
7017 111 
7025 16 
7028 21 
7094 168 
7120 89 
7137 3 
7149 146 
7156 405 
7170 21 
7182 35 
7187 13 
7191 154 
7215 83 
7220 129 
7239 1117 
7243 113 
7247 123 
7257 177 
7260 154 
7264 62 
7285 44 
7291 224 
7298 112 
7332 32 
7352 230 
7359 8 
7364 126 
7373 102 
7447 141 
7450 6 
8286 23 
8331 9 
8332 31 
8347 235 
8368 65 
8377 467 
8382 166 
8389 7386 
8417 17 
8460 1365 
8464 2916 
8469 91 
8476 38 
8494 43 
8497 91 
8505 60 
8515 129 
8589 354 
8590 40 
8601 28 
8623 109 
8664 30 
8700 71 
8701 137 
8705 129 
8716 64 
8734 59 
8742 121 
8753 905 
8755 116 
8758 91 
8778 104 
8844 73 
8846 96 
8867 134 
8922 89 
8950 118 
8986 54 
8988 21 
8992 393 
9028 59 
9038 23 
9045 51 
9071 169 
9074 51 
9126 90 
9130 48 
9158 35 
9176 29 
9180 82 
9195 686 
9199 220 
9210 80 
9223 29 
9227 19 
9256 800 
9264 75 
9281 41 
9296 88 
9350 273 
9352 23 
9386 194 
9387 678 
9396 161 
9416 28 
9419 182 
9463 41 
9465 73 
9468 47 
9489 179 
9509 82 
9522 127 
9522 105 
9527 530 
9535 76 
9536 117 
9543 18 
9552 248 
9583 235 
9603 583 
9633 713 
9650 97 
9689 23 
9696 268 
9711 801 
9716 34 
9723 157 
9727 69 
9771 59 
9780 3 
9787 32 
9810 1147 
9843 59 
9846 163 
9873 183 
9890 122 
9912 19 
9935 161 
9943 131 
9949 119 
9953 60 
9957 319 
9969 50 
9976 36 
9985 4 
10012 93 
10022 66 
10049 70 
10055 63 
10066 208 
10075 36 
10085 63 
10091 30 
10092 110 
10113 109 
10129 92 
10168 119 
10181 73 
10204 134 
10209 20 
10235 90 
10236 16 
10252 40 
10334 91 
10355 41 
10356 159 
10370 70 
10371 79 
10381 49 
10385 22 
10421 122 
10439 188 
10441 59 
10444 56 
10454 77 
10469 149 
10488 21 
10495 76 
10508 45 
10536 21 
10560 54 
10560 236 
10618 63 
10619 15 
10622 6 
10648 48 
10667 48 
10690 1548 
10697 109 
10724 93 
10739 101 
10740 380 
10776 9 
10786 65 
10787 4168 
10790 60 
10809 1265 
10818 104 
10832 22 
10840 88 
10850 39 
10855 850 
10948 265 
10971 54 
10981 27 
10982 1832 
11030 56 
11037 244 
11040 44 
11052 8 
11053 66 
11061 22 
11083 121 
11085 9 
11087 111 
11105 213 
11125 8 
11194 303 
11227 122 
11240 49 
11261 43 
11274 62 
11304 239 
11314 18 
11348 281 
11370 103 
11398 44 
11399 283 
11402 15 
11408 105 
11419 54 
11424 69 
11436 39 
11444 143 
11451 247 
11476 17 
11493 84 
11495 24 
12040 160 
12040 112 
12821 37 
12919 76 
12946 205 
12965 51 
12971 60 
12971 24 
12973 3529 
13017 80 
13022 30 
13049 524 
13064 57 
13065 35 
13100 296 
13106 171 
13113 8 
13123 157 
13172 224 
13179 105 
13180 74 
13184 22 
13189 187 
13191 36 
13194 54 
13206 65 
13209 45 
13214 102 
13216 50 
13231 94 
13235 27 
13238 91 
13239 135 
13259 34 
13265 11 
13287 28 
13301 44 
13335 1736 
13345 178 
13359 272 
13370 232 
13373 30 
13373 23 
13394 355 
13404 32 
13406 90 
13406 104 
13426 13 
13436 72 
13452 59 
13458 142 
13459 208 
13459 1326 
13463 1481 
13472 56 
13481 188 
13482 29 
13490 8 
13490 51 
13507 21 
13516 12 
13520 675 
13534 131 
13537 72 
13558 15 
13570 375 
13585 16 
13585 886 
13587 43 
13604 4 
13604 15 
13609 23 
13647 56 
13672 41 
13680 123 
13695 139 
13701 99 
13704 96 
13716 16 
13736 581 
13749 134 
13753 156 
13754 18 
13777 128 
13799 82 
13815 68 
13819 85 
13827 76 
13828 305 
13845 93 
13849 1 
13862 69 
13877 125 
13894 90 
13900 78 
13914 69 
13914 29 
13928 104 
13967 87 
13986 10 
13987 130 
14002 73 
14008 42 
14012 41 
14037 177 
14039 101 
14050 23 
14059 307 
14067 816 
14069 224 
14093 44 
14098 34 
14150 77 
14154 21 
14184 118 
14184 118 
14186 34 
14186 34 
14209 16 
14209 16 
14218 59 
14218 59 
14228 132 
14228 132 
14246 27 
14249 18 
14252 164 
14261 29 
14275 342 
14306 63 
14322 133 
14325 29 
14333 39 
14362 54 
14362 486 
14367 5 
14375 164 
14384 203 
14385 31 
14392 70 
14392 90 
14398 208 
14425 896 
14438 245 
14442 144 
14459 41 
14471 7833 
14472 255 
14481 21 
14510 60 
14510 580 
14514 25 
14539 29 
14540 54 
14552 181 
14559 36 
14580 364 
14584 86 
14592 26 
14605 22 
14613 242 
14616 440 
14623 159 
14642 58 
14655 236 
14664 54 
14672 130 
14673 150 
14703 357 
14727 30 
14731 24 
14765 24 
14785 302 
14808 102 
14824 8 
14835 43 
14838 50 
14866 39 
14871 42 
14905 579 
14906 59 
14932 68 
14946 1609 
14946 23 
14966 55 
14973 60 
14990 72 
14991 137 
14991 54 
14992 54 
15010 251 
15018 56 
15022 121 
15028 17 
15028 41 
15044 73 
15057 32 
15057 82 
15070 150 
15084 144 
15088 98 
15099 142 
15103 132 
15105 182 
15115 35 
15124 125 
15125 146 
15136 390 
15140 140 
15143 56 
15186 66 
15192 160 
15192 434 
15201 75 
15222 30 
15296 1770 
15301 76 
15309 342 
15312 59 
15316 35 
15329 111 
15343 45 
15344 130 
15354 23 
15373 373 
15389 44 
15391 15 
15414 212 
15430 305 
15442 84 
15443 117 
15460 90 
15461 123 
15462 16 
15464 335 
15468 142 
15476 106 
15477 139 
15481 256 
15481 5 
15502 60 
15529 148 
15541 130 
15542 425 
15550 43 
15587 91 
15602 125 
15608 74 
15639 95 
15649 23 
15649 86 
15657 45 
15665 20 
15677 25 
15677 146 
15680 90 
15689 63 
15709 38 
15713 88 
15713 57 
15718 4868 
15721 40 
15733 30 
15749 1133 
15763 180 
15770 4152 
15772 146 
15779 161 
15800 23 
15802 23 
15812 47 
15820 99 
15821 179 
15829 44 
15845 182 
15884 57 
15890 95 
15896 67 
15914 118 
15932 104 
15957 190 
15968 40 
15973 139 
15990 27 
16007 237 
16086 258 
16086 138 
16146 107 
16148 58 
16189 82 
16213 29 
16230 3 
16233 167 
16234 49 
16292 170 
16303 115 
16314 3 
16331 62 
16343 73 
16345 70 
16349 103 
16355 73 
16387 54 
16391 44 
16397 105 
16407 65 
16409 57 
16417 23 
16425 95 
16431 99 
16448 89 
16458 239 
16471 47 
16478 48 
16501 107 
16571 104 
16576 187 
16617 151 
16673 127 
16679 269 
16725 33 
16749 116 
16858 82 
16861 314 
16927 38 
16972 11 
16976 22 
16985 95 
16994 49 
17007 81 
17012 318 
17037 126 
17070 51 
17161 137 
17165 66 
17282 66 
17294 28 
17316 226 
17338 18 
17352 73 
17361 165 
17364 22 
17385 141 
17385 46 
17404 29 
17466 137 
17502 346 
17528 41 
17669 36 
17696 35 
17708 106 
17763 14 
17777 240 
17811 80 
17820 169 
17831 69 
17847 66 
17853 27 
17997 19 
18029 16 
18044 58 
18062 52 
18071 251 
18077 390 
18082 13 
18098 132 
18101 16 
18115 17 
18117 25 
18127 63 
18130 32 
18225 67 
18247 13 
18260 123 
18284 96 
18285 50 
18304 193 
18315 27 
18328 170 
18329 67 
18335 27 
18351 16 
18363 42 
18367 23 
18368 18 
18385 85 
18520 182 
18551 6 
18574 111 
18586 15 
18589 49 
18600 78 
18621 217 
18625 39 
18627 8 
18640 65 
18647 50 
18648 80 
18664 131 
18665 93 
18751 49 
18763 110 
18802 68 
18805 29 
18813 10 
18828 271 
18841 66 
18845 128 
18899 19 
18919 163 
18925 110 
19028 97 
19036 141 
19038 124 
19041 138 
19053 261 
19097 11 
19104 77 
19118 139 
19121 118 
19139 114 
19141 25 
19142 71 
19319 54 
19329 117 
19336 53 
19358 310 
19362 142 
19374 30 
19395 12 
19413 4 
19424 174 
19537 100 
19543 103 
19594 149 
19604 86 
19613 51 
19627 65 
19638 97 
19657 12 
19728 243 
19729 13 
19774 72 
19786 213 
19788 725 
19834 71 
19954 109 
19959 75 
19966 709 
19973 21 
19998 228 
20050 19 
20145 206 
20159 52 
20173 43 
20205 10 
20335 61 
20355 88 
20410 102 
20534 52 
20535 28 
20682 14 
20725 114 
20742 26 
20795 58 
20815 85 
20897 4 
20906 55 
20930 36 
20975 80 
21079 72 
21137 46 
21248 91 
21255 65 
21259 62 
21273 48 
21305 116 
21318 63 
21323 12 
21404 58 
21407 94 
21422 9 
21425 74 
21435 271 
21443 202 
21487 40 
21506 72 
21593 172 
21614 58 
21637 207 
21704 89 
21711 71 
21801 31 
21808 105 
21809 8 
21811 143 
21838 42 
21845 11 
21876 65 
21887 141 
21914 177 
22050 85 
22055 77 
22064 180 
22173 63 
22180 57 
22224 64 
22298 55 
22330 57 
22402 26 
22407 57 
22413 84 
22474 57 
22478 35 
22503 19 
22542 72 
22566 22 
22642 6 
22644 25 
22649 82 
22655 20 
22756 48 
22814 18 
22825 45 
22875 63 
22875 16 
22880 15 
22985 72 
22990 33 
23001 57 
23071 90 
23094 122 
23102 20 
23194 42 
23194 9 
23252 18 
23264 49 
23281 69 
23288 98 
23446 23 
23447 83 
23456 94 
23524 95 
23580 121 
23599 165 
23622 51 
23627 30 
23712 296 
23741 204 
23767 135 
23786 87 
23798 31 
23871 15 
23878 120 
23928 41 
23977 90 
24050 47 
24065 52 
24072 22 
24116 35 
24116 147 
24223 54 
24230 42 
24234 42 
24242 44 
24261 171 
24263 52 
24314 106 
24422 37 
24424 23 
24477 35 
24486 69 
24595 42 
24598 90 
24667 69 
24674 188 
24703 15 
24751 12 
24888 37 
24897 112 
24934 96 
25025 45 
25032 43 
25042 118 
25060 239 
25114 246 
25125 104 
25147 63 
25212 138 
25234 105 
25245 22 
25254 10 
25273 56 
25277 105 
25282 108 
25299 79 
25300 55 
25327 74 
25330 109 
25330 12 
25867 138 
25883 179 
25920 201 
25925 52 
25943 5 
26014 275 
26021 27 
26062 17 
26068 18 
26097 43 
26116 38 
26155 14 
26225 80 
26232 105 
26360 72 
26369 74 
26452 53 
26477 8 
26509 69 
26540 41 
26560 14 
26571 15 
26671 7 
26673 17 
26726 65 
26755 29 
26786 11 
26950 22 
26989 30 
27090 156 
27092 36 
27094 16 
27107 34 
27140 6 
27156 452 
27176 234 
27317 50 
27359 35 
27501 58 
27559 9 
27701 37 
27713 15 
27715 46 
27891 34 
27925 49 
27949 3 
27968 28 
27970 6 
27971 13 
28128 52 
28145 25 
28183 295 
28191 18 
28322 266 
28330 183 
28350 79 
28386 40 
28481 91 
28511 73 
28534 9 
28652 22 
28761 73 
28766 89 
28775 136 
28841 67 
28852 32 
28997 84 
29133 49 
29133 297 
29159 65 
29375 84 
29394 9 
29418 34 
29467 42 
29534 602 
29539 158 
29588 20 
29668 49 
29670 196 
29781 17 
29794 187 
29823 52 
29908 56 
29929 230 
29962 49 
29977 78 
29991 27 
30104 20 
30165 45 
30173 31 
30372 22 
30381 58 
30387 195 
30403 34 
30418 168 
30469 13 
30622 47 
31114 1 
31172 148 
31200 32 
31206 136 
31372 22 
31435 116 
31463 156 
31473 56 
31480 33 
31569 47 
31587 60 
31588 17 
31603 29 
31673 195 
31709 647 
31880 161 
31982 25 
32085 161 
32086 307 
32109 58 
32133 181 
32134 101 
32287 245 
32318 68 
32371 21 
32376 51 
32411 66 
32518 10 
32519 56 
32588 75 
32659 24 
32693 32 
32771 293 
32817 20 
32913 23 
32918 31 
32951 6 
33135 22 
33154 99 
33154 43 
33208 133 
33259 111 
33262 66 
33364 184 
33386 68 
33506 108 
33514 85 
33756 6 
34012 25 
34016 124 
34381 93 
34416 101 
34867 31 
35037 17 
35083 5 
35158 39 
35296 24 
35460 97 
35547 66 
35612 11 
35714 21 
35892 1234 
35968 1013 
35969 46 
36003 60 
36022 65 
36089 28 
36217 6 
36241 427 
36557 18 
36827 26 
36916 108 
37010 111 
37051 63 
37251 27 
37389 12 
37563 67 
37571 41 
37690 41 
37705 47 
37767 146 
37795 11 
37796 90 
37928 15 
38186 33 
38213 86 
38533 7 
38885 61 
38999 35 
39073 117 
39407 2 
39569 15 
39586 35 
39663 242 
39925 163 
40142 102 
40197 81 
40199 37 
40296 13 
40388 10 
40456 9 
40711 7 
40716 34 
40800 121 
40815 130 
40880 90 
41002 68 
41181 121 
41837 31 
41922 4 
42119 56 
42169 70 
42379 35 
42903 33 
43197 167 
43203 49 
43370 49 
43524 25 
43958 37 
44057 29 
44060 48 
44644 16 
44768 795 
44773 23 
44952 71 
45074 77 
45095 313 
45110 12 
45166 307 
45173 35 
45213 77 
45468 141 
45925 71 
46057 30 
46415 6 
46532 40 
46725 231 
46851 24 
47176 22 
47276 97 
47484 46 
47569 256 
48364 106 
49321 21 
49419 291 
49419 17 
49714 40 
49729 91 
49812 37 
49993 15 
50394 39 
50753 3 
50964 11 
51311 66 
51454 125 
51615 94 
51748 151 
51935 43 
52172 21 
52288 128 
53640 104 
53687 69 
54542 46 
54631 89 
54790 34 
54891 6 
55227 179 
55252 67 
55532 112 
55897 102 
55924 107 
56021 87 
57743 33 
57828 99 
58270 38 
58506 35 
58619 34 
58844 163 
59467 193 
60219 189 
60251 16 
60963 39 
61283 320 
61814 1 
61833 21 
62041 40 
62062 45 
62218 39 
62330 11 
62539 53 
62567 111 
62688 45 
62952 46 
63119 18 
63661 75 
63811 391 
64538 80 
64732 2 
64837 17 
65999 27 
66160 49 
66750 179 
66774 41 
67255 50 
67671 20 
67829 25 
68483 21 
68504 12 
68860 21 
68892 3 
69156 10 
69395 2 
69896 7 
70885 160 
70973 1107 
71342 5 
71353 31 
71496 17 
71685 15 
71727 33 
72343 53 
73661 31 
74106 98 
74611 156 
74611 156 
74909 67 
76284 20 
77760 65 
80035 101 
85102 84 
85762 31 
85903 13 
88134 32 
90514 47 
92007 116 
92452 15 
92756 60 
93443 967 
95210 80 
99192 175 
99299 103 
100113 81 
101011 29 
101093 4 
101490 35 
101770 79 
102155 184 
103747 58 
109495 113 
109841 14 
110990 143 
111200 1058 
111218 35 
111233 106 
111394 128 
111474 92 
111530 83 
111773 84 
111775 290 
112281 90 
113221 56 
113650 292 
113794 49 
113895 36 
114546 197 
115110 65 
115161 308 
115269 1528 
115350 36 
115619 690 
115641 51 
115756 234 
115789 289 
115838 28 
115846 401 
115859 99 
115910 103 
115992 103 
116139 240 
116250 93 
116273 533 
116368 1276 
116477 46 
116578 933 
116640 270 
116855 151 
117102 116 
117385 38 
117457 202 
117615 6 
117785 4 
117793 536 
117823 294 
117829 23 
117844 77 
117851 78 
118627 42 
118664 26 
118675 82 
118716 197 
118861 109 
119252 103 
119624 11 
119664 115 
119809 475 
120335 87 
120517 32 
120984 28 
121350 59 
121519 57 
121672 204 
121700 45 
121714 2 
123001 7 
124432 10 
124462 1 
124700 74 
125540 101 
126279 20 
126342 343 
126696 117 
126793 78 
126938 175 
127163 1562 
127556 157 
127998 26 
128274 404 
128285 97 
128628 171 
128788 472 
129742 718 
129866 283 
130078 519 
130283 378 
130341 85 
130515 127 
132013 479 
132567 19 
133210 117 
135435 593 
135722 293 
136010 8 
136659 226 
137216 43 
137755 45 
138244 219 
138403 88 
138511 252 
139194 53 
140120 207 
140248 89 
140278 20 
140666 21 
141786 28 
142180 26 
142389 16 
142565 53 
142991 33 
143137 27 
143146 11 
143315 13 
143572 137 
144239 111 
144367 16 
146004 132 
146532 23 
146899 243 
147668 140 
147855 126 
148255 26 
148624 36 
148737 36 
148884 59 
149262 68 
149392 0 
151444 10 
151521 67 
151829 135 
152079 11 
152291 88 
153429 7 
154759 56 
156068 387 
156415 513 
156450 112 
157763 11 
157935 240 
158555 7 
159188 45 
159233 41 
159413 17 
160348 512 
163682 74 
177950 92 
178321 35 
182474 13 
187196 43 
190309 70 
194451 167 
195931 67 
196206 45 
197620 37 
198121 65 
200430 467 
201308 361 
201424 126 
201625 291 
201679 87 
203513 6 
204391 104 
204464 25 
204660 103 
204674 570 
204714 99 
204747 101 
204806 48 
205035 12 
206929 70 
207040 59 
207414 334 
209080 35 
211054 23 
211663 230 
213093 63 
213526 78 
214248 340 
214544 77 
215533 120 
215799 35 
216289 31 
216329 376 
219329 50 
223854 2737 
223875 905 
225155 49 
227553 87 
228435 318 
228646 44 
228648 521 
228683 612 
229355 82 
229460 1374 
232627 47 
233914 4 
235884 47 
236549 452 
237420 217 
237467 1440 
238882 672 
238998 61 
239074 400 
240928 33 
244105 30 
244160 102 
244970 44 
253860 435 
261131 70 
265499 9 
265645 14 
268399 23 
270642 3 
271352 226 
274667 969 
275237 5 
276426 102 
281834 446 
282312 199 
285715 90 
286377 45 
286699 146 
286756 52 
286775 126 
287640 67 
288055 52 
288278 88 
290717 48 
290751 91 
292229 25 
292993 106 
293570 67 
296319 496 
297242 35 
297604 117 
297705 15 
297798 51 
297949 205 
298109 230 
298250 1091 
299997 641 
300316 150 
301429 23 
302422 72 
303645 9 
303786 6 
305632 46 
308661 32 
309589 112 
310275 7 
310459 14 
310826 49 
311915 75 
312740 62 
314519 83 
315148 136 
316357 81 
317428 60 
324509 19 
325005 308 
325170 18 
360858 17 
364595 47 
364603 2 
365096 2443 
365125 841 
365179 414 
365217 480 
367712 69 
372690 51 
373644 98 
373671 356 
374594 72 
376239 18 
377046 54 
378916 27 
379692 89 
380950 23 
381902 222 
381920 430 
382125 77 
382441 1148 
382861 57 
383421 42 
383727 44 
385342 61 
385622 54 
387875 74 
390494 48 
390568 190 
391084 33 
392283 7 
395051 89 
395838 10 
396253 1176 
396310 799 
398104 106 
400792 23 
402768 27 
405342 377 
406234 84 
406673 86 
408527 228 
411416 14 
416692 203 
417512 171 
417697 37 
418342 100 
418886 22 
423109 13 
424307 63 
427128 107 
433944 1920 
441916 43 
447732 544 
450412 53 
450616 11 
452350 143 
452381 183 
454321 41 
455067 55 
457522 2 
463245 39 
463248 556 
463773 26 
463955 1576 
465651 138 
466075 174 
466603 309 
468177 12 
469491 128 
470167 70 
470254 485 
470268 118 
470304 62 
470936 270 
471058 32 
471291 127 
471385 82 
471601 229 
472739 487 
473050 26 
473488 76 
473988 55 
474244 23 
474422 1226 
476727 101 
476911 3 
478742 83 
479636 78 
479891 25 
480212 126 
480907 154 
485370 71 
486355 82 
486826 64 
488966 259 
489783 28 
493281 123 
499183 0 
500525 15 
500945 56 
501532 318 
513748 187 
514119 375 
514747 44 
516620 413 
519094 147 
523425 4 
525196 45 
531275 430 
539638 22 
546659 503 
548475 105 
550041 47 
551866 1303 
551961 960 
552116 302 
552263 538 
559529 12 
560706 127 
562916 19 
563958 59 
564781 379 
565752 539 
565817 1106 
565875 46 
572138 18 
574488 131 
575460 231 
580272 348 
584782 31 
589841 2 
592841 1 
594035 104 
598419 8 
601219 28 
603073 51 
