3093 13.2036226852
0 160 
90 233 
111 271 
193 236 
238 1302 
396 75 
593 428 
604 518 
643 311 
668 21 
694 77 
703 103 
713 26 
738 37 
759 34 
768 209 
824 10 
830 462 
839 1032 
852 137 
854 62 
917 188 
918 395 
933 660 
939 394 
972 84 
1005 173 
1030 98 
1032 3842 
1036 41 
1046 92 
1049 2063 
1062 234 
1089 52 
1101 45 
1110 830 
1133 513 
1136 61 
1178 98 
1195 83 
1234 220 
1235 6075 
1249 116 
1260 1999 
1264 31 
1268 93 
1271 126 
1277 111 
1278 19 
1304 37 
1315 60 
1320 47 
1339 153 
1339 214 
1360 14 
1382 112 
1418 44 
1449 3373 
1458 171 
1486 98 
1525 65 
1622 41 
1633 241 
1652 50 
1679 62 
1734 153 
1787 23 
1787 41 
1811 124 
1857 44 
1881 49 
1895 54 
1903 71 
1910 54 
1915 54 
1969 36 
2041 66 
2056 63 
2081 44 
2108 26 
2123 35 
2140 27 
2176 56 
2192 150 
2199 80 
2210 224 
2264 349 
2280 101 
2327 347 
2353 103 
2422 301 
2486 26 
2516 70 
2522 37 
2554 108 
2614 431 
2620 1397 
2624 26 
2636 24 
2705 36 
2734 28 
2761 35 
2762 12 
2819 21 
2929 66 
2995 31 
3180 22 
3204 256 
3240 127 
3261 147 
3346 138 
3389 112 
3425 66 
3437 91 
3443 27 
3570 3 
3573 178 
3582 38 
3653 245 
3702 304 
3723 92 
3853 46 
3881 78 
3898 14 
3902 39 
3911 37 
3967 36 
3985 50 
3994 75 
4018 81 
4048 99 
4069 147 
4093 15 
4174 32 
4176 29 
4244 95 
4288 436 
4341 275 
4392 129 
4394 12 
4407 227 
4413 145 
4459 37 
4571 81 
4600 70 
4633 218 
4668 299 
4760 100 
4940 58 
4959 31 
5033 45 
5065 6 
5075 137 
5143 86 
5157 158 
5244 195 
5257 98 
5282 136 
5290 47 
5291 350 
5321 40 
5367 8 
5393 27577 
5441 281 
5483 10545 
5494 2332 
5543 295 
5544 271 
5553 25 
5565 52 
5577 135 
5584 32 
5586 220 
5612 7 
5629 69 
5634 8 
5645 2156 
5649 13 
5678 110 
5680 25 
5705 131 
5755 44 
5795 218 
5812 68 
5837 272 
5872 235 
5884 67 
5886 283 
5892 68 
5902 11 
5904 536 
5907 42 
5917 7 
5943 380 
5944 205 
5965 69 
5969 60 
5982 401 
5985 49 
5987 100 
6012 303 
6015 755 
6034 47 
6052 34 
6057 585 
6070 1718 
6075 68 
6082 60 
6091 48 
6106 77 
6125 5 
6144 145 
6189 1548 
6191 72 
6213 388 
6219 24 
6240 256 
6265 6 
6268 64 
6290 86 
6320 161 
6332 84 
6342 106 
6357 55 
6361 255 
6363 133 
6373 142 
6388 61 
6406 65 
6423 508 
6449 58 
6456 163 
6490 27 
6493 97 
6513 24 
6529 81 
6561 15 
6562 99 
6580 15 
6604 41 
6643 45 
6685 73 
6689 92 
6694 263 
6698 48 
6710 59 
6751 918 
6752 12 
6755 27 
6764 18 
6848 10 
6940 2 
6943 65 
6963 13 
7004 159 
7024 71 
7036 6 
7085 81 
7086 208 
7098 56 
7110 1 
7146 27 
7185 148 
7220 250 
7233 42 
7274 104 
7298 49 
7298 10 
7301 9 
7309 67 
7372 179 
7379 167 
7457 1556 
7459 14 
7498 60 
7516 242 
7591 51 
7596 261 
7598 273 
7621 356 
7623 110 
7628 23 
7642 113 
7645 53 
7658 88 
7661 283 
7670 121 
7679 64 
7684 26 
7693 11 
7704 78 
7706 95 
7723 37 
7728 314 
7737 71 
7740 111 
7744 87 
7745 111 
7750 48 
7754 65 
7773 21 
7787 160 
7792 210 
7795 140 
7801 42 
7808 121 
7810 340 
7834 53 
7837 95 
7854 82 
7854 141 
7870 68 
7872 24 
7874 69 
7882 31 
7903 69 
7903 50 
7904 48 
7906 212 
7919 80 
7931 103 
7935 66 
7941 38 
7948 82 
7953 79 
7955 41 
7967 72 
7970 112 
7985 177 
7986 115 
7992 43 
7994 51 
8003 156 
8006 375 
8019 60 
8023 177 
8030 155 
8033 39 
8038 81 
8043 20 
8050 23 
8053 53 
8070 194 
8075 36 
8082 75 
8088 895 
8094 17 
8097 10 
8097 1 
8106 213 
8113 49 
8128 29 
8130 100 
8130 59 
8138 52 
8144 49 
8155 139 
8159 34 
8172 22987 
8175 59 
8179 20 
8194 273 
8200 76 
8201 58 
8202 188 
8214 183 
8224 36 
8229 115 
8236 66 
8245 13 
8251 166 
8266 37 
8289 43 
8308 64 
8322 34 
8329 69 
8343 26 
8350 92 
8350 9 
8352 121 
8364 79 
8387 37 
8388 105 
8391 37 
8392 126 
8406 41 
8419 126 
8420 32 
8424 9 
8428 85 
8455 95 
8455 81 
8456 107 
8458 131 
8468 11 
8468 9 
8472 59 
8480 52990 
8503 207 
8514 147 
8514 3315 
8526 157 
8529 80 
8531 3 
8538 147 
8547 71 
8563 690 
8568 54 
8576 29 
8584 77 
8588 24 
8601 22 
8610 59 
8623 32 
8632 47 
8635 19 
8640 113 
8659 18 
8661 6 
8674 108 
8686 33 
8690 11 
8700 168 
8712 45 
8716 71 
8725 8 
8740 156 
8754 307 
8763 63 
8766 366 
8770 16 
8776 324 
8797 23921 
8798 25 
8798 38 
8805 56 
8821 196 
8822 23 
8833 12 
8846 33 
8851 61 
8853 635 
8861 147 
8864 692 
8866 170 
8874 115 
8878 64 
8881 32 
8884 110 
8885 625 
8903 24 
8913 85 
8913 88 
8924 60 
8925 188 
8928 140 
8941 71 
8944 96 
8948 50 
8957 136 
8959 16 
8963 73 
8967 441 
8970 29 
8972 32 
8975 18 
8976 14 
8984 37 
8989 25 
8990 27 
8991 268 
8999 60 
9008 62 
9011 55 
9025 34 
9028 76 
9035 26 
9045 53 
9051 52 
9054 375 
9054 66 
9060 48 
9064 112 
9069 15 
9070 35 
9071 18 
9080 52 
9089 26 
9092 36 
9105 166 
9115 42 
9130 41 
9141 69 
9143 138 
9152 614 
9152 7 
9155 31 
9171 26 
9172 46 
9176 102 
9191 22 
9211 342 
9211 11 
9227 33 
9254 42 
9261 26 
9266 35 
9271 83 
9271 33 
9277 31 
9280 19 
9294 338 
9302 52 
9311 47 
9351 201 
9359 246 
9368 289 
9415 37 
9446 9 
9454 9 
9455 78 
9469 33 
9474 21 
9496 36 
9496 128 
9509 38 
9531 6 
9535 59 
9536 18 
9539 16 
9544 19 
9583 56 
9590 367 
9594 10 
9624 98 
9626 311 
9626 26 
9638 18 
9639 43 
9640 18 
9651 118 
9669 30 
9678 42 
9685 116 
9696 116 
9701 38 
9710 25 
9729 23 
9733 48 
9735 10 
9770 30 
9791 47 
9817 135 
9820 28 
9820 11 
9828 4 
9844 58 
9846 9 
9856 60 
9856 36 
9857 16 
9865 13 
9870 66 
9877 54 
9883 35 
9886 85 
9901 65 
9919 31 
9941 14 
9953 44 
9955 31 
9959 12 
9963 9 
9993 80 
9994 6 
9996 18 
9998 81 
9999 110 
10044 7 
10045 34 
10056 34 
10061 30 
10066 40 
10070 2173 
10074 26 
10077 8 
10087 91 
10099 76 
10100 1 
10102 16 
10113 84 
10121 19 
10128 16 
10131 318 
10138 50 
10141 12 
10145 79 
10162 96 
10188 36 
10223 90 
10228 35 
10237 78 
10250 71 
10261 26 
10274 24 
10281 103 
10295 14 
10296 112 
10298 32 
10326 110 
10328 59 
10329 538 
10342 23 
10343 42 
10346 48 
10347 223 
10354 28 
10355 24 
10365 3 
10372 84 
10399 84 
10402 34 
10411 50 
10417 7 
10424 35 
10443 59 
10449 56 
10476 19 
10476 42 
10478 40 
10484 60 
10506 491 
10512 25 
10515 48 
10527 138 
10532 21 
10533 19 
10561 61 
10562 17 
10564 22 
10565 74 
10570 20 
10615 1 
10621 60 
10652 64 
10654 94 
10667 138 
10668 46 
10680 189 
10697 986 
10698 54 
10714 6 
10716 29 
10729 3784 
10739 187 
10753 253 
10758 9 
10761 52 
10766 9 
10769 24 
10789 39 
10800 40 
10833 159 
10882 8 
10883 29 
10921 19 
10921 91 
10924 15 
10956 56 
10957 17 
10967 22 
10972 7 
10975 99 
10982 41 
10984 124 
10993 50 
11019 34 
11022 171 
11027 26 
11047 73 
11047 114 
11071 7 
11077 62 
11080 102 
11084 13 
11091 117 
11101 60 
11133 9 
11134 9 
11137 188 
11159 66 
11175 125 
11192 14 
11194 41 
11206 49 
11212 158 
11218 38 
11246 93 
11256 15 
11265 184 
11268 6 
11269 59 
11282 97 
11299 23 
11311 4 
11314 35 
11320 39 
11330 47 
11331 28 
11348 11 
11358 53 
11395 10 
11407 134 
11424 27 
11427 31 
11437 18 
11500 28 
11507 145 
11520 16 
11524 31 
11526 46 
11555 49 
11585 13 
11646 47 
11657 53 
11689 131 
11690 85 
11712 9 
11714 68 
11716 15 
11720 13 
11730 22 
11743 169 
11747 194 
11750 17 
11775 55 
11789 44 
11809 61 
11829 24 
11830 19 
11836 90 
11836 38 
11839 28 
11851 177 
11856 7 
11857 136 
11869 50 
11901 32 
11932 20 
11933 581 
11941 34 
11967 10 
11970 72 
11981 57 
11986 249 
12021 3 
12039 1032 
12051 113 
12058 371 
12061 34 
12066 164 
12078 36 
12104 49 
12110 22 
12113 27 
12118 28 
12122 102 
12130 38 
12137 55 
12167 54 
12178 43 
12199 15 
12227 22 
12245 46 
12247 38 
12261 24 
12287 317 
12288 21 
12288 114 
12300 24 
12301 37 
12333 23 
12354 76 
12356 115 
12371 3 
12383 31 
12396 19 
12401 40 
12416 34 
12419 19 
12440 15 
12441 34 
12503 15 
12519 29 
12532 114 
12613 62 
12613 13 
12640 20 
12685 39 
12692 9 
12698 5 
12701 55 
12758 11 
12770 46 
12772 250 
12775 3 
12777 40 
12796 14 
12868 61 
12878 14 
12894 3 
12907 83 
12913 136 
12913 60 
12916 9 
12920 214 
12957 18 
12958 11 
12962 13 
12977 31 
12999 21 
13004 11 
13019 19 
13038 24 
13045 28 
13060 29 
13100 116 
13170 62 
13183 8 
13192 55 
13206 43 
13215 56 
13222 17 
13229 9 
13237 28 
13262 47 
13289 45 
13295 9 
13321 35 
13333 25 
13347 24 
13351 23 
13371 60 
13373 59 
13457 51 
13470 63 
13491 1095 
13517 13 
13523 959 
13534 17 
13564 33 
13565 79 
13584 45 
13641 28 
13770 22 
13789 33 
13790 57 
13825 37 
13846 83 
13850 44 
13881 225 
13888 67 
13903 404 
13909 8 
13912 13 
13935 14 
13943 72 
13949 60 
13988 38 
13993 9 
14017 57 
14020 38 
14058 21 
14083 44 
14093 19 
14112 9 
14146 31 
14177 13 
14184 2 
14186 112 
14250 50 
14251 81 
14263 47 
14269 328 
14274 18 
14284 15 
14293 696 
14328 45 
14332 84 
14347 29 
14358 41 
14389 29 
14409 10 
14410 35 
14420 59 
14443 74 
14457 300 
14465 28 
14478 6 
14480 6 
14522 139 
14528 231 
14536 6 
14540 138 
14544 39 
14555 73 
14555 30 
14561 85 
14574 62 
14591 42 
14596 20 
14604 4 
14624 30 
14673 47 
14686 100 
14702 31 
14705 7 
14745 34 
14751 75 
14758 36 
14779 21 
14794 41 
14807 4 
14842 57 
14851 59 
14859 32 
14884 92 
14942 11 
14962 131 
14991 13 
15041 30 
15047 27 
15070 39 
15084 12 
15104 40 
15119 19 
15120 36 
15140 45 
15154 26 
15227 20 
15275 38 
15291 55 
15292 11 
15375 5 
15394 5 
15433 47 
15457 22 
15521 117 
15542 22 
15554 46 
15726 24 
15749 17 
15754 42 
15791 14 
15860 42 
15938 16 
15943 64 
15948 27 
15967 188 
15984 66 
16004 9 
16038 141 
16041 15 
16069 32 
16141 17 
16146 27 
16148 133 
16192 21 
16220 13 
16248 13 
16258 19 
16274 4 
16289 26 
16308 7 
16312 22 
16358 21 
16390 18 
16392 101 
16398 29 
16462 14 
16467 15 
16487 3 
16488 24 
16522 12 
16616 6 
16649 5 
16650 11 
16679 108 
16687 10 
16765 26 
16794 109 
16795 42 
16831 29 
16835 27 
16847 66 
16864 53 
16871 80 
16873 17 
16904 19 
16935 13 
16951 35 
16975 52 
17013 52 
17016 35 
17034 28 
17044 413 
17054 25 
17057 37 
17087 11 
17109 38 
17111 360 
17118 3810 
17127 14 
17144 15 
17146 38 
17161 26 
17218 28 
17231 8 
17254 18 
17272 6 
17274 4 
17345 93 
17405 83 
17434 180 
17520 12 
17559 56 
17632 118 
17640 61 
17645 83 
17675 2 
17680 6 
17714 23 
17802 187 
17805 8 
17861 51 
17877 4 
17880 7 
17892 13 
17905 25 
18003 36 
18049 31 
18066 51 
18082 58 
18098 5 
18148 22 
18168 24 
18268 34 
18323 30 
18352 4 
18381 41 
18396 5 
18469 26 
18475 43 
18516 20 
18523 13 
18547 13 
18610 4 
18650 27 
18652 42 
18673 34 
18720 16 
18763 29 
18767 14 
18770 10 
18784 19 
18787 31 
18878 40 
18917 11 
18927 19 
18945 38 
18953 6 
18961 81 
18966 10 
18968 19 
18970 3 
18978 17 
18988 11 
18989 14 
19004 67 
19010 16 
19013 2449 
19035 224 
19046 64 
19063 31 
19063 5 
19101 52 
19108 5 
19168 14 
19181 54 
19223 4 
19254 81 
19264 10 
19282 113 
19301 24 
19358 2 
19389 33 
19427 214 
19432 20 
19478 1 
19506 11 
19582 43 
19598 93 
19598 34 
19609 9 
19661 16 
19675 44 
19697 75 
19710 88 
19716 193 
19742 38 
19747 67 
19806 45 
19814 66 
19823 83 
19824 10 
19828 41 
19837 551 
19854 15 
19899 13 
19902 213 
19918 9 
19922 22 
19924 10 
19963 12 
19966 56 
20035 28 
20044 18 
20055 306 
20071 10 
20091 22 
20093 251 
20101 7 
20112 66 
20117 85 
20119 9 
20173 42 
20174 9 
20185 21 
20190 26 
20236 13 
20261 12 
20287 42 
20328 38 
20343 14 
20388 9 
20403 16 
20423 210 
20473 104 
20544 8 
20546 29 
20590 10 
20630 15 
20681 18 
20708 831 
20708 2 
20725 5 
20809 41 
20826 39 
20828 22 
20829 165 
20835 148 
20890 17 
20976 37 
20986 7 
21060 33 
21137 25 
21172 28 
21234 36 
21257 37 
21266 28 
21270 260 
21285 535 
21336 135 
21403 365 
21454 26 
21456 16 
21475 29 
21495 10 
21504 49 
21528 9 
21537 27 
21560 13 
21568 12 
21569 2 
21577 32 
21605 87 
21606 17 
21616 6 
21619 12 
21636 8 
21687 19 
21698 28 
21725 15 
21752 450 
21774 612 
21780 32 
21789 9 
21796 207 
21800 90 
21824 233 
21852 251 
21855 12 
21909 390 
21921 51 
21926 84 
21927 90 
21968 41 
21973 94 
21985 143 
21996 261 
22022 42 
22033 30 
22106 54 
22115 133 
22133 555 
22141 734 
22142 4 
22148 192 
22160 10 
22165 68 
22171 33 
22182 78 
22197 31 
22213 22 
22246 161 
22292 44 
22295 175 
22306 19 
22310 30 
22319 8 
22328 41 
22340 38 
22344 5 
22362 26 
22374 17 
22460 18 
22540 39 
22552 16 
22603 19 
22612 491 
22633 31 
22651 14 
22651 154 
22660 72 
22671 214 
22674 3 
22699 31 
22711 36 
22740 160 
22741 8 
22750 680 
22773 18 
22780 3 
22796 478 
22832 73 
22841 4 
22888 19 
22892 136 
22892 300 
22910 16 
22911 134 
22943 16 
22963 5 
22979 5 
22987 8 
22996 3 
23059 3 
23073 100 
23073 14 
23098 67 
23244 26 
23259 29 
23269 126 
23402 20 
23448 32 
23476 16 
23558 32 
23651 615 
23668 37 
23673 143 
23727 14 
23730 543 
23758 109 
23759 12 
23763 23 
23825 7 
23835 293 
23889 62 
23996 8 
24021 120 
24045 7 
24072 10 
24101 1 
24147 101 
24170 108 
24225 13 
24273 72 
24287 12 
24288 299 
24297 31 
24365 5 
24370 64 
24478 63 
24630 26 
24631 63 
24662 15 
24674 25 
24704 118 
24713 3 
24727 15 
24807 135 
24841 2 
24935 69 
24957 8 
25016 6 
25152 29 
25182 1 
25194 16 
25227 1 
25232 61 
25318 5 
25402 43 
25442 2 
25475 13 
25498 24 
25510 57 
25670 77 
25700 10 
25703 14 
25752 21 
25770 14 
25841 4 
25869 10 
25871 22 
25871 35 
26002 28 
26041 7 
26083 0 
26108 7 
26134 28 
26161 23 
26254 368 
26256 44 
26312 1149 
26323 8 
26330 29 
26345 29 
26364 12 
26367 19 
26383 165 
26411 19 
26413 31 
26423 38 
26429 10 
26439 46 
26452 26 
26496 36 
26554 104 
26613 75 
26619 10 
26624 69 
26675 6 
26689 181 
26796 140 
26846 404 
26846 18 
26879 45 
26882 25 
26900 6 
26966 8 
26969 11 
26984 16 
27054 43 
27058 4 
27060 4 
27146 42 
27188 2 
27188 80 
27242 73 
27285 9 
27332 3 
27366 16 
27383 19 
27502 40 
27530 5 
27561 78 
27593 18 
27611 7 
27681 84 
27683 122 
27703 54 
27717 7 
27806 9 
27809 20 
27870 21 
27889 14 
27964 27 
28062 11 
28062 25 
28102 39 
28103 10 
28128 16 
28145 2 
28180 58 
28180 27 
28185 9 
28223 14 
28344 19 
28417 33 
28420 17 
28572 15 
28574 19 
28713 84 
28784 16 
28843 30 
28876 19 
28878 19 
29060 41 
29084 25 
29085 127 
29207 41 
29207 82 
29236 18 
29243 8 
29269 8 
29279 10 
29293 18 
29298 3 
29321 13 
29366 33 
29405 8 
29417 37 
29437 5 
29443 17 
29582 57 
29630 6 
29630 7 
29727 151 
29747 21 
29779 12 
29800 20 
29841 57 
29853 27 
29908 17 
29937 48 
29980 18 
30007 4 
30022 12 
30023 108 
30054 39 
30089 68 
30111 11 
30194 199 
30218 31 
30259 104 
30295 18 
30304 40 
30317 36 
30323 65 
30347 117 
30357 104 
30392 19 
30457 187 
30462 5 
30470 29 
30495 92 
30534 145 
30538 82 
30558 2 
30573 80 
30591 62 
30627 4 
30672 12 
30702 44 
30795 35 
30845 28 
30877 5 
30901 21 
30902 69 
30903 10 
30927 22 
30972 19 
31063 37 
31086 5 
31121 18 
31244 16 
31306 15 
31359 15 
31391 17 
31420 0 
31461 38 
31472 17 
31517 11 
31528 4 
31618 13 
31715 22 
31872 62 
31933 32 
31934 13 
31964 26 
32031 54 
32169 12 
32203 11 
32244 17 
32262 43 
32272 21 
32298 22 
32350 17 
32376 33 
32420 61 
32494 9 
32535 24 
32552 92 
32578 9 
32752 3 
32761 8 
32811 4 
32836 24 
32870 7 
32872 10 
32922 6 
32977 20 
33040 15 
33121 186 
33166 69 
33240 80 
33244 87 
33249 1 
33257 375 
33309 28 
33329 41 
33345 8 
33352 29 
33353 11 
33362 7 
33369 19 
33376 33 
33381 20 
33455 2 
33528 34 
33705 7 
33729 6 
33901 22 
33961 13 
34029 9 
34098 42 
34106 34 
34134 21 
34143 35 
34203 19 
34209 23 
34217 121 
34235 29 
34237 32 
34248 32 
34495 4 
34543 34 
34881 27 
34942 75 
34996 17 
35099 5 
35247 17 
35258 7 
35409 11 
35410 1580 
35418 7 
35486 15 
35634 124 
35671 21 
35736 27 
35777 12 
35816 667 
35928 218 
36100 63 
36218 508 
36225 186 
36233 5 
36326 16 
36434 35 
36467 16 
36508 16 
36513 99 
36521 39 
36551 0 
36826 0 
36876 284 
36891 30 
37092 22 
37393 6 
37397 131 
37684 122 
37707 17 
37848 26 
38010 45 
38040 14 
38078 15 
38302 50 
38566 307 
38597 24 
38726 2 
38825 6 
39414 79 
40017 28 
40524 27 
40533 3 
40711 11 
40806 21 
40811 20 
41140 19 
41211 68 
41237 28 
41366 68 
41436 211 
41526 9 
41583 5 
41856 10 
42732 127 
42845 8 
43043 26 
43398 287 
43677 72 
43759 23 
44009 7 
44401 1 
44797 45 
45927 74 
46641 23 
47187 227 
47461 157 
48221 187 
51076 5 
54566 185 
55222 77 
55462 8 
56245 54 
56941 7 
57145 5 
59002 12 
59224 15 
60105 60 
60284 13 
60359 18 
60383 13 
60941 16 
61009 30 
61059 577 
61073 7 
61307 29741 
61335 3490 
61353 1456 
61401 1269 
61454 230 
61663 501 
61709 159 
61821 649 
61962 20 
61967 82 
62026 162 
62051 22 
62254 36 
62262 1 
62421 31 
62580 33 
62620 1229 
62958 30 
62967 13 
62981 20 
63114 7 
63129 46 
63355 101 
63363 137 
63389 108 
63410 102 
63412 47 
63451 15 
63453 20 
63475 58 
63481 99 
63489 343 
63554 16 
63568 51 
63571 11 
63632 149 
63650 33 
63659 91 
63663 55 
63714 7 
63951 442 
64013 198 
64061 237 
64109 165 
64148 108 
64177 108 
64194 48 
64209 4 
64250 138 
64307 81 
64309 139 
64331 86 
64335 88 
64349 248 
64364 167 
64399 29 
64401 777 
64417 38 
64431 138 
64434 123 
64457 144 
64459 121 
64518 27 
64536 31 
64618 121 
64623 2 
64644 51 
64659 23 
64681 396 
64714 30 
64721 90 
64722 33 
64815 11 
64827 210 
64832 187 
64858 14 
64859 14 
64910 37 
64928 155 
64950 201 
64990 137 
65008 464 
65089 82 
65120 97 
65140 97 
65141 160 
65146 46 
65216 27 
65276 47 
65278 94 
65302 41 
65377 100 
65501 136 
65503 24 
65507 66 
65533 233 
65662 9 
65703 47 
65704 59 
65705 301 
65737 47 
65787 56 
65788 31 
65797 21 
65870 5 
65918 29 
65969 50 
66006 126 
66012 16 
66033 194 
66050 11 
66068 49 
66119 552 
66156 125 
66234 20 
66335 50 
66353 23 
66374 13 
66401 12 
66404 95 
66413 7 
66427 30 
66489 38 
66489 15 
66513 13 
66542 11 
66642 11 
66799 14 
66843 61 
66861 23 
66866 77 
66907 25 
66993 50 
67017 52 
67035 9 
67082 5 
67141 5 
67291 438 
67384 171 
67425 51 
67536 50 
67717 75 
68000 14 
68055 4 
68392 26 
68496 6 
68500 42 
68649 30 
68855 87 
68887 6 
69617 10 
69827 130 
69905 50 
70735 1 
70772 88 
70782 18 
70821 454 
71066 177 
71186 44 
71391 14 
71411 130 
71497 45 
71522 24 
71715 19 
71892 57 
72357 2249 
72368 57 
72646 81 
72988 57 
73102 454 
73587 13 
73824 296 
73868 161 
74026 27 
74031 83 
74211 8 
74503 6 
74543 126 
74566 12 
74581 67 
74697 14 
75072 19 
75809 17 
76370 11 
76848 9 
76894 62 
77063 27 
77173 46 
77184 151 
77485 59 
77590 9 
77997 353 
78026 62 
78050 155 
78070 519 
78386 42 
78511 253 
78664 13 
78685 133 
79321 43 
79562 73 
79594 23 
79680 2 
79797 22 
79989 48 
80044 22 
80203 7 
80240 22 
80452 58 
80453 2040 
80684 435 
81203 46 
82076 4 
82127 13 
82668 96 
82718 223 
82886 31 
83169 22 
83368 112 
83548 12 
83675 82 
83760 31 
84251 187 
84312 11 
84320 13 
84469 5 
84990 61 
85069 50 
85225 35 
85594 5 
86560 69 
86646 72 
86789 41 
86902 14 
87154 46 
87378 45 
87404 95 
87601 58 
87601 58 
87675 16 
87832 16 
88075 47 
88348 8 
88396 16 
88533 215 
88659 5 
88799 13 
89070 23 
89226 21 
89762 3 
89897 8075 
89936 26 
90183 22 
90289 10 
90575 13362 
90605 1268 
90606 43 
90625 215 
90639 193 
90688 26 
90880 9 
90894 9 
91127 202 
91157 30 
91200 45 
91256 256 
91735 137 
91754 160 
91793 514 
92065 25 
92167 35 
92296 69 
92337 2 
92581 6 
92716 56 
92724 15 
92878 42 
92919 7 
93136 250 
93262 298 
93550 1428 
93830 13 
94092 22 
94101 30 
94210 179 
94297 3 
94341 2 
94483 73 
94709 8 
95066 5 
95338 165 
95597 6 
95694 8 
95729 15 
95956 26 
96226 45 
96369 32 
96389 12 
96542 39 
96728 26 
97590 24 
97831 105 
98338 11 
98681 18 
99333 23 
99389 3 
99745 86 
100267 7 
101814 16 
102172 9 
102460 131 
102561 10 
102994 31 
104638 10 
104921 53 
105335 6 
105436 37 
105742 16 
105742 16 
105880 1736 
106123 3 
106157 38 
106215 71 
106244 21 
106300 19 
106511 12 
106516 41 
106799 26 
106835 34 
107260 24 
107314 5 
107631 11 
107963 11 
108286 63 
108346 85 
108439 104 
108459 70 
108489 393 
108628 577 
108640 11 
108645 196 
108694 25 
108717 25 
108745 25 
108830 35 
108870 24 
108951 6 
108982 53 
109015 16 
109042 34 
109475 9 
109816 39 
110037 65 
110166 393 
110199 149 
110287 22 
110377 200 
110685 47 
111182 129 
111298 256 
111393 43 
111431 135 
111461 28 
111489 115 
111502 77 
111504 305 
111544 83 
111546 833 
111556 65 
111576 408 
111579 79 
111586 159 
111588 106 
111591 34 
111592 438 
111601 64 
111618 81 
111639 95 
111640 37 
111656 95 
111658 147 
111662 9 
111663 143 
111740 29 
111749 159 
111765 45 
111811 106 
111923 187 
111965 49 
111969 92 
111992 18 
112009 17 
112032 35 
112067 13 
112076 10 
112181 164 
112282 91 
112286 132 
112310 47 
112314 259 
112364 96 
112391 41 
112453 27 
112551 62 
112564 27 
112600 9 
112604 37 
112626 176 
112695 39 
112725 269 
112758 283 
112762 25 
112835 65 
112892 127 
112902 72 
112988 205 
113105 25 
113106 87 
113204 64 
113220 71 
113222 33 
113237 108 
113302 23 
113305 54 
113415 93 
113501 11 
113558 47 
113702 11 
113740 8 
113789 60 
113850 35 
113959 9 
113977 12 
113993 36 
114005 5 
114048 6 
114073 11 
114089 17 
114174 15 
114194 26 
114226 71 
114338 12 
114392 39 
114466 130 
114561 11 
114595 3 
114624 14 
114721 438 
114733 44 
114806 24 
114810 55 
115072 144 
115149 130 
115195 41 
115563 125 
115765 4 
116008 4 
116024 10 
116378 49 
116699 28 
116767 21 
117079 9 
117510 57 
117550 17 
117631 18 
117798 7 
117803 11 
117972 19 
118024 3 
118373 4 
118387 5 
118419 14 
118589 40 
118639 42 
119023 15 
119268 21 
119435 22 
120056 37 
120120 19 
120395 33 
120441 37 
120780 9 
120909 42 
121167 8 
121313 9 
121566 21 
121748 10 
122031 10 
122405 41 
122453 393 
122502 82 
122904 27 
124209 31 
124303 4 
124373 11 
124593 7 
124813 2 
125395 8 
125695 12 
125738 3 
126177 11 
126297 12 
126669 17 
126813 8 
126885 39 
127985 5 
128643 13 
129034 201 
129092 69 
129196 524 
129410 24 
129453 443 
129471 62 
133873 44 
140669 22 
150763 0 
152551 9 
153678 10 
156779 12 
157139 19 
157197 8 
157764 12 
159132 4 
159315 79 
160445 274 
162826 28 
163837 9 
166936 6 
168079 6 
169052 3 
169563 19 
178275 6 
178340 69 
179518 2 
181830 7 
181882 154 
183063 33 
183702 3 
184383 64 
186328 12 
186561 5 
186583 29 
186596 223 
186596 106 
186752 57 
186834 175 
186934 109 
187162 40 
187430 23 
187463 61 
187629 116 
187669 128 
187685 58 
187799 23 
187809 31 
187837 302 
188203 14 
188243 40 
188495 33 
188534 58 
188597 26 
188746 8 
189014 6 
189050 24 
189065 132 
189887 7 
190040 16 
190302 137 
190446 124 
190779 28 
190804 5 
190815 33 
190852 240 
190929 121 
190991 22 
191066 82 
191084 57 
191112 71 
191210 8 
191229 8 
191772 51 
191844 73 
191871 68 
192002 49 
192393 32 
192751 12 
192881 45 
193069 147 
193217 224 
193698 44 
193711 347 
193719 85 
193797 96 
193804 86 
193838 247 
193865 94 
193873 106 
193895 59 
193898 50 
193911 75 
193924 80 
193940 44 
193957 12 
193959 62 
193972 4 
194008 66 
194023 25 
194031 20 
194033 66 
194077 125 
194090 81 
194102 112 
194112 97 
194129 116 
194142 73 
194163 79 
194167 84 
194169 97 
194183 51 
194217 88 
194221 34 
194238 94 
194247 76 
194272 36 
194272 53 
194297 73 
194326 35 
194353 20 
194365 67 
194366 172 
194369 49 
194373 193 
194385 77 
194389 143 
194403 29 
194452 56 
194457 54 
194519 132 
194548 151 
194580 35 
194596 90 
194664 185 
194693 843 
194721 213 
194722 9 
194748 115 
194803 86 
194843 21 
194866 178 
194902 26 
194910 274 
194938 13 
194955 15 
194956 269 
194985 154 
195110 37 
195141 107 
195146 13 
195166 8 
195191 69 
195217 13 
195230 15 
195239 9 
195255 30 
195274 25 
195325 44 
195334 113 
195349 5 
195450 37 
195496 51 
195506 937 
195513 137 
195534 186 
195563 123 
195603 59 
195611 228 
195639 48 
195644 45 
195703 26 
195751 38 
195754 65 
195770 18 
195811 379 
195815 58 
195851 143 
195969 39 
195977 381 
196050 149 
196071 19 
196085 18 
196093 21 
196095 318 
196112 14 
196113 33 
196114 70 
196115 512 
196151 206 
196173 154 
196175 10 
196182 101 
196193 35 
196215 43 
196219 3614 
196225 727 
196227 66 
196243 44 
196270 22 
196286 444 
196322 174 
196331 3 
196345 377 
196348 32 
196357 28 
196387 42 
196427 89 
196449 3 
196467 9 
196483 26 
196494 41 
196501 537 
196504 340 
196507 147 
196608 61 
196634 126 
196637 43 
196640 43 
196644 20 
196671 660 
196741 49 
196827 60 
196847 32 
196883 44 
196957 61 
196993 393 
197012 77 
197015 199 
197023 35 
197028 0 
197035 12 
197037 11 
197057 107 
197103 90 
197147 108 
197193 254 
197253 55 
197277 118 
197312 30 
197339 18 
197345 35 
197377 88 
197414 31 
197499 11 
197515 179 
197527 59 
197617 39 
197682 29 
197685 114 
197689 52 
197700 50 
197702 6 
197704 355 
197750 55 
197765 4 
197785 71 
197795 103 
197803 244 
197827 88 
197855 86 
197857 23 
197896 24 
197903 15 
197924 42 
197982 47 
197987 18 
197989 78 
197996 31 
198006 17 
198034 7 
198059 61 
198094 65 
198208 12 
198262 113 
198302 194 
198317 12 
198343 107 
198355 227 
198390 56 
198394 53 
198402 74 
198428 13 
198439 50 
198451 215 
198499 8 
198561 3 
198598 21 
198600 37 
198671 17 
198675 21 
198702 16 
198768 157 
198811 282 
198820 93 
198833 8 
198871 47 
198874 174 
198874 43 
198880 22 
198892 48 
198911 25 
198916 2826 
198926 38 
198955 30 
198966 16599 
198980 8 
198987 229 
198988 20 
199040 57 
199058 80 
199214 98 
199220 63 
199292 22 
199336 35 
199396 107 
199396 101 
199398 12 
199455 82 
199550 82 
199563 15 
199564 6 
199569 19 
199612 16 
199619 23 
199624 93 
199640 116 
199694 33 
199724 255 
199734 178 
199736 9 
199744 37 
199782 97 
199812 27 
199824 116 
199832 78 
199851 167 
199888 158 
199915 16 
199927 169 
199946 16 
199980 33 
200006 74 
200027 7 
200144 22 
200182 45 
200234 7 
200346 17 
200387 23 
200478 103 
200498 1 
200518 278 
200537 174 
200543 118 
200546 24 
200556 59 
200564 10 
200566 311 
200581 2425 
200583 151 
200600 66 
200606 36 
200633 236 
200635 106 
200654 465 
200683 33 
200686 38 
200693 86 
200694 333 
200706 79 
200732 6285 
200738 60 
200804 6619 
200838 7 
200850 55 
200854 65 
200875 87 
200916 77 
200916 8 
200922 183 
200939 93 
200941 196 
200954 68 
200962 12 
200982 208 
201015 14 
201019 66 
201023 106 
201026 120 
201060 110 
201061 2805 
201063 28 
201063 28 
201081 1190 
201084 240 
201097 124 
201165 111 
201178 858 
201188 202 
201297 59 
201307 52 
201358 70 
201374 33 
201374 40 
201384 55 
201399 251 
201438 953 
201480 685 
201502 227 
201548 215 
201591 273 
201598 62 
201663 140 
201680 268 
201784 33 
201788 50 
201850 127 
201927 3561 
201930 87 
201948 101 
201982 7 
202089 95 
202098 126 
202112 56 
202123 29 
202145 53 
202243 1 
202252 11 
202255 20 
202328 60 
202348 84 
202369 19 
202410 0 
202417 38 
202590 114 
202624 110 
202640 810 
202775 28 
202778 48 
202845 10 
202857 91 
202907 177 
202919 635 
202939 148 
202948 76 
202972 40 
202981 663 
203001 12 
203006 250 
203027 113 
203049 122 
203064 979 
203065 87 
203086 8 
203090 84 
203111 49 
203160 8 
203161 28 
203251 303 
203272 15 
203283 56 
203286 12 
203387 97 
203400 7 
203435 70 
203443 16 
203507 111 
203519 12 
203553 52 
203584 122 
203620 130 
203629 21 
203632 41 
203660 21 
203746 11485 
203773 5 
203794 160 
203802 50 
203914 22 
203994 91 
204063 46 
204087 654 
204097 25 
204113 7160 
204114 13 
204114 13 
204154 400 
204393 227 
204453 14 
204501 29 
204506 130 
204554 106 
204597 62 
204599 57 
204612 167 
204742 280 
204757 23 
204762 45 
204787 21 
204793 58 
204816 24 
204863 34 
204996 116 
205030 162 
205091 6 
205093 259 
205101 11 
205127 13 
205145 59 
205201 9 
205216 20 
205232 19 
205285 25 
205337 8 
205356 112 
205504 40 
205549 18 
205775 23 
205816 8 
205865 28 
205877 221 
206001 24 
206237 33 
206291 33 
206293 35 
206307 481 
206315 112 
206352 306 
206359 148 
206378 203 
206383 150 
206403 172 
206406 42 
206437 60 
206445 21 
206449 45 
206467 7 
206477 39 
206556 89 
206640 8 
206647 95 
206663 40 
206684 30 
206702 50 
206777 7 
206814 148 
206931 64 
206969 3 
207055 21 
207076 245 
207100 40 
207248 24 
207425 45 
207461 19 
207491 27 
207680 90 
207681 23 
207681 81 
207697 180 
207782 4 
208024 18 
208117 271 
208139 282 
208211 17 
208275 373 
208285 54 
208291 136 
208319 81 
208338 15 
208345 0 
208352 124 
208368 89 
208371 34 
208383 25 
208408 132 
208441 76 
208565 10 
208580 473 
208698 32 
208750 62 
208762 164 
208843 20 
208880 49 
208938 2 
208967 10 
208993 81 
209065 90 
209084 13 
209164 7 
209242 34 
209264 32 
209265 86 
209514 387 
209526 5 
209619 68 
209914 103 
210239 21 
210310 7 
210350 50 
210577 78 
210616 11 
210746 24 
210799 1 
211189 22 
211549 30 
212164 107 
212180 10 
212255 39 
212257 38 
212690 87 
212751 12 
213263 26 
213425 81 
213483 8 
213576 1043 
213629 36 
213768 435 
214144 474 
214502 833 
214516 16 
214627 1237 
214715 235 
214721 186 
214825 92 
214856 199 
214872 378 
214891 31 
214937 105 
215069 915 
215101 145 
215118 3 
215128 8 
215292 24 
215541 1189 
215856 282 
215961 15 
216162 271 
216265 16 
216299 2 
216333 52 
216565 27 
216738 51 
216813 17 
217099 7 
218140 246 
219481 5 
219569 1967 
219601 249 
219613 54 
219619 604 
219637 97 
219672 20 
219675 8 
219689 60 
219698 486 
219761 6199 
219762 522 
219889 128 
220018 587 
220252 17 
220341 32 
220464 32 
220472 209 
220632 1 
220830 87 
221152 9 
221250 17 
221668 34 
222058 48 
222079 20 
222400 20 
223232 14 
223884 25 
224472 34 
224917 81 
228418 134 
231242 8 
231453 93 
231834 18 
232286 136 
232680 28 
236248 27 
238352 38 
238447 18 
238825 8 
239089 23 
239854 27 
239969 91 
240265 70 
240863 23 
240878 214 
240959 23 
241418 27 
241604 154 
241642 18 
241731 38 
241910 16 
242365 11 
243141 44 
243931 33 
244240 35 
244269 91 
244813 4 
245084 19 
245199 13 
245371 63 
245449 44 
245643 7 
245676 4 
245952 33 
245974 20 
246452 60 
246574 28 
246910 22 
246973 18 
247034 15 
247324 22 
247895 9 
247898 15 
247972 15 
247996 147 
248259 5 
248289 120 
248304 64 
248329 360 
249139 45 
249586 4 
250456 14 
250522 5 
250687 117 
250800 5 
250955 17 
251016 4 
251266 8 
251341 16 
251443 1 
252087 156 
252162 3 
252283 10 
252938 30 
253220 14 
253423 31 
253508 19 
253701 0 
253706 34 
254334 616 
254912 88 
255085 21 
256263 10 
256264 1 
256967 48 
257331 12 
257483 19 
258090 116 
258393 15 
259233 109 
259661 32 
259702 358 
259720 11 
261067 58 
261123 12 
261198 4 
261328 10 
261328 10 
263144 15 
264467 5 
268927 2563 
269014 47 
269090 88 
269153 22 
269170 173 
269287 161 
269301 9 
269351 95 
269366 102 
269369 84 
269380 61 
269465 235 
269470 72 
269517 14 
269573 53 
269671 11 
269747 36 
269821 83 
269844 50 
269846 1 
269929 24 
269972 35 
270507 6 
270608 118 
270623 37 
270929 51 
271098 6 
271127 51 
271206 16 
271233 103 
271245 4 
271376 14 
271390 6 
271411 89 
271480 32 
271611 8 
272537 107 
272622 5 
272734 56 
272926 21 
273459 41 
273667 11 
273977 32 
274487 6 
274535 20 
274981 52 
275441 33 
275523 6 
275653 62 
275864 41 
276339 41 
276794 405 
276805 5 
277071 2 
277085 2 
277111 362 
277120 21 
277207 61 
277509 59 
277767 48 
278381 10 
278444 37 
280935 38 
281205 210 
281230 396 
281263 426 
281421 13 
281469 34 
281563 90 
281587 207 
281709 112 
282073 102 
282176 31 
282445 109 
282604 15 
282636 36 
282721 107 
282739 35 
282756 16 
282874 190 
282894 52 
282929 27 
282940 67 
283058 86 
283235 10 
283469 22 
283554 42 
283722 56 
283772 86 
283788 66 
283795 18 
283859 27 
283912 17 
283948 12 
284113 26 
284248 10 
284248 10 
284740 10 
284954 33 
285741 6 
285994 110 
286017 8 
286736 181 
287426 7 
287853 34 
287951 104 
288129 15 
288177 37 
288210 11 
288793 86 
288879 24 
288879 24 
288945 124 
290047 14 
291223 15 
291226 16 
291238 63 
291365 54 
291549 6 
291788 1 
291936 23 
292108 21 
292379 3 
293391 111 
293404 2 
294020 5 
294242 6 
295157 9 
295187 331 
296874 61 
297247 56 
297593 78 
298964 23 
300619 20 
302730 22 
303485 319 
305042 11 
311825 8 
313114 299 
317586 34 
322544 10 
325412 0 
329770 11 
334625 14 
336986 2 
337838 8 
340324 25 
341464 32 
342991 3 
346005 3 
352098 0 
352507 14 
359440 7 
360306 22 
363364 5 
363832 15 
368337 0 
382170 10 
409105 0 
415924 19 
423116 101 
428153 29 
447797 6 
461341 4 
462862 4 
471289 29 
493546 8 
503536 7 
506844 2 
508830 20 
522881 4 
539416 3 
540340 7 
557937 1 
