3576 11.171412037
0 10321737 
6 498 
8 3413 
8 251 
8 479 
9 191 
9 177 
12 1172 
12 13782 
13 849 
13 159 
14 192 
14 2073 
16 223 
16 278 
17 221 
17 72 
17 759 
17 82 
17 299 
19 410 
19 374 
19 126 
20 1862 
20 35 
20 118 
21 74 
21 2565 
21 694 
21 692 
22 73 
23 132 
23 1 
23 208 
24 1658 
25 1 
25 2651 
26 1093 
26 1286 
27 103 
27 2612 
28 60 
28 525 
29 86 
31 135 
32 273 
32 392 
32 453 
33 304 
33 342 
33 822 
33 99 
34 374 
35 861 
36 1147 
37 161 
37 64 
37 1557 
37 792 
37 353 
38 364 
38 11 
39 423 
39 422 
40 531 
41 202 
42 310 
42 382 
42 1367 
43 95 
44 160 
45 98 
45 565 
45 326 
45 48 
45 50 
46 1040 
46 33 
47 853 
48 227 
48 56 
48 145 
48 44 
48 266 
49 195 
49 378 
49 1493 
49 140 
49 91 
50 378 
51 353 
51 180 
51 4788 
51 165 
52 762 
52 261 
52 763 
53 1563 
53 100 
53 1628 
53 196 
53 105 
54 142 
54 211 
54 589 
54 59 
56 1415 
56 1624 
56 575 
57 1744 
57 194 
57 3144 
57 370 
58 267 
58 1956 
58 77 
59 71 
60 54 
61 300 
61 930 
61 1526 
61 876 
62 17 
63 339 
63 81 
63 386 
64 546 
65 18 
65 32 
66 125 
66 26727 
67 393 
67 134 
67 1208 
67 505 
67 51 
68 136 
69 357 
69 471 
70 137 
70 421 
71 501 
71 650 
71 175 
71 544 
72 150 
72 2 
72 2072 
73 28 
73 85 
73 303 
73 235 
74 479 
75 318 
75 778 
75 105 
76 183 
77 5603 
77 235 
78 537 
78 321 
78 369 
78 318 
80 805 
80 179 
80 20 
80 3721 
81 183 
81 240 
81 2527 
82 113 
82 184 
83 92 
83 183 
83 479 
83 1196 
84 405 
84 4188 
85 166 
85 1018 
85 1026 
85 131 
85 105 
85 54 
86 580 
87 1024 
87 114 
87 239 
88 405 
88 140 
89 2298 
89 82 
89 143 
89 430 
89 370 
89 96 
90 157 
90 162 
90 238 
90 356 
90 112 
90 106 
91 329 
91 426 
92 255 
92 63 
92 814 
93 362 
93 347 
93 308 
94 283 
94 724 
94 106 
94 882 
95 214 
95 585 
95 339 
95 71 
95 2964 
95 130 
96 428 
96 1028 
96 164 
96 200 
97 652 
97 140 
97 174 
98 380 
99 47 
100 469 
100 132 
100 424 
100 1556 
101 24 
101 130 
101 662 
102 847 
102 802 
102 7286 
102 92 
103 191 
103 133 
103 243 
103 283 
104 923 
104 78 
104 238 
104 1182 
104 240 
104 213 
105 4 
105 141 
105 1680 
105 91 
105 529 
105 1242 
105 119 
106 105 
106 7 
107 272 
107 148 
107 2779 
107 371 
108 163 
108 1999 
108 1082 
108 517 
108 552 
108 55 
109 73 
109 305 
109 533 
109 180 
109 238 
109 4693 
110 48 
110 110 
110 23 
111 434 
111 13 
111 43 
112 347 
112 69 
112 30 
113 139 
113 60 
113 16509 
113 575 
113 2338 
113 309 
113 1808 
113 132 
114 79 
114 568 
114 315 
114 164 
114 55 
115 64 
115 195 
115 118 
115 76 
116 239 
116 445 
116 364 
116 150 
117 118 
117 147 
117 70 
118 61 
118 4 
119 26877 
119 123 
119 725 
119 603 
119 403 
119 116 
120 470 
120 83 
121 27 
121 38 
121 554 
121 291 
122 155 
122 50 
122 122 
122 383 
122 77 
123 106 
123 37 
123 134 
123 959 
123 197 
123 303 
124 249 
124 14 
125 119 
125 481 
125 480 
125 95 
125 167 
125 615 
126 919 
126 10 
126 34 
126 70 
126 17 
127 903 
127 562 
128 47 
128 6 
128 91 
129 4 
129 1349 
130 96 
130 51 
130 632 
130 23 
131 101 
131 82 
131 152 
131 405 
132 217 
132 105 
132 55 
133 101 
133 240 
133 22073 
133 6 
134 178 
134 98 
134 91 
134 148 
134 290 
135 278 
135 206 
135 141 
136 474 
136 2 
136 518 
136 210 
136 78 
136 47 
137 751 
137 30 
137 101 
137 376 
137 118 
138 2 
138 200 
138 426 
138 244 
139 150 
139 14418 
139 505 
139 307 
140 256 
141 268 
141 208 
141 566 
141 160 
141 44 
142 3785 
142 74 
142 197 
143 135 
144 261 
144 242 
144 1401 
145 492 
145 1246 
145 177 
145 42 
145 34 
146 740 
146 40 
147 2876 
147 653 
147 270 
147 90 
148 360 
148 239 
148 99 
149 104 
149 102 
149 362 
149 220 
149 72 
150 506 
150 64 
150 532 
150 389 
150 105 
150 831 
150 56 
150 17 
151 382 
151 6306 
151 232 
151 411 
151 114 
151 283 
151 216 
151 428 
152 36 
152 256 
152 292 
152 671 
152 391 
152 59 
152 104 
152 33 
153 1606 
153 129 
155 1049 
155 194 
155 111 
155 307 
156 125 
156 82 
156 29 
156 505 
157 538 
157 159 
158 172 
158 42 
158 1076 
158 363 
158 218 
158 116 
158 180 
158 1374 
158 21 
159 116 
159 286 
160 1285 
160 144 
160 480 
161 68 
161 112 
161 178 
161 392 
161 347 
162 73 
162 197 
162 277 
162 3167 
163 326 
163 71 
163 101 
163 54 
163 511 
163 44 
163 198 
163 76 
163 1365 
164 244 
164 1425 
165 154 
165 146 
166 216 
166 57 
167 2250 
167 60 
167 51 
167 37 
168 14 
168 161 
169 105 
169 19 
169 112 
169 401 
170 144 
170 96 
170 119 
171 182 
171 968 
172 305 
172 589 
172 234 
172 207 
172 349 
172 41 
173 125 
173 52 
174 40 
174 617 
174 235 
174 732 
174 177 
174 209 
174 194 
175 83 
175 725 
175 107 
176 126 
176 45 
176 447 
176 197 
176 117 
176 30 
177 327 
177 245 
177 21 
177 249 
178 325 
178 36 
178 41 
178 84 
178 1525 
178 65 
179 320 
179 1024 
179 204 
179 418 
179 8335 
180 132 
180 172 
180 513 
180 2070 
181 102 
182 290 
182 2922 
182 298 
182 122 
183 170 
183 151 
183 197 
184 807 
185 1 
186 54 
188 337 
188 128 
188 420 
189 485 
189 60 
190 165 
190 1045 
191 959 
191 166 
192 1090 
193 1767 
193 401 
193 500 
193 31 
194 21 
194 379 
194 149 
194 37 
194 383 
194 58 
195 279 
195 33 
195 523 
196 523 
196 32 
196 38 
196 316 
197 807 
197 27 
198 21 
198 770 
198 111 
198 125 
199 157 
199 155 
199 136 
199 295 
199 18 
199 148 
200 138 
200 94 
200 85 
201 232 
201 457 
201 243 
202 107 
203 519 
203 51 
203 780 
204 77 
204 236 
204 3 
204 2090 
205 108 
205 20 
205 219 
206 37 
206 75 
206 78 
206 702 
206 139 
206 86 
206 42 
206 86 
207 753 
207 788 
207 70 
208 272 
208 587 
208 149 
208 71 
208 0 
209 627 
209 103 
209 467 
210 153 
210 907 
210 110 
210 172 
211 173 
211 389 
211 70 
212 106 
212 31 
213 1041 
213 253 
213 213 
213 373 
214 234 
214 117 
214 169 
216 548 
216 1976 
216 119 
216 122 
217 60 
217 2228 
218 270 
218 384 
218 85 
219 135 
219 57 
219 89 
219 60 
220 117 
221 425 
222 455 
223 29 
223 62 
223 83 
223 18 
224 165 
224 201 
225 640 
225 2182 
225 322 
226 481 
226 69 
226 580 
226 933 
226 1037 
226 356 
226 2254 
227 143 
227 143 
228 80 
228 43 
229 1240 
229 165 
229 20 
229 328 
229 332 
229 1278 
229 131 
229 389 
229 90 
231 99 
231 288 
231 43 
232 123 
232 3765 
232 1709 
233 230 
234 881 
235 61 
235 101 
235 131 
235 130 
236 142 
236 303 
236 176 
237 191 
237 104 
237 98 
237 104 
237 64 
237 31 
238 239 
238 652 
238 240 
238 308 
238 282 
239 115 
239 265 
239 319 
239 101 
239 249 
240 145 
240 1577 
241 387 
242 77 
242 515 
243 164 
243 160 
244 126 
245 231 
245 102 
246 246 
246 72 
246 62 
247 166 
247 41 
248 329 
248 100 
249 425 
249 31 
249 144 
249 309 
250 40 
250 214 
250 87 
251 203 
251 131 
252 703 
252 125 
253 87 
253 481 
254 223 
256 3038 
256 8778 
256 1172 
256 74 
257 110 
257 173 
258 173 
258 206 
258 471 
258 150 
258 242 
259 58 
259 272 
260 197 
260 88 
261 117 
262 227 
262 102 
262 107 
262 1086 
263 55 
264 94 
264 741 
264 19 
266 7 
266 676 
267 3759 
268 224 
268 353 
269 154 
269 766 
270 26 
270 109 
270 143 
270 73 
270 231 
271 240 
272 46 
273 46 
273 4 
274 491 
275 14 
275 219 
276 108 
276 155 
276 219 
277 684 
277 119 
278 148 
278 386 
279 316 
279 232 
280 393 
280 223 
280 442 
281 128 
281 969 
282 100 
282 97 
283 985 
283 61 
284 106 
284 22 
284 28 
285 307 
285 427 
285 93 
286 185 
288 1128 
289 1092 
289 315 
289 395 
289 12616 
290 635 
290 42 
290 69 
290 37 
291 179 
291 131 
292 1971 
292 106 
293 23 
294 85 
294 151 
295 232 
295 227 
296 449 
296 7 
297 467 
298 31 
299 750 
299 123 
300 128 
301 7 
301 48 
301 429 
302 284 
302 68 
303 364 
303 398 
303 148 
303 1653 
304 154 
304 7 
305 303 
305 108 
306 456 
306 231 
307 410 
307 1137 
307 63 
308 113 
308 329 
308 93 
310 67 
310 112 
311 505 
312 83 
312 59 
313 59 
313 79 
314 80 
314 557 
314 133 
315 241 
315 178 
315 449 
315 207 
315 89 
316 780 
317 941 
318 188 
318 35 
319 518 
320 119 
321 279 
321 9864 
321 338 
322 70 
323 249 
324 353 
324 800 
325 169 
327 57 
327 33 
328 139 
328 440 
329 163 
331 303 
333 217 
333 87 
333 1219 
334 4223 
334 408 
334 300 
335 12 
335 499 
336 1167 
340 1013 
340 482 
341 51 
341 270 
342 67 
342 118 
342 150 
343 824 
344 602 
344 65 
345 1304 
347 248 
347 364 
347 173 
348 252 
348 164 
348 50 
349 3714 
349 141 
350 128 
351 209 
351 255 
352 76 
354 1053 
354 2176 
354 73 
354 257 
355 47 
356 124 
356 435 
356 164 
357 104 
357 1143 
358 181 
358 112 
359 72 
359 156 
359 2643 
361 442 
361 515 
361 607 
362 59 
364 628 
364 74 
366 99 
366 17 
367 72 
367 48 
369 61 
369 110 
369 57 
370 299 
443 177 
444 102 
444 23905 
445 446 
446 545 
447 516 
447 99 
448 681 
449 44 
449 521 
450 126 
450 98 
450 551 
451 58 
451 191 
451 96 
452 104 
452 87 
452 514 
454 354 
455 219 
457 914 
460 442 
460 280 
460 26 
460 67 
460 27 
461 218 
461 781 
463 92 
465 627 
465 252 
465 193 
466 117 
466 433 
466 115 
468 95 
469 100 
472 157 
472 104 
473 148 
473 65 
473 46 
474 51 
475 128 
475 91 
476 34 
476 3202 
476 39 
479 5738 
479 112 
479 200 
480 196 
480 234 
481 60 
481 36 
482 59 
483 444 
483 82 
483 38 
484 132 
485 225 
486 191 
486 613 
487 222 
488 73 
488 121 
488 78 
490 93 
491 240 
491 123 
492 192 
494 331 
498 1004 
498 19 
499 888 
501 16 
501 1474 
501 1080 
501 177 
503 73 
507 33 
508 376 
509 867 
509 224 
509 2 
510 88 
512 103 
513 164 
513 76 
514 452 
516 453 
517 290 
517 193 
521 51 
524 477 
525 42 
526 357 
527 340 
527 385 
528 83 
529 106 
530 50 
531 589 
531 418 
532 1157 
533 147 
534 5075 
534 669 
535 6306 
535 92 
539 53 
539 737 
540 125 
540 655 
542 114 
544 43 
545 69 
547 80 
547 190 
548 254 
548 384 
551 220 
551 20 
555 1827 
556 78 
556 289 
558 107 
558 1182 
558 179 
562 395 
563 118 
563 119 
563 9 
564 96 
565 204 
565 120 
566 45 
567 29 
567 1470 
569 48 
569 20 
570 724 
571 160 
572 190 
572 523 
576 250 
576 28 
580 113 
581 283 
582 89 
582 1060 
582 344 
583 386 
583 337 
583 334 
584 1204 
585 16973 
587 103 
588 24577 
588 1330 
589 588 
590 335 
591 132 
591 94 
593 28 
594 46 
595 218 
596 85 
596 447 
596 302 
597 1573 
598 60 
598 65 
598 257 
600 72 
604 47 
605 192 
605 85 
606 88 
608 289 
609 136 
609 247 
610 137 
611 3183 
612 193 
613 251 
615 845 
616 90 
616 16 
617 10 
619 667 
619 760 
620 159 
620 134 
621 269 
621 3 
621 125 
621 219 
621 40 
624 63 
624 136 
625 76 
627 60 
628 40 
629 8 
630 107 
631 65 
633 285 
633 35 
633 118 
633 85 
634 118 
635 543 
636 257 
638 70 
638 466 
640 166 
641 25 
642 39 
642 228 
643 260 
644 95 
646 96 
647 204 
650 1314 
650 6 
651 134 
654 436 
654 93 
655 169 
655 34 
656 20 
657 1023 
661 55 
661 28 
664 493 
665 200 
665 247 
666 135 
667 360 
668 2297 
668 76 
669 169 
672 1792 
673 150 
673 36 
679 1462 
685 2061 
686 89 
687 176 
689 1999 
690 911 
692 422 
694 1154 
698 245 
700 2402 
700 4671 
700 132 
706 177 
706 41 
706 165 
706 532 
707 89 
707 205 
711 4 
712 87 
712 154 
716 252 
720 98 
728 10 
729 670 
731 2369 
733 56 
735 72 
738 1349 
738 146 
739 121 
740 45 
744 1060 
747 165 
748 195 
749 279 
752 92 
758 194 
759 2696 
763 103 
763 136 
763 104 
765 182 
765 51 
766 134 
767 72 
771 3 
775 355 
776 101 
776 81 
777 49 
779 977 
779 163 
783 1277 
784 1450 
785 120 
788 94 
788 45 
792 632 
792 217 
794 905 
797 161 
797 452 
798 204 
798 168 
799 407 
800 19 
802 292 
802 94 
804 147 
804 268 
807 52 
810 29 
812 64 
814 983 
815 329 
822 308 
822 198 
823 10 
823 58 
825 27843 
826 1 
827 187 
830 209 
832 141 
832 628 
838 116 
838 43 
846 1468 
847 4967 
847 70 
849 163 
849 108 
850 157 
852 227 
853 27 
853 32 
855 616 
857 89 
857 14796 
858 752 
859 220 
862 246 
865 26620 
865 53 
865 40 
872 94 
873 611 
875 146 
878 1948 
879 105 
879 65 
881 181 
882 41 
885 161 
886 627 
888 258 
889 152 
891 769 
891 327 
892 962 
893 137 
895 92 
895 281 
896 71 
898 394 
898 2406 
900 1340 
901 82 
904 395 
904 1178 
905 10 
906 52 
909 82 
909 60 
909 25 
910 596 
910 39 
912 24 
915 110 
915 175 
916 341 
916 224 
916 155 
918 33 
919 780 
919 113 
921 174 
922 231 
922 319 
923 29 
927 469 
928 123 
929 129 
930 127 
931 1353 
931 64 
932 173 
938 1405 
938 22 
939 81 
939 84 
940 108 
941 753 
942 100 
943 83 
944 236 
945 158 
950 22 
957 6 
960 228 
963 104 
963 3 
965 269 
967 28 
967 218 
970 395 
977 8 
980 270 
986 3477 
989 408 
991 22281 
991 39 
998 817 
1000 27 
1005 114 
1006 626 
1008 213 
1008 563 
1010 121 
1012 202 
1013 72 
1018 4883 
1018 200 
1020 211 
1026 169 
1026 524 
1029 559 
1030 55 
1030 50 
1038 30 
1039 26 
1044 291 
1045 306 
1048 182 
1049 1213 
1053 48 
1055 1369 
1058 24 
1059 149 
1063 1935 
1065 763 
1069 5 
1069 74 
1069 357 
1070 27 
1071 79 
1074 52 
1077 305 
1080 30 
1083 43 
1088 522 
1092 71 
1093 101 
1095 22 
1096 717 
1097 396 
1098 104 
1100 538 
1103 30 
1104 793 
1104 396 
1105 246 
1111 36 
1115 98 
1116 166 
1117 225 
1117 115 
1117 25 
1120 6597 
1121 73 
1121 253 
1126 109 
1130 13 
1131 344 
1131 405 
1131 75 
1132 80 
1135 56 
1140 1836 
1140 186 
1141 77 
1142 20 
1142 75 
1146 56 
1147 17 
1148 3 
1153 156 
1155 14 
1159 129 
1161 6 
1165 208 
1166 1140 
1168 100 
1169 1013 
1180 450 
1184 655 
1185 135 
1189 23 
1190 45 
1194 47 
1196 603 
1196 119 
1204 3 
1207 15 
1211 1641 
1212 149 
1215 207 
1219 223 
1220 10 
1220 41 
1221 669 
1227 42 
1229 2012 
1230 129 
1230 98 
1234 30 
1235 140 
1237 14 
1241 72 
1242 130 
1243 192 
1249 90 
1259 107 
1264 39 
1265 3 
1268 264 
1269 66 
1278 77 
1282 214 
1286 89 
1290 106 
1290 29 
1291 1091 
1294 91 
1299 37 
1300 79 
1302 889 
1312 110 
1317 265 
1320 37 
1321 1695 
1332 329 
1334 36 
1334 325 
1334 154 
1334 206 
1346 14 
1346 690 
1349 382 
1350 336 
1353 11 
1353 24 
1353 147 
1355 21 
1355 1034 
1359 748 
1362 422 
1365 50 
1374 316 
1375 1267 
1377 251 
1377 76 
1384 89 
1392 2182 
1398 140 
1400 233 
1404 195 
1405 76 
1411 34 
1412 269 
1418 1218 
1426 163 
1436 784 
1439 412 
1439 2591 
1448 21 
1456 0 
1466 91 
1466 1039 
1466 257 
1467 31 
1469 4234 
1475 163 
1475 91 
1485 1480 
1490 1730 
1491 596 
1492 107 
1495 2353 
1495 583 
1501 90 
1502 34 
1503 183 
1506 200 
1508 95 
1511 77 
1517 103 
1521 41 
1523 463 
1527 16 
1530 60 
1530 172 
1535 125 
1539 76 
1542 1721 
1545 354 
1550 29 
1555 616 
1564 108 
1574 493 
1576 52 
1586 163 
1594 20 
1594 417236 
1602 123 
1607 282 
1609 1260 
1613 112 
1616 43 
1625 156 
1625 29 
1643 74 
1648 72 
1650 146 
1651 71 
1652 73 
1660 120 
1661 106 
1664 317 
1666 293 
1666 31 
1667 61 
1669 4937 
1670 14 
1671 425 
1676 60 
1688 116 
1690 994 
1692 16 
1705 11 
1708 25 
1708 69 
1710 156 
1713 671 
1718 115 
1722 141 
1725 650 
1727 443 
1729 132 
1729 9 
1730 56 
1733 23 
1736 766 
1739 95 
1740 98 
1741 29 
1743 11 
1759 64 
1768 26 
1770 139 
1771 514 
1772 2802 
1773 5 
1777 707 
1786 106 
1792 105 
1792 849 
1793 60 
1799 167 
1812 12 
1816 219 
1832 306 
1834 17 
1837 334 
1841 603 
1844 74 
1845 20 
1846 208 
1851 18 
1851 21 
1858 50 
1859 200 
1865 208 
1867 302 
1886 49 
1887 130 
1902 233 
1909 117 
1912 6 
1921 170 
1936 982 
1951 167 
1956 244 
1962 36 
1963 353 
1965 9852 
1976 1084 
1979 63 
1980 92 
1983 11 
1990 163 
1996 67 
2007 256 
2008 255 
2012 1382 
2028 9 
2040 204 
2044 5 
2046 88 
2047 129 
2062 205 
2067 308 
2069 216 
2071 83 
2073 66 
2077 397 
2078 155 
2083 9658 
2098 690 
2120 55 
2122 229 
2129 21 
2130 1090 
2138 106 
2147 549 
2158 173 
2163 215 
2169 120 
2175 25 
2177 158 
2177 216 
2179 96 
2186 1388 
2201 528 
2230 794 
2230 219 
2239 72 
2244 109 
2250 12 
2268 57 
2276 114 
2289 35 
2298 329 
2306 283 
2306 435 
2307 307 
2316 113 
2325 1941 
2332 56 
2334 13 
2334 256 
2352 84 
2366 74 
2374 190 
2381 268 
2384 322 
2385 117 
2386 66 
2401 402 
2412 227 
2416 68 
2416 23 
2418 108 
2421 37 
2422 11632 
2440 224 
2451 114 
2464 214 
2480 107 
2481 24 
2495 414 
2507 343 
2511 942 
2516 233 
2518 110 
2519 52 
2530 41 
2538 1263 
2543 348 
2552 57 
2561 83 
2573 35 
2576 313 
2584 286 
2584 117 
2601 122 
2601 67 
2655 310 
2659 188 
2666 342 
2670 56 
2673 634 
2692 30 
2693 5162 
2698 412 
2719 193 
2727 52 
2731 88 
2733 462 
2737 139 
2738 141 
2748 431 
2752 18 
2758 14 
2758 44 
2759 9 
2763 112 
2783 63 
2789 71 
2793 50 
2805 126 
2827 726 
2839 7 
2852 102 
2864 253 
2882 217 
2888 15 
2894 351 
2898 23 
2906 109 
2915 390 
2917 671 
2958 2632 
2960 193 
2992 399 
3007 319 
3015 152 
3017 403 
3018 219 
3061 38 
3067 75 
3070 43 
3082 38 
3112 196 
3122 11 
3127 346 
3131 205 
3138 205 
3146 17 
3152 32 
3161 73 
3190 65 
3195 57 
3200 17 
3204 107 
3218 107 
3227 276 
3231 28 
3232 134 
3234 1 
3243 1481 
3244 50 
3252 56 
3263 172 
3264 5 
3265 88 
3277 83 
3280 428 
3285 222 
3297 197 
3308 4 
3309 360 
3311 269 
3318 116 
3323 595 
3328 31 
3333 15 
3339 5 
3350 48 
3357 74 
3360 7967 
3375 169 
3376 276 
3381 118 
3384 90 
3386 119 
3397 1116 
3397 176 
3403 421 
3415 0 
3423 3546 
3435 211 
3437 13691 
3472 99 
3480 146 
3480 413 
3480 43 
3481 54 
3485 250 
3491 537 
3493 189 
3519 211 
3536 107 
3540 958 
3541 143 
3542 215 
3543 28 
3543 628 
3544 219 
3547 7 
3555 3 
3564 241 
3568 11 
3594 14 
3599 42 
3600 856 
3600 179 
3602 287 
3624 21 
3629 17 
3633 401 
3665 1348 
3666 57 
3687 141 
3691 111 
3716 1336 
3716 47 
3722 55 
3723 216 
3723 698 
3730 3 
3738 220 
3745 189 
3752 125 
3765 74 
3793 28 
3810 262 
3818 32 
3829 39 
3843 231 
3856 39 
3861 2511 
3864 136 
3872 126 
3878 122 
3887 109 
3895 75 
3904 638 
3920 230 
3922 63 
3945 140 
3952 180 
3975 31 
3995 429 
4001 1516 
4007 254 
4029 251 
4061 80 
4082 88 
4108 153 
4119 200 
4128 4 
4132 77 
4156 1305 
4162 157 
4162 1528 
4173 47 
4180 83 
4194 41 
4205 58 
4228 25 
4228 76 
4235 40 
4238 911 
4244 58 
4248 102 
4262 5 
4271 64 
4272 35 
4278 265 
4281 51 
4289 14 
4300 3557 
4308 10 
4316 13 
4371 146 
4390 142 
4403 260 
4419 106 
4449 652 
4449 771 
4472 54 
4506 369 
4512 47 
4528 577 
4531 310 
4538 40 
4538 7 
4545 102 
4549 1233 
4553 7 
4560 57 
4563 4073 
4592 151 
4593 41 
4595 307 
4606 371 
4649 188 
4668 39 
4672 1813 
4688 122 
4703 293 
4713 36 
4717 545 
4747 167 
4755 4223 
4795 394 
4814 493 
4850 323 
4867 101 
4871 288 
4872 190 
4872 817 
4873 32 
4879 212 
4880 167 
4888 73 
4890 8 
4902 16 
4910 60 
4936 303 
4944 290 
4990 26 
4999 44 
5003 108 
5005 57 
5018 972 
5023 427 
5035 902 
5048 132 
5057 1584 
5120 389 
5120 690 
5126 120 
5130 442 
5142 241 
5152 220 
5161 193 
5173 333 
5210 63 
5227 110 
5233 129 
5238 89 
5244 62 
5244 670 
5258 235 
5272 107 
5289 86 
5297 270 
5301 41 
5328 127 
5369 30 
5384 263 
5398 26 
5407 406 
5411 97 
5411 19 
5419 312 
5427 16 
5427 61 
5432 80 
5440 1576 
5441 2212 
5460 347 
5464 109 
5465 202 
5482 3980 
5486 33 
5502 182 
5518 139 
5537 108 
5547 643 
5576 34 
5595 642 
5599 167 
5611 5358 
5636 84 
5638 1388 
5640 5 
5652 382 
5655 75 
5670 171 
5679 122 
5693 380 
5699 18 
5708 5 
5714 53 
5784 8 
5811 143 
5833 938 
5833 164 
5840 832 
5849 67 
5885 8 
5950 570 
6012 7 
6018 2 
6030 29 
6100 10 
6133 553 
6151 229 
6151 44 
6153 149 
6176 85 
6180 525 
6184 82 
6203 111 
6232 541 
6237 2259 
6253 66 
6256 100 
6257 167 
6309 78 
6348 251 
6367 122 
6373 126 
6401 48 
6423 14 
6446 909 
6451 18 
6499 43 
6560 83 
6563 30 
6571 36 
6592 161 
6619 343 
6621 98 
6625 33 
6633 39 
6641 72 
6645 1666 
6659 237 
6690 8 
6731 194 
6775 130 
6778 0 
6820 247 
6826 0 
6840 22 
6847 156 
6853 730 
6929 65 
6932 17 
6958 33 
6985 21 
6995 1673 
7007 96 
7028 186 
7063 1175 
7147 164 
7187 2005 
7266 156 
7280 10 
7319 57 
7335 57 
7338 101 
7340 0 
7369 71 
7467 100 
7473 566 
7543 390 
7673 18 
7682 1491 
7728 37 
7736 1252 
7765 98 
7774 135 
7796 119 
7804 1782 
7852 723 
7866 186 
7909 63 
7917 345 
7919 93 
7923 5926 
7940 36 
7941 134 
8002 3273 
8007 1014 
8033 1321 
8043 3196 
8064 104 
8067 100 
8154 503 
8165 1 
8237 13 
8290 26 
8302 61 
8387 83 
8440 36 
8513 315 
8514 354 
8535 25 
8548 44 
8605 75 
8668 489 
8680 174 
8682 217 
8743 976 
8756 2992 
8798 184 
8824 186 
8877 207 
8879 58 
8880 10 
8916 157 
8916 60 
8963 43 
8977 132 
9006 48 
9049 10 
9114 768 
9170 3 
9226 45 
9227 55 
9285 15 
9286 151 
9291 48 
9325 716 
9331 206 
9343 12 
9389 1898 
9433 4484 
9441 98 
9458 279 
9529 119 
9571 119 
9577 123 
9586 70 
9605 2497 
9657 1745 
9666 1977 
9732 1010 
9748 168 
9825 4632 
9861 277 
9863 55 
9954 46 
9955 1367 
9962 182 
10019 82 
10023 129 
10109 105 
10118 131 
10141 301 
10143 72 
10222 44 
10243 130 
10297 52 
10363 28 
10437 3481 
10479 495 
10483 4820 
10702 121 
10729 1130 
10778 4367 
10796 205 
10806 144 
10836 93 
10847 30 
10847 30 
10849 35 
10849 35 
10903 9 
10903 9 
10930 549 
10930 549 
10932 417 
10932 417 
10941 0 
10941 0 
10947 253 
10947 253 
11014 201 
11033 3552 
11059 1545 
11148 129 
11162 3 
11208 182 
11219 18 
11223 28 
11290 16 
11307 81 
11403 442 
11414 99 
11420 311 
11428 182 
11588 6078 
11643 2152 
11653 119 
11656 759 
11670 665 
11672 24 
11702 784 
11713 14 
11732 3677 
11747 101 
11749 191 
11953 446 
11964 1173 
12002 91 
12017 126 
12039 1538 
12226 1 
12237 110 
12242 2543 
12266 92 
12278 27 
12288 523 
12348 60 
12365 74 
12405 402 
12420 1882 
12469 78 
12479 1232 
12481 53 
12565 348 
12612 2 
12621 184 
12631 4 
12717 58 
12790 15 
12832 1227 
12839 17 
12870 59 
12874 26 
12901 1759 
12916 1 
12943 65 
12959 79 
12962 11 
12989 248 
12992 129 
12999 773 
13064 1875 
13130 387 
13143 145 
13160 938 
13196 293 
13274 151 
13337 2408 
13388 295 
13454 288 
13498 260 
13522 0 
13588 174 
13621 254 
13694 440 
13720 63 
13741 652 
13775 19 
13813 47 
13828 231 
13958 68 
13959 155 
14077 264 
14079 126 
14255 1556 
14296 51 
14313 481 
14336 1292 
14592 8 
14611 868 
14622 11074 
14704 788 
14721 48 
14763 78 
14779 546 
14789 74 
14823 487 
14828 64 
14900 17 
14903 1333 
14950 458 
14980 6874 
15016 116 
15075 39 
15198 50 
15221 38 
15297 35 
15365 102 
15418 775 
15526 4484 
15565 1041 
15637 4825 
15673 126 
15758 35 
15762 1631 
15800 1084 
15826 247 
15835 76 
15883 53 
15906 230 
15953 171 
15957 612 
15971 462 
16013 3321 
16036 278 
16061 341 
16073 303 
16092 79 
16117 356 
16119 327 
16127 146 
16163 18 
16176 21602 
16226 350 
16255 570 
16292 1145 
16330 16 
16366 423 
16395 1054 
16461 47 
16487 441 
16582 87 
16585 200 
16587 361 
16610 479 
16625 12 
16630 1074 
16637 335 
16658 178 
16734 177 
16792 752 
16794 1052 
16795 1 
16868 294 
16885 133 
16899 77 
16905 53 
16938 76 
16948 460 
16950 61 
16995 232 
17017 1814 
17144 33 
17146 143 
17157 53 
17162 25 
17241 1912 
17431 18 
17511 531 
17605 340 
17627 115 
17634 17 
17654 40 
17682 149 
17731 100 
17776 252 
17783 275 
17811 504 
17824 79 
17845 200 
17903 592 
17910 228 
17929 143 
17973 2072 
17998 74 
18003 77 
18010 2359 
18037 156 
18049 15 
18053 6338 
18137 231 
18258 65 
18288 350 
18350 382 
18401 69 
18413 1238 
18512 101 
18561 50 
18572 596 
18617 2855 
18689 63 
18741 11 
18798 528 
18893 17 
18949 103 
19014 284 
19145 39 
19184 3 
19205 103 
19243 2275 
19317 13 
19374 1099 
19449 544 
19646 84 
19652 2002 
19666 75 
19671 1916 
19673 4027 
19726 698 
19761 277 
19764 97 
19770 1325 
19798 1685942 
19872 442 
19916 2 
19941 79 
19943 1026 
19961 258 
19975 87 
19988 1705 
20029 37 
20107 161 
20194 493 
20242 29 
20247 96 
20273 229 
20296 182 
20301 1707 
20312 599 
20325 264 
20327 219 
20385 65 
20439 533 
20529 1 
20583 529 
20592 201 
20594 36 
20608 114 
20677 36 
20720 147 
20754 755 
20772 64 
20781 209 
20803 229 
20836 180 
20848 32 
20853 81 
20864 658 
20883 27 
21034 186 
21100 433 
21143 1376 
21177 363 
21238 346 
21238 126 
21273 595 
21333 87 
21391 312 
21575 102 
21602 718 
21641 9 
21642 243 
21647 71 
21715 644 
21721 60 
21739 76 
21774 150 
21775 248 
21808 20 
21842 1059 
21924 95 
21935 2277 
21949 46 
21990 23 
22000 70 
22019 109 
22073 43 
22076 149 
22077 108 
22091 745 
22131 132 
22157 11 
22191 1194 
22215 3 
22225 512 
22291 371 
22410 91 
22511 20 
22549 315 
22612 90 
22639 127 
22653 144 
22777 100 
22789 222 
22800 18 
22805 112 
22843 177 
22855 933 
22868 76 
22878 1378 
22906 1399 
22914 33 
22930 18 
22946 24 
22949 226 
23043 1199 
23044 195 
23049 101 
23087 288 
23141 830 
23143 342 
23219 1399 
23285 13 
23333 126 
23355 893 
23381 407 
23417 189 
23437 741 
23440 1775 
23470 65 
23495 1593 
23529 1086 
23530 267 
23558 83 
23562 73 
23565 28 
23602 375 
23631 3 
23807 1065 
23830 163 
23833 510 
24032 1136 
24036 780 
24072 44 
24116 162 
24133 238 
24270 1624 
24282 287 
24287 491 
24309 14731 
24395 856 
24462 0 
24509 210 
24543 376 
24600 6 
24616 219 
24619 1 
24641 6 
24656 166 
24663 102 
24669 1288 
24690 147 
24725 1694 
24763 835 
24807 1463 
24809 115 
24816 8 
24882 303 
24887 75 
24900 415 
24960 550 
24976 55 
24987 2344 
25007 39 
25035 7 
25050 50 
25158 504 
25160 341 
25236 156 
25287 56 
25309 102 
25318 123 
25360 50 
25370 9 
25370 1048 
25383 13 
25409 88 
25414 116 
25467 1019 
25564 197 
25580 133 
25610 132 
25653 36 
25715 17334 
25746 18 
25768 532 
25774 173 
25774 339 
25828 21 
25848 124 
25852 1108 
25874 13779 
25906 1151 
26112 1503 
26285 23 
26314 18 
26322 84 
26392 108 
26409 6 
26464 256 
26469 11 
26521 1535 
26570 282 
26691 1534 
26701 1359 
26701 270 
26711 1169 
26727 750 
26756 3078 
26925 301 
26978 227 
26978 227 
26983 191 
26983 191 
26986 1989 
26986 1989 
27035 1593 
27050 206 
27054 7 
27056 1559 
27108 136 
27230 206 
27239 44 
27262 583 
27276 135 
27297 385 
27375 900 
27474 248 
27496 113 
27559 8 
27579 626 
27580 108 
27587 97 
27668 27 
27748 2547 
27786 3178 
27792 152 
27828 94 
27840 417 
27842 437 
27861 123 
27864 9 
27886 50 
27913 4112 
27917 70 
27988 113 
28017 38 
28088 192 
28108 390 
28135 431 
28206 544 
28266 1027 
28274 26 
28286 1101 
28336 2270 
28363 746 
28452 0 
28474 124 
28483 83 
28553 496 
28566 1061 
28586 571 
28627 3252 
28640 145 
28671 199 
28703 18 
28719 36 
28814 64 
28844 197 
28867 300 
28897 351 
28907 8658 
28967 51 
28968 40 
28968 427 
28973 2855 
29008 1370 
29021 221 
29027 745 
29045 518 
29054 971 
29094 80 
29117 33 
29119 35 
29164 19 
29167 1443 
29173 1147 
29195 518 
29219 362 
29296 80 
29299 131 
29308 345 
29345 391 
29392 1883 
29404 1175 
29447 30 
29456 2454 
29462 1761 
29507 287 
29531 2933 
29571 7 
29578 5124 
29681 383 
29689 1041 
29789 631 
29791 381 
29830 988 
29830 262 
29833 89 
29930 182 
29947 96 
29960 19 
30050 21 
30066 417 
30143 164 
30160 189 
30231 247 
30253 475 
30288 150 
30288 86 
30322 4198 
30341 2262 
30372 21 
30383 294 
30397 30 
30476 34 
30480 20 
30651 837 
30776 867 
30807 668 
30808 287 
30819 674 
30834 1853 
30852 1 
30894 75 
31008 283 
31028 82 
31038 64 
31046 644 
31085 0 
31106 108 
31136 502 
31171 109 
31190 260 
31334 877 
31342 3 
31394 126 
31409 2486 
31462 684 
31502 1226 
31504 807 
31537 458 
31595 127 
31672 429 
31674 535 
31947 2453 
31962 3180 
32034 1 
32087 822 
32107 242 
32157 944 
32181 96 
32224 3188 
32246 357 
32249 448 
32265 172 
32277 72 
32306 398 
32355 408 
32383 273 
32391 20 
32394 24 
32450 651 
32492 74 
32505 1297 
32601 227 
32683 1246 
32743 43 
32766 62 
32838 2141 
32912 3986 
32945 344 
32952 3 
32970 58 
33127 180 
33131 1122 
33163 25 
33214 33 
33273 1476 
33277 1730 
33344 2432 
33389 129 
33434 225 
33449 2061 
33558 196 
33562 103 
33582 10 
33615 1445 
33622 10 
33640 7 
33652 253 
33652 490 
33668 44 
33685 59 
33698 149 
33728 32 
33743 5 
33762 277 
33771 1118 
33786 1 
33793 2405 
33804 1546 
33885 1027 
33923 137 
34019 123 
34024 452 
34052 613 
34054 39 
34084 154 
34106 193 
34143 944 
34247 145 
34290 1730 
34316 74 
34324 30 
34341 312 
34418 1702 
34464 1325 
34529 102 
34534 21 
34616 33 
34628 23 
34636 105 
34658 67 
34701 79 
34756 19 
34758 2 
34798 14 
34822 4950 
34824 381 
34829 2192 
34832 710 
34881 3 
34904 58 
34927 245 
34940 7395 
34949 269 
35036 656 
35062 1 
35138 1 
35157 821 
35311 718 
35372 45 
35410 504 
35410 3154 
35442 26 
35450 198 
35452 81 
35460 46 
35543 720 
35691 83 
35934 10 
35934 78 
36051 164 
36067 2267 
36086 808 
36096 153 
36115 112 
36129 44514 
36210 256 
36225 2 
36272 238 
36423 27 
36574 43 
36642 9398 
36653 8 
36708 1101 
36735 1 
36745 2034 
36746 1 
36843 585 
36857 317 
36859 1749 
36865 139 
36881 207 
36898 509 
37030 74 
37135 335 
37149 75 
37194 474 
37263 64 
37302 3800 
37332 120 
37336 57 
37354 1373 
37421 249 
37422 7438 
37462 1 
37484 95 
37582 40 
37614 1338 
37619 16 
37748 276 
37752 1853 
37780 4754 
37799 133 
37808 479 
37828 157 
37833 95 
37838 97 
37860 727 
37939 308 
37963 150 
38009 1525 
38026 820 
38135 96 
38157 73 
38278 218 
38289 872 
38301 149 
38307 13 
38400 698 
38407 57 
38473 24 
38572 19 
38701 5 
38703 272 
38896 219 
38956 1173 
38963 142 
38988 152 
39041 309 
39115 173 
39171 55 
39307 15305 
39379 194 
39397 737 
39406 16 
39574 734 
39590 788 
39594 326 
39602 72 
39682 3 
39701 306 
39724 136 
39748 76 
39750 667 
39861 444 
39872 606 
39970 1021 
39971 242 
40036 520 
40210 914 
40516 274 
40681 240 
40728 1486 
40812 575 
40844 132 
40860 128 
40867 441 
40896 109 
40969 254 
40984 159 
40995 1656 
40997 1147 
41017 150 
41038 492 
41124 173 
41146 500 
41208 283 
41298 83 
41339 63 
41363 1543 
41367 1010 
41479 29 
41494 343 
41525 1395 
41530 1486 
41595 195 
41634 186 
41764 215 
41798 17 
41817 225 
41829 152 
41944 253 
41952 159 
41982 108 
41989 460 
42005 1453 
42118 2955 
42137 46 
42155 313 
42171 269 
42256 32203 
42279 120 
42308 774 
42322 26 
42329 417 
42349 56 
42354 448 
42358 103 
42362 327 
42419 112 
42423 220 
42450 7074 
42458 739 
42472 226 
42580 60 
42623 35 
42625 836 
42630 278 
42689 28 
42769 217 
42772 722 
42825 219 
42842 1628 
42849 65 
42907 286 
42942 1106 
42948 399 
42972 88 
42975 1218 
42987 448 
43079 115 
43097 161 
43099 1579 
43109 194 
43118 5548 
43147 2408 
43169 272 
43238 748 
43298 217 
43327 1071 
43476 3870 
43510 749 
43634 275 
43725 240 
43872 192 
43889 619 
43927 809 
43935 7417 
43938 9113 
44009 264 
44043 868 
44055 138 
44094 1391 
44239 657 
44240 170 
44245 1509 
44261 547 
44477 781 
44517 49 
44643 223 
44643 101 
44686 1205 
44892 12 
44922 99 
44948 14 
44948 299 
45080 47 
45140 885 
45307 141 
45441 845 
45464 19 
45490 76 
45491 12451 
45617 113 
45626 9 
45666 213 
45696 140 
45916 1200 
45929 267 
45999 54 
46117 1359 
46165 4 
46198 3530 
46324 113 
46399 579 
46400 76 
46422 129 
46485 82 
46690 100 
46807 247 
46945 176 
46975 459 
47206 650 
47271 101 
47278 389 
47552 20 
47573 38 
47591 2588 
47684 130 
47748 56 
47856 839 
47896 692 
47906 62 
47914 193 
47939 1959 
47948 75 
48004 42 
48048 7 
48074 144 
48271 169 
48313 1958 
48668 223 
48732 994 
48743 244 
49062 568 
49127 875 
49215 423 
49315 217 
49337 79 
49376 307 
49421 195 
49478 66 
49483 12 
49544 393 
49610 465 
49614 4848 
49616 170 
49794 341 
49812 5516 
49963 646 
49972 998 
49974 475 
50003 1487 
50085 103 
50090 28 
50240 312 
50310 315 
50381 196 
50558 67 
50589 1059 
50616 519 
50627 212 
50700 40 
50716 74 
50746 133 
50763 310 
51151 5213 
51218 11 
51562 129 
51641 30 
51659 60 
51772 8 
51801 3 
51825 124 
51977 271 
52011 990 
52035 215 
52059 103 
52092 582 
52127 1800 
52139 30 
52161 2708 
52223 1910 
52429 55 
52509 69 
52576 245 
52677 306 
52679 50 
52778 46 
52785 3421 
53052 13 
53057 8 
53119 430 
53174 11 
53221 322 
53264 1341 
53368 117 
53385 953 
53389 153 
53473 475 
53606 4661 
53675 450 
53713 436 
53743 342 
53768 184 
54073 108 
54134 198 
54425 111 
54433 41 
54462 198 
54665 2055 
54699 608 
54728 150 
54787 7 
54931 728 
55019 1134 
55068 1053 
55241 189 
55277 3266 
55430 1003 
55446 1420 
55515 174 
55629 112 
55680 4392 
55784 667 
55926 447 
55994 2264 
56045 0 
56164 54 
56258 1830 
56582 953 
56697 272 
56940 69 
57154 23 
57223 10 
57453 74 
57524 23 
57546 2525 
58039 42 
58093 107 
58123 443 
58359 91 
58373 4095 
58431 529 
58438 61 
58499 84 
58545 1680 
58725 491 
58874 528 
58895 40251 
58908 159 
58933 269 
59001 415 
59119 216 
59277 27 
59283 632 
59302 59 
59346 241 
59410 505 
59428 74 
59458 567 
59685 856 
59699 685 
59784 179 
59862 708 
59981 224 
60020 557 
60262 387 
60466 160 
60544 653 
60616 448 
60800 94 
60821 51 
60884 262 
60894 37 
61070 4251 
61088 137 
61122 320 
61142 94 
61151 0 
61252 446 
61447 2052 
61490 2500 
61498 59 
61534 2234 
61693 154 
61798 581 
61803 4 
61923 1063 
62254 319 
62308 10794 
62499 44 
62812 35 
62890 109 
63029 3308 
63091 87 
63172 115 
63175 100 
63204 33 
63399 522 
63399 412 
63496 188 
63619 1338 
63648 220 
63655 9 
63878 309 
63986 82 
63991 97 
64010 71 
64051 595 
64058 2320 
64063 783 
64473 25 
64504 79 
64624 347 
64659 649 
65065 526 
65086 36 
65163 854 
65386 37 
65393 929 
65590 370 
65807 5 
65841 1785 
65947 324 
66082 33 
66398 432 
66449 132 
66618 28 
66724 670 
66740 88 
66835 205 
66904 142 
67109 1578 
67356 10 
67384 326 
67675 32 
67955 31 
68085 30 
68279 15 
68330 983 
68332 219 
68376 639 
68495 774 
68657 68 
68662 2 
68696 233 
68764 471 
68934 3868 
68991 8733 
69047 22 
69102 407 
69201 271 
69379 3102 
69410 43 
69679 25 
69883 51 
70005 109 
70018 30 
70065 108 
70578 93 
70832 355 
70936 163 
71133 358 
71153 312 
71158 268 
71343 137 
71456 438 
71941 155 
72355 200 
72484 30 
72490 1315 
73173 52 
73175 371 
73269 294 
73827 1102 
74011 165 
74199 160 
74345 213 
75233 381 
75499 109 
75533 144 
75700 89 
76007 239 
76307 107 
76372 158 
76527 192 
76535 223 
76541 1767 
77027 421 
77697 20 
78268 347 
78683 8 
79037 414 
79419 4650 
79752 86 
80117 320 
80246 564 
81411 860 
81911 163 
82529 208 
82737 15 
83263 1537 
83872 55 
83941 12 
85139 968 
85173 517 
87332 198 
89553 515 
90700 1260 
90744 124 
90886 67 
91640 25 
92725 170 
95473 174 
97243 523 
98220 0 
100438 5 
100626 206 
104633 131 
104657 292 
104798 0 
105926 0 
106127 111 
107900 312 
107906 143 
108214 1425 
108908 25 
108912 25 
111047 56 
113652 33 
114778 147 
117132 295 
117484 44 
118296 130 
119856 572 
120890 82 
123714 294 
124327 167 
124930 657 
125324 1055 
125556 42135 
125599 375 
125659 1026 
125765 513 
125785 125 
126320 289 
126338 13 
126350 142 
126782 42138 
127570 6 
128121 1028 
130835 120 
132532 0 
132935 262 
133824 835 
137657 2 
137856 664 
138884 183 
139019 1073 
140285 1091 
143208 374 
143626 1335 
144687 737 
145378 0 
147997 863 
148357 187 
149772 17 
154216 462 
156163 80 
156389 75 
157027 54 
160196 237 
164110 61 
165783 19 
167250 153 
167252 45 
169726 21 
170310 261 
170957 321 
174478 188 
177029 46 
185323 1616 
191725 254 
192183 0 
199494 285 
202594 667 
203916 442 
209070 585 
220118 763 
223926 1537 
230351 0 
234921 1031 
235828 3068 
239234 484 
243379 56 
247413 114 
249273 179 
249466 4 
256292 59 
259374 41 
262484 365 
297698 4038 
308523 13 
309215 447 
317923 100 
325923 831 
340977 2 
344012 226 
353984 1780 
391977 530 
393507 181 
399141 248 
409421 925 
412295 799 
412863 310 
432735 1652 
432767 240 
433006 33 
466913 1260 
470341 332 
471403 66 
471403 66 
555794 598 
592506 1158 
