3441 1.97076388889
0 30676 
15 2716 
19 63 
21 215 
27 669 
30 358 
30 799 
32 140 
37 79 
39 223 
39 412 
41 223 
43 102 
44 300 
44 112 
52 536 
54 10 
56 128 
58 463 
59 794 
60 274 
60 818 
60 1647 
66 3370441 
71 175 
75 1579 
76 147 
76 49 
77 2377 
77 59 
82 96 
83 92 
85 149 
86 246 
87 191 
93 1324 
99 175 
100 50 
100 47 
102 187 
102 71 
103 278 
103 11 
105 279 
105 123 
105 133 
106 59 
106 164 
108 89 
109 681 
109 68 
110 185 
111 2153 
111 149 
112 109 
113 257 
113 112 
114 186 
114 230 
115 348 
116 111 
117 65 
118 18 
121 413 
121 16 
122 35 
122 23 
124 573 
124 9 
124 201 
124 350 
125 222 
125 1078 
128 42 
128 108 
129 93 
130 126 
131 121 
131 2230 
132 91 
134 146 
134 89 
134 364 
135 75 
135 281 
135 169 
136 282 
136 100 
136 380 
137 69 
137 15648 
137 1568 
137 406 
137 132 
137 94 
139 2559 
139 140 
140 432 
141 172 
141 149 
142 92 
142 831 
143 719 
144 34 
145 340 
145 96 
146 216 
146 336 
147 100 
148 742 
148 4361 
150 229 
151 139 
152 181 
152 227 
153 160 
153 162 
153 77 
153 619 
154 20 
155 546 
155 41 
156 184 
156 297 
156 263 
158 355 
158 568 
159 803 
159 1008 
160 198 
160 25 
161 171 
161 1215 
162 108 
162 193 
162 23 
163 96 
164 476 
165 164 
165 101 
165 349 
166 1351 
166 89 
167 443 
167 238 
167 138 
167 166 
169 197 
170 147 
170 87 
170 110 
171 267 
171 48 
171 187 
172 182 
172 400 
174 151 
174 334 
175 170 
175 558 
176 149 
176 464 
176 2459 
178 179 
179 128 
179 388 
179 291 
179 390 
179 151 
179 166 
180 148 
180 115 
181 80 
181 210 
181 62 
181 516 
181 69 
182 164 
182 115 
182 366 
182 75 
182 329 
183 134 
184 85 
184 144 
185 117 
185 146 
185 281 
185 706 
185 362 
186 134 
186 187 
186 101 
186 207 
186 254 
186 79 
186 185 
186 329 
186 17 
187 908 
188 26 
188 1499 
188 235 
189 254 
190 97 
190 11 
191 285 
191 78 
191 147 
191 87 
193 91 
193 263 
194 60 
194 282 
194 88 
194 271 
195 134 
195 62 
195 112 
195 100 
195 661 
196 71 
196 23 
196 187 
196 1348 
197 1153 
197 1100 
198 260 
198 101 
199 659 
199 171 
199 74 
199 598 
200 201 
200 42 
200 204 
200 472 
201 255 
201 119 
203 157 
203 135 
203 42 
203 123 
203 30 
204 264 
205 745 
205 417 
205 181 
205 773 
205 145 
205 226 
206 58 
206 273 
206 148 
207 398 
208 64 
208 166 
208 132 
208 124 
208 122 
208 50 
208 23 
209 423 
209 457 
210 84 
210 267 
211 446 
211 425 
211 122 
212 13 
213 133 
213 63 
215 149 
215 161 
216 124 
216 182 
217 929 
218 201 
218 188 
218 603 
218 339 
220 190 
220 36 
221 184 
221 127 
221 299 
222 404 
223 466 
223 50 
223 266 
223 34 
224 121 
224 169 
224 86 
225 332 
226 210 
226 236 
226 211 
226 141 
227 65 
227 141 
227 117 
228 131 
229 45 
230 158 
231 1189 
231 118 
231 225 
231 82 
232 52 
232 51 
233 285 
233 87 
233 121 
234 59 
234 175 
234 315 
234 59 
236 193 
236 2365 
237 48 
237 136 
238 173 
238 145 
238 102 
239 156 
239 138 
240 183 
240 115 
241 50 
241 83 
242 306 
242 214 
243 291 
244 201 
244 244 
244 299 
245 224 
245 22 
245 119 
246 127 
246 194 
246 130 
247 167 
247 475 
248 956 
248 427 
248 173 
249 204 
249 141 
249 721 
250 176 
250 106 
251 66 
251 131 
252 79 
253 264 
253 327 
254 179 
255 147 
256 420 
257 523 
257 324 
258 179 
258 472 
259 879 
259 931 
259 230 
260 169 
260 131 
261 47 
261 264 
262 69 
262 253 
262 145 
262 44 
262 125 
262 236 
263 7 
264 379 
265 26 
265 457 
266 122 
266 37 
268 44 
268 409 
268 155 
268 65 
269 444 
269 298 
269 104 
270 123 
270 91 
271 110 
271 42 
272 142 
272 21 
273 260 
273 54 
274 192 
274 120 
275 533 
275 333 
277 1255 
277 254 
278 1060 
278 66 
281 410 
281 148 
282 183 
282 409 
283 605 
284 69 
286 260 
286 233 
287 444 
287 143 
287 131 
287 128 
288 467 
288 7 
288 11 
289 218 
289 106 
289 10 
290 124 
290 50 
290 1000 
290 114 
292 116 
292 71 
292 287 
293 181 
293 383 
294 118 
294 34 
295 178 
296 372 
296 651 
296 304 
296 129 
296 342 
297 80 
298 228 
298 177 
298 123 
299 111 
299 1276 
299 307 
300 100 
301 163 
302 70 
302 343 
302 1228 
302 201 
303 262 
303 182 
304 498 
304 225 
305 332 
305 167 
306 43 
306 395 
307 42 
308 154 
308 95 
310 383 
310 167 
311 847 
311 136 
311 59 
313 90 
313 69 
313 84 
314 181 
314 16 
315 57 
315 283 
315 178 
315 156 
317 71 
318 77 
318 507 
318 75 
319 167 
320 330 
321 608 
322 9 
322 182 
323 50 
324 59 
326 88 
329 183 
329 211 
329 110 
330 91 
331 138 
333 338 
333 51 
334 978 
334 1913 
335 295 
336 82 
336 101 
336 229 
337 1182 
337 988 
337 35 
338 729 
338 146 
338 16 
338 60 
340 260 
340 213 
340 157 
341 253 
342 140 
344 388 
345 5 
345 165 
346 114 
346 738 
346 171 
346 120 
347 251 
347 42 
347 0 
348 261 
348 69 
350 836 
350 73 
352 147 
352 400 
354 99 
354 231 
355 115 
356 761 
356 275 
356 861 
356 87 
357 172 
358 56 
359 89 
359 155 
359 392 
360 1134 
360 1821 
360 245 
361 243 
361 75 
362 688 
363 399 
365 3660 
365 950 
366 35 
366 468 
366 27 
366 189 
367 419 
367 65 
367 48 
369 201 
369 68 
369 180 
371 215 
371 134 
373 104 
373 197 
374 398 
374 406 
375 39 
375 248 
376 150 
376 16 
378 106 
378 133 
379 81 
381 134 
382 143 
383 110 
384 521 
385 149 
385 180 
385 132 
386 117 
387 43 
387 106 
388 60 
390 268 
391 39 
392 216 
393 29 
395 35 
395 728 
396 108 
396 252 
396 164 
397 148 
397 166 
398 53 
399 101 
399 132 
400 469 
400 37 
400 154 
401 49 
401 42 
401 60 
402 407 
403 1067 
403 223 
404 271 
404 191 
405 102 
407 60 
407 59 
408 392 
408 54 
408 81 
408 36 
410 19 
410 190 
410 577 
410 140 
411 58 
412 759 
412 65 
413 353 
415 143 
415 13 
415 360 
415 27 
416 253 
416 118 
418 31 
419 18 
419 135 
420 261 
421 685 
422 67 
423 291 
423 49 
423 100 
423 307 
424 56 
425 75 
425 656 
429 149 
431 59 
432 153 
433 22 
434 953 
434 275 
434 72 
435 192 
435 240 
437 11 
439 70 
439 94 
440 56 
440 533 
441 446 
441 283 
444 127 
444 177 
445 138 
446 89 
448 958 
449 37 
449 150 
450 40 
450 41 
450 174 
451 152 
451 128 
451 164 
451 37 
452 52 
453 126 
453 44 
455 333 
455 52 
457 53 
457 825 
460 167 
460 239 
460 408 
461 212 
461 110 
462 83 
463 119 
463 262 
463 406 
465 298 
466 386 
466 934 
467 248 
467 185 
468 54 
469 402 
470 43 
470 175 
470 120 
471 168 
471 126 
471 337 
472 51 
472 7 
474 135 
474 622 
476 78 
476 175 
478 269 
479 427 
480 198 
480 168 
481 339 
482 74 
484 151 
484 120 
487 78 
487 368 
488 44 
489 77 
490 58 
490 251 
491 17 
492 177 
493 124 
493 118 
493 152 
493 89 
496 201 
498 2421 
499 93 
499 107 
502 728 
505 166 
505 122 
506 136 
507 21322 
510 13 
510 108 
512 294 
513 39 
514 187 
514 127 
514 226 
515 259 
516 117 
517 310 
519 879 
520 3536 
520 62 
521 162 
522 99 
523 160 
523 213 
524 164 
525 273 
526 179 
526 15 
526 111 
527 565 
527 281 
530 93 
531 423 
531 296 
531 208 
531 148 
534 1374 
534 48 
534 1630 
535 267 
535 428 
536 67 
536 12 
537 124 
540 100 
540 54 
540 40 
541 92 
543 85 
545 82 
547 617 
547 43 
548 85 
548 39 
548 55 
550 499 
551 52 
552 493 
552 49 
554 97 
554 78 
554 347 
554 105 
555 88 
555 364 
556 124 
556 937 
557 46 
559 277 
559 1656 
562 33 
563 96 
563 21 
566 72 
566 143 
568 19 
569 109 
569 93 
569 405 
573 103 
573 233 
573 114 
573 433 
576 188 
578 158 
580 145 
581 278 
581 125 
586 176 
588 115 
589 841 
589 263 
592 86 
592 68 
593 926 
594 275 
596 249 
597 412 
597 205 
598 1249 
598 59 
600 136 
601 209 
601 58 
601 135 
603 1310 
605 83 
605 172 
605 1411 
607 109 
608 14 
610 612 
610 160 
611 182 
611 57 
612 148 
612 183 
613 141 
615 72 
618 80 
618 114 
620 136 
621 36 
621 246 
622 38 
624 122 
625 547 
627 159 
631 250 
634 26 
635 47 
637 188 
638 407 
638 251 
639 407 
640 140 
642 141 
643 176 
643 233 
643 101 
644 88 
645 1236 
646 384 
647 347 
649 90 
651 197 
651 102 
653 386 
653 62 
654 258 
654 246 
655 81 
656 12 
657 149 
659 50 
660 4387 
660 273 
661 802 
664 60 
665 1375 
667 179 
668 121 
669 261 
669 104 
669 459 
671 106 
671 241 
672 81 
673 33 
674 72 
674 24 
675 18 
677 195 
678 141 
679 217 
682 86 
683 189 
684 386 
685 40 
685 1503 
686 182 
688 110 
688 210 
689 32 
690 187 
690 632 
690 46 
691 15 
692 60 
694 205 
694 1044 
695 147 
696 325 
697 160 
699 679 
701 31 
703 102 
703 41 
703 57 
705 238 
705 48 
705 452 
706 1839 
708 374 
708 1613 
709 55 
709 101 
711 213 
712 471 
713 113 
716 270 
716 94 
717 1180 
717 89 
717 181 
717 3 
721 137 
722 142 
726 127 
726 151 
730 99 
731 58 
731 78 
735 91 
736 40 
738 61 
739 148 
744 72 
745 62 
746 1922 
748 215 
748 32 
751 386 
751 364 
752 170 
752 73 
753 97 
754 666 
754 56 
756 244 
756 650 
756 52 
757 44 
758 703 
760 57 
761 9 
761 109 
761 127 
762 55 
763 294 
763 439 
763 46 
766 91 
767 92 
768 37 
768 99 
768 300 
769 366 
771 272 
774 32 
775 116 
775 110 
776 36 
776 37 
778 1177 
779 84 
782 81 
783 201 
783 277 
783 98 
784 288 
786 290 
787 137 
787 142 
789 1155 
795 107 
797 153 
798 20 
799 30 
801 261 
801 151 
803 42 
803 62 
804 87 
806 142 
807 39 
808 12 
809 228 
813 116 
814 10 
816 120 
817 68 
818 393 
818 1526 
820 1979 
820 1371 
821 65 
821 71 
823 6 
823 203 
825 276 
826 323 
827 76 
828 263 
828 16110 
829 489 
829 28 
830 111 
832 93 
836 232 
838 655 
840 273 
841 214 
841 144 
842 400 
842 16 
842 168 
842 90 
843 315 
843 99 
844 131 
844 86 
846 146 
847 183 
848 41 
853 83 
855 137 
856 983 
856 40 
858 38 
860 352 
860 157 
860 63 
861 222 
861 483 
862 88 
865 117 
867 28 
870 139 
871 1140 
871 359 
872 130 
872 309 
874 1603 
874 168 
874 112 
875 93 
876 55 
876 27 
877 182 
879 4 
879 1001 
881 4 
884 162 
886 133 
887 21 
888 79 
889 59 
890 147 
893 146 
894 41 
894 87 
895 244 
895 93 
897 110 
899 243 
903 93 
904 160 
904 74 
907 92 
908 83 
909 446 
912 161 
914 44 
916 253 
916 266 
917 98 
917 9 
918 318 
919 43 
919 617 
921 473 
926 157 
927 91 
930 241 
931 623 
932 66 
935 149 
935 149 
939 47 
942 4 
945 679 
946 110 
949 143 
951 133 
952 355 
954 246 
963 204 
964 45 
965 4275 
968 612 
969 162 
970 98 
971 58 
971 20 
977 25 
979 239 
982 557 
985 519 
986 13 
990 289 
992 126 
992 170 
993 507 
995 261 
997 245 
999 77 
999 50 
1002 328 
1002 132 
1005 72 
1005 11 
1008 115 
1014 356 
1017 168 
1018 31 
1020 55 
1021 0 
1025 121 
1027 50 
1027 41 
1027 63 
1027 369 
1029 259 
1029 9 
1030 201 
1033 644 
1033 663 
1035 146 
1036 6541 
1037 937 
1037 385 
1039 744 
1045 80 
1051 1173 
1051 86 
1052 211 
1053 19 
1055 50 
1059 125 
1059 50 
1060 638 
1060 869 
1061 247 
1062 120 
1062 469 
1068 451 
1069 162 
1072 211 
1075 109 
1078 112 
1080 339 
1081 158 
1081 277 
1083 45 
1086 83 
1086 97 
1087 274 
1088 28 
1088 155 
1091 152 
1091 264 
1091 90 
1098 19 
1098 88 
1098 84 
1099 129 
1100 137 
1100 608 
1105 87 
1106 321 
1107 769 
1112 27 
1112 92 
1112 35 
1115 54 
1117 87 
1118 1871 
1118 371 
1124 75 
1127 94 
1130 907 
1131 22 
1132 60 
1132 493 
1134 60 
1137 210 
1137 170 
1138 1288 
1148 2158 
1149 104 
1151 95 
1153 103 
1158 153 
1162 77 
1163 58 
1163 59 
1167 394 
1167 7 
1168 151 
1170 156 
1171 2123 
1172 127 
1175 50 
1178 12 
1181 30 
1188 268 
1193 150 
1196 122 
1201 222 
1204 123 
1208 108 
1208 68 
1209 132 
1214 86 
1215 120 
1219 561 
1221 99 
1224 63 
1224 84 
1225 132 
1228 113 
1228 104 
1229 61 
1229 308 
1234 23 
1234 155 
1237 48 
1243 105 
1244 63 
1245 33 
1250 232 
1254 430 
1255 450 
1256 322 
1261 245 
1261 36 
1262 163 
1262 1206 
1263 29 
1266 39 
1272 327 
1272 218 
1273 67 
1274 423 
1286 163 
1288 14038 
1289 416 
1290 87 
1292 448 
1295 1492 
1300 62 
1306 191 
1307 257 
1308 162 
1310 41 
1318 964 
1319 86 
1322 79 
1323 6 
1332 26 
1333 52 
1339 89 
1341 190 
1343 72 
1345 763 
1352 2216 
1354 61 
1358 323 
1359 47 
1362 110 
1366 134 
1370 100 
1371 122 
1391 182 
1393 124 
1394 53 
1396 156 
1402 451 
1403 76 
1413 213 
1415 23 
1416 303 
1419 35 
1422 275 
1423 42 
1423 38 
1424 368 
1425 51 
1426 124 
1432 43 
1437 914 
1438 79 
1441 928 
1443 29 
1443 95 
1444 393 
1446 109 
1455 342 
1455 365 
1457 118 
1457 84 
1462 287 
1463 248 
1466 18 
1466 64 
1466 64 
1471 155 
1472 191 
1473 136 
1480 1121 
1485 3133 
1486 26 
1492 253 
1495 55 
1506 1149 
1509 101 
1517 42 
1522 19 
1523 58 
1525 220 
1540 259 
1541 595 
1544 59 
1545 225 
1545 57 
1548 244 
1548 40 
1553 65 
1554 33 
1554 9 
1567 43 
1570 951 
1573 240 
1579 191 
1583 190 
1586 98 
1586 55 
1587 35 
1591 207 
1592 49 
1596 13 
1599 461 
1599 119 
1602 470 
1603 846 
1607 146 
1614 152 
1614 218 
1619 283 
1624 27 
1626 62 
1628 169 
1628 215 
1633 86 
1636 109 
1636 38 
1641 212 
1642 30 
1646 133 
1654 124 
1656 159 
1657 1041 
1660 6241 
1662 68 
1663 149 
1674 122 
1687 705 
1699 11 
1724 222 
1725 337 
1732 0 
1732 422 
1737 160 
1738 27 
1739 102 
1740 607 
1742 3484 
1742 29 
1745 194 
1748 191 
1749 337 
1754 37 
1758 165 
1761 178 
1763 59 
1765 1298 
1765 122 
1771 9 
1775 856 
1775 65 
1777 314 
1777 28 
1779 642 
1785 33 
1798 113 
1801 597 
1801 338 
1822 96 
1824 54 
1824 93 
1826 55 
1826 408 
1830 74 
1832 166 
1833 129 
1838 132 
1841 45 
1854 104 
1856 154 
1857 39 
1858 96 
1863 563 
1863 143 
1875 96 
1881 87 
1893 194 
1894 29 
1894 231 
1895 146 
1902 33 
1903 42 
1904 40 
1912 179 
1924 67 
1924 38 
1928 38 
1928 860 
1937 132 
1937 120 
1945 482 
1950 552 
1950 143 
1951 216 
1952 108 
1955 407 
1958 33 
1960 120 
1963 63 
1966 50 
1983 1010 
1985 112 
1989 9 
1999 112 
1999 138 
2000 139 
2006 75 
2011 181 
2013 151 
2018 383 
2022 6916 
2025 190 
2030 204 
2032 61 
2034 541 
2035 137 
2050 9 
2054 44 
2055 60 
2057 96 
2058 53 
2059 116 
2060 124 
2067 62 
2072 52 
2075 138 
2077 186 
2081 195 
2082 44 
2086 155 
2088 580 
2088 46 
2091 470 
2093 316 
2094 375 
2104 25 
2107 194 
2107 105 
2115 190 
2115 412 
2123 91 
2123 91 
2127 54 
2128 49 
2129 70 
2134 196 
2139 230 
2147 52 
2149 1134 
2151 741 
2154 46 
2155 6 
2161 20 
2167 695 
2168 213 
2169 197 
2182 791 
2183 20 
2184 178 
2184 203 
2185 252 
2188 2 
2189 4 
2189 721 
2190 56 
2193 16 
2194 22 
2195 231 
2199 63 
2205 1547 
2208 145 
2210 389 
2210 376 
2211 56 
2214 34 
2224 273 
2235 638 
2237 105 
2238 74 
2253 159 
2256 29 
2268 14 
2286 54 
2289 594 
2291 33 
2292 526 
2299 11 
2309 146 
2314 737 
2322 54 
2327 2 
2338 565 
2343 163 
2345 11 
2350 154 
2358 127 
2359 26 
2365 391 
2368 251 
2375 1337 
2379 6 
2383 123 
2402 227 
2403 342 
2410 319 
2411 658 
2412 83 
2414 62 
2422 139 
2423 150 
2439 377 
2443 170 
2449 604 
2453 130 
2453 1261 
2462 394 
2462 27 
2466 69 
2477 38 
2479 46 
2483 792 
2486 111 
2486 108 
2488 58 
2496 81 
2498 133 
2506 619 
2511 863 
2516 59 
2519 47 
2527 632 
2530 62 
2532 95 
2544 531 
2545 63 
2553 294 
2558 136 
2569 180 
2579 22 
2583 9 
2594 39 
2604 97 
2605 93 
2609 104 
2612 365 
2612 34 
2617 406 
2619 182 
2620 189 
2625 85 
2635 724 
2642 3641 
2649 86 
2652 2239 
2653 792 
2664 185 
2664 38 
2670 73 
2673 71 
2674 38 
2675 43 
2686 481 
2687 124 
2691 156 
2702 186 
2715 90 
2717 268 
2722 85 
2722 224 
2732 149 
2736 66 
2743 43 
2744 151 
2746 68 
2748 291 
2749 91 
2750 2 
2756 19 
2761 232 
2765 109 
2767 51 
2780 252 
2792 430 
2794 2751 
2795 131 
2800 55 
2803 12 
2809 418 
2826 262 
2839 101 
2841 23 
2843 284 
2856 11 
2858 8 
2866 3354 
2875 639 
2881 62 
2910 201 
2913 524 
2917 177 
2918 136 
2921 795 
2925 185 
2925 624 
2928 118 
2931 63 
2933 72 
2938 109 
2942 27 
2946 149 
2950 34 
2951 37 
2953 124 
2954 31 
2955 63 
2960 774 
2964 26 
2972 17 
2974 180 
2975 77 
2979 28 
2985 168 
2987 572 
3003 189 
3006 105 
3012 86 
3018 258 
3019 181 
3037 54 
3037 145 
3050 367 
3052 10 
3062 120 
3067 327 
3082 30 
3092 55 
3096 41 
3111 146 
3117 47 
3141 101 
3144 135 
3152 232 
3152 78 
3154 51 
3165 101 
3184 232 
3187 145 
3190 56 
3191 322 
3208 91 
3247 788 
3254 337 
3255 146 
3258 106 
3264 37 
3267 244 
3274 2706 
3280 134 
3285 43 
3291 928 
3293 180 
3294 148 
3298 281 
3311 56 
3324 28 
3325 65 
3328 418 
3340 160 
3341 394 
3362 27 
3367 191 
3369 66 
3371 33 
3373 27 
3375 18 
3383 300 
3385 2065 
3390 37 
3394 24 
3407 34 
3433 717 
3436 45 
3450 165 
3454 119 
3459 570 
3471 331 
3474 34 
3484 1021 
3485 209 
3490 22 
3491 238 
3502 22 
3511 1494 
3521 232 
3525 192 
3541 229 
3543 288 
3556 36 
3557 74 
3572 90 
3587 67 
3592 933 
3599 90 
3601 24 
3622 41 
3636 600 
3644 197 
3655 38 
3657 49 
3703 64 
3712 99 
3720 74 
3723 101 
3747 62 
3756 1065 
3759 40 
3759 120 
3759 116 
3773 537 
3777 152 
3792 318 
3800 205 
3812 163 
3814 65 
3827 266 
3830 1190 
3850 25 
3855 230 
3865 150 
3868 241 
3869 64 
3870 24 
3873 37 
3879 108 
3885 432 
3891 266 
3911 92 
3916 217 
3917 58 
3918 857 
3940 47 
3940 42 
3954 959 
3968 1077 
3971 101 
3978 194 
3978 257 
3983 137 
3984 892 
3987 11 
3995 110 
4017 426 
4020 143 
4036 92 
4056 103 
4065 72 
4086 24 
4111 234 
4132 470 
4132 27 
4158 167 
4170 117 
4174 18 
4188 44 
4189 594 
4194 9 
4198 37 
4202 78 
4212 41 
4224 6 
4249 629 
4276 110 
4288 5 
4323 86 
4325 152 
4339 2991 
4340 29 
4341 728 
4343 1533 
4360 76 
4363 555 
4366 21 
4380 100 
4397 175 
4404 36 
4405 386 
4405 367 
4411 194 
4413 1148 
4415 101 
4416 98 
4417 5 
4426 207 
4436 190 
4440 105 
4441 515 
4448 170 
4449 6 
4490 555 
4501 85 
4502 23 
4510 73 
4530 170 
4534 83 
4543 83 
4578 44 
4593 198 
4616 34 
4617 168 
4629 628 
4633 176 
4635 177 
4643 111 
4653 8 
4659 102 
4659 77 
4675 212 
4686 180 
4686 45 
4696 30 
4702 95 
4705 84 
4714 64 
4728 76 
4737 52 
4739 32 
4744 28 
4746 831 
4748 94 
4759 534 
4766 25210 
4779 65 
4812 312 
4813 13 
4827 618 
4836 21 
4840 1114 
4866 75 
4882 223 
4885 44170 
4893 96 
4915 73 
4922 725 
4928 186 
4942 55 
4952 1087 
4958 230 
4967 98 
4974 66 
4996 18 
5000 41 
5001 1716 
5011 320 
5031 62 
5031 27 
5034 32 
5039 155 
5052 81 
5053 81 
5066 167 
5086 78 
5093 1264 
5104 647 
5125 175 
5129 123 
5150 66 
5160 130 
5165 264 
5173 374 
5176 327 
5177 25 
5178 36 
5232 819 
5242 58 
5263 66 
5265 165 
5279 78 
5281 263 
5282 139 
5295 682 
5329 1443 
5335 201 
5336 87 
5368 63 
5372 288 
5387 172 
5390 17 
5413 33 
5441 253 
5444 206 
5451 355 
5454 174 
5457 408 
5489 100 
5499 2285 
5501 26 
5503 207 
5531 10 
5531 12 
5563 520 
5565 122 
5576 61 
5603 129 
5613 52 
5622 52 
5632 201 
5675 1067 
5683 520 
5723 416 
5751 56 
5754 49 
5766 1185 
5773 169 
5774 161 
5778 169 
5793 36 
5796 137 
5801 43 
5820 244 
5822 145 
5824 87 
5840 160 
5852 17 
5866 452 
5871 64 
5880 90 
5905 85 
5913 12 
5918 44 
5932 1274 
5967 26 
6006 9 
6024 33 
6060 288 
6077 146 
6096 134 
6111 128 
6115 0 
6119 128 
6132 29 
6140 126 
6157 41 
6165 124 
6238 39 
6259 127 
6259 123 
6260 156 
6277 134 
6278 442 
6281 144 
6282 122 
6284 35 
6294 78 
6346 40 
6394 25 
6395 1651 
6400 127 
6403 124 
6427 134 
6427 20 
6440 1248 
6479 6 
6488 119 
6495 173 
6513 64 
6516 328 
6560 295 
6562 777 
6624 35 
6638 25 
6643 152 
6653 538 
6653 182 
6685 61 
6697 617 
6702 19 
6732 372 
6746 12 
6763 98 
6789 18 
6824 3 
6835 83 
6836 63 
6842 106 
6935 93 
6939 64 
6945 108 
6979 49 
6985 40 
6992 641 
7020 2234 
7031 167 
7048 375 
7049 620 
7050 2566 
7054 336 
7055 67 
7069 229 
7090 164 
7094 147 
7110 6 
7116 27 
7140 460 
7142 133 
7156 191 
7163 96 
7164 265 
7182 3444 
7200 59 
7201 838 
7210 341 
7259 120 
7274 125 
7276 35 
7313 315 
7350 1087 
7380 431 
7382 361 
7394 208 
7403 73 
7408 438 
7519 209 
7536 11 
7556 466 
7613 243 
7622 940 
7644 325 
7707 715 
7727 41 
7734 80 
7744 813 
7753 36 
7776 193 
7812 423 
7819 591 
7834 38 
7868 74 
7897 396 
7913 25 
7917 330 
7948 86 
7957 363 
7987 3 
8018 17 
8018 17 
8032 208 
8032 208 
8070 31 
8078 82 
8087 20 
8091 531 
8158 112 
8166 100 
8213 107 
8278 550 
8289 495 
8398 27 
8441 683 
8478 80 
8483 240 
8494 102 
8494 1468 
8539 22 
8558 37 
8582 110 
8604 37 
8607 531 
8607 10 
8668 4751 
8701 139 
8720 579 
8744 615 
8747 248 
8768 117 
8847 103 
8886 239 
8923 28 
8926 122 
8969 539 
8979 70 
9054 131 
9090 8 
9111 291 
9119 239 
9136 134 
9173 247 
9204 18 
9222 145 
9247 1 
9256 917 
9260 71 
9265 345 
9324 56 
9371 27 
9387 177 
9388 146 
9409 55 
9412 709 
9447 166 
9547 3 
9566 100 
9569 833 
9582 316 
9601 413 
9609 1105 
9648 147 
9660 139 
9662 798 
9744 7 
9855 46 
9910 145 
10000 136 
10028 133 
10072 34 
10158 57 
10173 151 
10187 382 
10219 51 
10243 906 
10281 587 
10281 22 
10310 632 
10321 395 
10392 5232 
10443 38 
10463 383 
10481 846 
10499 1077 
10514 22 
10530 692 
10530 107 
10545 1307 
10676 1956 
10736 105 
10862 24 
10928 41 
10938 41 
11027 23 
11163 64 
11191 136 
11238 541 
11270 222 
11275 1291 
11348 169 
11357 113 
11388 11 
11394 7 
11443 21 
11495 13 
11501 1253 
11511 31 
11655 4 
11655 864 
11682 557 
11764 318 
11796 131 
11801 632 
11808 152 
11831 105 
11896 69 
11992 35 
12011 56 
12120 42 
12125 46 
12126 55 
12186 349 
12194 425 
12242 229 
12407 835 
12472 133 
12474 99 
12664 225 
12690 14 
12699 210 
12753 36 
12778 74 
12784 85 
12892 324 
12925 23 
12928 21 
12998 12 
13196 142 
13210 688 
13242 64 
13318 236 
13373 451 
13383 316 
13383 45 
13417 225 
13463 213 
13469 1838 
13492 7 
13588 269 
13670 443 
13691 301 
13777 39 
13790 856 
13803 110 
13827 1259 
13827 2544 
13882 7 
13945 3846 
13993 208 
14023 140 
14032 579 
14058 2312 
14197 537 
14216 33 
14239 41 
14263 0 
14280 226 
14413 4324 
14461 1929 
14554 115 
14676 83 
14709 222 
14712 37 
14781 786 
14790 292 
14824 107 
14999 1551 
15014 165 
15073 1236 
15142 11 
15214 35 
15219 1112 
15243 102 
15289 545 
15315 5 
15315 53 
15355 583 
15364 17 
15512 48 
15515 130 
15572 112 
15761 396 
15764 12 
15929 76 
16068 36 
16097 44 
16144 39 
16263 424 
16319 5 
16328 75 
16332 215 
16383 96 
16523 1405 
16534 343 
16597 14 
16611 197 
16647 326 
16685 243 
16688 181 
16700 815 
16708 264 
16838 610 
16853 409 
16936 54 
16956 42 
17020 180 
17066 91 
17190 99 
17199 26 
17221 241 
17221 586 
17226 478 
17369 184 
17381 168 
17404 1 
17423 92 
17671 36 
17706 114 
17781 992 
17853 137 
17918 144 
17936 121 
17936 611 
17974 143 
18099 73 
18120 41 
18128 145 
18134 1438 
18274 1366 
18424 156 
18445 197 
18462 137 
18514 13 
18582 71 
18654 98 
18799 47 
19178 4161 
19242 367 
19392 160 
19395 83 
19695 134 
19767 711 
19887 659 
19897 46 
19915 281 
19934 155 
20124 692 
20240 577 
20264 617 
20424 617 
20428 93 
20435 62 
20620 4 
20885 177 
20940 4 
20964 67 
21001 316 
21018 550 
21019 80 
21075 1440 
21105 30 
21314 204 
21329 65 
21370 91 
21395 616 
21452 94 
21493 302 
21559 228 
21613 44 
21671 209 
21797 552 
21923 46 
22114 553 
22203 1002 
22246 2862 
22256 41 
22359 39 
22475 396 
22479 298 
22522 55 
22581 41 
22591 157 
22614 75 
22648 214 
22748 214 
22794 786 
22794 786 
22942 123 
23203 28 
23396 92 
23435 105 
23915 90 
24024 251 
24034 1620 
24138 520 
24200 418 
24366 107 
24431 528 
24543 517 
24543 101 
24579 1489 
24777 212 
24861 230 
25124 32 
25133 42 
25237 119 
25268 158 
25287 1242 
26067 205 
26168 907 
26200 152 
26229 8 
26528 169 
26556 33 
26558 46 
26875 171 
27039 263 
27267 279 
27319 20 
27583 453 
27797 83 
27923 12 
28131 19 
28132 100 
28237 69 
28252 56 
28568 35 
28710 27 
28780 207 
28808 959 
28881 459 
29315 170 
29524 64 
29542 52 
29612 3521 
29625 194 
29643 48 
29669 231 
29737 460 
29746 56 
29771 334 
29809 62 
29809 56 
29860 86 
29882 57 
29928 47 
29973 93 
29987 26 
30054 195 
30131 459 
30352 772 
30574 532 
30637 118 
30718 563 
30894 126 
30902 1199 
31037 715 
31153 168 
31180 512 
31444 450 
31509 1593 
31591 74 
31655 286 
31778 73 
32005 11 
32023 349 
32262 294 
32443 1010 
32548 98 
32552 273 
33049 68 
33097 143 
33394 2 
33432 57 
33495 1903 
33671 4531 
33916 103 
33924 4 
34001 12 
34062 572 
34127 9 
34172 81 
34594 391 
34774 37 
35010 243 
35340 310 
35852 160 
35917 63 
35937 613 
36005 182 
36030 24 
36137 610 
36267 3011 
36557 91 
36638 68 
36718 332 
37214 865 
37339 434 
37600 543 
37600 543 
37687 469 
37687 469 
37703 505 
38032 293 
38092 111 
38301 1236 
38436 465 
38445 352 
38777 25 
38863 192 
39361 835 
39404 1361 
39498 423 
39653 50 
39874 89 
40350 53 
40577 249 
40948 233 
41539 100 
42077 426 
42672 364 
42888 631 
43135 266 
43258 0 
43300 83 
43865 771 
44426 571 
44568 171 
44897 32 
45080 48 
45084 55 
45191 564 
45470 7 
45745 233 
45749 80 
45763 3975 
45904 1130 
46427 1941 
46626 2127 
46784 36 
46847 659 
47075 1096 
47711 333 
48128 418 
48202 505 
48253 145 
48388 185 
48536 87 
48775 218 
48859 62 
48961 1362 
49329 162 
49424 1861 
49658 740 
49866 1792 
49925 0 
49936 301 
49980 3506 
50377 37 
50433 422 
50630 165 
50805 73 
50820 623 
50902 190 
51007 30 
51147 131 
51217 87 
51455 493 
51486 24 
51787 50 
51815 336 
52025 331 
52222 311 
52249 47 
52365 595 
52497 2 
52710 85 
52839 148 
52853 519 
52909 84 
52934 314 
53113 54 
53226 208 
53286 883 
53309 177 
53314 45 
53881 22 
54068 673 
54161 615 
54389 97 
54558 45 
54981 184 
54996 434 
55019 599 
55143 173 
55520 63 
55684 288 
55858 2 
55988 223 
56024 121 
56206 180 
56247 146 
56368 359 
56445 17 
56734 85 
56784 88 
56786 45 
57151 2002 
57378 38 
57436 139 
57449 118 
57502 287 
57656 21 
57832 24 
58200 427 
58242 227 
58401 382 
58651 681 
58669 1511 
58761 302 
58906 85 
58918 334 
58932 575 
59143 598 
59233 63 
59293 700 
59432 104 
59522 346 
59595 518 
59793 943 
60113 71 
60143 424 
60197 1252 
60255 423 
60387 25 
60555 112 
60809 618 
61107 833 
61199 144 
61266 14 
61415 64 
61547 294 
61563 274 
61835 560 
61955 421 
62189 633 
62306 584 
62693 1030 
62923 22 
62968 347 
62975 616 
63049 515 
63111 104 
63326 62 
63396 5032 
63438 344 
63509 818 
63579 101 
63751 1095 
63820 1258 
63871 274 
64199 15 
64221 80 
64256 0 
64273 1059 
64286 930 
64383 1909 
64414 118 
64511 7 
64601 306 
64652 444 
64794 705 
64804 280 
64809 636 
64871 46 
64980 49 
65016 256 
65091 73 
65093 510 
65200 269 
65237 289 
65279 221 
65360 0 
65363 275 
65641 1144 
65793 166 
66011 335 
66199 265 
66396 273 
66723 0 
66971 90 
67221 230 
67332 134 
67341 29 
67491 971 
67600 63 
67903 250 
67966 2016 
68249 1608 
68249 1608 
68310 574 
68388 962 
68413 2 
68470 532 
68475 305 
68661 44 
68679 1171 
68766 23 
68770 179 
69060 140 
69092 7 
69111 1235 
69153 603 
69234 775 
69426 52 
69664 2001 
69996 591 
70141 41 
70251 623 
70464 235 
70478 93 
70507 183 
70568 540 
70762 267 
70779 489 
70788 887 
70802 23 
70883 558 
70993 171 
71071 227 
71209 83 
71306 81 
71405 181 
71717 295 
71905 184 
72038 324 
72142 98 
72201 1808 
72206 2133 
72253 108 
72358 2637 
72382 6 
72546 1197 
72637 690 
72639 209 
72749 152 
72783 359 
72937 38 
73038 240 
73128 127 
73156 495 
73796 1871 
73986 227 
74095 165 
74279 18 
74345 23 
74356 114 
74610 443 
74731 663 
74877 476 
74964 5057 
75034 199 
75034 271 
75053 309 
75241 193 
75276 1057 
75360 180 
75411 474 
75480 48 
75603 888 
75711 821 
75714 1808 
75796 372 
75978 230 
76001 414 
76216 132 
76225 1352 
76247 82 
76510 0 
76619 432 
76754 438 
76816 626 
76886 151 
77004 88 
77098 112 
77454 478 
77863 51 
77912 856 
78070 1192 
78331 397 
78355 54 
78523 0 
78559 342 
78606 258 
78651 1470 
78677 113 
78796 61 
78928 667 
79098 148 
79250 158 
79519 1903 
79613 32 
79630 229 
79776 432 
79863 711 
79984 128 
80156 51 
80349 174 
80593 169 
80727 225 
80918 429 
80939 56 
81055 669 
81086 320 
81211 310 
81223 106 
81280 2052 
81533 310 
81540 18 
81649 61595 
81760 333 
81922 322 
81965 450 
82045 477 
82055 112 
82154 34 
82319 123 
82574 126 
82689 168 
82730 203 
82873 288 
82933 249 
83040 58 
83098 106 
83137 53 
83137 53 
83158 302 
83158 302 
83161 118 
83161 118 
83181 100 
83181 100 
83242 171 
83307 321 
83320 375 
83328 2853 
83354 138 
83450 133 
83489 1275 
83536 47 
83607 309 
83726 95 
83967 835 
84036 444 
84072 113 
84201 141 
84205 52 
84272 64 
84364 52 
84547 16 
84603 1702 
84643 228 
84670 126 
84834 326 
84938 21 
84977 188 
85019 77 
85077 1390 
85089 344 
85165 55 
85387 420 
85399 584 
85523 275 
85709 3247 
85859 145 
86558 445 
86601 1122 
87237 59 
87575 407 
87796 92 
87831 760 
88030 222 
88217 33 
89019 303 
89115 299 
89130 636 
89489 14 
90046 0 
90318 60 
90738 298 
90948 175 
91099 193 
91104 182 
91129 566 
91210 93 
91295 6 
91664 106 
91809 429 
92790 292 
92804 316 
93117 285 
93283 398 
93678 149 
94315 184 
94412 64 
94529 473 
94738 444 
94804 171 
95110 1123 
95156 51 
95767 130 
96728 139 
96837 137 
96883 80 
96981 186 
97180 83 
97757 108 
97777 1820 
98425 1360 
98486 185 
99133 320 
99371 290 
99400 467 
99646 242 
99676 98 
100279 491 
100557 942 
100809 63 
100939 107 
101000 1468 
101258 68 
101836 38 
101888 49 
101902 1039 
102070 9 
102887 501 
103100 155 
103114 102 
103502 52 
103663 11 
104154 167 
104302 398 
104508 541 
104659 0 
104734 175 
104963 151 
105418 1360 
106334 156 
106442 36 
106645 142 
106860 972 
107703 239 
108095 260 
108153 331 
108619 248 
109195 11 
109453 35 
109980 270 
110456 22 
110595 1089 
112050 541 
112230 57 
112984 73 
113085 22 
114152 308 
114291 227 
114743 0 
115483 14 
115633 264 
115993 30 
116159 202 
116183 1653 
116242 369 
116265 133 
116342 448 
116358 148 
116376 521 
116443 99 
116489 521 
116494 310 
117135 76 
117472 20 
118037 375 
118277 215 
118521 179 
118977 769 
119742 56 
120304 161 
120479 266 
120827 852 
121249 107 
122022 36 
122042 220 
122406 997 
125755 1227 
126066 1535 
126150 103 
126249 562 
126333 19 
127026 388 
127879 33 
128033 136 
130774 200 
131441 22 
131842 420 
133210 39 
133467 1227 
134065 32 
134480 109 
134786 155 
135304 243 
136517 249 
136596 3196 
136620 184 
137225 2188 
137378 635 
137857 506 
137955 864 
137964 15 
138176 169 
138482 74 
138483 149 
138810 561 
139485 1109 
139866 210 
141681 36 
141979 166 
142559 170 
142578 86 
142644 187 
142755 1050 
142782 346 
143751 1830 
144038 252 
144532 1075 
144861 130 
145660 168 
146111 27 
146171 71 
146241 107 
146456 534 
146643 26 
147130 209 
147169 19 
147302 480 
147899 1193 
148236 282 
148486 3840 
148500 1194 
148781 92 
148943 1202 
149000 764 
149142 722 
149390 95 
149571 13 
149747 677 
149839 1699 
149989 444 
150552 91 
151946 241 
152080 4 
152093 222 
152689 612 
152859 319 
153300 46 
153874 598 
154846 133 
155128 298 
155259 720 
155462 1009 
155583 464 
156305 281 
156444 367 
157013 486 
157907 523 
158551 113 
159247 36 
159519 85 
160196 418 
160392 66 
160797 95 
160871 754 
160940 71 
161290 117 
161982 272 
162004 96 
162053 44 
162196 307 
162361 114 
162484 21 
162488 448 
163232 4723 
163949 174 
164053 217 
165183 42 
166054 290 
166115 79 
166659 354 
166803 295 
166829 344 
166904 234 
167651 1325 
167692 50 
167816 201 
167834 83 
167893 193 
168346 55 
168429 97 
168685 38 
168975 149 
169423 1052 
170288 1764 
170776 60 
171204 814 
171291 627 
171760 81 
171943 32 
172213 491 
172778 548 
172961 12 
173026 178 
173815 997 
173907 45 
174128 391 
175015 139 
175050 1428 
175378 78 
176365 719 
176654 369 
176884 25 
176994 336 
177017 417 
178549 61 
178760 505 
178971 1218 
179152 90 
180572 162 
181847 139 
182840 2466 
183202 306 
183303 2107 
184210 608 
184320 629 
186063 96 
187845 128 
188353 594 
188374 237 
189871 1342 
190357 168 
191036 91 
191706 31 
193077 436 
193293 109 
193717 135 
194437 123 
195173 685 
195222 1060 
195312 92 
195540 654 
195619 311 
195756 636 
196364 265 
196452 237 
196470 147 
196481 102 
196663 1183 
197167 394 
197413 281 
199852 1206 
200012 91 
201713 51 
203086 65 
203127 155 
203145 575 
203173 133 
203669 119 
205421 64 
205890 102 
206068 68 
206384 59 
206981 492 
207621 13 
208012 729 
209868 78 
210828 74 
212495 107 
213439 18 
213465 22 
214215 1193 
215128 191 
216282 675 
216487 1413 
219395 246 
220693 4 
220963 75 
222269 55 
222477 45 
224186 166 
228797 75 
229207 1188 
230254 1331 
230329 422 
230484 400 
232993 1065 
234099 267 
234701 306 
234771 84 
235009 290 
235210 405 
235786 73 
236205 500 
236465 385 
237348 38 
237887 818 
239487 133 
240112 165 
241539 101 
242213 252 
242246 117 
243410 298 
246597 138 
246788 1238 
247862 467 
248983 57 
250751 136 
251581 60 
252477 68 
254604 249 
255087 83 
257350 2104 
258061 69 
258335 303 
259091 329 
259863 81 
260105 89 
260661 106 
263256 198 
265319 151 
268328 22 
268592 39 
268914 1139 
269570 641 
270582 805 
271330 591 
271534 1119 
271812 69 
272089 48 
272162 1905 
272573 294 
272680 347 
273553 279 
274528 920 
280324 162 
280826 181 
281017 318 
283060 5 
283507 13 
283900 14 
285698 22 
293111 237 
299299 242 
299912 25 
300448 440 
300521 324 
300523 386 
300840 1086 
301347 2688 
301743 252 
302402 80 
302634 96 
303023 337 
303445 29 
303484 537 
303842 380 
306701 1130 
308191 43 
309984 153 
309984 153 
310026 56 
310026 56 
310228 50 
310266 2141 
311024 811 
312029 430 
312069 30 
313364 1239 
314433 361 
316907 519 
317234 204 
319573 146 
320109 721 
320502 106 
320622 274 
320638 234 
321214 149 
321822 196 
321957 122 
324087 127 
325163 265 
325163 265 
326001 205 
326803 162 
328834 335 
328972 2 
329089 319 
329592 44 
331630 7040 
333968 12 
335283 229 
335392 276 
336510 377 
336534 1723 
336593 492 
337351 107 
337941 868 
338580 5 
339312 1188 
341047 1050 
341595 1084 
343670 79 
347413 53 
347416 82 
348140 433 
348222 137 
350638 264 
352838 42 
356101 385 
357354 103 
358498 283 
359824 5 
360306 2099 
361453 223 
361967 425 
364754 386 
364923 1373 
365523 424 
369359 146 
379066 70 
380149 27 
382972 81 
384649 77 
387331 230 
397364 248 
398641 89 
413022 204 
415952 129 
417457 762 
420569 71 
422197 614 
424262 24 
424794 1532 
425230 163 
429492 89 
429694 149 
429700 589 
429780 320 
429789 188 
429797 235 
429890 92 
430004 97 
441649 569 
442837 106 
443111 63 
443255 177 
443446 241 
444835 58 
446299 372 
447650 93 
448520 258 
453636 95 
456735 629 
465418 135 
470750 41 
483252 46 
489810 106 
491811 13 
496034 1061 
499540 54 
506945 7961 
510130 668 
512739 19 
512785 239 
512864 508 
512889 496 
512914 175 
513012 639 
514115 424 
515744 253 
519123 38 
521369 622 
521792 369 
522369 345 
530325 139 
545419 109 
549567 482 
549777 661 
570902 2 
572513 297 
579162 456 
581117 492 
593985 206 
594573 136 
598848 181 
599902 106 
