2474 5.17862268519
0 192852 
7 85 
21 952 
36 390 
40 195 
42 408 
52 81 
54 9440 
56 206 
57 556 
59 452 
69 100 
72 142 
75 254 
77 2334 
91 203 
96 124 
97 459 
98 575 
100 395 
103 540 
104 798 
105 1080 
105 626 
115 152 
116 213 
127 595 
128 352 
128 81 
133 83 
141 274 
147 287 
150 98 
151 520 
158 129 
161 245 
166 457 
167 118 
168 1078 
168 74 
168 228 
169 1490 
174 36 
176 820 
178 485 
186 186 
186 106 
188 363 
191 376 
197 783 
206 187 
219 15 
220 218 
223 136 
234 1388 
237 493 
240 458 
240 528 
242 211 
244 94 
250 70 
256 1855 
267 376 
283 66 
309 364 
318 67 
340 145 
342 118 
349 34 
352 110 
353 1973 
357 334 
361 221 
371 193 
378 21 
422 48 
423 20 
424 87 
451 1059 
454 93 
499 287 
537 77 
554 67 
579 525 
583 116 
616 702 
644 350 
672 1031 
677 108 
787 366 
799 54 
818 460 
850 1359 
861 1717 
875 1576 
919 561 
919 19 
944 1397 
949 69 
950 323 
990 209 
1015 229 
1037 1629 
1052 20 
1075 1958 
1080 229 
1094 2965 
1114 116 
1201 46 
1218 5 
1287 241 
1339 678 
1364 351 
1388 184 
1628 186 
1645 345 
1650 514 
1655 47 
1664 177 
1676 125 
1686 56 
1694 117 
1803 21 
1896 95 
2102 690 
2138 42 
2175 195 
2195 3587 
2252 1271 
2465 1462 
2465 1462 
2630 145 
2756 231 
2868 257 
2923 1127 
3077 452 
3586 112 
3917 167 
4543 272 
4673 211557 
4771 2954 
4791 30 
4970 292 
5885 206 
6014 13330957 
6029 245 
6050 23 
6070 687 
6087 1671 
6102 2088 
6103 83 
6110 483 
6120 1044 
6120 718 
6125 12 
6126 1865 
6134 251 
6135 460 
6146 31 
6148 2431 
6158 1523 
6159 1376 
6172 653 
6173 256 
6183 235 
6186 3317 
6187 899 
6205 748 
6221 3504 
6228 204 
6231 1777 
6232 705 
6238 343 
6249 768 
6250 613 
6257 305 
6264 28 
6266 1259 
6291 1702 
6293 8037 
6296 401 
6309 182 
6332 631 
6351 492 
6368 2854 
6391 1444 
6406 1918 
6420 1023 
6436 343 
6446 3614 
6452 979 
6456 929 
6466 2618 
6488 1858 
6521 134 
6525 384 
6526 1229 
6528 1377 
6530 604 
6552 465 
6560 571 
6561 702 
6561 91 
6597 123 
6600 168 
6616 1265 
6621 746 
6623 804 
6639 844 
6640 1368 
6644 9536 
6654 758 
6677 225 
6700 404 
6700 417 
6700 1106 
6709 224 
6717 682 
6741 3605 
6755 468 
6760 855 
6795 1203 
6798 252 
6802 296 
6806 515 
6810 340 
6816 3322 
6816 802 
6825 3088 
6827 2591 
6865 746 
6877 634 
6894 736 
6897 337 
6930 369 
6949 67 
6953 452 
6960 180 
6989 134 
6989 1786 
7003 1048 
7020 1571 
7026 258 
7038 955 
7038 797 
7048 645 
7053 80 
7054 1002 
7072 435 
7081 258 
7091 205 
7095 5201 
7108 397 
7110 244 
7123 163 
7126 1267 
7159 660 
7178 954 
7204 611 
7208 1610 
7315 241 
7363 1058 
7370 640 
7377 1067 
7377 108 
7384 598 
7424 162 
7505 557 
7505 542 
7573 1096 
7573 194 
7590 116 
7604 650 
7653 19 
7714 240 
7719 3013 
7748 503 
7752 28 
7757 1732 
7758 295 
7770 1115 
7772 735 
7780 981 
7783 752 
7801 1131 
7848 388 
7878 2475 
7920 357 
7954 246 
7987 1624 
8018 1400 
8029 1057 
8042 335 
8100 3055 
8147 412 
8169 512 
8170 1080128 
8190 360 
8220 1547 
8247 681 
8252 177 
8256 514 
8262 607 
8263 406 
8266 281 
8282 36 
8284 955 
8290 124 
8297 254 
8304 134 
8323 184 
8340 552 
8361 1737 
8400 150 
8432 130 
8444 48 
8444 1603 
8456 475 
8474 71 
8482 66 
8487 150 
8495 206 
8513 382 
8516 441 
8523 376 
8527 1150 
8534 1155 
8563 33 
8567 563 
8572 280 
8586 491 
8606 742 
8610 246 
8616 61 
8638 1007 
8646 370 
8646 321 
8668 121 
8676 2252 
8740 1099 
8764 2054 
8793 102 
8857 562 
8869 87 
8905 1113 
8922 289 
8944 2259 
8965 1268 
9004 878 
9016 114 
9018 251 
9056 949 
9078 2723 
9146 95 
9186 566 
9207 2355 
9219 686 
9237 675 
9308 751 
9310 46 
9321 199 
9388 159 
9418 0 
9421 39 
9451 2245 
9454 3 
9468 552 
9501 97 
9512 791 
9537 532 
9538 1375 
9561 1550 
9579 635 
9682 90 
9722 6 
9743 594 
9750 162 
9752 321 
9826 204 
9871 505 
9895 5252 
9932 555 
9990 269 
10026 1649 
10055 545 
10075 533 
10143 285 
10157 994 
10253 157 
10264 399 
10297 1762 
10534 116 
10552 281 
10554 3786 
10599 144 
10618 14 
10699 141 
10743 803 
10771 864 
10774 1175 
10798 39 
10882 30 
10923 2707 
11069 365 
11166 440 
11194 82 
11194 582 
11201 849 
11323 1218 
11363 221 
11484 739 
11558 57 
11643 1775 
11709 850 
11740 436 
11751 574 
11777 689 
11820 924 
11883 1621 
11963 745 
12016 1005 
12077 12618 
12077 258 
12142 1270 
12197 287 
12201 1438 
12287 907 
12412 351 
12471 782 
12472 203 
12508 1148 
12524 1239 
12541 258 
12808 1788 
12813 323 
12816 765 
12973 556 
12981 1386 
13081 584 
13317 479 
13414 177 
13509 699 
13523 2580 
13561 1273 
13852 5908 
13910 79 
13996 192 
14000 757 
14006 1393 
14110 73 
14185 1718 
14185 691 
14203 257 
14215 890 
14287 110 
14302 559 
14389 277 
14462 580 
14497 109 
14516 284 
14558 924 
14714 736 
14734 619 
14811 4547 
14828 201 
15022 718 
15034 843 
15053 1988 
15108 9 
15129 663 
15172 681 
15193 1612 
15234 73 
15331 3756 
15346 100 
15376 473 
15447 324 
15456 34 
15537 682 
15664 755 
15734 686 
15856 733 
16059 1519 
16070 877 
16090 352 
16165 4 
16174 1096 
16237 72 
16263 211 
16434 89 
16493 987 
16561 683 
16562 445 
16652 146 
16664 930 
16665 638 
16699 965 
16716 305 
16803 97 
16822 509 
16842 668 
17072 528 
17072 1665 
17139 207 
17164 136 
17226 78 
17244 687 
17303 35 
17391 545 
17437 749 
17470 104 
17502 103 
17556 462 
17556 462 
17557 1510 
17557 1510 
17733 1972 
17837 2475 
18040 448 
18073 1037 
18077 195 
18078 678 
18079 1311 
18105 33 
18146 513 
18189 214 
18337 2777 
18371 1826 
18385 1239 
18467 38 
18489 116 
18527 1565 
18588 165 
18693 10 
18728 333 
18846 280 
18889 963 
18923 292 
18948 931 
18962 1051 
18984 706 
19011 1189 
19023 1327 
19066 1601 
19107 774 
19107 426 
19133 1193 
19140 889 
19148 658 
19190 207 
19279 6542 
19286 1038 
19399 163 
19407 49 
19621 1165 
19622 473 
19803 959 
19839 108 
19867 1517 
19992 462 
20038 1071 
20070 231 
20086 1316 
20091 468 
20100 180 
20107 799 
20187 1186 
20219 843 
20250 1022 
20309 983 
20349 716 
20384 570 
20386 117 
20436 699 
20476 366 
20491 171 
20669 2111 
20687 6583 
20703 1866 
20800 278 
20815 1661 
20975 443 
20976 108 
20985 669 
20998 643 
21026 168 
21165 1950 
21223 3328 
21231 2125 
21241 928 
21251 2764 
21278 327 
21381 348 
21417 430 
21423 360 
21441 1663 
21462 2028 
21466 20 
21481 844 
21596 1162 
21598 413 
21599 1805 
21645 46 
21658 352 
21668 1102 
21711 1683 
21724 1063 
21755 241 
21851 111 
21878 457 
21986 982 
22030 2998 
22093 1366 
22126 156 
22127 1641 
22258 237 
22305 1064 
22314 944 
22316 1029 
22433 233 
22447 1260 
22501 1895 
22522 1423 
22540 639 
22543 125 
22609 1612 
22630 425 
22672 252 
22805 1471 
22852 170 
22892 2362 
22899 208 
22943 4476 
22975 205 
22975 194 
22994 226 
23018 1289 
23043 395 
23056 1064 
23060 357 
23069 616 
23107 138 
23160 104 
23178 373 
23197 5213 
23198 1769 
23201 94 
23237 1662 
23277 1069 
23283 323 
23309 388 
23353 161 
23356 1472 
23433 1359 
23447 10 
23491 308 
23505 478 
23577 1189 
23586 166 
23611 978 
23687 289 
23693 1192 
23818 484 
23830 53 
23833 477 
23835 30742 
23835 367 
23848 735 
23849 93 
23888 56 
23891 2259 
23905 411 
23953 473 
23960 25 
23986 1266 
23992 2312 
24049 928 
24062 1068 
24072 2377 
24107 182 
24123 742 
24138 373 
24215 767 
24219 175 
24228 1295 
24240 2577 
24262 2530 
24275 921 
24276 129 
24350 780 
24356 1154 
24370 1430 
24435 2050 
24449 431 
24466 1199 
24474 342 
24476 534 
24517 1006 
24579 21 
24617 161 
24625 904 
24719 2009 
24724 549 
24786 64 
24884 1009 
24905 969 
24907 2579 
24921 256 
24933 221 
24962 2520 
24995 523 
25054 337 
25073 810 
25108 17311 
25259 3466 
25325 9600 
25330 630 
25374 388 
25413 247 
25430 461 
25446 1296 
25449 435 
25450 235 
25495 385 
25603 4209 
25609 3455 
25664 1067 
25668 346 
25675 10445 
25679 705 
25701 7280 
25738 257 
25756 346 
25759 926 
25759 2534 
25772 1341 
25831 154 
25838 107 
25843 775 
25852 2892 
25855 128 
25883 156 
25953 1340 
25964 2620 
25986 2689 
25993 452 
26015 703 
26023 717 
26041 1744 
26047 334 
26080 402 
26083 1311 
26095 1061 
26095 132 
26110 351 
26146 650 
26154 90 
26185 229 
26215 1532 
26253 1621 
26276 87 
26292 1003 
26304 745 
26317 150 
26339 72 
26375 29571 
26382 1475 
26413 1376 
26465 2618 
26472 2003 
26545 831 
26565 137 
26578 99 
26610 1886 
26651 92 
26662 56 
26695 39 
26731 216 
26739 108 
26795 7574 
26818 232 
26825 1143 
26855 244 
26881 1876 
26885 3059 
26919 1783 
26934 750 
27082 459 
27138 2317 
27166 221 
27178 1227 
27180 37 
27214 353 
27230 158 
27255 831 
27265 1330 
27268 667 
27272 797 
27326 2357 
27326 334 
27335 5366 
27383 251 
27388 430 
27420 125 
27428 2236 
27444 709 
27477 455 
27481 741 
27512 44 
27539 1151 
27548 2943 
27569 1091 
27580 1733 
27614 1123 
27619 472 
27623 356 
27657 815 
27673 1092 
27723 1405 
27730 834 
27760 136 
27762 3371 
27769 24 
27775 713 
27787 627 
27800 326 
27811 623 
27829 377 
27878 407 
27930 902 
27935 621 
27949 288 
27957 771 
28023 583 
28076 1544 
28104 1560 
28133 73 
28165 46 
28167 295 
28219 948 
28259 144 
28267 856 
28288 7566 
28349 1364 
28361 403 
28368 1020 
28394 415 
28453 403 
28458 407 
28503 403 
28592 366 
28594 1189 
28615 1088 
28628 121 
28642 1865 
28644 1314 
28692 2088 
28715 256 
28744 689 
28753 403 
28766 17 
28788 1091 
28808 906 
28810 688 
28923 378 
28972 550 
29032 1003 
29033 1886 
29045 208 
29081 149 
29121 74 
29122 576 
29128 123 
29130 396 
29153 156 
29155 5563 
29158 1574 
29170 1174 
29283 1665 
29313 71 
29352 745 
29386 1741 
29443 107 
29449 173 
29467 1741 
29489 173 
29530 1715 
29633 101 
29636 1553 
29638 722 
29647 471 
29657 535 
29691 354 
29754 803 
29798 1614 
29878 1924 
29952 282 
29970 1703 
29993 253 
30015 1507 
30036 100 
30063 1498 
30072 713 
30090 1092 
30187 112 
30190 31 
30211 856 
30280 846 
30304 1167 
30351 139 
30388 867 
30479 143 
30523 665 
30567 72 
30572 793 
30586 842 
30594 404 
30610 217 
30615 757 
30654 55 
30686 831 
30777 964 
30780 2791 
30818 339 
30818 296 
30837 1458 
30867 2077 
30868 718 
30936 117 
30937 271 
30956 2124 
31110 1131 
31143 178 
31176 10762 
31200 283 
31211 862 
31232 294 
31247 3497 
31291 7690 
31316 1016 
31323 468 
31364 137 
31372 1443 
31416 173 
31496 280 
31505 2052 
31564 283 
31602 1457 
31632 7 
31643 685 
31654 3414 
31663 1110 
31700 974 
31798 2824 
31844 312 
31908 48 
31911 534 
31917 546 
31918 1211 
31988 188 
32007 299 
32019 1746 
32076 67 
32086 2519 
32097 962 
32101 4307 
32112 546 
32133 440 
32134 1663 
32142 951 
32143 761 
32166 466 
32178 362 
32183 700 
32213 2762 
32221 820 
32226 203 
32239 1607 
32256 1301 
32261 23 
32289 2805 
32292 61 
32298 204 
32355 1115 
32383 988 
32390 2433 
32424 646 
32455 1589 
32475 847 
32495 55 
32496 329 
32504 19 
32510 1596 
32556 2268 
32560 44 
32623 1029 
32665 336 
32839 222 
32839 222 
32919 1416 
32928 330 
32933 105 
32934 268 
32940 707 
32951 133 
32957 921 
32962 615 
32974 1552 
33006 187 
33056 252 
33109 2218 
33164 4052 
33221 746 
33231 1916 
33290 335 
33303 167 
33312 2065 
33326 132 
33341 4151 
33362 5141 
33378 205 
33476 14189 
33528 6389 
33531 6089 
33532 9178 
33542 261 
33551 2635 
33555 98 
33572 383 
33628 8368 
33649 54 
33749 1440 
33751 1407 
33762 108 
33773 1292 
33802 617 
33812 1941 
33821 883 
33904 548 
33940 17 
34009 849 
34033 1569 
34053 772 
34065 741 
34078 1211 
34130 9879 
34159 1818 
34163 431 
34189 1279 
34198 151 
34199 1591 
34203 271 
34210 202 
34227 720 
34252 1068 
34269 451 
34341 728 
34364 1227 
34388 1808 
34403 480 
34413 720 
34451 120 
34453 423 
34489 73 
34492 265 
34514 1505 
34553 1122 
34559 377 
34562 1143 
34572 324 
34576 73 
34589 542 
34598 1924 
34669 126 
34727 399 
34735 261 
34741 8836 
34755 935 
34770 289 
34799 421 
34805 1993 
34812 4655 
34836 2135 
34878 2607 
34887 11 
34919 1498 
34923 525 
34944 79 
34949 498 
34951 101 
34988 1251 
35019 317 
35113 34 
35116 130 
35207 21 
35209 2208 
35238 857 
35244 4445 
35250 513 
35297 97 
35301 3268 
35379 2415 
35418 2396 
35423 1479 
35430 1854 
35434 1167 
35477 991 
35530 1433 
35537 23 
35544 139 
35622 151 
35625 5352 
35713 732 
35790 437 
35797 705 
35800 2809 
35851 751 
35861 1306 
35873 189 
36025 541 
36123 204 
36135 820 
36136 2066 
36268 2213 
36272 504 
36418 2729 
36423 397 
36472 599 
36487 3990 
36506 496 
36539 4469 
36545 517 
36552 143 
36554 739 
36558 4619 
36586 1417 
36607 78 
36634 2618 
36642 311 
36683 1995 
36686 136 
36729 253 
36892 632 
36920 344 
36938 26 
36997 274 
37000 295 
37001 2131 
37110 1274 
37124 5647 
37165 30 
37208 186 
37210 1150 
37228 1639 
37315 271 
37332 152 
37389 410 
37418 5284 
37456 156 
37458 498 
37478 663 
37481 4448 
37487 1547 
37506 129 
37513 436 
37527 1324 
37529 87 
37546 365 
37551 277 
37565 441 
37578 406 
37581 789 
37677 1294 
37701 1251 
37780 1702 
37813 427 
37815 634 
37828 187 
37832 2346 
37859 73 
37874 2898 
37876 484 
37915 846 
37923 3303 
37966 958 
37984 441 
38001 288 
38003 1400 
38039 828 
38046 3654 
38090 950 
38098 3064 
38100 228 
38105 511 
38107 994 
38109 458 
38118 850 
38126 304 
38209 102 
38253 2133 
38314 972 
38408 430 
38460 552 
38510 670 
38559 273 
38563 383 
38597 329 
38602 256 
38771 294 
38782 222 
38789 294 
38827 2018 
38856 350 
38865 587 
38866 390 
38876 145 
38930 351 
38930 1253 
38946 1151 
38980 1174 
38995 732 
39003 543 
39003 2556 
39147 2315 
39192 2221 
39207 1812 
39214 1675 
39219 358 
39219 911 
39232 210 
39261 678 
39269 47 
39271 1855 
39317 567 
39380 364 
39393 102 
39495 631 
39497 1273 
39579 543 
39616 3698 
39640 289 
39653 9 
39662 186 
39680 244 
39696 286 
39754 447 
39756 1203 
39792 3991 
39821 533 
39840 31321 
39914 51 
39929 1980 
39978 1262 
39992 555 
40019 1484 
40023 1294 
40026 445 
40059 952 
40093 45 
40179 321 
40209 291 
40254 296 
40297 5618 
40307 238 
40318 114 
40334 266 
40453 945 
40551 1431 
40573 579 
40612 187 
40631 112 
40636 2064 
40647 2384 
40647 1799 
40701 2057 
40722 600 
40736 831 
40794 500 
40799 1194 
40814 399 
40825 1456 
40866 68 
40870 308 
40874 964 
41036 342 
41044 2383 
41096 2072 
41118 975 
41122 122 
41133 1605 
41171 1355 
41176 237 
41177 297 
41253 1858 
41288 57 
41367 154 
41374 1645 
41412 1364 
41418 4736 
41442 131 
41450 1608 
41477 423 
41512 554 
41564 1034 
41584 3663 
41595 855 
41628 682 
41660 1111 
41660 2132 
41728 807 
41731 353 
41737 570 
41746 1962 
41863 1031 
41914 386 
41980 910 
42037 10320 
42037 1536 
42110 46 
42211 1323 
42219 1524 
42253 782 
42278 1150 
42356 131 
42370 316 
42404 1130 
42479 1219 
42515 1072 
42518 6427 
42562 4612 
42571 494 
42595 914 
42645 1044 
42647 396 
42670 250 
42708 4177 
42769 918 
42827 271 
42864 1373 
42922 855 
42931 166 
42939 17 
42951 32 
42955 511 
42987 606 
43044 595 
43055 2 
43098 255 
43133 350 
43259 235 
43267 1135 
43274 205 
43328 145 
43328 368 
43449 1244 
43451 102 
43459 127 
43519 659 
43539 958 
43545 748 
43551 5409 
43605 897 
43638 82 
43662 85 
43692 101 
43729 567 
43734 1294 
43742 7185 
43742 100 
43783 1582 
43786 714 
43807 835 
43824 212 
43916 170 
43949 89 
43956 690 
43960 6 
44062 370 
44081 374 
44085 324 
44109 425 
44128 680 
44136 395 
44156 3371 
44165 350 
44184 536 
44194 88 
44214 1463 
44240 492 
44295 1553 
44321 1079 
44364 416 
44479 1824 
44481 94 
44496 1169 
44553 1542 
44556 54 
44566 1412 
44575 1466 
44617 442 
44618 657 
44747 3352 
44752 97 
44806 414 
44816 670 
44875 10878 
44891 1127 
44896 183 
44922 311 
44954 1432 
44967 288 
45007 1069 
45012 1398 
45016 829 
45125 1165 
45138 1579 
45201 482 
45238 1299 
45241 1127 
45277 235 
45295 1123 
45337 186 
45372 576 
45401 3196 
45403 230 
45406 550 
45452 1444 
45513 2598 
45566 3424 
45657 218 
45661 444 
45679 526 
45724 19 
45822 1946 
46081 828 
46103 1402 
46218 876 
46330 977 
46373 337 
46511 845 
46593 492 
46596 392 
46710 672 
46842 1171 
46950 192 
46968 1645 
46979 246 
46985 70 
47009 1096 
47048 688 
47116 237 
47193 11439 
47196 745 
47228 636 
47318 372 
47470 925 
47521 248 
47536 443 
47539 956 
47557 391 
47557 2652 
47566 1152 
47579 1045 
47583 1295 
47590 3409 
47600 579 
47600 1519 
47608 1713 
47626 1364 
47700 405 
47768 199 
47796 299 
47816 11 
47831 34 
47894 484 
47906 1738 
47923 2255 
47932 389 
48122 1185 
48131 536 
48172 1679 
48247 436 
48278 1704 
48294 2371 
48323 315 
48329 120 
48345 780 
48363 502 
48394 1160 
48431 126 
48491 457 
48494 3563 
48534 634 
48537 2037 
48554 1135 
48586 15 
48602 1243 
48676 1139 
48684 708 
48751 330 
48755 441 
48885 295 
48900 153 
48913 3064 
48919 1021 
48996 4686 
49015 135 
49036 1320 
49197 1381 
49212 588 
49230 263 
49263 472 
49290 1372 
49310 268 
49343 39 
49345 596 
49363 133 
49516 970 
49522 820 
49820 689 
49862 106 
49868 1307 
49881 228 
49895 39 
49918 383 
49920 192 
49945 306 
49972 647 
50063 771 
50188 1671 
50200 118 
50222 549 
50251 321 
50262 176 
50275 151 
50379 1255 
50382 1045 
50577 500 
50578 326 
50595 1209 
50650 1105 
50706 949 
50709 68 
50715 201139 
50737 503 
50784 515 
50793 1438 
50795 351 
50825 631 
50842 690 
50899 146 
50913 4894 
51028 1148 
51076 292 
51077 411 
51102 225 
51114 1014 
51132 1302 
51272 359 
51315 111 
51315 984 
51389 1558 
51494 1995 
51513 328 
51577 78 
51577 96 
51599 443 
51653 551 
51683 792 
51820 1745 
51888 2730 
51927 595 
51959 160 
51988 791 
52070 8746 
52172 722 
52282 438 
52400 3234 
52451 1036 
52512 2190 
52526 71 
52547 157 
52551 589 
52569 936 
52620 906 
52690 4566 
52696 1901 
52832 4092 
52834 323 
52848 1780 
52891 1002 
52938 781 
52962 379 
53062 427 
53088 5194 
53231 191 
53350 470 
53442 596 
53443 897 
53460 587 
53468 313 
53510 1110 
53528 244 
53532 541 
53565 781 
53586 2793 
53710 275 
53824 1034 
53930 622 
53983 1023 
53989 588 
53998 59 
54089 1254 
54152 414 
54184 257 
54279 1149 
54302 229 
54328 174 
54332 14473 
54383 403 
54384 8169 
54449 1464 
54498 3487 
54540 974 
54571 1536 
54646 376 
54649 455 
54662 1073 
54858 724 
54928 1349 
54929 1036 
54944 1369 
54972 1287 
55007 430 
55015 1545 
55024 395 
55084 14814 
55123 1137 
55184 278 
55188 56 
55284 723 
55299 219 
55304 609 
55333 86 
55355 421 
55429 79 
55470 221 
55503 5441 
55503 1989 
55507 2285 
55539 1584 
55581 1251 
55592 685 
55627 224 
55654 915 
55694 880 
55702 1524 
55745 688 
55767 845 
55775 927 
55802 765 
55816 110 
55838 363 
55845 97 
55846 760 
55884 302 
55965 254 
56084 373 
56099 1100 
56183 2384 
56240 1398 
56304 29 
56354 289 
56365 816 
56420 1227 
56504 725 
56506 324 
56571 112 
56603 1251 
56711 1958 
56750 754 
56777 518 
56834 697 
56874 757 
56891 141 
56925 169 
56949 79 
56963 229 
56996 1358 
57005 37 
57071 317 
57095 64 
57097 452 
57119 262 
57214 7 
57216 883 
57233 224 
57303 247 
57310 202 
57320 32 
57446 741 
57464 260 
57492 2376 
57509 17331 
57518 581 
57531 544 
57553 614 
57560 1474 
57590 842 
57658 246 
57683 3867 
57706 1213 
57791 115 
57840 181 
57879 3317 
57903 2773 
57905 1017 
57919 143 
57947 247 
57968 257 
57977 57 
58024 761 
58101 230 
58156 254 
58186 1350 
58278 961 
58279 2961 
58293 398 
58424 191 
58483 1611 
58495 485 
58501 234 
58541 379 
58547 274 
58604 379 
58612 2497 
58618 410 
58637 1637 
58704 559 
58781 10076 
58787 102 
58803 223 
58857 294 
58885 113 
58982 499 
59093 789 
59144 2615 
59168 354 
59330 257 
59348 266 
59366 1476 
59420 1093 
59463 1275 
59505 539 
59608 36 
59653 3384 
59666 1339 
59680 168 
59689 716 
59752 1169 
59867 221 
59913 747 
59915 1375 
59944 130 
60073 382 
60101 505 
60109 270 
60127 212 
60171 1329 
60213 1276 
60395 503 
60406 460 
60416 728 
60458 4169 
60576 248 
60610 1049 
60647 423 
60692 748 
60739 412 
60763 701 
60789 563 
60819 807 
60833 371 
60845 4025 
60998 105 
61120 446 
61198 478 
61223 1182 
61295 2726 
61397 2183 
61477 1830 
61517 6473 
61543 396 
61563 501 
61595 4112 
61624 318 
61649 661 
61676 244 
61716 1338 
61766 311 
61776 311 
61867 175 
61882 383 
62068 1287 
62085 55 
62157 157 
62167 126 
62242 876 
62265 327 
62272 161 
62292 541 
62337 781 
62341 562 
62361 19 
62384 85 
62421 87 
62426 91 
62481 203 
62530 224 
62622 1486 
62744 670 
62745 150 
62755 2020 
62794 661 
62800 1333 
62851 654 
62859 158 
62882 338 
63020 2457 
63037 441 
63043 167 
63095 117 
63119 565 
63195 10 
63335 639 
63378 1626 
63380 130 
63403 447 
63423 902 
63423 902 
63464 1250 
63464 1250 
63496 489 
63544 2311 
63557 1068 
63587 1496 
63588 1930 
63604 683 
63630 116 
63643 449 
63660 47 
63753 120 
63859 809 
63945 692 
63959 911 
64074 516 
64122 1192 
64126 5154 
64126 572 
64130 1792 
64188 1219 
64204 770 
64224 134 
64232 2673 
64377 487 
64393 758 
64427 261 
64430 1177 
64515 380 
64523 473 
64675 8350 
64741 979 
64747 2789 
64758 166 
64823 777 
64939 353 
64968 113 
64976 277 
65038 600 
65057 488 
65175 544 
65176 777 
65196 241 
65228 503 
65235 511 
65271 1077 
65290 557 
65387 1117 
65409 259 
65497 1054 
65609 817 
65612 518 
65655 19 
65732 348 
65900 3248 
65906 294 
65982 552 
65998 112 
66028 156 
66055 1128 
66077 43 
66088 405 
66233 317 
66300 241 
66385 14389 
66387 777 
66402 233 
66417 2104 
66440 476 
66488 371 
66498 70 
66518 329 
66530 816 
66590 110 
66606 293 
66607 33797 
66610 823 
66631 3618 
66669 1529 
66681 97 
66702 1091 
66739 889 
66758 1167 
66826 306 
67051 387 
67209 5946 
67263 4530 
67304 628 
67349 2115 
67359 1026 
67434 347 
67441 423 
67525 56 
67623 788 
67769 793 
67796 1760 
67802 507 
67832 976 
67891 191 
67936 28 
68029 152 
68218 365 
68304 293 
68368 2361 
68423 117 
68438 515 
68494 2482 
68505 378 
68747 743 
68765 1217 
68765 102 
68785 104 
68798 427 
68827 851 
68996 1031 
69072 49 
69072 1660 
69082 190 
69103 660 
69201 1418 
69219 134 
69272 974 
69360 1364 
69391 72 
69397 483 
69619 244 
69626 11 
69700 525 
69740 110 
69748 369 
69774 1008 
69809 1871 
70018 5510 
70060 118 
70093 97 
70111 1427 
70164 253 
70202 291 
70220 611 
70223 133 
70234 270 
70529 258 
70588 691 
70622 1180 
70661 970 
70960 202 
70976 1612 
71135 16216 
71163 61 
71169 22 
71226 542 
71337 301 
71474 8675 
71523 72 
71600 5340 
71792 4359 
71919 865 
71950 1744 
71956 702 
71971 708 
72045 244 
72210 682 
72300 480 
72360 1433 
72390 1164 
72398 2546 
72398 433 
72423 699 
72490 2682 
72510 377 
72567 4490 
72862 695 
72869 632 
72886 23 
72958 130 
73023 516 
73231 913 
73293 1192 
73330 196 
73339 50 
73408 379 
73618 240 
73665 265 
73831 502 
73895 749 
73967 107 
73976 1122 
74050 102 
74062 1006 
74085 1855 
74119 1118 
74150 1712 
74209 917 
74323 1923 
74340 711 
74619 193 
74874 732 
74975 4616 
75368 118 
75418 285 
75530 921 
75570 1448 
75611 337 
75750 2210 
75888 381 
75930 100 
75960 494 
76241 985 
76242 3214 
76399 643 
76511 701 
76515 987 
76554 1416 
76557 2064 
76558 8621 
76642 1644 
76675 484 
76717 1229 
76895 2479 
77015 2563 
77086 807 
77091 815 
77091 6205 
77161 955 
77169 247 
77203 235 
77218 22 
77313 292 
77374 1510 
77402 268 
77412 460 
77485 12076 
77537 219 
77606 442 
77710 539 
77777 748 
77853 535 
77917 1056 
77968 416 
78005 971 
78230 150 
78260 317 
78288 905 
78344 72 
78405 2607 
78581 531 
78687 2739 
78715 576 
78781 2971 
78784 1013 
78819 1667 
78827 1060 
78908 2318 
78936 573 
79000 696 
79108 158 
79349 26 
79408 1482 
79421 760 
79448 270 
79654 991 
79729 703 
79956 1588 
80006 485 
80071 850 
80122 778 
80149 1804 
80156 1230 
80312 372 
80314 1048 
80392 1287 
80405 1484 
80430 2265 
80505 705 
80526 13 
80533 5179 
80647 481 
80656 48 
81297 3527 
81345 1139 
81366 216 
81410 450 
81643 82 
81721 958 
81936 340 
82447 685 
82472 35 
82714 8064 
82865 1082 
82918 816 
83609 61 
84032 533 
84044 172 
84097 204 
84982 846 
85029 117 
85655 906 
86134 50 
86249 1109 
86883 1077 
87224 2040 
87675 1642 
87730 672 
87764 816 
87949 1175 
87972 1683 
88168 743 
88418 157 
88684 886 
89816 223 
90135 1539 
90255 436 
92015 796 
92470 5906 
92974 381 
93595 360 
93595 360 
93811 201 
94036 1222 
95333 1040 
95462 644 
95577 299 
97019 132 
97432 409 
98551 942 
99600 2063 
100879 427 
101268 73 
101308 565 
102306 638 
102610 1631 
103235 199 
103682 222 
104204 1514 
105462 43 
106501 902 
107010 806 
108375 15565 
108802 836 
110091 1743 
110117 540 
110468 665 
110978 365 
111255 1192 
111668 646 
112059 12288 
112600 135 
112713 194 
113436 3732 
114101 180 
114112 906 
114555 1956 
115127 198 
115272 2853 
116546 189 
116921 200 
117279 504 
118425 385 
118439 4381 
118794 303 
119302 781 
119385 622 
119562 647 
119896 851 
120440 1258 
120735 147 
121030 1284 
121461 2063 
122119 499 
122622 445 
122921 580 
123732 2126 
123753 489 
123815 1916 
124530 904 
124954 1893 
125292 235 
126482 71 
126672 1460 
126684 582 
127483 908 
127720 13879 
127828 172 
127939 111 
128290 20759 
128377 284 
128501 2294 
128715 312 
128726 68 
129276 484 
129809 59 
129952 484 
130239 831 
130773 751 
131034 1991 
131087 620 
131573 276 
131792 122 
132934 188 
133269 379 
133663 1420 
135279 1772 
135286 501 
135429 1016 
135562 443 
136782 1185 
137117 552 
137351 402 
137575 451 
137715 259 
137747 2122 
137917 1768 
138025 1147 
138033 497 
138140 2586 
138494 1246 
139041 116 
139140 90 
139389 794 
139488 709 
139799 999 
140538 621 
140827 250 
141265 119 
141707 255 
141713 1928 
141743 237 
142089 141 
142629 1995 
143708 704 
144041 1036 
144044 1687 
144332 1093 
144623 310 
144717 108 
145254 2054 
145489 2071 
145505 1150 
146670 190 
146972 827 
147174 618 
147330 1584 
147696 168 
148245 1718 
148353 119 
148970 1245 
149892 894 
149984 1048 
150132 432 
150575 321 
150940 1279 
151358 827 
151544 1082 
151626 5638 
151970 561 
151979 139 
164903 239 
166433 1471 
166629 176 
167560 5567 
168775 147 
168980 407 
170744 763 
172522 111 
172588 7 
172961 655 
175789 72 
176188 79 
178501 231 
179367 1308 
179416 819 
180939 373 
181979 939 
183371 1587 
184185 118 
192690 683 
193565 399 
194184 489 
194634 140 
194980 510 
196521 858 
196684 86 
197039 970 
199155 1587 
203525 3433 
206638 1286 
207644 21 
208531 1636 
210672 341 
211284 3511 
211620 5371 
213031 2872 
214114 133 
214510 832 
215167 851 
215955 247 
218139 42 
219555 795 
220477 664 
221502 1427 
222467 63 
223737 4050 
224296 130 
225526 1900 
228884 403 
228983 1184 
229852 643 
230037 123 
230108 1437 
230438 222 
231487 108 
232698 1178 
233945 1215 
234869 2016 
235764 461 
236067 1753 
236608 143 
237272 145791 
237313 875 
237525 375 
237627 1241 
237681 773 
237799 576 
238808 325 
239642 431 
240055 300 
240423 245 
241968 1027 
242589 279 
242874 271 
243715 634 
245653 479 
246225 515 
247123 298 
247239 2551 
249379 1685 
249603 652 
249902 1821 
249946 356 
250209 2095 
250659 1855 
254487 19 
255125 145 
255304 40 
256505 735 
256981 74 
256997 176 
259377 416 
260825 78 
261873 447 
265517 739 
268170 233 
270324 9048 
271187 1534 
273507 114 
275031 617 
276286 592 
287024 33 
292638 194 
294084 348 
294592 333 
300130 72 
300589 1143 
301206 162 
301978 353 
302868 893 
303593 951 
305622 458 
307664 1184 
308608 122 
308741 10 
308774 422 
309388 418 
310476 5 
312178 178 
312938 2339 
316987 480 
318497 466 
321407 447 
325694 997 
327408 877 
327705 1375 
329032 160 
329667 108 
330877 335 
331470 225 
331760 424 
331876 663 
335233 3675 
335436 43 
336974 1580 
338559 833 
343370 653 
345208 145 
351218 354 
354197 1451 
359268 15949 
359381 988 
359476 646 
359935 369 
377564 377 
380024 898 
380617 1001 
381778 395 
384001 804 
389247 109 
390084 648 
390097 5964 
390151 2343 
398373 4001 
402285 229 
405160 157 
406307 3865 
411051 888 
413987 166 
422037 364 
423439 707 
434498 108 
442195 128 
480449 2478 
484275 463 
490592 373 
490692 870 
495422 170 
499762 253 
508461 6 
508672 107 
514724 293 
548775 30 
558482 432 
564634 544 
565514 165 
579038 25 
585143 25 
596194 179 
