3957 4.02841435185
0 4595739 
9 215 
11 125 
12 236 
15 164 
16 248 
17 652 
17 196 
18 290 
19 40 
24 211 
24 20 
25 1326 
27 30 
27 1325 
28 280 
29 460 
29 438 
29 69 
31 175 
32 318 
32 136 
32 465 
33 159 
34 711 
34 359 
34 89 
35 94 
35 146 
35 182 
36 11865 
36 693 
37 114 
37 1147 
38 335 
38 875 
38 133 
39 130 
39 112 
40 112 
40 160 
40 214 
40 86 
41 1397 
41 95 
43 59 
43 324 
43 94 
44 863 
44 1705 
45 63 
45 512 
45 44 
45 850 
45 248 
45 80 
46 353 
47 157 
47 32 
47 3828 
47 120 
48 6 
48 65 
48 552 
48 234 
49 525 
49 6429 
50 205 
50 72 
51 448 
51 121 
51 320 
51 32 
52 229 
52 145 
52 102 
52 82 
53 824 
53 385 
53 1207 
53 169 
53 90 
54 430 
55 240 
56 44 
56 35 
56 39 
56 32 
56 370 
57 269 
58 243 
58 27 
58 139 
58 96 
58 2 
58 1493 
59 212 
59 326 
59 134 
59 11 
60 53 
60 161 
61 11 
62 309 
62 388 
62 346 
63 358 
63 809 
63 147 
63 299 
64 715 
64 6 
64 817 
64 449 
64 210 
66 396 
66 4 
66 494 
67 387 
67 104 
67 453 
68 13 
68 268 
68 2148 
68 797 
69 71 
69 56 
70 126 
70 211 
70 96 
71 37 
71 115 
71 102 
71 33 
72 129 
72 553 
72 103 
72 937 
73 1967 
73 24 
73 78 
73 72 
74 6192 
74 79 
74 26 
74 216 
74 2033 
74 55 
75 276 
75 174 
75 7 
75 221 
75 489 
75 999 
75 329 
76 139 
76 376 
76 1460 
76 437 
77 781 
78 91 
78 179 
78 341 
79 212 
79 366 
80 102 
80 73 
82 33 
82 1244 
83 1 
83 421 
83 649 
83 94 
84 126 
84 2915 
84 381 
85 2796 
85 196 
85 53 
85 4593 
86 330 
86 496 
86 342 
86 417 
88 22 
88 157 
88 319 
88 55 
89 16994 
90 200 
90 34 
90 21 
91 781 
91 232 
91 95 
91 59 
92 1279 
92 823 
93 108 
93 166 
93 122 
94 900 
95 52 
96 342 
96 827 
96 269 
97 288 
97 454 
98 240 
98 20 
98 562 
98 168 
98 185 
98 765 
99 146 
99 234 
99 263 
100 1282 
100 3 
101 81 
101 66 
102 203 
102 284 
102 212 
103 10 
103 778 
104 294 
104 86 
105 945 
105 330 
105 227 
105 147 
106 237 
106 5362 
106 116 
106 429 
106 57 
107 189 
107 760 
107 92 
108 81 
108 755 
109 380 
110 514 
110 117 
110 140 
110 248 
111 133 
111 1349 
111 163 
112 598 
112 165 
112 118 
112 94 
112 47 
113 111 
113 188 
113 5106 
114 386 
114 136 
114 2345 
115 2170 
115 163 
116 1796 
116 932 
116 192 
117 155 
118 269 
118 134 
119 440 
119 2039 
119 491 
119 161 
120 47 
120 9843 
121 226 
121 216 
121 258 
121 80 
122 521 
123 1268 
123 356 
124 184 
124 147 
124 449 
124 209 
125 97 
126 2543 
126 5 
126 40 
127 112 
127 89 
127 38 
127 732 
127 797 
127 22 
127 130 
128 1591 
128 94 
129 159 
129 252 
129 2059 
129 442 
130 104 
130 212 
130 283 
130 106 
130 514 
132 163 
132 663 
132 280 
132 39 
132 292 
134 1550 
134 66 
135 840 
135 496 
137 37 
139 239 
140 200 
141 5264 
141 177 
141 1438 
141 4 
141 4 
142 210 
143 177 
143 657 
144 833 
145 289 
145 55 
145 237 
146 717 
146 932 
147 1256 
147 258 
147 123 
147 980 
148 219 
148 840 
149 751 
149 770 
151 2869 
151 119 
152 145 
153 95 
153 5 
154 123 
155 43 
155 65 
155 164 
155 1265 
156 659 
157 182 
157 292 
158 511 
158 2605 
159 88 
159 206 
160 104 
160 73 
161 245 
161 40 
161 97 
161 99 
162 213 
163 82 
163 28 
163 371 
164 360 
164 134 
164 57 
164 47 
165 152 
165 209 
165 12 
165 23 
166 151 
167 15 
167 283 
168 681 
168 38 
168 276 
168 335 
169 27 
170 539 
171 464 
171 39 
173 33 
174 215 
175 69 
176 1262 
176 104 
178 4 
178 448 
178 102 
178 45 
179 37 
180 701 
181 177 
181 200 
181 148 
183 325 
183 147 
183 286 
183 238 
184 175 
185 1068 
185 151 
186 81 
187 163 
187 277 
187 318 
188 213 
189 264 
190 958 
190 983 
190 610 
192 308 
193 1349 
193 414 
193 627 
194 122 
195 128 
196 1978 
196 48 
196 238 
197 152 
202 926 
202 162 
203 139 
203 118 
203 76 
207 348 
208 89 
209 109 
213 29 
215 141 
216 480 
216 3004 
217 163 
217 391 
218 215 
219 16 
219 665 
220 498 
220 892 
220 3816 
220 51 
222 322 
223 299 
224 190 
224 93 
224 61 
226 110 
226 25 
226 372 
228 1912 
228 55 
229 800 
229 29 
230 869 
231 266 
232 223 
232 1199 
235 51 
236 5129 
236 216 
236 13562 
237 834 
237 22 
237 168 
242 802 
242 1216 
245 84 
246 593 
246 1680 
246 228 
247 42 
247 1698 
249 855 
249 26 
250 314 
251 147 
253 243 
253 123 
254 5 
256 707 
257 2071 
257 143 
257 219 
257 50 
258 41 
258 117 
259 122 
260 2578 
262 624 
264 1055 
265 24 
265 1130 
266 119 
266 99 
267 1507 
267 161 
267 93 
269 79 
269 230 
270 16 
270 669 
271 251 
271 349 
272 43 
273 244 
273 2448 
274 1101 
274 264 
274 17 
274 122 
275 230 
276 98 
277 166 
278 251 
278 3956 
279 1763 
279 1284 
280 96 
282 527 
283 102 
283 56 
284 397 
284 83 
285 560 
287 3578 
287 1706 
288 555 
289 165 
290 53 
290 3 
291 212 
294 368 
294 232 
297 241 
297 722 
299 1017 
299 275 
299 934 
304 383 
305 266 
307 1191 
307 201 
308 258 
308 533 
309 33 
311 560 
312 6 
313 156 
314 5329 
366 855 
369 71 
369 1187 
370 1301 
370 250 
371 78 
372 205 
373 474 
374 304 
376 872 
377 392 
380 156 
381 90 
382 1300 
382 972 
382 842 
383 110 
383 665 
385 1159 
386 29 
387 280 
388 2 
389 112 
390 42 
392 493 
393 7 
393 4 
395 194 
396 1621 
397 81 
398 10 
400 133 
400 462 
400 231 
402 257 
402 816 
404 332 
405 178 
410 314 
411 324 
412 178 
413 240 
413 1928 
414 7 
415 417956 
415 4 
419 59 
425 131 
427 148 
427 113 
429 1190 
431 335 
432 443 
433 2290 
434 48 
436 237 
438 111 
439 36 
440 469 
441 133 
442 20 
446 793 
447 1046 
447 256 
448 49 
450 593 
452 272 
452 129 
453 1312 
454 847 
455 500 
456 165 
457 210 
458 3318 
459 77 
462 155 
464 34 
464 2947 
464 11 
465 134 
466 21 
467 69 
467 207 
468 194 
470 915 
470 394 
470 1624 
471 511 
472 137 
472 706 
474 63 
474 26 
476 23 
477 261 
479 226 
481 2067 
481 1874 
482 1482 
483 321 
483 28 
484 3980 
485 596 
488 482 
490 213 
490 128 
494 156 
494 87 
494 1070 
495 1942 
496 1033 
496 778 
499 164 
502 177 
504 91 
505 468 
505 76 
507 3 
510 7 
511 10 
512 112 
512 8 
516 7548 
520 117 
524 130 
525 114 
525 608 
529 802 
530 136 
531 70 
532 1244 
533 273 
536 2431 
537 50 
540 1426 
541 71 
541 136 
543 107 
544 642 
545 73 
545 951 
547 40 
548 533 
553 1 
559 88 
561 266 
564 1311 
566 17 
569 7 
572 835 
574 3495 
577 44 
578 8 
579 17 
579 8450 
580 545 
581 226 
583 222 
583 222 
583 365 
583 723 
586 223 
592 81 
594 13487 
594 163 
598 1301 
603 227 
606 572 
606 5763 
609 91 
610 296 
611 192 
612 35 
615 114 
615 0 
616 292 
618 182 
618 962 
619 738 
620 479 
621 275 
622 29 
622 60 
624 251 
627 1673 
630 720 
633 512 
635 2198 
637 9 
638 262 
638 1139 
639 879 
644 760 
648 5 
648 522 
653 183 
653 50 
655 1932 
656 529 
710 59 
711 24 
711 1834 
712 663 
714 11 
715 251 
716 72 
719 75 
725 115 
728 100 
728 195 
734 2814 
735 501 
735 800 
737 4464 
739 26 
740 490 
743 42 
748 58 
750 644 
753 154 
755 318 
756 1483 
759 3844 
763 1838 
767 449 
768 54 
774 527 
779 287 
783 481 
785 1 
799 1532 
799 461 
800 100 
801 1216 
805 1357 
809 1044 
809 367 
811 292 
813 16 
814 15 
817 322 
819 205 
820 762 
822 50 
823 91 
824 64 
826 1499 
834 14 
834 111 
836 1269 
837 128 
838 3125 
844 259 
845 89 
847 74 
852 2294 
857 80 
857 128 
862 6 
865 350 
866 3353 
866 6 
880 856 
885 576 
885 267 
891 523 
892 225 
898 20 
908 232 
916 1022 
919 2104 
920 1825 
921 118 
923 110 
926 259 
930 302 
934 939 
935 1417 
939 9 
940 306 
942 313 
944 2818 
944 789 
945 2705 
954 129 
955 364 
955 175 
955 267 
959 180 
964 558 
964 942 
969 3237 
973 685 
973 27 
975 51 
982 1939 
986 19 
987 557 
989 160 
990 185 
996 776 
998 2721 
999 68 
1000 1125 
1004 103 
1004 123 
1004 648 
1005 79 
1006 128 
1009 597 
1009 189 
1010 307 
1067 643 
1067 402 
1068 34 
1069 4744 
1070 0 
1072 85 
1081 1027 
1081 6 
1084 75391 
1091 1 
1094 221 
1095 327 
1096 122 
1100 1018 
1106 222 
1109 301 
1110 834 
1113 46 
1114 2 
1114 3888 
1121 531 
1126 184 
1127 922 
1142 1692 
1145 2455 
1147 69 
1149 1561 
1149 342 
1153 1311 
1154 17 
1156 1904 
1157 471 
1160 306 
1162 344 
1175 803 
1176 901 
1198 973 
1203 12 
1205 199 
1207 930 
1215 116 
1215 294 
1215 3595 
1217 442 
1222 5 
1223 76 
1225 40 
1228 135 
1230 5624 
1231 122 
1231 126 
1231 11048 
1236 51 
1236 290 
1239 327 
1239 1003 
1247 891 
1249 145 
1251 91 
1251 100 
1254 296 
1255 127 
1255 150 
1258 9237 
1259 520 
1262 985 
1264 28 
1269 152 
1271 395 
1282 220 
1288 31 
1295 6382 
1298 1405 
1299 789 
1299 93 
1303 143 
1306 1272 
1314 52 
1322 421 
1323 32 
1327 751 
1335 235 
1341 102 
1345 222 
1356 439 
1367 96 
1367 1226 
1370 4461 
1373 256 
1387 180 
1390 269 
1391 25 
1392 430 
1395 402 
1395 232 
1397 190 
1398 122 
1400 917 
1402 58 
1415 366 
1424 814 
1428 489 
1428 857 
1484 128 
1485 1059 
1499 6167 
1503 1171 
1507 576 
1509 47 
1514 2198 
1518 58 
1519 1667 
1522 2000 
1529 16 
1530 267 
1538 104 
1540 786 
1548 166 
1552 1216 
1554 56 
1555 561 
1555 790 
1555 334 
1557 333 
1560 447 
1566 175 
1569 106 
1571 1203 
1574 20 
1577 73 
1581 1444 
1582 400 
1586 419 
1587 1021 
1595 55 
1605 57 
1611 27 
1611 1393 
1612 1251 
1617 125 
1619 13642 
1622 184 
1623 439 
1628 141 
1632 1856 
1632 255 
1634 1280 
1635 1687 
1643 14 
1646 838 
1651 900 
1661 0 
1662 1806 
1670 574 
1675 485 
1683 4340 
1697 31 
1698 2157 
1714 43 
1723 572 
1726 4497 
1726 418 
1727 107 
1729 1196 
1734 406 
1735 1001 
1739 348 
1750 811 
1751 3263 
1774 1154 
1782 3040 
1784 243 
1785 415 
1785 577 
1791 97 
1816 609 
1819 8 
1822 373 
1833 806 
1833 167 
1892 46 
1892 141 
1892 576 
1894 2481 
1900 795 
1905 439 
1909 149 
1919 26 
1927 2851 
1942 2430 
1944 2722 
1952 820 
1966 2970 
1973 50 
1982 189 
1983 181 
1991 19 
1998 6 
2005 771 
2013 4170 
2013 380 
2014 38 
2025 78 
2035 71 
2037 97 
2044 77 
2044 55 
2046 29 
2047 206 
2069 17 
2088 236 
2090 1702 
2092 84 
2092 768 
2149 18 
2156 101 
2163 100 
2174 143 
2190 368 
2192 252 
2192 208 
2198 112 
2200 1419 
2212 125 
2222 156 
2222 78 
2224 48 
2236 81 
2238 396 
2246 103 
2253 119 
2261 571 
2266 376 
2275 2 
2305 54 
2307 28 
2314 45 
2325 1189 
2329 1174 
2330 1186 
2402 976 
2404 345 
2413 47 
2417 75 
2423 102 
2423 238 
2433 323 
2448 221 
2449 25 
2460 156 
2465 1004 
2474 4608 
2488 37 
2490 31 
2497 264 
2504 92 
2512 17 
2516 1654 
2527 183 
2529 924 
2540 495 
2553 2067 
2554 2077 
2562 1318 
2563 58 
2566 902 
2566 185 
2567 232 
2574 12598 
2574 6 
2580 2745 
2590 181 
2601 3 
2604 902 
2614 896 
2622 30 
2622 23 
2627 29 
2629 327 
2631 1776 
2637 12 
2638 1302 
2639 19 
2642 0 
2643 23 
2646 16 
2701 102 
2704 1537 
2708 4 
2710 3556 
2713 111 
2714 4 
2731 293 
2738 441 
2741 150 
2747 81 
2747 1476 
2752 432 
2754 2051 
2756 5543 
2763 119 
2770 2512 
2800 1453 
2801 68 
2807 217 
2809 506 
2814 194 
2817 1315 
2819 254 
2842 28 
2859 11 
2871 749 
2880 1086 
2883 1141 
2883 1482 
2895 29 
2928 403 
2930 157 
2988 78 
2989 504 
2989 1884 
2992 538 
3010 103 
3012 6 
3026 363 
3027 98 
3034 200 
3065 709 
3068 162 
3083 481 
3107 398 
3123 270 
3130 851 
3132 1545 
3141 31 
3147 589 
3149 1502 
3153 138 
3167 1442 
3170 2187 
3193 1 
3206 147 
3207 1294 
3208 884 
3265 267 
3275 850 
3276 2311 
3293 1236 
3309 17 
3310 49 
3311 2488 
3312 53 
3324 222 
3329 228 
3332 178 
3338 940 
3340 1524 
3343 161 
3348 661 
3349 946 
3360 710 
3360 124 
3365 600 
3368 364 
3371 586 
3374 2408 
3384 1361 
3394 17 
3403 204 
3408 140 
3416 655 
3425 2174 
3436 548 
3457 204 
3473 535 
3483 75 
3487 2539 
3490 1600 
3499 4928 
3511 62 
3516 87 
3516 193 
3519 2263 
3525 744 
3527 3570 
3534 134 
3534 3545 
3570 242 
3573 67 
3579 215 
3587 331 
3636 219 
3690 719 
3699 951 
3726 297 
3731 1000 
3734 361 
3747 1328 
3774 440 
3780 1479 
3784 581 
3788 1159 
3803 1372 
3807 556 
3809 357 
3814 129 
3829 102 
3838 144 
3844 163 
3865 638 
3865 1189 
3899 623 
3909 269 
3929 280 
3929 55 
3944 1050 
3965 933 
3973 23007 
3989 91 
3997 333 
4001 258 
4003 292 
4004 1333 
4005 49 
4020 25 
4024 690 
4031 1974 
4059 1254 
4075 931 
4144 650 
4144 126 
4146 21 
4156 121 
4162 898 
4164 249 
4177 2279 
4179 1978 
4192 10 
4203 918 
4205 209 
4208 40 
4210 3416 
4215 478 
4224 127 
4231 4482 
4235 2771 
4235 589 
4242 127 
4247 1867 
4251 44 
4304 934 
4318 1480 
4337 1108 
4343 336 
4343 4088 
4350 1585 
4353 3237 
4376 893 
4386 1342 
4390 266 
4399 1461 
4411 596 
4413 88 
4458 1269 
4517 23 
4526 853 
4547 139 
4550 135 
4552 50 
4552 87 
4555 319 
4560 8583 
4575 293 
4577 405 
4588 141 
4592 15 
4611 232 
4615 189 
4633 14241 
4636 155 
4645 391 
4652 297 
4660 171 
4667 2701 
4674 1316 
4679 72 
4687 443 
4688 24 
4694 1685 
4706 1504 
4730 1334 
4741 211 
4758 164 
4774 2040 
4778 507 
4783 1486 
4787 2615 
4801 850 
4818 2658 
4827 140 
4841 376 
4856 152 
4865 147 
4876 691 
4893 592 
4952 1708 
4954 217 
4956 135 
4962 1659 
4968 1906 
4974 1184 
5004 946 
5027 233 
5031 20 
5041 21 
5052 1564 
5053 2257 
5071 105 
5075 1296 
5089 1179 
5092 630 
5101 1396 
5106 757 
5118 507 
5128 92 
5130 63 
5135 703 
5137 479 
5140 633 
5190 2334 
5194 85 
5228 2450 
5239 417 
5240 145 
5252 39 
5314 4005 
5324 3936 
5330 9 
5332 1489 
5348 129 
5351 3787 
5353 241 
5355 190 
5356 2095 
5377 638 
5382 22 
5389 2785 
5390 1507 
5402 158 
5418 54 
5420 568 
5434 106 
5436 2930 
5437 384 
5445 2125 
5455 161 
5459 51 
5465 868 
5481 20 
5497 85 
5509 1 
5510 40 
5515 256 
5523 303 
5536 166 
5560 698 
5573 8 
5596 256 
5601 99 
5607 3655 
5621 103 
5628 454 
5668 614 
5669 605 
5671 3536 
5741 7946 
5777 2306 
5804 1955 
5805 664 
5822 819 
5832 772 
5843 251 
5861 7798 
5865 1225 
5880 329 
5881 185 
5892 191 
5899 463 
5916 30 
5921 120 
5925 346 
5934 2 
5966 5054 
5973 520 
5985 1461 
6065 2 
6070 7113 
6071 33 
6074 27 
6076 952 
6097 1063 
6123 71 
6127 939 
6127 3882 
6140 118 
6156 1398 
6173 250 
6206 1103 
6217 801 
6294 379 
6316 2141 
6329 3232 
6330 8 
6342 4437 
6349 1488 
6359 786 
6367 65 
6394 56 
6398 25 
6415 20 
6428 236 
6440 2105 
6523 2803 
6525 1286 
6526 806 
6542 146 
6546 1117 
6554 356 
6555 1333 
6559 1205 
6561 202 
6602 109942 
6614 635 
6621 301 
6643 2978 
6645 658 
6645 354 
6646 969 
6649 374 
6654 616 
6665 2807 
6665 4558 
6667 5555 
6678 48 
6683 150 
6692 1006 
6727 1543 
6731 2180 
6739 1340 
6739 70 
6771 41 
6785 1918 
6820 146 
6840 1041 
6853 492 
6854 868 
6859 1039 
6866 577 
6872 650 
6880 840 
6901 4 
6943 1609 
6945 548 
6949 1744 
6964 2236 
6964 987 
6966 291 
6978 102 
6984 357 
6988 226 
6992 18 
6995 604 
7030 862 
7113 112 
7126 74 
7144 22 
7165 1412 
7174 292 
7203 76 
7274 135 
7283 1402 
7308 355 
7313 944 
7356 12 
7364 153 
7368 4162 
7378 163 
7388 1586 
7396 884 
7401 1562 
7407 1263 
7434 1099 
7439 420 
7443 2374 
7455 442 
7521 575 
7567 5650 
7597 425 
7598 328 
7623 2107 
7623 349 
7625 212 
7638 174 
7650 136 
7655 861 
7657 636 
7682 1183 
7735 113 
7743 38 
7817 795 
7833 1402 
7860 886 
7940 938 
7942 699 
7954 63 
7961 528 
7965 1674 
8087 141 
8093 108 
8094 705 
8098 56 
8107 165 
8124 1046 
8140 628 
8165 470 
8175 58 
8199 876 
8223 4357 
8240 840 
8245 798 
8282 71 
8303 215 
8351 720 
8356 557 
8358 20 
8373 46 
8387 235 
8400 431 
8404 5357 
8421 2130 
8430 1591 
8439 29 
8448 61 
8475 1222 
8506 402 
8545 86 
8548 205 
8574 47 
8706 147 
8712 27 
8713 24 
8732 14 
8737 1429 
8757 145 
8773 496 
8782 11 
8791 1004 
8806 1244 
8849 178 
8873 209 
8913 1280 
8954 281 
8961 1 
8983 22592 
9001 529 
9025 200 
9036 895 
9072 242 
9083 402 
9104 855 
9106 129 
9114 54 
9134 639 
9135 952 
9188 27 
9193 742 
9236 695 
9258 954 
9283 252 
9336 465 
9348 1225 
9365 160 
9379 574 
9391 2208 
9403 5196 
9414 203 
9441 744 
9467 1851 
9477 580 
9478 6 
9507 758 
9529 7723 
9529 65 
9554 103 
9554 238 
9565 386 
9603 197 
9624 710 
9634 764 
9656 56 
9681 453 
9726 178 
9746 229 
9787 725 
9807 99 
9827 1109 
9881 627 
9960 1084 
9977 533 
9978 2 
10000 388 
10055 834 
10104 597 
10127 170 
10142 765 
10160 703 
10201 366 
10230 176 
10258 131 
10260 990 
10309 556 
10321 758 
10338 15 
10342 593 
10399 217 
10407 1131 
10409 75 
10453 785 
10467 533 
10468 406 
10470 124 
10472 5 
10488 1267 
10492 958 
10494 557 
10494 97 
10494 433 
10518 509 
10578 555 
10579 456 
10591 276 
10619 1608 
10620 1617 
10642 3061 
10688 955 
10706 258 
10719 517 
10725 1803 
10761 41 
10767 800 
10779 152 
10780 2127 
10791 21 
10791 21 
10806 345 
10806 345 
10833 353 
10833 353 
10837 1425 
10837 1425 
10845 287 
10845 287 
10851 1146 
10888 560 
10900 662 
10910 1077 
10951 156 
11015 400 
11032 177 
11089 1025 
11107 48 
11154 2625 
11218 279 
11303 15 
11315 333 
11317 3807 
11364 2862 
11367 5419 
11376 1010 
11377 370 
11407 447 
11410 86 
11411 2269 
11440 194 
11460 1120 
11465 539 
11474 2510 
11565 532 
11579 306 
11596 106 
11616 778 
11616 440 
11623 324 
11637 855 
11645 751 
11654 196 
11657 1834 
11667 61 
11668 1828 
11674 606 
11733 1584 
11859 1081 
11862 106 
11866 944 
11889 846 
11893 15 
11912 159 
11935 410 
11938 349 
11940 21604 
11968 79 
12024 2248 
12031 134 
12140 148 
12146 256 
12183 203 
12193 2111 
12272 1708 
12273 116 
12322 1568 
12400 1484 
12443 264 
12444 304 
12461 10420 
12485 14 
12489 4788 
12539 2176 
12550 1104 
12556 204 
12569 203 
12587 1513 
12595 798 
12599 841 
12626 1115 
12651 870 
12826 416 
12827 50 
12840 1135 
12858 285 
12876 252 
12878 736 
12902 111 
12922 1072 
12948 1025 
12977 236 
12979 140 
12994 332 
13020 32 
13061 21 
13093 1013 
13096 445 
13121 740 
13125 109 
13135 410 
13148 1044 
13164 1529 
13164 168 
13176 103 
13198 103 
13228 2699 
13248 377 
13349 180 
13418 164 
13475 3115 
13488 1094 
13530 820 
13532 40 
13534 54 
13555 153 
13610 734 
13614 769 
13640 1932 
13654 1448 
13679 238 
13696 742 
13712 1954 
13734 937 
13762 425 
13790 67 
13815 17479 
13828 1351 
13917 2568 
13947 380 
13952 243 
13965 448 
14044 37 
14045 234 
14055 31 
14064 1047 
14193 666 
14202 1775 
14212 324 
14220 174 
14314 62 
14466 8 
14480 23 
14495 557 
14521 261 
14529 3740 
14605 480 
14711 136 
14730 294 
14735 1388 
14754 84 
14755 1330 
14965 25 
15032 34 
15049 1277 
15076 1665 
15205 183 
15231 796 
15296 642 
15309 402 
15390 217 
15431 3094 
15535 197 
15541 6240 
15543 1284 
15545 86 
15627 260 
15670 1295 
15799 155 
15847 71 
15951 2347 
15958 1467 
15978 43 
15982 5621 
16000 422 
16009 611 
16018 53 
16042 884 
16169 3032 
16206 324 
16310 21 
16331 345 
16364 172 
16375 40 
16398 466 
16442 762 
16475 124 
16504 37 
16570 44 
16575 526 
16705 1223 
16705 865 
16727 1926 
16758 1113 
16846 1485 
16849 247 
16889 733 
17036 608 
17056 47 
17198 33 
17285 543 
17467 664 
17577 25 
17590 4391 
17673 17 
17688 308 
17735 1595 
17773 1333 
17891 119 
18002 963 
18025 400 
18034 977 
18086 376 
18116 70 
18137 517 
18248 27 
18248 527 
18299 2048 
18476 40 
18598 4902 
18648 1484 
18685 116 
18726 1510 
18736 530 
18743 597 
18881 2487 
18949 716 
18957 43 
18966 837 
19084 292 
19201 81 
19331 39 
19358 1315 
19392 12 
19399 1855 
19480 4 
19589 128 
19646 2048 
19652 11 
19782 1376 
19812 1496 
19911 9 
19951 76 
19951 62 
20284 172 
20299 1142 
20320 69 
20385 976 
20387 263 
20417 3314 
20471 136 
20532 763 
20557 1000 
20654 182 
20682 728 
20721 513 
20728 1002 
20736 0 
20750 327 
20849 1487 
20876 198 
20890 215 
20905 2488 
20939 1766 
21069 4 
21152 2083 
21174 1016 
21294 1684 
21338 355 
21397 3042 
21456 149 
21560 248 
21633 109 
21767 26456 
21817 1065 
21901 28736 
21928 288 
21983 514 
22095 1745 
22180 3757 
22317 143 
22341 2041 
22370 200 
22381 1302 
22397 3830 
22451 19 
22573 0 
22670 351 
22756 9 
22868 1404 
22922 1027 
22978 160 
23015 319 
23034 1485 
23078 7245 
23117 339 
23256 6106 
23322 474 
23683 366 
23696 189 
24013 15046 
24459 279 
24477 292 
24521 1747 
24608 49 
24757 649 
24883 1151 
24935 732 
24986 48 
25097 623 
25150 780 
25151 244 
25215 95 
25237 5881 
25281 1066 
25299 1193 
25311 1818 
25329 1656 
25329 214 
25340 597 
25352 712 
25363 578 
25402 1527 
25404 1443 
25667 1598 
25994 396 
26064 9304 
26086 369 
26101 1772 
26301 331 
26301 331 
26532 2056 
26534 86 
26592 1741 
26665 1287 
26668 6 
27112 544 
27320 4932 
27357 347 
27629 718 
27711 635 
27762 547 
27762 151 
27772 25 
27817 742 
27844 415 
27965 1427 
28280 51 
28635 198 
28672 950 
29080 138 
29421 477 
29430 69 
29531 492 
29632 292 
29875 906 
29912 3398 
29952 1571 
30117 818 
30129 82 
30254 424 
30541 98 
30943 1251 
30968 543 
31005 6453 
31230 4138 
31259 250 
31264 161 
31312 241 
31402 684 
31445 2042 
31495 1027 
31520 1494 
31578 484 
31596 27 
31814 232 
31889 350 
31997 657 
31999 881 
32081 221 
32118 920 
32331 263 
32430 668 
32524 168 
32531 549 
32646 1472 
32764 527 
32843 292 
32851 1227 
33171 677 
33335 37 
33633 1339 
33658 1196 
33748 440 
33759 429 
33850 1946 
33875 2860 
33952 877 
33990 5140 
34006 1039 
34105 12538 
34153 2415 
34161 626 
34254 889 
34500 4376 
34531 11 
34770 221 
34828 244 
34892 548 
34893 334 
34938 124 
34952 250 
34976 284 
35039 1290 
35181 183 
35194 2018 
35458 1682 
35670 713 
35773 850 
35794 114 
36163 1628 
36171 576 
36182 423 
36250 2731 
36303 1201 
36368 499 
36479 2680 
36482 66 
36488 80 
36515 288 
36550 1093 
36819 679 
36875 1605 
36931 687 
36955 621 
37126 917 
37132 424 
37136 79 
37164 524 
37376 5 
37393 1531 
37432 833 
37624 14 
37690 7015 
37717 228 
37727 4321 
37735 42 
37913 808 
37918 455 
37933 114 
37964 1234 
37972 1005 
38127 261 
38278 8829 
38360 388 
38375 2022 
38530 14 
38535 1065 
38612 223 
38616 2928 
38753 267 
38754 687 
38785 1414 
38856 595 
38869 432 
39110 3291 
39207 12 
39262 157 
39320 1246 
39323 9404 
39350 714 
39361 48 
39361 241 
39475 642 
39490 179 
39566 782 
39677 1004 
39719 4 
39725 28 
39798 252 
40040 491 
40126 23831 
40195 645 
40201 757 
40221 2483 
40325 292 
40397 255 
40421 279 
40544 47 
40555 0 
40618 180 
40622 592 
40680 1413 
40790 2618 
40790 882 
40832 549 
40854 937 
40956 723 
40963 1395 
40973 1063 
41019 141 
41019 141 
41052 817 
41052 817 
41070 17 
41114 27 
41136 44 
41342 1 
41346 666 
41395 192 
41398 679 
41422 1386 
41426 653 
41480 2919 
41486 364 
41513 231 
41558 55 
41577 1299 
41630 916 
41639 2320 
41659 308 
41742 691 
41744 1324 
41757 1101 
41764 109 
41790 1512 
41814 1248 
41847 44 
41877 123 
41938 459 
42023 559 
42054 255 
42123 4547 
42180 254 
42190 570 
42233 1020 
42252 747 
42280 2587 
42303 6091 
42478 745 
42530 11377 
42560 1034 
42643 161 
42674 155 
42700 6709 
42729 3227 
42761 614 
42769 624 
42790 156 
42879 156 
42915 29 
43019 5828 
43126 2142 
43182 3791 
43183 116 
43193 821 
43219 1083 
43236 2795 
43282 457 
43355 290 
43375 501 
43395 1467 
43418 127 
43441 351 
43460 528 
43665 190 
43740 107 
43747 3184 
43842 1847 
43918 29 
44006 689 
44050 65 
44132 15449 
44161 155 
44177 147 
44236 1275 
44257 2152 
44371 668 
44375 2447 
44375 49 
44387 310 
44389 761 
44445 1030 
44499 1357 
44588 99 
44612 768 
44718 16 
44723 1727 
44775 1632 
44990 925 
45013 26 
45048 1202 
45079 17 
45096 256 
45097 444 
45144 865 
45174 1446 
45297 1755 
45298 156 
45332 1543 
45387 551 
45392 295 
45449 1651 
45472 775 
45547 235 
45874 558 
45915 231 
45920 448 
46069 718 
46135 2259 
46226 1211 
46226 613 
46298 278 
46332 379 
46343 328 
46356 2068 
46362 27 
46378 193 
46387 389 
46392 18 
46435 599 
46463 1047 
46471 177 
46594 983 
46608 1218 
46657 3092 
46696 265 
46720 141 
46745 261 
46753 754 
46863 320 
46915 590 
46967 94 
46970 77 
47023 2195 
47194 1535 
47218 465 
47317 588 
47352 113 
47419 897 
47455 915 
47492 1338 
47552 1269 
47561 87 
47592 320 
47594 1602 
47668 180 
47803 1055 
48015 205 
48035 90 
48075 300 
48102 101 
48144 54 
48222 179 
48350 43 
48368 424 
48381 3 
48382 1661 
48382 1418 
48487 270 
48590 719 
48714 3719 
48792 339 
48840 212 
48933 1604 
49099 110 
49113 57 
49147 635 
49163 135 
49385 1485 
49394 1422 
49397 74 
49425 85 
49437 63 
49475 1597 
49597 62 
49611 1602 
49624 33 
49703 712 
49727 416 
49740 477 
49747 298 
49769 801 
49848 209 
49935 34 
50052 584 
50119 5 
50120 1116 
50126 744 
50159 2331 
50182 65 
50192 159 
50259 251 
50387 2017 
50403 638 
50405 576 
50457 3250 
50601 605 
50629 982 
50672 74 
50711 227 
50750 50 
50758 2062 
50813 491 
50844 270 
50849 323 
50853 46 
50924 437 
50937 2064 
51040 519 
51053 4065 
51070 1067 
51186 213 
51193 4001 
51235 481 
51324 241 
51376 1507 
51405 131 
51412 403 
51428 1662 
51542 300 
51582 1087 
51696 87 
51702 1439 
51841 5338 
51913 761 
51951 265 
51969 1575 
51977 3256 
51987 11749 
51992 4856 
52006 259 
52030 230 
52105 95 
52108 476 
52122 188 
52145 128 
52151 5113 
52168 1314 
52197 2421 
52229 52 
52238 318 
52270 510 
52290 363 
52295 720 
52302 6394 
52305 1365 
52313 222 
52328 2538 
52345 968 
52408 351 
52617 111 
52632 1266 
52633 1276 
52667 638 
52673 646 
52734 88 
52784 462 
52891 1172 
52969 716 
53017 42 
53038 4826 
53190 923 
53253 399 
53258 1126 
53298 290 
53309 779 
53417 667 
53429 253 
53470 417 
53509 449 
53522 1553 
53572 391 
53791 458 
53803 851 
53819 2055 
53858 2396 
53870 713 
53919 7193 
53931 1219 
53936 197 
53941 91 
53961 121 
54009 199 
54012 3540 
54058 516 
54085 201 
54093 256 
54216 483 
54253 256 
54303 68 
54309 426 
54344 2938 
54482 1217 
54529 1408 
54615 2465 
54621 687 
54644 1364 
54710 1023 
54745 239 
54839 1553 
54869 3907 
54873 437 
54887 1074 
54963 630 
55012 525 
55097 391 
55150 97 
55211 2797 
55239 885 
55276 430 
55281 1622 
55282 609 
55303 2088 
55332 77 
55441 9 
55501 1151 
55564 959 
55565 18 
55578 137 
55600 1833 
55610 578 
55614 722 
55643 425 
55718 573 
55799 1546 
55826 957 
55832 709 
55867 101 
55968 426 
56026 3671 
56046 610 
56117 1346 
56121 124 
56129 91 
56152 1616 
56160 188 
56177 185 
56234 1361 
56271 308 
56287 638 
56355 314 
56380 343 
56391 1080 
56398 51710 
56416 290 
56417 2409 
56418 84 
56422 1023 
56431 132 
56441 6118 
56441 396 
56457 335 
56508 1077 
56562 404 
56593 692 
56621 1341 
56739 14134 
56750 24 
56863 21 
56871 1656 
56910 769 
56965 3578 
57004 223 
57017 146 
57093 404 
57109 5208 
57127 679 
57170 300 
57191 411 
57193 418 
57232 214 
57241 25495 
57293 2079 
57299 954 
57311 647 
57346 244 
57354 496 
57374 61 
57433 103 
57436 79 
57469 262 
57502 800 
57653 1641 
57682 261 
57711 2564 
57761 302 
57772 443 
57815 1429 
57842 153 
57873 119 
57941 300 
57945 438 
58036 304 
58052 117 
58063 119 
58098 652 
58190 187 
58191 885 
58200 429 
58255 919 
58276 2072 
58376 508 
58377 589 
58437 136 
58465 559 
58477 1587 
58541 1429 
58547 843 
58600 398 
58617 26 
58681 296 
58722 472 
58739 190 
58894 333 
58958 1633 
58964 349 
58977 217 
58989 564 
59052 508 
59084 418 
59098 1116 
59143 621 
59163 382 
59207 2324 
59214 71 
59225 70 
59259 1008 
59283 603 
59345 265 
59349 643 
59392 155 
59474 741 
59478 15206 
59497 140 
59564 680 
59569 148 
59582 83 
59650 515 
59711 474 
59721 972 
59798 4094 
59961 85 
59977 309 
60015 26 
60079 5522 
60187 1160 
60193 161 
60202 801 
60213 614 
60218 32 
60464 168 
60493 544 
60505 0 
60525 1751 
60542 2490 
60650 2429 
60695 65 
60724 426 
60786 909 
60829 2512 
60832 446 
60891 427 
60903 121 
60967 463 
61013 132 
61037 1291 
61087 252 
61216 264 
61233 876 
61403 844 
61411 11619 
61433 320 
61441 490 
61445 1382 
61587 72 
61627 90 
61641 145 
61667 15 
61686 308 
61699 632 
61709 897 
61720 1763 
61725 882 
61734 468 
61775 45 
61791 38 
61822 798 
61827 145 
61851 488 
61930 1914 
61957 17 
62000 530 
62044 48 
62092 491 
62196 80 
62260 2711 
62347 1871 
62409 9 
62430 90 
62455 606 
62456 955 
62495 1190 
62495 164 
62557 2029 
62670 1933 
62754 142 
62807 85 
62815 289 
62818 223 
62840 1260 
62848 192 
62850 812 
62859 149 
62873 555 
62911 1294 
62937 52 
63046 3060 
63070 763 
63108 198 
63112 1 
63288 467 
63291 1735 
63363 209 
63391 295 
63442 2801 
63509 150 
63553 1967 
63704 477 
63776 597 
63793 1454 
63847 146 
63878 82 
63885 781 
63886 413 
63949 414 
63975 210 
64028 1971 
64057 264 
64129 3052 
64205 28 
64375 2167 
64420 640 
64433 221 
64442 688 
64449 401 
64476 37 
64476 1544 
64486 2823 
64494 192 
64517 723 
64521 623 
64545 48 
64554 382 
64605 32 
64627 666 
64680 100 
64688 1656 
64714 1257 
64787 864 
64810 1559 
64997 335 
64997 977 
65013 699 
65065 627 
65109 952 
65268 96 
65494 1617 
65501 9969 
65554 540 
65594 79 
65645 693 
65667 890 
65672 1128 
65677 55 
65698 70 
65749 492 
65861 186 
65880 1291 
65903 6 
65930 725 
65961 88 
65981 252 
65995 250 
66035 35 
66110 9 
66319 81 
66327 3572 
66388 217 
66570 27 
66621 1496 
66631 30735 
66634 1225 
66647 762 
66648 782 
66822 415 
66851 948 
66969 344 
67069 161 
67163 666 
67168 1333 
67191 103 
67211 104 
67238 14 
67293 823 
67294 280 
67317 211 
67336 747 
67346 844 
67389 1506 
67456 926 
67505 85 
67555 625 
67591 841 
67620 639 
67671 457 
67675 570 
67693 1643 
67694 172 
67715 655 
67720 823 
67868 8 
67876 35 
67965 177 
67984 33 
68018 207 
68083 230 
68141 138 
68192 1911 
68194 1030 
68213 185 
68223 647 
68276 896 
68283 312 
68311 42 
68353 589 
68548 329 
68562 952 
68574 1409 
68577 1950 
68604 906 
68605 5222 
68635 2127 
68661 6 
68687 877 
68690 184 
68742 1625 
68744 659 
68810 280 
68847 394 
68860 1399 
68912 1553 
68986 2333 
68992 826 
69019 1115 
69094 38 
69142 19 
69144 605 
69147 938 
69153 3205 
69267 1077 
69336 974 
69385 36 
69407 1797 
69454 1047 
69601 1625 
69653 7381 
69703 224 
69711 481 
69718 200 
69763 400 
69770 1084 
69781 625 
69783 829 
69799 2907 
69804 734 
69824 103 
69840 2460 
69864 1355 
69921 1449 
69923 2383 
69935 830 
69960 1355 
69962 769 
69965 134 
70018 539 
70035 441 
70080 1 
70210 33 
70218 382 
70225 2976 
70297 163 
70304 1403 
70306 1003 
70352 10 
70385 268 
70394 642 
70404 52 
70464 2189 
70505 668 
70507 5 
70569 370 
70588 244 
70592 31 
70634 65 
70684 487 
70719 2839 
70731 2216 
70747 687 
70749 1130 
70755 681 
70836 896 
70986 1739 
71074 210 
71074 210 
71247 99 
71358 403 
71407 84 
71755 28 
71835 448 
71844 11816 
71923 283 
71934 552 
71944 349 
71972 411 
71976 575 
72201 160 
72351 1968 
72430 50 
72477 33 
72496 37 
72527 316 
72543 3 
72854 242 
72920 78 
72963 44 
72981 396 
72998 1110 
73002 650 
73023 1348 
73061 1390 
73116 229 
73243 112 
73337 1329 
73380 1013 
73399 719 
73408 2026 
73450 1331 
73549 288 
73568 314 
73570 970 
73628 426 
73633 807 
73709 851 
73733 7 
73742 260 
73817 13 
73896 1403 
73904 845 
74002 715 
74045 891 
74068 342 
74135 2021 
74136 1198 
74202 2010 
74235 664 
74249 286 
74452 685 
74508 2396 
74638 562 
74750 34 
74788 1781 
74833 6106 
74845 583 
74866 979 
74874 132 
74874 3834 
74893 12149 
74909 1614 
74935 59 
74981 3072 
75062 1091 
75068 45 
75074 4769 
75088 245 
75105 1394 
75107 1654 
75172 564 
75236 487 
75236 1257 
75272 1808 
75282 664 
75291 335 
75339 785 
75401 425 
75444 5447 
75452 125 
75481 906 
75492 298 
75669 59 
75690 73 
75715 413 
75808 1465 
75827 95 
75853 2044 
76155 356 
76220 667 
76236 206 
76402 1112 
76443 901 
76518 6529 
76595 155 
76656 649 
76732 14 
76762 462 
76772 3242 
76829 1350 
76941 260 
77009 46 
77032 2461 
77078 1694 
77115 768 
77164 309 
77168 646 
77204 246 
77289 131 
77383 1422 
77406 198 
77422 7805 
77423 77 
77424 39 
77441 146 
77451 260 
77467 3712 
77496 793 
77503 416 
77511 471 
77566 121 
77588 413 
77591 287 
77682 104 
77705 361 
77828 1474 
77875 1141 
77897 733 
77986 162 
78001 1690 
78016 278 
78132 0 
78175 1081 
78272 1494 
78310 983 
78310 238 
78384 381 
78416 665 
78483 377 
78567 330 
78777 8107 
78793 4127 
78810 1198 
78817 1449 
79047 1056 
79064 1305 
79101 1629 
79101 3180 
79150 698 
79173 141 
79224 10406 
79364 1226 
79365 1365 
79415 15194 
79431 1733 
79439 6810 
79459 107 
79460 37 
79483 328 
79747 274 
79777 1541 
80047 1273 
80086 602 
80087 791 
80142 761 
80171 2868 
80194 0 
80272 1602 
80335 169 
80366 245 
80410 496 
80477 905 
80500 274 
80586 218 
80587 1375 
80636 21 
80700 1171 
80752 621 
80871 198 
80877 77 
80935 14 
80937 546 
80962 43 
80995 24 
80996 335 
81018 133 
81031 3214 
81037 838 
81099 391 
81128 1182 
81143 1946 
81192 77 
81213 1775 
81217 273 
81226 121 
81239 71 
81257 116 
81262 2306 
81265 332 
81339 456 
81355 15 
81358 36 
81422 40 
81519 109 
81528 1268 
81541 1915 
81545 231 
81576 742 
81596 1821 
81604 3402 
81604 522 
81628 232 
81655 798 
81658 356 
81665 258 
81702 331 
81725 235 
81733 133 
81738 340 
81754 1522 
81756 1309 
81791 1635 
81800 2175 
81948 700 
81997 176 
82052 386 
82091 673 
82201 139 
82211 1029 
82220 2311 
82296 846 
82406 1003 
82412 377 
82415 183 
82453 267 
82519 116 
82638 699 
82697 874 
82753 1676 
82806 135 
82843 2062 
82843 481 
82867 2894 
82886 6265 
82945 970 
82959 324 
82962 325 
82967 912 
83075 1095 
83178 460 
83201 242 
83410 24 
83462 1185 
83514 12 
83526 614 
83556 333 
83591 700 
83636 1566 
83664 633 
83675 1005 
83675 1466 
83700 520 
83710 684 
83801 208 
83868 1641 
83892 914 
84192 4159 
84250 302 
84313 1203 
84480 21 
84673 280 
84776 568 
84811 201 
84920 1092 
85241 1391 
85276 1147 
85285 91 
85412 179 
85515 1303 
85720 133 
85858 208 
85896 1591 
85929 162 
86046 275 
86058 34 
86088 82 
86092 101 
86105 82 
86125 148 
86325 526 
86350 1516 
86359 2927 
86481 1410 
86539 111 
86577 1903 
86716 1711 
86827 114 
86827 739 
86890 230 
87097 143 
87145 1104 
87164 9001 
87198 746 
87293 1405 
87364 329 
87375 1079 
87572 1678 
87586 1764 
87720 110 
87813 1045 
87831 248 
88350 47 
88407 8 
88413 3536 
88481 1721 
88647 3195 
88738 674 
89264 616 
89511 1603 
89558 37 
89568 722 
89626 1277 
89658 106 
89753 17 
89754 891 
89811 556 
89845 202 
89851 1383 
90089 2856 
90314 49 
90642 119 
90718 789 
90807 261 
90924 742 
90935 806 
91025 857 
91028 471 
91280 1931 
91494 119 
91527 587 
91551 220 
91563 525 
91586 266 
91586 730 
91723 22 
92006 309 
92025 3941 
92099 2893 
92173 59 
92429 247 
92610 195 
92686 626 
92758 359 
92828 869 
92897 1297 
93010 2771 
93190 1443 
93225 239 
93298 578 
93304 788 
93466 1198 
93488 2535 
93549 3273 
93593 789 
93712 248 
93766 16 
93789 1893 
94041 2835 
94083 180 
94147 356 
94224 998 
94235 352 
94332 310 
94376 37 
94423 45 
94579 268 
95313 2286 
95395 246 
95481 1019 
95565 2075 
95706 344 
95816 299 
95852 1123 
96052 716 
96221 1360 
96265 649 
96399 288 
96577 685 
96644 383 
96858 98 
96862 195 
97111 103 
97293 489 
97787 163 
98197 326 
98997 1073 
99350 535 
99588 1883 
99604 941 
99625 92 
99667 403 
99910 125 
100024 565 
100052 17 
100131 423 
100426 937 
101807 493 
101807 493 
101880 698 
101880 698 
103456 219 
104301 474 
104951 8 
105228 449 
105434 1005 
105729 125 
106596 303 
106600 353 
107298 1458 
107397 1471 
109728 45 
110388 27 
110949 43 
111169 481 
112278 665 
115268 4264 
115750 878 
116959 1013 
116959 1013 
119136 508 
119206 1100 
119393 1886 
119469 1480 
119570 2438 
119935 1065 
120362 2743 
121274 1267 
121896 222 
122018 71 
122181 1120 
122357 1131 
122463 2334 
122542 966 
122578 365 
123688 426 
123755 1664 
124066 55 
125033 61 
125370 6558 
125705 215 
125839 12 
125866 1741 
126261 911 
126653 882 
126833 2676 
126864 1077 
127216 289 
128048 1153 
128066 1772 
128280 842 
128489 547 
128669 2 
128947 2339 
129143 350 
129428 823 
129754 168 
129793 823 
130429 159 
130502 1621 
130629 91 
130799 724 
130967 1129 
130978 10813 
131003 229 
131295 92 
131620 3150 
131709 627 
131762 9812 
131762 9812 
131913 218 
132021 107 
132099 330 
132157 146 
132713 1060 
132881 1169 
133501 876 
133630 1294 
133737 9 
133809 482 
134058 9879 
134330 427 
134683 6230 
134728 1232 
135247 265 
135628 2414 
135765 334 
136026 130 
136032 75 
136048 525 
136542 214 
136725 10 
136733 1044 
137081 211 
137161 68 
137345 58 
137351 2628 
137378 207 
137897 6857 
138301 492 
138960 75 
139033 292 
139159 110 
139355 151 
139593 194 
139682 673 
139992 1007 
140399 998 
140471 1676 
140696 391 
140805 1361 
141209 521 
141796 3016 
141845 534 
141856 245 
142076 649 
142378 366 
142733 223 
143025 325 
143156 1060 
143174 61 
143397 246 
143979 1755 
144138 472 
144646 7081 
144679 1544 
144774 517 
144874 557 
144898 1115 
144907 226 
145420 2 
145547 496 
146012 72 
146025 1744 
146140 554 
146255 156 
146262 1301 
146308 640 
146678 1633 
146889 1093 
146942 372 
147107 1851 
147276 745 
147367 1214 
147367 1214 
147585 329 
147629 875 
148637 1969 
148728 1671 
148826 32 
148876 1911 
149134 1159 
149135 1477 
149143 102 
149175 19 
149217 1381 
149692 1103 
150012 1583 
150104 1011 
150130 7636 
150139 2251 
150317 1957 
150535 147 
150584 140 
150595 692 
150610 608 
150613 216 
151955 1025 
152003 3537 
152079 923 
152099 200 
152106 70 
152141 199 
152194 117 
152225 1001 
152309 1098 
152349 95 
152424 274 
152583 633 
152869 83 
152932 918 
152985 7 
152987 89 
153273 201 
153309 231 
153640 159 
154487 1486 
154537 1968 
154792 185 
154828 1268 
154928 3753 
155603 500 
155759 687 
156078 160 
156290 169 
156341 956 
156367 225 
156415 333 
156475 448 
157277 808 
157451 1124 
157642 329 
157697 35 
157718 1350 
158109 160 
158272 473 
158643 622 
158814 221 
159306 219 
159463 918 
159477 262 
159707 675 
159839 3039 
159959 728 
160146 1201 
160373 361 
160569 303 
161002 1063 
161039 396 
161042 3379 
161094 778 
161120 967 
161424 20526 
161456 1145 
161478 296 
161730 89 
161752 678 
162150 16 
162756 1240 
162966 908 
163034 649 
163488 466 
163728 373 
164018 3308 
164207 145 
164492 827 
164878 773 
164895 68 
165447 1554 
166290 593 
166487 234 
166501 1523 
166603 190 
166701 2187 
166801 939 
166909 619 
166959 8091 
166993 814 
167027 27 
167239 1155 
167271 62 
167271 164 
167904 164 
168354 2 
168552 51 
168573 697 
168977 241 
169299 489 
169313 132 
169438 107 
169961 2960 
170065 89 
170257 348 
170430 113 
170484 1088 
170619 392 
171245 315 
171271 3817 
171276 83 
171294 74 
171395 1761 
171600 1116 
172309 1456 
173287 1396 
173778 1207 
173800 191 
174114 209 
174312 643 
174428 175 
174774 1101 
174845 581 
175060 47 
175208 1251 
175367 43 
175392 179 
175463 3265 
175618 243 
175677 1258 
175997 2579 
176043 1671 
176095 222 
176100 228 
176130 1572 
176210 833 
177246 662 
177314 1153 
177362 732 
177648 536 
178054 9 
178191 213 
179250 1570 
179273 4400 
179441 155 
179600 300 
179623 481 
179737 622 
179845 453 
179999 110 
180440 265 
180505 2165 
180611 244 
180788 21 
181537 72 
182923 411 
184086 1101 
184094 372 
184378 518 
184977 224 
185141 274 
186326 383 
186855 897 
186921 726 
187524 764 
188475 273 
189820 575 
190299 1036 
191504 1270 
191520 573 
192072 310 
198007 44 
201830 116 
206457 268 
207643 1362 
207750 152 
207793 2198 
212453 835 
213399 906 
214687 135 
216267 648 
218429 2074 
218529 1470 
218667 28 
219227 152 
219334 842 
220798 664 
221618 525 
221634 526 
222181 155 
223327 82 
224200 4905 
224253 2265 
224285 431 
224862 472 
226856 204 
228062 1514 
228351 333 
228680 667 
229800 218 
230092 262 
230142 705 
230299 3791 
230319 1310 
230326 68 
230333 1377 
230352 3018 
230385 4 
230487 190 
230605 1256 
230720 140 
230745 178 
230748 36 
230770 279 
231194 89 
231677 57 
231718 1042 
232097 1168 
232509 1723 
232760 711 
232779 305 
232879 55 
233255 3051 
233505 1436 
233790 533 
234143 1103 
234787 809 
235391 178 
235599 3815 
235643 6874 
235644 58 
236308 1151 
236792 366 
237092 596 
237403 678 
237464 3358 
237968 180 
238190 685 
238321 1295 
239125 1002 
239201 585 
239470 245 
239491 1548 
239593 2690 
241122 287 
241179 294 
241188 177 
241282 1271 
241373 2664 
242040 786 
242160 186 
242588 45 
243186 1434 
243841 95 
245205 154 
245590 2 
245756 355 
247193 237 
247717 748 
249737 1 
250287 579 
250357 4532 
251361 576 
251482 2367 
251503 67 
252054 1147 
252315 352 
262949 1120 
263485 902 
265832 577 
266010 1049 
267940 24 
281660 316 
282644 58 
283500 163 
290384 187 
293009 462 
294737 195 
295382 1408 
299399 1021 
299881 769 
300250 2104 
306836 1010 
306855 333 
307656 270 
309303 1424 
309892 771 
311098 1036 
311150 679 
313171 2561 
313193 77 
314207 1117 
315677 108 
315859 472 
316378 3603 
316432 1905 
316755 511 
316768 1229 
316833 41 
316961 1370 
317077 758 
317371 347 
317802 276 
317887 489 
318587 1633 
318919 647 
319361 220 
319528 766 
319545 340 
321161 919 
324616 1154 
324916 1032 
325145 205 
325224 210 
325311 975 
325460 547 
326284 1198 
326321 9 
326891 1177 
327003 5488 
327402 348 
327665 45 
328694 382 
329078 1539 
329567 397 
330227 229 
331564 1746 
332352 813 
332827 639 
334060 417 
336540 185 
337306 65 
337384 335 
338457 327 
339991 2 
340270 1117 
340467 1538 
340621 163 
340867 1974 
340910 1512 
341341 789 
342331 770 
343738 1264 
344601 448 
344692 2822 
344944 134 
344993 179 
349209 759 
349526 292 
350469 618 
350760 1679 
352009 2148 
353473 277 
355256 708 
355563 219 
356103 452 
356423 833 
358629 6210 
359319 84 
361928 545 
365617 260 
366065 2744 
368230 73 
369200 306 
371489 161 
372273 815 
373075 693 
377157 6 
379492 382 
383647 0 
384303 608 
387065 79 
391394 751 
392166 1890 
398999 269 
399166 2516 
399447 125 
399560 1320 
401814 1505 
402463 291 
403054 1092 
406131 786 
407462 307 
408726 2261 
409064 213 
409908 1486 
410435 637 
410926 302 
411428 2553 
420933 610 
422488 257 
422864 1026 
424781 95 
425575 975 
426135 1923 
426801 13 
426821 196 
428413 907 
428996 200 
431978 25108 
432933 1447 
432963 534 
434441 458 
435680 192 
439650 243 
439695 1408 
440312 110 
441217 278 
443994 2161 
445917 167 
446130 302 
446312 396 
449076 170 
449113 148 
449364 24 
451168 909 
459074 2435 
459089 211 
461776 27 
462013 727 
473478 503 
480160 226 
480717 831 
482525 198 
482556 41 
484187 375 
487805 435 
490553 1393 
491342 491 
492718 104 
498422 71 
500844 7 
501714 17 
507378 577 
508530 279 
515168 1900 
519257 645 
521413 642 
524918 1571 
531055 184 
532294 170 
564365 47 
576239 1332 
583036 129 
585393 299 
592632 1016 
593895 399 
597798 976 
597896 498 
598312 63 
598823 462 
599537 76 
599640 1109 
