2432 7.82693287037
0 2697223 
15 28 
18 289 
19 747 
19 192 
20 73 
21 269 
22 669 
23 445 
25 80 
26 499 
26 440 
26 47 
27 251 
30 24 
30 110 
31 288 
32 48 
33 127 
33 103 
33 272 
35 79 
35 320 
35 698 
35 323 
36 459 
37 42 
37 34 
37 25 
38 21 
38 55 
38 42 
38 181 
39 402 
40 350 
40 150 
41 302 
41 203 
42 32 
42 508 
43 12 
43 49 
43 96 
44 236 
44 36 
44 158 
44 531 
44 45 
45 253 
45 192 
45 152 
45 94 
45 2537 
46 110 
46 27 
46 1110 
46 259 
47 232 
47 118 
47 142 
47 67 
49 178 
49 49 
50 122 
50 223 
50 115 
50 38 
50 346 
51 61 
51 141 
52 413 
52 577 
52 316 
52 230 
53 61 
53 19 
53 4 
53 107 
54 173 
55 24 
55 156 
55 230 
55 17 
55 239 
55 139 
55 78 
56 167 
57 77 
57 229 
57 268 
57 63 
57 163 
57 44 
57 147 
57 148 
57 109 
58 169 
58 261 
58 392 
59 227 
59 143 
59 109 
59 1094 
60 74 
60 180 
61 863 
61 743 
61 187 
61 21 
62 234 
62 315 
62 43 
62 108 
63 115 
63 96 
64 207 
64 60 
64 290 
65 254 
65 198 
66 206 
66 634 
67 263 
67 80 
68 2945 
68 3406 
69 113 
69 54 
69 362 
69 2 
70 73 
70 9 
70 22 
70 125 
71 112 
72 68 
72 212 
73 70 
73 222 
74 255 
74 12 
74 108 
74 1996 
74 27 
75 498 
75 160 
75 153 
76 497 
76 106 
77 246 
77 36 
78 163 
78 100 
78 158 
78 135 
79 1621 
79 60 
79 80 
79 12 
79 56 
81 448 
81 402 
82 207 
83 575 
84 1030 
85 689 
85 206 
85 50 
85 38 
85 296 
85 90 
85 373 
85 77 
86 156 
86 370 
86 16 
87 70 
87 26 
88 362 
88 527 
88 154 
88 51 
89 142 
89 45 
89 183 
90 525 
90 226 
90 65 
90 498 
90 120 
90 62 
91 313 
91 451 
91 197 
91 383 
91 260 
91 36 
93 159 
93 64 
93 218 
93 108 
93 236 
94 184 
94 163 
94 271 
94 245 
94 81 
94 722 
94 90 
95 25 
96 83 
96 118 
96 103 
96 73 
97 62 
97 116 
97 45 
98 8 
99 29 
99 195 
100 60 
100 125 
100 130 
101 125 
101 567 
101 155 
101 244 
101 128 
102 40 
102 39 
102 688 
102 42 
102 212 
102 67 
103 156 
103 192 
104 104 
104 94 
105 177 
105 42 
105 39 
106 127 
107 14 
107 147 
108 122 
109 63 
110 15 
111 148 
111 63 
111 110 
111 40 
111 175 
112 197 
112 229 
112 284 
113 14 
114 7 
115 98 
115 210 
115 88 
115 55 
115 51 
115 189 
116 557 
117 199 
118 312 
118 24 
119 117 
119 30 
119 41 
120 60 
120 993 
120 112 
121 47 
121 138 
122 344 
122 378 
122 129 
122 147 
123 372 
124 1129 
125 166 
125 186 
125 213 
125 27 
125 118 
126 1436 
126 31 
127 168 
127 319 
127 227 
127 134 
128 27 
128 76 
129 7 
130 9 
130 192 
131 168 
131 60 
132 51 
132 456 
133 355 
133 48 
134 1273 
134 200 
134 100 
134 14 
134 168 
134 29 
135 125 
135 1646 
135 32 
135 176 
136 154 
136 62 
136 202 
138 183 
138 86 
138 57 
138 49 
139 1087 
140 219 
140 58 
141 107 
141 31 
142 36 
142 58 
142 102 
143 336 
145 175 
145 53 
145 34 
146 45 
146 75810 
147 225 
147 118 
147 94 
148 57 
148 40 
148 625 
149 148 
149 62 
150 76 
150 126 
152 13 
152 312 
152 54 
153 407 
153 44 
153 512 
153 53 
153 348 
154 532 
154 611 
155 37 
156 101 
157 90 
157 278 
157 984 
157 42 
158 177 
158 37 
158 39 
159 854 
159 25 
160 98 
160 35 
161 141 
163 305 
164 94 
164 203 
164 205 
164 400 
165 18 
166 185 
166 231 
166 18 
167 89 
167 12 
169 40 
169 948 
169 151 
171 37 
171 5 
172 652 
172 239 
172 902 
172 270 
174 23 
174 24 
175 76 
175 64 
176 70 
177 18 
177 51 
177 65 
178 108 
178 62 
178 19 
178 145 
179 147 
180 70 
181 92 
181 18 
181 106 
181 117 
181 153 
181 83 
183 113 
183 79 
183 111 
183 108 
184 28 
185 126 
185 15 
186 117 
186 11 
186 7793 
187 172 
188 76 
189 338 
190 132 
191 13 
191 8 
193 143 
193 147 
195 69 
195 157 
195 16 
197 78 
198 188 
198 2852 
199 171 
200 108 
200 96 
200 4 
200 207 
200 138 
201 529 
203 311 
203 149 
204 59 
205 61 
205 111 
205 53 
205 411 
205 13 
206 13 
206 48 
206 48 
207 217 
207 28 
207 111 
207 217 
207 111 
207 28 
208 26 
208 26 
208 93 
208 93 
209 505 
209 94 
209 94 
209 59 
209 505 
209 59 
210 270 
210 270 
211 51 
211 51 
211 70 
211 70 
212 86 
212 86 
213 102 
213 104 
213 104 
213 102 
214 281 
214 292 
214 292 
214 281 
215 103 
215 103 
215 128 
215 128 
216 386 
216 386 
216 27 
216 27 
217 297 
217 23 
217 741 
217 741 
217 23 
217 297 
218 45 
218 313 
218 313 
218 45 
219 48 
219 48 
220 30 
220 403 
220 33 
220 33 
220 403 
220 30 
221 24 
221 24 
224 9 
224 34 
224 32 
224 32 
224 34 
224 9 
225 216 
225 216 
225 104 
225 104 
226 306 
226 306 
226 68 
226 68 
227 14 
227 24 
227 24 
227 18 
227 32 
227 14 
227 18 
227 32 
228 350 
228 350 
229 440 
229 440 
229 679 
229 679 
230 411 
230 411 
231 165 
231 831 
231 27 
231 165 
231 831 
231 27 
231 160 
231 160 
233 204 
233 26 
233 92 
233 26 
233 92 
233 204 
234 123 
234 159 
234 159 
234 123 
235 52 
235 52 
235 143 
235 143 
236 15 
236 15 
236 199 
236 19 
236 199 
236 19 
237 134 
237 1315 
237 1315 
237 134 
238 53 
238 53 
240 168 
240 113 
240 168 
240 113 
242 228 
242 228 
246 97 
246 97 
248 241 
248 241 
250 121 
250 8 
250 195 
250 195 
250 8 
250 121 
251 137 
251 137 
252 949 
252 949 
253 123 
253 123 
255 205 
255 205 
257 89 
257 44 
257 89 
257 44 
257 322 
257 322 
258 84 
258 101 
258 101 
258 84 
260 80 
260 272 
260 272 
260 80 
265 307 
265 307 
266 114 
266 114 
267 236 
267 236 
268 250 
268 250 
269 304 
270 311404 
271 21 
273 38 
273 87 
273 106 
275 9 
275 31 
275 133 
275 2031 
276 178 
277 46 
278 70 
278 51 
279 7 
279 32 
280 10 
281 176 
281 91 
282 304 
282 187 
283 36 
284 61 
285 45 
285 230 
286 178 
287 49 
287 1 
287 282 
289 105 
289 18 
290 10 
290 373 
290 73 
292 501 
292 124 
292 245 
293 23 
294 88 
295 166 
295 146 
297 59 
298 136 
298 173 
298 107 
299 164 
299 66 
300 29 
300 4 
301 17 
302 34 
302 509 
303 86 
303 258 
303 260 
303 1 
304 137 
305 628 
305 97 
308 87 
308 170 
308 21 
309 166 
309 256 
309 87 
309 98 
310 75 
310 108 
311 51 
311 56 
311 96 
312 465 
312 466 
313 84 
313 40 
314 144 
315 55 
315 61 
316 32 
318 29 
318 540 
319 35 
319 338 
321 73 
322 168 
322 431 
322 245 
322 25 
323 338 
323 85 
323 223 
323 56 
324 418 
324 86 
325 65 
326 101 
328 517 
329 89 
329 185 
331 119 
331 42 
332 27 
333 107 
335 39 
338 142 
339 10 
339 125 
339 138 
340 28 
340 108 
342 58 
343 121 
343 64 
345 180 
345 275 
346 145 
346 34 
346 92 
347 153 
348 283 
348 6 
348 135 
348 277 
348 186 
349 106 
349 37 
351 66 
352 224 
353 117 
354 22 
355 199 
355 93 
355 23 
356 38 
359 304 
359 315 
359 205 
360 79 
361 130 
364 179 
365 73 
365 222 
366 179 
367 69 
369 147 
371 136 
373 205 
374 60 
376 272 
377 118 
377 104 
379 357 
379 52 
379 89 
380 884 
380 42 
381 63 
381 157 
381 14 
381 74 
382 109 
382 337 
383 8 
386 53 
387 1381 
388 69 
388 15 
390 1013 
390 171 
391 106 
392 155 
392 3 
393 82 
393 130 
394 464 
395 3 
395 35 
397 24 
397 23 
397 40 
397 49 
398 53 
398 202 
398 90 
399 625 
402 137 
402 67 
403 130 
404 76 
405 126 
405 110 
405 113 
405 90 
406 99 
407 31 
407 9 
408 457 
409 14 
410 63 
412 34 
412 38 
414 89 
414 96 
415 20 
415 41 
416 160 
416 24 
416 72 
417 93 
419 599 
421 179 
421 145 
421 49 
424 224 
425 83 
425 153 
426 56 
427 311 
428 49 
428 19 
428 113 
429 21 
429 358 
429 70 
431 41 
432 30 
432 121 
432 81 
432 21 
435 308 
436 21 
438 42 
438 98 
438 135 
439 77 
441 50 
445 569 
446 71 
446 300 
451 31 
452 25 
452 173 
452 32 
453 165 
453 84 
454 660 
454 161 
454 85 
457 374 
459 176 
459 73 
460 101 
460 129 
461 177 
461 89 
462 154 
462 309 
462 22 
463 37 
467 142 
468 63 
468 86 
469 93 
470 75 
472 212 
473 285 
474 90 
475 240 
475 593 
476 423 
478 11 
480 212 
483 138 
487 154 
487 18 
492 34 
494 69 
494 774 
495 83 
496 318 
499 154 
500 401 
501 780 
501 32 
501 232 
502 139 
503 14 
504 12 
504 1328 
504 28 
504 281 
505 123 
507 175 
507 223 
508 22 
508 24 
510 176 
511 124 
512 1513 
512 13 
512 148 
513 39 
514 92 
514 76 
516 11 
517 55 
517 122 
519 137 
520 61 
521 51 
523 123 
523 77 
523 296 
524 1029 
527 140 
528 98 
529 173 
530 113 
530 113 
531 11 
533 237 
536 51 
541 3 
542 26 
546 154 
548 172 
550 198 
550 125 
552 163 
553 76 
555 17 
555 59 
557 122 
557 141 
558 50 
559 200 
560 609 
561 16 
561 295 
561 291 
562 187 
563 160 
565 988 
566 173 
566 92 
566 175 
567 760 
568 98 
568 29 
571 50 
573 90 
575 105 
576 47 
577 87 
578 184 
578 62 
579 118 
582 17 
582 13 
586 168 
587 148 
588 225 
598 8 
601 51 
603 35 
603 232 
604 51 
605 332 
605 165 
605 19 
607 162 
608 10 
609 119 
609 742 
611 615 
613 1270 
614 65 
615 78 
617 134 
620 28 
620 73 
625 18 
625 273 
626 13658 
626 78 
626 5 
627 56 
628 18 
628 46 
628 64 
634 60 
634 8 
635 89 
635 22 
636 62 
637 107 
638 152 
638 120 
638 22 
639 71 
639 87 
640 93 
642 72 
645 37 
646 126 
646 49 
647 182 
648 74 
649 161 
649 29 
650 106 
652 62 
652 83 
653 2001 
658 15 
661 217 
663 756 
665 44 
669 18 
670 189 
672 378 
672 155 
673 21 
677 23 
679 59 
679 50 
681 48 
682 344 
685 219 
686 148 
688 42 
688 62 
689 33 
690 140 
699 13 
699 83 
703 26 
705 86 
705 18 
707 100 
710 106 
710 744 
711 178 
713 6 
717 16 
718 35 
719 25 
726 58 
727 286 
727 175 
728 7 
729 623 
729 29 
730 36 
730 18 
734 69 
741 176 
743 126 
748 128 
749 59 
749 90 
750 434 
750 61 
750 288 
755 41 
755 47 
758 56 
760 117 
760 353 
767 58 
772 26 
773 211 
775 91 
775 8 
780 52 
780 269 
781 159 
782 302 
782 44 
787 146 
788 86 
788 180 
792 98 
799 23 
800 68 
801 52 
801 26 
804 141 
805 251 
806 80 
807 147 
807 220 
812 221 
812 121 
812 30 
813 121 
816 41 
823 27 
828 254 
829 4 
830 30 
834 172 
834 26 
835 59 
836 1151 
837 149 
839 36 
839 61 
842 205 
844 33 
844 16 
847 343 
850 37 
850 91 
854 23 
858 92 
863 66 
864 96 
867 46 
868 97 
868 29 
868 15 
870 74 
871 234 
872 397 
873 341 
874 237 
879 37 
879 141 
883 58 
884 34 
887 12 
891 29 
898 5 
904 1 
909 88 
910 14 
910 135 
913 60 
915 63 
915 31 
917 5 
919 140 
920 129 
921 44 
921 48 
922 42 
926 24 
926 347 
928 401 
931 53 
938 23 
947 337 
951 64 
954 637 
957 431 
959 13 
964 138 
967 111 
974 47 
978 297 
979 295 
979 94 
980 140 
984 171 
985 80 
986 1219 
993 24 
1002 56 
1002 53 
1004 55 
1004 2557 
1007 48 
1011 3 
1013 94 
1016 4 
1018 82 
1018 37 
1023 121 
1029 99 
1029 61 
1031 294 
1032 26 
1043 136 
1045 193 
1049 303 
1054 230 
1061 158 
1064 36 
1065 178 
1072 69 
1075 34 
1078 35 
1079 571 
1080 88 
1084 55 
1085 53 
1088 22 
1093 64 
1093 73 
1097 117 
1097 51 
1101 121 
1102 34 
1105 21 
1106 186 
1107 379 
1112 176 
1115 75 
1119 14 
1121 124 
1129 205 
1130 113 
1135 53 
1136 90 
1136 102 
1137 7 
1137 249 
1139 351 
1141 87 
1143 64 
1144 269 
1145 868 
1152 244 
1152 244 
1159 191 
1159 11 
1160 201 
1161 221 
1171 57 
1175 53 
1175 93 
1177 164 
1181 16 
1186 4 
1186 77 
1188 12 
1190 330 
1195 122 
1203 86 
1207 54 
1211 101 
1219 38 
1224 49 
1225 42 
1229 155 
1230 27 
1232 177 
1233 60 
1234 226 
1242 104 
1251 35 
1251 162 
1254 40 
1262 87 
1263 81 
1264 1287 
1270 21 
1273 32 
1274 46 
1275 40 
1275 113 
1278 171 
1279 130 
1280 66 
1281 144 
1281 34 
1287 10 
1289 72 
1296 67 
1299 203 
1301 41 
1306 218 
1307 44 
1309 67 
1317 116 
1317 73 
1318 33 
1318 82 
1319 11 
1323 102 
1326 82 
1326 38 
1330 17 
1330 29 
1331 89 
1336 35 
1350 206 
1352 184 
1352 61 
1355 40 
1361 15 
1363 97 
1374 27 
1374 307 
1385 1 
1386 126 
1388 18 
1391 21 
1391 1522 
1396 29 
1397 37 
1397 19 
1401 258 
1410 111 
1415 648 
1422 234 
1424 31 
1428 4 
1428 56 
1433 92 
1437 85 
1438 6 
1444 60 
1446 28 
1447 631 
1452 35 
1452 9 
1455 73 
1459 347 
1467 9 
1468 249 
1473 301 
1476 139 
1478 29 
1479 52 
1484 57 
1488 42 
1489 73 
1490 42 
1499 10 
1500 53 
1505 204 
1507 119 
1509 233 
1514 277 
1516 60 
1522 280 
1523 32 
1525 69 
1529 59 
1532 10 
1534 14 
1539 35 
1542 211 
1552 83 
1562 1 
1575 309 
1576 78 
1578 58 
1578 80 
1588 53 
1591 34 
1598 45 
1598 101 
1603 420 
1609 35 
1610 194 
1621 82 
1625 36 
1631 76 
1631 76 
1632 124 
1639 14 
1642 125 
1654 14 
1656 51 
1662 14 
1663 26 
1693 13 
1695 92 
1703 36 
1703 63 
1705 13 
1705 11 
1707 60 
1710 110 
1714 33 
1720 197 
1721 36 
1728 235 
1731 45 
1736 242 
1738 79 
1739 21 
1742 180 
1748 696 
1750 47 
1751 332 
1752 64 
1756 7 
1758 771 
1760 92 
1762 13 
1762 57 
1772 52 
1780 59 
1781 76 
1790 13 
1791 18 
1796 18 
1799 16 
1801 81 
1809 66 
1815 8 
1820 88 
1828 96 
1830 423 
1834 139 
1841 176 
1844 314 
1845 121 
1848 51 
1849 539 
1854 55 
1866 15 
1869 73 
1870 14 
1884 142 
1895 9 
1903 26 
1906 31 
1909 47 
1916 107 
1921 79 
1925 18 
1929 34 
1934 123 
1935 40 
1950 72 
1952 59 
1953 6 
1954 151 
1959 10 
1967 21 
1969 60 
1971 17 
1973 110 
1983 37 
1987 48 
1993 206 
1993 86 
2005 56 
2008 26 
2014 19 
2014 70 
2014 66 
2018 177 
2019 147 
2021 822 
2042 28 
2045 9 
2054 195 
2075 163 
2083 66 
2090 35 
2091 26 
2096 83 
2100 118 
2105 35 
2110 265 
2116 57 
2136 17 
2149 18 
2160 29 
2171 62 
2176 125 
2180 11 
2186 681 
2198 137 
2203 140 
2207 165 
2213 106 
2213 61 
2214 61 
2218 26 
2221 202 
2223 161 
2226 114 
2233 129 
2233 29 
2247 288 
2257 180 
2270 23 
2274 11 
2276 512 
2277 77 
2283 95 
2296 287 
2305 37 
2315 138 
2320 40 
2330 64 
2336 143 
2341 65 
2352 174 
2356 38 
2359 222 
2360 129 
2363 69 
2370 24 
2370 58 
2378 43 
2379 30 
2380 7 
2384 84 
2397 165 
2404 7 
2411 85 
2411 57 
2413 31 
2423 36 
2425 20 
2434 35 
2435 100 
2447 43 
2450 262 
2452 123 
2453 53 
2453 458 
2453 49 
2471 24 
2472 12 
2475 120 
2479 10 
2481 19 
2493 46 
2503 81 
2518 41 
2528 31 
2533 18 
2541 79 
2554 39 
2554 9 
2572 15 
2584 173 
2585 16 
2613 42 
2626 15 
2632 42 
2634 160 
2638 41 
2645 121 
2648 56 
2649 18 
2663 449 
2675 134 
2676 40 
2678 117 
2679 34 
2704 15 
2712 141 
2712 47 
2719 110 
2721 184 
2724 19 
2729 115 
2731 66 
2735 31 
2736 81 
2737 60 
2742 79 
2748 85 
2752 39 
2757 448 
2762 46 
2802 53 
2804 19 
2812 160 
2821 115 
2831 132 
2851 15 
2851 90 
2857 42 
2859 185 
2865 80 
2868 36 
2878 17 
2886 22 
2897 20 
2900 44 
2901 27 
2914 88 
2915 19 
2926 135 
2933 11 
2935 32 
2959 64 
2970 79 
2972 134 
2975 28 
2980 23 
2985 41 
2986 28 
3002 78 
3008 51 
3017 68 
3025 58 
3035 13 
3043 23 
3043 83 
3048 9 
3050 26 
3051 41 
3062 29 
3067 28 
3075 29 
3077 68 
3085 10 
3104 72 
3104 37 
3109 36 
3112 39 
3121 13 
3125 15 
3128 42 
3129 62 
3130 93 
3130 164 
3143 58 
3148 50 
3156 50 
3158 75 
3164 90 
3165 270 
3171 3 
3181 397 
3189 100 
3206 12 
3208 74 
3210 217 
3221 27 
3244 20 
3247 1254 
3260 29 
3264 24 
3308 8 
3323 34 
3323 32 
3333 91 
3336 12 
3341 18 
3358 257 
3358 57 
3359 55 
3363 57 
3365 57 
3365 164 
3368 70 
3375 20 
3385 20 
3390 3 
3390 52 
3391 83 
3397 240 
3406 76 
3419 29 
3463 99 
3488 22 
3492 45 
3496 91 
3523 26 
3528 28 
3529 13 
3543 152 
3548 11 
3549 52 
3554 53 
3554 67 
3561 32 
3566 70 
3567 138 
3572 36 
3574 84 
3609 29 
3612 92 
3633 23 
3636 10 
3648 33 
3650 7 
3660 56 
3665 31 
3692 11 
3702 4 
3712 55 
3717 64 
3744 56 
3744 59 
3748 15 
3761 13 
3766 23 
3769 144 
3774 43 
3785 372 
3786 4 
3788 30 
3794 9 
3796 647 
3815 34 
3819 245 
3823 94 
3846 23 
3881 251 
3882 447 
3888 28 
3916 5 
3916 86 
3928 58 
3933 52 
3935 30 
3949 33 
3958 92 
3963 184 
3974 37 
3993 33 
3994 5 
4025 26 
4040 538 
4065 11 
4074 48 
4076 42 
4078 8 
4099 166 
4111 12 
4113 44 
4119 78 
4120 46 
4154 39 
4175 27 
4181 36 
4197 691 
4226 14 
4230 108 
4238 63 
4249 17 
4253 57 
4262 27 
4290 87 
4311 1 
4321 44 
4323 74 
4331 45 
4331 220 
4341 95 
4391 23 
4397 35 
4424 30 
4426 90 
4443 29 
4445 217 
4448 467 
4476 8 
4477 84 
4488 136 
4490 44 
4495 741 
4516 874 
4520 50 
4532 88 
4552 19 
4557 26 
4558 8 
4558 255 
4598 48 
4641 46 
4655 36 
4684 29 
4692 35 
4720 69 
4724 48 
4729 57 
4742 56 
4749 45 
4749 10 
4792 10 
4794 28 
4805 13 
4828 32 
4851 92 
4896 17 
4905 8 
4906 244 
4909 23 
4944 31 
4945 37 
4980 20 
4989 186 
4998 10 
5010 55 
5020 47 
5037 144 
5054 204 
5104 26 
5111 62 
5125 9 
5175 21 
5184 94 
5204 29 
5226 505 
5248 59 
5267 57 
5284 18 
5376 8 
5377 11 
5384 10 
5421 274 
5439 37 
5453 203 
5496 19 
5497 9 
5499 48 
5514 297 
5520 20 
5522 16 
5538 14 
5546 63 
5581 25 
5596 29 
5619 86 
5646 70 
5655 64 
5671 14 
5682 63 
5704 30 
5718 6 
5719 55 
5764 75 
5767 61 
5775 12 
5781 218 
5805 39 
5825 76 
5842 41 
5845 34 
5864 42 
5893 5 
5943 5 
5954 237 
5977 36 
6008 65 
6056 113 
6104 29 
6152 44 
6156 60 
6171 110 
6178 47 
6210 68 
6218 43 
6227 38 
6265 612 
6280 111 
6307 97 
6319 118 
6366 34 
6368 16 
6398 39 
6408 62 
6469 76 
6527 53 
6550 4 
6639 74 
6668 34 
6691 36 
6701 16 
6711 25 
6716 83 
6749 71 
6769 1264 
6805 41 
6860 18 
6906 19 
6910 16 
6917 18 
6920 395 
6976 1165 
6980 15 
6993 95 
6996 330 
7038 125 
7065 5 
7128 144 
7129 104 
7146 19 
7199 163 
7215 28 
7284 26 
7289 148 
7306 9 
7375 116 
7415 148 
7420 28 
7457 16 
7545 62 
7558 10 
7576 26 
7780 27 
7788 11 
7802 2 
7856 62 
7922 28 
7933 139 
7945 23 
7990 311 
8031 26 
8066 45 
8069 75 
8101 12 
8115 138 
8136 40 
8140 34 
8180 45 
8321 119 
8342 19 
8385 40 
8432 58 
8466 22 
8466 24 
8472 48 
8481 49 
8490 23 
8499 49 
8557 10 
8581 40 
8609 11 
8657 31 
8704 13 
8789 16 
8808 51 
8820 72 
8832 173 
8842 62 
8848 200 
8849 93 
8867 134 
8869 43 
8892 98 
8895 86 
8904 105 
8912 67 
8913 22 
8928 16 
8930 407 
8970 1285 
8980 48 
8984 130 
9105 18 
9109 620 
9165 20 
9200 78 
9205 28 
9208 149 
9220 11 
9220 125 
9227 8 
9235 29 
9296 6 
9341 197 
9359 21 
9462 2 
9473 40 
9516 410 
9702 255 
9849 28 
9878 34 
9907 53 
9949 378 
9992 27 
10067 56 
10210 30 
10229 43 
10237 25 
10301 67 
10342 158 
10470 24 
10609 13 
10618 3 
10672 4 
10680 33 
10737 9 
10746 50 
10833 20 
10878 37 
10892 57 
10923 87 
10977 19 
11171 290 
11194 14 
11207 135 
11314 144 
11315 50 
11316 11 
11322 122 
11367 9 
11530 5 
11565 53 
11739 20 
11805 24 
11827 22 
11836 58 
11859 19 
11874 16 
11901 7 
11912 39 
11940 103 
11942 27 
11975 140 
12069 248 
12080 19 
12116 710 
12118 12 
12127 9 
12143 24 
12151 10 
12153 125 
12159 171 
12243 5 
12333 36 
12365 36 
12455 26 
12456 153 
12524 1707 
12573 26 
12660 38 
12667 109 
12693 27 
12707 507 
12793 13 
12820 206 
12893 11 
13036 41 
13048 4 
13050 7 
13183 1157 
13206 61 
13274 9 
13284 55 
13301 49 
13453 476 
13479 440 
13519 35 
13520 20 
13522 9 
13525 121 
13532 320 
13551 31 
13699 47 
13723 12 
13757 39 
13804 316 
13806 1665 
13840 28 
13862 29 
13911 42 
13948 36 
14041 15 
14176 22 
14312 25 
14373 83 
14395 0 
14409 84 
14565 3 
14582 37 
14726 30 
14824 30 
14979 18 
15119 1 
15132 38 
15162 16 
15178 14 
15300 11 
15329 10 
15344 298 
15592 166 
15628 11 
15682 249 
15924 37 
15943 82 
16020 9 
16153 68 
16213 38 
16333 177 
16383 55 
16513 3 
16544 16 
16555 12 
16579 18 
16633 28 
16786 5 
16806 5 
17034 108 
17042 66 
17127 26 
17351 23 
17371 479 
17397 132 
17405 96 
17740 18 
17910 23 
18024 56 
18037 20 
18127 177 
18167 27 
18213 149 
18233 77 
18251 48 
18281 38 
18406 39 
18414 148 
18482 12 
18496 327 
18530 82 
18663 28 
18837 46 
18984 18 
19115 63 
19253 219 
19326 58 
19376 56 
19376 19 
19597 52 
19616 47 
19743 235 
19781 43 
19834 98 
19939 16 
19965 26 
20096 61 
20220 17 
20681 26 
21220 35 
21248 1774 
21487 156 
21702 14 
21764 27 
21891 17 
22114 9 
22141 27 
22225 37 
22323 139 
22329 23 
22362 69 
22499 398 
22501 21 
22659 59 
22892 25 
22901 17 
22943 7 
23142 10 
23415 76 
23536 4 
23827 33 
23873 1 
23917 75 
24099 40 
24344 73 
25246 13 
25476 68 
25476 20 
25620 20 
25694 58 
25698 21 
25711 48 
25866 4 
25890 4 
25893 731 
25915 1173 
25952 15 
26326 1056 
26597 21 
26891 11 
27129 36 
27331 5 
27437 27 
27634 159 
27708 160 
27807 105 
28037 7 
28285 10 
28297 38 
28824 21 
28914 14 
28930 14 
29371 57 
29489 16 
29885 149 
30032 76 
30217 25 
30708 104 
31200 214 
31557 11 
31655 30 
32050 97 
32171 73 
32592 43 
32751 63 
33390 8 
33408 54 
33673 73 
34424 169 
34458 5 
35421 155 
35490 509 
35499 3 
35869 10 
36085 396 
36318 6 
36395 111 
36608 5 
36616 7 
37150 70 
37493 3558 
38158 238 
38362 40 
38396 345 
38427 417 
39073 871 
39328 197 
40011 609 
40217 37 
40443 22 
40937 12 
40989 85 
41737 37 
41840 143 
42438 36 
43524 40 
44026 100 
44092 16 
46039 19 
46091 152 
46656 13 
47115 36 
48441 5 
49348 16 
49453 37 
49962 189 
53413 12 
54071 22 
54858 101 
55216 12 
55985 25 
56086 2 
57399 23 
57477 14 
59100 65 
59590 17 
60005 9 
60682 13 
60809 87 
61287 1 
61796 35 
61918 0 
62213 128 
63155 212 
63678 63 
64208 64 
64640 11 
64646 19 
64972 23 
66147 25 
67014 14 
67991 605 
68313 34 
69679 83 
69748 26 
69789 23 
69816 22 
69933 11 
70430 60 
71297 47 
72743 15 
72849 2417 
73112 188 
73441 94 
74121 116 
74474 51 
74600 43 
75799 7 
76880 74 
77121 24 
78269 17 
78761 83 
79108 523 
79423 24 
79443 579 
79577 21 
80358 64 
80376 240 
80697 2244 
80702 224 
81529 13 
82772 10 
83104 7 
83424 46 
84067 204 
84439 25 
84475 100 
84920 181 
85331 13 
86690 142 
87286 2542 
87640 171 
89249 8 
89264 80 
89598 29 
90488 6 
91020 203 
91356 180 
94665 591 
94767 17 
96313 44 
97496 17 
98357 2 
98801 152 
99029 1018 
101101 1007 
101385 188 
101490 108 
102610 61 
102656 30 
102960 1125 
103040 99 
103863 129 
103863 129 
103920 1093 
104575 179 
104576 10 
105280 49 
105477 22 
107440 1219 
107682 222 
108183 65 
108590 868 
111149 39 
111508 29 
116909 2 
117438 21 
121552 0 
122434 13 
123994 0 
125987 14 
126607 4 
129129 89 
130801 29 
144981 11 
148757 142 
149413 86 
149413 86 
149790 10 
150040 54 
150718 143 
151505 26 
152321 62 
152728 4 
152914 2 
160421 926 
160584 201 
167053 45 
168279 617 
168557 214 
169618 3072 
170050 6 
171294 16 
183519 14 
189396 46 
191591 30 
195632 562 
197818 84 
201990 0 
202425 20 
207118 219 
214482 159 
232051 204 
235484 12 
237821 153 
238247 1123 
239806 124 
241779 127 
241928 0 
244024 2 
246271 111 
246801 353 
258709 1212 
258813 322 
259071 24 
259445 268 
284663 28 
290948 21 
294855 126 
308485 0 
312663 209 
318331 64 
340709 20 
341244 102 
341729 657 
361462 75 
364692 12 
374363 20 
409911 34 
410689 1289 
436507 8 
445581 86 
446685 70 
479473 36 
497154 257 
508750 143 
535213 28 
540904 118 
545817 2 
576838 39 
578458 55 
584995 161 
603584 76 
