3257 1.91927083333
0 1760599 
8 102 
9 431 
11 81 
11 978 
12 146 
12 413 
13 381 
15 123 
15 108 
16 46 
17 202 
17 54 
17 318 
17 1373 
18 86 
19 40 
19 73 
19 293 
20 1335 
20 224 
21 38 
21 87 
22 69 
24 286 
25 264 
25 444 
25 201 
25 137 
25 2451 
27 1400 
27 216 
28 58 
28 247 
29 215 
29 64 
30 236 
30 317 
30 16 
30 534 
31 41 
31 254 
32 616 
32 11 
32 25 
32 151 
33 275 
33 194 
33 269 
34 204 
34 215 
34 290 
34 50 
35 155 
35 633 
35 667 
36 98 
37 97 
37 42 
38 75 
38 94 
38 73 
38 124 
39 167 
40 70 
40 240 
40 118 
41 82 
41 188 
41 24 
41 391 
41 44 
41 141 
42 68 
42 66 
42 24 
42 29 
43 73 
43 31 
43 222 
43 181 
44 517 
44 97 
45 291 
45 60 
45 128 
45 132 
45 269 
45 271 
46 60 
47 29 
47 211 
47 68 
47 218 
48 202 
48 38 
48 351 
48 105 
48 35 
48 113 
48 216 
49 153 
49 283 
49 55 
49 541 
49 67 
49 148 
50 63 
50 110 
50 306 
51 27 
51 188 
51 101 
51 745 
51 60 
51 1407 
51 98 
51 94 
51 209 
51 295 
51 1395 
52 352 
52 143 
52 68 
52 452 
52 849 
53 27 
53 93 
53 601 
53 15 
53 269 
53 82 
54 332 
54 239 
55 216 
55 69 
55 640 
55 66 
55 240 
55 103 
55 154 
56 278 
56 120 
56 40 
56 61 
56 141 
57 260 
57 771 
57 115 
58 593 
58 77 
58 35 
58 248 
58 154 
58 119 
58 361 
58 300 
58 556 
58 54 
58 169 
59 299 
59 167 
59 110 
59 17 
59 637 
59 142 
60 170 
61 53 
61 83 
62 67 
62 29 
62 117 
62 1993 
63 136 
63 234 
63 119 
63 231 
63 196 
64 245 
64 843 
64 72 
64 52 
64 131 
64 155 
64 344 
64 77 
64 24 
65 89 
65 176 
65 338 
66 411 
66 85 
66 34 
66 428 
66 395 
66 109 
66 29 
66 105 
66 234 
67 151 
68 12 
68 321 
68 63 
68 67 
68 345 
68 95 
68 34 
68 509 
69 188 
69 9 
70 56 
70 538 
71 89 
71 186 
72 34 
72 196 
72 4 
72 278 
73 314 
73 25 
73 307 
73 417 
73 177 
74 50 
74 94 
74 486 
74 86 
74 70 
75 473 
75 236 
75 181 
76 69 
76 207 
77 31 
77 303 
77 83 
77 69 
77 166 
77 256 
78 664 
79 91 
79 120 
79 90 
79 90 
79 137 
79 486 
80 596 
80 127 
80 48 
81 296 
82 83 
82 8 
82 252 
82 14 
83 719 
83 216 
83 188 
83 20 
83 3 
83 149 
83 85 
83 68 
83 1158 
83 94 
84 124 
84 10 
84 356 
84 53 
84 56 
85 73 
85 111 
85 46 
85 101 
85 86 
86 98 
86 260 
86 35 
86 212 
86 10 
86 198 
87 128 
87 269 
87 64 
87 142 
87 99 
87 165 
87 73 
87 224 
88 182 
88 51 
88 34 
89 72 
89 108 
89 74 
89 64 
89 122 
90 147 
90 97 
90 621 
90 182 
90 229 
91 200 
91 146 
91 75 
91 155 
91 39 
91 26 
91 41 
92 265 
92 63 
92 393 
92 133 
92 217 
93 206 
93 13 
93 85 
93 93 
93 298 
93 68 
93 55 
93 14 
93 12 
94 90 
95 78 
95 41 
95 94 
95 163 
95 119 
95 119 
96 70 
96 41 
96 75 
96 81 
97 970 
97 108 
97 157 
98 159 
98 125 
98 333 
99 24 
99 196 
99 280 
99 103 
99 338 
100 64 
101 1133 
101 1128 
101 145 
101 295 
102 75 
102 103 
102 299 
102 178 
102 94 
102 29 
102 98 
103 593 
104 116 
104 185 
104 80 
105 36 
105 57 
105 69 
105 288 
105 27 
106 855 
106 12 
106 249 
108 38 
108 91 
108 336 
109 39 
109 243 
109 74 
109 107 
110 208 
110 128 
110 160 
111 39 
111 28 
111 252 
111 142 
112 212 
112 180 
112 364 
112 292 
112 80 
112 142 
112 105 
113 33 
113 951 
113 29 
113 701 
113 48 
113 131 
113 84 
114 113 
115 156 
115 115 
115 113 
115 197 
116 131 
116 65 
116 71 
117 32 
117 29 
117 150 
117 110 
117 257 
117 80 
118 16 
118 686 
119 113 
119 198 
119 532 
120 24 
120 275 
121 125 
121 80 
121 296 
121 19 
122 100 
122 233 
123 150 
123 122 
123 32 
124 173 
124 35 
124 127 
125 267 
125 19 
126 66 
126 77 
126 173 
127 69 
127 33 
127 130 
127 409 
127 117 
128 178 
128 39 
128 104 
129 188 
129 393 
129 157 
129 71 
129 46 
129 19 
129 38 
129 96 
129 50 
129 235 
130 33 
131 180 
131 22 
131 225 
131 52 
132 25 
132 47 
133 254 
133 135 
134 86 
135 275 
135 77 
136 330 
136 991 
136 532 
137 51 
137 26 
137 314 
137 12 
137 107 
137 244 
138 33 
138 333 
138 81 
138 87 
138 108 
138 527 
138 218 
139 166 
139 75 
140 105 
140 139 
140 30 
141 173 
141 90 
141 24 
142 103 
142 167 
142 184 
142 113 
142 43 
143 100 
143 64 
143 120 
144 130 
144 392 
144 678 
144 755 
144 47 
145 28 
145 10 
145 211 
145 296 
145 281 
146 29 
146 17 
147 114 
147 151 
148 91 
148 104 
148 61 
149 548 
149 84 
149 126 
149 407 
149 161 
150 129 
150 123 
150 60 
150 123 
150 77 
151 151 
151 76 
151 36 
151 29 
151 88 
151 16 
151 106 
152 369 
152 178 
152 735 
153 96 
153 541 
153 54 
153 119 
154 95 
154 125 
154 743 
154 59 
154 122 
154 29 
155 58 
155 1028 
156 485 
156 261 
156 755 
158 28 
158 261 
158 150 
159 288 
159 429 
159 222 
159 804 
159 29 
159 359 
160 320 
160 33 
160 88 
160 165 
160 285 
161 255 
161 239 
161 51 
162 98 
162 69 
164 253 
165 56 
165 153 
165 54 
165 31 
165 161 
165 32 
166 110 
167 66 
167 125 
168 150 
168 90 
169 94 
169 137 
170 197 
170 131 
171 9 
172 252 
173 258 
173 100 
173 312 
173 15 
174 101 
175 10 
175 71 
175 61 
175 851 
175 141 
175 3109 
175 229 
175 106 
176 34 
176 142 
176 727 
176 247 
178 49 
178 150 
179 127 
179 124 
180 1740 
180 294 
181 117 
181 206 
181 88 
182 1061 
182 223 
182 79 
183 83 
183 43 
184 214 
184 335 
185 134 
185 156 
185 107 
186 444 
186 28 
186 35 
187 155 
187 398 
187 149 
188 48 
188 47 
188 39 
188 41 
188 89 
188 93 
189 132 
189 124 
189 67 
189 47 
189 265 
191 110 
192 11 
193 424 
193 48 
195 350 
196 79 
196 14 
196 155 
196 67 
196 110 
197 12 
198 1312 
198 129 
199 155 
199 84 
199 75 
199 58 
200 54 
200 57 
201 141 
201 124 
201 29 
201 94 
201 67 
201 64 
202 335 
202 60 
202 305 
202 273 
203 317 
204 42 
204 167 
204 247 
205 148 
205 275 
206 15 
207 154 
207 40 
207 90 
208 280 
208 35 
209 45 
210 46 
211 141 
211 1103 
211 415 
211 133 
212 127 
213 164 
213 136 
213 165 
214 37 
214 23 
214 49 
214 531 
214 224 
215 600 
217 72 
217 36 
219 332 
219 180 
219 2842 
220 54 
221 191 
222 58 
223 116 
223 255 
224 48 
224 159 
225 246 
225 141 
225 23 
225 128 
226 215 
226 25 
227 116 
227 7 
228 34 
228 19 
229 221 
229 371 
230 78 
230 72 
230 39 
231 64 
231 38 
231 121 
232 23 
233 24 
233 122 
233 624 
234 68 
234 45 
236 28 
236 77 
236 62 
236 42 
236 137 
237 163 
238 37 
239 288 
241 140 
241 139 
241 278 
243 1857 
243 452 
243 42 
244 47 
244 51 
244 33 
244 1201 
244 488 
244 185 
245 231 
245 109 
246 59 
246 120 
247 64 
248 284 
248 195 
248 190 
248 247 
249 65 
249 24 
251 76 
252 87 
252 48 
252 45 
252 18 
254 51 
255 308 
256 474 
256 69 
256 130 
256 248 
259 270 
259 36 
260 80 
260 60 
260 144 
260 38 
260 92 
261 50 
261 24 
261 133 
262 32 
262 122 
262 11 
262 100 
262 140 
263 122 
263 756 
264 231 
264 1 
264 46 
265 20 
266 112 
268 110 
268 134 
269 49 
269 59 
269 360 
272 220 
272 166 
272 40 
272 33 
272 234 
273 38 
273 61 
273 21 
273 75 
274 3 
275 13 
275 65 
275 63 
276 21 
276 40 
277 23 
277 69 
279 63 
280 169 
280 113 
282 138 
283 384 
283 179 
284 157 
285 93 
285 67 
285 568 
287 32 
287 18 
287 100 
288 135 
288 61 
288 43 
288 21 
288 79 
289 59 
290 50 
291 36 
291 147 
291 33 
293 166 
294 104 
294 283 
295 275 
295 57 
295 96 
296 21 
296 19 
296 37 
297 99 
300 263 
300 218 
300 117 
302 102 
302 33 
303 180 
303 111 
303 175 
304 213 
304 87 
305 92 
307 113 
308 64 
308 178 
309 173 
312 57 
315 174 
316 384 
316 274 
317 94 
317 41 
318 238 
319 48 
320 527 
321 87 
321 111 
321 148 
321 417 
322 158 
323 169 
323 191 
325 244 
325 80 
325 228 
325 1516 
325 129 
325 61 
326 10 
327 33 
327 63 
328 296 
330 238 
331 73 
331 15 
332 210 
333 74 
333 69 
334 65 
334 39 
335 118 
335 46 
336 130 
339 75 
340 471 
342 307 
342 169 
343 58 
343 164 
343 350 
344 128 
344 98 
345 139 
345 51 
346 227 
347 364 
348 204 
348 103 
348 116 
348 81 
349 80 
350 109 
350 105 
353 303 
354 60 
354 53 
354 225 
358 46 
358 409 
359 32 
359 48 
359 66 
360 71 
360 225 
361 41 
362 54 
362 16 
362 327 
362 114 
363 34 
364 55 
365 55 
369 182 
369 58 
370 103 
370 301 
370 336 
371 41 
371 190 
372 66 
372 330 
373 88 
373 111 
373 136 
374 639 
376 55 
376 24 
376 109 
377 59 
378 73 
378 484 
378 34 
379 136 
381 117 
383 144 
383 244 
384 11 
386 31 
388 96 
388 598 
389 57 
389 366 
389 71 
392 88 
392 29 
392 73 
393 812 
395 129 
396 91 
398 99 
401 91 
402 1184 
403 132 
403 38 
404 7 
406 321 
407 2086 
408 114 
409 54 
410 417 
410 36 
411 41 
413 288 
414 175 
414 937 
417 92 
417 55 
421 4 
422 205 
422 27 
422 29 
423 41 
424 26 
425 186 
428 30 
429 305 
430 33 
431 175 
433 273 
434 147 
435 118 
436 69 
437 134 
438 3435 
441 50 
441 86 
442 52 
443 19 
443 57 
444 1012 
444 202 
446 123 
447 161 
447 169 
448 130 
449 249 
449 51 
451 308 
453 10 
456 157 
456 839 
458 51 
459 48 
459 81 
459 306 
460 25 
461 151 
462 264 
462 169 
463 183 
464 276 
465 84 
466 61 
468 12 
469 64 
469 49 
470 23 
470 55 
470 25 
470 95 
470 215 
471 160 
472 135 
472 138 
472 151 
472 254 
472 81 
473 39 
473 43 
476 286 
479 56 
479 54 
480 139 
481 138 
482 146 
483 143 
484 54 
485 60 
486 23 
487 138 
487 122 
487 59 
488 68 
488 153 
488 196 
489 81 
493 30 
493 69 
496 24 
498 728 
502 308 
502 80 
505 22 
506 187 
506 102 
508 79 
511 139 
512 10 
512 200 
512 5 
513 19 
514 48 
516 180 
516 27 
517 58 
518 213 
519 160 
519 161 
521 109 
522 26 
523 93 
523 226 
524 278 
525 105 
525 141 
527 25 
527 19 
528 84 
530 291 
531 26 
532 29 
532 123 
532 310 
533 135 
535 216 
536 1101 
537 54 
537 58 
538 103 
538 66 
539 10 
540 100 
542 169 
544 47 
549 18 
551 15 
555 140 
557 125 
558 76 
558 59 
561 100 
561 259 
562 128 
566 62 
569 25 
569 36 
571 409 
571 143 
572 86 
573 46 
573 38 
578 76 
581 263 
583 98 
585 49 
585 272 
587 46 
590 174 
591 341 
592 100 
593 23 
593 103 
595 77 
595 535 
596 112 
596 269 
596 79 
599 52 
600 34 
602 32 
602 63 
602 318 
602 99 
604 175 
604 39 
605 16 
605 52 
607 125 
607 189 
607 15 
608 117 
612 94 
613 39 
614 39 
614 39 
616 123 
616 44 
616 115 
618 100 
619 35 
622 436 
623 173 
624 34 
625 76 
626 15 
627 39 
629 91 
631 21 
632 85 
633 38 
636 110 
637 57 
637 89 
644 76 
644 232 
646 104 
648 29 
651 120 
652 69 
652 67 
652 54 
653 1106 
655 21 
656 36 
657 168 
662 39 
664 25 
665 79 
665 328 
666 92 
668 95 
670 114 
670 5 
671 27 
672 129 
672 157 
684 90 
684 19 
687 64 
687 172 
689 262 
690 81 
692 60 
693 288 
693 642 
694 30 
698 223 
699 57 
704 254 
706 145 
708 116 
709 98 
714 96 
716 130 
716 491 
719 200 
719 206 
720 123 
720 82 
721 46 
725 34 
728 34 
730 41 
732 7 
732 191 
733 188 
735 56 
739 67 
741 49 
742 193 
747 126 
748 56 
751 129 
752 220 
752 457 
752 105 
753 89 
754 115 
755 37 
757 236 
758 40 
759 116 
760 328 
761 38 
762 43 
762 4 
767 53 
776 183 
779 114 
780 201 
780 57 
782 18 
783 70 
783 106 
786 70 
787 180 
788 29 
788 55 
789 28 
789 158 
792 30 
792 168 
793 65 
794 43 
795 54 
797 205 
799 84 
804 13 
805 114 
807 73 
807 57 
810 54 
814 29 
816 98 
816 110 
820 65 
824 318 
827 56 
827 289 
827 186 
827 117 
829 211 
836 37 
840 356 
842 51 
842 72 
842 59 
847 972 
851 233 
852 184 
855 41 
857 62 
860 163 
861 116 
863 111 
864 512 
864 186 
864 40 
865 170 
870 82 
876 34 
879 53 
883 281 
885 100 
886 61 
889 65 
892 74 
893 5887 
894 133 
894 74 
895 21 
903 133 
904 185 
906 352 
907 109 
908 241 
912 38 
913 116 
916 77 
920 272 
920 136 
921 108 
926 38 
930 99 
935 126 
936 127 
937 143 
939 82 
947 34 
949 39 
951 25 
952 84 
953 31 
955 155 
957 101 
962 53 
967 329 
970 39 
970 285 
971 103 
972 107 
974 23 
976 203 
976 275 
978 103 
979 247 
986 109 
989 77 
991 117 
997 85 
998 101 
998 252 
1002 11 
1003 29 
1009 38 
1010 24 
1015 146 
1015 44 
1019 48 
1034 80 
1037 192 
1039 88 
1044 191 
1047 60 
1049 41 
1053 446 
1054 45 
1057 110 
1058 39 
1063 35 
1064 52 
1065 110 
1067 86 
1069 9 
1074 117 
1075 70 
1079 6 
1085 64 
1090 26 
1092 175 
1093 239 
1095 27 
1095 52 
1097 87 
1097 50 
1099 57 
1103 171 
1104 22 
1107 86 
1111 57 
1121 116 
1123 139 
1126 173 
1132 491 
1136 98 
1138 341 
1138 89 
1139 76 
1143 63 
1144 38 
1151 24 
1156 225 
1160 6 
1163 21 
1167 60 
1172 29 
1174 106 
1180 99 
1181 40 
1183 42 
1186 57 
1186 194 
1188 80 
1188 198 
1193 339 
1194 47 
1194 68 
1195 114 
1195 16 
1201 91 
1202 281 
1203 218 
1204 40 
1205 187 
1208 140 
1208 69 
1217 183 
1219 83 
1220 116 
1223 206 
1227 59 
1227 13 
1228 17 
1231 90 
1233 132 
1240 30 
1243 103 
1244 38 
1245 122 
1247 123 
1252 34 
1252 102 
1253 123 
1254 132 
1258 217 
1264 317 
1266 61 
1266 56 
1272 14 
1272 28 
1273 211 
1274 24 
1275 166 
1277 105 
1278 60 
1278 26 
1278 10 
1287 131 
1288 115 
1289 65 
1291 199 
1292 524 
1293 679 
1295 39 
1308 123 
1310 80 
1314 32 
1317 19 
1317 75 
1317 1228 
1319 215 
1319 157 
1322 45 
1329 111 
1329 32 
1330 989 
1334 362 
1335 110 
1336 50 
1338 12 
1343 265 
1343 58 
1347 143 
1347 40 
1356 33 
1356 88 
1357 237 
1358 9 
1358 162 
1360 30 
1362 76 
1367 339 
1368 133 
1371 216 
1375 188 
1377 190 
1377 119 
1382 35 
1388 256 
1388 3186 
1392 8 
1392 75 
1395 64 
1395 177 
1403 186 
1407 12 
1408 13 
1409 294 
1410 10 
1412 147 
1412 35 
1412 175 
1413 55 
1414 255 
1419 229 
1425 85 
1425 91 
1426 90 
1430 622 
1433 33 
1435 7 
1440 87 
1442 231 
1444 99 
1450 152 
1450 17 
1451 825 
1452 40 
1456 58 
1457 74 
1457 63 
1457 43 
1458 58 
1464 59 
1465 168 
1465 27 
1467 109 
1470 588 
1478 150 
1483 45 
1483 149 
1485 49 
1489 55 
1490 97 
1495 176 
1495 119 
1501 15 
1504 63 
1506 120 
1515 76 
1517 642 
1523 38 
1524 64 
1527 136 
1531 96 
1544 73 
1552 16 
1553 60 
1556 79 
1557 124 
1562 234 
1565 0 
1567 248 
1568 102 
1571 85 
1571 270 
1572 43 
1576 188 
1581 290 
1590 118 
1591 21 
1595 59 
1599 105 
1603 63 
1604 25 
1607 29 
1608 163 
1609 182 
1613 73 
1615 108 
1626 44 
1626 10 
1626 129 
1632 93 
1634 17 
1635 146 
1639 83 
1640 18 
1640 35 
1643 90 
1647 36 
1652 161 
1654 37 
1659 78 
1660 46 
1660 197 
1661 102 
1661 440 
1662 2227 
1663 132 
1668 68 
1669 33 
1670 204 
1673 86 
1677 137 
1679 161 
1683 94 
1685 37 
1689 222 
1689 77 
1689 190 
1690 139 
1700 139 
1706 31 
1716 158 
1723 148 
1723 84 
1726 1047 
1728 422 
1730 123 
1737 66 
1741 76 
1747 14 
1755 219 
1757 32 
1761 283 
1769 70 
1769 254 
1773 54 
1778 80 
1780 181 
1782 679 
1786 325 
1786 173 
1792 443 
1795 96 
1796 87 
1798 204 
1800 26 
1801 44 
1805 196 
1817 413 
1818 61 
1822 2847 
1824 32 
1827 59 
1827 154 
1828 194 
1831 282 
1840 1268 
1840 137 
1842 49 
1850 93 
1850 90 
1851 2 
1855 132 
1857 40 
1858 119 
1875 118 
1878 83 
1883 75 
1892 48 
1897 155 
1901 176 
1902 144 
1905 201 
1907 116 
1920 117 
1920 63 
1934 11 
1940 22 
1946 41 
1951 91 
1959 83 
1969 1577 
1972 37 
1973 63 
1974 76 
1980 22 
1982 89 
1985 170 
1985 139 
1986 70 
1990 49 
2000 32 
2005 74 
2007 39 
2010 23 
2014 80 
2015 160 
2016 59 
2020 44 
2030 59 
2031 246 
2038 10 
2039 33 
2044 128 
2045 22 
2045 100 
2050 82 
2051 45 
2054 23 
2067 22 
2069 135 
2070 118 
2073 248 
2077 760 
2078 137 
2079 81 
2082 200 
2084 56 
2091 17 
2095 73 
2099 4 
2101 120 
2109 118 
2109 48 
2113 75 
2119 113 
2121 92 
2125 45 
2130 140 
2138 22 
2148 82 
2149 1146 
2150 3 
2152 70 
2155 107 
2163 17 
2167 137 
2180 2 
2182 58 
2184 33 
2197 111 
2200 157 
2201 33 
2205 45 
2209 191 
2210 84 
2215 57 
2216 50 
2219 21 
2228 66 
2235 47 
2236 11644 
2237 76 
2239 44 
2247 65 
2260 114 
2261 139 
2271 82 
2273 96 
2273 28 
2275 602 
2279 25 
2289 61 
2309 26 
2315 304 
2319 117 
2328 25 
2329 69 
2353 49 
2354 70 
2355 45 
2357 10 
2364 1453 
2364 482 
2366 11 
2369 31 
2372 1270 
2379 150 
2379 60 
2385 143 
2387 136 
2388 84 
2390 32 
2392 7 
2396 26 
2399 222 
2399 92 
2401 68 
2401 44 
2412 39 
2424 59 
2424 59 
2429 125 
2436 191 
2445 642 
2446 32 
2450 3550 
2453 44 
2454 31 
2459 578 
2463 8 
2464 84 
2465 210 
2476 101 
2479 294 
2488 11 
2490 39 
2498 10 
2509 9 
2510 111 
2512 1283 
2513 41 
2528 126 
2535 89 
2542 115 
2545 9 
2553 162 
2556 67 
2560 47 
2570 46 
2573 90 
2579 115 
2581 124 
2583 52 
2598 248 
2599 161 
2612 57 
2618 80 
2627 1 
2629 57 
2633 63 
2640 343 
2641 163 
2647 138 
2653 57 
2665 152 
2670 87 
2683 82 
2683 94 
2686 55 
2691 107 
2692 35 
2701 57 
2706 1123 
2734 63 
2751 38 
2753 125 
2757 40 
2757 95 
2784 23 
2787 123 
2791 54 
2796 59 
2802 67 
2817 22 
2823 264 
2838 119 
2840 33 
2854 120 
2857 38 
2869 53 
2872 107 
2874 145 
2878 78 
2883 48 
2904 22 
2904 104 
2910 98 
2914 103 
2925 9 
2926 24 
2935 36 
2952 162 
2958 19 
2958 68 
2960 171 
2960 32 
2961 15 
2968 44 
2976 7 
2999 34 
2999 70 
3001 30 
3008 53 
3009 76 
3018 271 
3026 141 
3027 89 
3032 53 
3034 280 
3037 57 
3042 47 
3046 51 
3048 25 
3048 165 
3050 182 
3057 770 
3090 47 
3091 20 
3092 210 
3099 27 
3128 107 
3180 31 
3183 86 
3198 57 
3208 13 
3223 81 
3227 19 
3240 47 
3249 60 
3257 57 
3262 223 
3264 129 
3266 6 
3274 61 
3276 4 
3305 78 
3311 26 
3313 270 
3327 140 
3328 86 
3329 64 
3332 92 
3345 100 
3368 71 
3368 10 
3369 68 
3370 79 
3382 143 
3382 78 
3393 36 
3398 61 
3426 113 
3427 210 
3429 55 
3436 131 
3437 52 
3442 275 
3449 122 
3449 28 
3456 47 
3459 22 
3465 33 
3468 15 
3496 194 
3499 65 
3507 159 
3514 63 
3534 96 
3535 100 
3537 106 
3538 170 
3539 85 
3548 20 
3550 40 
3550 36 
3554 11749 
3562 88 
3569 224 
3573 26 
3585 23 
3585 14 
3589 20 
3609 95 
3634 221 
3636 84 
3645 129 
3655 43 
3657 60 
3663 12 
3674 11 
3682 17 
3683 17 
3684 46 
3691 108 
3700 380 
3710 98 
3713 245 
3724 23 
3737 23 
3740 98 
3748 206 
3749 59 
3750 72 
3766 37 
3780 39 
3787 27 
3797 11 
3805 33 
3816 34 
3830 93 
3875 45 
3878 65 
3882 93 
3908 87 
3911 59 
3922 87 
3922 290 
3931 14 
3934 29 
3936 15 
3938 69 
3949 93 
3957 146 
3973 109 
3983 40 
3997 709 
3997 391 
3998 38 
4000 98 
4013 33 
4015 38 
4023 100 
4059 6 
4061 34 
4061 71 
4064 72 
4064 24 
4068 77 
4074 31 
4076 47 
4082 103 
4084 35 
4095 130 
4097 69 
4101 66 
4115 12 
4126 70 
4131 944 
4158 90 
4165 75 
4179 177 
4181 159 
4193 40 
4196 17 
4204 43 
4217 157 
4225 23 
4226 54 
4227 10 
4230 68 
4243 83 
4249 177 
4255 16 
4294 34 
4305 40 
4312 38 
4314 57 
4315 143 
4375 5 
4398 10 
4401 58 
4408 36 
4411 799 
4418 50 
4426 42 
4436 55 
4445 114 
4456 131 
4458 18 
4486 42 
4494 54 
4499 80 
4509 30 
4510 138 
4531 59 
4536 32 
4537 16 
4546 104 
4561 44 
4575 112 
4576 188 
4589 80 
4591 148 
4636 8 
4672 60 
4685 49 
4687 309 
4691 139 
4699 114 
4705 32 
4707 59 
4715 63 
4722 146 
4745 96 
4753 1140 
4770 77 
4777 11 
4779 37 
4784 54 
4819 88 
4828 73 
4844 43 
4845 67 
4848 137 
4853 49 
4878 132 
4883 51 
4884 228 
4889 98 
4917 31 
4920 87 
4941 66 
4941 28 
4958 67 
4967 24 
4975 13 
4988 81 
5017 56 
5020 69 
5029 28 
5030 35 
5031 26 
5032 22 
5055 106 
5057 166 
5081 78 
5086 45 
5091 38 
5107 81 
5134 72 
5139 63 
5159 46 
5171 94 
5199 13 
5215 53 
5220 5 
5222 35 
5249 53 
5249 63 
5257 1179 
5263 108 
5291 88 
5323 15 
5325 602 
5330 26 
5348 174 
5356 66 
5357 728 
5360 86 
5369 24 
5403 98 
5419 101 
5431 74 
5436 61 
5476 114 
5479 15 
5512 87 
5523 77 
5530 66 
5530 158 
5532 113 
5547 38 
5551 11 
5562 145 
5571 53 
5582 71 
5628 51 
5641 61 
5674 64 
5677 41 
5704 59 
5711 64 
5719 61 
5740 2953 
5741 42 
5751 57 
5792 95 
5808 26 
5840 236 
5869 20 
5883 74 
5914 510 
5918 40 
5941 54 
5954 78 
5964 54 
5967 205 
5976 30 
5980 7 
5992 74 
5995 30 
6066 60 
6076 58 
6098 147 
6116 48 
6130 55 
6144 133 
6145 76 
6149 332 
6163 35 
6185 338 
6187 70 
6190 15 
6206 119 
6212 167 
6217 15 
6226 104 
6249 117 
6253 287 
6268 57 
6282 95 
6303 3893 
6308 44 
6321 42 
6333 26 
6347 125 
6368 74 
6378 12 
6402 42 
6414 86 
6466 44 
6494 338 
6498 76 
6502 232 
6527 29 
6537 33 
6543 39 
6548 503 
6553 20 
6559 83 
6588 30 
6594 589 
6618 134 
6627 18 
6643 193 
6652 93 
6653 149 
6681 428 
6687 292 
6692 28 
6700 30 
6719 303 
6721 30 
6731 27 
6740 4 
6775 151 
6781 123 
6786 60 
6826 484 
6828 21 
6863 11 
6864 7 
6870 41 
6872 28 
6879 15 
6891 29 
6947 94 
6952 47 
6973 105 
6977 42 
6978 18 
6979 147 
6999 23 
7004 189 
7011 56 
7014 53 
7024 42 
7059 95 
7082 8 
7103 10 
7126 93 
7145 131 
7167 13 
7179 103 
7227 110 
7232 8 
7233 33 
7234 100 
7242 37 
7247 12 
7265 43 
7279 26 
7280 218 
7282 514 
7286 174 
7293 133 
7296 12 
7297 118 
7302 173 
7327 52 
7340 26 
7354 18 
7359 49 
7372 18 
7396 15 
7397 72 
7399 49 
7416 120 
7420 19 
7431 114 
7434 83 
7443 13 
7453 120 
7465 82 
7489 84 
7491 14 
7503 13 
7555 28 
7559 23 
7563 9 
7582 99 
7598 49 
7679 20 
7691 1653 
7709 26 
7720 72 
7734 145 
7753 248 
7757 83 
7808 66 
7864 114 
7869 14 
7872 75 
7885 87 
7900 76 
7904 59 
7924 24 
7965 44 
7970 49 
7981 39 
8009 77 
8010 31 
8010 131 
8016 91 
8038 22 
8073 20 
8113 276 
8113 1201 
8126 40 
8128 95 
8134 107 
8150 34 
8155 689 
8168 32 
8177 101 
8217 36 
8223 4 
8246 105 
8261 39 
8265 67 
8283 133 
8298 37 
8316 299 
8321 177 
8324 90 
8326 191 
8331 45 
8338 134 
8362 10 
8385 22 
8393 68 
8449 111 
8462 41 
8470 38 
8486 10 
8544 34 
8546 1825 
8606 59 
8626 42 
8632 59 
8655 52 
8660 24 
8676 78 
8682 45 
8693 25 
8706 72 
8714 11 
8720 422 
8749 16 
8753 103 
8754 33 
8760 5 
8791 70 
8802 55 
8812 134 
8833 19 
8838 46 
8856 21 
8859 94 
8886 34 
8928 33 
8989 58 
9013 90 
9020 14 
9023 95 
9028 58 
9047 186 
9077 10 
9108 7 
9116 105 
9141 13 
9157 85 
9164 634 
9166 140 
9178 100 
9196 351 
9198 27 
9198 207 
9235 215 
9252 167 
9280 69 
9307 73 
9420 23 
9451 12 
9465 35 
9493 32 
9513 144 
9552 29 
9607 445 
9641 25 
9669 48 
9796 5 
9797 60 
9870 64 
9887 28 
9898 28 
9970 4 
9978 36 
10003 19 
10017 71 
10047 749 
10067 90 
10082 9 
10095 38 
10127 111 
10178 35 
10199 61 
10228 58 
10242 58 
10305 29 
10344 44 
10398 60 
10424 350 
10429 99 
10437 1070 
10439 136 
10472 147 
10499 76 
10631 35 
10646 262 
10717 81 
10775 153 
10852 10 
10866 5 
10885 49 
10893 88 
10927 13 
10928 105 
10930 9 
10949 55 
10983 60 
10984 38 
10990 9 
11044 27 
11048 149 
11129 41 
11141 17 
11150 40 
11187 108 
11204 20 
11240 30 
11253 76 
11272 41 
11274 507 
11332 754 
11349 62 
11382 60 
11432 21 
11499 16 
11521 109 
11552 20 
11553 23 
11614 32 
11649 25 
11653 12 
11739 93 
11762 30 
11895 215 
12006 25 
12065 5 
12101 42 
12180 10 
12229 93 
12288 64 
12309 875 
12381 198 
12396 94 
12465 93 
12465 93 
12468 115 
12468 115 
12494 595 
12494 595 
12505 45 
12505 45 
12549 89 
12605 46 
12739 20 
12745 35 
12746 59 
12808 24 
12908 63 
12964 31 
12999 19 
13119 74 
13172 36 
13207 25 
13214 13 
13247 21 
13268 94 
13507 1285 
13519 127 
13546 37 
13595 49 
13640 380 
13664 14 
13804 15 
14029 68 
14041 1335 
14057 79 
14101 94 
14178 12 
14189 141 
14194 56 
14219 17 
14266 73 
14294 142 
14296 8 
14313 117 
14335 13 
14386 111 
14400 33 
14410 29 
14476 16 
14495 272 
14553 24 
14555 35 
14558 102 
14687 118 
14722 112 
14804 45 
14835 61 
14923 53 
14930 24 
15012 38 
15044 15 
15058 11 
15059 26 
15067 10 
15194 11 
15203 183 
15339 52 
15356 16 
15393 147 
15419 291 
15427 7 
15433 45 
15434 43 
15554 85 
15564 1272 
15707 77 
15710 199 
15870 171 
15876 33 
15996 61 
16013 21 
16019 149 
16055 27 
16067 74 
16249 117 
16260 18 
16263 219 
16274 259 
16284 140 
16296 29 
16343 74 
16346 83 
16361 345 
16369 17 
16535 42 
16536 27 
16536 21 
16581 102 
16732 8 
16781 105 
16902 90 
16997 12 
17108 49 
17109 6 
17114 34 
17162 71 
17242 14 
17426 44 
17735 81 
17842 18 
17862 5 
18187 15 
18209 46 
18244 76 
18371 252 
18497 124 
18599 64 
18774 2832 
18778 22 
19358 3 
19524 52 
19564 53 
19627 1092 
19649 73 
19669 1326 
19682 19 
19788 14 
19812 20 
19943 57 
20114 52 
20195 15 
20295 12 
20348 49 
20482 57 
20569 31 
20590 635 
20628 145 
20634 37 
20655 97 
20683 103 
20766 18 
20796 45 
21024 40 
21143 10 
21160 93 
21250 5 
21264 41 
21368 20 
21431 235 
21440 18 
21734 34 
21743 1 
21815 83 
21859 15 
21942 20 
22079 42 
22101 45 
22121 150 
22295 102 
22358 12 
22486 37 
22777 66 
22778 2 
22788 68 
22836 32 
23003 37 
23014 32 
23273 31 
23305 36 
23422 212 
23431 50 
23481 40 
23615 147 
23770 10 
23805 64 
23886 69 
24050 221 
24085 194 
24109 167 
24201 19 
24325 10 
24370 14 
24601 21 
24730 28 
24799 91 
24899 5 
25094 68 
25172 13 
25172 37 
25502 522 
26173 98 
26175 14 
26322 24 
26395 62 
26408 400 
26565 78 
26585 30 
26590 55 
26742 101 
26769 161 
26848 170 
27015 19 
27058 10 
27164 38 
27280 24 
27280 24 
27388 39 
27437 56 
27441 151 
27557 140 
27648 68 
27832 88 
28125 59 
28369 5 
28646 32 
28750 29 
28762 58 
28834 10 
28992 10 
29354 19 
29460 18 
29494 238 
29528 114 
29621 172 
29703 42 
29842 89 
30345 16 
30426 64 
30640 154 
30781 7 
30789 35 
30823 0 
31379 25 
31416 5 
31461 46 
31491 49 
31623 1345 
32387 47 
32747 14 
32859 38 
32912 24 
32926 139 
33145 1086 
33418 34 
33514 506 
33714 9 
33721 69 
33834 49 
33849 14 
34360 31 
34363 65 
34434 17 
34434 60 
34480 45 
34590 62 
34653 11 
34728 31 
34963 33 
35053 47 
35184 17 
35310 58 
35502 152 
35806 61 
35896 81 
35917 46 
36016 21 
36025 75 
36060 155 
36123 22 
36185 32 
36414 46 
36586 96 
37223 17 
37719 19 
37749 10 
37772 11 
38058 6 
38124 52 
38203 72 
38205 52 
38601 19 
38620 145 
38758 240 
38820 1239 
38844 84 
38929 50 
39033 12 
39071 159 
39180 1602 
39379 11 
39705 53 
39731 180 
39808 35 
39811 111 
39887 36 
40208 23 
40225 145 
41041 44 
41133 31 
41305 110 
41434 1135 
41467 421 
41724 49 
41882 83 
41914 121 
42272 402 
42428 144 
42501 46 
42704 59 
42714 17 
42736 389 
42743 85 
42808 339 
42829 891 
43390 22 
43397 15 
43983 168 
44020 42 
44062 77 
44117 13 
44366 10 
44458 61 
44796 21 
45031 5 
45092 54 
45537 89 
45674 84 
45860 385 
46530 41 
46544 14 
46690 45 
46907 961 
47194 773 
47272 377 
47386 48 
47663 502 
47766 66 
48046 56 
48199 81 
48201 30 
48776 57 
48893 29 
49026 69 
49195 676 
49203 277 
49471 0 
49787 370 
49945 35 
49951 15 
50491 9 
50597 104 
50715 16 
50761 24 
50763 361 
50775 40 
50841 6163 
50855 2243 
50873 207 
50935 72 
51006 1257 
51087 749 
51124 151 
51261 50 
51403 82 
51911 45 
52090 112 
52321 50 
52569 28 
53513 729 
53545 7 
53626 44 
54108 17 
54264 12 
54601 36 
54615 341 
54811 77 
55028 6 
55031 16 
55166 48 
55283 40 
55536 89 
55545 43 
55593 40 
55850 124 
55919 334 
55924 652 
56007 233 
56077 143 
56165 55 
56376 135 
56507 49 
56607 279 
56826 32 
56869 14 
56889 275 
56946 296 
57130 25 
57171 143 
57264 199 
57400 126 
57415 30 
57439 163 
57547 128 
57574 114 
57574 114 
57578 38 
57578 38 
57580 48 
57580 48 
57654 588 
57681 1048 
57712 637 
57718 29 
57930 105 
57962 71 
58021 177 
58106 114 
58147 155 
58154 54 
58204 22 
58412 12 
58536 222 
58551 236 
58558 666 
58758 308 
58780 0 
58853 303 
58874 477 
58938 342 
59008 684 
59375 2011 
60259 91 
60411 38 
60507 118 
60629 419 
60707 539 
60708 193 
60746 32 
60867 12 
61189 175 
61332 76 
61491 161 
61570 56 
61879 114 
61943 19 
61992 866 
62179 24 
63046 99 
63148 22 
63345 33 
63459 71 
63708 352 
64056 26 
64100 12 
64281 142 
64330 22 
64713 51 
64940 86 
65039 153 
65097 33 
65326 165 
65360 21 
66119 62 
66768 26 
66994 277 
67202 64 
68249 226 
68321 173 
68772 149 
68782 1278 
69022 190 
69164 51 
69498 78 
69677 19 
69971 70 
71515 96 
71650 5 
71927 891 
72000 170 
72047 13 
72053 10 
72253 8 
72419 93 
72514 65 
72551 459 
73799 57 
74172 123 
74193 72 
74553 965 
75176 15 
75276 13 
75395 11 
75647 16 
76508 35 
76653 24 
77346 27 
77385 143 
77967 32 
78492 28 
79060 768 
79240 14 
79343 45 
80081 108 
80251 96 
80302 28 
80783 5141 
81363 383 
81504 60 
81934 36 
82430 20 
82608 26 
82710 2 
83344 8 
84197 1279 
84370 89 
85009 230 
85358 43 
87821 148 
87925 587 
88182 17 
88280 138 
88303 961 
88350 406 
88364 580 
88657 4543 
88832 2855 
88929 1286 
89063 2067 
89400 265 
89417 53 
89454 2062 
89612 317 
89671 335 
89751 537 
90260 1885 
90299 335 
91570 116 
91655 6 
92206 320 
92247 232 
92588 18 
92626 232 
92717 42 
92801 200 
94384 185 
94433 12 
94999 100 
95374 1428 
95637 2 
95903 117 
96444 1065 
96551 19 
97345 67 
97457 904 
100136 319 
100265 12 
101115 37 
102143 102 
103022 15 
103163 6 
103745 286 
106458 21 
106904 4 
107540 32 
107740 1165 
109937 66 
110331 22 
110856 100 
111078 89 
114256 3 
114822 20 
115336 276 
115603 13 
117583 23 
117834 8 
117834 8 
119881 245 
119929 610 
120775 184 
122034 495 
123094 2 
125791 376 
129835 45 
130903 122 
130949 35 
131293 31 
133889 194 
134304 190 
134667 101 
136100 51 
136292 26 
136774 90 
137013 79 
140713 8 
140735 2048 
141739 305 
142639 1775 
142829 6649 
143083 81 
144763 50 
145240 748 
145675 135 
146665 177 
147449 183 
148111 51 
148761 242 
149028 258 
149099 348 
149107 324 
149236 348 
149321 105 
149419 188 
149588 525 
149887 125 
149926 1848 
149951 174 
150318 65 
150537 80 
150696 4398 
150721 580 
150739 352 
150907 63 
151027 243 
151380 41 
152175 3 
152328 71 
156412 122 
156768 75 
157183 11 
159923 284 
160333 57 
161111 175 
161233 61 
162407 2399 
164429 1096 
164454 1037 
164850 278 
165896 243 
165903 169 
166603 692 
166621 7 
166854 181 
166879 10 
166926 60 
170150 36 
170504 4 
171061 39 
172189 112 
173307 490 
178142 11 
178960 684 
179601 270 
182608 37 
182668 122 
185333 278 
185429 52 
185572 46 
187658 141 
189625 133 
189839 26 
194830 78 
195285 25 
201499 13 
203657 205 
208363 104 
221185 176 
224047 136 
224103 141 
226101 44 
226129 197 
227689 114 
228285 124 
231674 169 
233847 201 
234908 305 
236771 1512 
236774 380 
236794 357 
236803 458 
236873 330 
238099 679 
247932 56 
248049 77 
249341 273 
249639 32 
249802 127 
255938 37 
258941 597 
262966 97 
263795 165 
264922 86 
265112 110 
265475 49 
274840 100 
275168 318 
275262 330 
275286 36 
275436 99 
275725 261 
276055 1202 
276077 135 
276846 255 
282741 1895 
288207 135 
293579 250 
293800 77 
297761 1913 
302512 190 
304470 680 
307520 1080 
309559 485 
311174 546 
312160 373 
312242 31 
313911 153 
319403 239 
322452 40 
323058 61 
328376 1474 
330597 3230 
331716 898 
331764 380 
335930 716 
336892 477 
337817 187 
341428 77 
342790 158 
344230 251 
349405 39 
351923 20 
355772 71 
355845 74 
369735 65 
370574 358 
372781 51 
379784 71 
386723 121 
393876 6 
403570 334 
407347 840 
407928 45 
413133 85 
414363 205 
419623 11 
420685 276 
427928 124 
433384 218 
433457 122 
493404 1082 
498204 41 
499050 95 
502562 40 
512401 86 
518768 40 
544184 82 
565241 39 
565977 1 
567678 53 
591357 585 
597268 70 
