2333 5.6294212963
0 17267 
10 34 
12 161 
18 19 
19 15 
19 212 
19 139 
20 109 
20 114 
23 69 
24 23 
24 137 
24 139 
26 48 
26 73 
29 130 
30 228 
31 40 
31 98 
32 114 
33 60 
34 67 
34 160 
34 133 
34 114 
35 80 
37 26 
39 179 
40 83 
41 34 
41 48 
42 65 
43 15 
46 110 
49 81 
50 67 
50 41 
52 67 
52 38 
52 85 
53 53 
54 112 
55 32 
56 209 
56 51 
56 93 
61 39 
62 89 
63 39 
66 60 
66 36 
66 143 
67 269 
67 67 
68 47 
68 193 
69 90 
69 104 
70 162 
71 98 
71 99 
74 16 
75 145 
76 134 
78 80 
79 154 
80 76 
80 15 
82 97 
85 91 
89 144 
91 188 
92 107 
92 135 
94 35 
95 35 
100 692 
100 77 
101 797 
103 246 
105 43 
106 134 
107 23 
108 67 
109 276 
110 97 
112 28 
113 66 
115 114 
116 54 
117 67 
117 154 
119 42 
119 76 
123 70 
124 139 
127 39 
127 58 
128 103 
128 95 
129 127 
129 33 
130 118 
131 227 
192 51 
203 146 
203 22 
206 50 
206 38 
207 192 
215 319 
221 168 
221 129 
224 97 
225 65 
226 125 
227 75 
230 146 
233 59 
233 97 
235 50 
236 44 
237 76 
237 87 
237 40 
239 92 
240 88 
245 52 
251 101 
252 134 
254 35 
259 99 
263 14 
278 78 
282 69 
282 82 
288 49 
288 103 
289 50 
291 64 
293 85 
297 16 
298 110 
305 53 
305 173 
306 25 
311 51 
311 217 
325 57 
327 65 
328 106 
329 72 
330 196 
331 51 
332 121 
335 60 
339 85 
342 144 
344 148 
344 113 
346 116 
350 69 
351 20 
362 160 
363 13 
364 104 
367 54 
371 74 
379 138 
380 118 
382 20 
385 30 
391 38 
394 73 
394 17 
397 23 
398 72 
401 43 
405 125 
407 81 
408 83 
413 123 
417 126 
418 14 
419 6 
426 38 
428 150 
430 95 
434 88 
439 99 
444 152 
445 77 
448 100 
452 12 
466 131 
469 75 
471 59 
473 58 
477 28 
482 37 
491 206 
491 83 
491 125 
508 64 
509 67 
516 44 
518 94 
520 16 
520 19 
528 152 
530 30 
540 131 
544 45 
546 174 
556 103 
556 89 
561 138 
566 170 
571 87 
627 80 
631 119 
631 74 
635 78 
656 142 
656 239 
669 101 
672 66 
674 40 
676 44 
679 36 
679 25 
682 173 
693 34951 
712 256 
712 98 
714 69 
714 100 
715 44 
715 143 
717 83 
717 131 
718 158 
718 28 
719 55 
719 78 
720 127 
720 78 
721 144 
721 47 
722 40 
722 84 
722 159 
723 92 
724 71 
725 114 
725 85 
727 73 
727 90 
729 91 
730 48 
733 83 
734 137 
734 113 
735 151 
737 69 
737 145 
739 38 
740 161 
741 100 
742 62 
744 66 
744 132 
745 239 
746 118 
746 115 
748 95 
750 63 
750 35 
750 84 
751 119 
751 84 
752 162 
753 70 
753 62 
753 96 
758 119 
761 111 
764 149 
768 241 
768 112 
770 227 
770 154 
771 165 
771 72 
771 150 
771 39 
771 86 
773 153 
773 30 
773 79 
773 54 
774 503 
775 63 
776 113 
776 79 
778 29 
778 170 
779 96 
780 114 
781 117 
781 67 
782 52 
785 37 
785 93 
785 91 
785 35 
786 40 
786 74 
786 57 
787 102 
787 188 
792 84 
792 69 
793 61 
794 148 
795 53 
795 78 
796 108 
796 218 
798 59 
804 115 
808 13 
815 138 
817 49 
817 132 
817 114 
819 36 
819 12 
819 105 
819 43 
823 96 
824 111 
824 66 
825 69 
827 82 
827 163 
834 66 
838 11 
838 39 
839 55 
839 66 
840 154 
841 116 
843 83 
844 70 
844 19 
849 85 
850 134 
850 97 
851 101 
854 60 
856 159 
857 95 
859 176 
861 73 
862 123 
863 52 
864 41 
864 61 
865 41 
867 24 
873 35 
873 99 
875 116 
876 76 
877 73 
878 27 
879 28 
880 113 
881 131 
884 246 
884 48 
890 64 
890 20 
892 79 
895 25828 
895 46 
897 102 
898 38 
900 98 
901 120 
902 185 
903 126 
903 44 
903 69 
904 93 
907 121 
908 58 
908 211 
909 112 
909 97 
910 228 
910 30 
911 14 
912 88 
913 44 
914 135 
914 57 
966 298 
966 103 
967 83 
968 68 
968 48 
969 141 
969 104 
970 32 
970 2024 
971 35 
973 62 
974 100 
976 112 
976 49 
976 37 
977 140 
979 176 
979 14 
980 72 
981 93 
981 124 
982 147 
982 33 
983 31 
984 23 
985 58 
985 144 
986 20 
986 47 
987 46 
987 128 
988 245 
988 109 
991 65 
991 41 
992 32 
992 19 
992 806 
993 64 
994 118 
994 119 
994 102 
994 171 
995 111 
997 123 
998 70 
998 107 
999 64 
1000 53 
1000 318 
1001 119 
1002 46 
1003 76 
1004 33 
1004 75 
1004 113 
1007 73 
1007 96 
1008 196 
1009 133 
1010 26 
1011 33 
1011 32 
1011 96 
1014 41 
1015 93 
1016 130 
1018 107 
1020 17 
1020 63 
1020 137 
1021 30 
1022 33 
1025 34 
1025 89 
1025 82 
1027 238 
1028 69 
1029 48 
1030 136 
1033 91 
1034 56 
1036 120 
1036 35 
1036 26 
1036 41 
1037 24 
1038 5 
1038 43 
1038 35 
1039 48 
1039 1121 
1041 82 
1041 15 
1042 58 
1043 126 
1044 78 
1044 50 
1045 95 
1047 148 
1047 199 
1047 70 
1050 84 
1050 168 
1051 29 
1052 29 
1053 62 
1054 127 
1055 30 
1055 31 
1056 65 
1058 36 
1059 19 
1060 214 
1060 95 
1061 87 
1061 188 
1062 205 
1064 103 
1064 92 
1066 17 
1067 81 
1069 36 
1069 48 
1071 110 
1072 142 
1074 57 
1079 111 
1084 77 
1085 36 
1085 88 
1085 71 
1086 143 
1086 75 
1086 83 
1088 48 
1089 305 
1091 44 
1091 91 
1093 52 
1093 116 
1094 64 
1095 19 
1097 189 
1097 137 
1099 87 
1101 17 
1103 49 
1104 74 
1104 87 
1105 52 
1106 67 
1107 86 
1108 99 
1109 110 
1109 20 
1112 517 
1112 48 
1113 108 
1116 226 
1117 77 
1117 55 
1118 70 
1120 99 
1121 119 
1121 26 
1121 44 
1122 48 
1123 31 
1123 32 
1123 69 
1124 72 
1128 67 
1129 123 
1129 110 
1132 49 
1133 129 
1135 69 
1137 71 
1138 32 
1140 42 
1141 122 
1142 91 
1142 66 
1151 227 
1151 30 
1152 148 
1155 15 
1155 39 
1156 84 
1156 87 
1158 396 
1159 49 
1159 70 
1159 113 
1160 75 
1161 49 
1162 150 
1163 42 
1163 76 
1164 38 
1166 75 
1166 11 
1169 64 
1170 50 
1175 126 
1175 49 
1179 61 
1181 114 
1186 120 
1188 155 
1189 32 
1192 37 
1197 85 
1197 98 
1198 81 
1200 31 
1202 64 
1202 120 
1204 23 
1205 88 
1207 92 
1207 51 
1208 313 
1208 139 
1208 120 
1211 284 
1211 46 
1215 39 
1216 60 
1217 102 
1220 44 
1220 166 
1222 16 
1223 106 
1228 96 
1229 100 
1231 22 
1232 32 
1236 106 
1237 223 
1237 60 
1238 69 
1243 60 
1244 4 
1245 140 
1247 29 
1251 30 
1255 165 
1255 23 
1258 91 
1259 21 
1260 33 
1264 90 
1264 94 
1265 40 
1271 21 
1277 81 
1277 59 
1279 38 
1280 46 
1280 139 
1282 144 
1283 48 
1284 128 
1287 125 
1288 43 
1288 66 
1290 58 
1291 98 
1294 21 
1294 73 
1296 87 
1297 145 
1299 197 
1300 61 
1305 66 
1306 121 
1307 127 
1309 58 
1310 123 
1314 67 
1317 54 
1318 86 
1320 205 
1321 36 
1322 46 
1322 18 
1323 94 
1324 168 
1326 98 
1326 35 
1327 167 
1330 46 
1331 36 
1331 53 
1331 20 
1338 260 
1338 63 
1342 77 
1343 132 
1346 48 
1346 71 
1347 119 
1348 24 
1351 84 
1354 76 
1355 79 
1356 92 
1360 77 
1361 44 
1362 101 
1363 95 
1365 87 
1367 35 
1367 51 
1369 119 
1371 37 
1372 83 
1373 225 
1374 75 
1375 50 
1380 119 
1380 28 
1381 196 
1381 37 
1384 53 
1390 54 
1395 105 
1399 44 
1399 40 
1403 111 
1407 73 
1411 125 
1412 112 
1413 60 
1414 45 
1416 61 
1418 100 
1419 48 
1427 47 
1429 13 
1482 39 
1495 102 
1504 56 
1509 149 
1510 83 
1510 27 
1511 96 
1517 189 
1518 62 
1524 133 
1533 49 
1533 71 
1534 47 
1536 104 
1536 122 
1544 3 
1548 65 
1556 64 
1560 59 
1565 92 
1566 9 
1568 121 
1569 108 
1572 57 
1573 72 
1574 29 
1577 125 
1579 51 
1579 99 
1579 69 
1582 47 
1583 83 
1595 43 
1597 87 
1598 69 
1601 135 
1602 50 
1607 219 
1608 114 
1609 82 
1610 63 
1616 117 
1617 127 
1618 128 
1620 0 
1630 64 
1633 209 
1640 91 
1640 117 
1641 48 
1642 94 
1643 76 
1645 27 
1647 186 
1655 87 
1669 211 
1671 61 
1673 56 
1680 64 
1681 22 
1681 29 
1682 118 
1687 15 
1688 75 
1693 136 
1726 29 
1728 70 
1731 34 
1735 221 
1738 4 
1744 41 
1749 76 
1749 64 
1760 61 
1764 149 
1767 131 
1770 8 
1771 74 
1775 65 
1787 57 
1789 35 
1792 42 
1793 30 
1794 39 
1799 93 
1803 167 
1804 50 
1807 56 
1809 61 
1810 72 
1811 87 
1813 101 
1820 62 
1823 125 
1823 46 
1837 134 
1837 515 
1842 65 
1843 103 
1843 139 
1848 17 
1849 78 
1852 116 
1853 454 
1870 47 
1871 163 
1872 22 
1875 294 
1884 129 
1891 57 
1896 103 
1898 72 
1900 23 
1900 89 
1902 55 
1905 178 
1910 136 
1911 111 
1915 154 
1916 60 
1924 38 
1928 32 
1932 168 
1932 67 
1933 44 
1943 111 
1946 102 
1948 18 
1952 51 
1958 55 
1971 53 
1983 71 
1984 39 
1991 78 
2049 46 
2053 79 
2057 69 
2058 105 
2058 25 
2063 147 
2094 40 
2114 61 
2118 39 
2122 49 
2134 118 
2139 47 
2140 37 
2140 83 
2141 32 
2148 72 
2154 105 
2161 163 
2161 26 
2161 182 
2164 16 
2166 92 
2170 26 
2179 121 
2180 32 
2181 57 
2182 28 
2184 221 
2196 163 
2209 168 
2214 135 
2222 84 
2230 82 
2233 50 
2236 64 
2242 54 
2245 58 
2252 15 
2256 82 
2262 48 
2262 40 
2266 83 
2267 98 
2284 35 
2293 237 
2305 25 
2307 63 
2312 86 
2315 162 
2319 36 
2331 193 
2334 33 
2341 92 
2342 91 
2352 156 
2354 157 
2355 16 
2356 123 
2363 54 
2367 10 
2372 65 
2373 176 
2375 83 
2378 108 
2379 23 
2379 48 
2381 41 
2387 98 
2393 153 
2396 0 
2399 81 
2407 103 
2412 232 
2417 5 
2426 405 
2429 164 
2444 89 
2451 102 
2460 14365 
2472 33 
2473 23 
2477 127 
2486 21 
2486 208 
2498 64 
2502 140 
2503 31 
2503 74 
2517 23 
2518 66 
2518 23610 
2525 11 
2528 115 
2528 196 
2528 50 
2530 49 
2532 55 
2534 14 
2535 121 
2539 4409 
2542 28 
2542 34 
2549 16 
2549 45 
2549 135 
2550 68 
2550 78 
2551 65 
2553 80 
2557 95 
2558 389 
2560 128 
2563 285 
2564 46 
2565 58 
2565 93 
2570 24 
2570 115 
2571 31 
2579 61 
2580 78 
2581 72 
2581 24 
2582 21 
2586 548 
2587 17 
2587 50 
2591 56 
2591 13 
2592 109 
2603 29 
2608 118 
2609 5327 
2610 181 
2612 92 
2613 132 
2615 55 
2615 133 
2617 103 
2617 46 
2618 70 
2619 76 
2619 6 
2622 79 
2623 132 
2623 163 
2627 62 
2634 142 
2637 78 
2638 91 
2639 131 
2642 50 
2643 134 
2646 27 
2649 459 
2649 313 
2650 102 
2650 25 
2653 98 
2654 49 
2654 33 
2659 29 
2667 26 
2668 138 
2674 408 
2680 109 
2683 108 
2684 120 
2685 77 
2686 28 
2688 9 
2694 430 
2700 68 
2700 301 
2706 124 
2708 62 
2712 130 
2717 97 
2724 39 
2726 26 
2729 150 
2730 90 
2732 60 
2733 55 
2737 310 
2738 250 
2741 57 
2753 295 
2760 607 
2762 49 
2773 64 
2773 390 
2784 9 
2789 23 
2792 124 
2802 54 
2804 91 
2806 113 
2809 133 
2825 108 
2829 444 
2832 79 
2837 112 
2842 74 
2851 96 
2856 33 
2861 78 
2864 109 
2864 66 
2866 155 
2869 580 
2874 18 
2875 14 
2884 261 
2892 97 
2892 2291 
2903 26 
2904 45 
2908 55 
2909 41 
2909 47 
2915 129 
2918 164 
2919 24 
2921 36 
2926 67 
2927 28 
2931 79 
2935 78 
2936 25 
2936 38 
2940 40 
2951 79 
2952 143 
2953 46 
2957 76 
2957 51 
2960 73 
2963 119 
2966 47 
2967 55 
2968 118 
2969 115 
2969 29 
2969 80 
2972 153 
2981 85 
2981 132 
2983 73 
2984 56 
2985 99 
2991 397 
2994 83 
3012 780 
3015 284 
3026 305 
3031 81 
3031 32 
3034 146 
3043 111 
3044 67 
3049 38 
3053 5 
3055 41 
3057 53 
3062 208 
3062 115 
3063 78 
3064 134 
3066 32 
3074 102 
3081 32 
3087 73 
3088 72 
3153 85 
3160 45 
3163 106 
3170 127 
3185 58 
3194 93 
3200 46 
3209 18 
3225 179 
3237 54 
3240 96 
3241 18 
3268 58 
3271 65 
3301 96 
3301 29 
3315 280 
3317 595 
3317 140 
3331 69 
3345 43 
3356 122 
3359 116 
3363 45 
3364 420 
3364 33 
3369 212 
3369 35 
3369 105 
3378 98 
3394 33 
3396 936 
3399 693 
3405 60 
3413 133 
3417 60 
3425 69 
3431 195 
3436 32 
3438 46 
3440 134 
3442 136 
3453 61 
3453 69 
3454 32 
3459 14 
3475 24 
3477 33 
3478 38 
3480 57 
3486 74 
3490 15 
3491 6 
3495 19 
3500 404 
3516 60 
3524 158 
3543 65 
3547 42 
3557 109 
3560 17 
3562 103 
3574 558 
3580 57 
3585 77 
3587 138 
3589 61 
3592 24 
3595 38 
3603 50 
3620 52 
3623 30 
3626 31 
3640 61 
3640 100 
3654 102 
3655 21 
3658 905 
3661 459 
3664 60 
3679 73 
3679 177 
3681 49 
3683 79 
3694 104 
3700 70 
3705 11 
3708 114 
3719 185 
3719 137 
3720 109 
3722 9 
3722 21 
3731 29 
3740 148 
3755 81 
3763 26 
3770 217 
3771 4 
3772 261 
3777 120 
3780 40 
3783 69 
3783 88 
3785 59 
3786 88 
3789 130 
3790 12 
3803 23 
3814 118 
3818 80 
3819 117 
3823 2 
3824 2402 
3837 74 
3841 46 
3841 143 
3843 31 
3843 11 
3850 48 
3851 13 
3856 203 
3864 75 
3868 31 
3877 54 
3878 375 
3886 22 
3898 34 
3906 42 
3915 74 
3923 36 
3948 114 
3951 58 
3958 90 
3961 29 
3969 20 
3976 56 
3976 16 
3991 150 
3991 255 
3993 179 
3999 132 
4004 71 
4011 26 
4023 41 
4024 24 
4030 44 
4049 180 
4056 282 
4057 73 
4072 288 
4075 125 
4077 116 
4081 101 
4081 54 
4083 60 
4086 104 
4086 93 
4087 141 
4088 48 
4107 124 
4112 252 
4121 24 
4125 204 
4130 90 
4140 101 
4140 74 
4145 92 
4150 380 
4151 84 
4151 114 
4156 123 
4157 718 
4176 77 
4180 156 
4183 171 
4191 73 
4192 25 
4194 81 
4201 37 
4234 914 
4242 108 
4246 5 
4248 108 
4314 32 
4317 73 
4318 84 
4320 195 
4327 64 
4328 438 
4334 28 
4338 120 
4340 23 
4341 34 
4341 136 
4342 136 
4343 93 
4358 1558 
4380 34 
4426 103 
4428 56 
4429 397 
4434 75 
4436 89 
4452 184 
4456 140 
4457 32 
4457 117 
4466 28 
4490 74 
4495 86 
4530 80 
4547 128 
4556 105 
4561 75 
4566 269 
4581 54 
4588 38 
4612 137 
4613 20 
4614 35 
4621 67 
4623 39 
4629 249 
4646 63 
4654 28 
4661 167 
4664 42 
4673 43 
4678 97 
4683 104 
4685 68 
4691 1 
4703 316 
4704 40 
4711 135 
4735 104 
4740 339 
4745 77 
4759 195 
4761 46 
4773 64 
4789 77 
4798 82 
4800 53 
4815 72 
4815 158 
4825 48 
4833 43 
4839 14 
4843 701 
4846 32 
4871 30 
4873 89 
4875 129 
4882 146 
4891 36 
4929 119 
4931 6 
4942 128 
4950 61 
4968 38 
4980 84 
4984 130 
5000 29 
5011 36 
5016 174 
5022 97 
5023 77 
5029 153 
5031 164 
5040 95 
5043 120 
5047 67 
5060 35 
5070 56 
5075 91 
5118 740 
5139 41 
5156 85 
5156 178 
5177 63 
5182 45 
5189 42 
5191 1173 
5230 68 
5230 24 
5230 146 
5258 39 
5280 115 
5288 82 
5298 17 
5320 149 
5345 161 
5373 103 
5387 70 
5392 242 
5426 67 
5426 55 
5427 75 
5444 58 
5457 49 
5464 38 
5468 44 
5473 153 
5476 121 
5489 36 
5493 96 
5495 54 
5500 45 
5527 13 
5548 45 
5568 81 
5573 116 
5577 46 
5579 42 
5593 73 
5651 33 
5677 24 
5686 70 
5686 35 
5691 133 
5698 36 
5715 65 
5721 61 
5730 104 
5733 148 
5781 101 
5785 42 
5810 39 
5821 56 
5830 19 
5843 83 
5845 25 
5886 29 
5897 42 
5916 58 
5917 122 
5927 41 
5942 67 
5949 26 
5950 20 
5958 116 
5962 134 
5987 50 
6004 48 
6012 139 
6023 19 
6030 18 
6032 168 
6067 4 
6069 84 
6070 140 
6079 45 
6143 42 
6161 36 
6172 231 
6173 17 
6179 78 
6188 68 
6199 58 
6246 90 
6247 22 
6261 43 
6266 228 
6268 84 
6271 20 
6305 33 
6308 87 
6326 90 
6337 105 
6346 98 
6352 105 
6359 42 
6363 55 
6374 107 
6384 157 
6402 62 
6440 301 
6451 75 
6456 76 
6458 122 
6474 145 
6474 69 
6508 81 
6520 371 
6521 5 
6536 106 
6536 63 
6537 44 
6567 80 
6588 214 
6617 20 
6636 162 
6640 86 
6643 121 
6644 18 
6675 98 
6675 41 
6681 186 
6681 20 
6686 42 
6709 28 
6733 90 
6739 35 
6758 42 
6760 44 
6767 54 
6795 58 
6798 92 
6835 16 
6847 37 
6854 68 
6875 71 
6895 37 
6918 40 
6919 56 
6950 54 
7019 29 
7060 132 
7062 90 
7081 44 
7088 62 
7093 78 
7116 115 
7139 68 
7160 91 
7165 14 
7174 18 
7212 90 
7228 19 
7232 22 
7247 11 
7261 66 
7275 21 
7310 42 
7332 68 
7386 17 
7405 21 
7412 76 
7413 66 
7476 30 
7483 129 
7527 90 
7547 61 
7585 815 
7597 185 
7598 2212 
7598 103 
7672 27 
7674 414 
7677 158 
7698 346 
7699 38 
7721 15 
7734 441 
7739 18 
7764 214 
7774 108 
7779 90 
7796 95 
7827 157 
7827 105 
7839 113 
7864 107 
7864 326 
7877 66 
7880 29 
7882 109 
7891 22 
7896 44 
7902 268 
7914 50 
7948 43 
7950 58 
7953 88 
7954 43 
8126 44 
8147 77 
8147 71 
8164 20 
8200 179 
8206 198 
8315 15 
8324 37 
8336 35 
8352 41 
8399 49 
8436 49 
8439 12 
8481 86 
8485 70 
8528 33 
8538 84 
8548 251 
8554 82 
8555 114 
8567 251 
8664 78 
8680 61 
8686 98 
8702 111 
8704 20 
8730 46 
8758 141 
8792 7 
8824 53 
8848 154 
8852 57 
8872 115 
8903 134 
8936 57 
8992 49 
9054 24 
9054 24 
9085 7 
9085 7 
9092 53 
9092 53 
9096 8 
9096 8 
9143 320 
9165 178 
9227 91 
9237 162 
9259 107 
9285 81 
9286 52 
9293 137 
9312 142 
9324 29 
9384 7 
9440 16 
9623 127 
9646 63 
9663 38 
9755 9 
9772 44 
9806 62 
9845 45 
9859 136 
9877 72 
9914 59 
9976 101 
9993 69 
10009 56 
10073 25 
10097 27 
10098 28 
10173 5 
10190 262 
10237 113 
10247 176 
10265 32 
10279 57 
10321 194 
10375 29 
10397 203 
10416 45 
10431 72 
10481 94 
10524 120 
10622 47 
10623 31 
10658 171 
10674 256 
10716 64 
10771 55 
10804 54 
10809 83 
10821 35 
10828 58 
10855 49 
10884 25 
10924 27 
10955 27 
11002 140 
11127 36 
11140 23 
11140 119 
11214 28 
11215 70 
11273 122 
11281 80 
11389 8 
11393 20 
11417 37 
11468 52 
11498 41 
11523 377 
11532 41 
11602 17 
11639 188 
11645 36 
11660 90 
11676 67 
11679 52 
11725 29 
11797 6 
11848 109 
11907 53 
11910 42 
11917 102 
11976 44 
12068 31 
12210 67 
12278 240 
12447 14 
12459 164 
12548 7713 
12551 35 
12562 145 
12565 104 
12569 136 
12569 47 
12572 92 
12586 19 
12594 187 
12594 77 
12594 78 
12596 62 
12597 149 
12603 43 
12603 43 
12606 142 
12610 106 
12616 119 
12629 46 
12658 81 
12685 23 
12698 48 
12707 24 
12759 7 
12776 153 
12803 116 
12804 73 
12817 152 
12839 91 
12854 153 
12876 86 
12917 17 
12920 134 
12920 5 
12952 151 
12979 35 
12981 20 
13004 37 
13052 42 
13080 250 
13143 68 
13155 87 
13196 263 
13221 37 
13255 15 
13281 32 
13312 59 
13316 14 
13321 8 
13396 42 
13468 144 
13473 103 
13536 41 
13538 21 
13585 26 
13623 39 
13632 35 
13697 23 
13716 2 
13720 172 
13721 29 
13725 61 
13734 157 
13799 39 
13799 20 
13808 10 
13825 113 
13920 152 
13928 43 
14061 60 
14104 33 
14194 88 
14257 67 
14275 37 
14291 68 
14312 16 
14337 19 
14366 35 
14411 27 
14434 42 
14442 473 
14607 40 
14663 106 
14800 9 
14861 3 
14875 46 
14885 64 
14896 45 
14955 48 
14958 121 
15021 80 
15086 51 
15096 123 
15096 65 
15129 5808 
15132 53 
15157 54 
15178 320 
15202 108 
15260 18 
15430 27 
15450 29 
15572 16 
15587 15 
15609 31 
15648 34 
15654 120 
15664 317 
15719 68 
15728 68 
15761 23 
15798 111 
15845 79 
15858 64 
15877 118 
15882 35 
16063 64 
16084 48 
16092 19 
16274 33 
16296 152 
16330 13 
16343 81 
16412 80 
16436 42 
16474 22 
16567 474 
16591 22 
16707 54 
16747 188 
16777 468 
16955 66 
16995 27 
17035 185 
17076 119 
17200 52 
17340 62 
17353 28 
17358 143 
17386 149 
17392 205 
17408 12 
17467 16 
17479 21 
17522 11 
17564 51 
17579 48 
17610 25 
17611 4 
17671 47 
17695 101 
17716 95 
17731 301 
17742 67 
17788 90 
17815 69 
17925 23 
18032 41 
18244 61 
18266 30 
18393 26 
18455 76 
18522 48 
18590 88 
18603 47 
18732 22 
18803 6 
19047 34 
19056 26 
19076 74 
19250 72 
19285 202 
19409 86 
19477 28 
19485 19 
19499 84 
19553 27 
19974 37 
19994 130 
20028 172 
20043 71 
20131 56 
20149 49 
20266 124 
20284 183 
20337 59 
20415 72 
20421 86 
20463 20 
20584 35 
20634 19 
20717 128 
20717 22 
20744 7 
21055 149 
21283 129 
21291 159 
21467 67 
21517 10 
21598 46 
21907 15 
22052 46 
22091 33 
22104 80 
22129 49 
22185 80 
22188 132 
22225 18 
22461 24 
22604 34 
22638 24 
22665 137 
22667 144 
22811 97 
22842 61 
22858 118 
23003 28 
23068 6 
23071 173 
23080 176 
23223 96 
23421 42 
23661 40 
23936 49 
24754 398 
24838 58 
25510 123 
25589 31 
25761 37 
25821 59 
26003 149 
26240 221 
26754 56 
27356 41 
28252 21 
28407 15 
28512 193 
28560 27 
28940 60 
28949 440 
29045 174 
29159 625 
29511 237 
29686 112 
29926 98 
30267 205 
30808 37 
32871 133 
35025 48 
37475 170 
38683 51 
41632 42 
44354 26 
45073 21 
47237 20 
47901 16 
49950 76 
50058 107 
50588 76 
51095 39 
51297 210 
51575 67 
51934 49 
51961 103 
52017 26 
52289 11 
52414 129 
52570 104 
52672 46 
52688 69 
52832 10 
53631 70 
54551 65 
54601 789 
54738 7 
54822 37 
54936 181 
55061 128 
55138 275 
55569 59 
55738 23 
55801 83 
56484 146 
56836 22 
56993 5 
57137 55 
57375 36 
57945 150 
58664 116 
58771 24 
58800 29 
59554 41 
60545 120 
63031 259 
63387 18 
63836 17 
64606 35 
65230 155 
65479 125 
66385 34 
66556 199 
66853 28 
67459 26 
67743 37 
67878 90 
68268 57 
68457 20 
69079 20 
69843 46 
70187 112 
70697 4933 
70884 79 
72340 47 
72531 230 
73072 36 
73435 13 
74267 125 
74933 110 
75325 40 
76669 64 
78255 56 
81937 200 
82488 30 
83333 12 
83988 10 
84882 9 
85782 6 
87154 173 
87262 41 
87268 109 
87461 178 
87587 21488 
87618 10 
87618 59 
87621 119 
87623 96 
87624 37 
87625 59 
87626 135 
87628 23 
87628 22 
87629 122 
87631 109 
87641 255 
87642 46 
87645 42 
87647 44 
87650 83 
87653 91 
87654 110 
87657 42 
87658 141 
87661 79 
87663 43 
87665 80 
87667 153 
87672 89 
87673 61 
87678 207 
87681 54 
87685 6 
87685 139 
87687 33 
87691 203 
87694 101 
87708 31 
87711 87 
87711 39 
87712 58 
87715 44 
87725 111 
87728 14 
87731 221 
87733 88 
87739 41 
87742 99 
87745 123 
87745 66 
87748 51 
87750 21 
87760 135 
87760 129 
87766 78 
87767 230 
87769 41 
87783 17 
87787 73 
87800 106 
87810 21 
87811 73 
87813 50 
87817 67 
87821 176 
87824 66 
87829 87 
87833 67 
87847 122 
87859 62 
87859 115 
87859 39 
87860 920 
87864 110 
87874 44 
87882 104 
87883 27 
87892 107 
87899 110 
87931 51 
87943 132 
87947 67 
87971 31 
88017 133 
88024 43 
88030 77 
88048 20 
88075 44 
88090 86 
88168 169 
88170 19 
88181 68 
88215 90 
88218 145 
88243 121 
88266 74 
88286 38 
88322 145 
88330 23 
88354 65 
88394 180 
88421 54 
88491 13 
88498 145 
88545 44 
88569 70 
88760 22 
88776 19 
88796 193 
88801 90 
88927 13 
89087 54 
89099 84 
89207 40 
89231 27 
89246 20 
89522 54 
89608 137 
89923 98 
90056 64 
90224 11 
90347 177 
90521 82 
90611 5 
90741 7 
90887 8 
90920 71 
91574 11 
91748 54 
91921 12 
92124 32 
92291 47 
92437 86 
92543 9 
93508 20 
93768 224 
95124 239 
95173 24 
95575 29 
95610 80 
95650 40 
96491 15 
96760 31 
97469 37 
97512 103 
97854 72 
97964 118 
97970 47 
98091 83 
98377 106 
99534 15 
100044 33 
101277 91 
101378 122 
101926 24 
102266 30 
102426 781 
102633 3 
104329 68 
104658 58 
106168 29 
108209 106 
108893 11 
110391 35 
111421 52 
138556 39 
141599 33 
144206 111 
145980 38 
149272 4 
152271 45 
155110 72 
159088 32 
160458 62 
162962 84 
167530 58 
168342 180 
169649 58 
170013 41 
176385 83 
181255 91 
181445 94 
182754 11 
184005 14 
187655 120 
189989 366 
190005 133 
190025 94 
190095 153 
190095 153 
190134 41 
190190 82 
197822 31 
201269 147 
234896 59 
240054 27 
240732 44 
240834 18 
245020 33 
246784 76 
252334 105 
252942 48 
253005 27 
253061 85 
253861 36 
255217 53 
255414 54 
259693 36 
260147 41 
268578 10 
268930 31 
273576 98 
278428 122 
284010 138 
284587 132 
285201 7 
304369 64 
330607 73 
334244 213 
339461 14 
344063 30 
346731 58 
362772 20 
409121 9 
411172 112 
418807 18 
419099 42 
436752 85 
445567 141 
454076 244 
456741 61 
456819 115 
456939 266 
508727 54 
511761 53 
537630 39 
542493 113 
543027 459 
564963 32 
