2432 3.69332175926
0 538337 
17 41 
20 97 
21 193 
24 573 
26 2789 
28 608 
30 417 
33 250 
36 195 
41 856 
41 71 
42 41 
43 587 
48 455 
49 307 
50 75 
52 1054 
55 1279 
58 430 
58 101 
62 33 
70 2299 
70 141 
71 318 
73 6 
74 334 
74 9 
79 387 
81 33 
88 106 
89 304 
94 159 
98 105 
99 17 
100 62 
100 80 
104 142 
108 1082 
111 1244 
114 112 
115 270 
115 1219 
117 740 
119 305 
121 48 
121 103 
123 8 
124 180 
131 158 
133 27 
134 96 
141 165 
141 221 
143 73 
146 258 
148 298 
150 538 
153 8 
154 239 
154 207 
164 149 
166 175 
166 308 
168 104 
169 333 
170 15 
174 107 
186 279 
189 66 
193 310 
194 27 
195 555 
198 288 
209 368 
211 96 
213 42 
215 142 
226 164 
231 358 
232 93 
236 432 
245 2486 
248 72 
249 121 
253 17 
254 17 
259 473 
261 15073 
262 41 
266 477 
269 175 
275 261 
278 89 
282 14 
287 647 
294 38 
296 188 
298 1029 
300 2052 
310 118 
314 128 
314 438 
321 215 
324 145 
327 124 
342 133 
345 119 
346 223 
358 51 
417 65 
420 39 
430 86 
432 230 
433 1237 
434 1010 
436 31 
436 89 
437 37 
437 71 
438 120 
444 6 
450 107 
458 575 
459 422 
478 177 
491 1334 
491 131 
493 183 
493 41 
496 119 
513 102 
515 98 
532 318 
543 10 
543 58 
548 147 
552 80 
556 70 
571 440 
580 8 
588 106 
590 67 
591 553 
605 112 
609 134 
609 124 
622 59 
626 79 
626 92 
634 41 
643 80 
659 148 
683 181 
684 407 
697 64 
704 36 
707 22 
721 162 
721 55 
722 114 
729 39 
737 106 
744 407 
767 7 
770 393 
772 312 
779 92 
782 223 
785 25 
792 151 
800 11 
805 25 
806 60 
806 329 
813 538 
814 131 
815 17 
816 1026 
816 168 
823 39 
824 57 
827 93 
845 139 
848 555 
848 352 
849 11 
851 80 
853 51 
866 109 
874 42 
884 1370 
898 108 
899 100 
905 31 
925 874 
932 22 
937 437 
940 214 
943 42 
953 1 
969 121 
973 159 
991 95 
993 108 
998 58 
1007 864 
1009 249 
1041 41 
1048 83 
1052 238 
1063 19 
1064 327 
1065 204 
1073 69 
1165 195 
1192 77 
1201 80 
1219 265 
1222 177 
1222 47 
1240 18 
1258 325 
1259 16 
1278 57 
1288 104 
1294 178 
1296 18 
1307 85 
1308 190 
1354 419 
1371 148 
1372 111 
1380 135 
1402 30 
1403 84 
1403 76 
1415 73 
1417 7 
1428 1122 
1441 136 
1442 52 
1448 286 
1457 663 
1460 1195 
1469 566 
1469 14 
1480 51 
1506 141 
1508 12 
1525 225 
1530 151 
1531 253 
1541 231 
1547 2159 
1566 95 
1571 103 
1572 486 
1572 119 
1595 30 
1609 9 
1619 9515 
1620 91 
1621 417 
1628 863 
1644 53 
1649 260 
1653 50 
1660 214 
1663 66 
1666 230 
1668 23 
1676 119 
1685 116 
1698 18 
1707 1320 
1709 30 
1728 33 
1729 205 
1735 641 
1739 178 
1750 16 
1750 242 
1803 27 
1886 62 
1892 82 
1907 453 
1907 21 
1914 23 
1944 34 
1945 161 
1966 827 
1967 301 
1968 407 
1969 679 
1982 90 
2003 116 
2021 954 
2028 106 
2031 159 
2033 175 
2040 48 
2044 22 
2059 63 
2071 18 
2083 94 
2097 242 
2112 4131 
2130 100 
2247 1308 
2274 112 
2302 166 
2326 479 
2341 181 
2350 119 
2357 572 
2374 2089 
2424 103 
2448 5 
2448 34 
2468 25 
2470 48 
2482 214 
2499 33 
2513 415 
2514 31 
2518 43 
2546 85 
2602 97 
2659 351 
2664 32 
2674 119 
2695 56 
2698 24 
2754 817 
2803 45 
2821 9 
2881 6937 
2890 503 
2926 70 
2930 15 
2934 104 
2948 21 
2960 543 
2961 118 
3042 146 
3047 66 
3059 137 
3088 23 
3094 185 
3097 322 
3115 41 
3156 22 
3161 830 
3164 227 
3181 29 
3203 158 
3223 132 
3248 67 
3264 57 
3269 44 
3287 103 
3319 28 
3319 143 
3344 118 
3432 299 
3437 565366 
3446 1147 
3451 111 
3453 93 
3455 588 
3457 336 
3460 21 
3461 121 
3461 12 
3462 117 
3463 158 
3465 54 
3466 111 
3467 133 
3469 52 
3480 482 
3481 159 
3482 68 
3484 36 
3486 274 
3486 69 
3488 185 
3488 990 
3489 1403 
3489 427 
3492 86 
3492 205 
3496 57 
3499 645 
3505 116 
3505 74 
3507 620 
3511 605 
3514 31 
3517 35 
3519 45 
3519 45 
3520 87 
3522 1437 
3524 59 
3524 164 
3524 543 
3525 44 
3528 77 
3528 83 
3528 125 
3530 14 
3531 37 
3533 221 
3535 169 
3536 97 
3536 60 
3536 54 
3537 324 
3539 132 
3540 842 
3543 291 
3544 147 
3545 900 
3546 343 
3547 265 
3552 186 
3552 20 
3553 34 
3555 132 
3555 368 
3557 99 
3559 95 
3562 776 
3563 1813 
3567 310 
3570 60 
3578 1081 
3578 47 
3581 142 
3582 136 
3585 2290 
3588 182 
3592 238 
3595 1249 
3597 180 
3597 20 
3599 191 
3603 643 
3605 41 
3609 143 
3611 228 
3611 632 
3617 533 
3618 35 
3630 61 
3634 147 
3634 58 
3636 65 
3638 213 
3645 40 
3647 103 
3650 1042 
3652 11 
3661 390 
3661 29 
3667 508 
3667 145 
3669 177 
3670 13 
3670 570 
3673 24 
3676 36 
3677 369 
3687 75 
3689 42 
3691 521 
3700 102 
3711 64 
3732 295 
3734 29 
3736 246 
3742 46 
3745 107 
3749 438 
3754 348 
3755 443 
3762 65 
3764 47 
3771 245 
3776 32 
3804 32 
3824 63 
3828 33 
3842 33 
3847 325 
3852 27 
3853 38 
3862 23 
3866 13 
3867 940 
3873 17 
3876 82 
3878 27 
3881 86 
3884 29 
3887 62 
3895 141 
3896 251 
3902 73 
3904 209 
3910 44 
3919 20 
3921 45 
3922 108 
3929 167 
3930 407 
3933 453 
3936 244 
3942 801 
3946 43 
3949 166 
3957 97 
3962 48 
3964 90 
3972 67 
3973 72 
3975 43 
3985 371 
3989 128 
3992 121 
3996 141 
3998 8 
4001 60 
4004 922 
4012 72 
4014 184 
4014 126 
4017 16 
4021 81 
4026 121 
4028 13 
4028 23 
4038 2313 
4046 80 
4056 20 
4059 23 
4063 267 
4089 206 
4089 73 
4093 147 
4098 48 
4099 56 
4110 1063 
4122 59 
4123 110 
4127 99 
4133 35 
4140 13 
4147 12 
4153 646 
4162 46 
4163 125 
4165 2791 
4165 27 
4168 758 
4172 469 
4172 464 
4181 969 
4190 117 
4199 1121 
4201 20 
4204 49 
4209 276 
4211 450 
4212 47 
4220 14 
4224 47 
4225 23 
4235 25 
4239 155 
4244 154 
4264 3215 
4275 65 
4281 241 
4287 21 
4305 239 
4316 53 
4338 155 
4348 112 
4353 237 
4366 216 
4371 170 
4381 119 
4405 12 
4406 69 
4409 53 
4410 315 
4451 42 
4464 97 
4470 17 
4473 25 
4503 38 
4505 4 
4511 48 
4526 70 
4528 166 
4531 52 
4534 86 
4536 64 
4542 54 
4546 842 
4555 191 
4569 14 
4576 184 
4599 30 
4606 34152 
4616 33 
4620 155 
4626 53 
4631 2 
4641 132 
4642 7 
4645 200 
4660 201 
4663 184 
4669 148 
4676 170 
4682 237 
4686 1264 
4699 52 
4706 9 
4753 48 
4758 20 
4779 376 
4785 32 
4805 26 
4808 1331 
4817 216 
4824 81 
4826 28 
4828 397 
4853 741 
4863 334 
4879 598 
4879 26 
4884 52 
4888 414 
4906 102 
4907 73 
4912 70 
4913 3483 
4915 84 
4919 322 
4925 70 
4946 52 
4950 146 
4955 13730 
4982 129 
4990 652 
4995 139 
4997 1018 
4999 45 
5006 28 
5030 94 
5035 206 
5037 36 
5065 145 
5068 30 
5081 995 
5089 492 
5097 653 
5109 83 
5109 117 
5148 2594 
5151 107 
5156 78 
5157 59 
5175 79 
5178 221 
5201 145 
5210 111 
5211 101 
5214 168 
5217 46 
5219 1684 
5220 64 
5225 96 
5226 66 
5239 470 
5262 128 
5268 155 
5271 138 
5272 919 
5273 306 
5275 24 
5287 118 
5290 430 
5298 144 
5299 130 
5305 348 
5319 367 
5327 594 
5327 125 
5328 2 
5346 141 
5349 8 
5372 37 
5404 39 
5432 28 
5435 1333 
5436 351 
5463 11 
5492 40 
5555 47 
5577 23 
5578 120 
5613 11 
5613 14 
5614 133 
5631 137 
5648 21 
5652 186 
5652 71 
5707 428 
5721 113 
5724 130 
5742 24 
5755 362 
5812 67 
5813 186 
5814 166 
5828 101 
5834 40 
5849 168 
5872 337 
5902 75 
5919 13 
5919 72 
5957 152 
5958 23 
5972 194 
5976 9 
5982 277 
5988 131 
6000 66 
6003 17 
6023 105 
6026 40 
6040 212 
6049 4 
6061 1112 
6067 62 
6077 159 
6089 330 
6097 10 
6099 67 
6126 427 
6148 15 
6152 740 
6156 15 
6171 4 
6175 179 
6212 108 
6214 410 
6230 289 
6244 79 
6248 798 
6261 0 
6270 12 
6271 908 
6274 99 
6277 307 
6295 117 
6307 610 
6308 172 
6323 29 
6329 102 
6340 64 
6347 325 
6363 114 
6374 105 
6384 421 
6396 62 
6407 107 
6412 132 
6434 89 
6441 884 
6446 20 
6461 704 
6482 638 
6497 122 
6506 737 
6517 54 
6531 124 
6531 34 
6534 147 
6548 83 
6604 194 
6616 53 
6617 20 
6649 36 
6650 67 
6651 55 
6695 2096 
6706 485 
6708 220 
6732 146 
6737 49 
6739 562 
6757 1868 
6775 527 
6777 22 
6783 38 
6813 114 
6824 537 
6836 29 
6848 2312 
6850 170 
6851 3 
6853 129 
6857 222 
6865 41 
6882 156 
6920 132 
6923 27 
6932 296 
6934 1171 
6935 183 
6937 99 
6946 93 
6950 12 
6953 262 
6985 174 
6994 51 
7013 155 
7025 4129 
7034 74 
7062 125 
7074 41 
7098 200 
7102 604 
7109 469 
7109 138 
7118 128 
7130 21 
7133 214 
7141 39 
7146 46 
7154 44 
7158 102 
7199 2822 
7222 15 
7234 1432 
7235 303 
7239 116 
7262 30 
7266 47 
7285 658 
7290 75 
7295 0 
7299 158 
7306 164 
7330 15 
7335 196 
7337 1086 
7338 231 
7342 67 
7385 80 
7392 182 
7393 50 
7429 973 
7448 116 
7450 144 
7453 2263 
7463 320 
7472 35 
7480 17 
7482 48 
7483 14 
7490 41 
7501 190 
7505 56 
7528 7 
7540 99 
7570 192 
7579 2948 
7585 42 
7593 76 
7613 181 
7613 11 
7654 304 
7665 4684 
7679 138 
7693 330 
7706 157 
7747 91 
7748 13513 
7748 3 
7749 31 
7753 29 
7763 1053 
7772 151 
7772 151 
7784 427 
7802 14 
7815 193 
7833 86 
7851 119 
7852 124 
7860 384 
7865 181 
7876 9 
7876 34 
7878 216 
7879 87 
7894 269 
7895 9 
7905 5 
7918 350 
7925 163 
7938 41 
7941 122 
7964 86 
7968 55 
7970 194 
7974 64 
7975 76 
7978 310 
7985 538 
7990 50 
8007 12 
8013 186 
8013 33 
8025 39 
8034 131 
8042 343 
8045 85 
8049 13 
8070 628 
8071 337 
8072 91 
8073 302 
8079 117 
8081 358 
8083 39 
8083 5 
8083 702 
8088 232 
8098 63 
8099 178 
8105 71 
8114 18 
8128 272 
8140 23 
8143 160 
8156 238 
8159 101 
8166 34 
8167 225 
8169 421 
8173 105 
8177 179 
8201 1386 
8202 1427 
8212 41 
8217 591 
8220 2 
8229 121 
8231 143 
8240 1684 
8261 460 
8282 43 
8287 3 
8332 21 
8339 29 
8348 30 
8349 63 
8358 43 
8366 451 
8420 316 
8435 42 
8448 3208 
8452 71 
8457 71 
8457 209 
8459 254 
8464 33 
8464 156 
8482 8 
8488 71 
8491 67 
8521 156 
8537 40 
8551 992 
8562 23 
8579 135 
8606 114 
8617 32 
8624 65 
8626 34 
8631 42 
8662 18 
8662 18 
8681 638 
8681 638 
8700 117 
8707 47 
8709 181 
8722 95 
8730 14 
8751 273 
8768 386 
8792 425 
8812 344 
8928 159 
8952 168 
8970 360 
8970 72 
8972 17 
8973 404 
8982 104 
8984 60 
8998 4 
9009 132 
9012 62 
9012 111 
9023 718 
9043 32 
9072 76 
9073 601 
9102 97 
9104 101 
9136 334 
9145 79 
9149 710 
9152 193 
9152 21 
9156 6533 
9167 123 
9187 837 
9189 184 
9195 73 
9196 515 
9235 86 
9344 50 
9360 193 
9376 226 
9382 586 
9387 12 
9387 426 
9390 110 
9416 48 
9418 385 
9434 88 
9434 28 
9437 74 
9464 670 
9478 23 
9491 69 
9555 98 
9597 313 
9613 385 
9618 131 
9628 114 
9637 57 
9658 31 
9659 279 
9668 124 
9694 114 
9696 101 
9701 9 
9745 6997 
9762 1809 
9773 306 
9799 759 
9804 1 
9813 47 
9832 98 
9843 102 
9903 456 
9916 45 
9920 653 
9943 38 
9945 117 
9965 49 
9976 46 
9995 416 
10006 759 
10007 112 
10010 94 
10013 227 
10035 77 
10043 226 
10060 264 
10075 83 
10089 25 
10091 308 
10092 112 
10128 27 
10153 293 
10155 116 
10190 161 
10191 355 
10214 20 
10232 55 
10249 184 
10314 106 
10322 2420 
10340 69 
10341 3 
10360 4 
10381 303 
10391 77 
10393 395 
10405 30 
10408 8 
10421 129 
10422 273 
10446 102 
10446 40 
10456 56 
10470 613 
10528 585 
10542 17 
10543 367 
10545 49 
10572 68 
10585 25 
10598 174 
10602 279 
10649 300 
10669 723 
10676 1009 
10696 52 
10702 143 
10717 200 
10735 217 
10737 68 
10748 1025 
10764 42 
10765 2 
10775 39 
10777 175 
10804 1092 
10812 184 
10820 351 
10823 50 
10832 45 
10844 110 
10847 24 
10855 87 
10871 1713 
10880 125 
10882 66 
10886 58 
10899 17 
10899 116 
10920 48 
10921 174 
10937 15 
10951 859 
10959 15 
10978 72 
10986 22 
10989 250 
11000 106 
11008 133 
11013 244 
11037 38 
11055 386 
11056 1313 
11064 82 
11066 11 
11081 50 
11083 1584 
11109 305 
11119 102 
11149 950 
11163 20 
11168 503 
11182 42 
11185 142 
11188 113 
11188 48 
11193 33 
11204 1158 
11240 84 
11243 176 
11258 12 
11282 25 
11283 35 
11288 265 
11291 158 
11293 240 
11295 38 
11304 218 
11305 25 
11327 127 
11328 49 
11358 268 
11366 5 
11373 60 
11375 157 
11391 976 
11398 136 
11409 12 
11415 451 
11469 60 
11487 29 
11496 45 
11505 214 
11515 104 
11525 50 
11529 252 
11537 205 
11539 724 
11546 107 
11555 29 
11559 49 
11574 91 
11580 128 
11587 19 
11590 42 
11629 66 
11635 123 
11636 5 
11638 2 
11640 40 
11654 159 
11657 47 
11671 147 
11675 707 
11687 6 
11745 50 
11750 63 
11751 92 
11765 217 
11769 389 
11772 71 
11774 163 
11774 285 
11776 280 
11777 666 
11781 574 
11803 145 
11809 83 
11817 123 
11822 109 
11836 53 
11840 669 
11850 19 
11854 104 
11859 256 
11892 87 
11897 22 
11924 259 
11928 67 
11967 534 
11983 62 
11984 629 
12000 1842 
12046 147 
12055 35 
12066 42 
12080 20 
12097 76 
12106 378 
12133 14 
12154 651 
12156 800 
12180 185 
12187 858 
12207 98 
12230 4813 
12246 66 
12260 588 
12260 320 
12276 2 
12281 161 
12283 107 
12296 128 
12304 116 
12310 26 
12318 728 
12318 146 
12326 76 
12326 49 
12333 99 
12355 69 
12376 512 
12380 108 
12382 313 
12407 126 
12412 33 
12415 371 
12425 16 
12426 39 
12428 42 
12430 2875 
12433 49 
12452 744 
12460 1229 
12499 494 
12502 170 
12514 64 
12518 103 
12525 0 
12541 50 
12542 777 
12557 3410 
12567 472 
12577 39 
12583 152 
12594 172 
12635 136 
12638 1141 
12647 51 
12650 110 
12687 191 
12688 168 
12691 318 
12699 398 
12700 118 
12703 1240 
12704 154 
12716 19 
12741 122 
12764 207 
12773 139 
12775 4 
12778 165 
12795 212 
12808 47 
12827 198 
12844 226 
12858 38 
12862 51 
12882 124 
12887 95 
12889 0 
12894 242 
12897 227 
12910 225 
12912 224 
12922 82 
12923 14 
12926 1730 
12967 111 
12973 156 
13001 71 
13001 219 
13018 112 
13030 48 
13033 738 
13057 215 
13058 30 
13065 15 
13096 126 
13098 190 
13098 5108 
13098 228 
13108 363 
13128 16 
13133 498 
13138 1067 
13138 633 
13141 46 
13147 196 
13161 95 
13164 5672 
13172 52 
13196 598 
13232 454 
13250 102 
13252 79 
13268 240 
13272 113 
13272 72 
13290 150 
13323 12 
13332 122 
13338 39 
13365 49 
13380 49 
13391 597 
13409 235 
13412 162 
13473 260 
13483 4 
13500 98 
13501 58 
13512 152 
13538 243 
13540 11 
13557 15 
13590 15 
13612 18 
13613 134 
13619 1951 
13628 42 
13652 126 
13656 1729 
13675 139 
13685 129 
13692 39 
13700 11 
13706 53 
13712 139 
13714 38 
13731 375 
13756 30 
13774 32 
13807 5208 
13816 100 
13854 12 
13901 54 
13943 219 
13977 29 
13979 102 
13985 186 
14018 147 
14054 907 
14073 24 
14090 357 
14108 124 
14113 356 
14115 479 
14150 10855 
14187 3 
14201 5 
14211 60 
14215 122 
14226 65 
14252 68 
14252 97 
14289 102 
14290 78 
14307 133 
14310 395 
14315 322 
14354 4 
14365 199 
14376 131 
14408 58 
14420 24 
14443 42 
14471 65 
14486 914 
14496 23 
14513 8 
14528 93 
14533 82 
14590 139 
14610 52 
14615 30 
14620 19 
14631 356 
14661 18 
14683 3671 
14689 196 
14694 470 
14707 142 
14779 1616 
14783 441 
14788 115 
14788 48 
14862 32 
14866 27 
14869 163 
14890 227 
14907 107 
14919 8 
14950 461 
14954 78 
14955 31 
14968 254 
14985 1814 
15024 25 
15026 31 
15049 124 
15059 104 
15079 140 
15081 39 
15082 1037 
15089 614 
15097 48 
15127 183 
15171 84 
15180 14 
15201 98 
15218 645 
15241 1323 
15273 121 
15273 56 
15292 3 
15300 136 
15311 1 
15323 1762 
15334 98 
15339 550 
15354 86 
15364 48 
15379 342 
15410 164 
15422 114 
15436 339 
15448 71 
15461 74 
15465 214 
15466 0 
15571 23 
15605 14 
15608 1586 
15613 23 
15698 528 
15701 1 
15730 24 
15744 28 
15763 52 
15768 144 
15770 16 
15779 11 
15785 590 
15841 24 
15854 42 
15855 52 
15873 9517 
15888 14 
15982 37 
15986 184 
15989 324 
15991 250 
16006 57 
16010 63 
16027 16 
16033 4172 
16037 88 
16046 177 
16061 254 
16079 252 
16092 168 
16094 368 
16120 370 
16223 91 
16266 32 
16299 32 
16311 293 
16424 17 
16439 86 
16450 186 
16454 44 
16516 138 
16538 1222 
16546 19 
16571 83 
16581 50 
16604 63 
16609 306 
16628 248 
16680 16 
16731 52 
16759 84 
16762 2117 
16802 171 
16804 65 
16876 49 
16896 625 
16910 199 
16924 217 
16932 849 
16935 294 
16952 511 
16980 1947 
16991 458 
17032 6 
17045 90 
17059 690 
17060 29 
17107 920 
17124 1311 
17148 345 
17166 60 
17168 539 
17194 11 
17244 74 
17267 176 
17396 687 
17402 20 
17409 167 
17420 296 
17424 45 
17490 269 
17575 53 
17597 65 
17630 45 
17634 64 
17648 63 
17656 1 
17661 1389 
17677 41 
17681 366 
17689 204 
17693 24 
17745 344 
17758 27 
17764 226 
17791 260 
17802 264 
17870 170 
17875 31 
17961 0 
18175 398 
18196 21 
18215 180 
18253 60 
18275 25 
18275 186 
18329 9268 
18364 10 
18382 43 
18390 84 
18399 41 
18407 108 
18431 118 
18445 180 
18467 48 
18481 89 
18484 34 
18504 338 
18517 111 
18526 48 
18534 12 
18546 667 
18555 127 
18559 145 
18567 488 
18587 5 
18591 185 
18594 252 
18610 239 
18612 80 
18640 2 
18670 69 
18671 3 
18704 137 
18731 92 
18740 123 
18762 148 
18763 282 
18774 103 
18783 10 
18799 162 
18833 48 
18852 122 
18868 6 
18902 299 
18927 467 
18959 199 
18966 47 
18982 55 
19038 47 
19063 38 
19108 83 
19169 39 
19196 80 
19224 127 
19257 71 
19277 447 
19283 290 
19300 100 
19425 20 
19482 175 
19521 24 
19572 245 
19577 2687 
19595 589 
19597 548 
19607 205 
19617 30 
19680 74 
19715 44 
19723 35 
19726 721 
19755 838 
19831 100 
19848 324 
19857 259 
19935 459 
19937 1333 
19979 22 
19994 28 
20003 401 
20051 385 
20054 84 
20061 641 
20067 121 
20074 76 
20094 218 
20100 89 
20103 69 
20117 2257 
20174 558 
20191 223 
20220 70 
20227 161 
20237 188 
20239 307 
20245 125 
20247 524 
20250 217 
20257 20 
20272 3883 
20281 74 
20311 52 
20323 425 
20365 141 
20478 133 
20522 200 
20541 1089 
20658 129 
20659 17 
20698 115 
20698 429 
20732 126 
20766 99 
20811 10 
20849 113 
20880 105 
20886 64 
20913 126 
20914 57 
20935 1103 
20947 182 
21083 39 
21117 76 
21142 5 
21173 880 
21200 1 
21223 45 
21269 124 
21290 34 
21298 218 
21377 10 
21401 356 
21636 100 
21671 20 
21679 90 
21690 35 
21707 50 
21739 372 
21934 30 
22242 4 
22284 729 
22583 2 
22697 243 
22714 15 
22939 336 
23007 225 
23134 64 
23298 333 
23534 71 
23781 169 
23869 89 
24018 730 
24113 64 
24224 35 
24266 72 
24328 767 
24335 86 
24355 299 
24457 36 
24660 67 
24704 244 
24794 22 
24865 189 
24923 45 
24973 7 
25076 27 
25193 7 
25471 903 
25632 152 
25648 84 
25705 186 
25761 102 
25807 14 
25855 113 
25858 868 
25971 73 
26115 54 
26361 39 
26367 57 
26496 55 
26777 130 
27050 21 
27688 257 
28018 92 
28449 134 
28892 411 
30372 95 
30449 108 
30923 12 
31442 5 
34178 7 
34293 18 
34618 32 
34829 17 
35064 158 
38548 56 
39202 6 
39530 28 
39997 39 
40147 8 
41210 224 
41570 406 
41607 100 
41609 294 
42115 104 
42485 28 
42734 5 
42813 221 
42821 226 
43942 10 
44109 3 
44956 22 
45177 721 
45469 97 
45810 27 
46160 27 
46321 15 
46393 8 
46810 148 
47053 26 
47076 14 
47565 545 
48165 329 
48606 0 
48791 34 
49165 6 
49395 532 
49645 40 
49782 513 
50636 38 
50991 77 
51097 45 
51224 14 
51668 38 
52118 24 
52497 15 
52615 2171 
53445 59 
53567 229 
53867 141 
54447 61 
55055 0 
55603 10 
55784 17 
56202 57 
56967 41 
57255 347 
57567 460 
57656 42 
57842 183 
60171 300 
60661 188 
61391 840 
61960 1988 
63124 17 
63365 8 
63368 71 
63442 4 
64226 223 
64763 3 
64912 158 
66634 1 
66697 56 
67710 139 
67727 192 
67754 47 
67760 152 
68045 141 
68208 219 
68821 138 
68831 1769 
68883 77 
69045 266 
69051 358 
69088 598 
69251 125 
69268 975 
69269 1305 
69272 31 
69276 242 
69301 53 
69337 160 
69345 280 
69348 692 
69351 101 
69374 878 
69381 129 
69406 176 
69429 24 
69455 1758 
69460 35 
69489 515 
69494 357 
69510 84 
69523 1826 
69542 411 
69618 493 
69646 33 
69779 30 
69824 239 
69895 403 
69916 71 
69931 58 
69943 3 
69943 3 
69961 177 
69961 177 
69987 71 
69987 71 
70051 380 
70183 155 
70246 11 
70347 1397 
70391 70 
70522 195 
70667 792 
71492 266 
71561 523 
71613 8756 
71660 1061 
71687 83 
71688 223 
71697 81 
71706 237 
71713 58 
71736 26 
71744 255 
71748 7 
71773 10 
71789 39 
71815 232 
71827 19 
71847 106 
71874 13 
71965 1270 
71980 35 
72010 121 
72066 12 
72128 3 
72200 20 
72249 174 
72257 48 
72289 14 
72307 271 
72319 639 
72339 6 
72349 467 
72410 21 
72416 86 
72440 11 
72444 14 
72454 260 
72496 24 
72577 72 
72599 6 
72630 106 
72634 163 
72712 532 
72762 52 
72920 33 
73024 878 
73114 208 
73160 44 
73216 97 
73295 26 
73433 117 
73463 387 
73616 132 
73751 65 
74045 101 
74049 242 
74051 21 
74062 40 
74077 86 
74103 68 
74167 14 
74225 71 
74236 247 
74298 199 
74366 55 
74649 670 
74730 5063 
74787 28 
75113 7 
75122 125 
75272 30 
75282 148 
75466 0 
75556 156 
75617 416 
75688 9 
75721 350 
75957 1094 
75967 72 
76016 885 
76108 62 
76177 882 
76216 578 
76245 80 
76370 56 
76398 4 
76401 152 
76515 40 
76566 830 
76592 365 
76786 223 
76937 18 
76979 59 
77016 159 
77029 21 
77079 47 
77232 322 
77356 61 
77495 881 
77501 169 
77508 130 
77516 436 
77646 124 
77867 75 
78049 200 
78419 17 
78457 884 
78593 82 
78677 97 
79150 17 
79335 21 
79383 35 
79435 18 
79742 112 
79788 66 
79871 146 
79900 21 
79954 686 
80015 6 
80044 149 
80080 156 
80123 87 
80290 12 
80305 138 
80584 489 
80806 28 
80944 10 
81042 71 
81049 150 
81064 267 
81102 20 
81148 45 
81575 122 
82077 12 
82079 134 
82450 1330 
82468 89 
82595 33 
82606 73 
82741 117 
82902 179 
83043 62 
83138 215 
83210 79 
83210 79 
83446 267 
83503 13 
83535 1072 
83596 18 
83613 175 
84592 146 
84819 47 
84912 372 
85056 51 
85227 680 
85276 161 
85333 329 
85465 185 
86165 159 
86200 76 
86307 0 
86557 23 
86605 477 
86753 51 
86769 404 
86848 408 
86905 88 
86910 18 
87297 20 
87460 14 
87474 564 
87572 2014 
87958 288 
88028 43 
88194 227 
88318 12 
88792 715 
88804 797 
89098 67 
89137 101 
89262 501 
89289 559 
89668 42 
89696 55 
90021 826 
90058 276 
90398 79 
90460 1049 
90725 82 
90731 138 
90815 18 
91184 229 
91583 55 
91626 45 
91771 351 
91851 53 
92108 79 
92235 445 
92276 429 
92466 54 
93020 43 
93120 1 
93241 14 
93266 194 
93374 271 
93420 91 
93638 194 
93677 54 
93823 4 
94125 173 
95173 2525 
95431 874 
95589 118 
95967 108 
96139 26 
96469 4 
96516 2794 
96530 3048 
96564 88 
96600 18 
96680 544 
96726 102 
96747 63 
96776 96 
96777 1627 
96833 462 
97181 32 
97256 1471 
97325 93 
97452 157 
97491 80 
97685 574 
97915 2048 
97986 167 
98057 106 
98067 81 
98085 74 
98118 106 
98202 514 
98335 233 
98402 181 
98913 181 
99164 2674 
99299 62 
99673 22 
99827 59 
99844 221 
100189 214 
100475 173 
100568 51 
100804 71 
101507 90 
101631 48 
101699 485 
101700 13 
101816 28 
101849 283 
102201 96 
102349 172 
102378 201 
102509 64 
102547 1133 
103191 31 
103518 121 
103581 627 
103670 590 
103797 64 
103815 64 
103895 69 
104451 172 
104553 60 
104632 19 
104679 61 
104703 346 
104869 103 
104963 233 
105183 83 
105371 228 
105406 122 
105505 643 
105544 124 
105689 106 
105743 110 
106145 70 
107168 43 
108048 7 
108660 11 
109251 24 
109726 376 
109755 139 
109842 61 
110121 510 
110186 1980 
110820 10 
111695 79 
118117 1420 
121215 50 
123810 247 
125336 27 
125746 116 
126277 126 
126583 354 
126936 159 
127250 1007 
127349 76 
127414 165 
127813 290 
127944 51 
128407 29 
131606 117 
133862 367 
133966 135 
134878 1106 
134889 210 
134997 309 
135497 240 
135757 1038 
135901 2722 
136088 1071 
136144 57 
136363 142 
136384 7511 
136507 277 
136630 43 
136861 240 
137223 4038 
137246 155 
137771 374 
137812 7 
137883 93 
138034 188 
138225 217 
138263 4 
138629 12 
138651 8 
139206 64 
140071 377 
140090 204 
140456 617 
141338 140 
141491 321 
142118 869 
142311 163 
142960 446 
144293 215 
144879 34 
145473 6 
146602 48 
146932 201 
147448 133 
149543 156 
149705 214 
149767 293 
151005 493 
151196 323 
151222 57 
151479 249 
152517 227 
152778 64 
152839 92 
153279 63 
153880 83 
154123 55 
154346 195 
154881 441 
155109 771 
155656 19 
155777 914 
156694 318 
157119 3624 
157134 903 
158157 150 
158316 538 
158521 994 
158787 1411 
159224 147 
159965 239 
160156 3299 
160232 275 
160269 171 
160494 95 
160715 9 
161357 33 
162120 20 
162212 126 
162372 127 
163042 175 
163078 25 
163283 0 
163502 232 
163563 136 
164705 239 
164831 677 
165508 200 
165514 334 
165691 439 
165872 532 
166422 374 
166559 156 
166706 2951 
167213 28 
167390 83 
167784 67 
168346 67 
168403 721 
168474 438 
168526 193 
168549 238 
169013 417 
169033 182 
169165 4 
170358 45 
170488 151 
170498 1573 
170531 1165 
171319 989 
171388 518 
171412 1498 
171524 558 
171701 534 
171749 208 
171904 119 
171980 210 
172038 22 
172291 112 
172725 3531 
172740 42 
172781 385 
173035 39 
173085 184 
173266 301 
173368 46 
173429 401 
174079 15 
174435 161 
174500 64 
174869 3311 
175184 119 
175214 93 
175267 1138 
175544 79 
175808 1146 
176117 35 
176219 222 
176442 2159 
176468 199 
176574 1355 
176685 57 
176708 185 
177589 326 
178171 172 
179175 29 
179699 56 
179961 48 
180116 72 
180168 196 
180312 316 
180427 1689 
180525 438 
180600 16 
180930 1521 
181052 47 
181191 135 
182021 45 
182154 183 
182636 478 
182994 8 
183184 29 
183352 1233 
183617 1225 
183899 121 
184686 206 
186019 177 
186086 440 
186221 122 
186249 79 
186519 3161 
186606 672 
186753 10 
186815 59 
187136 1260 
187269 143 
187517 285 
187564 126 
187925 644 
188927 7 
189233 36 
192186 79 
192236 398 
192951 26 
193015 26 
194922 43 
196316 1193 
198477 193 
199872 2297 
205152 72 
208946 258 
209223 51 
212211 208 
228425 129 
231121 193 
325338 123 
365406 393 
369633 128 
