2130 1.8669212963
0 502152 
6 282 
8 303 
8 336 
9 120 
10 3 
11 343 
12 19 
12 380 
12 1020 
13 54 
14 616 
16 760 
16 1506 
17 714 
17 514 
17 55 
17 383 
17 991 
17 247 
17 250 
17 523 
18 511 
18 608 
18 553 
18 51 
18 119 
18 124 
19 73 
19 111 
19 256 
20 172 
20 741 
20 204 
21 318 
21 84 
22 164 
22 159 
22 129 
23 224 
23 368 
23 24 
23 981 
23 61 
24 118 
24 889 
25 84 
25 1231 
25 1851 
25 367 
25 155 
26 194 
26 163 
26 548 
27 266 
27 81 
28 43 
28 225 
28 99 
29 24 
29 752 
29 101 
29 54 
30 377 
30 61 
31 136 
31 6 
31 1967 
31 16 
31 431 
31 113 
32 71 
32 29 
32 205 
32 326 
32 1535 
32 72 
32 128 
32 95 
33 138 
33 235 
33 98 
33 773 
33 348 
33 1402 
33 445 
34 51 
34 2548 
34 330 
34 92 
34 598 
35 228 
35 78 
35 684 
35 48 
36 22 
36 168 
36 1162 
36 558 
36 207 
36 55 
36 621 
36 1915 
37 4064 
37 14 
37 9012 
37 110 
37 422 
38 32 
38 1443 
39 57 
39 102 
39 90 
39 286 
39 14 
39 56 
40 507 
40 500 
40 21 
40 94 
40 893 
40 643 
41 34 
41 4936 
42 274 
42 65 
42 1698 
43 450 
43 184 
43 256 
43 200 
44 383 
44 37 
44 13 
44 173 
44 361 
45 18 
46 88 
46 65 
46 358 
46 310 
47 267 
47 279 
47 75 
47 485 
47 1137 
47 69 
47 242 
48 2175 
48 1294 
48 121 
48 1 
48 69 
48 152 
48 118 
48 432 
48 329 
48 582 
49 135 
49 97 
49 77 
49 26 
49 1129 
50 8 
50 103 
50 149 
50 23 
50 151 
50 529 
51 94 
51 337 
51 140 
51 246 
51 236 
51 711 
52 175 
52 372 
52 169 
52 101 
52 125 
52 329 
53 1091 
53 472 
53 211 
53 329 
53 55 
54 424 
54 8 
54 45 
54 435 
54 26 
55 213 
55 1272 
55 112 
55 54 
55 98 
56 298 
56 155 
56 150 
56 173 
57 86 
57 929 
57 218 
58 101 
58 44 
58 1031 
58 6 
58 223 
59 266 
60 232 
60 152 
61 1127 
61 344 
62 1838 
62 589 
63 198 
63 435 
64 336 
64 50 
65 1394 
65 423 
65 326 
65 160 
66 13 
66 405 
66 360 
66 189 
66 90 
66 4 
66 39 
67 854 
67 463 
67 1156 
68 94 
68 163 
68 287 
68 237 
68 437 
68 209 
69 383 
69 257 
70 138 
70 69 
70 43 
70 199 
70 508 
70 342 
71 71 
71 63 
72 3888 
73 36 
73 143 
74 51 
74 16 
74 1063 
75 75 
76 1158 
76 638 
76 111 
76 300 
76 56 
76 5 
77 113 
77 603 
77 53 
77 2408 
78 170 
78 1201 
78 182 
79 45 
79 39 
79 551 
79 266 
80 484 
80 245 
80 404 
80 2709 
81 429 
81 705 
81 461 
82 1755 
82 3678 
82 15 
82 350 
82 11 
82 132 
82 602 
83 558 
83 169 
83 3067 
83 169 
83 36 
84 22 
85 97 
85 6 
85 466 
85 319 
86 132 
86 94 
86 485 
87 483 
87 203 
87 164 
87 129 
87 42 
87 116 
88 909 
88 246 
88 2128 
89 1838 
89 425 
89 92 
89 253 
91 54 
91 5356 
91 144 
91 154 
91 223 
91 140 
91 119 
92 179 
92 35 
92 322 
93 630 
93 451 
93 99 
93 1029 
93 1691 
93 208 
93 15 
94 120 
94 1203 
94 11 
95 40 
95 692 
95 1008 
95 867 
96 153 
96 56 
96 490 
96 33 
97 66 
97 258 
97 321 
97 33 
97 81 
97 427 
97 245 
98 83 
98 190 
98 2704 
99 64 
99 9220 
99 8 
100 211 
101 104 
101 48 
101 288 
101 17 
102 766 
102 26 
102 59 
102 245 
103 58 
103 30 
103 320 
104 450 
104 48 
104 947 
104 78 
105 221 
105 948 
106 640 
106 94 
106 528 
106 373 
107 292 
107 82 
108 127 
109 410 
110 341 
110 81 
110 687 
110 468 
111 28 
111 44 
111 157 
111 1368 
111 483 
112 198 
112 641 
112 126 
113 159 
114 74 
114 339 
114 64 
115 9 
115 831 
115 591 
115 70 
116 36 
116 1135 
116 28 
117 1308 
118 351 
118 85 
118 465 
119 644 
119 485 
120 250 
120 221 
122 15 
122 35 
122 280 
123 56 
123 449 
123 112 
124 162 
125 407 
126 474 
126 123 
127 76 
128 271 
128 5 
128 548 
128 602 
129 285 
129 382 
130 50 
130 668 
130 313 
131 887 
131 420 
132 57 
133 176 
134 78 
134 256 
135 263 
135 198 
135 216 
135 231 
135 8436 
136 626 
136 497 
136 2936 
136 281 
136 150 
137 9 
138 307 
139 1173 
139 241 
140 253 
140 629 
140 17 
140 283 
141 76 
141 117 
141 569 
141 67 
141 235 
141 46 
141 911 
142 37 
143 38 
143 5149 
143 91 
143 246 
143 99 
143 152 
144 49 
144 64 
144 3055 
145 17 
146 311 
147 54 
147 41 
149 771 
149 123 
150 58 
150 119 
151 48 
151 334 
152 815 
152 457 
152 240 
152 156 
153 514 
153 868 
155 550 
155 104 
155 455 
156 198 
157 1057 
157 559 
158 759 
158 221 
158 2412 
159 152 
160 43 
160 22 
160 138 
160 80 
160 51 
161 923 
162 79 
162 616 
162 109 
164 430 
164 2278 
164 2490 
164 185 
165 122 
165 178 
165 4550 
165 369 
166 1135 
166 4 
167 1 
168 68 
168 331 
168 923 
169 235 
169 1019 
169 313 
169 494 
170 56 
171 259 
171 66 
171 331 
172 504 
173 565 
173 81 
173 32 
174 291 
175 86 
175 143 
175 6 
176 175 
176 9 
177 7019 
177 51 
178 238 
178 170 
178 49 
179 19 
180 192 
180 52 
180 825 
181 422 
181 134 
182 99 
183 227 
184 214 
186 638 
187 1621 
187 178 
188 90 
189 3703 
189 796 
190 371 
190 4 
190 63 
190 69 
191 326 
192 871 
192 80 
193 846 
193 71 
193 310 
194 604 
194 189 
194 329 
194 35 
195 508 
196 490 
196 9 
197 185 
197 13 
197 182 
197 119 
198 242 
198 72 
199 713 
199 830 
199 1419 
199 9 
201 8 
201 189 
201 176 
201 1095 
202 1 
202 216 
202 326 
202 155 
202 122 
202 1021 
202 158 
202 3809 
205 84 
206 10 
206 46 
206 239 
207 28 
207 2582 
208 793 
209 1320 
209 1262 
210 573 
210 83 
210 80 
212 67 
212 40 
212 35 
214 323 
214 1329 
214 455 
215 153 
215 30 
216 138 
217 61 
217 32 
218 94 
220 283 
221 146 
222 1072 
223 2112 
224 137 
224 85 
225 1077 
225 17 
226 3376 
227 1140 
227 76 
228 44 
229 668 
232 793 
233 51 
233 736 
235 8604 
236 99 
236 266 
237 135 
237 85 
238 255 
238 767 
238 92 
239 362 
240 2957 
240 170 
240 112 
240 932 
242 1209 
243 142 
244 35 
244 4212 
245 287 
245 997 
245 860 
245 226 
245 81 
246 146 
246 943 
247 548 
247 3678 
248 183 
248 1022 
248 3508 
249 32 
249 1838 
250 565 
252 155 
253 195 
253 3062 
254 1058 
254 114 
256 1563 
256 1579 
258 604 
258 614 
259 111 
259 20 
260 58 
261 1479 
263 872 
265 581 
265 83 
266 1111 
267 1565 
267 111 
269 489 
270 375 
271 532 
272 288 
273 1742 
273 5 
273 251 
281 45 
284 2598 
284 169 
285 31 
286 633 
288 221 
289 1850 
290 35 
291 489 
291 729 
291 108 
292 1150 
292 251 
292 30 
294 135 
294 132 
297 2053 
297 34 
297 1428 
299 1313 
301 196 
301 527 
302 141 
307 224 
307 213 
312 1606 
312 78 
314 188 
315 103 
317 1352 
317 602 
318 277 
319 242 
319 577 
320 77 
324 1233 
325 418 
326 433 
326 202 
326 1600 
329 5811 
329 593 
329 1355 
331 2117 
331 1753 
332 2023 
333 99 
333 1459 
335 1697 
337 36 
339 1330 
340 566 
341 289 
346 65 
346 1249 
346 542 
348 70 
350 3670 
356 43 
356 300 
358 79 
359 727 
360 1034 
361 284 
361 215 
363 722 
364 225 
365 11265 
367 272 
370 137 
373 52 
374 942 
374 1243 
376 306 
377 951 
378 171 
379 797 
381 971 
384 943 
386 1693 
386 549 
387 202 
390 329 
391 99 
392 2 
393 185 
394 485 
397 57 
404 61 
405 1161 
406 7 
411 882 
416 1283 
417 1360 
423 43 
426 210 
428 762 
432 2729 
434 416 
434 73 
437 603 
438 41 
440 18 
440 584 
442 191 
450 557 
451 1167 
454 1236 
454 45 
455 15 
456 263 
457 473 
458 77 
459 3846 
461 1290 
464 86 
465 1061 
467 16 
468 279 
471 2116 
472 1528 
472 78 
472 223 
476 42 
476 1119 
484 2528 
486 195 
486 295 
488 1820 
491 894 
495 1062 
496 95 
496 545 
498 2332 
498 606 
500 480 
502 708 
502 74 
513 1027 
517 27 
518 295 
518 176 
519 277 
519 268 
522 85 
522 53 
529 28 
533 64 
533 2125 
534 170 
536 2841 
536 9 
540 25 
541 4387 
541 96 
543 361 
543 480 
549 1200 
551 1461 
555 450 
558 188 
559 1211 
562 230 
563 901 
566 1646 
567 75 
567 1457 
569 265 
569 82077 
570 734 
570 48 
570 345 
571 35 
574 1136 
575 364 
577 820 
581 337 
585 263 
587 18 
589 1863 
593 301 
597 773 
598 809 
598 385 
600 445 
604 1100 
606 278 
609 2192 
609 2267 
612 313 
614 2778 
615 7 
619 552 
628 121 
629 143 
635 35 
641 289 
650 1119 
652 130 
654 176 
655 1434 
657 1123 
662 200 
664 491 
664 49 
666 169 
667 116 
667 1843 
667 65 
669 561 
673 137 
676 55 
680 636 
681 50 
681 186 
686 1274 
690 70 
691 371 
693 171 
694 175 
702 434 
711 76 
713 1168 
713 15 
714 62 
714 256 
715 893 
718 1391 
720 139 
725 413 
730 845 
732 259 
733 21 
735 77 
739 764 
745 284 
746 1702 
750 28 
753 1430 
755 65 
755 283 
759 704 
759 245 
760 348 
760 1920 
761 8 
771 1053 
771 53 
772 2 
772 583 
777 260 
788 3062 
793 23 
794 1702 
797 2 
797 105 
798 2234 
803 483 
811 33 
819 678 
822 1401 
823 127 
826 7 
834 63 
835 90 
836 834 
839 16 
841 240 
843 5 
844 323 
844 159 
844 664 
847 612 
855 1359 
856 90 
859 4573 
862 357 
862 3445 
868 914 
873 435 
881 1578 
883 5035 
886 67 
888 679 
896 97 
899 13 
913 306 
916 157 
919 20 
922 1518 
926 397 
927 242 
929 1383 
930 46 
936 149 
938 823 
943 503 
946 33 
949 512 
953 2594 
958 12144 
959 41 
960 815 
961 2006 
964 422 
965 38 
967 701 
969 108 
971 17 
973 59 
975 1314 
977 431 
980 1665 
980 660 
981 451 
982 821 
982 425 
983 2848 
987 19 
992 1048 
995 244 
995 262 
998 679 
1010 551 
1014 85 
1015 300 
1030 388 
1033 34 
1033 878 
1038 370 
1039 1314 
1058 1024 
1059 2100 
1061 15 
1070 120 
1073 14 
1074 131 
1078 557 
1079 2846 
1079 65 
1081 48 
1083 333 
1084 3451 
1092 13 
1096 356 
1097 243 
1102 423 
1107 794 
1113 38 
1119 3396 
1120 901 
1120 1131 
1131 268 
1131 2588 
1134 36 
1141 184 
1153 882 
1163 1157 
1164 34 
1166 842 
1172 38 
1190 36 
1203 86 
1208 56 
1212 231 
1225 528 
1237 44 
1244 245 
1250 8 
1276 49 
1289 485 
1300 990 
1307 90 
1308 44 
1315 1301 
1316 23 
1321 20 
1337 149 
1349 2350 
1353 239 
1358 169 
1360 482 
1361 35 
1362 4 
1365 1255 
1370 201 
1374 3223 
1385 4408 
1390 1 
1395 82 
1403 1286 
1405 456 
1409 24 
1410 643 
1412 40 
1439 272 
1450 1335 
1458 431 
1460 1856 
1461 2687 
1480 29 
1487 2309 
1488 69 
1495 2605 
1505 22 
1505 1255 
1514 124 
1519 31 
1522 461 
1528 5765 
1537 36 
1540 1002 
1550 285 
1550 86 
1551 978 
1559 101 
1572 1370 
1580 589 
1580 31 
1591 9 
1593 933 
1598 662 
1599 27 
1602 2123 
1611 48 
1612 156 
1619 1406 
1623 26 
1627 1464 
1631 786 
1635 1324 
1662 4360 
1676 26 
1683 72 
1695 13 
1702 124 
1712 1225 
1712 31 
1730 10 
1731 3335 
1731 448 
1744 6 
1747 219 
1808 147 
1822 1295 
1834 455 
1834 13 
1835 5766 
1844 212 
1857 410 
1919 1297 
1924 1600 
1927 268 
1931 1228 
1935 212 
1950 428 
1950 169 
1956 1616 
1966 45 
2014 1980 
2014 17 
2031 1048 
2051 1800 
2066 23 
2105 106 
2105 1342 
2112 892 
2113 718 
2145 1746 
2156 61 
2190 306 
2194 166 
2231 32 
2250 201 
2301 1626 
2325 228 
2327 309 
2327 327 
2344 1349 
2344 1349 
2349 41 
2349 41 
2358 351 
2358 351 
2363 600 
2363 600 
2371 2864 
2371 2864 
2381 199 
2381 199 
2393 70 
2393 70 
2419 41 
2420 11 
2440 152 
2474 1484 
2479 1897 
2489 3912 
2510 1926 
2520 807 
2539 25 
2573 1471 
2688 2605 
2702 1468 
2710 304 
2716 38 
2754 782 
2798 166 
2806 529 
2814 253 
2852 1566 
2855 219 
2870 650 
2873 381 
2908 507 
2909 683 
2924 240 
2950 452 
2965 1402 
2972 239 
2984 556 
2991 1661 
3009 261 
3018 506 
3046 50 
3059 95 
3105 338 
3116 25 
3126 105 
3138 316 
3157 950 
3189 397 
3194 1211 
3201 156 
3280 834 
3284 9 
3289 608 
3296 391 
3384 410 
3388 983 
3396 588 
3402 732 
3411 899 
3415 310 
3516 32 
3570 11 
3586 214 
3632 582 
3632 7 
3680 1582 
3711 1502 
3730 1512 
3737 38 
3785 26 
3823 425 
3851 634 
3915 603 
3986 861 
4021 501 
4029 861 
4088 380 
4115 1467 
4133 1139 
4153 979 
4160 918 
4245 3176 
4262 598 
4267 1569 
4300 927 
4331 3 
4378 509 
4468 921 
4492 169 
4545 708 
4567 422 
4599 571 
4622 475 
4686 26 
4709 734 
4719 83 
4768 981 
4780 1734 
4792 16 
4833 507 
4840 180 
4893 15 
4943 3732 
5019 2464 
5055 6641 
5076 94 
5082 1378 
5110 61 
5212 726 
5255 26 
5278 1028 
5299 219 
5304 353 
5353 83 
5370 991 
5407 1275 
5417 448 
5419 3921 
5440 1376 
5446 719 
5476 2168 
5564 5023 
5597 354 
5608 5658 
5630 441 
5656 33 
5686 1219 
5691 273 
5699 6521 
5713 115 
5717 727 
5762 30 
5820 3582 
5842 990 
5848 485 
5925 1263 
5945 694 
5992 1465 
6024 2573 
6052 451 
6072 874 
6083 5067 
6125 65 
6165 1116 
6189 29 
6205 542 
6212 7 
6213 527 
6243 26 
6258 1804 
6259 310 
6372 14 
6423 6173 
6425 174 
6473 2960 
6556 224 
6562 21 
6641 56 
6653 83 
6665 27 
6688 1474 
6781 17 
6813 3639 
6830 2737 
6843 41 
6845 568 
6852 634 
6857 152 
6883 197 
6888 1682 
6917 735 
6924 16 
7001 841 
7002 3656 
7046 403 
7058 150 
7087 214 
7128 1718 
7157 886 
7159 49 
7182 727 
7243 1130 
7283 2356 
7299 970 
7318 18 
7335 170 
7336 17337 
7360 2421 
7369 907 
7576 1419 
7581 707 
7606 2038 
7654 237 
7688 199 
7693 388 
7991 407 
8035 0 
8038 354 
8051 2135 
8080 1049 
8102 127 
8139 441 
8269 301 
8389 1329 
8433 609 
8489 267 
8492 407 
8514 378 
8536 128 
8584 271 
8641 1276 
8649 708 
8717 242 
8735 2351 
8779 93 
8791 751 
8794 30 
8807 1933 
8895 437 
9025 23685 
9030 251 
9151 23 
9170 765 
9252 1818 
9334 943 
9388 213 
9409 1074 
9430 880 
9484 8145 
9505 1457 
9513 77 
9515 1008 
9586 726 
9680 341 
9690 2480 
9706 219 
9724 376 
9731 3182 
9732 813 
9892 3619 
9905 159 
9952 4186 
9960 471 
9967 2898 
10000 575 
10073 1841 
10091 2947 
10100 117 
10123 234 
10174 442 
10190 121 
10216 92 
10226 119 
10260 447 
10298 63 
10421 1107 
10459 550 
10655 2129 
10663 66 
10731 728 
10795 1701 
10852 3758 
10952 1738 
10979 6410 
11080 738 
11427 139 
11516 132 
11516 132 
11549 327 
11604 129 
11615 1218 
11642 281 
11676 1244 
11845 2441 
11857 1243 
11863 2577 
11866 740 
11871 1767 
12064 75 
12205 754 
12298 460 
12326 265 
12346 2065 
12438 908 
12561 1093 
12608 237 
12708 3050 
12729 886 
12898 754 
12930 1591 
12986 392 
13418 5958 
13442 2062 
13535 48 
13536 402 
13606 446 
13632 1230 
13681 5 
13746 1884 
13748 298 
13796 125 
13803 1058 
13822 694 
14098 59 
14140 495 
14178 1008 
14298 244 
14388 1268 
14503 1034 
14541 611 
14575 1522 
14718 123 
14765 1122 
14932 2399 
14956 593 
15038 1054 
15088 983 
15103 914 
15118 25 
15430 806 
15782 209 
16108 3411 
16119 3568 
16157 279 
16166 911 
16186 2561 
16223 1683 
16335 145 
16479 769 
16492 47 
16843 272 
16865 653 
16937 98 
17055 661 
17070 1053 
17324 563 
17329 237 
17369 809 
17479 241 
17559 100 
17648 892 
17648 545 
17648 541 
17653 4493 
17903 6135 
18121 43 
18137 3699 
18373 41 
18719 136 
19010 545 
19240 45 
19621 886 
19998 2124 
20055 1623 
20081 13 
20091 1294 
20166 960 
20448 679 
21026 817 
21354 209 
21685 2048 
21734 794 
21957 222 
22024 1124 
22115 1178 
22229 245 
22567 1649 
22643 732 
22735 250 
22819 1248 
23045 376 
23074 390 
23194 1344 
23197 794 
23310 123 
23455 620 
23690 1001 
23847 1243 
23894 1280 
24039 945 
24148 259 
24298 1234 
24419 22 
24435 733 
24815 461 
24895 122 
24955 153 
25040 30 
25166 815 
25199 305 
25227 1733 
25741 47 
26216 537 
26280 132 
26474 54 
26688 307 
26831 462 
27345 2004 
27365 473 
27479 1003 
28291 623 
28564 144 
28680 1422 
28813 8504 
29894 489 
30335 300 
31067 40 
31594 133 
31796 283 
31796 283 
31992 7 
32739 242 
33122 876 
33378 1460 
33948 34 
33949 811 
34372 915 
34879 249 
34993 624 
35112 25 
35658 731 
35734 487 
35895 620 
36295 70 
36548 258 
36671 580 
36677 1440 
36985 3019 
37214 500 
37250 477 
37320 78 
37518 324 
37826 120 
38097 703 
38123 109 
38169 454 
38177 901 
38295 8911 
38437 153 
38561 18 
38567 255 
38577 2765 
38761 1692 
38833 137 
39100 1106 
39172 1161 
39259 74 
39497 492 
39498 458 
39849 189 
39903 1443 
39973 1906 
39983 8227 
40002 25 
40005 169 
40171 17 
40494 1132 
40578 146 
40764 455 
40890 280 
40915 227 
41215 326 
41259 832 
41269 2822 
41280 385 
41350 1134 
41672 317 
41690 31 
41704 62 
41816 713 
41826 305 
41896 2680 
41937 592 
41978 337 
41989 6155 
42010 767 
42086 202 
42115 614 
42120 13570 
42122 232 
42164 15 
42280 609 
42564 461 
42652 2379 
42667 648 
42697 68 
42754 931 
42778 1304 
42907 248 
43003 664 
43572 842 
43652 51 
43656 1541 
43760 320 
43766 951 
43895 4 
44142 420 
44304 107 
44309 181 
44367 773 
44595 486 
44774 116 
44794 201 
44797 134 
44846 873 
44856 15 
44890 82 
45018 1273 
45078 105 
45135 166 
45230 273 
45291 1479 
45313 2022 
45322 19 
45340 55 
45394 573 
45422 989 
45557 395 
45771 329 
45810 858 
45817 474 
46031 2100 
46054 1089 
46090 276 
46128 776 
46162 352 
46172 330 
46220 242 
46685 1115 
46768 445 
46859 172 
46930 738 
46957 1777 
46986 87 
47054 245 
47377 707 
47499 72 
47523 288 
47713 587 
47803 10863 
47883 3113 
47981 539 
48076 2591 
48155 212 
48176 95 
48292 10 
48300 464 
48315 1043 
48360 434 
48403 425 
48424 839 
48683 274 
48780 855 
49074 36 
49178 589 
49407 1370 
49457 1543 
49479 342 
49537 104 
49560 337 
49585 1121 
49643 319 
49674 1813 
49755 323 
49999 442 
50047 195 
50235 102 
50271 801 
50444 103 
50502 1236 
50518 477 
50751 1812 
51120 515 
51378 811 
51422 717 
51472 8048 
51494 687 
51559 1359 
51566 195 
51604 1252 
51672 152 
51864 2074 
51955 419 
51987 230 
52593 675 
52639 307 
52822 81 
52876 400 
52885 742 
53027 546 
53426 273 
53468 2367 
53530 489 
53549 79 
53575 10530 
53603 3139 
53603 3576 
53682 723 
53688 65 
53695 264 
53769 469 
53787 287 
53942 1156 
54030 296 
54032 1910 
54128 1541 
54279 81 
54338 283 
54411 1033 
54560 533 
54592 1284 
54785 930 
54852 1107 
54895 829 
55029 452 
55139 227 
55343 279 
55433 1441 
55567 33400 
55622 151 
55820 581 
55852 95 
56068 1365 
56237 1038 
56240 1808 
56288 192 
56314 29 
56366 1373 
56431 668 
56436 237 
56602 522 
56681 1418 
56703 1500 
56750 10066 
56750 1991 
56802 1346 
56836 1126 
56850 380 
56854 1065 
56923 468 
56927 354 
56935 667 
56936 1238 
56943 867 
57261 1133 
57291 419 
57586 1562 
57628 2014 
57682 139 
57868 2630 
57896 671 
57941 2495 
57944 502 
58104 1763 
58213 1245 
58304 585 
58396 1479 
58396 0 
58451 1456 
58784 1113 
59141 238 
59296 1146 
59449 249 
59462 440 
59833 406 
60296 1929 
60589 140 
60653 240 
60696 16 
60731 237 
60761 1268 
60875 289 
60958 1514 
60972 248 
61067 704 
61125 3571 
61252 533 
61471 192 
62185 8 
62458 1215 
62591 14 
62758 743 
62795 2295 
62874 253 
63210 265 
63218 274 
63296 216 
63306 282 
63330 2600 
63341 1204 
63386 3294 
63465 1833 
63804 623 
63862 2383 
63900 1047 
64059 163 
64097 113 
64120 264 
64151 991 
64374 25 
64776 2913 
64830 9118 
64840 229 
65565 1876 
65764 1824 
65799 333 
65823 2311 
65888 1574 
65905 357 
65961 1031 
66246 222 
66368 1471 
66383 1113 
66393 467 
66460 140 
66476 225 
66792 316 
66808 1858 
67622 814 
68053 891 
68064 386 
68089 1149 
68131 688 
68299 2011 
68357 4353 
68528 127 
68594 687 
68624 258 
68964 149 
68982 323 
69087 1621 
69127 7913 
69211 2952 
69320 252 
69539 754 
69599 2804 
69711 717 
69758 255 
70243 232 
70313 20 
70313 1271 
70420 5583 
70821 1009 
70987 1293 
71068 356 
71217 1 
71289 401 
71601 27310 
71722 21 
72056 191 
72093 445 
72437 703 
72446 53 
72748 830 
72870 712 
73231 205 
73254 1763 
73414 5609 
73457 940 
73849 637 
73956 51 
74182 363 
74392 514 
74772 1064 
75205 75 
75288 1741 
75585 1095 
75791 2652 
75956 380 
76082 18 
76121 411 
76229 486 
76536 1867 
76555 1470 
76558 1543 
76759 2444 
76821 1510 
76908 2569 
77026 72 
77564 834 
77835 1006 
78844 595 
79873 666 
79952 292 
80007 1215 
80424 610 
80549 3640 
80754 1629 
80807 230 
81000 908 
81241 83 
81244 888 
81273 1409 
81390 487 
81479 174 
81506 1758 
81686 688 
82907 1173 
83128 152 
83910 1199 
84162 842 
84317 1048 
84563 308 
84849 3398 
85006 117 
86085 517 
86324 8 
86325 187 
86563 3329 
86802 1099 
86936 632 
87194 537 
87457 1349 
90087 433 
90560 86 
91625 1430 
92168 164 
92918 1620 
92972 5568 
92996 532 
93016 457 
93818 1002 
94117 10 
94719 210 
96000 2293 
96258 970 
96811 559 
97196 2345 
98546 953 
98728 1469 
104880 1249 
105568 1962 
107686 434 
108604 1457 
109367 139 
109489 2020 
110185 322 
110439 292 
110454 118 
115267 4552 
115969 1017 
116102 373 
117493 165 
117708 1043 
119855 89 
131483 566 
133745 3126 
133812 1068 
137999 2068 
138706 309 
140272 145 
143183 320 
143264 57 
143443 42 
148413 733 
148957 272 
151883 49 
153073 1745 
153167 1405 
153188 1096 
155436 1624 
155929 129 
156988 244 
157030 5189 
157383 434 
158742 1190 
158803 849 
159346 700 
160781 484 
160829 561 
161687 242 
162524 547 
163398 283 
163626 193 
164760 88 
165962 13 
167738 11 
169883 310 
170891 1452 
173908 1148 
174145 309 
176828 1364 
177363 2537 
178221 499 
178554 1371 
178928 958 
179872 553 
179957 12983 
181426 985 
183328 5044 
183353 477 
183982 2054 
184741 646 
185238 641 
187660 1446 
190643 1206 
198292 687 
208657 1268 
226476 1150 
232460 961 
239002 190 
245407 997 
245878 23620 
253744 106 
255347 1414 
255696 793 
256101 590 
256632 141 
260388 237 
268759 227 
269545 1806 
270914 226 
273462 1344 
278061 903 
292094 14329 
296901 3479 
304343 1174 
319287 734 
322145 2220 
323906 445 
325361 565 
327751 85 
333417 536 
333698 1036 
338284 531 
342094 565 
347016 47 
352117 812 
353681 4891 
356782 146 
359818 186 
362464 484 
363746 1655 
387233 41 
399723 1422 
407209 2642 
414264 108 
426975 542 
512272 419 
515496 1437 
515698 78 
517045 369 
519640 510 
557553 122 
569477 1236 
570572 1350 
571372 1571 
573449 237 
582343 1 
592180 1051 
592239 1432 
