2305 4.48457175926
0 1987261 
10 126 
14 45 
14 170 
16 109 
20 77 
21 989 
23 114 
25 500 
25 21 
31 55 
31 52 
33 114 
36 464 
37 134 
38 207 
40 2956 
41 123 
41 74 
43 631 
44 98 
46 21 
47 127 
48 847 
49 644 
49 54 
49 46 
50 1156 
50 95 
52 140 
53 252 
54 213 
56 111 
56 242 
56 144 
56 296 
57 150 
57 47 
58 102 
59 602 
59 65 
59 1945 
59 284 
60 602 
60 333 
60 212 
61 104 
62 69 
62 1523 
63 170 
64 234 
65 262 
65 141 
65 329 
65 818 
65 53 
66 235 
67 35 
68 60 
68 155 
68 684 
69 395 
69 432 
69 460 
69 638 
75 113 
76 98 
76 474 
77 136 
78 601 
78 84 
81 101 
82 136 
84 563 
84 656 
85 311 
87 92 
88 229 
88 184 
89 134 
89 11 
91 228 
93 665 
93 58 
93 475 
94 538 
94 723 
95 680 
95 166 
97 126 
97 150 
98 102 
99 166 
100 462 
100 435 
101 654 
103 68 
104 350 
107 153 
107 42 
108 93 
109 106 
109 195 
110 64 
111 157 
112 302 
114 152 
115 89 
117 147 
118 40 
120 176 
121 37 
121 146 
121 355 
122 139 
124 32 
124 299 
124 147 
125 700 
126 139 
126 270 
127 73 
127 48 
127 611 
127 336 
127 529 
128 12 
129 19 
130 381 
134 130 
135 155 
136 215 
136 3429 
138 27 
138 176 
140 519 
142 313 
142 346 
143 68 
145 39 
147 388 
147 113 
147 42 
149 27 
152 42 
152 406 
152 330 
153 4 
154 52 
155 57 
159 47 
161 385 
162 75 
162 143 
163 6 
165 43 
165 64 
168 105 
168 143 
169 155 
169 77 
170 19 
173 197 
173 137 
173 99 
174 827 
174 23 
174 162 
180 50 
180 264 
180 478 
181 490 
181 75 
183 339 
184 73 
186 60 
191 128 
192 196 
193 161 
197 148 
198 148 
199 1558 
200 121 
201 569 
203 791 
203 69 
204 597 
205 297 
205 359 
206 369 
206 633 
209 54 
209 116 
213 147 
214 226 
219 157 
219 260 
221 143 
221 31 
221 166 
222 124 
223 205 
223 34 
225 89 
225 84 
232 38 
235 291 
236 319 
236 454 
236 165 
237 260 
245 57 
245 584 
247 378 
253 133 
257 158 
257 106 
259 77 
259 176 
260 237 
263 205 
263 539 
265 436 
267 350 
269 338 
270 32 
271 80 
272 287 
273 222 
273 168 
275 560 
276 126 
279 95 
280 222 
280 172 
281 471 
284 313 
286 140 
288 90 
288 240 
289 36 
289 218 
289 516 
290 16 
291 200 
292 683 
292 104 
294 138 
297 112 
301 45 
303 308 
307 287 
309 33 
310 54 
312 109 
314 26 
314 395 
315 260 
318 156 
318 312 
319 302 
320 128 
321 61 
321 174 
323 82 
324 570 
325 105 
326 70 
327 167 
329 102 
332 106 
334 197 
336 241 
337 464 
340 128 
342 47 
345 162 
347 30 
351 8 
352 50 
352 31 
353 92 
356 340 
357 397 
359 574 
360 102 
362 43 
363 131 
363 212 
364 62 
366 191 
366 183 
368 5 
371 50 
373 316 
375 111 
376 23 
377 157 
377 122 
382 140 
383 340 
384 985 
385 248 
386 22 
386 125 
386 69 
387 91 
389 16 
390 135 
390 364 
397 71 
397 89 
397 198 
401 65 
401 55 
407 21 
408 50 
409 171 
412 207 
414 131 
415 416 
415 77 
416 37 
416 77 
419 107 
420 210 
421 269 
421 38 
422 141 
423 1316 
426 30 
431 50 
431 81 
433 82 
433 145 
433 102 
435 349 
435 795 
438 22 
448 28 
449 1290 
449 80 
450 42 
453 180 
455 83 
455 70 
458 138 
459 285 
463 38 
463 85 
464 717 
465 48 
465 215 
466 92 
469 83 
472 66 
473 225 
475 76 
478 51 
479 137 
481 180 
484 5 
487 97 
487 111 
488 144 
490 92 
492 140 
494 55 
507 539 
510 710 
510 394 
516 66 
519 59 
520 65 
521 106 
523 163 
524 923 
524 13 
526 224 
530 848 
538 374 
538 158 
538 143 
539 78 
543 204 
543 186 
543 137 
548 283 
549 27 
553 385 
556 54 
557 347 
561 432 
561 67 
569 139 
571 105 
573 49 
580 154 
582 85 
582 81 
585 1018 
586 380 
589 20 
592 217 
597 84 
603 43 
605 66 
605 298 
610 211 
616 11 
616 97 
617 188 
619 84 
621 224 
623 29 
627 12 
631 39 
632 47 
641 70 
643 118 
643 88 
645 437 
648 77 
653 16 
654 133 
660 156 
665 93 
670 287 
674 6 
676 48 
676 111 
677 56 
677 75 
680 127 
682 186 
687 231 
688 59 
690 153 
691 60 
695 128 
698 109 
700 165 
708 30 
708 99 
709 326 
714 212 
714 25 
716 88 
718 475 
719 144 
722 223 
727 752 
728 31 
728 18 
729 211 
739 4061 
745 63 
745 296 
747 212 
748 136 
749 108 
752 174 
758 59 
759 324 
760 290 
761 576 
763 146 
768 357 
769 59 
771 99 
772 60 
775 29 
784 230 
788 151 
791 206 
792 68 
799 9 
804 60 
804 283 
804 158 
808 36 
808 211 
812 38 
814 214 
814 556 
814 72 
816 106 
819 90 
820 67 
823 158 
823 51 
824 26 
826 229 
827 25 
833 112 
839 86 
840 268 
841 319 
843 221 
849 69 
851 174 
854 79 
857 81 
857 295 
866 20 
867 245 
868 502 
871 1330 
876 109 
880 284 
886 65 
886 67 
895 98 
898 222 
899 97 
899 203 
903 15 
904 11 
907 31 
907 247 
911 402 
921 59 
926 97 
927 109 
928 168 
929 73 
931 54 
931 188 
933 746 
933 42 
933 82 
939 549 
939 75 
941 327 
943 382 
951 115 
953 192 
958 151 
960 69 
963 18 
967 171 
967 329 
968 47 
970 39 
971 60 
975 13 
980 24 
982 106 
983 238 
983 77 
986 58 
991 161 
992 121 
1002 5 
1006 135 
1006 79 
1007 62 
1008 62 
1008 273 
1013 8 
1015 88 
1015 55 
1020 303 
1021 253 
1032 307 
1037 437 
1044 76 
1045 147 
1048 316 
1051 298 
1058 278 
1058 18 
1059 217 
1067 321 
1071 41 
1072 124 
1075 11 
1076 335 
1095 151 
1095 63 
1096 36 
1098 177 
1107 137 
1116 306 
1116 415 
1117 54 
1118 49 
1121 40 
1122 162 
1122 224 
1130 52 
1132 99 
1133 37 
1135 550 
1135 74 
1139 107 
1141 44 
1141 39 
1143 125 
1143 293 
1152 110 
1154 15 
1154 409 
1162 207 
1174 52 
1178 12784 
1187 80 
1195 299 
1200 30 
1202 202 
1204 29 
1204 71 
1207 106 
1213 27 
1216 1179 
1218 145 
1219 43 
1220 107 
1224 157 
1236 89 
1240 25 
1242 152 
1244 71 
1245 6 
1247 160 
1254 113 
1256 46 
1256 310 
1258 174 
1262 95 
1265 60 
1268 62 
1271 65 
1275 44 
1276 347 
1278 403 
1281 664 
1282 38 
1288 224 
1297 150 
1297 1216 
1298 55 
1299 164 
1304 79 
1307 257 
1308 5 
1312 133 
1313 445 
1314 36 
1314 260 
1317 105 
1323 92 
1323 91 
1329 10 
1342 604 
1343 574 
1347 32 
1348 22 
1350 208 
1353 160 
1353 65 
1356 79 
1358 79 
1363 180 
1365 49 
1366 71 
1372 7 
1373 1703 
1378 239 
1385 55 
1390 89 
1390 128 
1390 206 
1404 118 
1407 217 
1414 104 
1423 230 
1426 36 
1429 276 
1434 286 
1436 848 
1438 201 
1438 152 
1441 29 
1442 7 
1446 14 
1449 143 
1460 104 
1462 52 
1462 78 
1462 703 
1463 84 
1465 254 
1481 122 
1484 51 
1487 37 
1488 79 
1489 44 
1491 182 
1493 69 
1496 70 
1499 136 
1501 172 
1519 111 
1526 406 
1528 79 
1531 54 
1534 18 
1536 384 
1538 216 
1539 140 
1541 80 
1543 143 
1548 3225 
1555 87 
1558 383 
1558 89 
1565 117 
1573 85 
1573 85 
1574 39 
1574 39 
1584 91 
1584 91 
1585 203 
1585 203 
1588 61 
1588 61 
1591 257 
1591 257 
1593 117 
1593 117 
1596 10 
1596 10 
1599 94 
1599 94 
1604 32 
1604 32 
1619 74 
1619 74 
1620 136 
1620 136 
1625 128 
1625 128 
1626 16 
1626 16 
1630 228 
1630 228 
1636 65 
1636 123 
1636 65 
1636 123 
1638 340 
1638 340 
1646 53 
1649 144 
1650 31 
1653 99 
1655 79 
1663 836 
1664 119 
1668 49 
1670 93 
1673 30 
1673 22 
1675 131 
1677 94 
1677 188 
1677 37 
1682 191 
1682 141 
1686 50 
1688 74 
1691 174 
1692 260 
1704 156 
1705 186 
1708 88 
1716 80 
1716 154 
1717 115 
1722 110 
1729 1688 
1737 182 
1739 91 
1740 173 
1742 221 
1743 715 
1743 46 
1748 150 
1751 100 
1759 288 
1760 65 
1775 535 
1783 101 
1786 135 
1790 67 
1797 22 
1808 92 
1827 1184 
1838 172 
1838 185 
1841 100 
1846 14 
1849 110 
1856 215 
1874 19 
1890 615 
1906 34 
1907 188 
1919 112 
1924 131 
1925 144 
1944 172 
1966 614 
1972 251 
1974 47 
1975 84 
1980 44 
1981 79 
1983 729 
1984 336 
1992 140 
1996 130 
2000 64 
2006 46 
2007 92 
2010 127 
2021 297 
2031 81 
2043 14 
2045 298 
2059 79 
2063 58 
2065 115 
2071 1420 
2075 493 
2084 101 
2087 152 
2093 5 
2100 80 
2101 71 
2102 154 
2103 75 
2104 198 
2117 226 
2118 54 
2119 19 
2120 269 
2121 196 
2121 210 
2124 79 
2126 575 
2127 97 
2138 221 
2147 54 
2147 188 
2147 44 
2152 51 
2158 91 
2163 13 
2165 83 
2168 148 
2170 55 
2174 89 
2177 497 
2178 91 
2178 61 
2180 79 
2184 13 
2196 17 
2202 120 
2205 151 
2207 417 
2209 394 
2225 33 
2228 12 
2229 68 
2243 410 
2243 374 
2244 286 
2251 229 
2251 234 
2255 71 
2257 107 
2260 190 
2263 82 
2264 67 
2270 26 
2271 125 
2273 661 
2276 191 
2279 163 
2280 21 
2283 34 
2287 133 
2290 65 
2292 195 
2295 23 
2309 212 
2311 69 
2314 371 
2320 44 
2320 66 
2325 58 
2326 140 
2331 36 
2333 193 
2334 395 
2335 441 
2340 2 
2340 61 
2342 407 
2346 110 
2347 192 
2350 92 
2353 58 
2354 266 
2356 184 
2357 130 
2365 155 
2382 22 
2383 169 
2384 210 
2396 196 
2409 37 
2413 31 
2437 161 
2438 279 
2440 111 
2440 311 
2444 77 
2452 247 
2460 452 
2495 186 
2502 40 
2514 219 
2520 82 
2525 127 
2528 91 
2534 87 
2542 89 
2544 41 
2566 173 
2567 73 
2578 115 
2592 323 
2600 85 
2602 74 
2603 55 
2607 167 
2608 604 
2619 90 
2622 62 
2623 68 
2629 59 
2642 103 
2656 71 
2676 776 
2682 61 
2692 364 
2694 45 
2700 99 
2702 7 
2702 263 
2714 551 
2715 49 
2720 30 
2724 191 
2726 38 
2727 170 
2733 171 
2735 58 
2740 52 
2741 52 
2744 145 
2752 60 
2759 68 
2766 72 
2770 238 
2775 312 
2786 34 
2795 80 
2795 104 
2798 15 
2799 79 
2813 9 
2837 131 
2843 41 
2854 14 
2862 392 
2863 264 
2868 12 
2871 107 
2878 7 
2885 12 
2891 102 
2906 151 
2909 155 
2918 319 
2918 32 
2931 151 
2934 204 
2945 98 
2950 109 
2951 75 
2952 18 
2952 3 
2960 35 
2962 19 
2968 322 
2975 25 
2980 273 
2983 128 
2983 21 
2985 141 
2991 410 
2992 36 
2993 173 
2996 179 
2997 72 
3000 43 
3004 30 
3007 70 
3008 1197 
3008 53 
3027 372 
3027 64 
3030 112 
3036 12 
3048 194 
3059 53 
3059 8 
3061 195 
3062 152 
3064 16 
3066 190 
3066 524 
3068 261 
3075 218 
3090 551 
3094 159 
3096 142 
3097 264 
3105 10 
3109 132 
3118 7 
3120 117 
3120 345 
3125 28 
3135 104 
3140 91 
3147 138 
3150 95 
3152 112 
3161 63 
3164 246 
3177 65 
3178 73 
3182 455 
3192 42 
3199 15 
3203 112 
3219 294 
3226 22 
3227 461 
3232 145 
3237 71 
3238 46 
3241 76 
3242 236 
3242 172 
3243 56 
3245 75 
3245 99 
3252 72 
3258 9 
3264 20 
3265 62 
3275 98 
3279 431 
3280 7 
3286 69 
3287 122 
3289 47 
3293 241 
3293 9 
3300 406 
3303 326 
3323 3628 
3338 76 
3354 51 
3355 14 
3362 206 
3365 55 
3367 300 
3367 46 
3383 228 
3390 111 
3398 66 
3400 57 
3405 440 
3416 24 
3428 26 
3428 27 
3435 41 
3442 40 
3448 57 
3452 87 
3457 288 
3460 41 
3466 198 
3471 86 
3473 62 
3477 23 
3479 665 
3486 82 
3504 171 
3527 130 
3551 476 
3554 22 
3566 31 
3570 55 
3577 94 
3588 170 
3605 140 
3605 67 
3620 149 
3620 102 
3634 126 
3634 43 
3640 84 
3646 187 
3651 55 
3657 383 
3661 354 
3669 107 
3672 105 
3683 174 
3683 203 
3683 89 
3684 136 
3685 150 
3696 634 
3716 11 
3721 132 
3729 19 
3734 278 
3735 48 
3743 79 
3744 70 
3746 16 
3753 153 
3771 129 
3783 211 
3785 81 
3788 44 
3796 103 
3797 20 
3798 55 
3818 98 
3818 216 
3828 69 
3836 7079 
3860 141 
3861 13 
3863 177 
3884 28 
3888 55 
3896 193 
3901 30 
3902 124 
3904 308 
3910 145 
3911 104 
3912 67 
3929 71 
3930 15 
3934 19 
3938 1175 
3942 190 
3945 47 
3946 19 
3947 503 
3950 35 
3952 412 
3959 255 
3963 1709 
3966 49 
3972 202 
3979 63 
3986 39 
3997 64 
4000 27 
4006 208 
4013 92 
4016 114 
4026 180 
4028 307 
4034 57 
4037 56 
4045 123 
4052 89 
4055 33 
4057 24 
4058 211 
4066 162 
4072 82 
4074 56 
4077 35 
4083 129 
4087 34 
4092 76 
4097 472 
4100 37 
4103 122 
4112 27 
4113 350 
4129 37 
4130 163 
4139 19 
4140 77 
4147 370 
4159 152 
4179 83 
4179 119 
4185 30 
4185 36 
4186 847 
4196 114 
4197 21 
4205 111 
4212 463 
4215 103 
4222 105 
4223 81 
4233 12 
4234 103 
4239 43 
4243 49 
4257 114 
4259 1106 
4277 15 
4280 63 
4280 26 
4291 94 
4299 98 
4315 22 
4320 210 
4325 36 
4327 163 
4347 74 
4361 100 
4375 92 
4378 185 
4385 335 
4398 25 
4406 152 
4409 168 
4432 111 
4434 71 
4446 55 
4450 216 
4455 100 
4465 87 
4481 237 
4484 14 
4501 255 
4506 47 
4513 49 
4515 1108 
4521 328 
4524 205 
4552 75 
4558 213 
4563 31 
4588 77 
4593 65 
4596 26 
4619 15 
4623 86 
4627 99 
4630 65 
4641 42 
4645 26 
4650 35 
4665 95 
4666 19 
4670 214 
4676 657 
4678 32 
4683 78 
4684 41 
4688 72 
4695 93 
4699 16 
4709 77 
4713 24 
4716 120 
4723 144 
4745 74 
4770 141 
4773 84 
4778 21 
4779 79 
4783 107 
4792 75 
4799 34 
4806 7 
4816 40 
4818 171 
4818 72 
4859 12 
4881 98 
4890 2541 
4904 30 
4911 57 
4918 55 
4929 286 
4932 190 
4935 119 
4947 161 
4951 73 
4962 114 
4968 37 
4986 16 
4988 105 
4995 31970 
4995 148 
4997 64 
5006 159 
5009 61 
5016 105 
5024 41 
5035 35 
5036 46 
5038 52 
5042 102 
5043 115 
5044 159 
5045 311 
5050 1005 
5055 81 
5056 43 
5076 102 
5077 53 
5080 821 
5081 267 
5105 22 
5118 17 
5129 132 
5129 127 
5139 510 
5166 590 
5167 16 
5168 93 
5173 213 
5178 84 
5189 9 
5191 123 
5207 29 
5212 254 
5212 59 
5230 3 
5234 17579 
5236 30 
5241 190 
5247 148 
5257 100 
5276 105 
5280 111 
5280 371 
5296 162 
5300 477 
5305 158 
5316 213 
5320 54 
5322 23 
5341 9 
5342 15 
5364 139 
5387 88 
5396 106 
5396 282 
5405 40 
5424 148 
5441 172 
5449 303 
5455 119 
5460 158 
5465 157 
5469 18 
5471 111 
5471 132 
5484 100 
5500 11 
5503 150 
5507 7 
5524 257 
5556 91 
5563 194 
5575 1769 
5584 105 
5585 8043 
5589 54 
5594 14 
5596 63 
5601 95 
5601 75 
5604 75 
5606 226 
5607 295 
5609 288 
5610 9 
5615 129 
5620 33 
5623 58 
5627 47 
5647 123 
5656 56 
5659 69 
5675 15 
5686 30 
5691 44 
5701 28 
5723 161 
5730 91 
5737 227 
5746 344 
5766 75 
5782 163 
5786 46 
5798 31 
5810 309 
5815 251 
5861 104 
5863 168 
5870 68 
5879 268 
5896 46 
5909 197 
5911 238 
5915 242 
5930 353 
5948 20 
5953 19 
5955 1001 
5978 8 
5987 252 
5989 240 
6002 55 
6007 812 
6011 33 
6013 176 
6035 77 
6042 275 
6049 583 
6059 101 
6061 283 
6065 243 
6077 94 
6080 54 
6085 15 
6091 410 
6095 29 
6098 714 
6102 47 
6103 313 
6110 56 
6119 20 
6120 33 
6144 244 
6164 55 
6168 17 
6187 130 
6189 21 
6194 123 
6204 59 
6212 24 
6231 43 
6236 22 
6248 96 
6256 57 
6259 41 
6268 125 
6273 53 
6273 28 
6296 31 
6303 60 
6306 111 
6309 268 
6310 43 
6331 79 
6335 155 
6344 63 
6360 61 
6361 85 
6366 163 
6387 116 
6393 119 
6403 236 
6425 242 
6428 189 
6441 85 
6452 37 
6459 434 
6478 138 
6501 173 
6507 8 
6508 133 
6526 85 
6535 143 
6541 9 
6555 333 
6561 2660 
6582 113 
6594 86 
6596 66 
6599 25 
6609 276 
6616 93 
6618 201 
6681 175 
6707 20 
6719 179 
6721 55 
6732 75 
6743 41 
6763 64 
6779 22 
6793 262 
6808 10 
6812 134 
6815 21 
6816 42 
6833 132 
6872 134 
6875 272 
6883 242 
6900 181 
6904 79 
6919 20 
6926 838 
6951 175 
6966 600 
6970 5 
6973 115 
6981 103 
6990 104 
6994 20 
6998 106 
7009 96 
7023 51 
7045 74 
7056 123 
7075 7 
7083 69 
7087 147 
7099 15 
7127 18 
7131 609 
7137 201 
7138 29 
7147 130 
7159 65 
7161 126 
7198 131 
7202 14 
7203 65 
7231 67 
7235 57 
7241 143 
7258 167 
7261 169 
7264 310 
7268 60 
7268 98 
7277 40 
7315 21 
7317 279 
7318 108 
7320 111 
7333 158 
7335 78 
7352 39 
7355 14 
7366 52 
7377 53 
7390 167 
7412 10 
7422 172 
7423 11 
7427 53 
7430 21 
7430 270 
7433 45 
7450 15 
7454 107 
7473 38 
7476 323 
7485 83 
7504 102 
7516 61 
7546 3336 
7594 36 
7599 7 
7601 50 
7638 18 
7641 419 
7647 78 
7649 45 
7658 8 
7666 214 
7673 113 
7729 120 
7732 50 
7751 146 
7755 131 
7756 100 
7766 66 
7778 10 
7790 98 
7794 43 
7800 154 
7808 50 
7814 73 
7818 62 
7840 214 
7859 32 
7865 280 
7879 110 
7887 118 
7899 131 
7903 63 
7922 35 
7929 3 
7937 202 
7937 34 
7942 122 
7952 239 
7971 105 
7973 45 
7992 265 
7993 16 
7994 49 
8005 97 
8017 162 
8018 18 
8028 22 
8032 55 
8035 46 
8039 68 
8041 22 
8045 143 
8045 110 
8084 280 
8089 137 
8098 111 
8121 38 
8138 62 
8139 271 
8163 226 
8172 61 
8182 38 
8187 26 
8191 89 
8191 193 
8212 117 
8212 54 
8233 110 
8249 98 
8254 128 
8277 69 
8287 77 
8297 182 
8303 118 
8305 411 
8306 254 
8310 75 
8312 247 
8313 126 
8313 20 
8315 33 
8315 32 
8318 156 
8349 143 
8369 20 
8383 311 
8388 157 
8389 192 
8400 28 
8401 39 
8403 185 
8427 218 
8460 216 
8465 43 
8469 199 
8482 109 
8488 9 
8491 25 
8553 20 
8572 20 
8582 93 
8585 5 
8586 46 
8594 197 
8601 451 
8605 169 
8623 780 
8624 70 
8690 212 
8692 89 
8700 94 
8720 113 
8788 34 
8803 53 
8823 46 
8833 81 
8876 139 
8892 12 
8905 20 
8908 24 
8910 16 
8920 198 
8947 80 
8947 65 
8948 83 
8948 113 
8964 83 
8971 60 
8973 692 
8982 186 
9004 180 
9036 46 
9037 74 
9043 79 
9049 113 
9075 55 
9102 163 
9122 189 
9125 5 
9131 118 
9146 95 
9160 40 
9188 104 
9200 54 
9209 158 
9237 82 
9244 10 
9276 84 
9277 313 
9301 77 
9318 69 
9433 6 
9437 38 
9523 90 
9533 68 
9543 39 
9550 36 
9568 61 
9582 97 
9583 79 
9611 32 
9618 26 
9633 34 
9637 2 
9649 96 
9653 54 
9675 139 
9686 68 
9756 218 
9769 150 
9778 63 
9814 104 
9819 37 
9833 61 
9864 35 
9868 4 
9887 165 
9894 61 
9914 74 
9999 117 
10023 66 
10084 338 
10111 50 
10115 53 
10127 26 
10147 28 
10147 9 
10158 60 
10159 3 
10180 473 
10197 7 
10200 26 
10210 82 
10257 92 
10273 32 
10326 40 
10368 37 
10376 9 
10386 151 
10396 37 
10444 46 
10461 546 
10477 176 
10486 10 
10505 109 
10526 179 
10531 177 
10544 205 
10546 20 
10561 66 
10732 52 
10734 35 
10772 115 
10773 11 
10786 91 
10791 67 
10802 142 
10818 77 
10850 21 
10857 168 
10911 31 
10917 97 
10921 43 
10923 332 
10954 109 
10984 184 
11009 72 
11045 46 
11050 377 
11061 95 
11096 81 
11097 133 
11110 28 
11114 27 
11193 40 
11224 10 
11231 207 
11243 152 
11345 222 
11363 53 
11432 1033 
11444 72 
11449 32 
11476 98 
11491 427 
11508 207 
11542 104 
11547 216 
11561 2 
11594 238 
11599 100 
11619 78 
11623 162 
11680 17 
11698 57 
11721 15 
11740 30 
11758 37 
11762 61 
11788 75 
11797 66 
11900 58 
11906 143 
11914 130 
11939 9 
11964 63 
11993 135 
12015 103 
12073 105 
12080 4 
12123 57 
12187 32 
12223 116 
12232 41 
12252 43 
12326 96 
12476 98 
12555 142 
12599 102 
12622 124 
12648 83 
12672 43 
12697 39 
12710 182 
12713 57 
12750 110 
12826 12 
12870 69 
12900 79 
13018 41 
13021 310 
13021 17 
13076 68 
13196 88 
13207 159 
13247 623 
13305 70 
13332 110 
13348 209 
13356 234 
13377 208 
13395 38 
13453 56 
13476 24 
13717 107 
13799 242 
13854 54 
13860 138 
13868 129 
13884 712 
13960 222 
14021 93 
14044 55 
14109 56 
14126 486 
14146 7 
14149 1552 
14199 423 
14203 124 
14210 67 
14229 274 
14251 252 
14295 61 
14468 34 
14485 157 
14550 144 
14571 88 
14739 117 
14802 124 
14811 1305 
14859 74 
14860 149 
14901 3 
14977 194 
15023 38 
15041 235 
15071 46 
15078 56 
15096 111 
15142 96 
15173 61 
15197 141 
15219 26 
15244 14 
15293 106 
15338 90 
15475 26 
15568 108 
15585 10 
15613 96 
15697 134 
15720 83 
15759 83 
15788 72 
15930 5 
15941 132 
16053 136 
16055 37 
16075 36 
16090 75 
16096 108 
16203 53 
16280 135 
16283 36 
16294 151 
16372 33 
16377 42 
16384 32 
16388 67 
16396 22 
16425 54 
16520 141 
16554 58 
16617 21 
16690 62 
16695 100 
16731 26 
16749 5 
16980 9 
17036 100 
17056 100 
17106 10 
17159 119 
17196 439 
17293 26 
17331 7 
17357 73 
17425 35 
17427 124 
17459 114 
17465 242 
17622 163 
17650 28 
17667 56 
17671 294 
17759 25 
17823 213 
17826 114 
17855 100 
17873 86 
17907 131 
18025 1351 
18031 90 
18072 27 
18082 159 
18192 13 
18279 126 
18312 128 
18314 2 
18322 92 
18336 374 
18337 20 
18353 34 
18399 8 
18427 80 
18469 283 
18477 329 
18481 102 
18546 66 
18651 877 
18739 159 
18791 19 
18917 238 
18970 62 
19119 42 
19134 60 
19134 29 
19152 518 
19336 60 
19371 18 
19487 53 
19492 69 
19519 61 
19528 177 
19543 67 
19555 24 
19570 40 
19640 519 
19712 209 
19742 119 
19763 32 
19874 30 
19937 244 
20031 122 
20073 95 
20127 18 
20143 96 
20226 6 
20249 92 
20283 11 
20355 17 
20384 29 
20458 124 
20465 63 
20657 755 
20657 65 
20885 18 
20936 60 
21086 19 
21242 41 
21382 8 
21512 61 
21528 145 
21536 236 
21541 27 
21580 39 
21753 11 
21796 1 
21805 23 
22061 48 
22128 29 
22444 102 
22528 3 
22561 81 
22596 34 
22596 46 
22968 817 
23242 60 
23623 43 
23645 26 
23721 78 
23753 462 
23769 100 
24021 8 
24202 45 
25156 57 
25299 57 
25415 488 
25532 39 
25725 937 
25735 7 
25922 28 
26077 204 
26112 84 
26425 640 
26489 16 
26505 96 
26639 24 
26695 34 
26722 16 
26977 31 
27209 112 
27235 737 
27660 22 
27661 47 
27702 94 
27930 28 
28070 40 
28077 217 
28126 185 
28188 128 
28740 132 
28824 35 
28951 5962 
29186 60 
29271 83 
29543 224 
29660 251 
29974 26 
30541 49 
30839 281 
31078 50 
31110 275 
31156 39 
31452 19 
31518 67 
31723 50 
32012 105 
32561 36 
33085 231 
33438 46 
33468 33 
33485 24 
34545 431 
34577 141 
35220 41 
35478 113 
35803 30 
35992 68 
36571 16 
36704 60 
37177 53 
38095 25 
38481 14 
38486 58 
38521 118 
38582 212 
38820 104 
39085 50 
39242 12 
40003 119 
40131 79 
40935 220 
41015 179 
41040 33 
41087 18 
41188 295 
41330 105 
41695 117 
41824 11 
41967 52 
41985 140 
43049 154 
43440 200 
43567 107 
43731 127 
43731 64 
44114 76 
44498 186 
44563 67 
44587 54 
44755 137 
45470 115 
46941 4 
47292 44 
47441 41 
48497 47 
48894 1053 
49863 12 
49876 24 
50031 6 
50440 49 
52082 604 
52535 773 
52583 810 
52681 48 
53713 638 
53747 220 
54991 43 
55078 35 
55212 548 
55289 386 
55720 242 
55904 244 
56271 156 
56809 188 
56858 169 
57057 46 
58935 37 
58994 72 
60410 161 
66106 3 
68458 61 
75554 11 
85770 6 
87562 19 
91301 99 
109367 126 
114213 1079 
114922 35 
115066 241 
119574 326 
119707 242 
119783 200 
120047 48 
122652 105 
131495 137 
138965 56 
140117 787 
140141 194 
140264 110 
140465 117 
143567 143 
143684 95 
144590 12 
149840 90 
181001 139 
181238 188 
181284 910 
190853 144 
191110 81 
191583 43 
206560 113 
209414 30 
212671 166 
212724 10 
229945 122 
230651 182 
239052 9 
252462 5 
264794 0 
278571 181 
280619 149 
284627 8 
285716 1052 
289148 1345 
289310 1118 
291421 6 
292250 78 
292991 202 
311135 23 
312432 351 
312762 9 
313664 11 
317340 47 
317833 8 
318525 171 
354047 109 
354971 18 
355274 131 
358637 91 
363417 6 
368083 454 
368229 329 
368545 202 
368743 53 
368940 87 
369725 34 
379974 7921 
380024 798 
380055 3438 
380086 298 
380089 223 
380184 93 
380430 96 
380465 16 
380533 127 
381112 230 
386859 38 
387380 197 
391614 205 
410526 750 
410566 274 
416270 96 
424096 534 
450470 0 
460498 78 
471900 10 
493091 538 
493338 246 
493364 146 
496896 37 
502130 29 
548405 127 
559218 252 
563127 138 
569206 49 
569336 466 
569419 174 
570600 219 
570617 435 
571152 35 
571208 30 
571240 20 
