5007 7.40553240741
0 569819 
11 2255 
12 206 
13 108 
14 326 
15 160 
16 355 
17 203 
18 2118 
19 1173 
20 360 
21 56 
22 662 
22 1087 
23 15 
23 33 
23 819 
24 160 
24 71 
24 4550 
24 1395 
26 1307 
26 16 
26 85 
26 325 
27 520 
27 104 
28 1711 
28 204 
29 101 
29 663 
29 91 
30 100 
30 2061 
30 40 
31 235 
31 70 
31 1232 
31 91 
32 1664 
32 993 
33 4208 
33 1277 
33 234 
34 3171 
34 292 
35 72 
35 901 
35 98 
37 481 
38 24 
39 1426 
39 838 
39 231 
40 210 
40 298 
41 189 
41 88 
42 875 
43 406 
44 377 
44 1562 
44 22 
45 165 
45 149 
46 835 
46 42 
46 38 
46 173 
46 891 
47 113 
48 80 
48 228 
48 765 
49 5784 
49 114 
49 591 
51 191 
51 334 
51 378 
52 593 
53 163 
53 331 
53 418 
54 305 
54 93 
54 3 
54 1728 
55 146 
56 490 
56 48 
57 1030 
57 617 
57 143 
57 22 
57 572 
57 268 
57 334 
58 13 
59 116 
59 37 
60 26 
60 722 
61 42 
61 40 
61 284 
61 99 
63 678 
64 491 
64 183 
64 75 
65 41 
65 304 
65 146 
66 9513 
66 270 
66 25 
66 299 
67 771 
67 1242 
67 415 
67 892 
68 37 
68 96 
68 166 
69 1548 
69 1119 
69 44 
69 2742 
70 107 
70 439 
70 57 
71 402 
71 129 
71 73 
74 23 
75 1137 
76 450 
77 12 
77 117 
78 87 
78 23 
78 1097 
80 95 
80 477 
81 238 
81 405 
81 43 
82 159 
82 363 
82 215 
83 1898 
83 266 
83 884 
83 150 
84 91 
84 208 
85 108 
85 427 
86 263 
86 41 
86 12 
87 103 
88 682 
89 67 
89 933 
90 56 
90 1674 
90 5095 
91 225 
91 118 
91 50 
93 53 
94 162 
95 433 
95 269 
96 167 
97 125 
98 28 
98 17 
98 83 
99 145 
99 404 
100 513 
100 19383 
100 1566 
100 74 
100 1505 
101 312 
101 9 
101 286 
101 92 
101 383 
102 576 
103 209 
103 147 
104 89 
105 168 
106 112 
106 157 
106 736 
106 14 
107 360 
108 51 
108 70 
108 170 
109 219 
109 77 
110 579 
110 45 
111 1213 
112 901 
114 383 
114 311 
115 149 
117 51 
117 163 
117 178 
117 120 
118 145 
118 45 
118 222 
118 32 
118 50 
119 543 
120 435 
120 811 
121 126 
121 63 
121 2433 
123 782 
124 145 
125 26 
125 463 
126 954 
126 8 
126 784 
126 1000 
130 2002 
131 84 
131 417 
132 27 
133 162 
133 251 
133 18 
134 2154 
134 64 
134 24 
135 46 
135 60 
135 935 
135 709 
136 91 
137 38 
138 152 
138 130 
139 233 
140 247 
141 620 
141 45 
142 306 
142 8 
142 557 
142 6039 
143 82 
143 33 
144 470 
144 39 
144 616 
146 235 
147 24 
147 1312 
147 118 
148 97 
149 40 
151 29 
151 267 
151 264 
152 674 
152 76 
152 567 
155 8069 
156 178 
156 1247 
156 70 
157 143 
158 31 
158 120 
158 2918 
159 181 
159 1755 
160 230 
161 36 
164 58 
164 115 
164 167 
165 678 
166 808 
166 366 
166 2 
166 134 
166 59 
166 258 
167 16 
167 233 
168 355 
170 263 
170 1136 
171 225 
171 532 
172 249 
173 118 
175 1643 
177 228 
177 714 
179 49 
179 85 
180 1002 
181 504 
181 167 
183 126 
184 76 
185 16 
185 178 
186 2547 
186 248 
187 1073 
187 1573 
187 2669 
188 1620 
188 169 
190 138 
190 156 
193 106 
193 96 
194 314 
195 74 
195 1135 
197 1638 
197 169 
197 261 
198 173 
198 4 
198 339 
198 889 
202 93 
210 11 
212 150 
212 345 
212 185 
213 2952 
215 1622 
215 352 
215 147 
217 2498 
219 41 
220 383 
220 96 
221 30 
223 403 
224 275 
224 120 
224 105 
227 493 
229 1322 
231 2951 
231 253 
231 81 
234 1359 
235 24 
235 343 
236 560 
236 1251 
236 14 
236 171 
236 203 
237 24 
238 1737 
238 540 
239 8 
240 898 
240 25 
241 129 
241 1058 
242 105 
243 107 
244 338 
245 100 
248 86 
248 159 
249 3695 
253 1191 
256 56 
257 921 
257 503 
258 594 
258 40 
259 84 
261 670 
261 347 
263 787 
265 4 
266 1171 
266 137 
266 167 
268 91 
270 108 
270 187 
271 1759 
272 443 
274 119 
275 254 
276 4138 
278 23 
278 124 
279 27 
279 1098 
280 17 
280 3731 
281 23 
283 543 
283 299 
285 1037 
285 189 
286 2059 
287 222 
287 100 
289 128 
292 69 
293 115 
294 532 
296 13 
299 40 
300 645 
301 243 
301 3 
302 72 
303 44 
305 91 
306 374 
307 200 
315 802 
319 697 
320 1597 
320 20 
321 42 
322 162 
323 39 
325 49 
327 1037 
328 26 
334 34 
334 164 
335 133 
336 410 
336 23 
338 94 
338 30 
338 37 
340 1728 
342 108 
343 4 
343 315 
344 317 
344 53 
346 147 
347 192 
347 212 
348 339 
349 55 
350 344 
351 37 
351 103 
352 55 
352 190 
353 1974 
353 300 
354 558 
355 707 
356 148 
357 40 
358 111 
361 106 
361 176 
363 60 
365 424 
367 127 
369 8545 
371 98 
371 140 
372 49 
375 1135 
375 125 
376 1 
378 0 
378 161 
382 327 
382 80 
383 1717 
383 303 
387 170 
388 1381 
392 81 
392 2737 
393 1519 
395 160 
396 42 
397 4208 
401 104 
401 1669 
401 2126 
404 26 
405 41 
405 109 
406 71 
406 405 
407 665 
408 64 
409 115 
409 47 
411 249 
415 217 
422 263 
423 247 
423 40 
424 181 
426 525 
426 39 
431 106 
432 43 
433 425 
434 6 
437 204 
438 1354 
444 1610 
444 669 
446 137 
447 961 
449 128 
452 26 
453 606 
453 1463 
456 662 
459 19 
467 110 
469 34 
469 1486 
469 179 
470 200 
474 43 
475 11 
475 531 
476 289 
479 4 
481 1526 
482 140 
482 105 
485 10941 
486 401 
486 6 
488 72 
491 197 
492 841 
494 61 
496 71 
497 735 
499 2458 
502 125 
505 663 
510 188 
511 480 
517 27 
517 1274 
519 836 
520 164 
520 265 
522 488 
525 146 
527 62 
527 10007 
529 880 
538 46 
540 1536 
545 160 
546 598 
547 274 
551 86 
551 1532 
553 243 
556 186 
558 274 
560 20 
561 1528 
564 377 
565 21 
568 4 
568 310 
568 600 
569 1328 
570 58 
571 43 
572 1361 
572 79 
573 767 
579 158 
580 628 
580 167 
581 54 
583 218 
583 232 
586 347 
586 515 
589 75 
594 1705 
597 538 
599 201 
600 106 
602 2159 
605 157 
606 217 
607 449 
611 4084 
612 256 
613 704 
619 109 
619 30 
621 845 
623 13 
627 132 
629 290 
634 168 
635 77 
642 684 
642 1406 
646 86 
647 182 
649 731 
651 126 
652 178 
652 389 
654 128 
654 86 
658 12 
663 14 
668 119 
678 57 
682 92 
683 1970 
685 4419 
695 36 
697 1627 
709 1569 
714 50 
716 3619 
717 213 
718 1142 
721 294 
722 14433 
723 57 
727 1286 
729 1045 
730 87 
731 630 
741 1902 
744 143 
751 256 
757 3619 
757 410 
760 481 
762 903 
763 1896 
768 133 
769 1654 
769 1570 
771 487 
773 57 
774 467 
774 614 
775 526 
777 1582 
777 504 
778 1226 
780 79 
786 248 
786 1066 
787 36 
790 1115 
791 176 
793 170 
804 1071 
807 363 
808 92 
809 27 
809 88 
811 43 
814 260 
815 2267 
821 9188 
824 581 
826 9 
832 298 
833 129 
836 46 
839 735 
846 104 
848 2538 
849 547 
852 462 
853 120 
854 287 
879 289 
879 35 
881 53 
883 226 
884 61 
885 1397 
889 661 
889 123 
893 671 
893 3419 
896 129 
898 30 
900 2316 
902 185 
904 337 
910 82 
910 35 
910 491 
910 86 
912 429 
914 65 
915 841 
918 154 
919 73 
923 452 
923 15 
928 111 
929 77 
929 1376 
931 16 
933 1350 
934 1830 
935 35 
937 26 
938 240 
944 49 
947 23 
949 273 
954 22 
957 1615 
958 48 
961 5 
963 319 
963 319 
964 113 
964 369 
966 2598 
966 333 
967 188 
969 476 
970 1572 
971 1326 
974 100 
975 130 
976 560 
980 571 
984 166 
985 98 
985 600 
987 18 
989 394 
1001 427 
1002 308 
1004 1186 
1006 338 
1006 119 
1006 26 
1008 594 
1014 85 
1019 70 
1020 941 
1030 186 
1032 503 
1032 115 
1035 320 
1037 255 
1038 18 
1039 928 
1039 40 
1042 170 
1048 15 
1049 1005 
1053 585 
1058 27 
1061 282 
1067 613 
1083 723 
1083 121 
1086 1155 
1091 177 
1092 1051 
1093 198 
1098 25 
1101 1689 
1105 707 
1110 64 
1114 504 
1122 493 
1123 58 
1127 164 
1131 217 
1131 1456 
1132 144 
1149 98 
1159 56 
1161 625 
1162 68 
1164 3389 
1165 1203 
1170 430 
1172 24 
1173 241 
1179 930 
1182 2 
1186 31 
1188 1556 
1191 177 
1192 2866 
1195 275 
1196 1908 
1198 92 
1202 616 
1205 271 
1208 18 
1208 1848 
1209 148 
1219 833 
1224 62 
1228 90 
1228 35 
1234 421 
1237 642 
1242 84 
1245 23 
1247 274 
1251 938 
1253 1367 
1254 118 
1256 2585 
1258 127 
1258 88 
1260 376 
1260 220 
1261 2945 
1270 96 
1281 77 
1282 5 
1282 335 
1284 523 
1287 69 
1289 852 
1296 610 
1296 130 
1303 90 
1304 113 
1304 640 
1305 1054 
1306 68 
1316 104 
1316 350 
1324 1610 
1329 3555 
1334 7 
1335 557 
1337 46 
1342 2591 
1345 63 
1348 7 
1349 17 
1349 59 
1349 987 
1349 570 
1349 32 
1350 54 
1356 5 
1357 448 
1357 197 
1357 105 
1358 723 
1360 165 
1360 194 
1361 416 
1365 67 
1365 762 
1366 22 
1371 13401 
1375 184 
1376 60 
1378 797 
1382 99 
1383 296 
1383 1015 
1384 88 
1385 764 
1387 1070 
1393 90 
1394 350 
1394 84 
1394 710 
1396 162 
1398 127 
1399 352 
1401 252 
1401 672 
1413 742 
1413 245 
1413 185 
1415 201 
1418 57 
1422 92 
1422 2502 
1425 43 
1436 123 
1439 203 
1447 701 
1457 1359 
1458 129 
1461 11 
1471 316 
1471 6119 
1474 257 
1477 131 
1479 10 
1483 574 
1495 452 
1498 48 
1509 181 
1514 208 
1517 145 
1519 128 
1522 109 
1524 135 
1533 43 
1541 521 
1543 212 
1545 537 
1545 80 
1556 259 
1562 2318 
1562 37 
1566 226 
1582 153 
1583 85 
1586 877 
1589 35 
1594 823 
1596 249 
1598 0 
1606 1158 
1607 347 
1616 280 
1621 235 
1624 217 
1625 157 
1635 857 
1642 210 
1648 168 
1649 43 
1666 420 
1668 243 
1676 601 
1683 46 
1683 106 
1692 1742 
1700 72 
1704 16 
1708 220 
1708 282 
1715 70 
1719 1010 
1720 39 
1722 97 
1726 637 
1732 917 
1733 56 
1734 618 
1734 73 
1734 335 
1735 150 
1735 552 
1737 6 
1744 69 
1745 293 
1747 839 
1750 171 
1766 1745 
1766 466 
1767 9 
1769 722 
1770 75 
1774 903 
1778 36 
1781 123 
1782 192 
1782 19 
1784 33 
1791 174 
1795 1852 
1796 238 
1797 111 
1797 231 
1797 119 
1798 9 
1810 363 
1812 69 
1813 578 
1815 3030 
1816 160 
1821 201 
1822 36 
1830 14 
1831 656 
1832 368 
1832 393 
1832 144 
1835 497 
1836 2 
1847 956 
1855 346 
1860 11 
1863 2168 
1869 108 
1869 103 
1873 113 
1875 212 
1876 188 
1878 146 
1881 7 
1889 822 
1896 819 
1898 179 
1905 503 
1908 22 
1908 546 
1918 906 
1919 3140 
1920 596 
1926 399 
1928 17 
1937 756 
1944 1604 
1954 585 
1958 133 
1966 35 
1968 472 
1973 480 
1977 199 
1978 4491 
2024 1695 
2027 282 
2031 18 
2032 89 
2035 1233 
2043 48 
2048 358 
2055 88 
2055 676 
2061 308 
2063 398 
2069 643 
2070 124 
2074 969 
2076 318 
2083 194 
2099 73 
2108 6 
2109 486 
2121 203 
2140 124 
2144 2766 
2146 268 
2146 151 
2147 1171 
2148 484 
2149 800 
2154 1128 
2179 372 
2180 197 
2184 168 
2186 236 
2192 166 
2196 902 
2198 285 
2211 1213 
2212 691 
2212 868 
2228 143 
2231 84 
2232 302 
2278 79 
2279 225 
2310 26 
2321 0 
2342 20 
2350 15 
2358 423 
2375 7 
2379 212 
2381 156 
2383 2184 
2398 1057 
2400 712 
2401 247 
2408 918 
2414 9 
2415 210 
2416 252 
2419 2557 
2427 295 
2431 42 
2431 8 
2438 79 
2440 2902 
2448 63 
2451 62 
2453 11 
2458 77 
2459 1107 
2459 934 
2465 86 
2492 195 
2496 5072 
2509 1030 
2525 100 
2528 20 
2539 2608 
2545 653 
2554 341 
2560 22 
2568 73 
2573 4370 
2574 1122 
2574 1864 
2578 855 
2580 26 
2582 96 
2593 31 
2593 32 
2613 2246 
2615 267 
2616 116 
2616 9239 
2626 1061 
2630 58 
2632 69 
2639 48 
2640 123 
2642 192 
2654 38 
2654 600 
2657 962 
2672 409 
2672 361 
2680 64 
2680 245 
2683 109 
2686 147 
2693 1301 
2695 40 
2712 1013 
2718 217 
2752 728 
2757 41 
2767 1 
2772 10 
2777 573 
2795 149 
2805 5046 
2807 65 
2819 277 
2826 1097 
2830 27 
2832 226 
2850 1509 
2867 909 
2870 419 
2894 483 
2895 1157 
2899 0 
2910 91 
2917 660 
2917 258 
2918 768 
2919 327 
2953 151 
2955 505 
2957 10072 
2966 191 
2968 1050 
2992 1256 
2997 136 
3009 96 
3014 558 
3016 99 
3017 138 
3019 114 
3025 275 
3032 214 
3038 286 
3043 301 
3043 285 
3052 1046 
3058 92 
3065 55 
3066 132 
3089 1489 
3089 1461 
3100 306 
3116 28 
3116 252 
3126 67 
3126 15 
3162 188 
3175 44 
3188 72 
3202 27 
3209 157 
3212 138 
3229 43 
3236 1253 
3254 2719 
3263 20 
3263 738 
3281 53 
3286 324 
3296 1267 
3301 360 
3309 786 
3325 441 
3327 75 
3329 2736 
3348 246 
3348 39 
3351 279 
3366 954 
3386 4000 
3394 417 
3416 912 
3428 68 
3432 0 
3445 328 
3449 127 
3459 219 
3469 582 
3470 143 
3481 4205 
3488 1622 
3495 2679 
3499 115 
3521 271 
3522 114 
3529 10 
3537 43 
3538 470 
3541 524 
3545 631 
3559 488 
3568 183 
3586 157 
3603 219 
3618 123 
3624 73 
3640 55 
3646 5 
3681 118 
3685 713 
3690 959 
3692 83 
3692 31 
3693 169 
3703 2115 
3720 1168 
3722 53 
3733 119 
3734 1931 
3739 91 
3756 21 
3759 48 
3770 86 
3789 35 
3797 42 
3808 88 
3808 237 
3815 159 
3815 323 
3824 579 
3827 1904 
3828 327 
3871 205 
3898 60 
3898 144 
3899 142 
3901 91 
3919 532 
3920 154 
3930 670 
3932 440 
3944 65 
3964 84 
3981 234 
3992 105 
4002 115 
4036 1091 
4054 209 
4067 101 
4074 587 
4106 2170 
4119 708 
4138 1472 
4147 20 
4148 365 
4153 17 
4169 147 
4170 51 
4171 133 
4183 285 
4193 95 
4204 147 
4206 99 
4214 209 
4215 79 
4234 718 
4264 3 
4283 907 
4320 0 
4333 2103 
4334 3864 
4340 49 
4360 26 
4361 523 
4388 866 
4401 14 
4416 55 
4419 1120 
4428 136 
4440 2 
4448 149 
4449 49 
4450 1688 
4451 256 
4462 141 
4465 56 
4475 908 
4510 8259 
4513 275 
4536 333 
4538 58 
4541 18 
4544 252 
4558 195 
4566 2756 
4570 119 
4581 393 
4595 345 
4597 399 
4617 202 
4621 1082 
4624 203 
4625 593 
4634 70 
4646 33 
4657 1035 
4658 265 
4660 814 
4672 23 
4680 227 
4685 652 
4687 1179 
4703 16108 
4704 34 
4734 222 
4755 150 
4757 123 
4760 70 
4764 196 
4770 160 
4771 41 
4805 1578 
4816 1061 
4819 100 
4820 400 
4821 168 
4837 3123 
4840 533 
4849 103 
4867 1539 
4879 551 
4902 1053 
4909 852 
4930 735 
4930 190 
4931 141 
4942 250 
4943 38 
4943 321 
4972 253 
4972 105 
4988 33 
4988 129 
5001 561 
5006 8 
5018 213 
5018 193 
5023 67 
5028 105 
5029 257 
5061 5 
5061 329 
5063 309 
5068 169 
5070 850 
5076 281 
5126 338 
5131 39 
5132 872 
5162 5374 
5173 8852 
5176 277 
5190 1819 
5196 209 
5216 2 
5221 178 
5223 166 
5232 569 
5250 928 
5251 1748 
5263 132 
5269 1200 
5269 207 
5274 131 
5288 112 
5293 298 
5305 886 
5309 132 
5310 125 
5312 1481 
5330 238 
5354 112 
5374 292 
5378 31 
5386 1871 
5392 1042 
5419 70 
5422 433 
5424 177 
5426 1550 
5427 143 
5450 338 
5458 84 
5465 984 
5499 8 
5500 1337 
5513 681 
5515 1948 
5516 64 
5521 93 
5522 548 
5542 33 
5553 1312 
5566 415 
5570 278 
5598 683 
5608 212 
5619 245 
5650 10 
5660 1865 
5679 10 
5681 82 
5700 132 
5722 23 
5736 69 
5756 66 
5757 149 
5758 75 
5770 466 
5776 230 
5822 6 
5827 198 
5831 860 
5834 187 
5912 17 
5927 1180 
5952 80 
5957 225 
5959 188 
5963 72 
5964 80 
5990 36 
6028 30 
6050 4778 
6110 177 
6114 31 
6130 417 
6135 26 
6160 58 
6160 104 
6184 116 
6184 91 
6194 1349 
6197 239 
6209 422 
6218 1226 
6219 8 
6268 52 
6272 181 
6277 5026 
6321 2120 
6333 1661 
6335 215 
6341 425 
6355 3007 
6361 1572 
6367 606 
6375 146 
6386 2045 
6410 87 
6410 1914 
6422 1600 
6424 107 
6426 205 
6426 6 
6451 17475 
6468 1073 
6485 1246 
6485 3162 
6501 419 
6501 419 
6505 1025 
6505 1025 
6517 224 
6517 224 
6530 976 
6530 976 
6538 826 
6538 826 
6548 859 
6548 859 
6558 1125 
6558 1125 
6567 350 
6567 350 
6575 1223 
6575 1223 
6579 486 
6581 10 
6604 3576 
6605 648 
6607 653 
6608 5087 
6612 203 
6620 33 
6621 2458 
6623 992 
6641 813 
6644 33 
6656 1218 
6659 6603 
6675 1410 
6679 2151 
6694 2442 
6695 1524 
6704 235 
6711 378 
6719 1023 
6723 160 
6726 546 
6740 48 
6775 3519 
6775 74 
6778 118 
6779 547 
6783 587 
6831 475 
6841 763 
6844 723 
6848 2 
6850 233 
6854 78 
6870 361 
6898 311 
6902 598 
6911 717 
6913 409 
6941 1059 
6941 653 
6977 218 
6979 671 
7002 1205 
7033 2858 
7055 1092 
7059 208 
7086 31 
7086 288 
7102 726 
7139 1380 
7142 206 
7147 313 
7172 118 
7199 528 
7207 71 
7236 320 
7266 954 
7271 319 
7283 187 
7295 417 
7298 362 
7323 230 
7326 350 
7334 3859 
7351 2308 
7360 84 
7361 2398 
7384 592 
7418 1747 
7430 5982 
7449 9 
7478 41 
7480 101 
7484 228 
7489 801 
7523 8236 
7596 2199 
7618 604 
7639 161 
7652 2350 
7656 838 
7660 63 
7667 35 
7675 65 
7675 7 
7693 2058 
7710 769 
7715 951 
7716 414 
7717 1141 
7734 91 
7749 5027 
7759 868 
7763 402 
7771 2 
7773 8838 
7779 120 
7809 171 
7815 104 
7824 126 
7831 748 
7858 2680 
7869 225 
7875 456 
7893 63 
7899 168 
7905 5381 
7913 781 
7921 645 
7924 1003 
7930 1182 
7933 2 
7937 4 
7943 730 
7944 158 
7948 286 
7969 15 
7987 91 
8006 1124 
8012 271 
8015 4280 
8021 41 
8025 2641 
8026 465 
8046 359 
8063 15 
8071 600 
8083 193 
8088 2835 
8088 57 
8104 58 
8105 40 
8123 113 
8126 384 
8138 487 
8146 110 
8151 111 
8167 246 
8187 89 
8198 406 
8217 1074 
8219 302 
8233 998 
8243 222 
8260 463 
8288 617 
8293 221 
8307 1260 
8345 3687 
8362 1599 
8382 372 
8386 568 
8395 248 
8422 1759 
8428 1520 
8482 188 
8484 139 
8487 98 
8490 665 
8490 192 
8494 706 
8501 76 
8516 452 
8534 23828 
8547 42 
8547 192 
8548 30 
8561 96 
8593 1443 
8604 830 
8617 224 
8633 1669 
8635 311 
8667 20 
8668 2768 
8671 368 
8691 215 
8713 167 
8728 1234 
8732 1182 
8780 150 
8785 720 
8810 1493 
8835 2 
8838 1740 
8846 85 
8879 58 
8887 1714 
8911 189 
8916 149 
8929 591 
8937 21 
8943 632 
8970 219 
8973 251 
8979 181 
8990 40 
9027 1636 
9073 1343 
9078 2547 
9106 1150 
9149 1124 
9150 178 
9162 287 
9163 91 
9170 277 
9204 16 
9253 222 
9267 15 
9297 968 
9354 3232 
9355 245 
9396 35 
9450 588 
9467 143 
9473 6 
9503 262 
9540 41 
9549 27 
9551 48 
9555 123 
9567 1351 
9585 242 
9591 1157 
9610 378 
9613 277 
9646 266 
9674 17 
9720 5450 
9744 5574 
9791 29 
9878 66 
9954 115 
9978 28 
10016 1517 
10057 71 
10061 150 
10112 53 
10184 115 
10192 121 
10257 574 
10272 723 
10284 48 
10313 436 
10377 17 
10400 340 
10412 239 
10481 168 
10490 1826 
10495 1442 
10496 376 
10500 50 
10518 2618 
10549 82 
10560 1585 
10618 820 
10636 1393 
10664 2400 
10673 1117 
10742 1810 
10743 1495 
10750 1669 
10764 648 
10768 552 
10798 68 
10869 887 
10891 113 
10898 166 
10908 59 
10908 517 
10910 31 
10979 60 
10996 69 
11016 118 
11018 2750 
11043 35 
11083 101 
11127 36 
11129 544 
11131 358 
11155 132 
11159 166 
11175 825 
11212 43 
11250 29 
11251 782 
11251 183 
11290 1726 
11298 260 
11315 620 
11317 1546 
11363 1104 
11408 1158 
11501 156 
11539 2952 
11557 258 
11640 1315 
11670 439 
11724 29 
11726 61 
11768 719 
11782 248 
11783 142 
11793 1593 
11805 940 
11865 262 
11908 1285 
11950 494 
11960 36 
11979 444 
12042 115 
12100 1794 
12188 147 
12393 361 
12401 7 
12484 1367 
12523 458 
12566 210 
12575 99 
12585 168 
12613 85 
12638 316 
12647 53 
12650 253 
12654 479 
12658 4 
12663 453 
12747 6 
12749 265 
12766 528 
12766 510 
12814 1211 
12821 592 
12824 1918 
12824 1441 
12838 275 
12839 320 
12864 1736 
12869 5 
12878 727 
12881 1137 
12893 62 
12913 5523 
12919 435 
12940 934 
12941 995 
12955 129 
12967 3841 
12977 310 
12978 5301 
12980 148 
12982 7821 
13000 1311 
13008 876 
13028 114 
13047 74 
13078 418 
13084 365 
13092 190 
13102 454 
13166 832 
13176 18 
13215 1171 
13221 220 
13227 12286 
13235 247 
13240 330 
13298 4903 
13376 209 
13377 1163 
13379 649 
13393 765 
13398 108 
13401 888 
13457 9 
13457 1487 
13459 322 
13463 1143 
13487 102 
13498 2583 
13508 309 
13512 925 
13524 5 
13539 281 
13568 171 
13583 95 
13586 340 
13599 696 
13655 169 
13670 1298 
13670 46 
13674 135 
13686 349 
13688 1691 
13694 2998 
13698 1403 
13700 1133 
13703 914 
13707 1434 
13754 3141 
13782 905 
13800 315 
13813 1484 
13824 1255 
13830 20 
13841 18 
13916 36 
13947 3714 
13947 811 
13969 915 
14011 2713 
14024 1287 
14038 134 
14056 965 
14057 151 
14071 273 
14097 188 
14150 806 
14158 806 
14159 116 
14166 1361 
14170 22 
14186 256 
14187 84 
14187 159 
14263 1063 
14264 97 
14270 85 
14278 514 
14284 2419 
14288 106 
14296 134 
14322 2541 
14353 198 
14365 897 
14367 214 
14376 34 
14408 1276 
14415 515 
14419 203 
14435 461 
14443 102 
14489 680 
14578 525 
14605 16 
14610 296 
14625 416 
14649 53 
14663 29 
14665 34 
14708 13 
14711 63 
14744 320 
14783 725 
14792 64 
14796 71 
14814 511 
14814 756 
14844 598 
14857 10148 
14881 233 
14882 430 
14888 67 
14933 1781 
14933 31 
14941 5121 
14946 175 
14947 677 
14989 342 
14990 1 
14998 782 
15011 185 
15091 1070 
15095 16 
15095 2635 
15143 451 
15149 850 
15226 79 
15242 1987 
15256 424 
15264 2715 
15266 1303 
15279 478 
15285 77 
15291 365 
15300 592 
15321 37 
15330 324 
15341 19 
15382 2260 
15442 424 
15460 64 
15471 614 
15543 235 
15545 110 
15545 33 
15568 270 
15602 295 
15607 55 
15615 136 
15637 105 
15647 180 
15670 2580 
15670 279 
15699 56 
15708 1375 
15721 1077 
15736 172 
15766 347 
15785 1571 
15795 110 
15804 323 
15836 305 
15854 1026 
15894 232 
15914 46 
15993 251 
16006 2828 
16010 114 
16024 455 
16041 5041 
16050 1772 
16075 272 
16084 137 
16130 786 
16134 552 
16155 311 
16158 536 
16193 143 
16242 99 
16246 998 
16252 26 
16261 46 
16356 1659 
16371 96 
16372 501 
16446 1181 
16458 745 
16475 776 
16480 553 
16492 1591 
16501 369 
16502 453 
16511 203 
16537 495 
16546 212 
16635 131 
16643 110 
16695 28 
16727 231 
16729 216 
16750 901 
16758 73 
16843 4508 
16852 1145 
16864 605 
16869 555 
16877 506 
16882 1287 
16884 31 
16891 11 
16913 252 
16917 855 
16931 8 
16935 242 
16941 648 
16978 70 
17004 279 
17035 50 
17044 2084 
17093 1233 
17100 263 
17104 466 
17124 3314 
17125 374 
17129 504 
17138 951 
17146 1925 
17146 2829 
17167 422 
17179 327 
17211 59 
17219 211 
17277 72 
17314 1093 
17320 10 
17323 784 
17346 4 
17350 82 
17360 2859 
17367 1462 
17411 61 
17417 1333 
17418 470 
17432 659 
17449 639 
17452 155 
17461 4223 
17477 119 
17494 1109 
17511 602 
17511 704 
17512 247 
17524 52 
17544 938 
17550 670 
17571 410 
17577 3 
17594 1066 
17599 496 
17600 31 
17625 1451 
17630 1171 
17650 785 
17655 3271 
17661 60 
17664 687 
17664 424 
17669 60 
17674 905 
17682 134 
17685 53 
17690 194 
17708 33 
17713 111 
17728 87 
17748 1209 
17793 6 
17795 2715 
17805 766 
17829 312 
17847 5 
17868 383 
17875 135 
17881 1714 
17955 208 
17974 14 
17975 1929 
18001 1307 
18019 1051 
18045 614 
18128 47 
18129 139 
18133 29 
18144 771 
18152 1703 
18191 325 
18196 799 
18214 766 
18218 1478 
18231 357 
18245 132 
18260 577 
18273 209 
18291 964 
18323 328 
18329 3 
18371 71 
18387 279 
18398 696 
18399 83 
18429 303 
18443 310 
18471 103 
18479 1245 
18521 1576 
18545 132 
18547 503 
18549 1109 
18562 735 
18568 1223 
18569 1820 
18581 325 
18589 317 
18591 559 
18606 827 
18613 1207 
18622 6141 
18631 1043 
18651 322 
18664 395 
18665 545 
18667 949 
18673 401 
18687 849 
18694 626 
18707 357 
18710 276 
18719 554 
18727 19 
18732 1590 
18761 189 
18762 2159 
18772 284 
18788 1030 
18801 234 
18812 1098 
18844 235 
18870 217 
18904 1385 
18904 612 
18920 2945 
18923 718 
18945 717 
18956 2704 
18984 902 
19009 939 
19035 678 
19043 1823 
19046 220 
19046 1342 
19058 1280 
19063 699 
19075 1127 
19080 284 
19081 346 
19088 1435 
19100 336 
19105 489 
19121 382 
19127 216 
19133 469 
19141 1853 
19142 1013 
19153 1381 
19158 161 
19159 935 
19160 105 
19166 67 
19167 109 
19180 428 
19194 3291 
19218 602 
19225 485 
19244 378 
19246 6813 
19269 171 
19274 14 
19278 372 
19289 77 
19295 27 
19309 1607 
19319 476 
19336 6503 
19343 745 
19351 1852 
19354 2156 
19366 333 
19377 14 
19383 1087 
19385 36 
19395 557 
19404 252 
19411 431 
19423 1468 
19429 795 
19434 313 
19436 771 
19446 519 
19453 1304 
19455 594 
19461 960 
19527 995 
19536 207 
19549 1741 
19554 268 
19581 1156 
19586 185 
19597 760 
19611 4138 
19612 88 
19616 732 
19618 739 
19629 3969 
19646 455 
19659 273 
19687 621 
19708 967 
19718 368 
19719 260 
19737 373 
19741 114 
19745 555 
19746 16 
19751 1878 
19762 96 
19775 551 
19775 771 
19779 524 
19799 196 
19801 124 
19805 72 
19806 3907 
19812 2735 
19824 414 
19826 716 
19837 590 
19841 201 
19850 411 
19855 698 
19857 86 
19863 227 
19870 305 
19904 168 
19918 278 
19918 2920 
19925 167 
19926 86 
19957 816 
19972 819 
19976 14272 
19976 618 
19992 1095 
20010 1471 
20012 522 
20029 1013 
20037 811 
20048 165 
20053 314 
20061 96 
20065 1298 
20092 607 
20093 491 
20114 221 
20135 188 
20147 482 
20169 1738 
20172 710 
20187 5976 
20195 440 
20208 4202 
20209 785 
20212 642 
20233 215 
20244 152 
20254 327 
20256 135 
20258 1049 
20276 1526 
20281 2625 
20286 362 
20288 549 
20291 865 
20295 3182 
20302 12 
20325 1117 
20341 3511 
20352 5861 
20354 283 
20360 664 
20362 207 
20374 334 
20377 127 
20380 137 
20398 94 
20403 190 
20406 217 
20407 120 
20416 94 
20419 698 
20431 211 
20473 3632 
20476 551 
20492 168 
20501 1421 
20501 599 
20513 300 
20523 244 
20553 166 
20555 613 
20567 644 
20587 539 
20619 2257 
20625 1041 
20630 92 
20666 1727 
20706 903 
20706 471 
20711 545 
20724 105 
20741 155 
20744 125 
20762 147 
20768 1024 
20780 167 
20780 175 
20825 94 
20837 32 
20889 907 
20893 926 
20901 82 
20907 1279 
20908 47 
20917 721 
20963 196 
20968 11 
20988 1091 
20988 158 
20992 931 
21026 142 
21045 3072 
21076 778 
21092 944 
21101 394 
21110 411 
21126 347 
21134 101 
21152 688 
21155 1105 
21157 36 
21179 93 
21200 11 
21246 44 
21247 369 
21260 340 
21267 78 
21270 1631 
21290 1251 
21296 128 
21314 76 
21321 290 
21359 153 
21362 1174 
21375 128 
21400 829 
21433 127 
21478 231 
21486 35 
21499 1043 
21505 1837 
21515 448 
21523 221 
21523 729 
21525 136 
21539 321 
21620 9 
21622 2414 
21632 83285 
21639 125 
21642 6 
21651 1062 
21662 203 
21667 2112 
21672 1526 
21695 1746 
21697 1101 
21700 283 
21715 572 
21719 1107 
21732 704 
21732 106 
21734 57 
21735 566 
21740 1595 
21741 515 
21745 1262 
21773 119 
21776 682 
21777 261 
21778 804 
21779 28 
21823 1722 
21850 3387 
21850 979 
21867 552 
21867 552 
21879 1403 
21879 1403 
21889 453 
21889 453 
21892 1161 
21892 1161 
21895 264 
21895 264 
21899 405 
21899 405 
21912 1667 
21913 522 
21939 101 
21946 1388 
21949 1416 
21966 660 
21977 1499 
21982 81 
22010 252 
22011 260 
22019 491 
22027 221 
22043 42 
22043 1028 
22047 469 
22057 227 
22110 623 
22120 393 
22121 165 
22121 170 
22124 94 
22160 1468 
22179 3146 
22212 553 
22224 720 
22255 1159 
22304 2217 
22323 97 
22327 1421 
22334 170 
22340 878 
22385 303 
22390 547 
22393 496 
22442 3860 
22446 48 
22452 89 
22453 908 
22470 565 
22494 1953 
22500 3030 
22508 886 
22512 1600 
22514 497 
22522 343 
22531 363 
22550 35 
22557 1690 
22560 460 
22570 62 
22570 341 
22577 278 
22578 80 
22587 3275 
22594 85 
22612 1287 
22618 632 
22625 1035 
22626 1047 
22645 1627 
22665 838 
22666 1349 
22676 428 
22706 1052 
22727 10526 
22790 213 
22814 25 
22830 639 
22832 694 
22837 3980 
22844 1409 
22847 500 
22852 564 
22855 202 
22866 3304 
22872 591 
22894 769 
22894 73595 
22901 877 
22906 1475 
22908 219 
22909 693 
22917 6348 
22921 0 
22925 145 
22927 996 
22932 1258 
22936 127 
22948 1963 
22960 1108 
22961 232 
22977 261 
22993 376 
23053 148 
23062 491 
23068 2244 
23080 158 
23100 101 
23104 426 
23110 724 
23113 1880 
23144 899 
23147 651 
23167 652 
23174 15 
23177 97 
23218 124 
23227 105 
23230 1209 
23296 51 
23298 166 
23301 337 
23357 197 
23358 233 
23358 155 
23384 134 
23389 43 
23407 453 
23412 1153 
23413 53 
23425 903 
23428 611 
23471 705 
23472 1553 
23486 15 
23508 442 
23531 32 
23532 109 
23541 237 
23561 653 
23562 2440 
23579 1512 
23591 278 
23609 214 
23620 540 
23665 7 
23688 599 
23707 8 
23719 78 
23724 102 
23732 191 
23744 164 
23764 472 
23777 860 
23777 1 
23787 474 
23798 234 
23800 1591 
23817 1320 
23833 398 
23837 2521 
23850 2180 
23865 1589 
23916 3115 
23918 2569 
23961 762 
23961 437 
23991 1354 
23994 42 
24006 276 
24049 559 
24069 2468 
24085 262 
24086 447 
24111 888 
24114 2732 
24130 3143 
24141 1059 
24147 9 
24148 88 
24179 247 
24228 6 
24259 617 
24261 2088 
24287 36 
24313 482 
24327 577 
24366 705 
24428 1258 
24502 668 
24528 866 
24588 2149 
24601 2971 
24608 264 
24612 205 
24615 82 
24645 1484 
24647 146 
24656 2318 
24661 127 
24672 13 
24676 1698 
24716 1497 
24726 585 
24760 382 
24765 56 
24807 298 
24814 22 
24817 784 
24818 2164 
24828 772 
24850 2095 
24868 965 
24879 77 
24885 301 
24888 12 
24954 266 
24960 30 
24980 834 
25007 1209 
25036 1298 
25055 1804 
25075 70 
25121 1480 
25125 136 
25163 152 
25166 2177 
25196 965 
25206 13883 
25231 110 
25232 531 
25235 82 
25260 2137 
25281 285 
25290 1879 
25294 606 
25310 375 
25322 175 
25341 169 
25341 1051 
25391 1434 
25402 1854 
25412 14 
25424 86 
25433 161 
25457 14 
25465 1188 
25493 52 
25495 79 
25526 452 
25537 128 
25559 157 
25582 3 
25599 1185 
25602 511 
25636 440 
25667 258 
25677 1321 
25696 1271 
25725 1737 
25725 10622 
25735 1685 
25751 1292 
25758 92 
25765 161 
25775 347 
25777 455 
25794 746 
25804 6624 
25814 1460 
25821 875 
25827 88 
25840 869 
25854 2735 
25855 147 
25857 283 
25874 1571 
25876 190 
25882 96 
25910 5 
25923 120 
25931 108 
25935 92 
25952 1080 
25963 500 
25986 1237 
26061 1240 
26061 248 
26076 331 
26099 48 
26101 1066 
26150 1884 
26156 196 
26176 13340 
26182 303 
26189 203 
26212 1428 
26216 498 
26235 191 
26242 257 
26310 1141 
26320 107 
26359 2427 
26362 175 
26408 98 
26454 469 
26461 107 
26482 352 
26502 73 
26503 1050 
26507 583 
26535 1395 
26554 862 
26592 0 
26593 302 
26594 3759 
26603 1064 
26626 264 
26629 90 
26642 408 
26724 351 
26724 1628 
26757 349 
26791 70 
26807 11292 
26808 578 
26816 199 
26818 578 
26861 1469 
26867 405 
26873 213 
26879 141 
26915 479 
26917 1063 
26932 227 
26961 829 
26993 1459 
27017 184 
27029 599 
27035 1067 
27046 570 
27139 3475 
27156 1541 
27164 2694 
27164 334 
27165 981 
27189 635 
27201 425 
27206 684 
27215 96 
27239 677 
27286 742 
27330 2111 
27331 142 
27334 1048 
27354 1173 
27362 620 
27369 256 
27384 438 
27389 100 
27400 1827 
27406 2322 
27414 264 
27415 221 
27419 226 
27431 78 
27435 1125 
27435 581 
27438 547 
27447 236 
27492 104 
27546 10 
27547 551 
27547 495 
27565 558 
27567 785 
27581 1374 
27582 905 
27587 837 
27590 218 
27598 755 
27601 206 
27602 1137 
27610 1342 
27616 1607 
27623 316 
27627 215 
27629 628 
27636 241 
27682 675 
27702 285 
27704 442 
27732 548 
27764 214 
27780 3151 
27793 139 
27807 786 
27815 1890 
27872 232 
27884 8387 
27898 1991 
27906 2987 
27906 160 
27907 1353 
27908 42633 
27911 1491 
27912 27 
27914 983 
27928 614 
27929 470 
27949 1580 
27959 538 
27968 152 
27972 1253 
27979 985 
27982 573 
28004 854 
28021 687 
28024 91 
28030 270 
28034 309 
28043 2163 
28052 687 
28054 707 
28133 42 
28157 307 
28171 472 
28172 505 
28180 296 
28209 824 
28267 1281 
28330 250 
28339 1105 
28367 11 
28382 822 
28383 32 
28387 18 
28437 305 
28469 230 
28482 18 
28539 1504 
28553 32 
28580 37 
28590 180 
28591 390 
28628 988 
28672 1276 
28683 225 
28696 21843 
28714 1726 
28726 3204 
28727 2864 
28749 1025 
28753 5557 
28758 1245 
28784 39 
28791 964 
28813 309 
28827 177 
28840 1078 
28855 5644 
28900 3922 
28901 2361 
28926 1478 
28929 545 
28954 2122 
28971 490 
28978 516 
29017 257 
29025 1136 
29026 716 
29034 749 
29034 608 
29054 411 
29071 1571 
29085 18 
29165 912 
29173 100 
29179 164 
29183 133 
29184 1433 
29192 617 
29211 2653 
29213 688 
29268 124 
29286 32 
29345 261 
29347 136 
29366 820 
29384 803 
29425 10 
29426 361 
29436 77 
29448 253 
29460 1321 
29476 1066 
29505 1861 
29523 573 
29523 1998 
29559 572 
29579 675 
29605 1101 
29607 51 
29646 178 
29655 938 
29676 883 
29695 1200 
29705 2360 
29717 2297 
29743 305 
29745 494 
29745 3223 
29780 1331 
29783 1150 
29824 117 
29832 399 
29841 9989 
29855 56 
29856 217 
29857 1357 
29863 169 
29865 779 
29865 233 
29868 477 
29871 382 
29887 455 
29888 247 
29897 1060 
29918 969 
29943 261 
29945 570 
29949 1155 
29973 396 
29978 92 
29979 1536 
29988 383 
30007 632 
30028 1954 
30037 537 
30048 1423 
30065 612 
30083 987 
30121 251 
30126 831 
30159 117 
30162 37 
30189 926 
30200 96 
30209 2226 
30245 257 
30263 1080 
30267 16 
30281 1264 
30298 5360 
30307 9317 
30312 124 
30346 209 
30451 1381 
30537 59 
30538 559 
30543 2417 
30570 1236 
30610 1174 
30664 227 
30716 723 
30742 138 
30805 132 
30888 166 
30927 272 
30950 1598 
30988 431 
31050 61 
31108 664 
31166 2212 
31185 986 
31205 689 
31228 702 
31325 63 
31326 130 
31336 165 
31344 28 
31388 464 
31424 1569 
31425 119 
31464 668 
31480 430 
31504 158 
31519 532 
31565 549 
31577 249 
31712 69 
31730 658 
31758 562 
31759 1127 
31793 526 
31808 449 
31831 1080 
31839 109 
31848 615 
31876 1394 
31891 73 
31916 3325 
31941 926 
31943 5103 
31960 1312 
31970 1403 
31989 427 
32028 319 
32033 683 
32046 484 
32052 233 
32053 388 
32064 1566 
32099 343 
32108 447 
32114 522 
32134 186 
32180 427 
32183 2009 
32197 610 
32225 4126 
32280 47 
32289 1689 
32303 63 
32312 1199 
32317 232 
32329 1339 
32341 486 
32357 909 
32408 2729 
32494 289 
32526 1274 
32559 2634 
32631 232 
32646 496 
32671 493 
32673 214 
32675 583 
32685 1567 
32689 410 
32700 90 
32744 1110 
32761 125 
32766 137 
32851 864 
32857 186 
32887 7 
32924 546 
33014 102 
33030 270 
33032 551 
33042 96 
33051 225 
33097 58 
33109 238 
33123 884 
33131 5362 
33155 549 
33180 1873 
33180 488 
33195 1250 
33209 1209 
33209 1053 
33233 72 
33318 233 
33321 1778 
33329 44 
33332 158 
33339 2255 
33382 324 
33397 1818 
33401 46 
33448 1108 
33453 194 
33536 51 
33538 2020 
33560 1726 
33586 352 
33594 58 
33615 104 
33626 277 
33662 1748 
33681 183 
33687 1366 
33689 586 
33699 659 
33703 4606 
33713 1791 
33771 420 
33784 344 
33809 1128 
33815 1170 
33816 1101 
33875 199 
33876 34 
33889 580 
33898 183 
34033 119 
34071 296 
34084 138 
34124 343 
34222 1136 
34238 1389 
34251 405 
34256 366 
34268 116 
34286 3 
34305 279 
34339 999 
34343 3467 
34359 616 
34366 439 
34397 3023 
34398 2514 
34405 563 
34453 332 
34454 82 
34464 2360 
34511 168 
34536 607 
34538 473 
34550 1814 
34566 424 
34586 288 
34669 885 
34725 120 
34753 468 
34853 48 
34855 495 
34902 1011 
34906 272 
34919 6236 
34957 4589 
34957 6 
34979 2243 
35001 110 
35015 419 
35042 597 
35057 5212 
35090 1660 
35104 6729 
35123 47 
35132 257 
35174 236 
35176 666 
35186 189 
35204 234 
35223 76 
35252 80 
35297 399 
35361 359 
35364 1665 
35383 3507 
35384 38 
35425 763 
35428 658 
35499 30 
35524 472 
35568 1138 
35580 336 
35626 114 
35640 183 
35664 227 
35673 362 
35695 890 
35755 147 
35762 3 
35798 93 
35846 27 
35904 408 
35966 38 
35972 62 
35974 575 
35983 1317 
36049 1427 
36078 25 
36085 430 
36126 815 
36134 744 
36193 275 
36220 2138 
36241 351 
36258 258 
36271 398 
36286 174 
36319 68 
36323 449 
36427 51 
36463 39 
36521 51 
36542 428 
36595 188 
36608 32 
36674 882 
36674 882 
36689 123 
36720 1198 
36782 857 
36792 969 
36800 328 
36808 612 
36816 1031 
36852 19 
36860 2242 
36863 3085 
36865 530 
36885 1240 
36894 1105 
36905 237 
36905 177 
36925 265 
36940 751 
36961 334 
37012 107 
37020 248 
37023 314 
37064 543 
37096 60 
37105 1834 
37139 2357 
37165 785 
37169 1172 
37205 1438 
37210 5717 
37213 872 
37225 286 
37245 912 
37257 445 
37261 19 
37266 997 
37291 675 
37378 581 
37413 1155 
37421 73 
37439 510 
37513 2772 
37516 626 
37527 370 
37545 478 
37561 21 
37561 2514 
37592 832 
37712 29 
37765 59 
37767 3671 
37810 3070 
37819 1193 
37821 473 
37858 753 
37893 39 
37907 343 
37927 819 
37955 981 
38000 278 
38001 1878 
38029 152 
38036 293 
38157 511 
38205 20 
38209 434 
38278 3541 
38290 1243 
38341 1271 
38428 415 
38445 1054 
38501 151 
38576 27 
38611 1024 
38637 325 
38747 1299 
38755 1377 
38911 111 
38973 765 
38983 2965 
39014 584 
39032 813 
39058 77 
39108 470 
39138 79 
39154 327 
39160 182 
39194 811 
39196 2092 
39214 830 
39225 1408 
39245 202 
39269 1804 
39313 422 
39317 330 
39331 1207 
39358 21 
39365 49 
39373 402 
39378 99 
39408 394 
39422 21 
39425 341 
39430 1289 
39440 364 
39472 1833 
39490 5 
39504 493 
39516 1263 
39641 270 
39652 2569 
39667 12943 
39701 253 
39701 518 
39708 177 
39719 482 
39734 34 
39749 1044 
39765 496 
39767 560 
39770 95 
39774 471 
39782 144 
39796 2151 
39802 401 
39809 8 
39821 1197 
39835 360 
39848 406 
39862 69 
39870 69 
39899 1 
39899 128 
39912 6 
39915 827 
40087 42 
40137 906 
40153 96 
40155 790 
40187 45 
40192 428 
40196 67 
40201 98 
40204 628 
40270 258 
40320 230 
40348 936 
40350 343 
40422 4511 
40422 746 
40428 555 
40464 1254 
40490 56 
40491 1348 
40523 4806 
40559 682 
40589 110 
40606 231 
40627 179 
40631 555 
40672 1504 
40745 373 
40770 2683 
40780 3676 
40786 456 
40796 541 
40800 4677 
40812 338 
40845 1098 
40858 145 
40859 51 
40878 678 
40883 1845 
40893 733 
40898 105 
40901 572 
40903 153 
40941 1848 
40950 200 
40958 102 
40969 835 
40977 1193 
41016 8 
41055 812 
41074 335 
41075 532 
41093 531 
41112 152 
41160 124 
41174 942 
41195 151 
41200 157 
41207 240 
41216 244 
41266 144 
41279 10 
41298 162 
41330 85 
41412 74 
41442 531 
41453 57 
41584 29 
41636 7754 
41640 764 
41645 594 
41656 290 
41677 533 
41712 41 
41720 2171 
41882 157 
41902 95 
41955 57 
41967 888 
41972 38 
41977 570 
42074 2816 
42108 1143 
42121 55 
42146 2 
42156 1083 
42166 82 
42202 620 
42202 2417 
42204 3832 
42218 1856 
42219 245 
42237 486 
42246 198 
42260 1013 
42262 725 
42265 351 
42294 370 
42295 244 
42296 20205 
42297 1386 
42308 572 
42309 6080 
42317 600 
42320 196 
42320 356 
42322 241 
42332 79 
42337 416 
42338 290 
42354 176 
42356 102 
42361 1198 
42362 1673 
42365 391 
42381 675 
42386 267 
42387 472 
42390 1392 
42393 1007 
42395 1 
42416 725 
42432 140 
42449 27 
42449 134 
42479 654 
42486 146 
42487 1309 
42493 223 
42498 351 
42503 1226 
42522 169 
42525 229 
42560 67 
42561 3020 
42605 127 
42616 493 
42630 286 
42641 1224 
42652 1650 
42682 729 
42698 215 
42699 313 
42704 1232 
42705 11 
42747 95 
42764 1223 
42796 3531 
42807 317 
42816 905 
42837 730 
42859 243 
42867 33 
42884 39 
42911 565 
42919 253 
42956 314 
42968 2992 
42992 1816 
43007 1905 
43027 729 
43028 134 
43048 174 
43066 1467 
43088 98 
43174 26 
43210 612 
43237 98 
43279 566 
43298 432 
43341 1243 
43341 374 
43353 74 
43355 1655 
43356 103 
43445 543 
43450 339 
43502 46 
43559 1918 
43585 804 
43599 59 
43621 153 
43638 877 
43649 294 
43668 63 
43686 7 
43687 1141 
43691 870 
43700 1646 
43711 2460 
43756 3670 
43767 294 
43770 340 
43775 792 
43806 309 
43836 85 
43884 1452 
43920 335 
43936 3652 
43948 2826 
43961 596 
43963 245 
44087 1071 
44108 2015 
44135 521 
44149 48 
44207 343 
44314 3439 
44348 550 
44360 328 
44421 100 
44425 1036 
44445 2375 
44474 180 
44485 886 
44540 2642 
44584 323 
44630 83 
44656 893 
44684 230 
44688 188 
44712 1360 
44762 459 
44797 634 
44831 817 
44906 1449 
44921 288 
45070 277 
45076 1403 
45094 1115 
45101 50 
45175 265 
45181 125 
45229 82 
45305 2268 
45311 348 
45323 340 
45360 1326 
45428 1030 
45548 500 
45570 194 
45628 286 
45682 53 
45686 287 
45694 853 
45694 2 
45726 764 
45739 225 
45779 5 
45789 1312 
45850 3403 
45864 1371 
45901 114 
45908 233 
45928 277 
45956 1374 
46076 1750 
46184 1330 
46186 179 
46202 290 
46221 247 
46250 163 
46253 151 
46268 426 
46335 355 
46384 3 
46453 237 
46480 69 
46579 39 
46630 54 
46647 520 
46697 113 
46714 135 
46812 135 
46821 39 
46850 1327 
46904 175 
46921 107 
46961 4 
47041 132 
47136 154 
47179 312 
47189 1758 
47322 214 
47398 320 
47405 861 
47421 916 
47519 54 
47576 55 
47720 378 
47753 515 
47790 477 
47824 2466 
47877 464 
47887 61 
47901 61 
47916 61 
47970 739 
48085 60 
48208 297 
48247 386 
48392 135 
48549 219 
48632 738 
48661 1669 
48686 1261 
48693 45 
48761 358 
48961 3030 
48993 573 
49013 120 
49136 382 
49168 124 
49201 2235 
49267 95 
49284 757 
49303 3 
49570 220 
49591 406 
49592 249 
49665 1778 
49767 198 
49788 380 
49904 30 
49977 204 
50020 125 
50040 314 
50125 701 
50354 3390 
50436 1001 
50557 1398 
50589 1972 
50613 107 
50658 10 
50659 3467 
50683 1270 
50741 298 
50746 757 
50749 73 
50754 4 
50780 2785 
50857 1456 
51054 269 
51071 474 
51101 118 
51106 800 
51238 3042 
51273 1076 
51336 1176 
51490 83 
51601 99 
51659 1428 
51764 534 
51854 1503 
52026 62 
52163 116 
52265 645 
52319 84 
52336 683 
52378 294 
52400 4 
52412 775 
52417 418 
52419 125 
52422 1016 
52424 171 
52512 1546 
52523 688 
53078 51 
53092 586 
53105 680 
53226 0 
53226 48 
53236 3442 
53345 941 
53367 3694 
53388 620 
53403 1039 
53410 311 
53411 156 
53441 1553 
53474 691 
53475 129 
53733 1002 
53743 503 
53807 1291 
53905 567 
53934 1182 
53941 316 
53949 912 
54087 36 
54087 195 
54132 652 
54152 341 
54177 539 
54242 270 
54273 1 
54360 476 
54545 83 
54654 139 
54660 1061 
54695 1471 
54801 1363 
54891 239 
54908 766 
54965 598 
55179 1254 
55420 772 
55432 34 
55504 744 
55603 0 
55603 728 
55607 639 
55646 27 
55746 3268 
55752 1122 
55835 470 
55884 1096 
56048 52 
56236 2066 
56345 286 
56369 162 
56390 79 
56394 561 
56532 347 
56574 3628 
56616 1215 
56747 17 
56800 486 
57024 258 
57049 2100 
57337 81 
57365 141 
57402 694 
57544 35 
57680 276 
57910 1377 
58026 304 
58134 31 
58228 292 
58297 152 
58344 297 
58351 1109 
58365 1470 
58485 1375 
58663 4 
58801 65 
59069 2663 
59101 489 
59107 757 
59113 588 
59263 53 
59290 124 
59304 28 
59370 1511 
59461 281 
59470 287 
59498 202 
59514 1625 
59525 226 
59568 624 
59606 42 
59632 1774 
59701 250 
59729 2076 
59738 31 
59754 988 
59779 55 
59893 344 
59924 29 
59926 68 
59946 1719 
59949 213 
59955 2116 
59963 1821 
59980 147 
60023 524 
60029 139 
60041 961 
60044 272 
60313 1032 
60322 126 
60363 107 
60441 573 
60687 149 
60947 235 
60967 1057 
61229 243 
61281 55 
61441 132 
61468 402 
61563 781 
61616 185 
61883 1643 
61994 110 
62043 602 
62055 452 
62239 854 
62282 381 
62303 607 
62442 174 
62664 6771 
63317 1445 
63404 392 
63407 501 
63431 123 
63577 907 
63745 294 
63828 8007 
64141 351 
64315 1345 
64445 283 
64512 485 
64684 610 
64704 675 
64753 368 
64835 1686 
64868 730 
65084 1884 
65442 357 
65666 1445 
66116 2080 
66196 3861 
66402 1457 
66747 275 
66803 30 
66809 60 
66955 354 
67007 271 
67050 2 
67370 93 
67729 350 
67794 1805 
67904 3493 
67960 11 
68009 740 
68042 1710 
68165 780 
68209 1792 
68482 1444 
68569 135 
68726 351 
68920 357 
69030 851 
69076 748 
69114 1599 
69331 715 
69357 2729 
69561 3582 
69740 75 
69774 423 
70052 833 
70056 347 
70157 214 
70378 859 
70788 900 
70907 3503 
70922 136 
70933 925 
71038 203 
71129 371 
71156 48 
71260 97 
71302 557 
71367 1294 
71523 104 
71537 407 
71607 107 
71690 4194 
71737 1126 
71818 416 
71875 18 
71877 198 
71958 940 
72005 183 
72052 328 
72166 854 
72435 358 
72480 15 
72740 1678069 
72787 267 
72799 216 
72826 30 
72832 8 
72833 1536 
72868 190 
72879 371 
72904 13 
72938 254 
72945 117 
72960 31 
72971 78 
73103 67 
73148 78 
73187 26 
73303 437 
73375 39 
73411 2894 
73505 135 
73526 356 
73773 82 
73951 401 
73957 147 
73983 2491 
74120 318 
74136 136 
74199 106 
74238 96 
74273 126 
74330 41 
74472 600 
74711 1051 
74721 169 
74834 160 
74885 28 
74907 20 
75124 223 
75128 90 
75214 203 
75224 413 
75385 16 
75387 345 
75387 425 
75399 185 
75432 111 
75451 4587 
75513 3051 
75562 2674 
75615 863 
75632 102 
75639 294 
75660 620 
75661 1266 
75709 994 
75730 970 
75770 210 
75886 741 
75896 534 
75909 2311 
76020 10 
76100 157 
76148 79 
76216 116 
76256 49 
76324 117 
76484 1745 
76510 123 
76588 84 
76705 757 
76707 64 
76760 535 
76815 121 
76838 70 
76869 1462 
76883 456 
76941 156 
76947 131 
76979 366 
77070 282 
77125 456 
77191 230 
77268 0 
77340 1079 
77359 1048 
77398 3591 
77535 702 
77610 144 
77645 75 
77679 66 
77681 124 
77689 301 
77731 117 
77758 98 
78101 66 
78111 34 
78168 261 
78218 91 
78613 69 
78879 318 
78961 239 
78995 2798 
79051 1538 
79280 2120 
79289 255 
79497 159 
79515 43 
79517 247 
79580 234 
79591 685 
79654 57 
79806 351 
79835 145 
79964 35 
80012 171 
80242 32 
80268 140 
80427 75 
80484 97 
80661 352 
80693 349 
80774 51 
81108 170 
81141 197 
81152 243 
81183 709 
81186 4009 
81204 342 
81219 714 
81279 250 
81315 284 
81317 104 
81325 541 
81349 318 
81417 772 
81476 2273 
81490 190 
81499 74 
81529 602 
81535 136 
81540 125 
81709 1603 
81730 236 
81792 1200 
81819 588 
81878 2027 
82051 333 
82148 381 
82155 192 
82155 192 
82165 31 
82165 31 
82188 231 
82188 231 
82282 691 
82382 182 
82383 15 
82545 88 
82554 4265 
82584 706 
82691 64 
82730 582 
82895 88 
82966 515 
83029 643 
83102 1233 
83163 63 
83163 34 
83175 265 
83205 556 
83215 922 
83249 11 
83273 120 
83362 244 
83476 2 
83491 1331 
83495 112 
83530 554 
83566 575 
83941 477 
84025 139 
84913 12 
84999 543 
85180 114 
85242 86 
85400 152 
85469 420 
85553 814 
85695 64 
86304 663 
86339 1682 
86401 1196 
86416 376 
86421 278 
86444 598 
86609 1774 
86706 389 
86776 78 
86798 4 
87061 5597 
87070 186 
87125 92 
87411 995 
87412 223 
87471 1910 
87499 86 
87504 175 
87568 1323 
87633 549 
87647 1948 
87692 292 
87761 538 
87858 49 
87905 1252 
87925 72 
88018 486 
88037 352 
88039 2107 
88084 1548 
88121 275 
88327 697 
88367 339 
88397 289 
88403 49 
88413 30 
88436 1400 
88552 1388 
88736 39 
88786 484 
88834 44 
88856 367 
88916 141 
88950 213 
88958 124 
89025 1153 
89197 150 
89246 586 
89364 154 
89364 209 
89398 253 
89442 9 
89503 1098 
89514 993 
89593 348 
89621 348 
89857 1391 
89991 256 
90115 779 
90763 1 
91097 1378 
91132 1617 
91201 332 
91305 858 
91452 413 
91467 10981 
91504 550 
91520 141 
91524 1125 
91545 218 
91577 749 
91581 1408 
91586 678 
91590 804 
91603 16625 
91615 1193 
91625 248 
91634 271 
91652 1155 
91655 4098 
91657 13 
91686 138 
91704 121 
91729 514 
91733 27 
91744 259 
91759 278 
91769 1675 
91811 2074 
91822 766 
91834 98 
91866 404 
91961 278 
92073 3 
92256 892 
92311 958 
92343 369 
92534 854 
92575 27 
92602 203 
92613 3173 
92665 536 
92711 404 
92725 460 
92741 123 
92789 722 
92942 93 
92985 149 
92986 581 
93008 61 
93015 558 
93244 622 
93254 170 
93310 92 
93325 27 
93390 189 
93447 360 
93589 32 
93941 464 
94059 392 
94397 2215 
94446 1152 
94664 413 
94724 85 
94800 594 
94876 842 
94914 15 
94999 227 
95266 308 
95284 2652 
95297 2644 
95336 774 
95358 239 
95448 1200 
95511 1049 
95533 202 
95540 265 
95618 4099 
95679 168 
95679 168 
95706 48 
95706 48 
95716 1635 
95725 682 
95760 6 
95830 20 
95863 167 
96000 278 
96261 847 
96317 23 
96369 455 
96479 92 
96486 449 
96494 664 
96508 2446 
96574 896 
96669 155 
96726 643 
96747 862 
96818 41 
97002 487 
97109 92 
97441 1730 
97496 107 
97597 1317 
97633 2061 
97676 364 
98077 97 
98230 73 
98476 435 
98509 375 
98577 1399 
98609 297 
98630 247 
98709 1295 
98737 440 
98816 1742 
98837 2171 
98874 658 
98884 3436 
98891 2121 
98900 1221 
98903 3779 
98911 411 
98911 762 
98917 1058 
98919 234 
98924 405 
98931 3178 
98950 1343 
98953 442 
99003 855 
99008 1190 
99025 483 
99054 176 
99074 1365 
99153 330 
99155 26 
99160 44 
99207 197 
99234 214 
99250 354 
99271 1286 
99322 170 
99427 0 
99514 2179 
99553 826 
99556 582 
99678 2584 
99688 1972 
100087 145 
100107 261 
100429 127 
100437 330 
100539 137 
100578 50 
100742 508 
100879 387 
100972 465 
101144 646 
101178 620 
101191 210 
101206 1062 
101213 614 
101312 1188 
101359 2027 
101428 1593 
101430 13 
101433 820 
101493 292 
101497 42 
101511 1506 
101521 467 
101809 133 
101866 1660 
101912 1660 
101959 140 
102031 3909 
102044 781 
102054 2158 
102055 1204 
102056 158 
102071 1029 
102073 249 
102073 919 
102093 39 
102102 3624 
102103 307 
102105 8149 
102114 1921 
102125 1336 
102142 604 
102145 251 
102145 977 
102175 205 
102181 954 
102189 390 
102228 219 
102296 277 
102359 125 
102382 1039 
102386 639 
102398 728 
102410 232 
102412 9 
102472 2314 
102521 496 
102521 341 
102641 269 
102683 831 
102702 421 
102863 308 
102905 619 
102958 1303 
102998 702 
103133 260 
103337 332 
103417 1053 
103468 12 
103483 516 
103674 139 
103790 95 
104011 63 
104027 60 
104389 66 
104597 709 
104942 8 
104988 3675 
105233 55 
105351 2425 
105365 293 
105401 101 
105471 150 
105575 989 
105596 28 
105617 11 
105690 868 
105737 200 
105798 662 
105947 2328 
105993 97 
106033 866 
106119 432 
106144 322 
106207 921 
106233 188 
106259 120 
106266 8546 
106311 439 
106434 93 
106553 232 
106731 46 
106818 96 
106842 82 
107005 1224 
107349 299 
107721 103 
107797 239 
107799 5765 
107828 275 
107861 2407 
107983 1512 
108025 199 
108067 101 
108217 360 
108252 5573 
108284 1329 
108405 1222 
108492 807 
108628 651 
108673 705 
108755 168 
108853 1417 
108982 109 
109246 888 
109474 117 
109870 1280 
109912 759 
110011 45 
110098 1426 
110133 311 
110605 1309 
110732 15 
111481 510 
111527 1048 
112080 776 
112535 1051 
112597 15 
112694 118 
112866 66 
113134 1135 
113150 750 
113239 1135 
113473 12 
113585 86 
113614 276 
113652 193 
113718 826 
113979 94 
114664 1967 
114671 1006 
114819 909 
114850 357 
114898 84 
115163 156 
115201 678 
115515 216 
115685 145 
115735 1089 
115868 2273 
115978 1518 
116271 1440 
116549 290 
116740 43 
116756 128 
117026 2637 
117272 1946 
117624 598 
117649 116 
118167 2044 
118383 358 
118453 79 
118792 237 
120138 163 
120216 1496 
120306 540 
120321 1030 
120391 126 
120416 1512 
120441 1873 
120442 713 
120696 69 
120699 118 
123124 168 
123166 1065 
123231 663 
123358 225 
123422 105 
123496 179 
123591 24 
123842 97 
124194 125 
124217 798 
124237 153 
124249 134 
124480 189 
124794 1954 
124809 460 
124825 280 
124916 71 
124930 1822 
124990 446 
125020 201 
125061 156 
125315 269 
125998 650 
126155 310 
126167 927 
126318 2042 
126429 950 
126483 1681 
126530 809 
126713 728 
126849 58 
126924 408 
127481 383 
127867 747 
127936 1533 
128006 1011 
128025 2247 
128211 129 
128655 56 
128681 26 
128752 1106 
128886 492 
129520 257 
129686 536 
129752 403 
130167 29 
132363 1192 
132650 197 
133002 459 
133068 83 
133203 221 
133556 1106 
134140 44 
134718 914 
135211 183 
135346 2088 
136151 267 
136711 8 
136784 1947 
136986 2141 
137314 14 
137323 1803 
137419 1688 
137461 789 
137476 312 
137486 553 
137631 366 
137741 556 
138611 340 
138624 1245 
138690 690 
139113 480 
139147 412 
139645 392 
139744 1100 
140578 1494 
140960 470 
140978 189 
141041 119 
141426 28 
143424 403 
143512 151 
144915 1679 
145936 112 
146736 855 
146814 83 
147509 108 
147558 309 
147612 82 
149282 1576 
149878 155 
149886 1582 
151605 795 
153891 1899 
154167 650 
154233 223 
156165 2126 
157891 8810 
157916 1076 
158717 469 
160018 1649 
160096 655 
161791 801 
162821 0 
164179 548 
164334 29 
164387 1200 
164644 178 
165267 110 
165347 795 
166086 160 
166216 293 
166242 161 
166328 347 
166508 1332 
166564 55 
166969 1005 
167358 107 
168391 3188 
168411 663 
168444 101 
168505 263 
168685 853 
168951 430 
169083 580 
169088 299 
169429 463 
169445 128 
169922 332 
170488 49 
170760 487 
170828 81 
171466 35 
173152 380 
173610 713 
173764 22 
175751 460 
176903 242 
178324 346 
179955 1634 
180668 7 
180927 747 
181924 457 
184540 1298 
184651 5 
184917 858 
185313 6 
186090 1427 
187617 1002 
188949 411 
189434 218 
190547 47 
191663 232 
193178 253 
193421 31 
193612 278 
193749 435 
193978 1403 
195186 658 
195676 60 
196448 168 
196462 425 
196629 1086 
196816 595 
196859 278 
196888 262 
197278 256 
197299 492 
197418 1506 
197426 48 
198077 72 
198288 710 
198336 735 
198371 587 
200014 6546 
200076 178 
200534 7 
201504 178 
201701 17 
201819 412 
202214 60 
202344 700 
202727 2231 
203383 35 
203601 507 
203813 611 
203996 143 
205703 552 
205859 334 
205909 197 
206019 4 
206181 248 
206736 175 
206946 252 
207590 139 
208303 67 
208456 373 
208514 1380 
208585 26 
209740 265 
209923 1257 
210908 210 
211374 444 
211630 2013 
211996 388 
212724 253 
213133 771 
213296 631 
213552 383 
215628 245 
215678 276 
215711 1261 
216094 2768 
216159 241 
216253 634 
216740 55 
217113 697 
217151 252 
217375 3690 
217421 1150 
217427 49 
217427 741 
217494 774 
218298 504 
218311 2012 
218817 905 
219375 64 
221453 625 
222940 1385 
223161 91 
223192 156 
223202 604 
224744 141 
225568 20 
229990 517 
231197 1188 
233057 0 
234486 1012 
234750 466 
236815 742 
238548 472 
239715 734 
241084 97 
241123 931 
242445 212 
243297 66 
243618 115 
244452 10 
244583 246 
244644 274 
249001 315 
250438 1280 
251848 115 
255726 579 
259223 753 
259967 507 
263441 80 
263950 746 
266837 213 
268387 854 
275354 192 
277109 50 
277382 67 
279475 3791 
279852 194 
280088 101 
281144 702 
282084 34 
282115 51 
283078 743 
283309 108 
283346 69 
283588 50 
284151 259 
284511 1254 
285649 641 
286124 955 
286876 6 
291354 1476 
291773 641 
292285 6688 
293713 358 
293762 1779 
293790 415 
296333 12 
296392 241 
296953 703 
297501 133 
297677 550 
297978 289 
298006 230 
298325 88 
298387 26 
298481 87 
298511 1562 
301681 159 
303039 350 
304128 100 
305127 228 
307139 257 
307197 278 
307527 234 
308451 5 
313788 219 
315022 273 
316442 1648 
316642 3751 
317904 284 
319734 476 
332496 954 
333190 100 
333402 721 
334040 853 
351540 289 
352439 197 
353434 52 
355353 1622 
359904 29 
366726 848 
370487 949 
371317 111 
371342 798 
371581 27 
378676 326 
378905 354 
379125 555 
380954 5611 
381725 9 
381823 1166 
381938 118 
383264 111 
385855 537 
386171 10 
389393 85 
390188 123 
393523 276 
393579 35 
393725 1336 
393739 1707 
393944 840 
396163 227 
399214 1119 
399285 970 
401775 16 
402565 891 
410808 160 
412219 2596 
412283 367 
414879 112 
415504 568 
420554 1473 
424855 117 
430613 313 
430944 255 
430956 1873 
439528 13 
441154 72 
441257 65 
444509 144 
446702 1281 
446928 672 
446983 232 
448180 2863 
457636 55 
459132 136 
460602 979 
461147 16680 
461216 674 
461312 120 
461594 263 
468730 2132 
475614 346 
483292 886 
484200 98 
504854 174 
517424 880 
517615 279 
520970 3284 
521017 396 
525549 17 
528514 1186 
528853 610 
529733 153 
531258 153 
532374 572 
536854 49 
537221 10 
539016 946 
540079 180 
540287 72 
549840 669 
550362 650 
556721 20 
561685 448 
566418 36 
568341 160 
571805 1051 
598014 91 
