2803 1.0797337963
0 2321374 
13 302 
13 381 
20 334 
21 199 
22 92 
22 112 
25 643 
25 53 
25 307 
27 627 
28 125 
28 922 
29 127 
30 444 
31 112 
31 577 
32 38 
32 253 
32 298 
32 43 
32 174 
33 165 
35 161 
36 75 
36 367 
36 1036 
36 295 
37 536 
37 84 
37 50 
37 23 
37 1090 
38 61 
38 100 
39 287 
39 18 
39 6 
40 87 
41 377 
41 117 
41 208 
41 219 
41 442 
41 132 
41 209 
41 400 
41 63 
42 488 
42 85 
42 568 
42 129 
42 122 
42 395 
42 27 
42 317 
43 343 
43 84 
43 373 
43 29 
44 159 
45 55 
45 50 
46 295 
46 948 
47 920 
47 84 
48 837 
48 79 
48 288 
49 596 
49 104 
50 131 
50 117 
50 193 
51 151 
51 674 
51 123 
51 888 
51 17 
52 296 
52 272 
52 758 
52 268 
52 717 
53 134 
54 71 
54 336 
54 53 
54 78 
54 1443 
55 673 
55 43 
55 198 
55 1027 
55 21 
56 202 
56 205 
56 185 
56 184 
56 91 
57 7 
57 91 
57 429 
58 462 
58 72 
59 1262 
59 68 
59 369 
60 101 
60 37 
60 55 
60 69 
60 349 
60 79 
61 96 
61 399 
61 282 
62 469 
62 134 
62 213 
62 415 
63 11 
63 259 
63 104 
63 1929 
63 888 
64 295 
64 449 
64 13 
64 223 
65 642 
66 150 
67 375 
67 30 
67 73 
68 194 
68 63 
68 145 
68 154 
68 13 
69 246 
69 161 
70 17 
70 490 
70 97 
71 387 
71 84 
71 58 
72 51 
72 67 
72 57 
73 146 
73 215 
73 303 
74 73 
74 96 
74 43 
74 232 
74 103 
74 51 
74 26 
75 42 
75 50 
75 156 
75 736 
76 449 
76 189 
76 35 
76 7196 
77 41 
77 19 
77 124 
77 111 
77 88 
78 36 
78 263 
79 901 
79 907 
79 56 
79 82 
79 48 
79 819 
80 110 
80 44 
80 194 
80 871 
80 113 
80 41 
80 2470 
81 166 
81 42 
81 77 
81 249 
81 510 
82 370 
82 110 
82 154 
83 106 
83 111 
84 35 
84 184 
85 717 
86 419 
86 749 
86 134 
86 377 
87 330 
87 74 
87 141 
88 337 
88 139 
88 144 
88 263 
89 68 
90 60 
90 54 
90 261 
90 185 
91 33 
91 113 
91 104 
92 47 
92 516 
92 333 
93 85 
94 45 
94 320 
94 226 
95 45 
95 298 
95 125 
95 597 
96 152 
97 272 
97 1890 
98 122 
99 675 
99 310 
99 65 
99 5 
99 18 
100 74 
100 132 
100 111 
100 71 
102 947 
102 157 
104 81 
105 32 
105 293 
106 492 
106 823 
107 9 
107 0 
107 254 
108 110 
109 117 
109 219 
109 47 
110 594 
111 116 
112 158 
112 62 
112 49 
112 72 
112 274 
112 68 
113 154 
114 57 
114 79 
115 135 
115 9 
116 363 
116 193 
117 44 
118 25 
118 359 
118 14 
118 79 
118 77 
118 224 
119 22 
119 47 
119 3347 
119 122 
120 26 
120 434 
120 124 
120 268 
121 59 
121 100 
121 45 
122 822 
122 91 
123 60 
123 108 
123 115 
124 73 
125 38 
125 87 
125 51 
125 227 
127 192 
127 996 
127 340 
127 268 
128 22 
128 71 
128 121 
128 439 
129 46 
129 103 
129 309 
129 75 
130 67 
131 33 
131 743 
132 384 
132 65 
132 94 
133 137 
133 138 
133 543 
134 78 
134 42 
135 12 
135 82 
135 337 
136 153 
136 21 
136 106 
137 73 
137 23 
138 44 
138 109 
138 71 
138 25 
138 27 
139 54 
139 23 
140 739 
143 1527 
143 55 
144 62 
144 191 
144 68 
144 51 
145 34 
145 378 
145 139 
145 19 
145 43 
145 1368 
146 97 
146 59 
146 155 
146 117 
146 29 
147 44 
147 56 
147 94 
147 103 
148 190 
149 12 
149 150 
149 78 
150 19 
150 86 
151 303 
151 232 
152 92 
153 33 
153 641 
155 8 
156 113 
156 42 
157 165 
157 87 
157 326 
158 74 
159 199 
161 231 
161 39 
161 47 
162 42 
162 39 
163 39 
164 113 
164 105 
164 16 
165 98 
165 247 
166 716 
167 505 
167 65 
168 117 
168 42 
169 32 
169 110 
169 215 
169 447 
169 23 
169 53 
170 14 
170 37 
170 78 
171 120 
171 15 
171 54 
172 114 
172 286 
173 14 
173 90 
174 48 
175 94 
175 100 
176 492 
177 33 
177 175 
178 57 
178 32 
178 83 
179 48 
180 81 
180 47 
181 53 
181 68 
182 245 
183 80 
183 172 
183 298 
184 69 
186 1049 
186 137 
186 68 
188 80 
191 76 
191 25 
191 194 
194 528 
194 668 
194 123 
195 73 
196 300 
196 29 
197 20 
197 69 
197 24 
197 69 
199 88 
200 342 
200 183 
200 15 
200 795 
200 796 
201 204 
201 27 
201 10 
202 121 
203 132 
204 473 
204 260 
205 56 
207 26 
207 56 
207 33 
207 72 
207 33 
209 240 
209 3119 
209 131 
209 547 
209 37 
211 123 
211 128 
211 118 
211 169 
212 138 
213 28 
214 1105 
214 108 
214 63 
215 232 
216 28 
217 154 
218 161 
218 233 
220 102 
221 114 
222 317 
222 107 
223 1071 
224 12 
224 23 
225 1147 
225 29 
226 497 
229 39 
230 113 
230 294 
230 14 
230 159 
231 24 
233 86 
234 12 
235 522 
235 208 
235 25 
235 29 
236 664 
238 65 
238 4 
239 23 
239 438 
241 49 
243 22 
243 54 
244 105 
244 50 
244 47 
246 53 
248 149 
248 208 
250 129 
250 554 
252 232 
253 674 
253 30 
253 65 
253 619 
254 31 
257 16 
257 122 
259 45 
259 14 
262 42 
262 447 
263 69 
265 36 
265 4079 
265 4 
266 56 
267 79 
267 140 
268 93 
271 35 
272 158 
273 172 
273 305 
274 93 
275 217 
275 32 
275 102 
275 127 
277 27 
277 133 
279 98 
280 229 
280 42 
282 78 
283 20 
283 156 
284 185 
284 116 
284 86 
285 126 
285 414 
287 247 
288 125 
288 75 
289 205 
290 93 
291 1795 
292 587 
294 82 
295 69 
295 98 
297 387 
297 125 
297 41 
299 22 
300 46 
300 102 
300 519 
301 81 
302 39 
303 113 
303 32 
304 113 
305 49 
305 241 
305 9 
308 236 
309 311 
309 2 
309 98 
311 52 
313 38 
313 240 
314 11 
314 65 
316 58 
316 302 
317 1069 
318 27 
318 94 
318 1360 
318 917 
318 26 
321 4 
321 110 
321 75 
322 138 
322 149 
325 55 
325 89 
326 2 
328 157 
330 43 
330 12 
331 502 
331 40 
331 188 
332 267 
332 1007 
333 77 
336 2 
337 56 
338 239 
338 2578 
338 95 
339 192 
339 85 
340 59 
341 36 
342 182 
344 74 
344 151 
344 5 
345 109 
346 244 
351 127 
351 126 
352 128 
352 54 
353 12 
353 52 
353 93 
354 109 
355 204 
355 126 
356 86 
356 26 
357 19 
358 226 
359 194 
359 108 
359 30 
363 172 
364 18 
365 70 
367 35 
370 324 
374 416 
382 41 
382 17 
382 84 
383 74 
384 8 
387 5 
387 125 
389 193 
391 196 
391 0 
394 30 
395 7 
395 431 
396 12 
398 1332 
398 110 
401 49 
401 11 
404 142 
405 93 
406 94 
406 192 
409 4 
409 92 
411 123 
411 71 
413 76 
413 124 
414 42 
415 158 
415 23 
416 83 
416 1569 
417 53 
418 1523 
419 289 
421 87 
421 445 
423 90 
423 68 
424 9 
424 79 
426 338 
429 1461 
429 1456 
430 27 
431 91 
432 126 
436 147 
436 66 
437 138 
438 528 
438 87 
439 75 
442 300 
442 190 
444 512 
445 76 
447 234 
447 13 
448 198 
449 28 
449 6 
450 144 
450 353 
451 76 
451 72 
453 153 
456 131 
457 79 
458 3 
459 73 
462 138 
465 5556 
465 60 
466 39 
469 853 
470 102 
470 150 
474 59 
476 25 
476 81 
478 310 
479 233 
482 2 
483 58 
483 26 
484 77 
485 34 
487 18 
488 60 
490 81 
493 144 
493 44 
498 7 
499 1650 
499 454 
504 279 
505 61 
506 22 
506 265 
507 271 
508 29 
509 18 
513 40 
513 9049 
513 14 
517 35 
519 55 
520 776 
520 42 
521 100 
523 1094 
525 1145 
527 78 
527 102 
531 780 
532 1130 
533 30 
533 25 
535 265 
535 44 
537 15 
537 106 
538 89 
539 479 
541 8 
542 97 
544 14 
545 56 
546 98 
549 66 
550 42 
550 218 
552 55 
552 106 
555 1165 
557 8 
557 337 
558 77 
558 194 
558 98 
563 89 
564 99 
567 589 
569 86 
570 46 
573 1089 
573 116 
574 579 
576 142 
576 38 
577 550 
577 25 
579 110 
580 120 
580 1469 
584 319 
586 48 
588 28 
590 62 
592 58 
592 173 
594 80 
594 19 
595 72 
597 25 
598 67 
599 178 
599 51 
600 160 
601 200 
602 133 
603 52 
603 19 
604 75 
605 207 
610 150 
611 276 
612 57 
612 7499 
613 104 
619 310 
619 162 
621 193 
622 176 
623 61 
624 48 
627 22 
627 164 
632 120 
636 709 
637 24 
638 181 
639 10 
645 20 
646 94 
646 33 
649 19 
652 1092 
658 126 
664 158 
667 77 
668 53 
670 44 
671 68 
671 96 
672 402 
675 204 
675 2072 
676 10 
676 8334 
677 150 
679 90 
683 1190 
683 172 
685 64 
685 77 
687 31 
687 186 
688 105 
688 438 
689 61 
691 6 
695 67 
696 22 
699 97 
701 598 
702 26 
704 67 
705 16 
710 189 
712 201 
712 168 
713 89 
714 23 
715 95 
715 103 
717 5 
719 77 
720 47 
720 4043 
721 38 
724 81 
725 1410 
725 89 
726 312 
727 124 
730 29 
730 355 
730 70 
731 151 
733 1341 
734 13 
735 166 
737 13 
738 86 
741 25 
749 140 
749 200 
751 125 
752 16 
753 2 
754 119 
755 46 
755 1067 
758 8 
760 141 
762 31 
762 57 
762 269 
764 13 
765 42 
767 284 
769 7 
775 167 
777 15 
778 68 
779 56 
781 272 
782 28 
786 107 
791 139 
791 180 
792 65 
792 1 
797 62 
798 31 
798 289 
803 890 
805 61 
808 20 
808 16 
811 144 
814 170 
815 46 
821 46 
821 200 
825 37 
825 73 
826 201 
827 122 
827 778 
828 17 
830 76 
833 84 
835 583 
836 62 
836 3 
836 63 
837 79 
838 74 
839 364 
840 566 
841 662 
843 21 
845 245 
850 70 
851 250 
858 342 
864 60 
864 882 
864 181 
866 25 
866 602 
867 77 
874 22 
876 28 
877 88 
877 113 
878 60 
881 30 
883 74 
883 164 
886 12 
890 75 
891 96 
892 404 
894 492 
896 9 
898 817 
900 126 
900 3224 
903 45 
904 60 
906 386 
907 79 
909 392 
909 22 
910 8 
910 165 
913 431 
916 18 
916 1768 
919 575 
920 105 
920 17 
923 280 
924 125 
927 89 
927 293 
928 96 
930 7 
933 35 
933 1087 
942 328 
943 99 
946 297 
951 133 
953 42 
953 14 
954 30 
957 73 
958 26 
962 202 
966 50 
968 131 
968 49 
969 43 
973 95 
973 48 
974 25 
975 202 
980 29 
980 80 
981 2892 
982 20 
982 233 
982 333 
982 236 
984 76 
985 59 
988 37 
990 5 
997 276 
998 93 
999 49 
1000 60 
1001 146 
1001 121 
1009 94 
1012 1286 
1013 61 
1016 88 
1025 495 
1029 66 
1031 7 
1032 2166 
1033 450 
1038 40 
1039 2908 
1039 56 
1040 92 
1045 22 
1046 13 
1047 225 
1048 23 
1048 140 
1053 144 
1056 306 
1059 25 
1059 92 
1060 362 
1062 75 
1063 25 
1064 107 
1066 132 
1066 132 
1067 30 
1068 8 
1071 55 
1071 110 
1072 23 
1075 92 
1077 144 
1077 473 
1078 101 
1078 87 
1079 287 
1080 329 
1080 76 
1082 189 
1084 364 
1084 103 
1085 411 
1091 15 
1092 14 
1093 9 
1094 1505 
1096 17 
1099 1273 
1101 182 
1112 73 
1112 124 
1117 17 
1121 322 
1125 47 
1128 173 
1128 343 
1129 392 
1130 524 
1131 8 
1138 38 
1140 43 
1154 61 
1158 14 
1169 251 
1170 3 
1175 72 
1177 17 
1179 73 
1179 55 
1181 80 
1184 1086 
1187 89 
1189 146 
1189 56 
1192 83 
1198 320 
1204 70 
1208 127 
1212 9 
1215 174 
1219 81 
1220 121 
1224 139 
1225 11 
1225 304 
1234 3186 
1234 84 
1235 46 
1237 86 
1245 51 
1246 57 
1247 167 
1251 142 
1252 51 
1252 1517 
1255 362 
1262 77 
1268 31 
1277 606 
1279 210 
1282 135 
1284 808 
1294 96 
1296 19 
1296 4 
1300 26 
1302 19 
1306 53 
1307 235 
1319 177 
1319 5 
1320 88 
1320 52 
1324 3826 
1324 137 
1326 206 
1327 171 
1327 43 
1332 43 
1338 45 
1342 173 
1344 7 
1346 580 
1352 7 
1353 45 
1359 163 
1365 57 
1371 83 
1375 100 
1376 9 
1377 212 
1381 70 
1381 142 
1382 58 
1386 132 
1393 14 
1394 137 
1399 52 
1401 55 
1403 228 
1404 91 
1406 7 
1413 28 
1414 65 
1414 44 
1417 39 
1419 61 
1419 70 
1422 4 
1422 366 
1423 52 
1428 79 
1429 277 
1429 49 
1435 43 
1440 86 
1447 50 
1447 18 
1467 157 
1471 14 
1485 78 
1487 55 
1488 12 
1493 8 
1497 52 
1512 32 
1513 154 
1514 19 
1515 1 
1526 164 
1527 1289 
1537 54 
1540 30 
1544 24 
1548 41 
1549 22 
1557 23 
1561 55 
1572 35 
1573 101 
1576 138 
1577 105 
1584 148 
1590 43 
1592 2847 
1592 232 
1594 31 
1596 55 
1599 85 
1603 65 
1607 270 
1610 202 
1628 32 
1629 9 
1635 37 
1635 3 
1639 207 
1642 47 
1646 3 
1646 21 
1648 35 
1650 37 
1651 33 
1653 467 
1654 118 
1655 35 
1671 22 
1676 114 
1688 87 
1699 194 
1706 85 
1711 14 
1711 428 
1727 95 
1729 27 
1731 4 
1740 284 
1743 17 
1756 110 
1757 93 
1763 63 
1775 16 
1791 236 
1795 463 
1807 35 
1811 673 
1823 137 
1830 23 
1832 109 
1833 41 
1834 431 
1850 213 
1865 69 
1867 22 
1876 2 
1877 2012 
1901 1181 
1902 73 
1913 243 
1913 191 
1923 174 
1934 116 
1936 7828 
1939 243 
1954 84 
1956 46 
1959 322 
1961 58 
1961 54 
1964 857 
1967 363 
1970 104 
1980 246 
1987 2257 
2003 23 
2005 71 
2005 103 
2009 27 
2009 100 
2013 56 
2018 49 
2022 169 
2027 51 
2029 33 
2032 287 
2034 7 
2036 1115 
2036 32 
2044 9 
2044 38 
2059 352 
2059 26 
2059 50 
2076 11 
2085 140 
2095 41 
2101 310 
2103 6 
2109 3408 
2112 926 
2121 106 
2124 95 
2128 378 
2134 104 
2137 19 
2138 318 
2145 21 
2158 239 
2161 9 
2173 145 
2181 425 
2196 98 
2196 143 
2201 64 
2205 11 
2207 65 
2210 53 
2213 27 
2219 180 
2220 178 
2223 68 
2226 131 
2228 51 
2231 128 
2235 1209 
2240 140 
2242 65 
2253 10 
2256 17 
2259 23 
2267 643 
2269 5 
2283 14 
2288 63 
2290 72 
2292 92 
2292 45 
2293 207 
2298 812 
2302 157 
2309 457 
2311 178 
2315 37 
2319 5 
2324 12 
2326 56 
2326 153 
2342 4 
2347 41 
2349 228 
2353 202 
2359 124 
2361 93 
2363 202 
2364 56 
2365 74 
2370 32 
2373 32 
2375 89 
2395 107 
2403 22 
2406 398 
2409 42 
2413 526 
2414 9 
2421 96 
2422 48 
2422 18 
2431 1262 
2434 4578 
2434 41 
2440 79 
2458 125 
2460 114 
2465 83 
2475 194 
2479 43 
2484 91 
2496 207 
2497 48 
2503 32 
2503 294 
2507 29 
2523 60 
2527 230 
2535 83 
2537 243 
2547 73 
2549 52 
2558 190 
2566 237 
2572 261 
2575 93 
2585 449 
2591 184 
2597 573 
2603 31 
2608 17 
2610 75 
2614 118 
2620 53 
2628 116 
2633 170 
2637 975 
2651 12 
2657 59 
2657 28 
2690 80 
2691 1370 
2691 426 
2698 42 
2699 2 
2701 3 
2708 468 
2746 162 
2749 482 
2757 257 
2758 15 
2760 61 
2785 171 
2787 188 
2790 75 
2793 112 
2804 28 
2822 70 
2827 83 
2850 120 
2861 15 
2864 0 
2867 833 
2874 936 
2882 31 
2882 85 
2882 1295 
2884 68 
2891 26 
2895 168 
2908 31 
2925 983 
2932 348 
2938 100 
2947 22 
2957 157 
2967 73 
2974 25 
2995 238 
2997 60 
3001 14 
3008 162 
3010 57 
3020 47 
3034 592 
3035 55 
3039 89 
3043 563 
3044 80 
3084 94 
3087 496 
3113 22 
3120 296 
3122 316 
3129 58 
3132 80 
3135 14 
3136 103 
3140 190 
3147 65 
3159 27 
3164 161 
3172 133 
3188 378 
3189 41 
3191 325 
3193 15 
3206 405 
3212 4 
3225 15 
3250 18 
3256 101 
3272 905 
3274 154 
3294 106 
3297 45 
3313 16 
3322 134 
3338 124 
3351 9 
3354 107 
3362 56 
3362 82 
3373 81 
3378 54 
3383 1599 
3386 26 
3403 2096 
3405 74 
3427 37 
3428 40 
3429 23 
3444 41 
3447 60 
3459 69 
3461 44 
3495 78 
3506 29 
3524 85 
3558 19 
3560 339 
3561 133 
3567 141 
3578 402 
3581 188 
3588 89 
3595 116 
3597 4 
3614 58 
3619 7 
3637 139 
3662 43 
3671 35 
3680 110 
3716 15 
3719 66 
3734 89 
3735 1770 
3781 72 
3808 71 
3818 17 
3826 67 
3828 152 
3844 24 
3849 193 
3852 107 
3855 64 
3864 237 
3876 25 
3885 40 
3914 99 
3934 33 
3945 39 
3953 186 
3955 132 
3971 45 
3982 42 
3983 240 
3992 261 
3998 239 
4005 16 
4010 23 
4012 5 
4038 46 
4056 31 
4058 101 
4083 55 
4088 72 
4111 71 
4116 212 
4126 209 
4141 52 
4150 8 
4153 134 
4167 40 
4179 104 
4179 12 
4189 74 
4201 20 
4212 31 
4218 219 
4222 91 
4229 1366 
4268 6 
4273 368 
4294 20 
4305 45 
4306 72 
4309 20 
4311 97 
4338 4 
4339 1111 
4339 139 
4345 356 
4355 86 
4371 145 
4379 159 
4379 1945 
4389 120 
4394 234 
4402 35 
4405 13 
4414 21 
4420 35 
4426 80 
4428 41 
4446 12 
4459 64 
4462 54 
4477 43 
4478 124 
4519 68 
4521 611 
4530 233 
4587 16 
4590 54 
4599 64 
4619 145 
4635 31 
4636 122 
4644 63 
4653 372 
4658 31 
4663 148 
4686 29 
4721 74 
4728 252 
4742 22 
4747 1 
4752 33 
4756 22 
4795 21 
4838 72 
4840 2007 
4849 199 
4857 272 
4861 47 
4867 965 
4872 249 
4872 134 
4877 111 
4881 69 
4893 76 
4896 163 
4927 10 
4942 110 
4944 27 
4948 126 
4952 156 
4963 217 
4964 24 
4972 26 
4973 79 
4980 27 
4994 17 
4995 82 
4997 6 
5002 520 
5037 73 
5056 102 
5071 6240 
5074 47 
5080 140 
5091 164 
5112 158 
5115 102 
5116 10 
5126 67 
5131 310 
5157 17 
5158 990 
5167 241 
5171 25 
5182 7 
5185 32 
5211 12 
5226 11 
5232 47 
5233 2213 
5240 16 
5242 119 
5261 26 
5269 7 
5273 739 
5283 78 
5300 172 
5315 12 
5323 110 
5357 266 
5361 32 
5407 133 
5407 62 
5424 434 
5433 54 
5435 49 
5450 82 
5453 449 
5459 112 
5461 56 
5463 137 
5483 10 
5491 365 
5543 131 
5544 60 
5562 1668 
5564 183 
5569 5843 
5572 125 
5603 158 
5606 368 
5610 890 
5614 166 
5621 74 
5626 478 
5626 11 
5642 229 
5645 58 
5654 1528 
5679 26 
5685 32 
5703 132 
5743 36 
5774 33 
5778 50 
5784 634 
5786 35 
5789 145 
5803 69 
5806 18 
5817 149 
5825 25 
5826 39 
5834 150 
5837 55 
5850 152 
5867 921 
5873 789 
5895 23 
5912 921 
5933 47 
5942 265 
5943 141 
5961 118 
5965 62 
5989 11 
6018 302 
6041 38 
6050 1051 
6065 105 
6088 61 
6104 240 
6119 725 
6121 187 
6133 345 
6138 58 
6139 41 
6158 643 
6162 62 
6185 37 
6221 8 
6242 97 
6246 11 
6252 31 
6259 49 
6288 2 
6299 87 
6312 37 
6341 90 
6344 20 
6357 182 
6379 168 
6422 9 
6423 211 
6426 15 
6427 161 
6444 34 
6461 331 
6462 2885 
6463 1011 
6478 267 
6483 186 
6508 1747 
6513 675 
6531 1565 
6536 15 
6536 164 
6536 96 
6536 164 
6540 47 
6571 96 
6586 15 
6594 85 
6595 64 
6605 35 
6618 58 
6641 77 
6649 6 
6657 121 
6669 188 
6677 4 
6711 67 
6735 124 
6739 6 
6740 21 
6749 87 
6751 182 
6772 123 
6777 82 
6786 43 
6790 113 
6815 183 
6840 61 
6840 152 
6854 233 
6859 116 
6886 126 
6911 52 
6915 40 
6919 256 
6958 75 
6958 42 
6989 105 
6999 138 
7000 36 
7047 132 
7058 17 
7090 127 
7107 590 
7142 50 
7186 1122 
7194 11 
7208 104 
7211 133 
7239 12 
7240 85 
7259 358 
7262 169 
7307 706 
7334 15 
7372 67 
7387 510 
7404 176 
7435 72 
7452 35 
7458 16 
7464 51 
7479 272 
7480 201 
7511 25 
7522 31 
7526 24 
7528 252 
7541 438 
7541 30 
7551 73 
7567 355 
7613 15 
7634 25 
7638 71 
7651 34 
7656 628 
7657 25 
7697 8 
7700 99 
7715 213 
7725 525 
7726 444 
7729 141 
7729 35 
7751 120 
7752 56 
7767 16 
7779 1376 
7784 5 
7784 171 
7790 217 
7795 74 
7807 233 
7817 1402 
7842 742 
7844 413 
7856 389 
7856 48 
7890 216 
7900 26 
7918 111 
7923 50 
7929 96 
7944 100 
7950 120 
7968 18 
7976 706 
7978 345 
7983 103 
7984 19 
8018 17 
8019 53 
8019 112 
8025 201 
8030 178 
8055 24 
8058 278 
8065 103 
8066 19 
8074 1 
8096 81 
8106 95 
8129 23 
8157 146 
8158 32 
8163 138 
8178 28 
8179 43 
8180 126 
8181 298 
8182 493 
8185 62 
8185 64 
8204 141 
8208 100 
8240 74 
8253 32 
8277 236 
8282 101 
8315 134 
8359 18 
8395 80 
8395 112 
8404 41 
8418 277 
8420 30 
8437 100 
8510 64 
8533 67 
8582 78 
8584 90 
8593 40 
8625 97 
8626 36 
8634 8 
8634 338 
8736 21 
8814 65 
8827 85 
8839 146 
8846 523 
8891 119 
8897 51 
8932 74 
8934 63 
8942 64 
8950 170 
9000 128 
9036 67 
9040 108 
9115 43 
9131 162 
9133 298 
9135 93 
9152 91 
9155 7 
9192 46 
9205 18 
9252 62 
9268 1301 
9282 96 
9284 26 
9288 43 
9322 242 
9333 106 
9358 101 
9401 122 
9472 12 
9486 159 
9525 73 
9537 313 
9597 22 
9617 313 
9621 39 
9629 106 
9641 49 
9685 65 
9691 171 
9695 63 
9707 180 
9714 798 
9742 191 
9755 20 
9759 190 
9759 300 
9796 120 
9807 214 
9848 475 
9858 403 
9880 102 
9899 118 
9906 1325 
9912 2456 
9919 8 
9934 50 
9938 45 
9971 312 
10007 39 
10008 75 
10033 22 
10075 139 
10085 159 
10087 12 
10106 162 
10114 19 
10180 21 
10194 36 
10228 156 
10234 87 
10260 35 
10287 33 
10310 471 
10329 205 
10336 78 
10338 101 
10348 9 
10351 75 
10368 136 
10442 385 
10468 177 
10471 57 
10541 131 
10545 7 
10551 167 
10568 53 
10583 33 
10635 719 
10679 62 
10692 56 
10718 135 
10747 135 
10768 2 
10794 295 
10804 8 
10814 89 
10815 2151 
10849 91 
10849 91 
10871 3000 
10871 3000 
10893 1987 
10893 1987 
10967 30 
10968 2 
10970 138 
11017 20 
11050 55 
11051 18 
11051 469 
11115 89 
11133 6 
11168 8 
11181 69 
11192 13 
11219 264 
11220 70 
11231 10 
11241 120 
11278 9 
11281 36 
11319 173 
11347 52 
11351 111 
11443 59 
11459 26 
11461 90 
11478 112 
11478 784 
11484 2 
11494 124 
11518 220 
11562 65 
11591 547 
11619 68 
11624 544 
11640 18 
11646 498 
11656 137 
11681 496 
11707 428 
11715 647 
11719 66 
11766 113 
11770 118 
11775 240 
11784 18 
11786 12 
11792 199 
11802 68 
11812 533 
11886 38 
11887 144 
11924 142 
11959 38 
11973 71 
11999 442 
12046 58 
12099 231 
12151 57 
12158 187 
12167 24 
12203 8 
12211 1476 
12260 86 
12301 501 
12307 187 
12311 140 
12320 125 
12329 29 
12338 111 
12365 1310 
12385 180 
12436 201 
12441 118 
12492 769 
12492 146 
12500 161 
12552 49 
12580 908 
12616 234 
12617 26 
12651 2449 
12661 129 
12666 727 
12689 14 
12690 227 
12733 19 
12740 672 
12763 7 
12794 42 
12803 31 
12807 2101 
12810 1166 
12811 1071 
12883 27 
12924 192 
12978 126 
12980 146 
13012 24 
13026 123 
13048 37 
13051 365 
13084 75 
13095 253 
13101 570 
13158 39 
13162 113 
13185 2582 
13189 23 
13217 21 
13228 96 
13231 1010 
13237 123 
13265 265 
13276 100 
13277 49 
13291 83 
13297 9 
13309 17 
13319 350 
13335 6 
13340 16 
13344 3 
13358 89 
13370 283 
13372 57 
13396 193 
13440 3 
13454 196 
13483 1271 
13495 48 
13507 542 
13519 71 
13539 144 
13550 62 
13563 52 
13641 32 
13656 259 
13699 63 
13736 157 
13768 10237 
13782 1471 
13783 135 
13799 88 
13805 151 
13806 1160 
13812 846 
13837 245 
13853 446 
13855 1349 
13873 844 
13877 102 
13880 171 
13881 171 
13908 228 
13922 91 
13928 18 
13972 281 
13977 31 
14029 72 
14029 43 
14066 328 
14076 1230 
14114 52 
14118 2 
14137 220 
14164 505 
14220 1654 
14230 345 
14255 51 
14286 203 
14312 179 
14321 157 
14367 23 
14384 150 
14403 163 
14411 125 
14425 61 
14465 633 
14497 149 
14594 833 
14612 11 
14622 36 
14692 50 
14725 68 
14786 132 
14797 82 
14817 281 
14834 63 
14903 29 
14977 120 
15004 45 
15005 107 
15024 8 
15034 1036 
15046 200 
15057 200 
15070 321 
15081 29 
15131 580 
15136 23 
15155 250 
15160 615 
15188 10 
15212 5 
15235 6 
15245 55 
15289 33 
15292 7 
15329 283 
15335 1556 
15342 111 
15344 80 
15423 66 
15428 390 
15435 116 
15475 42 
15515 135 
15568 64 
15649 26 
15713 723 
15744 12 
15771 77 
15802 400 
15870 7 
15888 204 
15914 201 
15929 15 
15929 123 
15935 170 
16034 30 
16053 9 
16158 210 
16199 76 
16209 68 
16213 145 
16276 34 
16277 41 
16284 112 
16358 62 
16373 63 
16388 101 
16400 76 
16401 10 
16435 54 
16461 41 
16501 24 
16614 108 
16653 34 
16698 2660 
16721 7 
16743 135 
16758 50 
16799 81 
16820 171 
16822 177 
16853 66 
16962 18 
16975 1488 
16993 36 
17005 15 
17007 299 
17025 2612 
17030 46 
17046 228 
17097 33 
17171 652 
17209 51 
17216 42 
17244 49 
17285 18 
17293 39 
17345 83 
17361 82 
17369 39 
17377 67 
17398 82 
17403 32 
17458 48 
17480 199 
17490 90 
17643 201 
17643 43 
17770 182 
17791 1435 
17850 38 
17910 8 
17912 38 
17949 52 
17961 323 
17977 24 
18054 53 
18130 254 
18204 435 
18357 42 
18368 63 
18393 137 
18424 59 
18439 629 
18505 554 
18519 514 
18537 256 
18600 153 
18605 93 
18625 136 
18652 22 
18688 272 
18796 9 
18810 59 
18812 81 
18866 71 
18873 95 
18904 64 
18906 54 
18910 1007 
18917 112 
18932 633 
18961 73 
19014 26 
19019 113 
19030 145 
19031 296 
19066 5 
19078 290 
19124 19 
19152 71 
19166 28 
19176 179 
19204 708 
19243 1346 
19263 78 
19263 742 
19292 21 
19311 36 
19317 41 
19322 55 
19343 10 
19379 16 
19417 371 
19448 189 
19452 51 
19460 34 
19566 242 
19593 425 
19652 89 
19656 16 
19658 507 
19667 1191 
19708 234 
19722 29 
19854 131 
19887 476 
19909 216 
20006 65 
20104 172 
20121 192 
20135 169 
20241 92 
20324 27 
20408 171 
20445 86 
20532 91 
20551 6 
20680 42 
20697 43 
20863 380 
20878 217 
21030 30 
21077 51 
21137 161 
21314 15 
21356 4 
21442 112 
21470 21 
21512 26 
21538 161 
21671 19 
21813 9 
22006 8 
22032 27 
22133 767 
22257 8 
22285 38 
22417 51 
22427 638 
22589 26 
22617 33 
22707 118 
22921 17 
22947 9 
23007 44 
23017 92 
23044 163 
23103 16 
23460 15 
23485 21 
23631 141 
23894 7 
23962 17 
24003 38 
24045 89 
24109 60 
24190 37 
24303 23 
24569 87 
24747 22 
24890 14 
24941 35 
25266 70 
25429 824 
25429 43 
25519 36 
25519 36 
25578 7568 
25578 7568 
25623 46 
25744 677 
25942 242 
26349 52 
26412 11 
27038 81 
27149 119 
27232 12 
27449 27 
27524 26 
27527 299 
27680 43 
27860 15 
28642 9 
28753 14 
28805 38 
28987 38 
29041 259 
29316 138 
29420 30 
29773 11 
29802 50 
30346 98 
30554 53 
30691 82 
30750 6 
31679 12 
31821 20 
31830 98 
32054 62 
32104 47 
32232 23 
32632 6 
32696 13 
33245 40 
33326 42 
33626 20 
33764 74 
33772 9 
33974 1 
34209 19 
34744 23 
34747 318 
35367 6 
35842 591 
35872 12 
36055 54 
36368 63 
36380 93 
36476 50 
36550 17 
36593 599 
36984 71 
37176 196 
37428 434 
37491 11 
37600 658 
37782 140 
37823 29 
38012 77 
38042 6 
38057 12 
38270 39 
38303 1 
38343 23 
38708 20 
38712 26 
38828 576 
38910 47 
39130 25 
39246 759 
39462 64 
39513 123 
39603 56 
39732 73 
39892 49 
39988 30 
40004 344 
40040 26 
40152 71 
40152 71 
40179 322 
40179 322 
40323 47 
40448 118 
40634 99 
40746 1 
40841 142 
40915 15 
41088 83 
41116 3 
41230 50 
41707 435 
41725 28 
41924 50 
42068 245 
42104 2 
42287 90 
42304 113 
42509 70 
42567 29 
42600 241 
42618 1155 
42682 984 
42702 39 
42781 129 
42782 1480 
42845 86 
43089 91 
43460 32 
43490 49 
43499 4 
43818 109 
44082 19 
44190 37 
44272 51 
44299 47 
44308 250 
44472 2 
44523 23 
44538 173 
44566 85 
44590 108 
44593 105 
44678 4 
44708 115 
44922 23 
44970 64 
45066 50 
45161 303 
45373 19 
45406 658 
45553 30 
45585 273 
45875 70 
45946 151 
45966 582 
46309 42 
46519 465 
46594 505 
46633 52 
46808 106 
46940 16 
47044 98 
47204 109 
47313 38 
47756 403 
47957 65 
48132 204 
48424 14 
48742 34 
49000 24 
49378 35 
49406 40 
49553 21 
49709 6 
49738 630 
49891 22 
49986 101 
50423 146 
50460 89 
50524 34 
50629 59 
50713 5 
50870 44 
51290 87 
52003 26 
52054 12 
52143 195 
52159 138 
53348 9 
53584 102 
54003 13 
54335 1029 
54920 6 
55110 445 
55614 74 
55946 31 
56742 89 
57119 74 
57312 53 
57313 101 
57679 60 
57712 104 
57739 352 
57815 12 
57948 80 
58295 65 
58816 4 
58912 229 
59162 38 
61338 10 
61588 116 
61957 39 
63135 68 
63249 11 
63591 8 
64536 7 
64556 41 
66574 172 
68073 93 
68714 116 
69037 10 
69186 92 
69275 12 
70501 2 
70579 2420 
70607 467 
70637 635 
71435 92 
72086 1473 
72290 16 
72612 57 
73090 445 
73418 23 
73654 65 
74590 19 
76321 41 
76332 152 
82804 55 
84611 13 
85859 61 
86319 823 
86576 9 
87837 54 
88590 709 
91769 10 
91905 123 
92263 141 
92600 1 
93794 37 
93818 124 
100165 135 
100249 23 
101500 2192 
109400 8 
111876 69 
115488 31 
115753 4 
123918 43 
125178 135 
128673 676 
135657 12 
136239 64 
139712 3 
142001 367 
142150 97 
143500 25 
145048 13 
145461 165 
146111 34 
146663 1073 
153043 40 
153290 406 
154016 227 
155372 446 
155443 796 
156600 0 
157099 112 
158896 201 
162813 229 
162911 384 
165052 2 
168177 679 
171875 1 
173545 75 
174675 88 
176395 343 
178024 71 
178929 37 
178964 26 
179530 4 
199125 36 
208355 28 
208873 1231 
209684 1282 
226368 448 
226748 124 
228607 1340 
239820 153 
239868 141 
239939 114 
240227 131 
254197 203 
257482 7 
272857 215 
275454 50 
293585 31 
305511 254 
309684 54 
313703 35 
321254 30 
326597 346 
336455 55 
349219 56 
352469 32 
358953 1600 
364902 19 
403041 285 
408728 83 
416020 147 
416720 177 
419686 19 
447524 8 
481914 74 
591438 53 
600772 237 
600832 97 
601575 249 
