3579 5.64561342593
0 907801 
11 77 
11 341 
12 317 
14 280 
15 136 
15 297 
15 133 
16 150 
16 894 
17 212 
17 105 
17 161 
18 105 
19 60 
20 288 
21 55 
21 155 
22 191 
22 147 
22 61 
22 975 
22 32 
22 16 
23 70 
23 133 
23 117 
23 53 
23 24 
24 31 
25 249 
25 88 
25 34 
26 102 
26 1340 
26 191 
27 80 
28 158 
28 94 
28 62 
28 53 
28 167 
28 615 
29 56 
29 92 
29 67 
29 159 
29 41 
29 59 
29 94 
30 105 
30 155 
30 134 
30 208 
30 164 
30 83 
31 54 
82 116 
82 252 
82 340 
82 490 
83 346 
83 209 
83 461 
83 180 
83 75 
84 393 
84 43 
84 409 
85 219 
85 147 
85 94 
85 17 
85 227 
86 287 
86 19 
86 185 
86 187 
86 184 
86 13 
86 100 
86 122 
86 45 
86 34 
87 737 
87 51 
87 163 
88 27 
88 327 
88 54 
88 106 
88 40 
88 84 
88 363 
88 57 
89 44 
89 41 
89 108 
90 15 
90 91 
90 168 
91 328 
91 120 
91 145 
92 14 
92 83 
92 57 
92 421 
92 140 
92 57 
92 40 
93 152 
94 42 
94 375 
94 97 
94 102 
96 113 
96 25 
97 227 
97 63 
97 146 
97 163 
98 73 
98 31 
98 191 
98 95 
99 183 
99 242 
100 107 
101 504 
101 81 
101 53 
101 98 
101 131 
102 115 
102 110 
102 152 
102 17 
102 117 
102 16 
102 263 
102 309 
103 154 
103 48 
103 57 
103 50 
103 102 
103 154 
104 91 
104 30 
105 77 
105 23 
106 82 
106 206 
107 87 
107 20 
107 130 
108 166 
108 987 
108 168 
108 129 
108 67 
109 161 
109 58 
110 152 
110 107 
110 485 
111 400 
111 23 
111 46 
111 102 
112 229 
112 89 
112 285 
112 313 
113 72 
113 131 
113 105 
113 57 
114 95 
114 75 
115 184 
116 70 
116 971 
116 81 
116 69 
116 87 
117 26 
117 151 
118 139 
118 122 
118 32 
118 98 
118 37 
119 36 
119 111 
119 14 
119 447 
119 13 
119 203 
119 85 
120 127 
120 49 
120 242 
121 43 
121 337 
122 293 
123 37 
123 125 
124 108 
124 49 
125 83 
125 224 
125 227 
125 111 
125 233 
126 41 
126 36 
127 260 
127 427 
127 209 
127 349 
127 31 
127 167 
127 161 
127 46 
127 57 
128 193 
128 439 
128 71 
128 304 
128 630 
128 182 
128 1486 
128 424 
129 95 
129 212 
129 66 
130 79 
130 61 
130 62 
130 102 
130 94 
130 53 
130 80 
131 297 
131 135 
132 78 
132 203 
132 53 
132 103 
132 154 
133 137 
133 117 
133 41 
133 145 
134 104 
134 84 
134 2003 
134 137 
134 445 
134 86 
135 186 
135 75 
136 66 
136 161 
136 225 
136 35 
136 166 
137 74 
137 515 
137 15 
137 224 
137 21 
137 151 
138 12 
139 142 
140 43 
140 312 
142 156 
142 45 
142 130 
143 77 
143 60 
143 206 
143 930 
145 90 
145 161 
145 47 
145 128 
146 77 
147 149 
147 49 
148 289 
148 44 
149 147 
149 299 
150 170 
150 284 
150 183 
151 196 
151 130 
151 249 
151 132 
152 42 
153 186 
153 266 
154 122 
154 69 
154 81 
155 93 
155 85 
155 53 
155 5 
156 6155 
156 154 
156 81 
156 253 
156 41 
156 71 
157 37 
157 529 
157 115 
158 70 
158 46 
159 193 
159 234 
159 162 
159 79 
160 15 
160 975 
160 196 
160 54 
160 46 
160 116 
161 155 
161 114 
161 112 
162 91 
162 58 
162 21 
162 219 
164 261 
164 102 
165 160 
166 147 
166 225 
166 137 
166 125 
166 144 
166 31 
167 143 
168 146 
168 216 
169 59 
169 277 
169 196 
169 46 
170 65 
170 416 
170 539 
170 106 
171 404 
171 145 
171 54 
172 64 
172 377 
173 20 
173 215 
173 40 
174 49 
175 88 
175 143 
175 347 
176 161 
176 19 
176 81 
176 77 
177 184 
177 22 
178 72 
178 19 
178 132 
178 320 
179 361 
179 223 
180 17 
181 263 
181 65 
182 28 
182 44 
182 369 
183 222 
185 109 
185 310 
185 119 
185 114 
185 42 
186 184 
186 197 
187 153 
187 171 
187 152 
187 52 
188 75 
188 98 
189 502 
189 220 
189 88 
189 510 
190 113 
190 27 
191 222 
191 286 
192 48 
192 69 
192 50 
193 88 
193 105 
193 59 
193 123 
193 61 
193 337 
193 75 
194 99 
195 215 
195 15 
195 293 
195 73 
196 1099 
196 141 
196 91 
196 120 
197 45 
197 48 
197 90 
197 115 
197 115 
198 339 
199 27 
200 66 
201 11 
202 48 
202 95 
202 2805 
203 47 
203 138 
204 87 
204 123 
204 59 
205 70 
205 69 
205 28 
206 78 
206 90 
207 329 
207 42 
207 103 
207 86 
208 130 
208 1465 
208 47 
209 76 
209 519 
210 88 
210 188 
210 40 
210 68 
210 509 
210 28 
212 71 
212 382 
213 168 
213 94 
215 101 
216 94 
216 133 
217 240 
218 213 
218 40 
218 1054 
218 54 
218 291 
219 134 
219 83 
221 131 
221 215 
222 293 
222 198 
222 139 
223 60 
223 183 
223 62 
224 501 
224 63 
224 30 
225 189 
225 134 
226 128 
226 66 
227 30 
228 77 
228 167 
228 639 
228 573 
229 112 
229 147 
230 262 
230 52 
230 990 
230 136 
231 359 
231 110 
231 153 
231 364 
231 75 
232 4 
232 27 
232 307 
232 88 
233 866 
233 1262 
234 98 
234 209 
234 285 
235 459 
235 98 
235 511 
236 125 
236 171 
237 940 
238 73 
239 127 
240 89 
240 33 
240 54 
241 29 
241 265 
241 29 
242 70 
242 300 
243 10 
243 29 
243 500 
244 151 
244 191 
244 234 
244 103 
246 184 
246 1155 
246 40 
246 108 
247 43 
247 294 
247 48 
247 92 
248 135 
248 50 
248 101 
248 87 
249 340 
250 28 
250 60 
250 347 
251 25 
251 189 
251 166 
251 398 
252 40 
252 372 
252 88 
252 63 
254 134 
254 87 
255 156 
256 52 
256 85 
257 40 
257 27 
257 183 
258 648 
258 120 
259 202 
259 85 
260 53 
261 72 
262 154 
262 311 
262 246 
263 204 
263 1607 
264 132 
264 59 
264 19 
265 213 
267 32 
267 308 
268 195 
268 129 
270 73 
271 161 
272 196 
272 681 
273 102 
274 37 
274 75 
274 109 
274 14 
274 154 
274 113 
275 35 
276 289 
276 69 
276 104 
278 317 
278 132 
279 131 
279 91 
279 106 
279 112 
279 60 
280 83 
280 163 
281 116 
281 233 
281 20 
282 182 
282 119 
282 148 
283 70 
283 438 
283 66 
284 235 
284 107 
285 33 
285 73 
286 215 
286 33 
286 42 
286 51 
289 224 
289 37 
290 665 
291 389 
291 36 
292 82 
292 148 
294 128 
294 21 
294 85 
294 41 
294 14 
294 286 
296 84 
296 68 
297 85 
298 155 
300 145 
302 150 
302 271 
304 124 
304 134 
304 81 
305 29 
307 93 
307 381 
307 45 
307 111 
307 112 
308 121 
310 9866 
310 43 
310 27 
310 229 
310 156 
311 105 
311 162 
311 151 
311 147 
311 91 
312 67 
312 68 
312 86 
312 17 
312 145 
313 112 
313 114 
314 237 
315 50 
316 375 
316 31 
317 133 
317 205 
318 408 
319 46 
321 337 
321 94 
321 115 
322 107 
322 218 
322 51 
324 70 
324 177 
325 118 
326 316 
326 308 
326 68 
328 133 
328 405 
329 118 
329 89 
329 202 
331 183 
331 258 
331 115 
332 212 
332 96333 
332 62 
334 132 
335 33 
335 38 
335 64 
336 38 
336 37 
336 56 
337 150 
337 28 
337 17 
337 48 
338 177 
338 93 
338 66 
339 227 
339 97 
339 102 
340 246 
340 177 
340 150 
341 114 
341 117 
341 147 
341 34 
342 89 
342 295 
342 81 
343 82 
343 325 
344 136 
346 72 
346 102 
346 18 
346 31 
347 190 
349 120 
349 2332 
350 99 
350 117 
350 133 
352 421 
352 586 
352 193 
352 377 
353 119 
354 92 
355 85 
355 9198 
355 169 
355 59 
356 43 
356 322 
356 264 
356 125 
357 45 
358 42 
358 96 
359 23 
359 41 
359 25 
360 188 
360 98 
360 43 
360 153 
360 53 
361 385 
361 13 
363 167 
363 151 
363 308 
364 68 
365 302 
365 36 
366 8 
366 183 
366 66 
366 102 
367 42 
367 118 
369 120 
369 146 
370 52 
371 151 
371 70 
372 20 
372 113 
373 45 
373 25 
374 103 
374 17 
376 63 
378 127 
378 48 
378 159 
379 387 
379 42 
380 250 
381 108 
381 169 
381 127 
382 44 
382 272 
382 290 
383 1234 
383 75 
383 350 
383 192 
383 169 
384 44 
386 15 
386 89 
386 31 
388 555 
388 42 
388 4 
388 239 
390 76 
391 101 
391 47 
391 181 
392 36 
392 144 
392 22 
392 27 
393 19 
393 150 
393 102 
393 45 
394 39 
394 40 
395 211 
395 61 
395 150 
395 90 
396 58 
397 544 
397 219 
397 423 
398 342 
399 91 
401 69 
402 60 
402 67 
403 84 
403 76 
404 137 
404 39 
405 80 
405 128 
406 79 
406 60 
408 67 
408 163 
409 179 
409 70 
409 58 
410 158 
411 22 
412 172 
412 134 
412 32 
413 217 
413 9 
413 117 
414 60 
415 212 
415 106 
415 29 
416 9 
416 90 
416 21 
416 195 
417 68 
420 322 
420 319 
421 130 
421 83 
422 52 
422 209 
422 10 
423 202 
424 52 
424 183 
424 114 
424 14 
426 14 
427 55 
428 244 
429 26 
431 71 
432 319 
433 95 
434 29 
435 288 
435 105 
435 319 
436 72 
436 540 
436 349 
437 67 
437 29 
437 1466 
438 73 
438 49 
438 49 
439 74 
439 97 
439 87 
439 74 
440 750 
440 79 
441 86 
444 29 
445 179 
445 450 
445 53 
446 132 
448 157 
448 9 
449 62 
451 60 
451 48 
452 82 
452 24 
452 5 
454 84 
454 32 
455 78 
455 29 
455 84 
456 978 
456 386 
456 94 
457 44 
458 583 
459 112 
460 67 
460 26 
462 64 
463 2910 
464 43 
464 268 
465 199 
465 55 
466 42 
466 1052 
467 131 
467 104 
468 84 
468 390 
468 57 
470 22 
470 88 
470 43 
470 877 
472 246 
473 35 
474 58 
476 76 
476 94 
477 47 
478 49 
478 55 
478 226 
478 94 
478 106 
479 662 
480 26 
481 56 
481 143 
481 110 
481 177 
481 104 
482 70 
482 106 
483 79 
483 246 
484 122 
484 136 
486 116 
486 243 
486 191 
487 36 
487 26 
488 156 
488 67 
488 120 
488 326 
489 82 
490 45 
490 30 
491 106 
491 742 
491 117 
493 76 
494 232 
496 97 
497 171 
497 35 
498 166 
498 74 
499 97 
499 62 
499 15 
500 35 
501 408 
504 34 
504 13 
505 54 
505 267 
506 309 
506 423 
506 192 
509 28 
510 60 
510 393 
510 148 
511 48 
511 39 
511 87 
512 80 
512 202 
513 85 
513 605 
514 56 
516 119 
516 51 
517 102 
519 126 
520 131 
520 55 
521 173 
521 22 
522 1913 
523 436 
524 54 
525 125 
525 103 
526 117 
526 124 
526 37 
526 50 
527 46 
529 202 
530 237 
531 457 
531 53 
531 245 
535 40 
536 81 
537 602 
537 708 
538 134 
540 107 
540 151 
540 42 
541 120 
542 84 
542 82 
542 435 
543 103 
543 47 
544 116 
546 165 
547 31 
547 47 
548 65 
549 112 
550 67 
552 54 
552 264 
553 259 
553 72 
556 185 
557 22 
558 110 
559 73 
559 83 
560 249 
561 36 
561 126 
561 57 
562 188 
564 29 
564 76 
564 28 
565 118 
565 10 
566 166 
566 252 
566 32 
567 1115 
567 125 
568 85 
569 48 
569 20 
569 146 
570 20 
570 148 
572 158 
572 11 
572 148 
575 176 
576 66 
576 62 
577 53 
578 90 
578 127 
578 130 
578 43 
579 70 
579 308 
580 90 
580 155 
580 28 
581 136 
581 150 
583 136 
584 28 
584 28 
585 346 
585 154 
585 346 
586 18 
588 54 
589 402 
591 319 
592 240 
594 172 
594 374 
595 32 
650 14 
650 243 
651 120 
653 45 
654 109 
656 223 
657 190 
657 112 
659 144 
665 194 
666 58 
666 85 
668 215 
668 245 
668 48 
670 27 
671 54 
671 131 
672 146 
677 39 
678 127 
679 361 
680 26 
682 96 
682 59 
683 55 
683 114 
683 513 
684 73 
687 27 
688 17 
690 50 
690 245 
691 328 
694 112 
696 88 
697 101 
697 168 
697 38 
698 17 
698 17 
698 1069 
701 7 
701 60 
703 32 
706 74 
706 30 
708 32 
708 136 
709 14 
709 22 
710 180 
712 89 
712 95 
713 6 
714 72 
716 141 
722 41 
723 197 
726 31 
728 114 
729 20 
730 124 
731 53 
735 135 
735 186 
736 241 
738 264 
741 34 
741 173 
742 120 
743 162 
745 91 
745 44 
747 22 
748 180 
748 53 
750 63 
754 175 
754 120 
755 120 
758 34 
761 201 
762 144 
763 41 
766 132 
767 47 
767 86 
769 39 
772 108 
773 165 
777 105 
778 55 
778 73 
779 18 
780 63 
781 9 
783 44 
783 1179 
784 95 
785 217 
787 66 
787 118 
787 262 
796 135 
796 113 
797 108 
799 81 
800 66 
802 104 
802 298 
803 33 
804 144 
808 144 
810 45 
814 1098 
814 56 
815 530 
815 39 
817 136 
818 112 
821 514 
821 374 
823 164 
824 376 
830 24 
832 349 
833 51 
836 45 
837 171 
838 170 
841 31 
842 73 
844 70 
845 94 
847 58 
849 16 
849 131 
852 220 
855 108 
856 111 
859 23 
860 645 
860 229 
862 197 
864 76 
865 21 
866 173 
867 73 
867 108 
869 76 
870 17 
871 65 
872 191 
872 17 
874 39 
874 33 
876 313 
877 79 
879 63 
882 45 
885 61 
885 176 
886 38 
887 27 
887 33 
888 182 
889 21 
889 74 
891 81 
894 73 
895 127 
896 93 
897 67 
897 64 
898 60 
899 77 
900 58 
901 55 
903 224 
904 96 
908 116 
910 133 
911 115 
912 31 
914 117 
915 52 
916 183 
916 63 
917 63 
918 22 
918 107 
919 86 
923 180 
923 56 
925 48 
926 82 
929 99 
929 63 
931 163 
931 46 
932 18 
932 68 
934 199 
934 29 
940 64 
942 267 
942 124 
947 504 
948 484 
951 144 
954 34 
956 171 
957 61 
958 72 
959 65 
960 220 
961 439 
965 112 
968 6 
970 169 
971 88 
973 170 
975 94 
976 39 
977 420 
979 58 
979 151 
981 331 
984 218 
985 78 
987 63 
987 40 
987 78 
991 78 
991 43 
993 32 
995 152 
995 579 
996 178 
998 79 
998 98 
998 147 
999 75 
999 169 
999 56 
1001 60 
1002 53 
1003 151 
1004 191 
1011 168 
1011 74 
1011 56 
1013 67 
1014 73 
1016 193 
1016 66 
1018 40 
1019 91 
1019 187 
1021 24 
1021 61 
1021 62 
1021 187 
1023 67 
1024 52 
1026 38 
1027 112 
1027 106 
1031 84 
1032 55 
1032 69 
1035 55 
1035 40 
1036 74 
1037 39 
1037 163 
1042 202 
1042 138 
1043 136 
1047 201 
1048 179 
1050 191 
1051 25 
1053 111 
1055 380 
1056 231 
1061 109 
1061 61 
1062 125 
1063 106 
1066 600 
1067 158 
1068 112 
1070 27 
1073 47 
1078 27 
1083 24 
1084 52 
1084 20 
1089 34 
1090 18 
1090 154 
1090 47 
1091 85 
1092 83 
1092 46 
1093 128 
1094 28 
1094 43 
1096 148 
1096 420 
1097 28 
1099 194 
1106 164 
1109 9 
1109 11 
1109 172 
1110 124 
1110 53 
1110 42 
1111 75 
1112 418 
1118 126 
1119 31 
1126 18 
1127 149 
1129 452 
1134 40 
1138 9 
1138 86 
1140 38 
1142 77 
1147 196 
1150 125 
1150 106 
1158 53 
1166 64 
1167 57 
1167 30 
1170 125 
1171 87 
1172 85 
1177 354 
1178 120 
1181 84 
1183 249 
1183 52 
1186 102 
1192 90 
1192 210 
1192 70 
1192 84 
1192 50 
1196 10 
1197 58 
1201 82 
1206 8 
1207 158 
1209 231 
1209 72 
1209 290 
1211 125 
1212 45 
1213 316 
1214 168 
1218 81 
1222 65 
1225 32 
1225 102 
1226 301 
1229 74 
1230 189 
1232 179 
1232 44 
1236 55 
1239 52 
1239 35 
1239 55 
1242 149 
1243 219 
1246 189 
1247 10 
1248 20 
1251 32 
1254 81 
1257 94 
1259 85 
1260 45 
1260 35 
1270 169 
1271 121 
1271 83 
1272 842 
1273 45 
1275 294 
1276 43 
1282 93 
1284 49 
1286 106 
1286 52 
1289 157 
1289 34 
1292 181 
1300 111 
1301 45 
1305 432 
1308 14 
1310 111 
1312 153 
1313 230 
1314 47 
1317 58 
1319 77 
1323 97 
1327 26 
1328 63 
1331 290 
1332 174 
1335 20 
1335 14 
1336 711 
1336 123 
1337 54 
1342 64 
1347 121 
1350 59 
1350 99 
1350 588 
1353 48 
1354 49 
1356 45 
1363 227 
1364 64 
1364 17 
1370 70 
1372 343 
1372 83 
1375 80 
1376 77 
1378 115 
1381 90 
1387 91 
1389 39 
1390 26 
1391 237 
1392 32 
1392 165 
1394 158 
1396 47 
1399 21 
1402 82 
1402 31 
1403 97 
1405 116 
1406 50 
1408 44 
1411 220 
1412 65 
1413 15 
1418 26 
1419 177 
1422 302 
1424 600 
1427 144 
1429 33 
1429 54 
1429 81 
1433 83 
1436 140 
1437 194 
1437 88 
1437 69 
1437 70 
1441 101 
1445 59 
1446 469 
1451 74 
1453 32 
1457 64 
1458 78 
1464 62 
1467 88 
1469 30 
1471 1084 
1475 373 
1475 159 
1476 98 
1478 42 
1480 57 
1481 95 
1482 24 
1485 32 
1487 128 
1487 10138 
1489 20 
1497 95 
1501 53 
1501 464 
1505 236 
1507 23 
1508 57 
1509 58 
1514 40 
1514 388 
1516 214 
1522 126 
1526 299 
1526 127 
1529 101 
1530 107 
1530 88 
1531 89 
1533 153 
1533 166 
1533 85 
1533 65 
1534 78 
1535 60 
1535 96 
1538 149 
1540 183 
1542 136 
1545 31 
1546 529 
1548 254 
1549 175 
1549 42 
1549 30 
1551 103 
1553 65 
1555 67 
1561 112 
1562 7 
1562 177 
1562 764 
1565 171 
1569 131 
1573 13 
1573 91 
1575 113 
1575 166 
1576 99 
1576 430 
1577 234 
1577 22 
1581 37 
1581 65 
1581 59 
1582 151 
1583 64 
1583 14 
1584 73 
1589 56 
1591 64 
1591 46 
1592 137 
1595 131 
1597 42 
1600 105 
1600 132 
1601 207 
1603 98 
1606 77 
1608 51 
1609 28 
1611 99 
1611 55 
1614 476 
1619 17893 
1620 225 
1621 29 
1621 224 
1624 33 
1626 66 
1630 41 
1634 114 
1637 100 
1638 57 
1638 138 
1639 295 
1646 143 
1647 114 
1650 174 
1651 79 
1653 224 
1654 115 
1654 7 
1654 92 
1655 156 
1655 162 
1657 37 
1659 24 
1659 128 
1660 14 
1660 71 
1661 102 
1667 38 
1670 107 
1672 49 
1672 150 
1679 48 
1679 35 
1680 61 
1680 168 
1682 26 
1684 3 
1687 93 
1691 29 
1752 242 
1753 37 
1760 104 
1767 65 
1768 104 
1768 369 
1769 145 
1774 27 
1775 11 
1782 72 
1783 25 
1790 46 
1790 60 
1794 35 
1795 81 
1798 141 
1801 307 
1819 35 
1821 68 
1822 84 
1824 149 
1825 33 
1830 388 
1832 13 
1833 31 
1840 57 
1842 27 
1845 71 
1850 26 
1859 101 
1862 139 
1866 75 
1867 336 
1869 187 
1871 69 
1871 121 
1872 81 
1873 55 
1874 487 
1874 185 
1879 86 
1882 73 
1886 132 
1886 132 
1887 519 
1893 106 
1895 281 
1897 213 
1897 75 
1898 84 
1899 23 
1900 61 
1908 390 
1911 76 
1911 21 
1923 36 
1923 9 
1924 452 
1935 34 
1936 11 
1941 59 
1942 207 
1945 101 
1954 161 
1954 6 
1957 64 
1959 8 
1960 104 
1961 164 
1962 36 
1965 130 
1965 282 
1966 254 
1971 93 
1976 245 
1981 46 
1986 89 
1987 15 
1988 43 
1991 65 
1995 157 
2000 376 
2003 134 
2004 116 
2005 55 
2006 132 
2008 82 
2008 195 
2009 31 
2009 9 
2014 194 
2019 61 
2027 160 
2039 22 
2041 422 
2042 19 
2042 88 
2044 50 
2046 10 
2049 51 
2050 46 
2069 52 
2071 88 
2074 131 
2079 80 
2086 149 
2093 60 
2095 76 
2095 89 
2097 180 
2113 12 
2114 124 
2114 303 
2121 90 
2123 7 
2127 16 
2133 726 
2134 112 
2137 105 
2139 62 
2142 36 
2144 238 
2146 84 
2148 60 
2151 43 
2156 98 
2169 69 
2170 27 
2172 59 
2174 80 
2175 41 
2175 57 
2176 54 
2179 81 
2188 318 
2194 293 
2195 37 
2198 51 
2201 164 
2206 29 
2215 41 
2220 133 
2221 94 
2223 130 
2226 53 
2231 96 
2232 52 
2232 74 
2236 172 
2238 94 
2240 34 
2241 79 
2244 72 
2245 32 
2249 63 
2261 82 
2261 86 
2262 254 
2262 91 
2263 130 
2264 45 
2268 60 
2272 29 
2278 69 
2279 36 
2283 57 
2285 49 
2289 28 
2290 75 
2294 249 
2297 33 
2300 51 
2303 214 
2311 33 
2312 32 
2315 215 
2316 39 
2321 88 
2331 54 
2333 47 
2337 102 
2339 112 
2344 20 
2344 54 
2347 47 
2348 298 
2348 21 
2351 42 
2358 35 
2363 44 
2367 128 
2368 56 
2372 30 
2373 29 
2379 50 
2383 74 
2390 55 
2394 74 
2395 72 
2396 148 
2401 138 
2406 28 
2421 51 
2421 161 
2422 359 
2424 4 
2425 162 
2426 21 
2444 111 
2445 16 
2448 115 
2451 2 
2456 110 
2457 2555 
2463 3 
2466 75 
2469 207 
2470 123 
2475 80 
2475 86 
2477 52 
2478 44 
2483 38 
2487 24 
2494 66 
2509 71 
2510 132 
2511 45 
2512 21 
2514 222 
2516 65 
2517 166 
2526 21 
2535 15 
2546 140 
2546 156 
2548 57 
2549 776 
2552 99 
2565 90 
2576 17 
2577 99 
2579 173 
2587 42 
2590 48 
2598 477 
2599 79 
2601 24 
2603 190 
2609 183 
2614 208 
2620 13 
2620 36 
2621 126 
2623 102 
2633 47 
2635 168 
2650 47 
2657 147 
2660 119 
2660 64 
2664 118 
2675 97 
2677 26 
2690 66 
2693 323 
2694 13 
2694 61 
2695 370 
2696 54 
2699 65 
2709 47 
2709 122 
2719 350 
2720 17 
2724 107 
2727 263 
2730 17 
2736 19 
2737 142 
2739 32 
2741 23 
2745 60 
2746 100 
2751 85 
2753 115 
2759 193 
2760 87 
2763 12 
2763 77 
2763 387 
2773 198 
2778 31 
2781 3068 
2782 142 
2785 133 
2791 54 
2796 2 
2799 143 
2802 178 
2804 55 
2809 117 
2812 40 
2814 86 
2818 162 
2822 36 
2824 40 
2825 68 
2826 61 
2827 55 
2827 64 
2830 48 
2835 120 
2838 13 
2842 291 
2846 129 
2847 11 
2918 214 
2929 87 
2933 662 
2944 13 
2945 21 
2947 53 
2966 88 
2974 129 
2985 142 
2990 126 
2991 51 
2996 150 
3001 15 
3005 67 
3013 64 
3015 500 
3023 43 
3025 35 
3032 167 
3051 77 
3052 56 
3057 184 
3060 166 
3069 39 
3081 75 
3086 76 
3088 108 
3103 222 
3107 276 
3108 146 
3111 42 
3116 150 
3117 8 
3119 195 
3124 317 
3127 180 
3132 74 
3132 49 
3139 15 
3144 24 
3145 53 
3148 202 
3149 22 
3156 39 
3159 64 
3165 27 
3165 97 
3172 9 
3173 101 
3176 98 
3185 31 
3201 64 
3201 12 
3203 360 
3207 13 
3213 64 
3227 37 
3228 99 
3237 119 
3238 58 
3239 13 
3243 11 
3245 36 
3253 29 
3257 186 
3262 76 
3269 108 
3270 119 
3270 64 
3271 35 
3280 34 
3281 68 
3283 74 
3284 167 
3295 90 
3306 105 
3307 110 
3321 768 
3326 174 
3332 396 
3338 16 
3346 26 
3348 96 
3362 41 
3379 54 
3387 26 
3391 61 
3394 85 
3399 146 
3414 83 
3416 63 
3417 243 
3420 42 
3420 166 
3423 295 
3424 51 
3424 143 
3441 92 
3442 35 
3443 50 
3455 84 
3456 6 
3460 85 
3465 46 
3469 36 
3482 139 
3492 159 
3494 188 
3501 60 
3511 50 
3511 151 
3539 57 
3541 45 
3543 28 
3551 5 
3551 5 
3557 53 
3560 55 
3564 71 
3586 123 
3587 435 
3594 21 
3603 89 
3604 67 
3614 46 
3617 112 
3618 139 
3624 80 
3647 14 
3659 95 
3666 32 
3671 3 
3673 6 
3688 30 
3705 42 
3709 35 
3729 35 
3733 603 
3735 160 
3736 51 
3739 67 
3741 50 
3757 511 
3771 53 
3775 531 
3779 51 
3796 153 
3807 166 
3827 43 
3829 158 
3831 85 
3837 59 
3842 77 
3849 599 
3850 28 
3857 26 
3861 115 
3876 19 
3895 163 
3897 9 
3911 106 
3925 119 
3926 85 
3927 149 
3930 158 
3947 21 
3956 31 
3958 169 
3959 54 
3961 118 
3968 1234 
3971 81 
3971 113 
3983 190 
3988 14 
3989 36 
3996 51 
4004 19 
4006 317 
4007 29 
4013 43 
4014 21 
4018 857 
4032 118 
4035 6 
4039 71 
4043 210 
4044 60 
4050 97 
4055 70 
4055 28 
4058 18 
4062 160 
4069 70 
4070 40 
4076 6 
4077 45 
4084 17 
4086 106 
4089 17 
4094 23 
4096 22 
4099 121 
4100 80 
4107 58 
4109 101 
4119 8 
4126 29 
4127 35 
4136 242 
4140 78 
4141 145 
4143 36 
4150 173 
4183 107 
4186 23 
4189 69 
4191 82 
4197 146 
4205 61 
4206 173 
4209 118 
4210 140 
4222 32 
4224 39 
4232 55 
4236 60 
4244 35 
4251 118 
4251 25 
4256 32 
4258 26 
4268 357 
4269 39 
4276 147 
4276 158 
4285 185 
4303 149 
4304 49 
4307 51 
4323 123 
4326 66 
4335 8 
4343 29 
4343 60 
4347 36 
4368 75 
4402 417 
4408 121 
4408 71 
4416 224 
4438 90 
4441 72 
4445 43 
4455 46 
4462 154 
4463 11 
4478 158 
4478 222 
4481 82 
4494 83 
4508 43 
4509 477 
4510 85 
4511 36 
4515 11 
4534 31 
4544 76 
4548 736 
4550 467 
4567 140 
4579 209 
4587 53 
4593 26 
4604 25 
4606 87 
4609 492 
4615 36 
4623 27 
4624 129 
4628 9 
4629 299 
4629 66 
4639 35 
4649 31 
4655 171 
4658 63 
4660 32 
4662 334 
4675 114 
4677 675 
4695 101 
4695 5 
4710 65 
4729 90 
4735 41 
4738 66 
4744 93 
4748 207 
4749 94 
4752 44 
4757 5 
4766 446 
4775 56 
4784 476 
4785 87 
4794 62 
4818 58 
4856 5 
4868 74 
4868 57 
4877 76 
4879 123 
4896 141 
4897 29 
4906 33 
4912 6 
4913 48 
4939 18 
4942 72 
4943 100 
4948 72 
4949 197 
4960 39 
4977 124 
4980 9 
4983 33 
4993 196 
4998 46 
5005 233 
5014 80 
5021 68 
5025 85 
5033 56 
5038 47 
5046 161 
5056 33 
5068 25 
5071 105 
5072 31 
5102 139 
5115 36 
5148 70 
5196 165 
5208 60 
5209 185 
5222 46 
5234 92 
5237 145 
5240 68 
5249 17 
5250 43 
5263 17 
5263 47 
5264 19 
5267 13 
5289 32 
5299 35 
5304 204 
5305 96 
5309 90 
5313 169 
5320 36 
5330 71 
5339 37 
5371 76 
5379 100 
5383 20 
5387 41 
5388 9 
5397 21 
5405 371 
5406 27 
5411 30 
5412 128 
5412 68 
5462 108 
5465 18 
5469 53 
5474 747 
5482 57 
5484 93 
5497 88 
5507 31 
5513 77 
5515 62 
5525 93 
5526 61 
5536 112 
5543 54 
5549 57 
5550 124 
5569 48 
5572 14 
5572 29 
5582 114 
5585 40 
5585 27 
5590 25 
5601 23 
5603 33 
5608 128 
5621 35 
5633 175 
5635 136 
5642 57 
5651 64 
5663 114 
5679 107 
5682 106 
5691 186 
5696 79 
5702 147 
5711 61 
5720 155 
5738 13 
5748 116 
5754 20 
5757 70 
5760 42 
5771 151 
5771 31 
5808 46 
5810 17 
5817 9 
5820 52 
5840 179 
5854 36 
5857 17 
5861 7 
5893 83 
5898 164 
5898 56 
5904 37 
5917 12 
5922 88 
5928 2555 
5936 61 
5945 42 
5970 32 
5971 99 
5976 212 
5984 25 
5998 33 
6035 778 
6044 64 
6117 21 
6118 17 
6133 92 
6146 125 
6166 69 
6170 202 
6171 132 
6171 35 
6178 28 
6184 115 
6194 137 
6206 229 
6214 53 
6223 79 
6225 32 
6249 187 
6253 95 
6270 31 
6273 384 
6274 49 
6289 16 
6292 204 
6302 63 
6302 260 
6335 213 
6348 161 
6353 45 
6362 25 
6371 29 
6373 23 
6373 83 
6374 85 
6376 119 
6386 19 
6388 38 
6388 5 
6390 2 
6396 95 
6426 229 
6437 83 
6452 69 
6453 53 
6466 21 
6486 133 
6510 40 
6516 166 
6523 32 
6537 96 
6547 282 
6553 89 
6563 77 
6568 85 
6592 97 
6594 11 
6625 149 
6635 53 
6664 50 
6668 161 
6702 22 
6718 45 
6719 68 
6726 78 
6726 112 
6741 17 
6773 89 
6775 61 
6779 17 
6801 99 
6802 42 
6810 147 
6830 77 
6837 40 
6849 146 
6862 128 
6865 28 
6872 40 
6875 128 
6884 48 
6888 23 
6902 78 
6904 20 
6918 59 
6924 59 
6966 71 
6977 18 
7005 59 
7023 307 
7027 77 
7031 41 
7037 41 
7083 45 
7104 106 
7106 40 
7128 158 
7131 47 
7132 117 
7144 76 
7173 227 
7176 41 
7196 71 
7206 80 
7258 13 
7273 101 
7305 38 
7324 83 
7332 296 
7336 91 
7349 58 
7356 189 
7364 29 
7372 89 
7374 179 
7389 154 
7390 132 
7399 53 
7421 49 
7427 1001 
7428 72 
7436 162 
7437 13 
7446 21 
7450 330 
7459 73 
7470 50 
7519 183 
7525 14 
7555 1208 
7557 142 
7560 211 
7563 39 
7571 61 
7594 313 
7606 115 
7609 100 
7611 61 
7613 57 
7643 59 
7643 59 
7646 524 
7646 524 
7648 58 
7648 58 
7671 14 
7671 14 
7735 23 
7744 14 
7749 135 
7750 245 
7777 421 
7791 42 
7810 124 
7850 152 
7852 108 
7860 74 
7871 22 
7918 26 
7961 116 
7975 67 
7978 137 
7979 5 
7984 13 
7992 135 
7992 2257 
8003 49 
8004 60 
8030 27 
8042 60 
8098 135 
8103 40 
8109 61 
8110 168 
8163 21 
8165 161 
8185 37 
8236 23 
8251 120 
8269 74 
8332 63 
8336 42 
8344 144 
8346 110 
8359 25 
8366 32 
8396 23 
8404 34 
8419 46 
8435 39 
8466 114 
8517 241 
8545 129 
8558 2509 
8561 105 
8573 10 
8586 287 
8600 164 
8630 80 
8723 43 
8819 62 
8830 38 
8836 90 
8858 106 
8863 47 
8899 23 
8911 23 
8920 48 
8999 16 
9020 2051 
9042 25 
9047 26 
9093 60 
9153 76 
9178 18 
9201 21 
9228 22 
9231 102 
9236 98 
9267 107 
9321 118 
9330 136 
9354 142 
9368 139 
9428 65 
9430 376 
9442 103 
9450 26 
9464 119 
9505 65 
9512 81 
9561 93 
9602 47 
9631 75 
9635 1103 
9659 197 
9670 110 
9673 13 
9674 347 
9690 85 
9694 54 
9699 26 
9720 133 
9722 32 
9731 241 
9765 43 
9812 17 
9815 15 
9882 44 
9904 112 
9934 170 
9951 755 
9971 17 
9975 153 
10026 8 
10059 44 
10067 76 
10101 47 
10116 565 
10159 286 
10160 158 
10163 22 
10176 13 
10271 182 
10360 71 
10363 139 
10389 30 
10403 93 
10420 39 
10434 143 
10447 38 
10474 8 
10575 66 
10578 107 
10624 3 
10678 204 
10720 52 
10807 45 
10809 80 
10876 111 
10897 92 
10917 115 
10964 15 
10969 379 
11017 20 
11021 111 
11039 45 
11091 114 
11148 102 
11149 4 
11184 19 
11191 25 
11243 56 
11268 11 
11271 7 
11422 123 
11442 107 
11454 19 
11470 32 
11576 9 
11630 127 
11663 11 
11668 10 
11752 88 
11765 100 
11770 96 
11773 14 
11782 19 
11798 448 
11851 37 
11882 81 
11886 17 
11897 337 
11908 24 
12019 57 
12022 73 
12028 82 
12091 34 
12107 72 
12131 175 
12151 40 
12154 30 
12161 544 
12183 116 
12196 95 
12202 20 
12263 26 
12264 396 
12280 38 
12300 7 
12373 56 
12433 93 
12448 30 
12506 22 
12525 24 
12529 37 
12537 1375 
12556 60 
12574 40 
12600 171 
12605 10 
12652 18 
12676 19 
12679 30 
12719 90 
12733 252 
12747 945 
12750 663 
12873 75 
12934 70 
12945 41 
12963 182 
12984 48 
12995 11 
13057 126 
13151 263 
13157 65 
13301 59 
13325 67 
13331 33 
13353 97 
13399 36 
13449 217 
13498 161 
13514 70 
13524 311 
13525 43 
13527 69 
13532 95 
13573 494 
13621 172 
13627 16 
13694 50 
13702 93 
13710 39 
13732 95 
13734 28 
13789 149 
13802 113 
13815 63 
13824 59 
13882 36 
13890 100 
13910 40 
13918 9 
13937 191 
14005 246 
14062 47 
14067 107 
14076 76 
14105 1 
14144 187 
14208 178 
14214 140 
14283 161 
14296 70 
14299 65 
14320 82 
14360 108 
14396 74 
14404 65 
14415 196 
14438 233 
14464 93 
14503 37 
14517 100 
14614 60 
14645 14 
14650 33 
14683 65 
14705 227 
14714 43 
14715 154 
14746 2496 
14779 50 
14837 106 
14843 136 
14917 55 
14968 268 
14985 26 
14991 75 
15004 26 
15025 76 
15060 39 
15096 21 
15122 18 
15129 71 
15182 27 
15414 38 
15424 22 
15443 164 
15450 168 
15553 6 
15654 94 
15661 87 
15669 45 
15687 101 
15701 303 
15752 3 
15852 37 
15871 240 
15891 26 
15904 96 
15959 98 
15993 10 
16000 103 
16043 48 
16061 119 
16072 195 
16082 27 
16112 46 
16121 34 
16165 17 
16183 40 
16198 95 
16256 25 
16257 45 
16343 41 
16402 11 
16426 18 
16538 86 
16569 2 
16623 10 
16642 108 
16642 53 
16690 57 
16708 68 
16828 21 
16880 80 
17037 177 
17043 694 
17082 78 
17097 217 
17103 164 
17108 48 
17127 43 
17142 48 
17222 118 
17250 126 
17261 134 
17268 21 
17281 177 
17289 308 
17311 103 
17360 239 
17384 26 
17401 83 
17510 19 
17523 230 
17540 89 
17565 24 
17566 117 
17582 47 
17588 50 
17611 144 
17649 80 
17695 121 
17737 177 
17809 72 
17881 250 
17884 4 
17980 43 
17981 186 
17983 84 
17996 134 
18002 18 
18018 53 
18040 370 
18098 72 
18105 56 
18147 15 
18161 45 
18196 424 
18229 174 
18234 127 
18247 170 
18253 905 
18294 105 
18305 95 
18320 80 
18399 40 
18553 28 
18604 52 
18642 266 
18650 363 
18654 15 
18683 63 
18691 8 
18704 156 
18831 62 
18835 120 
18841 137 
18901 42 
18903 49 
18905 59 
18991 24 
19029 110 
19035 157 
19072 104 
19109 22 
19169 1062 
19237 174 
19360 93 
19389 35 
19476 49 
19477 49 
19554 18 
19585 23 
19606 3063 
19634 26 
19636 553 
19638 31 
19652 157 
19697 111 
19715 129 
19726 205 
19749 41 
19765 30 
19808 34 
19808 153 
19815 89 
19854 215 
19894 325 
19907 70 
19913 25 
20029 34 
20110 141 
20121 33 
20211 155 
20323 46 
20330 6 
20334 27 
20339 118 
20366 113 
20392 50 
20408 29 
20491 320 
20551 782 
20631 149 
20653 47 
20717 32 
20731 535 
20771 19 
20782 158 
20789 197 
20804 136 
20809 62 
20839 102 
20859 294 
20859 72 
20886 215 
20904 512 
20987 19 
20992 61 
21081 61 
21118 178 
21119 20 
21189 25 
21207 174 
21210 5 
21226 216 
21265 142 
21296 85 
21305 31 
21410 701 
21444 40 
21672 81 
21787 1 
21971 281 
22128 107 
22214 44 
22220 169 
22234 99 
22284 45 
22409 31 
22548 355 
22550 269 
22610 81 
22617 48 
22632 4 
22755 84 
22788 244 
22854 130 
22886 227 
22932 123 
23052 3016 
23123 1594 
23123 1594 
23144 4 
23158 156 
23192 82 
23223 11 
23229 35 
23240 48 
23246 47 
23252 110 
23298 142 
23403 129 
23493 21 
23604 210 
23616 25 
23652 29 
23771 110 
23877 24 
23897 43 
23903 45 
23933 84 
24251 54 
24258 36 
24377 93 
24412 53 
24425 58 
24486 59 
24554 35 
24612 134 
24616 36 
24660 81 
24704 21 
24742 368 
24762 104 
24780 144 
24836 459 
24847 117 
24947 13 
24964 57 
24976 16 
24977 10 
24982 12 
25010 86 
25062 284 
25069 40 
25094 7 
25164 90 
25171 56 
25196 38 
25269 10 
25283 50 
25334 44 
25433 47 
25439 105 
25466 59 
25557 136 
25653 69 
25721 64 
25804 7 
25829 23 
25877 83 
25886 8 
25955 53 
25961 43 
25969 55 
26089 308 
26120 120 
26246 92 
26488 102 
26504 75 
26542 104 
26621 5 
26681 53 
26822 15 
26886 9 
26946 36 
26995 35 
27023 31 
27067 41 
27145 684 
27457 418 
27517 116 
27533 25 
27566 272 
27596 37 
27628 9 
27632 102 
27692 102 
27708 17 
27733 103 
27737 50 
27754 126 
27782 110 
27789 219 
27814 198 
27843 102 
28189 222 
28189 222 
28194 76 
28291 26 
28344 35 
28349 93 
28449 36 
28479 44 
28611 25 
28619 237 
28831 4 
28908 45 
29000 460 
29113 9 
29327 52 
29666 34 
29672 125 
29802 9 
29930 31 
29998 57 
30105 43 
30180 106 
30330 59 
30561 33 
30640 33 
30680 37 
30695 11 
31007 1059 
31052 256 
31060 49 
31273 22 
31497 48 
31580 79 
31844 3200 
31852 55 
31909 73 
31983 294 
32039 221 
32157 91 
32284 1009 
32491 224 
32572 11 
32580 97 
32690 87 
32724 12 
32732 43 
32763 51 
32789 172 
32939 45 
33115 397 
33146 87 
33156 15 
33170 272 
33220 7 
33259 663 
33282 244 
33317 112 
33365 80 
33393 37 
33649 173 
33902 204 
33990 94 
34083 26 
34278 86 
34414 49 
34427 94 
34442 43 
34447 136 
34581 13 
34683 370 
34759 194 
34782 108 
35002 17 
35065 86 
35088 57 
35162 9 
35283 58 
35307 30 
35340 13 
35399 59 
35410 104 
35429 178 
35479 70 
35494 23 
35604 65 
35647 133 
36165 79 
36719 63 
36722 84 
36754 16 
36939 139 
37077 9 
37085 23 
37250 197 
37294 9 
37385 23 
37534 32 
37884 20 
37975 18 
38174 306 
38304 190 
38325 176 
38430 3 
38682 76 
38683 4 
38858 32 
38861 46 
38949 183 
38991 155 
39047 47 
39083 365 
39103 15 
39539 58 
39666 55 
39713 151 
39728 103 
39922 82 
39947 30 
39982 150 
40106 78 
40413 160 
40447 48 
40520 130 
40537 33 
40555 44 
40812 40 
40820 165 
41194 152 
41196 54 
41197 68 
41229 67 
41317 471 
41608 308 
41619 31 
41647 48 
41715 38 
41877 26 
41954 129 
42095 66 
42209 188 
42238 62 
42289 127 
42308 195 
42390 5 
42621 76 
42679 20 
42819 21 
43054 63 
43070 61 
43193 14 
43218 46 
43280 11 
43794 199 
43805 103 
43853 45 
43853 173 
43895 148 
43901 285 
44200 11 
44396 100 
44521 17 
44680 54 
44727 87 
44743 74 
44829 14 
44834 393 
44933 120 
45002 90 
45064 286 
45124 33 
45167 34 
45277 65 
45293 29 
45340 209 
45438 235 
45459 182 
45475 58 
45479 11 
45688 273 
46043 103 
46541 15 
46723 83 
47281 6 
47649 21 
47676 96 
47690 39 
48031 66 
48257 79 
48295 30 
48355 73 
49001 111 
49055 7 
49128 29 
49280 117 
49842 177 
50085 421 
50155 348 
50302 75 
50315 264 
50431 572 
50492 124 
50515 62 
50714 96 
50811 264 
50858 52 
50891 187 
50919 306 
50937 186 
50941 61 
51037 97 
51204 316 
51399 20 
51415 84 
51777 180 
51956 66 
52029 94 
52240 49 
52527 52 
52837 28 
53414 246 
53521 57 
53708 215 
54076 79 
56112 38 
56365 41 
56673 24 
61664 109 
63214 24 
63790 10 
64450 628 
66419 12 
66508 83 
66853 65 
68605 124 
70764 510 
71979 32 
71992 24 
72137 55 
72462 30 
72528 131 
72778 106 
72894 89 
73098 15 
73513 29 
73514 16 
74092 178 
75022 151 
75263 32 
75374 5 
75659 259 
76196 61 
76783 217 
77255 110 
77354 212 
78519 265 
78559 24 
78986 60 
79881 44 
80121 179 
81039 9 
81099 6 
81587 29 
83425 83 
83990 15 
84955 52 
84990 200 
85886 113 
86153 224 
86792 19 
89673 70 
89912 151 
90549 80 
90712 110 
92101 318 
94321 62 
95106 54 
95170 5 
95316 231 
95373 697 
95751 5 
96131 97 
96345 210 
96645 106 
96685 26 
96709 56 
96886 75 
97621 109 
97919 24 
98642 245 
100038 90 
101057 32 
101281 184 
101662 112 
102742 18 
103108 35 
103456 130 
106040 77 
106809 464 
106914 147 
107674 74 
108718 99 
108838 89 
109247 442 
109394 83 
109736 272 
109937 694 
110437 141 
111546 69 
126398 40 
128728 61 
129724 58 
134460 43 
135952 260 
137894 64 
138281 637 
138388 105 
138712 71 
141158 77 
167528 233 
168960 152 
176843 1 
177709 33 
178361 44 
181443 20 
186256 193 
188553 231 
190638 910 
195768 93 
200532 53 
209411 112 
217591 15 
261315 160 
275980 65 
277771 232 
279239 22 
285363 31 
294414 23 
313740 0 
388087 179 
601051 253 
