2681 6.18712962963
0 121133 
10 118 
12 750 
13 162 
13 450 
14 646 
15 130 
15 99 
16 128 
17 678 
17 161 
17 1802 
18 131 
19 287 
19 1806 
19 658 
20 299 
20 192 
20 334 
21 95 
21 222 
21 76 
21 215 
22 437 
22 117 
22 548 
22 91 
23 284 
24 219 
24 80 
24 124 
24 368 
25 588 
25 181 
25 1142 
25 144 
26 335 
26 75 
26 452 
26 244 
28 75 
29 85 
29 384 
30 1227 
30 443 
30 382 
31 338 
31 732 
31 259 
31 511 
32 138 
32 296 
33 658 
33 274 
33 33 
33 28 
33 163 
34 94 
35 248 
35 104 
35 70 
35 637 
35 177 
35 169 
36 17 
36 94 
36 725 
36 176 
37 142 
37 915 
37 307 
37 633 
37 272 
37 129 
37 168 
37 110 
38 81 
39 1217 
39 244 
40 219 
40 158 
41 302 
41 238 
41 213 
43 267 
43 55 
44 476 
44 304 
45 517 
46 271 
46 415 
47 127 
47 1244 
47 1262 
48 363 
48 156 
48 195 
48 304 
48 80 
49 368 
49 171 
49 181 
49 287 
49 194 
49 493 
50 233 
50 1146 
50 75 
50 1026 
51 350 
51 144 
51 30 
52 233 
52 661 
52 169 
52 213 
53 935 
53 52 
53 302 
53 295 
53 453 
53 26 
54 66 
54 385 
55 227 
56 118 
57 260 
58 382 
59 159 
59 180 
59 114 
59 362 
59 957 
60 440 
61 418 
61 180 
61 575 
62 1105 
62 153 
62 36 
62 120 
63 148 
64 141 
64 109 
64 94 
65 80 
65 799 
66 37 
66 134 
66 68 
66 78 
66 436 
67 182 
68 1375 
69 127 
69 266 
69 5952 
69 40 
69 376 
70 1297 
70 245 
70 303 
71 294 
71 38 
71 187 
71 205 
72 125 
72 87 
72 140 
73 234 
73 123 
73 526 
73 378 
74 85 
75 487 
75 774 
77 502 
77 456 
77 477 
77 185 
77 982 
77 169 
78 113 
78 44 
79 41 
79 168 
79 513 
80 22 
80 398 
81 961 
81 279 
82 242 
83 139 
83 485 
83 581 
84 32 
84 111 
84 180 
84 100 
85 96 
85 624 
86 1314 
86 311 
87 216 
88 815 
88 68 
88 1133 
90 17 
90 756 
91 446 
91 38 
91 197 
91 976 
91 44 
92 554 
92 110 
92 159 
93 258 
93 63 
93 1021 
94 354 
94 841 
94 5 
94 267 
94 395 
95 240 
95 213 
96 272 
96 181 
96 309 
97 243 
98 880 
98 153 
98 380 
98 121 
99 126 
99 403 
100 28 
100 171 
100 210 
101 89 
101 105 
101 168 
102 185 
102 241 
103 39 
104 639 
104 441 
104 138 
105 514 
105 165 
105 314 
107 151 
107 362 
108 29 
109 52 
109 113 
109 289 
109 181 
109 394 
110 215 
110 136 
111 40 
111 291 
112 31 
112 887 
112 401 
114 97 
114 152 
114 179 
115 344 
116 51 
116 247 
117 1108 
118 61 
118 28 
118 109 
119 323 
119 177 
119 553 
119 66 
120 565 
120 109 
120 131 
120 46 
120 143 
121 82 
121 126 
122 32 
122 72 
122 61 
122 1359 
123 504 
123 205 
123 95 
123 48 
124 617 
124 212 
125 90 
126 472 
126 955 
126 299 
127 116 
127 291 
127 118 
127 247 
132 20 
134 98 
134 1049 
134 50 
135 6254 
135 91 
136 114 
137 110 
137 1045 
138 90 
138 125 
139 201 
140 191 
140 247 
141 186 
142 184 
142 445 
143 126 
143 117 
145 34 
146 593 
146 444 
147 75 
148 110 
148 99 
149 253 
149 517 
150 268 
150 118 
150 278 
152 242 
153 33080 
154 826 
154 94 
154 81 
155 127 
155 18 
155 204 
156 285 
156 353 
157 275 
157 89 
157 105 
158 170 
158 259 
159 35 
159 649 
159 59 
159 390 
160 261 
160 195 
161 280 
161 139 
161 92 
162 178 
163 70 
165 299 
165 52 
165 57 
167 179 
167 15 
168 258 
169 366 
171 285 
171 251 
172 439 
173 456 
174 30 
175 69 
176 114 
176 90 
176 70 
184 273 
185 510 
185 565 
185 244 
185 72 
186 59 
187 517 
188 51 
188 67 
189 538 
189 429 
189 288 
191 73 
195 31 
195 105 
196 450 
197 100 
198 393 
198 158 
199 37 
199 361 
199 152 
200 529 
201 2612 
201 286 
202 1059 
202 455 
202 104 
203 631 
205 223 
206 81 
207 598 
208 563 
208 42 
209 188 
210 413 
210 164 
211 573 
211 216 
211 237 
212 523 
214 357 
215 191 
216 142 
217 254 
217 22 
220 116 
222 1528 
223 63 
224 131 
225 228 
225 279 
226 553 
229 28 
229 385 
231 258 
231 339 
232 121 
232 185 
232 236 
233 515 
233 284 
233 386 
235 590 
238 83 
239 57 
240 145 
241 108 
244 495 
244 684 
244 538 
244 22 
245 98 
249 104 
249 2 
250 478 
252 249 
253 215 
254 40 
255 85 
255 49 
256 39 
256 19 
258 237 
259 205 
260 764 
260 66 
261 869 
262 39 
262 37 
263 81 
264 289 
264 62 
266 75 
267 57 
268 3 
270 148 
272 565 
272 202 
274 217 
276 512 
276 180 
277 5911 
279 35 
280 61 
281 614 
282 89 
282 16 
288 466 
288 202 
291 180 
292 130 
292 65 
292 780 
295 594 
298 62 
298 237 
299 307 
302 253 
303 336 
303 139 
304 34 
304 422 
304 3031 
305 277 
305 394 
307 907 
307 162 
307 463 
308 271 
308 174 
309 49 
310 202 
310 326 
310 60 
315 16 
316 101 
316 322 
317 208 
318 242 
319 171 
320 181 
320 75 
321 433 
322 290 
322 42 
322 111 
322 487 
327 116 
328 13 
329 346 
329 621 
330 179 
330 75 
331 59 
332 81 
333 17 
335 1304 
336 208 
338 154 
338 10 
338 118 
338 252 
339 259 
339 274 
340 645 
341 94 
341 96 
342 96 
345 72 
345 59 
345 1912 
345 38 
345 74 
347 130 
349 100 
349 51 
350 102 
350 31 
352 52 
353 40 
354 96 
354 151 
355 1067 
356 394 
358 284 
359 45 
360 58 
361 118 
361 109 
363 34 
365 87 
366 54 
369 334 
370 84 
370 370 
371 237 
371 238 
371 853 
372 118 
374 42 
376 10 
376 386 
381 120 
382 115 
382 112 
383 44 
383 34 
384 34 
384 126 
384 98 
388 62 
389 618 
389 537 
390 21 
392 42 
393 107 
398 187 
400 213 
401 481 
401 682 
403 83 
404 33 
407 241 
407 175 
407 43 
408 467 
408 208 
408 118 
411 314 
418 15 
420 514 
420 322 
423 375 
424 43 
428 168 
430 28 
430 305 
431 176 
432 312 
437 55 
440 44 
442 417 
443 120 
443 39 
445 90 
446 140 
447 84 
449 349 
451 413 
452 264 
455 52 
455 93 
456 234 
457 570 
458 123 
458 161 
460 164 
460 338 
461 64 
461 1389 
462 24 
464 103 
464 49 
465 41 
465 137 
468 250 
468 363 
468 209 
469 1133 
469 109 
470 367 
470 1345 
473 148 
474 42 
476 88 
476 107 
477 392 
477 296 
477 57 
478 78 
479 49 
481 207 
482 46 
482 211 
483 385 
485 156 
486 2430 
489 84 
490 83 
492 111 
493 184 
496 51 
499 175 
499 187 
501 1554 
501 7011 
501 367 
502 86 
502 647 
502 137 
503 88 
504 162 
506 57 
506 105 
506 33 
507 337 
507 398 
508 53 
508 668 
508 30 
509 57 
509 213 
511 125 
512 110 
512 76 
513 263 
514 270 
514 208 
514 33 
515 34 
515 400 
516 170 
519 3002 
521 151 
523 134 
524 1855 
527 281 
529 745 
531 948 
532 266 
534 5 
534 171 
534 52 
534 17 
535 62 
539 47 
541 239 
544 3 
547 1079 
549 1086 
552 180 
553 29 
553 149 
553 148 
558 110 
558 51 
560 205 
564 497 
564 2790 
568 143 
570 89 
572 72 
572 546 
574 461 
575 8 
577 95 
577 88 
578 309 
579 26 
581 256 
585 51 
586 112 
587 918 
588 585 
590 2 
591 170 
592 278 
592 22 
592 113 
593 56 
594 87 
598 125 
599 196 
600 65 
602 114 
603 119 
604 98 
607 40 
610 343 
610 22 
611 121 
611 129 
615 17 
617 35 
618 77 
619 1367 
621 73 
623 4121 
626 40 
629 534 
629 55 
632 19 
636 52 
636 58 
636 14 
638 68 
639 216 
642 116 
644 59 
645 361 
645 16 
646 99 
650 30 
651 60 
655 9 
657 117 
657 48 
658 24 
660 211 
664 159 
666 132 
669 532 
669 387 
674 157 
679 192 
685 108 
685 1185 
687 37 
690 66 
695 240 
698 34 
702 108 
702 45 
704 41 
704 96 
707 65 
707 92 
707 74 
708 160 
710 72 
710 118 
711 170 
713 314 
718 18 
720 90 
722 300 
726 25 
731 50 
734 45 
736 200 
738 4 
740 112 
741 125 
741 124 
742 350 
743 235 
746 68 
749 1307 
750 153 
751 170 
753 18 
757 24 
761 135 
768 14 
770 288 
770 700 
771 93 
773 58 
777 564 
777 340 
777 196 
778 41 
781 770 
782 87 
782 149 
782 533 
785 71 
786 803 
788 182 
789 113 
792 220 
793 93 
794 277 
797 349 
798 24 
798 46 
800 321 
804 522 
807 11 
807 89 
808 181 
808 87 
810 425 
811 78 
818 19 
821 1035 
824 63 
826 165 
826 313 
829 32950 
838 177 
839 189 
840 351 
841 82 
847 37 
857 81 
861 7 
862 195 
863 43 
864 120 
865 184 
868 214 
870 162 
870 215 
871 131 
875 110 
877 110 
878 733 
880 205 
881 12 
885 11 
887 45 
889 935 
890 562 
891 50 
892 99 
893 34 
893 149 
895 50 
895 100 
899 389 
903 89 
903 101 
913 31 
915 49 
917 109 
917 66 
935 448 
936 446 
937 615 
944 90 
945 417 
946 469 
947 101 
948 36 
951 61 
951 32 
962 87 
964 130 
965 155 
972 91 
974 293 
976 85 
978 63 
985 122 
987 237 
991 77 
992 70 
1001 98 
1003 99 
1008 231 
1012 83 
1021 51 
1022 53 
1024 48 
1031 153 
1032 80 
1033 216 
1034 57 
1037 44 
1038 164 
1040 252 
1045 100 
1046 143 
1047 52 
1050 54 
1052 105 
1057 163 
1058 181 
1059 172 
1061 1 
1062 117 
1064 46 
1065 65 
1066 34 
1071 673 
1096 225 
1098 94 
1100 228 
1100 96 
1103 131 
1104 35 
1104 98 
1106 42 
1107 159 
1107 2 
1108 144 
1109 330 
1112 7 
1117 72 
1121 145 
1128 30 
1135 248 
1138 129 
1150 29 
1154 414 
1154 18 
1154 73 
1158 315 
1159 37 
1175 958 
1180 226 
1197 153 
1198 286 
1206 324 
1213 121 
1215 121 
1215 43 
1221 67 
1228 28 
1230 144 
1230 58 
1236 213 
1237 211 
1243 1949 
1247 88 
1248 850 
1251 200 
1252 22 
1252 57 
1257 24 
1263 183 
1264 51 
1271 36 
1273 18 
1273 9 
1277 428 
1278 40 
1285 20805 
1287 525 
1292 405 
1293 759 
1294 155 
1296 147 
1298 68 
1305 132 
1306 98 
1311 40 
1319 265 
1321 97 
1322 19 
1324 58 
1331 44 
1332 111 
1338 28 
1347 64 
1349 122 
1349 85 
1353 43 
1375 289 
1377 125 
1378 127 
1379 79 
1380 11 
1380 138 
1384 189 
1387 139 
1387 208 
1390 108 
1396 191 
1396 54 
1403 633 
1414 1090 
1421 112 
1427 31 
1428 163 
1430 48 
1431 16 
1431 78 
1434 205 
1436 47 
1438 181 
1441 107 
1444 23 
1448 1767 
1459 2143 
1472 91 
1474 1354 
1479 157 
1502 80 
1505 12 
1509 7 
1510 811 
1512 112 
1516 209 
1519 51 
1530 114 
1530 173 
1533 27 
1533 89 
1539 5049 
1542 55 
1542 239 
1554 788 
1554 50 
1559 32 
1560 94 
1560 15 
1561 221 
1562 83 
1577 506 
1587 96 
1591 151 
1592 64 
1592 91 
1595 40 
1600 36 
1601 236 
1603 201 
1607 233 
1609 110 
1610 29 
1614 378 
1617 27 
1629 10 
1630 138 
1641 58 
1645 1398 
1648 322 
1649 306 
1650 172 
1652 426 
1652 497 
1659 32 
1662 110 
1672 127 
1674 377 
1681 1134 
1682 338 
1684 105 
1691 29 
1692 216 
1693 84 
1700 9 
1703 76 
1704 59 
1706 39 
1715 25 
1716 1723 
1724 974 
1742 343 
1755 158 
1756 480 
1770 37 
1771 205 
1784 56 
1796 218 
1800 62 
1803 78 
1813 10 
1825 25 
1840 16 
1847 33 
1853 283 
1865 1635 
1872 93 
1879 369 
1883 158 
1892 246 
1894 205 
1899 19 
1909 196 
1912 50 
1940 137 
1951 18 
1953 55 
1964 183 
1965 7 
1970 144 
1974 239 
1981 82 
1986 110 
1993 190 
2007 286 
2011 190 
2014 324 
2019 150 
2020 333 
2026 217 
2030 1610 
2033 54 
2048 56 
2061 21 
2069 626 
2071 119 
2071 27 
2074 983 
2075 19 
2081 211 
2085 34 
2099 136 
2112 41 
2117 306 
2121 65 
2124 708 
2132 60 
2135 108 
2145 142 
2147 107 
2161 42 
2166 92 
2166 22 
2188 54 
2188 72 
2194 118 
2199 199 
2215 14 
2215 47 
2223 115 
2229 78 
2231 48 
2233 85 
2259 118 
2261 19 
2266 1125 
2269 30 
2274 16 
2289 68 
2290 94 
2290 121 
2296 53 
2302 952 
2306 537 
2312 27 
2313 8 
2318 36 
2324 181 
2330 3017 
2343 117 
2348 48 
2357 72 
2361 745 
2362 150 
2363 27 
2368 476 
2382 131 
2395 80 
2401 33 
2401 81 
2410 56 
2416 348 
2418 70 
2419 11 
2422 2 
2426 35 
2431 286 
2432 109 
2446 17 
2450 128 
2460 291 
2489 50 
2492 46 
2499 54 
2503 128 
2510 109 
2511 155 
2512 88 
2517 65 
2521 965 
2523 90 
2527 334 
2529 54 
2532 348 
2537 21 
2541 37 
2543 93 
2543 202 
2547 204 
2547 228 
2556 54 
2560 48 
2561 54 
2561 730 
2566 80 
2571 36 
2573 190 
2573 215 
2573 49 
2579 84 
2579 288 
2597 149 
2602 456 
2622 779 
2622 355 
2623 35 
2624 68 
2625 114 
2629 215 
2635 1374 
2643 106 
2645 23 
2653 107 
2667 104 
2668 597 
2670 2489 
2676 99 
2683 1324 
2686 174 
2694 70 
2698 32 
2703 86 
2707 29 
2707 167 
2713 192 
2716 1013 
2721 564 
2723 14 
2733 26 
2733 296 
2735 6 
2738 129 
2741 34 
2743 237 
2746 108 
2764 176 
2764 83 
2769 43 
2771 133 
2781 76 
2783 298 
2784 68 
2798 9 
2801 44 
2813 122 
2819 78 
2825 365 
2832 45 
2834 67 
2841 50 
2850 230 
2864 313 
2873 40 
2884 910 
2889 68 
2896 35 
2897 69 
2918 29 
2930 164 
2931 172 
2932 854 
2962 20 
2972 112 
2977 72 
2990 98 
3000 50 
3009 32 
3011 148 
3030 33 
3038 31 
3039 155 
3042 119 
3051 8 
3054 5 
3055 21 
3058 103 
3085 18 
3087 47 
3094 91 
3127 54 
3130 40 
3140 45 
3142 94 
3149 63 
3163 200 
3166 241 
3166 121 
3178 49 
3201 99 
3239 72 
3252 201 
3254 54 
3260 689 
3260 50 
3263 222 
3269 318 
3283 755 
3295 279 
3299 33 
3323 392 
3342 117 
3348 199 
3352 241 
3357 41 
3376 13 
3393 88 
3393 58 
3400 104 
3401 35 
3413 75 
3421 93 
3431 89 
3448 726 
3449 91 
3473 56 
3481 93 
3481 22 
3483 124 
3491 129 
3504 50 
3525 5 
3528 114 
3530 78 
3561 63 
3611 23 
3612 99 
3627 90 
3633 158 
3637 22 
3638 9 
3662 24 
3674 44 
3676 234 
3698 59 
3701 24 
3723 66 
3725 67 
3750 38 
3767 24 
3771 63 
3776 252 
3809 536 
3809 73 
3813 102 
3817 34 
3822 47 
3827 154 
3827 7 
3831 67 
3860 89 
3870 145 
3877 253 
3890 41 
3912 83 
3913 246 
3917 43 
3923 152 
3942 175 
3951 9 
3963 227 
3967 6 
3971 4 
3997 228 
3998 559 
3999 24 
4001 20 
4016 12 
4018 93 
4034 83 
4035 78 
4043 31 
4057 717 
4064 496 
4075 129 
4076 17 
4077 63 
4078 75 
4080 52 
4093 21 
4097 142 
4108 802 
4121 969 
4126 114 
4129 337 
4134 45 
4162 59 
4163 43 
4164 63 
4175 211 
4183 26 
4199 28 
4214 155 
4224 56 
4224 659 
4225 41 
4226 170 
4252 38 
4277 808 
4293 210 
4294 25 
4296 41 
4310 45 
4324 43 
4335 25 
4357 45 
4361 45 
4367 128 
4378 52 
4386 2662 
4402 113 
4408 75 
4408 150 
4464 193 
4465 869 
4472 42 
4474 1699 
4475 154 
4482 3 
4487 148 
4511 412 
4520 55 
4528 124 
4530 114 
4533 470 
4547 285 
4549 20 
4552 60 
4562 75 
4574 57 
4583 170 
4596 435 
4599 108 
4608 60 
4622 260 
4633 210 
4642 30 
4642 235 
4661 42 
4669 8 
4678 256 
4683 21 
4688 8 
4695 116 
4708 27 
4719 22 
4731 117 
4733 34 
4735 145 
4753 7 
4765 221 
4772 14 
4778 265 
4789 36 
4790 17 
4791 22 
4796 269 
4806 395 
4812 70 
4829 13 
4901 95 
4912 56 
4938 120 
4980 13 
4985 202 
4997 98 
5002 159 
5002 29 
5022 194 
5025 197 
5064 130 
5080 18 
5128 165 
5141 64 
5145 1628 
5146 10 
5162 38 
5163 1018 
5164 197 
5175 35 
5184 45 
5184 3997 
5197 1397 
5208 281 
5209 79 
5237 109 
5239 43 
5250 52 
5254 20 
5256 171 
5262 1165 
5267 76 
5269 288 
5322 1778 
5331 79 
5331 180 
5357 163 
5357 357 
5373 37 
5390 113 
5396 53 
5399 378 
5404 69 
5429 32 
5440 144 
5458 18 
5458 253 
5464 986 
5467 25 
5474 7 
5493 235 
5524 397 
5529 197 
5529 121 
5540 76 
5547 125 
5548 237 
5550 472 
5550 45 
5553 5947 
5559 9 
5601 417 
5608 315 
5620 356 
5622 238 
5626 619 
5626 42 
5630 36 
5631 8 
5636 8 
5654 216 
5658 139 
5726 167 
5742 79 
5771 95 
5783 915 
5788 19 
5801 21 
5809 312 
5813 42 
5836 384 
5847 56 
5859 148 
5861 598 
5876 21 
5887 242 
5888 230 
5892 28 
5893 424 
5909 220 
5931 62 
5936 109 
5936 108 
5959 346 
5960 81 
5961 59 
5966 238 
5969 566 
5996 187 
6022 56 
6024 44 
6027 210 
6035 36 
6043 24 
6076 43 
6084 82 
6085 61 
6099 513 
6113 268 
6173 145 
6184 56 
6211 43 
6216 473 
6250 156 
6266 43 
6282 92 
6301 394 
6328 46 
6345 39 
6355 23 
6366 61 
6374 730 
6453 157 
6453 157 
6482 55 
6482 55 
6501 7 
6501 7 
6528 103 
6537 65 
6593 18 
6657 117 
6661 65 
6724 54 
6730 50 
6738 67 
6749 56 
6788 90 
6795 117 
6798 50 
6809 64 
6826 14 
6852 386 
6852 33 
6862 7 
6866 84 
6879 22 
6902 69 
6912 135 
6915 213 
6925 23 
6926 94 
6946 1 
6946 86 
6981 1467 
7016 1 
7041 185 
7041 9 
7054 74 
7059 35 
7098 241 
7118 56 
7120 29 
7132 246 
7140 201 
7145 33 
7150 26 
7150 81 
7173 44 
7173 107 
7189 353 
7225 206 
7253 67 
7325 28 
7334 93 
7337 20 
7339 22 
7349 141 
7372 18 
7393 31 
7397 39 
7408 6 
7411 2651 
7420 132 
7447 46 
7452 163 
7455 230 
7455 162 
7464 800 
7484 216 
7486 146 
7490 96 
7500 73 
7500 67 
7526 683 
7533 37 
7534 1687 
7536 1120 
7544 64 
7569 19 
7587 1535 
7616 1468 
7624 203 
7639 193 
7655 60 
7680 477 
7710 228 
7711 68 
7718 1672 
7724 564 
7736 128 
7747 351 
7766 5251 
7824 322 
7827 1225 
7838 15 
7858 56 
7869 7 
7869 144 
7878 71 
7879 22 
7886 1489 
7929 3759 
7930 12 
7942 160 
7947 27 
7960 2 
7966 32 
7969 239 
7976 1 
7987 75 
7988 579 
8013 42 
8022 3 
8049 41 
8060 222 
8081 75 
8082 86 
8087 87 
8109 35 
8120 142 
8122 11 
8188 12 
8206 185 
8231 70 
8235 2 
8263 808 
8268 152 
8305 116 
8307 597 
8333 53 
8336 830 
8391 81 
8427 269 
8433 11 
8462 752 
8467 192 
8480 112 
8491 101 
8560 26 
8569 256 
8573 5 
8580 62 
8686 116 
8691 4 
8700 200 
8704 208 
8724 131 
8783 2000 
8785 39 
8801 8 
8851 211 
8865 192 
8876 58 
8887 31 
8888 32 
8907 1321 
8918 7 
8923 77 
8974 35 
8975 564 
8986 196 
8996 193 
8999 42 
9020 87 
9033 19 
9039 181 
9055 30 
9065 18 
9067 356 
9067 885 
9071 12 
9079 281 
9123 18 
9138 252 
9160 243 
9179 762 
9180 30 
9197 24 
9236 122 
9255 51 
9260 10 
9261 647 
9277 17 
9278 15 
9281 136 
9313 665 
9331 153 
9337 52 
9351 108 
9376 40 
9418 79 
9437 24 
9442 79 
9461 70 
9470 634 
9494 152 
9500 62 
9516 140 
9518 146 
9549 15 
9570 402 
9573 86 
9576 33 
9579 121 
9584 100 
9613 18 
9624 92 
9628 236 
9638 151 
9654 200 
9676 95 
9689 113 
9721 41 
9726 44 
9748 322 
9758 30 
9818 848 
9819 49 
9853 484 
9862 99 
9877 502 
9902 193 
9956 3 
9974 243 
9978 151 
10134 63 
10144 183 
10157 46 
10171 267 
10179 1520 
10191 98 
10193 96 
10207 19 
10210 131 
10285 22 
10291 117 
10312 521 
10322 84 
10340 44 
10374 25 
10403 264 
10404 72 
10410 134 
10417 49 
10428 87 
10438 5 
10452 211 
10483 21 
10491 111 
10501 295 
10516 93 
10520 23 
10602 102 
10619 12 
10627 240 
10636 67 
10659 8 
10687 17 
10728 42 
10777 145 
10786 35 
10786 108 
10805 25 
10848 82 
10859 28 
10860 1108 
10876 609 
10906 27 
11005 38 
11023 15 
11030 16 
11095 42 
11127 336 
11152 6265 
11192 171 
11301 169 
11344 11 
11425 106 
11434 12 
11460 24 
11469 18 
11474 58 
11575 353 
11623 19 
11697 90 
11718 171 
11735 29 
11838 2 
11860 44 
11874 90 
11875 136 
11923 105 
11929 185 
11982 98 
12014 542 
12143 123 
12149 150 
12244 492 
12362 40 
12370 50 
12375 967 
12403 4 
12449 0 
12516 41 
12591 55 
12603 176 
12615 7 
12633 107 
12637 75 
12662 150 
12758 193 
12838 140 
12890 9 
12941 43 
13235 46 
13292 388 
13294 60 
13337 285 
13343 49 
13346 233 
13368 5 
13510 73 
13585 11 
13605 124 
13667 9 
13671 76 
13677 135 
13708 1608 
13751 232 
13760 77 
13766 218 
13766 92 
13887 64 
14020 58 
14220 71 
14248 58 
14359 1 
14361 11 
14370 20 
14546 38 
14825 14 
14932 122 
14971 58 
14986 131 
15530 48 
15611 124 
15895 118 
16241 22 
16516 11 
16537 75 
16572 24 
16587 145 
16748 209 
16775 199 
16978 205 
17166 65 
17232 1 
17312 4 
17325 71 
17355 95 
17536 13 
17732 72 
18005 44 
18119 37 
18290 29 
18334 37 
18407 11 
18848 208 
18853 17 
18967 549 
19131 889 
19422 20 
19506 20 
19632 129 
19662 769 
19878 16 
19940 57 
20041 1174 
20074 721 
20470 109 
20483 15 
20589 19 
20619 13 
20839 114 
20979 478 
21100 95 
21116 70 
21382 69 
21511 477 
21514 438 
21593 126 
21623 375 
21649 5 
21816 167 
21832 24 
21900 58 
21900 58 
21916 215 
21916 215 
21958 137 
22006 9 
22015 370 
22060 0 
22065 1 
22111 48 
22111 359 
22162 115 
22200 29 
22399 526 
22632 14 
22676 573 
22831 117 
22957 8 
22970 52 
22994 58 
23060 676 
23195 52 
23221 3 
23234 172 
23280 397 
23309 90 
23341 56 
23385 75 
23481 173 
23556 32 
23562 144 
23692 443 
23713 858 
24001 117 
24105 258 
24281 79 
24479 163 
24506 37 
24532 58 
24566 16 
24580 71 
24604 353 
24631 80 
24655 154 
24722 129 
24753 23 
24790 65 
24796 36 
24929 34 
25037 147 
25076 94 
25162 11 
25216 19 
25300 149 
25315 17 
25319 27 
25339 76 
25554 117 
25639 22 
25800 108 
25829 16 
25845 39 
25864 12 
25943 44 
25965 96 
25967 76 
25989 100 
26008 112 
26109 4 
26351 284 
26374 68 
26385 261 
26385 31 
26430 70 
26545 55 
26572 176 
26605 30 
26630 19 
26743 155 
26744 3 
26784 27 
26832 41 
26861 74 
26864 68 
26936 209 
27011 10 
27071 448 
27182 259 
27192 54 
27196 104 
27201 66 
27207 64 
27308 7 
27333 168 
27419 361 
27495 13 
27569 54 
27654 25 
27770 25 
27808 112 
27826 91 
27886 16 
27896 3 
28103 98 
28136 85 
28230 180 
28245 49 
28361 55 
28458 51 
28501 161 
28649 210 
28687 331 
28697 150 
28736 1119 
28738 18 
28765 319 
28827 445 
28903 486 
28909 6 
29131 337 
29208 30 
29254 69 
29321 70 
29397 1462 
29470 207 
29496 79 
29634 59 
29634 200 
29707 170 
29798 52 
29822 330 
29835 570 
29885 467 
29980 412 
30008 145 
30062 60 
30218 301 
30228 147 
30239 771 
30254 237 
30431 296 
30434 11 
30484 172 
30494 99 
30514 213 
30523 21 
30681 61 
30705 68 
30709 142 
30731 9 
30889 13 
31027 44 
31068 80 
31161 16 
31313 94 
31434 13 
31648 226 
31744 76 
31775 20 
31896 74 
31948 31 
32025 42 
32093 312 
32158 135 
32160 12 
32182 67 
32240 123 
32286 838 
32482 35 
32791 41 
32800 53 
32823 31 
33082 111 
33173 228 
33218 54 
33234 77 
33393 30 
33408 70 
33501 11959 
33611 158 
33682 1368 
33717 295 
33740 17 
33764 40 
34056 181 
34139 98 
34177 19 
34426 70 
34567 24 
34789 390 
34852 98 
35086 608 
35283 127 
35547 216 
35617 81 
35696 6 
35770 4387 
35821 50 
35840 26 
36026 13 
36086 322 
36116 5 
36205 755 
36391 23 
36589 86 
36641 408 
36749 47 
36798 96 
36854 25 
36970 39 
37011 51 
37073 33 
37219 51 
37219 51 
37300 123 
37353 1594 
37428 142 
37461 15 
37584 14 
37679 166 
37900 67 
38020 172 
38070 60 
38087 19 
38131 54 
38238 51 
38266 94 
38479 373 
38658 117 
39080 15 
39532 1774 
39903 8 
39920 41 
40017 865 
40021 120 
40124 720 
40175 148 
40563 127 
40668 166 
40875 31 
41154 22 
41206 55 
41416 47 
41517 44 
41569 84 
41879 6 
42105 22 
42303 1441 
42332 683 
42461 85 
42495 21 
42508 133 
42525 22 
42848 878 
42927 19 
42992 11366 
42996 1913 
43019 844 
43084 25 
43102 24 
43213 360 
43290 2046 
43527 128 
43794 278 
43909 68 
43913 7 
43960 88 
44155 99 
44681 75 
45078 28 
45293 46 
45599 22 
45601 16 
45702 76 
46129 4766 
46251 103 
46531 19 
46808 69 
46986 185 
47081 99 
47292 154 
47324 226 
47488 152 
47771 709 
47901 126 
47924 25 
47999 344 
48032 310 
48127 5 
48174 1603 
48400 241 
48473 272 
48485 121 
48504 40 
48579 111 
48591 811 
48712 172 
48970 63 
49040 83 
49100 3810 
49111 65 
49140 984 
49183 17 
49200 529 
49202 113 
49308 121 
49387 289 
49423 1442 
49712 35 
50018 1916 
50076 215 
50349 116 
50599 30 
51027 236 
52184 22 
52230 156 
52248 295 
52294 467 
52587 11 
52623 213 
52912 81 
52960 71 
53076 192 
53079 414 
53259 811 
53398 258 
53504 39 
53677 34 
53716 170 
54120 725 
54154 2570 
54184 218 
54186 103 
54236 82 
54250 453 
54294 173 
54301 1030 
54349 231 
54435 98 
54443 66 
54770 58 
55102 157 
55333 71 
56141 19 
56211 962 
56486 930 
57295 35 
57486 12 
57587 171 
57619 49 
58387 1146 
58622 32 
58970 578 
59005 118 
59038 395 
59314 94 
60227 186 
60483 170 
60648 179 
60779 1156 
60805 663 
60887 346 
60930 185 
60944 71 
60996 140 
61124 228 
61131 143 
61279 132 
61327 189 
62369 59 
62373 81 
62430 110 
62446 513 
62573 148 
62726 18 
63229 249 
63280 20 
63794 25 
64112 26 
64450 13 
64738 48 
65274 8 
65299 113 
65522 49 
65531 8 
65648 96 
65727 552 
76770 624 
78963 24 
82160 139 
82408 619 
82832 22 
82993 24 
83645 240 
83883 256 
83925 154 
86277 1305 
86378 162 
86418 1231 
86541 385 
86652 303 
86729 591 
86961 89 
87703 196 
90643 38 
91183 59 
91295 672 
91565 4427 
91594 513 
92204 87 
93199 312 
93638 653 
93700 123 
94761 288 
95529 2 
96274 443 
96340 229 
96433 82 
97248 184 
101087 48 
105441 3803 
109059 170 
117658 527 
118383 440 
119129 4 
120785 128 
120935 44 
122142 4608 
122558 83 
123463 254 
123650 385 
123960 482 
124232 256 
124352 529 
125016 83 
125444 123 
127144 187 
127144 187 
128323 178 
129063 157 
130155 174 
130658 109 
130755 97 
130879 9 
131436 272 
131893 662 
132848 368 
132989 59 
133158 1273 
133178 427 
133206 229 
133239 32 
133460 36 
133984 8 
134984 2253 
135777 17 
136030 149 
138995 27 
139379 556 
139536 61 
140062 624 
140205 47 
140500 107 
141770 240 
142301 42 
144170 175 
144232 1370 
144608 109 
144896 1316 
144983 30 
146623 483 
146745 115 
147585 134 
147603 117 
147664 341 
147969 76 
148079 12 
148178 193 
148527 166 
151863 160 
151918 11 
153229 123 
153731 72 
153747 130 
153899 234 
153994 848 
154000 908 
154250 137 
154589 403 
154663 226 
154730 667 
155307 104 
159985 131 
160251 85 
163456 97 
166977 365 
167389 25 
180180 88 
182363 24 
204240 68 
206199 77 
209843 655 
210039 194 
210050 142 
210416 79 
210431 620 
210499 594 
210535 761 
210547 204 
210740 219 
210818 236 
210997 104 
211361 190 
211660 482 
211931 121 
212565 102 
213938 614 
214082 101 
215586 94 
216678 15 
218999 188 
219010 103 
219284 150 
219991 124 
223739 646 
225217 3779 
227281 12 
229066 234 
229232 265 
229262 368 
229289 22 
233327 23 
233894 567 
237213 23 
242665 156 
249138 85 
259668 361 
259781 68 
260363 44 
260902 14 
261284 71 
261355 167 
261853 302 
262357 400 
262449 159 
262508 43 
262691 8 
262737 94 
262962 88 
263188 310 
265210 183 
266661 353 
266881 141 
268443 18 
269692 238 
269773 185 
269818 48 
271194 625 
271998 346 
275413 691 
276427 208 
277066 51 
277114 80 
278991 662 
286432 267 
290513 45 
291096 136 
291096 136 
297219 410 
300231 52 
302288 43 
305283 108 
306331 735 
308002 91 
313645 159 
314328 267 
314613 798 
315058 9 
315448 14 
323091 66 
323195 70 
323234 456 
323522 352 
323806 724 
324015 419 
327890 110 
330180 184 
331774 21 
332438 159 
334010 109 
334211 130 
335296 36 
336178 117 
336658 723 
339848 61 
340505 194 
341323 161 
341469 270 
343777 79 
349014 211 
351565 1 
352492 124 
353887 19 
354497 63 
375863 214 
381141 17 
385515 378 
389420 377 
395341 59 
395925 4 
403087 625 
403087 96 
403305 70 
408003 127 
408743 175 
408999 199 
409954 28 
417389 72 
420599 155 
429282 376 
430877 99 
432134 17 
432137 107 
433944 26 
437026 440 
437996 102 
449356 12 
457765 2793 
458424 808 
474857 358 
515692 145 
517339 35 
519560 195 
520138 20 
521896 3 
527882 120 
536621 7 
542465 1044 
549513 15 
555641 522 
559615 2 
573576 349 
573843 217 
583081 561 
584419 11 
591230 1068 
601578 1310 
601779 134 
601868 1182 
