3360 3.53880787037
0 274946 
5 604 
8 182 
8 88 
8 131 
8 131 
9 151 
10 2934 
10 132 
11 177 
11 725 
12 376 
12 135 
12 230 
13 112 
14 138 
14 177 
14 212 
15 39 
15 329 
16 215 
16 126 
16 60 
17 131 
17 57 
18 211 
19 44 
19 120 
19 537 
20 55 
20 35 
21 453 
21 130 
21 8 
22 45 
22 342 
22 100 
22 77 
23 189 
23 30 
23 1075 
23 54 
24 36 
24 384 
24 31 
24 168 
24 192 
25 22 
25 33 
25 160 
26 77 
26 148 
26 33 
27 170 
27 62 
28 90 
28 107 
28 51 
28 18 
28 292 
29 183 
29 16 
29 416 
29 240 
29 63 
30 438 
30 138 
30 433 
30 118 
30 30 
31 170 
31 79 
31 88 
32 80 
32 204 
32 26 
32 23 
32 1254 
32 67 
32 411 
32 201 
33 103 
33 66 
33 116 
34 80 
34 105 
34 263 
34 225 
34 114 
34 70 
34 39 
34 116 
35 17 
35 155 
35 87 
35 71 
35 151 
36 275 
36 67 
36 253 
36 79 
36 18 
36 111 
36 14 
36 83 
36 89 
37 13685 
37 288 
37 97 
37 118 
38 44 
39 46 
39 149 
39 68 
39 172 
39 198 
39 375 
40 67 
40 246 
40 116 
40 46 
40 252 
41 11 
41 104 
41 464 
41 88 
41 57 
42 185 
42 37 
43 21 
43 178 
43 354 
44 107 
44 250 
44 239 
44 85 
45 8 
45 114 
46 163 
46 28 
46 230 
46 103 
46 145 
46 37 
46 172 
47 59 
47 163 
47 186 
47 674 
47 43 
47 57 
47 210 
48 1592 
48 240 
48 23 
49 28 
49 57 
49 578 
49 189 
49 108 
49 125 
49 147 
50 19 
50 26 
50 70 
50 191 
51 39 
52 104 
52 70 
53 124 
53 394 
53 113 
54 73 
54 1716 
54 263 
54 23 
55 374 
55 121 
55 41 
55 71 
55 52 
55 202 
56 186 
56 205 
56 85 
56 828 
56 337 
57 54 
57 61 
57 124 
57 119 
57 178 
57 843 
57 486 
58 107 
58 10 
58 17 
58 122 
59 199 
59 296 
59 7 
60 187 
60 45 
61 65 
61 153 
61 238 
61 159 
61 147 
62 176 
62 129 
62 179 
62 257 
62 118 
62 179 
62 30 
63 204 
63 26 
63 45 
63 123 
64 124 
64 43 
64 201 
64 76 
65 61 
65 77 
65 56 
65 82 
65 149 
66 113 
66 26 
67 88 
67 88 
67 289 
67 47 
67 57 
67 177 
67 128 
68 19 
68 147 
68 19 
69 164 
69 78 
69 34 
70 150 
70 223 
70 266 
70 60 
70 26 
70 111 
70 15 
70 214 
70 134 
71 33 
71 4 
71 119 
72 217 
72 8 
72 77 
72 947 
72 23 
72 63 
72 52 
72 77 
73 52 
73 50 
73 38 
73 282 
73 27 
73 168 
74 699 
74 52 
74 28 
75 51 
75 235 
75 178 
75 218 
76 29 
77 67 
77 13 
77 149 
77 1918 
77 121 
78 87 
78 223 
78 308 
78 82 
79 52 
79 8 
79 360 
79 67 
80 2 
80 103 
80 53 
80 208 
80 61 
81 6 
81 50 
81 52 
81 36 
81 20 
81 116 
82 139 
82 168 
82 12 
82 300 
82 432 
83 103 
83 26 
83 134 
83 362 
84 87 
84 92 
84 172 
85 261 
85 128 
86 43 
86 114 
86 8 
87 83 
87 151 
87 265 
87 97 
87 7389 
88 85 
88 159 
88 51 
89 49 
89 33 
89 158 
90 12 
90 231 
90 140 
91 114 
91 167 
91 102 
91 115 
91 94 
91 184 
91 42 
92 23 
92 108 
92 108 
92 45 
92 72 
92 31 
93 109 
93 108 
93 196 
93 108 
93 267 
93 14 
94 80 
94 191 
94 258 
95 100 
95 76 
95 68 
95 175 
95 51 
96 39 
96 113 
96 36 
97 45 
97 78 
97 146 
97 693 
97 69 
97 0 
97 1781 
98 15 
98 72 
98 411 
98 2559 
99 67 
99 58 
99 369 
99 78 
100 13 
100 80 
100 220 
100 64 
100 20 
100 40 
101 14 
101 17 
102 153 
102 120 
102 281 
103 22 
103 217 
104 53 
104 102 
104 188 
105 29 
105 197 
106 15 
106 41 
106 108 
106 15 
106 61 
106 116 
106 184 
106 33 
107 23 
108 169 
108 31 
108 57 
109 27 
109 118 
109 68 
109 90 
110 430 
111 161 
111 291 
112 181 
112 41 
112 216 
112 316 
113 140 
113 84 
113 162 
113 125 
113 210 
113 57 
113 159 
113 31 
114 123 
114 200 
114 93 
114 46 
114 184 
114 151 
115 86 
116 103 
116 16 
117 260 
117 155 
117 28 
117 131 
118 182 
118 735 
118 70 
118 11 
118 70 
119 142 
119 185 
119 32 
120 91 
120 477 
120 4 
120 22 
120 79 
120 296 
121 63 
121 26 
122 24 
123 44 
123 2 
123 43 
123 28 
124 35 
124 62 
124 60 
125 62 
125 211 
125 154 
125 218 
126 143 
126 277 
126 36 
127 272 
127 97 
128 65 
128 106 
128 168 
128 84 
129 177 
129 103 
129 14 
130 29 
131 152 
131 187 
131 95 
132 46 
132 60 
132 603 
132 67 
132 142 
133 55 
133 50 
133 370 
133 70 
133 22 
134 133 
134 35 
135 415 
135 206 
135 144 
135 36 
135 116 
135 37 
135 332 
136 34 
136 30 
136 16 
136 227 
136 88 
137 111 
137 16 
137 124 
137 117 
138 98 
138 111 
138 83 
138 205 
138 0 
138 117 
139 194 
139 20 
139 61 
139 318 
139 137 
140 207 
140 379 
140 46 
141 46 
141 130 
141 36 
142 172 
142 1 
143 94 
144 186 
144 130 
145 211 
146 87 
146 992 
146 108 
146 55 
147 139 
147 66 
147 56 
147 45 
148 12 
148 87 
148 17 
148 34 
148 107 
148 21 
149 1457 
149 88 
149 52 
150 138 
150 112 
151 9 
151 84 
151 126 
151 204 
152 167 
153 16 
153 46 
153 26 
154 32 
154 125 
155 59 
155 90 
155 168 
155 245 
156 249 
156 687 
157 424 
157 411 
157 41 
158 29 
158 63 
158 212 
158 189 
158 137 
159 10 
159 19 
159 168 
160 3 
160 98 
161 700 
161 36 
161 902 
161 160 
162 104 
162 67 
162 205 
162 274 
162 65 
163 46 
163 107 
163 49 
163 88 
163 152 
164 31 
164 101 
164 103 
164 247 
164 222 
165 57 
165 119 
166 68 
167 100 
167 80 
167 211 
167 48 
167 89 
167 53 
168 108 
168 563 
168 90 
168 39 
169 116 
169 74 
169 551 
169 322 
170 961 
170 256 
171 132 
171 164 
171 106 
172 111 
172 108 
172 73 
172 24 
172 205 
172 49 
173 46 
173 155 
173 342 
173 64 
174 56 
174 128 
174 165 
174 145 
175 204 
175 33 
176 58 
178 42 
178 22 
179 268 
180 68 
180 28 
181 198 
181 167 
182 284 
182 54 
183 402 
184 38 
185 45 
185 819 
186 100 
186 153 
186 80 
186 75 
187 321 
187 68 
187 26 
187 91 
188 140 
188 184 
188 30 
189 25 
190 226 
191 66 
191 172 
192 53 
192 192 
192 118 
192 223 
192 228 
192 126 
192 129 
193 133 
193 122 
194 59 
194 66 
194 144 
194 189 
194 131 
194 184 
195 188 
195 224 
196 107 
196 20 
197 85 
197 263 
197 235 
197 23 
197 124 
198 44 
198 25 
199 237 
199 49 
199 115 
199 19 
200 128 
200 36 
200 55 
200 166 
200 23 
201 223 
201 41 
201 123 
202 29 
202 20 
203 44 
203 11 
203 246 
204 22 
205 1604 
205 695 
205 13 
206 82 
206 288 
206 82 
206 1051 
207 37 
207 131 
208 52 
209 56 
209 183 
209 30 
209 88 
210 34 
211 30 
211 4 
212 229 
212 252 
214 381 
214 33 
215 69 
216 37 
216 29 
218 109 
218 40 
218 248 
218 162 
219 187 
219 97 
219 746 
219 70 
220 138 
220 115 
220 20 
220 130 
220 218 
221 194 
221 631 
223 156 
223 231 
223 110 
225 10 
225 281 
225 29 
226 163 
226 126 
226 161 
226 15 
227 469 
228 61 
229 80 
229 4 
230 18 
230 45 
230 248 
230 105 
231 63 
231 17 
231 143 
231 13 
232 126 
232 78 
233 64 
233 129 
233 69 
234 44 
234 50 
237 147 
238 52 
239 180 
239 277 
240 74 
241 592 
241 127 
242 148 
242 50 
243 452 
243 40 
244 162 
244 31 
245 120 
247 28 
247 27 
248 38 
248 16 
248 81 
249 65 
250 98 
250 33 
250 196 
251 58 
251 90 
251 126 
252 40 
252 565 
253 70 
253 45 
254 125 
254 81 
255 97 
255 326 
256 101 
256 382 
257 285 
257 117 
257 57 
257 2 
257 76 
258 40 
258 43 
259 54 
259 134 
259 175 
260 53 
260 96 
261 20 
261 45 
261 24 
261 143 
262 134 
262 36 
263 58 
263 230 
263 104 
264 4 
264 102 
264 215 
265 108 
265 120 
265 73 
265 33 
265 209 
266 88 
266 349 
267 78 
267 129 
267 113 
268 176 
269 49 
269 20 
271 133 
271 5 
271 113 
272 377 
273 89 
274 32 
275 161 
275 258 
275 84 
275 183 
276 166 
276 18 
277 251 
278 119 
278 77 
278 35 
279 55 
281 273 
282 15 
282 28 
284 300 
284 286 
285 188 
285 201 
285 50 
285 49 
286 55 
287 177 
288 154 
288 225 
289 141 
289 22 
289 77 
290 518 
292 80 
293 241 
293 40 
294 148 
295 290 
295 113 
295 40 
295 117 
295 56 
295 109 
296 108 
296 235 
297 51 
297 52 
297 48 
297 1953 
298 137 
298 565 
299 374 
299 40 
301 147 
301 403 
301 101 
301 8 
301 30 
302 229 
302 249 
303 9 
304 21 
304 121 
304 39 
305 186 
306 204 
308 134 
308 27 
309 100 
309 94 
309 92 
309 81 
309 60 
309 36 
311 31 
311 139 
315 23 
315 368 
316 46 
317 127 
317 483 
317 59 
318 63 
319 222 
319 28 
319 815 
321 197 
321 297 
321 140 
323 34 
324 469 
324 65 
325 116 
325 302 
325 84 
326 46 
327 191 
328 16 
328 75 
328 44 
330 29 
331 122 
331 342 
333 87 
333 330 
333 44 
334 45 
334 205 
334 243 
335 338 
335 115 
335 92 
335 267 
336 0 
336 37 
336 292 
338 90 
339 144 
339 155 
339 111 
340 470 
341 32 
341 742 
342 81 
343 141 
344 663 
344 13 
344 32 
344 271 
344 128 
345 114 
345 32 
346 219 
347 706 
347 75 
348 193 
348 211 
349 113 
349 64 
350 189 
353 67 
353 135 
353 20 
354 153 
355 396 
358 174 
358 20 
359 79 
360 137 
361 166 
361 30 
361 45 
361 597 
361 134 
363 12 
363 119 
363 337 
363 92 
363 114 
364 53 
365 300 
365 65 
366 142 
367 57 
367 113 
367 206 
368 149 
368 5 
368 28 
369 62 
370 82 
371 104 
371 154 
372 285 
372 151 
372 252 
372 6 
372 202 
373 36 
373 92 
373 141 
374 111 
374 49 
374 271 
375 730 
375 9 
376 136 
376 207 
377 243 
378 105 
379 165 
379 18 
379 56 
379 301 
379 4 
380 31 
380 13 
380 275 
380 265 
380 570 
381 30 
381 48 
381 36 
381 243 
381 511 
382 136 
383 36 
383 181 
384 73 
385 48 
385 101 
386 28 
387 199 
388 756 
388 129 
388 24 
389 126 
391 79 
392 170 
392 2318 
392 646 
392 61 
392 193 
393 3078 
393 17 
393 7 
393 3 
394 143 
395 289 
395 182 
396 1 
396 6854 
397 91 
398 0 
398 114 
398 82 
398 252 
398 106 
399 57 
400 69 
403 158 
404 1440 
404 77 
404 143 
405 83 
405 95 
405 13 
406 42 
406 116 
408 196 
408 152 
408 55 
409 13 
411 78 
412 483 
412 119 
412 374 
413 114 
415 69 
415 269 
416 627 
418 253 
419 639 
420 187 
420 67 
421 333 
421 428 
421 103 
421 502 
424 59 
424 98 
424 48 
425 35 
426 139 
426 11 
427 313 
427 34 
427 123 
428 228 
428 55 
429 344 
430 103 
431 69 
431 97 
432 231 
432 97 
434 224 
434 360 
435 195 
435 24 
435 167 
435 15 
436 169 
436 22 
436 148 
436 127 
437 30 
438 200 
438 242 
439 215 
440 43 
440 0 
441 222 
441 32 
442 32 
443 35 
443 178 
443 120 
444 11 
444 104 
445 82 
447 40 
447 928 
447 260 
450 195 
450 84 
452 108 
453 99 
453 185 
453 37 
454 29 
455 911 
455 87 
455 705 
455 293 
456 23 
457 80 
457 17 
457 24 
458 120 
458 14 
459 1329 
460 143 
460 69 
461 81 
463 370 
464 262 
466 83 
466 91 
467 389 
468 61 
468 110 
469 88 
470 145 
472 249 
473 52 
475 273 
477 84 
479 204 
481 58 
481 25 
481 151 
482 136 
482 20 
483 270 
484 67 
485 267 
486 56 
486 117 
490 9 
490 186 
494 287 
496 44 
497 71 
498 17 
499 121 
499 69 
500 233 
503 7 
503 23 
504 43 
504 109 
505 227 
505 334 
505 113 
506 168 
510 88 
510 117 
511 125 
512 125 
513 101 
514 68 
514 82 
515 35 
516 59 
517 98 
520 53 
520 16 
521 427 
522 145 
523 26 
525 140 
525 6 
526 40 
526 109 
526 107 
527 175 
528 86 
528 90 
528 4 
528 437 
529 91 
529 294 
529 43 
530 23 
531 225 
531 80 
533 48 
534 147 
534 75 
537 164 
537 54 
542 120 
542 167 
542 156 
543 86 
543 58 
546 127 
547 251 
548 38 
549 157 
549 272 
549 83 
549 63 
550 114 
553 113 
553 104 
553 166 
553 577 
554 177 
554 111 
555 30 
556 75 
558 124 
558 16 
558 80 
561 181 
563 19 
563 322 
565 14 
566 59 
566 93 
567 63 
567 31 
567 48 
572 21 
572 65 
572 549 
573 30 
573 1 
574 28 
574 103 
574 11 
574 4529 
576 0 
576 8 
576 66 
577 82 
577 110 
578 54 
578 21 
579 28 
579 369 
581 236 
581 281 
582 93 
583 99 
585 80 
587 184 
587 70 
589 15 
590 27 
591 267 
592 98 
592 15 
593 593 
593 132 
593 17 
594 139 
594 237 
594 496 
595 23 
595 548 
595 29 
596 66 
596 49 
596 153 
597 22 
599 55 
599 73 
600 75 
600 168 
601 1193 
601 124 
602 53 
603 31 
604 714 
605 91 
606 220 
607 20 
608 63 
609 161 
609 78 
611 112 
612 95 
613 19 
613 25 
614 77 
615 143 
615 19 
615 12 
616 67 
616 6 
618 7 
618 48 
620 40 
620 113 
620 179 
622 6 
622 560 
623 96 
623 58 
624 167 
626 15 
628 119 
628 27 
629 35 
630 61 
630 182 
633 39 
634 232 
634 16 
636 20 
636 76 
636 20 
637 13 
638 52 
638 12 
639 25 
639 27 
640 24 
640 200 
642 57 
644 265 
644 54 
648 106 
650 65 
650 101 
651 39 
651 0 
651 19 
653 206 
653 16 
654 284 
654 112 
655 96 
655 13 
656 39 
656 292 
656 66 
657 173 
658 60 
658 33 
659 223 
659 72 
660 154 
661 204 
661 68 
664 142 
665 1139 
668 3 
668 95 
668 238 
669 86 
670 100 
670 313 
671 57 
672 224 
673 189 
676 82 
676 80 
678 7 
678 72 
678 5 
678 122 
679 29 
680 116 
681 68 
681 24 
682 107 
683 91 
683 49 
684 89 
684 333 
685 4 
687 8 
687 26 
688 33 
690 15 
690 77 
690 125 
693 21 
693 326 
694 27 
694 35 
694 49 
697 58 
702 162 
704 62 
704 22 
705 253 
706 90 
706 120 
707 31 
709 33 
710 122 
712 43 
712 3599 
714 230 
718 19 
719 230 
720 73 
720 142 
720 72 
720 41 
721 95 
722 120 
724 106 
727 223 
727 47 
728 181 
728 4 
729 675 
729 147 
729 179 
730 25 
731 286 
731 10 
732 14 
734 116 
734 70 
735 77 
736 172 
736 32 
738 96 
738 113 
738 275 
739 81 
740 191 
742 238 
743 177 
744 161 
745 153 
746 90 
746 140 
747 448 
749 31 
749 53 
749 31 
753 148 
753 50 
758 73 
760 639 
760 241 
760 110 
761 40 
762 36 
764 127 
765 25 
765 73 
766 191 
766 128 
768 98 
770 94 
770 175 
771 111 
772 2059 
777 8 
779 38 
779 177 
780 28 
780 15 
781 562 
785 94 
785 17 
786 173 
787 13 
789 327 
791 123 
792 52 
792 144 
793 30 
793 71 
795 153 
797 4 
797 728 
802 65 
802 70 
804 243 
804 29 
804 79 
807 29 
807 376 
807 101 
808 112 
808 46 
808 51 
813 153 
814 206 
816 85 
817 73 
820 12 
821 173 
821 151 
824 196 
826 8 
830 150 
831 34 
832 108 
832 12 
833 166 
834 4 
835 181 
836 21 
838 874 
838 52 
842 799 
842 135 
845 13 
846 97 
847 57 
847 50 
849 17 
849 76 
852 9 
852 36 
853 0 
854 75 
854 87 
857 77 
857 430 
861 1356 
861 143 
861 159 
864 582 
865 123 
865 132 
866 57 
866 77 
867 86 
870 9 
871 106 
872 906 
872 22 
872 42 
873 53 
873 43 
873 40 
873 316 
874 225 
874 36 
875 40 
876 75 
877 37 
877 35 
877 53 
877 106 
880 35 
880 50 
884 113 
884 199 
885 41 
888 74 
889 57 
889 211 
890 136 
891 144 
894 8 
896 129 
897 258 
898 73 
899 54 
899 83 
900 20 
902 67 
903 104 
906 134 
906 121 
908 410 
912 117 
916 70 
918 18 
918 78 
919 374 
921 119 
921 151 
923 1295 
926 51 
928 322 
930 127 
932 53 
934 131 
935 311 
935 102 
936 198 
936 243 
936 140 
939 71 
939 355 
940 78 
949 30 
950 98 
952 302 
956 19 
956 610 
957 111 
964 56 
965 462 
967 60 
969 91 
969 235 
970 66 
971 85 
971 49 
972 69 
973 79 
974 23 
975 55 
975 66 
975 70 
976 68 
977 51 
978 66 
980 21 
980 59 
981 379 
983 42 
984 22 
985 66 
986 3 
987 85 
989 649 
990 141 
992 135 
993 352 
994 16 
995 141 
998 391 
1003 13 
1003 415 
1004 195 
1006 16 
1011 30 
1013 85 
1014 85 
1016 351 
1018 80 
1022 4 
1024 52 
1027 74 
1028 62 
1030 12 
1031 44 
1035 57 
1038 6 
1039 104 
1039 30 
1039 80 
1041 175 
1042 362 
1051 33 
1051 105 
1053 252 
1053 78 
1054 5 
1055 37 
1056 90 
1056 31 
1057 873 
1058 26 
1060 13 
1066 70 
1066 221 
1071 44 
1073 29 
1073 30 
1075 208 
1076 20 
1078 165 
1079 130 
1079 130 
1080 79 
1080 106 
1080 297 
1081 58 
1083 24 
1086 126 
1089 269 
1090 16 
1090 163 
1094 6 
1096 69 
1096 122 
1097 44 
1100 116 
1101 4 
1102 43 
1103 88 
1103 42 
1103 80 
1106 53 
1108 86 
1108 31 
1109 14 
1109 20 
1110 5603 
1112 170 
1113 13 
1115 111 
1119 161 
1119 36 
1124 85 
1125 92 
1125 34 
1126 218 
1126 7 
1128 75 
1130 125 
1130 117 
1132 21 
1139 33 
1140 178 
1140 183 
1141 7 
1143 273 
1146 10 
1151 207 
1153 153 
1162 26 
1164 95 
1164 28 
1165 123 
1167 110 
1170 54 
1171 30 
1172 56 
1174 339 
1178 116 
1180 94 
1182 47 
1185 35 
1192 84 
1194 30 
1197 84 
1198 22 
1200 280 
1200 50 
1207 36 
1208 78 
1209 141 
1212 125 
1217 122 
1219 40 
1220 222 
1221 51 
1224 27 
1225 233 
1227 47 
1229 190 
1233 71 
1239 211 
1240 49 
1246 509 
1249 91 
1251 78 
1252 260 
1254 297 
1255 156 
1256 82 
1257 23 
1259 87 
1260 14 
1260 770 
1261 354 
1269 15 
1273 49 
1275 150 
1279 385 
1280 21 
1281 152 
1281 54 
1286 37 
1288 57 
1288 85 
1291 114 
1294 158 
1299 86 
1299 78 
1302 35 
1304 153 
1305 37 
1306 113 
1306 52 
1307 40 
1309 33 
1311 141 
1316 133 
1319 28 
1325 6 
1325 215 
1331 344 
1336 217 
1341 52 
1343 22 
1343 100 
1344 35 
1345 32 
1350 17 
1351 54 
1355 0 
1357 42 
1363 276 
1363 8 
1365 9 
1371 142 
1371 26 
1380 69 
1380 45 
1386 103 
1388 103 
1389 717 
1389 76 
1392 46 
1395 120 
1397 48 
1398 229 
1400 17 
1401 197 
1401 49 
1405 57 
1406 54 
1409 35 
1410 190 
1414 93 
1414 77 
1415 33 
1417 113 
1418 255 
1420 276 
1422 183 
1424 131 
1425 51 
1425 26 
1431 30 
1432 45 
1433 60 
1438 45 
1445 25 
1446 57 
1448 139 
1450 3 
1451 10 
1453 45 
1455 30 
1460 169 
1461 111 
1461 20 
1467 110 
1473 162 
1473 271 
1475 136 
1476 134 
1477 57 
1477 66 
1486 85 
1486 1 
1489 40 
1493 23 
1494 68 
1494 48 
1498 61 
1500 48 
1502 116 
1502 80 
1511 190 
1512 86 
1513 164 
1516 169 
1519 35 
1519 12 
1521 125 
1521 85 
1522 308 
1522 3 
1525 125 
1526 81 
1537 29 
1539 448 
1540 209 
1542 4 
1550 70 
1552 131 
1555 36 
1556 143 
1559 73 
1560 31 
1563 57 
1569 17 
1570 4 
1570 4 
1586 41 
1587 414 
1587 4 
1587 5 
1597 129 
1600 12 
1609 36 
1616 105 
1619 222 
1620 149 
1622 192 
1626 958 
1632 24 
1636 156 
1639 268 
1639 122 
1642 45 
1643 255 
1648 58 
1649 19 
1651 15 
1656 55 
1656 125 
1657 56 
1657 0 
1662 84 
1665 93 
1669 69 
1674 20 
1686 190 
1689 22 
1690 44 
1695 93 
1696 9 
1697 286 
1697 4763 
1701 33 
1704 120 
1706 12 
1707 53 
1709 70 
1711 86 
1712 44 
1713 6671 
1719 261 
1720 43 
1721 23 
1722 37 
1724 66 
1726 207 
1726 67 
1727 49 
1730 57 
1732 54 
1738 24 
1740 67 
1744 54 
1745 82 
1749 43 
1755 28 
1765 15 
1771 152 
1778 1 
1791 8 
1793 31 
1796 42 
1800 34 
1801 18 
1802 5 
1810 50 
1811 138 
1812 46 
1812 95 
1813 5 
1814 22 
1817 162 
1822 35 
1839 14 
1842 35 
1845 80 
1851 29 
1866 50 
1867 53 
1869 23 
1869 29 
1871 80 
1889 313 
1890 15 
1891 14 
1893 82 
1895 35 
1897 55 
1898 16 
1900 112 
1903 39 
1906 2 
1910 226 
1920 57 
1924 26 
1925 96 
1926 47 
1932 105 
1932 49 
1950 145 
1954 27 
1958 29 
1958 1 
1961 387 
1964 257 
1966 107 
1968 45 
1974 34 
1976 207 
1978 18 
1981 35 
1989 64 
1991 8 
1997 1 
1998 161 
1998 25 
1999 26 
2000 154 
2004 7 
2006 230 
2012 15 
2013 88 
2015 223 
2022 49 
2024 54 
2027 477 
2030 346 
2038 68 
2041 691 
2042 79 
2048 60 
2050 33 
2050 164 
2052 68 
2053 67 
2056 96 
2057 405 
2060 15 
2062 94 
2066 11 
2072 11 
2073 32 
2093 21 
2093 312 
2103 95 
2106 28 
2107 75 
2112 35 
2134 0 
2135 90 
2135 49 
2144 2 
2146 7 
2147 106 
2156 11 
2156 231 
2161 143 
2182 77 
2182 277 
2195 1 
2196 23 
2199 56 
2204 40 
2210 92 
2214 37 
2216 178 
2217 13 
2218 185 
2226 104 
2230 57 
2230 94 
2247 217 
2249 16 
2250 96 
2253 21 
2260 454 
2265 107 
2265 14 
2269 43 
2271 18 
2275 25 
2276 139 
2284 39 
2285 15 
2286 18 
2297 93 
2300 154 
2312 29 
2319 10 
2324 3 
2326 20 
2334 15 
2335 12 
2337 252 
2345 24 
2348 31 
2348 18 
2352 241 
2359 9 
2361 25 
2364 269 
2373 14 
2378 203 
2387 66 
2396 133 
2397 100 
2399 82 
2404 124 
2422 151 
2424 80 
2447 143 
2466 3 
2466 240 
2474 51 
2476 61 
2478 67 
2479 59 
2480 43 
2481 45 
2481 28 
2484 115 
2492 117 
2492 15 
2495 1 
2497 63 
2499 166 
2502 128 
2504 10 
2515 460 
2522 2 
2524 132 
2525 117 
2527 36945 
2529 143 
2529 182 
2532 32 
2532 15 
2539 335 
2541 142 
2548 61 
2564 121 
2566 118 
2572 61 
2583 31 
2583 71 
2585 130 
2588 3 
2594 187 
2595 60 
2597 112 
2600 137 
2600 57 
2600 210 
2605 84 
2615 10 
2617 40 
2617 56 
2681 262 
2693 30 
2694 29 
2696 18 
2702 13 
2706 139 
2708 40 
2709 29 
2714 132 
2720 49 
2741 52 
2742 79 
2743 590 
2766 64 
2773 235 
2779 140 
2785 63 
2787 150 
2806 36 
2815 245 
2822 287 
2827 1 
2836 115 
2854 308 
2858 37 
2859 170 
2871 63 
2875 115 
2878 186 
2883 22 
2884 60 
2886 37 
2886 17 
2886 30 
2894 99 
2899 1 
2905 76 
2908 46 
2910 163 
2916 1085 
2918 205 
2923 248 
2926 41 
2932 11 
2942 22 
2943 9 
2946 55 
2964 71 
2966 280 
2972 66 
2973 99 
2975 174 
2993 18 
3002 158 
3002 161 
3010 13 
3010 26 
3012 147 
3026 34 
3028 42 
3031 0 
3038 132 
3039 84 
3044 13 
3045 34 
3052 32 
3053 32 
3064 15 
3071 26 
3072 249 
3076 87 
3082 143 
3082 19 
3082 10 
3102 164 
3122 120 
3138 39 
3142 60 
3143 43 
3145 49 
3151 10 
3158 204 
3162 71 
3166 46 
3173 7 
3180 50 
3189 43 
3190 50 
3203 36 
3205 129 
3207 40 
3213 58 
3214 153 
3231 20 
3240 79 
3255 8 
3259 32 
3260 38 
3264 82 
3270 28 
3272 43 
3275 9 
3288 40 
3289 3 
3297 150 
3310 96 
3396 200 
3402 113 
3405 49 
3434 66 
3447 34 
3448 14 
3456 41 
3481 264 
3499 243 
3502 14 
3504 15 
3505 50 
3513 123 
3534 28 
3540 9 
3541 45 
3580 18 
3596 76 
3601 24 
3601 20 
3602 121 
3615 42 
3650 26 
3652 25 
3662 453 
3674 316 
3680 422 
3707 123 
3719 83 
3737 196 
3743 16 
3746 9 
3753 66 
3786 180 
3801 80 
3898 23 
3903 548 
3906 54 
3931 21 
3951 202 
3952 44 
3959 64 
3960 140 
3960 91 
3971 92 
3977 17 
3988 185 
3993 96 
4008 35 
4008 21 
4010 96 
4013 8 
4018 45 
4018 42 
4036 1 
4042 34 
4064 165 
4082 42 
4083 124 
4089 47 
4097 4 
4107 47 
4116 55 
4155 2 
4165 96 
4166 36 
4168 119 
4171 74 
4183 35 
4270 190 
4296 4 
4310 58 
4330 249 
4336 108 
4339 39 
4350 18 
4352 151 
4356 17 
4364 99 
4374 13 
4388 26 
4399 1 
4424 52 
4447 93 
4453 62 
4455 42 
4465 21 
4468 47 
4470 97 
4472 164 
4486 135 
4512 155 
4512 36 
4538 71 
4547 235 
4547 25 
4549 184 
4576 137 
4587 22 
4590 60 
4595 12 
4621 76 
4622 1 
4623 69 
4736 57 
4737 17 
4745 81 
4775 163 
4786 100 
4790 133 
4818 13 
4819 34 
4834 3 
4835 18 
4852 16 
4852 37 
4867 49 
4933 85 
4967 24 
4997 18 
5009 152 
5024 61 
5031 12 
5038 4 
5042 58 
5052 16 
5057 178 
5065 192 
5076 52 
5078 132 
5083 18 
5089 91 
5093 14 
5111 125 
5111 15 
5116 58 
5121 31 
5135 67 
5136 70 
5139 48 
5145 11 
5151 16 
5173 30 
5179 13 
5311 59 
5314 153 
5345 53 
5354 529 
5367 52 
5373 13 
5407 410 
5421 29 
5434 46 
5502 47 
5507 2969 
5521 74 
5526 18 
5531 69 
5547 46 
5547 99 
5550 57 
5567 52 
5675 559 
5677 40 
5682 28 
5752 14 
5756 43 
5772 8 
5802 32 
5803 101 
5858 32 
5861 13 
5865 428 
5871 50 
5894 123 
5900 231 
5904 46 
5905 57 
5905 231 
5922 21 
5928 226 
5931 42 
5933 194 
5944 110 
6029 209 
6042 42 
6057 1 
6080 189 
6088 47 
6117 9 
6122 30 
6126 76 
6145 8 
6160 108 
6215 25 
6255 71 
6341 0 
6350 51 
6354 170 
6373 212 
6394 105 
6395 6 
6413 166 
6444 33 
6497 9 
6511 33 
6512 109 
6520 14 
6535 300 
6546 257 
6579 3 
6638 11 
6657 11 
6677 14 
6707 18 
6715 91 
6747 15 
6782 0 
6847 1743 
6851 196 
6913 132 
6936 70 
6945 30 
6954 58 
6960 105 
6979 21 
7111 1 
7116 37 
7123 67 
7130 5 
7137 88 
7200 495 
7210 4 
7224 1 
7229 42 
7248 59 
7273 7 
7314 36 
7315 16 
7320 59 
7331 295 
7337 18 
7437 182 
7445 6 
7473 73 
7581 34 
7665 471 
7679 16 
7679 30 
7685 2 
7712 58 
7737 60 
7752 34 
7771 460 
7813 50 
7823 64 
7825 1180 
7871 128 
7875 626 
7875 215 
7881 13 
8004 420 
8031 69 
8144 1 
8158 41 
8161 33 
8184 20 
8244 769 
8248 239 
8263 189 
8266 1491 
8272 8 
8286 49 
8310 23 
8343 116 
8368 66 
8375 261 
8380 65 
8443 161 
8453 20 
8462 138 
8527 13 
8534 38 
8544 14 
8589 9 
8634 40 
8727 99 
8740 197 
8806 141 
8819 63 
8821 61 
8829 57 
8843 92 
8928 189 
9013 22 
9031 35 
9088 38 
9101 0 
9149 70 
9156 15 
9160 136 
9172 58 
9177 30 
9196 11 
9214 13 
9303 17 
9321 1587 
9373 9 
9378 12 
9387 19 
9390 91 
9412 40 
9415 172 
9446 67 
9511 3 
9513 3 
9527 33 
9539 88 
9550 27 
9553 39 
9617 38 
9624 10 
9669 26 
9801 177 
9826 485 
9885 470 
9897 132 
9899 17 
9992 92 
10007 0 
10052 112 
10108 5 
10168 16 
10176 115 
10207 105 
10284 52 
10332 292 
10383 55 
10409 19 
10564 680 
10581 29 
10658 66 
10688 27 
10706 88 
10720 18 
10750 8 
10761 255 
10776 58 
10798 34 
10823 29 
10826 1 
10834 3 
10898 24 
10932 33 
10997 14 
11000 60 
11001 5 
11004 36 
11005 668 
11025 348 
11026 572 
11080 87 
11102 133 
11299 13 
11325 354 
11334 144 
11360 125 
11379 148 
11381 29 
11444 44 
11462 196 
11520 357 
11624 88 
11716 11 
11799 11 
11864 54 
11869 32 
11967 232 
12013 38 
12077 41 
12100 113 
12125 1549 
12139 91 
12157 5 
12247 103 
12278 228 
12301 41 
12335 453 
12366 147 
12372 63 
12470 31 
12494 365 
12504 307 
12549 92 
12807 20 
12828 107 
12885 2847 
12886 11 
12896 68 
13001 720 
13032 19 
13085 11 
13089 0 
13102 26 
13116 26 
13139 10 
13146 229 
13253 49 
13360 9 
13361 63 
13365 223 
13370 1 
13375 32 
13390 64 
13445 110 
13470 6 
13509 17 
13554 34 
13567 146 
13811 13 
13858 154 
13888 76 
14004 292 
14062 165 
14166 17 
14190 148 
14205 266 
14286 342 
14298 482 
14307 89 
14391 29 
14517 44 
14571 6 
14681 6 
15239 21 
15252 70 
15297 3 
15472 30 
15567 3 
15956 119 
16076 32 
16101 161 
16132 3 
16144 29 
16246 10 
16437 5 
16439 131 
16519 67 
16690 27 
16719 116 
16787 32 
16847 108 
17278 150 
17788 31 
17818 84 
17874 83 
18035 21 
18184 58 
18328 18 
18433 139 
18445 182 
18556 17 
18593 54 
18755 16 
18819 167 
18838 1 
18956 627 
19137 151 
19328 12 
19489 30 
19730 46 
19792 178 
19950 15 
20124 65 
20476 31 
20553 52 
20772 165 
20850 10 
21663 1 
21671 29 
21695 11 
22127 18 
22415 317 
22593 60 
23582 59 
23843 47 
24047 41 
24575 1 
24746 56 
25093 135 
25126 32 
25180 6 
25347 3 
25410 33 
25534 235 
26524 36 
26526 23 
26648 50 
27241 0 
27317 770 
27506 1 
27782 73 
27806 142 
27839 613 
28452 11 
28660 11 
28753 565 
28963 274 
29045 19 
29246 0 
29836 2 
29921 49 
30129 65 
30173 144 
30187 298 
30377 175 
30395 32 
30421 60 
31550 235 
32010 1221 
32518 3 
32967 175 
32970 1 
33053 160 
33493 50 
33903 36 
34750 7 
34958 165 
35098 39 
35213 184 
35238 154 
35890 43 
35930 147 
36356 21 
36419 129 
36633 23 
36856 124 
36930 113 
37464 16 
37485 152 
38147 2 
38685 55 
38804 23 
38867 55 
38948 189 
39185 124 
39808 88 
39848 2 
40254 196 
40477 66 
40568 124 
40836 1045 
41162 163 
42204 163 
42283 1 
42425 102 
42491 322 
42713 389 
43856 39 
43946 2 
44125 119 
44204 2 
44711 275 
44885 124 
46004 13 
46180 42 
46229 18 
46574 161 
46606 88 
46840 51 
47301 43 
47489 102 
47746 170 
47829 1 
48263 104 
48361 101 
48382 71 
48508 114 
48687 78 
49031 10 
49488 1 
49914 42 
50334 48 
50578 31 
51064 10 
51282 177 
51482 94 
51616 321 
51693 8 
52261 22 
52472 53 
52632 53 
52942 32 
52956 116 
53370 36 
53977 46 
53992 25 
54094 118 
54300 60 
54780 42 
55074 77 
55177 469 
55193 995 
55214 65 
55228 98 
55237 126 
55290 461 
55302 9 
55307 2 
55342 581 
55388 45 
55396 47 
55476 257 
55709 148 
55735 144 
55949 24 
55964 27 
56301 219 
56699 45 
56733 112 
57061 948 
57152 778 
57213 180 
57351 51 
57554 60 
57571 151 
57817 25 
58174 87 
58656 11 
58707 131 
58728 81 
58980 261 
59028 100 
59528 7 
60118 19 
60237 41 
60718 173 
61029 71 
61132 155 
61366 333 
61451 19 
61465 119 
62744 95 
62923 187 
63152 42 
63302 232 
63582 246 
63635 723 
63957 168 
64742 195 
65251 50 
65428 3 
65599 237 
65602 38 
65697 3 
65710 109 
65999 241 
66395 72 
66642 1308 
66754 72 
66797 126 
67207 11 
67225 8 
67886 151 
68326 40 
68412 190 
68514 87 
68514 87 
68631 111 
68631 111 
69137 32 
69264 12 
69286 100 
69396 4545 
69563 0 
69572 53 
70215 103 
70666 16 
71362 69 
71536 110 
71560 0 
71675 139 
71683 12 
71747 1 
72086 398 
72108 40 
72572 113 
72631 192 
72785 137 
73136 11 
74024 360 
74184 1 
74482 995 
74573 120 
74659 96 
75021 11 
75439 79 
75758 283 
75995 190 
76349 238 
76990 102 
77741 52 
78398 120 
78529 205 
78692 29 
78792 121 
79045 996 
79101 68 
79114 50 
79248 233 
80377 932 
80511 116 
81290 78 
81311 47 
81385 24 
81430 31 
81954 12 
82037 243 
82274 809 
82673 330 
82740 40 
82791 616 
82970 7 
83288 140 
83288 140 
83320 7551 
83320 7551 
83636 145 
83788 118 
83847 71 
84006 113 
84066 23 
84250 0 
84586 4 
84687 119 
84714 106 
85118 53 
85443 95 
85866 319 
86378 100 
86441 116 
86484 43 
87031 103 
87184 75 
87340 37 
88145 41 
88571 19 
88609 3 
88648 96 
88669 117 
88674 139 
88777 44 
89024 111 
90085 162 
90854 4 
92007 121 
92517 26 
92794 678 
93005 271 
94067 138 
94399 168 
95092 0 
97338 129 
99069 0 
100334 19 
100432 174 
101797 102 
102678 161 
102780 19 
102821 71 
107746 286 
108905 158 
109157 106 
109210 58 
109928 84 
110508 141 
111043 82 
119591 85 
119860 153 
120327 962 
122056 192 
122064 79 
123221 82 
123329 0 
123349 6 
124226 12 
125739 49 
130504 7 
133843 74 
136340 16 
137851 165 
138722 15 
140526 825 
142242 0 
143388 0 
144596 81 
145970 22896 
146019 109 
146030 236 
146033 140 
146035 316 
146045 192 
146052 25 
146065 253 
146071 5083 
146078 83 
146081 86 
146082 70 
146104 65 
146120 182 
146124 81 
146162 26 
146175 194 
146182 102 
146184 106 
146199 3395 
146228 212 
146245 1908 
146256 176 
146326 102 
146362 51 
146372 505 
146385 107 
146386 365 
146413 121 
146413 39 
146437 144 
146437 23 
146541 216 
146551 105 
146565 172 
146607 61 
146617 149 
146618 53 
146619 58 
146621 97 
146779 66 
146790 47 
147089 113 
147305 103 
147364 63 
147499 101 
147625 145 
147773 115 
147980 416 
147982 4 
148293 105 
148599 11 
148822 221 
148931 53 
149083 25 
149122 221 
149678 21 
149740 398 
149786 31 
150468 89 
150873 39 
152743 362 
153494 171 
153623 38 
153711 154 
153755 1 
153797 56 
153835 148 
153942 143 
154074 480 
154417 67 
154450 198 
155957 2314 
156539 84 
156623 14 
156765 998 
156806 138 
157059 464 
157430 235 
157697 10 
157787 30 
160096 12 
160419 7 
161306 79 
161564 2 
161626 128 
162216 79 
163422 1 
163455 207 
165472 40 
165713 2 
165718 393 
165919 10 
166089 104 
167495 104 
168526 124 
169916 102 
170214 194 
170743 0 
171523 2 
171824 135 
172188 46 
172261 333 
172430 393 
172764 36 
172768 855 
173090 34 
173636 10 
174114 51 
174135 110 
174191 180 
174242 58 
174262 283 
174979 20 
176294 10 
177519 55 
179548 1 
180095 199 
180625 28 
180987 66 
185477 23 
196187 399 
196360 312 
198284 19 
199649 82 
203260 311 
203412 3222 
207519 799 
207679 43 
210858 1 
214112 1 
217770 104 
219241 59 
226784 44 
229774 44 
234338 236 
236100 767 
236177 10 
243705 250 
243819 62 
244331 149 
244897 86 
245269 43 
246428 26 
247952 108 
248157 44 
248832 75 
255540 169 
256511 37 
258343 153 
259156 256 
259348 346 
260687 35 
260845 18 
260868 10 
262006 30 
262302 203 
262990 56 
263831 38 
265909 12 
271069 81 
271096 72 
273954 10 
275891 29 
278257 25 
279888 41 
281940 125 
282667 107 
288917 126 
294432 56 
309716 39 
317575 32 
320769 6 
327609 91 
330287 46 
330353 266 
330470 58 
330716 347 
330742 75 
332008 114 
333654 11 
334040 738 
334265 154 
337856 25 
338171 432 
340064 186 
343193 25 
343373 6 
347159 90 
351073 94 
352142 92 
354610 35 
358302 15 
358450 153 
360094 65 
360749 6 
366348 130 
377381 275 
380882 5 
399086 7 
401331 162 
401442 410 
401455 259 
402562 43 
405090 576 
410975 1100 
411528 66 
411690 268 
412078 362 
412169 188 
416048 124 
416186 61 
424840 310 
424866 588 
427584 27 
429543 21 
430274 176 
431442 8 
431902 79 
435628 200 
437265 74 
441827 244 
449338 16 
451409 50 
452649 29 
474414 16 
481156 1670 
483981 44 
487861 4 
491334 192 
509770 2 
511764 16 
574929 327 
576061 50 
