2755 5.78739583333
0 4620211 
7 73 
14 2063 
17 7 
17 38 
20 72 
20 776 
22 319 
24 773 
25 367 
29 3184 
29 2528 
29 151 
32 807 
32 10 
32 4 
35 761 
36 253 
37 15 
37 228 
38 82 
38 629 
41 51 
45 1408 
46 1255 
47 1426 
48 225 
48 1278 
48 15 
50 69 
51 2572 
52 576 
52 223 
53 650 
54 13575 
55 18 
57 1956 
57 532 
59 530 
60 496 
61 91 
62 87 
63 532 
63 113 
64 258 
65 79 
65 1492 
66 81 
67 187 
69 86 
70 52 
70 411 
70 399 
70 388 
71 68 
72 4162 
72 9 
72 129 
75 627 
75 727 
77 262 
77 344 
77 854 
78 3311 
78 360 
78 18 
79 8 
80 445 
82 1400 
83 7892 
83 276 
85 515 
86 9 
86 54 
87 1 
87 2844 
89 1397 
89 329 
89 811 
90 25 
90 27 
91 1036 
91 17 
91 234 
92 139 
93 421 
93 272 
93 334 
95 271 
96 88 
96 652 
96 50 
97 293 
97 410 
98 241 
98 85 
100 111 
100 540 
100 249 
101 163 
103 126 
104 736 
105 143 
105 753 
106 115 
107 148 
107 165 
108 539 
108 535 
109 53 
110 68 
110 1524 
111 236 
111 146 
111 95 
112 10 
114 468 
114 704 
114 26555 
115 147 
115 41 
115 141 
115 14 
117 728 
120 30 
120 251 
122 45 
124 286 
125 307 
126 60 
127 43 
127 2016 
130 636 
130 87 
131 1400 
131 102 
132 7404 
132 162 
132 4187 
133 981 
133 206 
134 32 
135 142 
135 41 
137 4561 
137 177 
137 358 
137 50 
138 188 
138 1308 
138 209 
138 1164 
140 9 
140 249 
140 182 
140 84 
140 395 
140 199 
141 1741 
142 80 
142 110 
144 1490 
145 282 
145 772 
145 53 
145 263 
149 107 
151 123 
154 57 
154 663 
156 74 
156 792 
156 486 
158 34 
159 244 
159 338 
160 436 
160 295 
160 294 
162 160 
162 1485 
162 422 
162 208 
164 485 
165 913 
167 404 
169 3671 
171 2097 
173 6 
173 2813 
175 1068 
176 68 
176 48 
176 527 
177 26 
177 78 
179 461 
181 27 
182 24 
183 94 
183 784 
184 2181 
184 117 
188 112 
189 454 
189 102 
194 147 
197 693 
197 294 
197 122 
199 284 
201 315 
201 31 
203 96 
204 57 
204 285 
206 50 
207 169 
211 326 
214 284 
214 36 
215 33 
216 254 
218 597 
220 8 
220 37 
220 168 
221 11 
224 5 
230 48 
231 117 
231 927 
232 92 
236 1935 
236 111 
236 374 
237 39 
239 1009 
239 382 
242 71 
242 3510 
243 178 
243 1041 
244 475 
246 277 
249 206 
251 1714 
251 737 
251 1970 
255 529 
257 4395 
257 1969 
257 21 
260 301 
267 38 
267 41 
268 335 
271 102 
272 149 
273 355 
274 1247 
281 38 
281 311 
284 231 
285 169 
286 1056 
287 97 
288 136 
288 5 
290 10 
293 44 
293 64 
294 41 
294 44 
302 1595 
303 4383 
305 339 
306 38 
306 421 
307 26 
314 236 
314 399 
316 1970 
321 72 
321 2480 
329 242 
330 104 
331 9 
349 497 
350 55 
353 325 
354 59 
360 9 
365 4945 
369 70 
378 804 
383 119 
387 624 
387 913 
388 228 
389 24 
389 16 
389 11018 
390 84 
391 1098 
393 206 
395 238 
397 441 
398 881 
399 587 
402 176 
403 288 
407 714 
408 77 
409 143 
410 379 
412 76 
416 6 
424 259 
425 9 
427 55 
427 2519 
431 508 
431 176 
434 269 
434 344 
436 18 
437 244 
441 1117 
442 482 
444 116 
448 383 
453 246 
459 212 
459 322 
461 214 
464 2062 
467 64 
467 420 
477 247 
478 22 
483 491 
484 1040 
485 280 
486 1098 
499 1077 
499 175 
501 20 
504 249 
504 202 
507 95 
512 1107 
513 9 
518 133 
519 179 
523 183 
528 981 
529 633 
537 1411 
543 16 
544 108 
544 12 
545 182 
546 104 
547 65 
552 792 
553 198 
558 902 
558 1275 
560 25 
569 2344 
581 19 
582 430 
584 43 
585 164 
588 1317 
590 5108 
593 901 
594 289 
599 92 
602 229 
607 1252 
609 519 
610 173 
612 55 
615 2060 
618 186 
618 2422 
619 1311 
634 148 
637 181 
640 9 
644 327 
645 248 
646 648 
647 290 
659 13 
668 442 
669 514 
673 89 
676 0 
680 763 
686 152 
688 121 
688 121 
699 67 
700 1069 
701 720 
701 1350 
703 745 
708 425 
716 177 
723 1350 
728 118 
730 1030 
730 1812 
734 67 
740 184 
745 416 
758 595 
758 353 
763 43 
770 279 
775 4 
783 17513 
790 437 
796 2872 
797 1344 
799 61 
800 449 
800 232 
804 519 
806 130 
808 436 
814 339 
819 136 
836 147 
845 8 
849 44 
850 218 
850 4386 
855 515 
860 1907 
865 926 
865 119 
867 263 
869 363 
875 171 
878 470 
878 175 
882 2557 
882 113 
883 1098 
889 1455 
895 303 
909 643 
914 666 
915 382 
916 1672 
947 729 
949 260 
951 6259 
952 292 
955 502 
961 23 
962 39 
962 59 
972 447 
972 310 
975 39 
978 123 
980 44 
980 7 
981 272 
985 343 
987 1047 
987 5326 
993 1257 
993 222 
1016 144 
1021 2547 
1022 66 
1024 31 
1028 1585 
1028 6120 
1031 7 
1034 390 
1035 1724 
1051 564 
1059 658 
1060 30 
1066 2578 
1070 259 
1073 11 
1086 5 
1100 194 
1101 323 
1109 65 
1118 23 
1122 46 
1126 7719 
1128 212 
1136 849 
1140 261 
1146 407 
1153 304 
1163 904 
1171 80 
1183 344 
1191 375 
1209 619 
1212 271 
1212 707 
1218 216 
1219 286 
1224 67 
1229 86 
1237 219 
1247 1759 
1256 362 
1263 1480 
1277 113 
1281 129 
1290 215 
1297 1751 
1302 1311 
1312 273 
1317 1048 
1329 335 
1330 5 
1332 11 
1334 543 
1334 135 
1335 600 
1338 438 
1343 824 
1359 64 
1363 508 
1369 719 
1378 487 
1384 3015 
1386 31 
1402 72 
1413 257 
1424 4442 
1430 35 
1438 1461 
1442 0 
1446 875 
1451 0 
1452 94 
1455 208 
1466 2810 
1480 1387 
1484 763 
1485 5414 
1489 381 
1497 323 
1503 52 
1520 531 
1521 491 
1521 591 
1531 14 
1550 188 
1575 1359 
1585 194 
1587 16 
1592 27 
1592 40 
1593 123 
1597 797 
1607 4687 
1613 691 
1623 1906 
1629 55 
1629 159 
1642 308 
1643 87 
1647 235 
1651 245 
1657 2501 
1657 119 
1665 7843 
1667 613 
1692 348 
1698 3842 
1699 508 
1701 1830 
1714 9 
1726 34 
1746 17 
1754 1502 
1761 56 
1767 111 
1778 364 
1783 1846 
1783 121 
1784 237 
1786 160 
1791 352 
1794 84 
1803 1133 
1808 3573 
1811 213 
1833 3018 
1865 172 
1871 274 
1881 282 
1889 1764 
1893 653 
1897 77 
1899 78 
1920 360 
1922 5079 
1926 522 
1926 1188 
1932 364 
1953 37 
1956 146 
1975 489 
1975 1033 
1982 32 
2028 154 
2045 577 
2052 2983 
2068 3542 
2071 36 
2071 82 
2087 505 
2097 313 
2097 7575 
2098 111 
2113 984 
2116 2674 
2154 174 
2157 1 
2171 953 
2185 69 
2191 489 
2195 75 
2198 140 
2202 112 
2203 898 
2216 145 
2228 1764 
2229 132 
2239 105 
2265 233 
2283 107 
2283 200 
2286 683 
2292 103 
2302 54 
2313 7 
2327 1011 
2334 261 
2338 493 
2338 2356 
2360 708 
2385 659 
2387 3906 
2391 1305 
2417 745 
2442 7 
2444 27 
2445 602 
2450 65 
2451 104 
2461 16 
2485 1486 
2493 195 
2501 578 
2503 925 
2520 53 
2523 699 
2536 1968 
2540 14417 
2559 115 
2565 450 
2577 1594 
2591 266 
2606 379 
2608 8 
2613 1102 
2618 43 
2619 522 
2619 961 
2623 186 
2631 768 
2637 9835 
2643 50 
2690 994 
2705 516 
2711 156 
2716 974 
2720 1341 
2727 1493 
2742 56 
2763 53 
2769 37 
2779 3755 
2798 272 
2826 372 
2837 366 
2839 2208 
2856 143 
2864 34 
2871 1645 
2879 1268 
2885 2125 
2888 69 
2895 177 
2899 1711 
2920 472 
2940 159 
2956 29 
2961 1013 
2973 484 
2986 18 
2987 40 
2994 3753 
2997 76 
3010 1402 
3014 562 
3018 236 
3035 54 
3039 108 
3061 697 
3093 423 
3116 32 
3133 207 
3137 51 
3142 7 
3143 414 
3147 251 
3153 77 
3155 7448 
3165 831 
3171 34 
3178 4625 
3220 114 
3257 130 
3259 1975 
3267 187 
3276 122 
3300 385 
3306 104 
3315 226 
3324 1846 
3341 466 
3353 36 
3392 980 
3402 455 
3409 68 
3410 12 
3430 5 
3452 839 
3453 1260 
3457 1474 
3466 109 
3479 474 
3501 1691 
3510 2836 
3511 0 
3522 1196 
3535 491 
3562 799 
3564 1626 
3573 1671 
3591 311 
3595 28 
3597 1480 
3599 590 
3609 230 
3614 1691 
3634 3731 
3637 2663 
3643 254 
3645 144 
3646 1918 
3648 807 
3656 156 
3663 107 
3687 482 
3689 500 
3711 3603 
3716 1042 
3725 44 
3740 527 
3755 348 
3758 1135 
3774 2054 
3774 22666 
3775 1167 
3782 1289 
3797 6 
3806 4062 
3811 1428 
3827 687 
3833 681 
3852 1450 
3871 4 
3876 0 
3877 404 
3879 464 
3924 357 
3927 52 
3960 148 
3964 105 
3989 135 
3999 760 
4044 237 
4061 1173 
4071 293 
4072 628 
4091 160 
4092 1496 
4106 33 
4131 1276 
4163 35 
4166 4420 
4166 238 
4202 226 
4203 2770 
4204 3122 
4212 540 
4218 801 
4232 251 
4255 209 
4264 21 
4269 415 
4282 767 
4308 169 
4338 283 
4339 61 
4343 138 
4360 225 
4395 956 
4399 416 
4416 333 
4464 448 
4474 40 
4504 1695 
4525 116 
4527 361 
4560 66 
4575 72 
4592 2495 
4597 399 
4609 869 
4610 320 
4628 265 
4645 1485 
4646 232 
4663 12 
4671 70 
4700 916 
4705 271 
4706 2944 
4713 224 
4713 1934 
4725 91 
4748 13 
4759 669 
4767 34 
4775 371 
4803 131 
4831 195 
4847 636 
4888 628 
4924 18 
4930 105 
4931 608 
4971 21 
4988 2 
5014 1078 
5021 843 
5027 1240 
5048 2397 
5054 2626 
5077 1432 
5097 1145 
5110 8 
5136 3382 
5146 442 
5153 41 
5154 456 
5173 147 
5198 106 
5202 34 
5203 132 
5224 529 
5229 143 
5268 960 
5307 76 
5307 2308 
5352 96 
5364 808 
5380 15 
5383 358 
5399 5144 
5399 40 
5413 967 
5428 653 
5430 15 
5437 489 
5455 326 
5490 400 
5495 21 
5496 259 
5517 1014 
5572 1725 
5581 11 
5585 149 
5595 553 
5595 45 
5638 329 
5649 2370 
5669 513 
5689 6213 
5710 1658 
5743 228 
5765 1350 
5776 114 
5786 455 
5787 923 
5791 286 
5805 1179 
5824 21 
5849 61 
5907 174 
5909 220 
5922 56 
5925 84 
5963 127 
5982 228 
5985 1554 
5990 1015 
5992 402 
5998 1393 
6001 163 
6041 48 
6056 1002 
6067 476 
6081 67 
6084 32 
6087 79 
6115 6 
6117 3244 
6136 466 
6150 46 
6174 815 
6198 110 
6201 65 
6212 790 
6241 459 
6267 476 
6277 1259 
6283 107 
6303 57 
6315 1061 
6325 146 
6335 419 
6339 473 
6340 810 
6340 1747 
6368 243 
6376 251 
6410 4073 
6429 21 
6429 96 
6446 23 
6455 96 
6496 251 
6502 243 
6507 97 
6514 346 
6521 1301 
6551 48 
6551 475 
6560 16 
6564 63 
6582 172 
6590 190 
6594 692 
6634 605 
6646 140 
6659 20 
6660 858 
6662 928 
6678 80 
6693 252 
6703 278 
6719 225 
6722 3020 
6748 799 
6757 46 
6758 528 
6776 124 
6782 118 
6812 193 
6852 105 
6860 913 
6872 2964 
6872 79 
6884 62 
6915 49 
6921 292 
6933 156 
6938 1310 
6951 187 
6965 2933 
6965 1158 
6979 1298 
6980 167 
7002 295 
7010 1223 
7020 2299 
7046 141 
7048 769 
7051 1121 
7070 53 
7087 28 
7101 1431 
7114 131 
7115 30 
7120 1104 
7126 492 
7159 1201 
7160 999 
7163 7014 
7179 145 
7181 534 
7190 470 
7197 479 
7202 529 
7207 133 
7230 14 
7238 171 
7245 1541 
7274 2483 
7286 871 
7289 4067 
7293 86 
7295 459 
7319 42 
7331 96 
7335 2813 
7336 51 
7341 557 
7353 302 
7353 1889 
7361 1083 
7388 412 
7393 898 
7395 0 
7402 981 
7404 54 
7439 307 
7445 106 
7456 896 
7460 918 
7469 1755 
7473 365 
7495 954 
7502 18 
7520 262 
7527 249 
7530 42 
7542 137 
7612 119 
7625 252 
7626 1604 
7628 84 
7633 33 
7690 675 
7699 1735 
7720 1893 
7805 2010 
7810 301 
7869 33 
7870 335 
7888 1396 
7949 3039 
7965 54 
7982 876 
7982 47 
7994 2 
8026 22 
8038 6719 
8048 729 
8054 344 
8084 62 
8085 391 
8115 9 
8125 1978 
8125 329 
8137 295 
8191 1201 
8195 293 
8198 1626 
8213 8533 
8241 33 
8300 130 
8321 361 
8350 175 
8356 87 
8359 242 
8388 5856 
8424 638 
8425 1929 
8430 2476 
8479 100 
8508 58 
8520 263 
8538 44 
8557 121 
8580 1098 
8604 1097 
8607 679 
8608 314 
8614 187 
8619 303 
8656 1004 
8659 325 
8681 817 
8688 217 
8706 1403 
8739 2157 
8773 225 
8796 455 
8797 938 
8808 2689 
8842 2020 
8874 1563 
8880 536 
8884 508 
8885 185 
8895 692 
8902 6191 
8921 1187 
8936 4 
8937 324 
8946 94 
8973 96 
8981 177 
9029 3864 
9044 1388 
9053 7 
9053 108 
9056 604 
9075 1063 
9094 31 
9094 219 
9095 396 
9106 3379 
9117 456 
9133 9 
9142 1048 
9186 9 
9196 130 
9230 3791 
9257 6845 
9269 545 
9320 1350 
9360 424 
9370 433 
9382 75469 
9430 627 
9431 22 
9452 856 
9455 1227 
9458 517 
9468 567 
9485 2029 
9485 2029 
9488 243 
9500 157 
9544 129 
9546 1233 
9559 248 
9560 29383 
9561 881 
9570 1517 
9581 2074 
9589 1055 
9590 1096 
9590 208 
9611 1080 
9621 351 
9633 132 
9651 334 
9656 492 
9668 3985 
9688 199 
9696 86 
9710 1498 
9728 134 
9737 1684 
9764 1163 
9786 1145 
9838 201 
9856 567 
9858 304 
9887 686 
9927 412 
9943 336 
9943 454 
10006 14 
10030 333 
10059 300 
10109 772 
10121 1871 
10139 87 
10144 16 
10176 1056 
10236 77 
10255 151 
10305 2707 
10332 1631 
10363 769 
10375 1048 
10379 514 
10397 515 
10408 445 
10424 270 
10443 212 
10464 1031 
10473 72 
10484 143 
10521 0 
10525 1778 
10528 528 
10545 530 
10590 215 
10592 712 
10601 216 
10613 875 
10635 9147 
10665 573 
10684 6 
10743 149 
10816 134 
10820 1385 
10820 1385 
10869 129 
10869 129 
10888 878 
10888 878 
10897 1498 
10897 2043 
10902 1756 
10913 68 
10931 1373 
10959 198 
10960 433 
10978 1610 
10979 9 
10982 16 
10990 941 
10991 649 
11005 3217 
11012 364 
11014 908 
11023 16 
11029 1333 
11030 1734 
11049 458 
11061 2876 
11091 194 
11107 2311 
11113 557 
11123 206 
11143 7813 
11157 1356 
11184 2348 
11185 529 
11234 386 
11258 1200 
11262 93 
11270 791 
11303 1787 
11332 1156 
11338 2054 
11370 22 
11376 226 
11432 1330 
11475 219 
11501 466 
11540 748 
11543 1737 
11548 157 
11568 1174 
11577 200 
11585 1634 
11608 266 
11618 1833 
11628 49 
11687 1822 
11696 129 
11700 31 
11726 419 
11734 373 
11772 251 
11773 977 
11778 857 
11809 1149 
11819 524 
11836 5451 
11856 1220 
11860 1819 
11863 1055 
11879 459 
11881 322 
11891 2246 
11893 302 
11907 1654 
11921 63 
11923 62 
11938 405 
11960 10465 
11967 903 
11975 1034 
11976 10 
11989 77 
11999 229 
12003 2464 
12021 1014 
12040 234 
12050 258 
12059 454 
12075 2893 
12119 673 
12139 69 
12171 2745 
12193 516 
12215 158 
12228 1590 
12238 293 
12260 504 
12332 275 
12374 595 
12377 1220 
12400 265 
12421 1968 
12431 1720 
12432 340 
12462 61 
12491 285 
12507 396 
12514 102 
12521 14240 
12553 47 
12556 99 
12556 202 
12578 875 
12597 211 
12621 1064 
12649 475 
12665 1952 
12757 5 
12767 275 
12771 22 
12882 947 
12890 46 
12907 1000 
12907 563 
12920 458 
12946 213 
12970 125 
12988 179 
13002 2737 
13042 134 
13068 1681 
13112 157 
13168 1347 
13171 490 
13194 299 
13200 339 
13211 202 
13219 50 
13241 162 
13318 26 
13323 194 
13372 327 
13372 1610 
13418 1554 
13445 619 
13468 942 
13472 33 
13479 527 
13506 2279 
13526 573 
13530 2066 
13586 50 
13589 184 
13592 1079 
13619 18 
13653 130 
13661 73 
13666 273 
13725 1309 
13744 113 
13756 53 
13768 870 
13771 80 
13811 27 
13819 145 
13826 42 
13842 1153 
13871 384 
13893 1665 
13957 289 
13961 793 
13969 896 
13978 1385 
14025 207 
14053 3647 
14115 1289 
14124 175 
14134 178 
14181 797 
14191 16108 
14222 987 
14248 618 
14248 323 
14255 258 
14382 1600 
14414 392 
14439 781 
14440 189 
14468 1255 
14528 847 
14541 1634 
14547 1523 
14561 468 
14580 2734 
14592 279 
14603 6070 
14612 35 
14620 72 
14633 142 
14718 190 
14728 261 
14735 2187 
14764 124 
14766 1353 
14797 3196 
14797 1239 
14825 1645 
14829 540 
14850 5209 
14858 939 
14868 49 
14874 343 
14878 60 
14923 176 
14924 1508 
14938 1537 
14939 863 
14948 2170 
14949 89 
14950 253 
14994 1472 
14996 199 
15004 8091 
15005 693 
15009 1213 
15010 343 
15050 169 
15055 34 
15070 143 
15087 535 
15088 113 
15132 437 
15151 1113 
15161 2115 
15169 67 
15178 167 
15201 2143 
15204 307 
15216 1270 
15231 1155 
15257 2818 
15277 557 
15298 564 
15334 905 
15341 1380 
15370 348 
15375 31 
15398 37 
15452 347 
15462 2928 
15497 1120 
15505 602 
15527 699 
15547 82 
15547 1263 
15576 77 
15720 1386 
15730 2064 
15732 221 
15751 403 
15771 658 
15780 432 
15807 653 
15874 629 
15891 164 
15945 29 
15958 380 
15993 6813 
16035 73 
16046 2056 
16047 2291 
16048 975 
16050 323 
16079 98 
16114 158 
16114 11 
16126 1613 
16172 96 
16337 449 
16346 21 
16356 840 
16367 445 
16384 6538 
16424 112 
16431 1263 
16445 1407 
16451 2 
16487 398 
16493 1298 
16498 331 
16502 1560 
16519 5492 
16541 278 
16543 804 
16560 853 
16600 1115 
16614 751 
16631 470 
16666 167 
16704 1873 
16714 1817 
16755 1095 
16764 1505 
16832 28 
16836 332 
16849 1338 
16878 292 
16881 660 
16933 113 
16944 377 
16994 856 
17040 305 
17054 1508 
17061 241 
17067 240 
17097 640 
17153 1424 
17163 172 
17176 868 
17273 889 
17297 147 
17304 132 
17334 1400 
17369 879 
17399 106 
17427 253 
17451 487 
17482 1734 
17525 125 
17533 206 
17536 40 
17542 1 
17562 3690 
17575 1369 
17679 50 
17688 6 
17761 810 
17765 1429 
17771 916 
17802 99 
17807 9 
17812 491 
17866 851 
17867 348 
17867 719 
17869 947 
17876 3064 
17899 5965 
17917 336 
17922 300 
17965 654 
18013 2960 
18014 13630 
18077 89 
18091 342 
18102 650 
18121 738 
18129 184 
18203 2107 
18206 195 
18209 103 
18212 27 
18336 1180 
18396 143 
18411 113 
18423 713 
18468 1088 
18507 2514 
18511 136 
18522 2744 
18523 3667 
18567 288 
18569 864 
18577 200 
18600 285 
18614 2704 
18636 443 
18667 1214 
18825 844 
18833 742 
18908 886 
18939 194 
18951 56 
19002 1080 
19014 32 
19061 156 
19074 1045 
19092 333 
19104 533 
19107 1090 
19109 127 
19131 628 
19138 3817 
19155 521 
19181 2610 
19201 273 
19214 1473 
19218 639 
19254 315 
19280 634 
19296 708 
19316 306 
19332 74 
19334 3 
19338 622 
19357 68 
19370 339 
19379 1245 
19438 1152 
19445 83 
19460 1761 
19505 701 
19544 259 
19590 173 
19604 1116 
19638 71 
19640 11 
19641 1929 
19643 476 
19716 184 
19731 3270 
19815 104 
19888 219 
19907 470 
19935 228 
19943 1191 
19950 16 
19985 167 
19986 1656 
19993 4181 
20033 566 
20038 377 
20051 720 
20058 191 
20091 529 
20100 10 
20107 2566 
20110 4181 
20117 1014 
20127 4181 
20128 3086 
20132 547 
20133 460 
20140 459 
20155 1258 
20166 878 
20179 2070 
20215 623 
20233 46 
20235 534 
20312 1456 
20320 227 
20364 164 
20462 851 
20487 264 
20503 297 
20509 858 
20517 1050 
20518 295 
20568 610 
20580 462 
20638 8115 
20664 339 
20666 2315 
20678 310 
20683 1569 
20685 3571 
20731 473 
20758 642 
20780 34 
20787 6268 
20843 2290 
20859 166 
21223 574 
21267 327 
21305 68 
21310 111 
21341 107 
21388 409 
21411 83 
21417 1920 
21491 1732 
21555 993 
21555 394 
21623 933 
21649 103 
21670 25495 
21680 438 
21681 678 
21688 96 
21692 3625 
21708 2463 
21735 256 
21747 191 
21764 1662 
21783 1207 
21848 255 
21965 77 
21979 603 
21980 3773 
22014 1156 
22022 801 
22030 3546 
22061 662 
22087 119 
22091 14 
22137 37 
22145 446 
22208 245 
22226 871 
22348 284 
22387 8564 
22393 643 
22420 106 
22471 2230 
22489 5965 
22491 330 
22494 25238 
22498 1305 
22500 1133 
22502 3265 
22513 677 
22528 743 
22561 220 
22563 139 
22571 661 
22592 441 
22612 139 
22631 1507 
22638 263 
22840 1723 
22857 758 
22866 959 
22872 393 
22876 242 
22898 223 
22944 418 
22950 1169 
22961 1171 
23020 1830 
23024 3253 
23098 575 
23106 281 
23187 361 
23224 1488 
23242 983 
23251 1251 
23279 144 
23304 4784 
23341 622 
23366 45 
23384 394 
23386 4354 
23413 65 
23437 279 
23564 179 
23643 15 
23717 2139 
23755 3148 
23790 376 
23800 3431 
23819 103 
23829 882 
23840 92 
23849 8621 
23869 133 
23885 235 
23909 1559 
23975 1411 
23988 1576 
24009 557 
24017 243 
24052 548 
24073 183 
24086 3545 
24090 1707 
24093 1671 
24138 1572 
24142 1634 
24205 28752 
24210 783 
24254 3 
24334 157 
24341 2579 
24343 609 
24371 1359 
24378 321 
24388 663 
24437 258 
24439 98 
24447 3391 
24450 198 
24492 231 
24506 134 
24551 1488 
24572 441 
24626 431 
24684 318 
24754 2389 
24768 10948 
24832 13 
24838 2708 
24853 1905 
24876 1229 
24886 933 
24890 540 
24989 98 
25115 1322 
25161 1946 
25222 418 
25264 1153 
25295 1056 
25308 168 
25356 1381 
25369 59 
25373 1834 
25412 562 
25414 528 
25426 23 
25432 45 
25432 181 
25451 18 
25460 357 
25462 3309 
25473 68 
25496 2610 
25569 32 
25638 6 
25698 1589 
25723 536 
25734 1540 
25738 1361 
25740 453 
25755 778 
25820 464 
25897 8024 
25897 8024 
25909 3195 
25929 143 
25969 231 
26023 21 
26031 268 
26037 342 
26041 220 
26062 348 
26205 239 
26241 563 
26263 20 
26276 937 
26333 96 
26338 902 
26381 54 
26423 89 
26440 635 
26455 1121 
26472 502 
26494 270 
26504 1734 
26562 2 
26618 62 
26634 643 
26639 2433 
26777 16 
26788 0 
26790 90 
26928 860 
27055 169 
27127 2167 
27175 22 
27181 93 
27188 2113 
27243 653 
27270 1637 
27280 3 
27284 267 
27287 4400 
27406 998 
27435 131 
27438 155 
27552 1037 
27607 481 
27625 837 
27629 31 
27642 715 
27655 703 
27824 1305 
27824 1305 
27930 177 
27985 56 
27987 1093 
28048 1064 
28072 68 
28092 9 
28094 183 
28112 360 
28138 31 
28142 351 
28215 969 
28407 572 
28482 896 
28512 2165 
28581 176 
28656 879 
28743 1137 
28815 2764 
28837 118 
28837 409 
28857 698 
28910 82 
28930 915 
29007 126 
29118 2406 
29176 367 
29219 2276 
29325 740 
29331 756 
29445 301 
29454 307 
29469 270 
29558 454 
29593 72 
29599 1135 
29607 1620 
29641 37 
29702 90 
29753 0 
29778 661 
29794 553 
29914 47 
29995 816 
30057 48509 
30067 559 
30122 278 
30149 639 
30166 1604 
30176 1123 
30187 106 
30199 430 
30300 33 
30454 171 
30469 158 
30481 398 
30500 430 
30519 53 
30540 813 
30591 155 
30648 304 
30664 903 
30698 1225 
30707 560 
30725 217 
30777 5664 
30779 213 
30901 285 
30955 363 
30969 174 
31033 1320 
31038 1304 
31140 690 
31145 361 
31154 766 
31161 1489 
31182 238 
31192 358 
31216 967 
31222 1635 
31231 534 
31396 1934 
31500 1568 
31534 182 
31541 10 
31699 4865 
31790 697 
31894 104 
32085 1101 
32156 664 
32213 959 
32220 573 
32243 55 
32269 40 
32298 92 
32311 19266 
32325 158 
32382 1889 
32433 22 
32440 101 
32491 4211 
32673 524 
32844 1997 
32890 224 
32993 1613 
33003 244 
33171 259 
33198 723 
33300 1002 
33439 1351 
33493 580 
33496 700 
33534 5356 
33555 219 
33699 1941 
33992 174 
34216 213 
34338 2012 
34353 147 
34385 383 
34645 204 
34903 897 
35033 53 
35096 205 
35335 284 
35478 560 
35506 3816 
35528 401 
35608 764 
35757 655 
35802 384 
35821 6 
35839 654 
36047 12 
36140 827 
36165 631 
36169 1712 
36180 154 
36226 127 
36348 506 
36441 1643 
36480 1081 
36491 273 
36492 143 
36507 794 
36575 3 
36608 905 
36635 297 
36689 2368 
36755 202 
36914 1521 
37023 134 
37042 229 
37255 261 
37362 178 
37638 3475 
37738 2050 
37850 354 
37939 97 
37992 13 
38077 680 
38088 162 
38259 164 
38299 621 
38522 19 
38569 1554 
38769 990 
38860 946 
38898 1090 
39197 29 
39461 105 
39602 142 
39626 1298 
39743 5117 
39998 456 
40009 304 
41470 503 
41807 849 
41834 2387 
42397 2075 
42795 445 
42822 459 
42983 1006 
43031 4271 
43591 1462 
43733 8 
43960 1302 
44503 1374 
44713 3333 
44797 821 
45023 2170 
45201 1 
45593 86 
46264 220 
46362 36 
47325 449 
48598 834 
48790 597 
48802 1647 
51295 346 
51572 1778 
51709 284 
51821 1088 
51881 943 
52481 518 
52583 1543 
52614 87 
52624 2460 
53309 425 
53938 506 
54064 2751 
54065 166 
54350 625 
54722 2425 
54751 423 
55639 1369 
55646 599 
55759 2198 
55858 15564 
56007 520 
56261 9838 
56343 3122 
56351 2087 
56543 101 
57434 1161 
57658 1358 
57759 47 
57808 214 
57979 510 
58288 771 
58467 5315 
58524 2376 
58525 1502 
58741 583 
58743 357 
58744 95 
58757 547 
58798 2087 
58960 2710 
59003 14 
59014 407 
59163 598 
59574 429 
59645 2920 
59703 155 
59748 6285 
60007 1098 
60307 24016 
60413 2291 
60485 2041 
60496 1155 
60587 1279 
60699 1080 
60714 3732 
60777 248 
60959 179 
61234 2256 
61409 906 
61426 1579 
61947 109 
62521 805 
62595 807 
62622 203 
62791 99 
62862 421 
62867 299 
62876 197 
63047 1324 
63293 838 
63349 949 
63415 169 
63466 2202 
63482 3858 
63500 1999 
63560 355 
63573 750 
63636 1523 
63808 1909 
63865 158 
63888 414 
64142 698 
64179 648 
64345 1103 
64442 172 
64482 526 
64507 15128 
64632 5391 
64787 293 
64843 408 
65018 7102 
65136 1120 
65278 684 
65354 955 
65505 194 
65507 4138 
65754 269 
65986 428 
66317 1132 
66336 957 
66379 573 
66652 151 
66675 1716 
66713 42 
66983 259 
67125 129 
67162 842 
67244 221 
67260 1369 
67377 4508 
67378 9414 
67407 137 
67443 487 
67621 56 
67673 148 
67842 7988 
67859 2332 
67894 484 
68177 1466 
68186 108 
68337 6135 
68363 439 
68449 4822 
68545 837 
68882 9 
68950 783 
69373 16987 
69538 421 
69844 623 
69895 216 
70056 155 
70081 233 
70084 578 
70406 341 
70479 745 
70765 1890 
70792 156 
70898 129 
70949 536 
70985 1026 
71009 223 
71029 306 
71112 766 
71119 211 
71706 767 
71706 3995 
71883 1329 
71947 1089 
72056 512 
72334 2066 
72585 83 
72631 90 
72918 472 
73039 61 
73330 1278 
73443 5010 
73536 568 
73537 529 
73615 606 
73747 2954 
73807 2336 
73823 341 
74232 554 
74286 4157 
74527 332 
74794 691 
74973 117 
75049 3496 
75232 169 
75245 638 
75379 1623 
75627 286 
75687 467 
75753 1081 
75822 1213 
75828 2411 
75890 73 
75929 294 
75973 1514 
76021 1426 
76098 667 
76101 531 
76332 1432 
76393 333 
76538 110 
76552 130 
76578 699 
76724 667 
76798 3909 
76928 785 
77158 403 
77278 210 
77278 213 
77379 1242 
77419 712 
77421 475 
77431 704 
77449 213 
77534 1014 
77638 380 
77683 143 
77704 72 
77723 266 
77795 90 
77803 498 
77818 1429 
77834 218 
77949 34 
78013 1555 
78049 395 
78100 426 
78147 626 
78155 689 
78238 144 
78312 183 
78356 1310 
78361 65 
78382 832 
78430 1548 
78448 491 
78559 451 
78588 1256 
78610 211 
78754 250 
78848 205 
78920 234 
78969 395 
79023 588 
79058 850 
79081 283 
79106 240 
79120 782 
79277 1546 
79283 151 
79296 2436 
79508 80 
79509 178 
79545 523 
79601 726 
79706 1052 
79711 201 
79748 84 
79762 185 
79777 3417 
79987 1434 
80129 111 
80201 666 
80269 1765 
80381 1129 
80435 642 
80497 2432 
80809 2981 
80822 484 
80892 1668 
80900 785 
80947 302 
81019 1046 
81025 589 
81087 1676 
81170 91 
81177 27 
81233 4062 
81243 3051 
81285 6374 
81412 1101 
81514 2086 
81532 1291 
81546 376 
81872 533 
81892 375 
82341 27318 
82425 859 
82434 5637 
82790 809 
82799 1143 
83454 579 
83464 851 
83543 1471 
83582 1555 
83661 3815 
83738 242 
83780 182 
83783 267 
83968 950 
84074 1303 
84104 1363 
84217 71 
84261 1408 
84261 127 
84308 1151 
84682 167 
84724 820 
84774 241 
85076 596 
85087 1420 
85239 840 
85277 457 
85421 1349 
85583 1556 
85714 966 
85820 3049 
85892 656 
86164 180 
86257 405 
86306 1550 
86378 1295 
86555 901 
86625 107 
86855 185 
87062 966 
87062 966 
87170 523 
87364 242 
87495 1548 
87635 8974 
88037 189 
88179 226 
88205 3369 
88352 256 
88409 98 
88432 717 
88607 1413 
89192 143 
89451 7085 
89495 2664 
89963 1269 
89965 250 
90020 186 
90081 786 
90379 1430 
90666 253 
90745 3570 
91063 635 
91348 92 
91886 375 
92093 1359 
92123 789 
92233 631 
92348 1096 
92423 251 
92467 2888 
92587 1272 
92597 197 
92789 1855 
92941 850 
93331 597 
93388 717 
93495 334 
93499 322 
93565 478 
93615 182 
93677 121 
93766 355 
93802 172 
93950 253 
94063 1232 
94219 764 
94322 456 
94466 122 
94520 5403 
94546 971 
94798 928 
95113 2490 
95211 1518 
95378 1001 
95495 1749 
95671 2181 
95832 134 
96190 450 
96416 522 
96652 469 
97095 567 
97297 824 
97317 631 
97610 1660 
97881 2969 
98374 1896 
99212 282 
99496 67 
99556 2367 
99914 973 
99920 223 
99968 1273 
100053 1193 
100130 309 
112051 106 
112414 26 
112658 207 
112687 152 
112804 279 
112969 290 
113083 2596 
113130 2076 
113545 218 
114247 1049 
114367 793 
114506 433 
115078 170 
115766 4184 
115863 918 
115932 1655 
116574 1794 
116880 706 
117020 874 
117320 111 
117621 1302 
118142 3005 
118424 251 
118582 478 
120399 817 
120421 350 
120805 352 
123054 123 
123235 137 
125356 100 
125479 15 
126506 1722 
127633 195 
129658 316 
131551 163 
133205 1156 
134771 1019 
140979 462 
146337 596 
146337 596 
146457 39 
147424 1019 
147456 196 
147457 1021 
147865 769 
153903 933 
154812 285 
154863 1010 
155264 1136 
155873 270 
157453 1424 
157534 260 
159156 679 
160954 3135 
161234 2561 
161234 77 
161757 198 
162067 737 
162205 1117 
162493 33 
163874 234 
164709 490 
164771 1229 
164862 1678 
164881 1370 
164882 41 
165343 735 
166033 8 
167292 124 
167583 766 
167824 397 
168243 1165 
168469 467 
168856 2507 
168985 2216 
169568 319 
169881 2361 
171164 1741 
172368 381 
172568 1447 
172908 1032 
172919 400 
174435 1198 
174446 153 
174470 28 
175100 565 
175374 348 
175722 45 
176625 1589 
177020 1539 
177046 79 
177172 47 
177227 894 
177947 82 
178687 229 
178786 79 
178864 475 
178874 256 
179649 245 
180386 283 
180419 813 
181487 80 
181637 220 
181752 772 
182465 852 
182711 1307 
183010 1141 
184581 185 
184924 2268 
185264 65 
185470 335 
187750 369 
188092 2036 
188526 1538 
188902 1511 
190268 1602 
190799 1921 
190808 580 
191786 1264 
193057 179 
193466 58 
193718 684 
193867 2573 
193926 954 
194980 114 
196882 132 
197108 3560 
197529 292 
200049 2148 
201017 4573 
201049 296 
201487 277 
201581 654 
203367 275 
203730 164 
203963 336 
204219 553 
206682 6210 
206726 534 
210565 354 
212688 1024 
213666 260 
216507 73 
217320 306 
232525 275 
237897 1454 
239782 1107 
245082 830 
245204 2328 
245960 914 
246981 269 
247239 795 
247309 406 
247407 2010 
247559 1320 
249774 1330 
251038 2504 
251062 756 
251069 1092 
252929 614 
253963 3072 
254139 786 
254156 246 
254229 787 
255331 335 
255685 287 
257026 11 
257505 61 
259367 201 
259531 302 
261742 97 
263733 230 
264274 892 
265060 304 
268927 610 
269794 87 
269998 3358 
270535 257 
271323 200 
274869 196 
275395 235 
279785 1759 
279972 25108 
280062 488 
280062 488 
280185 557 
280208 461 
283691 1348 
283737 192 
285344 1711 
286791 210 
287741 243 
289386 278 
290407 929 
294309 396 
297120 148 
299710 1385 
302554 1114 
321086 565 
321516 503 
330192 465 
330597 41 
333711 545 
335681 1123 
336544 1708 
346895 227 
353984 2312 
354277 191 
354712 577 
356528 279 
359130 90 
361413 324 
367263 645 
373000 1571 
379109 408 
379158 184 
394346 113 
411701 236 
412433 47 
423642 645 
425762 57 
426734 1386 
433439 299 
433985 6580 
437108 297 
439720 10413 
452926 2665 
491213 528 
491253 1490 
506056 411 
511088 231 
511759 2350 
520120 1542 
520532 5 
522667 2620 
524294 385 
550773 360 
561134 270 
562810 238 
581083 109 
601301 418 
603008 1490 
603037 144 
