3838 1.07075231481
0 6345 
20 131 
23 144 
26 140 
33 1230 
36 153 
42 270 
44 2587 
48 380 
76 415 
81 490 
92 102 
92 601 
110 299 
115 253 
145 362 
156 148 
166 1360 
171 251 
224 174 
275 70 
315 163 
325 2661 
336 383 
365 2108 
398 248 
405 1068 
430 1164 
448 338 
485 399 
504 1733 
534 787 
546 481 
549 49 
617 205 
733 658 
751 42 
761 547 
827 71 
1181 439 
1245 103 
1300 1767 
1314 177 
1352 651 
1371 793 
1464 236 
1499 68 
1536 287 
1845 41 
2306 40 
2339 606 
2357 906 
2364 188 
2374 76 
2376 87 
2386 394 
2443 687 
2526 52 
2562 34 
2681 30 
2796 65 
3164 60 
3232 294 
3346 15 
3665 227 
3694 366 
3754 155 
4102 490 
4186 970 
4204 368 
4222 308 
4260 354 
4338 551 
4345 202613 
4361 29 
4363 1060 
4368 39 
4374 551 
4375 103 
4376 148 
4377 305 
4380 125 
4382 1209 
4382 622 
4383 141 
4383 210 
4384 1168 
4384 1387 
4385 172 
4386 207 
4386 135 
4386 187 
4389 491 
4392 149 
4395 106 
4396 115 
4396 30 
4397 1157 
4398 106 
4399 304 
4402 488 
4403 148 
4404 54 
4406 172 
4407 173 
4407 393 
4411 135 
4412 879 
4417 4115 
4418 248 
4418 360 
4419 178 
4422 1601 
4423 27 
4423 621 
4426 610 
4428 162 
4429 92 
4429 521 
4430 35 
4432 962 
4433 340 
4434 91 
4434 174 
4434 200 
4435 549 
4435 307 
4437 174 
4441 1632 
4441 211 
4443 40 
4443 160 
4445 181 
4451 51 
4456 246 
4459 363 
4459 325 
4459 61 
4461 539 
4464 266 
4464 544 
4465 449 
4466 197 
4468 84 
4469 512 
4470 360 
4475 135 
4481 79 
4481 666 
4482 259 
4484 83 
4488 65 
4488 83 
4488 364 
4497 296 
4500 287 
4504 967 
4504 42 
4509 269 
4515 50 
4523 67 
4526 97 
4535 104 
4542 75 
4543 72 
4544 84 
4556 121 
4557 65 
4558 458 
4559 320 
4560 700 
4561 641 
4565 401 
4571 610 
4573 151 
4573 348 
4575 125 
4581 400 
4589 53 
4589 785 
4591 462 
4605 406 
4608 142 
4612 226 
4615 166 
4616 430 
4628 172 
4635 339 
4642 107 
4643 256 
4644 597 
4644 245 
4648 163 
4662 31 
4668 478 
4674 167 
4674 207 
4682 145 
4685 33 
4688 313 
4689 124 
4700 212 
4707 328 
4708 498 
4709 114 
4728 338 
4733 240 
4733 228 
4737 41 
4738 149 
4745 68 
4746 307 
4749 353 
4758 255 
4760 599 
4760 79 
4762 110 
4768 177 
4776 13 
4788 266 
4791 246 
4796 52 
4798 178 
4801 47 
4814 104 
4835 248 
4850 25 
4852 368 
4853 192 
4855 816 
4865 319 
4873 365 
4883 178 
4883 287 
4884 121 
4898 154 
4899 290 
4900 25 
4906 74 
4916 87 
4917 810 
4934 603 
4952 64 
4966 1032 
4975 204 
4976 251 
4986 160 
4997 85 
5002 47 
5021 1159 
5043 134 
5046 603 
5052 240 
5060 95 
5073 16 
5076 108 
5081 73 
5092 1696 
5095 947 
5099 412 
5099 218 
5106 475 
5109 608 
5111 616 
5113 175 
5130 405 
5132 103 
5139 559 
5141 160 
5144 761 
5152 487 
5152 121 
5156 676 
5160 412 
5161 74 
5167 23 
5170 10 
5178 160 
5185 1281 
5194 206 
5201 48 
5201 124 
5208 183 
5220 242 
5223 253 
5247 138 
5247 68 
5256 202 
5257 206 
5262 58 
5269 140 
5295 10 
5313 114 
5334 279 
5355 169 
5392 273 
5423 785 
5425 186 
5441 236 
5442 622 
5443 829 
5455 23 
5490 403 
5501 16 
5503 136 
5506 74 
5510 428 
5524 466 
5526 35 
5534 146 
5534 33 
5542 157 
5549 102 
5551 129 
5559 114 
5581 303 
5582 219 
5585 394 
5590 125 
5591 131 
5593 234 
5599 117 
5607 518 
5611 139 
5614 621 
5624 3 
5658 49 
5667 43 
5674 146 
5677 76 
5681 414 
5685 137 
5696 134 
5708 269 
5723 277 
5739 132 
5744 90 
5762 154 
5767 115 
5769 113 
5771 87 
5785 289 
5788 375 
5801 227 
5806 120 
5807 145 
5822 88 
5822 33 
5827 168 
5848 1 
5850 146 
5858 172 
5866 15 
5878 164 
5880 6240 
5884 222 
5903 177 
5913 67 
5921 219 
5930 134 
5933 74 
5945 105 
5952 195 
5958 318 
5965 98 
5972 89 
5980 355 
5980 190 
5982 57 
5991 16078 
5991 34 
5997 10 
5997 117 
5998 2219 
6002 416 
6009 77 
6012 74 
6037 569 
6042 83 
6050 78 
6058 739 
6069 79 
6075 25 
6077 538 
6082 105 
6090 856 
6097 1333 
6131 20 
6137 12 
6166 72 
6168 13 
6195 11 
6202 312 
6209 434 
6212 246 
6220 49 
6226 115 
6230 863 
6238 71 
6245 56 
6252 426 
6258 872 
6267 141 
6274 48 
6277 620 
6284 90 
6284 147 
6288 341 
6289 818 
6291 545 
6293 53 
6298 94 
6301 167 
6311 50 
6328 48 
6330 76 
6349 183 
6350 126 
6378 730 
6389 94 
6396 225 
6398 39 
6398 191 
6404 890 
6452 155 
6463 39 
6467 47 
6476 76 
6478 11 
6481 94 
6491 583 
6501 90 
6502 273 
6505 88 
6508 26 
6509 93 
6522 281 
6529 53 
6537 135 
6548 233 
6558 76 
6567 55 
6570 81 
6575 35 
6591 36 
6598 229 
6610 39 
6612 46 
6651 57 
6658 94 
6677 1514 
6682 23 
6688 53 
6696 381 
6700 27 
6711 69 
6716 86969 
6719 47 
6728 284 
6739 1334 
6741 367 
6746 210 
6746 1513 
6757 62 
6757 975 
6760 145 
6760 195 
6764 6 
6769 106 
6775 130 
6775 332 
6777 889 
6779 184 
6780 226 
6785 349 
6789 16 
6809 302 
6815 8 
6817 2 
6818 139 
6821 334 
6821 206 
6822 193 
6825 107 
6841 36 
6846 206 
6850 26 
6857 136 
6869 88 
6872 164 
6882 448 
6884 478 
6892 32 
6894 162 
6894 486 
6902 124 
6903 646 
6906 104 
6907 1268 
6911 173 
6915 93 
6917 345 
6922 57 
6937 30 
6942 1488 
6942 57 
6946 162 
6947 110 
6948 93 
6955 228 
6957 167 
6973 9 
6976 191 
6997 109 
7026 227 
7030 349 
7031 97 
7031 65 
7032 1110 
7039 64 
7042 54 
7047 92 
7056 147 
7084 322 
7086 4 
7088 43 
7100 1054 
7113 64 
7113 128 
7113 196 
7113 463 
7128 178 
7138 248 
7138 102 
7142 132 
7149 182 
7152 73 
7160 463 
7190 115 
7191 69 
7195 180 
7198 327 
7205 264 
7215 161 
7215 487 
7220 307 
7234 111 
7236 164 
7239 185 
7251 68 
7268 37 
7274 76 
7278 81 
7290 289 
7296 174 
7307 664 
7313 50 
7326 595 
7329 78 
7332 21 
7336 256 
7341 35 
7349 29 
7373 493 
7375 134 
7378 45 
7381 64 
7409 46 
7420 2519 
7421 81 
7422 120 
7423 36 
7425 163 
7447 51 
7452 158 
7455 28 
7458 38 
7463 102 
7469 210 
7475 96 
7476 63 
7480 443 
7487 213 
7491 4 
7506 138 
7506 107 
7516 323 
7519 52 
7521 124 
7529 21 
7536 149 
7537 129 
7548 304 
7551 12 
7552 161 
7556 193 
7559 153 
7573 1312 
7573 167 
7575 87 
7599 251 
7602 183 
7608 1030 
7614 618 
7615 68 
7622 291 
7638 98 
7650 3581 
7653 263 
7690 1446 
7692 251 
7708 151 
7720 16 
7735 217 
7739 28 
7740 333 
7744 217 
7749 7 
7756 610 
7758 43 
7761 75 
7763 487 
7768 19 
7785 51 
7809 643 
7809 92 
7825 78 
7829 70 
7836 213 
7837 75 
7841 80 
7841 82 
7841 9 
7851 181 
7877 846 
7878 585 
7880 350 
7883 66 
7887 1181 
7889 114 
7891 1130 
7900 46 
7909 4137 
7924 119 
7934 64 
7937 171 
7963 113 
7965 12 
7969 5 
8005 351 
8018 43 
8023 95 
8032 311 
8033 69 
8061 242 
8065 68 
8074 166 
8100 15 
8104 84 
8142 670 
8148 72 
8150 207 
8181 60 
8186 37 
8191 37 
8191 0 
8197 407 
8201 72 
8213 332 
8220 1194 
8234 15 
8247 599 
8255 225 
8260 144 
8269 201 
8273 301 
8283 31 
8290 31 
8293 345 
8299 1 
8307 119 
8313 56 
8314 22 
8322 138 
8323 342 
8325 438 
8326 80 
8338 136 
8346 235 
8352 42 
8355 33 
8358 99 
8377 179 
8381 131 
8385 26 
8408 284 
8409 267 
8418 118 
8438 194 
8457 1729 
8469 18 
8470 16 
8481 87 
8485 127 
8486 24 
8514 141 
8518 282 
8523 64 
8527 289 
8530 26 
8548 796 
8568 7499 
8575 217 
8581 85 
8585 185 
8586 90 
8596 528 
8596 9 
8597 50 
8599 42 
8602 1178 
8606 330 
8613 293 
8614 25 
8625 389 
8627 26 
8640 742 
8643 89 
8655 50 
8657 97 
8660 208 
8665 3 
8677 216 
8688 1468 
8699 880 
8708 706 
8712 582 
8728 100 
8732 2359 
8746 70 
8751 105 
8761 345 
8770 19 
8803 1 
8819 280 
8827 142 
8829 274 
8836 27 
8837 36 
8847 92 
8861 715 
8897 21 
8912 10 
8914 302 
8917 100 
8945 167 
8945 298 
8945 418 
8946 26 
8948 25 
8951 20 
8957 86 
8959 0 
8970 28 
8982 45 
8990 130 
8993 46 
8996 82 
9012 61 
9014 323 
9016 237 
9016 73 
9019 9 
9021 114 
9030 186 
9038 35 
9050 58 
9054 43 
9082 244 
9117 387 
9122 41 
9125 27 
9130 82 
9136 30 
9141 169 
9141 17 
9152 140 
9164 25 
9164 53 
9167 81 
9176 92 
9176 144 
9180 22 
9180 112 
9194 419 
9197 145 
9203 277 
9222 126 
9266 254 
9280 156 
9299 64 
9308 45 
9309 112 
9321 1996 
9332 254 
9333 427 
9334 33 
9386 1071 
9400 314 
9416 36 
9419 39 
9419 385 
9425 296 
9449 678 
9452 152 
9471 59 
9476 248 
9485 221 
9530 1589 
9545 252 
9548 119 
9549 33 
9551 1062 
9558 10 
9558 4940 
9562 101 
9572 181 
9574 104 
9575 148 
9591 439 
9603 190 
9605 380 
9609 201 
9624 54 
9659 187 
9676 119 
9713 10 
9715 36 
9724 262 
9743 222 
9745 15 
9764 176 
9778 709 
9813 598 
9821 36 
9821 64 
9829 231 
9850 1105 
9856 127 
9862 557 
9874 1008 
9883 62 
9885 42 
9914 0 
9917 1179 
9918 231 
9926 67 
9934 181 
9938 47 
9941 27 
9949 1241 
9957 58 
9965 276 
9976 138 
9983 19 
9984 52 
10000 140 
10008 88 
10010 290 
10034 17 
10042 136 
10060 505 
10068 93 
10069 642 
10076 606 
10097 1318 
10102 1068 
10115 329 
10115 408 
10115 5 
10118 11 
10120 72 
10156 242 
10156 87 
10158 2 
10159 768 
10169 132 
10192 30 
10215 301 
10220 35 
10220 123 
10221 746 
10227 530 
10234 24 
10237 32 
10239 1099 
10240 108 
10242 40 
10243 53 
10243 767 
10261 471 
10283 210 
10291 468 
10293 891 
10301 143 
10317 924 
10321 38 
10341 177 
10353 31 
10370 222 
10391 93 
10402 246 
10410 39 
10434 181 
10438 202 
10472 360 
10478 55 
10483 65 
10484 153 
10487 233 
10491 191 
10492 219 
10498 109 
10510 147 
10519 191 
10520 46 
10528 25 
10531 91 
10540 245 
10547 67 
10570 72 
10581 74 
10606 356 
10610 95 
10625 99 
10639 334 
10640 23 
10653 433 
10680 67 
10685 384 
10696 690 
10697 103 
10699 527 
10704 749 
10707 66 
10712 193 
10715 50 
10722 81 
10746 270 
10753 105 
10773 932 
10790 417 
10811 142 
10812 302 
10826 55 
10827 530 
10848 33 
10852 359 
10869 64 
10870 453 
10872 36 
10886 113 
10893 52 
10896 162 
10916 109 
10921 19 
10922 38 
10927 1215 
10930 871 
10934 191 
10970 494 
10974 248 
10978 186 
10988 485 
10988 42 
11014 107 
11014 432 
11015 620 
11020 156 
11032 126 
11048 591 
11075 65 
11082 306 
11089 153 
11097 28 
11109 10 
11115 71 
11131 1118 
11135 9 
11142 33 
11143 96 
11145 151 
11175 99 
11194 500 
11201 92 
11242 236 
11286 143 
11290 243 
11292 85 
11293 44 
11316 622 
11328 602 
11328 54 
11343 186 
11371 78 
11373 33 
11376 33 
11385 320 
11404 529 
11431 95 
11437 695 
11454 350 
11459 25 
11461 47 
11470 56 
11493 44 
11500 261 
11502 343 
11503 106 
11504 44 
11505 167 
11511 10 
11512 227 
11514 67 
11518 1147 
11520 67 
11527 94 
11530 41 
11534 100 
11550 261 
11594 92 
11594 92 
11594 83 
11594 83 
11602 480 
11602 480 
11645 71 
11645 71 
11652 27 
11652 27 
11654 86 
11654 86 
11655 21 
11655 21 
11676 335 
11676 335 
11690 1987 
11707 21 
11737 865 
11750 200 
11759 650 
11770 21 
11795 517 
11800 2 
11805 122 
11821 157 
11828 314 
11841 469 
11846 16 
11886 130 
11898 598 
11908 398 
11934 24 
11939 20 
11942 105 
11951 18 
12006 387 
12024 54 
12035 406 
12053 475 
12115 218 
12147 189 
12159 481 
12190 132 
12203 264 
12203 984 
12216 5380 
12231 285 
12239 500 
12247 721 
12263 112 
12272 784 
12276 4860 
12279 17 
12296 442 
12312 186 
12314 2 
12315 64 
12331 134 
12361 60 
12412 55 
12415 42 
12428 498 
12431 257 
12432 18 
12438 245 
12439 286 
12443 1662 
12466 146 
12480 63 
12489 68 
12496 104 
12523 86 
12533 79 
12552 177 
12574 156 
12580 360 
12589 343 
12594 133 
12605 189 
12607 195 
12624 16 
12628 353 
12631 12 
12643 107 
12654 72 
12662 43 
12673 144 
12708 34 
12720 27 
12745 65 
12781 248 
12793 386 
12811 71 
12812 9 
12817 59 
12855 160 
12860 142 
12880 31 
12889 175 
12911 116 
12922 39 
12924 67 
12939 98 
12942 1475 
12947 187 
12956 76 
12956 24 
12973 27 
12991 77 
12993 175 
12995 46 
13012 7452 
13012 21 
13041 767 
13065 1885 
13069 704 
13090 110 
13097 4833 
13137 177 
13145 130 
13155 363 
13168 523 
13201 317 
13210 834 
13233 1136 
13238 213 
13257 16 
13263 331 
13267 47 
13288 202 
13342 351 
13349 479 
13366 42 
13369 22 
13372 81 
13372 144 
13372 121 
13400 234 
13429 30 
13431 63 
13432 153 
13436 20 
13436 727 
13446 136 
13448 135 
13451 408 
13458 934 
13480 3488 
13481 170 
13484 22 
13492 54 
13507 20 
13511 139 
13518 241 
13558 45 
13599 27 
13600 410 
13619 261 
13655 184 
13663 22 
13698 36 
13737 374 
13757 38 
13768 21 
13769 56 
13785 165 
13788 67 
13821 44 
13830 98 
13837 132 
13842 51 
13856 23 
13873 75 
13890 992 
13894 234 
13969 39 
13973 21 
13988 26 
14013 96 
14027 98 
14033 91 
14051 94 
14060 2045 
14159 118 
14199 169117 
14218 95 
14219 86 
14220 30 
14222 160 
14223 2160 
14229 213 
14236 133 
14238 565 
14247 563 
14247 302 
14247 66 
14248 1699 
14255 138 
14259 91 
14265 105 
14265 52 
14271 939 
14274 863 
14276 325 
14281 48 
14292 170 
14304 234 
14312 76 
14313 79 
14321 81 
14323 68 
14324 300 
14325 244 
14325 124 
14338 1224 
14348 64 
14361 175 
14366 191 
14370 404 
14379 90 
14384 622 
14386 902 
14390 150 
14393 98 
14406 568 
14411 185 
14413 3553 
14452 23 
14459 132 
14466 182 
14467 273 
14478 285 
14494 878 
14509 232 
14511 135 
14525 293 
14545 316 
14545 932 
14555 10237 
14562 15 
14566 73 
14578 277 
14591 1349 
14608 846 
14613 151 
14646 260 
14651 6 
14658 732 
14662 149 
14664 3037 
14670 254 
14672 132 
14682 276 
14683 185 
14701 572 
14731 134 
14742 707 
14762 281 
14769 540 
14783 324 
14785 362 
14807 1401 
14814 736 
14822 534 
14830 15 
14831 72 
14836 237 
14851 144 
14901 135 
14903 102 
14914 202 
14926 220 
14936 161 
14939 46 
14964 179 
14992 37 
15003 3417 
15017 85 
15038 766 
15044 274 
15079 1037 
15090 1087 
15095 87 
15099 225 
15129 258 
15139 157 
15156 372 
15171 88 
15178 120 
15189 189 
15195 39 
15196 31 
15220 248 
15236 1272 
15243 25 
15250 1246 
15257 981 
15259 68 
15263 202 
15281 127 
15282 149 
15290 57 
15316 16 
15351 19 
15360 43 
15369 67 
15369 402 
15384 301 
15390 132 
15398 56 
15402 129 
15414 1024 
15418 41 
15424 473 
15427 301 
15482 212 
15483 422 
15514 143 
15520 244 
15522 225 
15543 610 
15549 75 
15554 47 
15563 82 
15581 696 
15599 69 
15608 103 
15620 198 
15626 63 
15633 41 
15666 122 
15686 36 
15690 214 
15709 203 
15726 264 
15735 29 
15754 48 
15773 289 
15778 71 
15814 124 
15830 191 
15836 251 
15840 45 
15848 200 
15862 321 
15868 200 
15893 151 
15940 168 
15943 82 
15971 379 
15994 547 
16000 130 
16013 55 
16030 535 
16074 317 
16090 42 
16118 119 
16120 283 
16129 220 
16134 63 
16160 49 
16160 219 
16203 55 
16205 171 
16216 222 
16217 304 
16226 50 
16247 11 
16309 165 
16326 466 
16358 64 
16381 50 
16451 88 
16522 5 
16528 723 
16560 1539 
16591 77 
16608 193 
16645 100 
16706 99 
16737 51 
16846 6 
16951 5 
17091 109 
17155 62 
17156 230 
17190 50 
17367 201 
17369 619 
17398 454 
17545 325 
17611 95 
17649 591 
17709 6641 
17833 188 
17881 873 
17931 58 
18004 49 
18409 104 
18412 72 
18428 357 
18443 50 
18560 65 
18600 209 
18715 214 
18821 111 
18845 70 
18856 162 
19007 212 
19167 139 
19241 205 
19550 248 
19719 89 
19733 36 
19958 41 
20341 37 
20471 86 
20511 44 
20687 307 
20691 38 
20801 202892 
20821 890 
20835 359 
20839 530 
20846 780 
20855 1302 
20887 130 
20891 364 
20899 802 
20913 365 
20933 348 
20959 108 
20964 856 
20969 555 
20978 295 
20998 142 
20999 752 
21011 615 
21011 140 
21016 195 
21019 171 
21040 983 
21079 106 
21080 235 
21080 328 
21082 62 
21118 338 
21124 280 
21125 306 
21126 34 
21127 270 
21153 171 
21188 70 
21194 119 
21202 2574 
21216 69 
21218 17 
21237 36 
21241 31 
21271 70 
21274 57 
21278 89 
21284 1428 
21312 1538 
21323 86 
21335 171 
21370 182 
21378 1851 
21383 39 
21383 2570 
21434 103 
21434 1229 
21459 290 
21465 45 
21466 179 
21466 42 
21505 445 
21519 31 
21533 233 
21538 1088 
21544 112 
21545 1487 
21547 47 
21558 829 
21594 91 
21605 48 
21687 246 
21699 613 
21711 118 
21961 95 
21964 333 
21990 370 
22072 74 
22085 338 
22163 477 
22206 101 
22222 43 
22286 74011 
22302 948 
22340 531 
22363 99 
22384 42 
22419 52 
22453 14 
22546 179 
22643 145 
22696 383 
22731 235 
22775 602 
22878 2297 
22881 78 
22929 1026 
22977 56 
22980 490 
23067 78 
23098 406 
23101 86 
23181 306 
23249 623 
23280 173 
23303 451 
23386 8 
23878 123 
23997 31 
24265 29 
24506 516 
24564 128 
24910 176 
24935 149 
24979 32 
26067 237 
26480 16 
26748 91 
27039 12 
27164 191 
27207 62 
27429 37 
27646 188 
27705 6 
27722 50 
27915 479 
27941 202890 
27991 290 
27993 309 
27995 142 
27999 213 
28000 454 
28001 594 
28004 397 
28061 434 
28070 2202 
28093 1284 
28098 99 
28104 176 
28139 231 
28142 172 
28156 1047 
28159 577 
28206 455 
28227 382 
28245 97 
28248 620 
28270 139 
28314 90 
28336 573 
28365 251 
28511 72 
28525 149 
28627 165 
28865 184 
28982 65 
29049 188 
29189 50 
29255 1050 
29256 1082 
29366 586 
29917 20 
30003 353 
30023 321 
30395 179 
30522 313 
30527 12 
30564 181 
30660 1661312 
30669 769 
30677 212 
30677 160 
30679 43 
30691 194 
30699 574 
30703 63 
30706 70 
30707 574 
30709 149 
30712 180 
30719 214 
30728 116 
30728 132 
30729 125 
30730 433 
30730 224 
30735 34 
30738 15 
30738 26 
30741 251 
30747 46 
30748 39 
30749 16 
30749 58 
30751 231 
30753 32 
30753 47 
30756 209 
30756 59 
30758 54 
30758 168 
30760 656 
30761 114 
30761 698 
30764 166 
30764 284 
30766 78 
30775 65 
30776 130 
30778 182 
30778 35 
30779 7 
30780 262 
30785 745 
30785 11 
30786 47 
30786 99 
30789 36 
30789 115 
30790 192 
30791 277 
30796 467 
30798 244 
30799 9 
30803 250 
30804 117 
30816 526 
30819 305 
30819 117 
30820 110 
30832 144 
30836 86 
30844 40 
30847 59 
30849 83 
30850 147 
30856 116 
30858 89 
30867 154 
30870 119 
30876 229 
30886 204 
30890 20 
30891 206 
30894 135 
30903 427 
30906 107 
30906 139 
30907 260 
30912 20 
30918 977 
30921 341 
30922 780 
30922 18 
30927 30 
30932 128 
30932 3782 
30939 29 
30940 10 
30943 157 
30945 12 
30956 1141 
30958 101 
30962 28 
30962 1161 
30966 64 
30969 91 
30972 21 
30972 432 
30974 7786 
30975 29 
30980 77 
30981 77 
30990 421 
30993 57 
30994 274 
30995 28 
30997 537 
30999 351 
31003 178 
31005 492 
31005 3874 
31007 357 
31008 143 
31011 46 
31013 89 
31015 194 
31036 563 
31038 195 
31041 47 
31042 2569 
31043 550 
31043 304 
31043 275 
31045 489 
31046 193 
31049 6 
31049 45 
31050 48 
31052 50 
31054 280 
31055 205 
31059 13 
31062 97 
31068 106 
31073 336 
31081 44 
31097 77 
31098 90 
31102 111 
31106 2404 
31112 208 
31114 154 
31123 10 
31132 62 
31134 22 
31145 69 
31157 2 
31163 173 
31166 133 
31177 24 
31178 81 
31180 198 
31196 670 
31207 43 
31218 319 
31230 356 
31233 62 
31238 107 
31247 153 
31249 83 
31277 171 
31282 79 
31296 110 
31301 33 
31304 198 
31313 44 
31319 127 
31322 124 
31331 168 
31331 46 
31332 1 
31338 153 
31345 86 
31346 2 
31347 71 
31348 46 
31349 169 
31350 30 
31364 27 
31364 172 
31373 79 
31374 62 
31381 106 
31399 159 
31401 65 
31405 23 
31406 391 
31412 133 
31428 103 
31428 14 
31431 24 
31437 333 
31442 53 
31469 307 
31472 918 
31482 302 
31494 24 
31500 117 
31502 438 
31522 94 
31528 15 
31540 25 
31544 67 
31545 74 
31546 89 
31572 10 
31575 68 
31580 149 
31591 32 
31598 783 
31600 34 
31604 121 
31615 994 
31617 65 
31632 268 
31633 55 
31644 83 
31651 85 
31659 927 
31664 882 
31669 15 
31672 1339 
31677 132 
31681 7417 
31694 116 
31696 352 
31705 475 
31705 355 
31715 160 
31716 52 
31723 190 
31726 600 
31737 56 
31755 12 
31765 30 
31766 3712 
31772 386 
31779 2 
31779 9 
31784 45 
31784 584 
31795 62 
31800 80 
31813 41 
31822 57 
31845 1265 
31850 1 
31857 1643 
31861 2278 
31868 77 
31901 17 
31906 101 
31907 101 
31920 23 
31923 41 
31943 685 
31947 5591 
31967 110 
31978 132 
31981 8 
31981 40 
31999 0 
31999 79 
32002 161 
32003 163 
32005 48277 
32006 1170 
32013 1384 
32019 131 
32028 42 
32029 111 
32047 43 
32048 39 
32054 156 
32075 11 
32082 50 
32087 5 
32093 195 
32095 389 
32095 276 
32096 77 
32102 532 
32102 34 
32110 65 
32121 41 
32122 4 
32123 325 
32141 163 
32142 110 
32154 23 
32155 10 
32159 80 
32165 49 
32167 244 
32184 200 
32201 14 
32205 233 
32207 53 
32238 77 
32246 16 
32248 53 
32259 39 
32272 214 
32275 115 
32296 37 
32306 50 
32307 29 
32313 44 
32327 19 
32335 154 
32338 229 
32345 1727 
32362 36 
32367 90 
32382 3 
32386 241 
32388 46 
32393 45 
32399 55 
32399 84 
32401 121 
32411 242 
32412 85 
32413 459 
32416 337 
32431 78 
32455 138 
32467 74 
32469 40 
32487 96 
32492 31 
32498 64 
32500 64 
32502 45 
32506 269 
32507 4 
32512 75 
32513 1666 
32537 42 
32542 42 
32550 0 
32586 64 
32594 97 
32604 13 
32611 23 
32624 88 
32669 36 
32670 106 
32677 13 
32679 8 
32686 200 
32698 353 
32748 41 
32756 52 
32762 17 
32784 28 
32786 27 
32786 428 
32828 49 
32830 39 
32839 39 
32843 215 
32850 522 
32881 243 
32894 19 
32906 199 
32919 407 
32922 109 
32947 3 
32951 152 
32954 50 
32984 11 
32985 59 
32997 34 
33004 1053 
33007 96 
33032 48 
33033 33 
33076 8 
33117 1277 
33133 86 
33170 391 
33188 17 
33221 137 
33228 17 
33254 46 
33307 276 
33342 27 
33344 4 
33348 353 
33356 147 
33365 24 
33374 166 
33381 64 
33387 164 
33394 65 
33399 9 
33406 2 
33410 2 
33432 112 
33433 30 
33439 61 
33446 130 
33466 14 
33470 44 
33478 219 
33479 21 
33491 7 
33498 27 
33516 8 
33557 73 
33564 20 
33598 95 
33615 126 
33657 1099 
33662 2 
33682 39 
33683 229 
33689 34 
33711 27 
33726 81 
33738 12 
33750 92 
33751 437 
33760 201 
33760 95 
33766 37 
33779 114 
33783 39 
33792 48 
33794 18 
33807 98 
33825 45 
33845 143 
33852 53 
33864 62 
33864 19 
33926 24 
33949 14 
33952 195 
33969 136 
33998 81 
34000 101 
34002 8 
34010 306 
34024 19 
34030 83 
34040 29 
34090 30 
34102 20 
34138 66 
34139 73 
34156 46 
34171 43 
34206 117 
34231 89 
34247 784 
34272 5 
34283 496 
34329 79 
34330 14 
34428 7 
34455 78 
34467 37 
34489 167 
34525 112 
34541 184 
34589 615 
34590 15 
34608 29 
34630 332 
34651 40 
34658 89 
34667 52 
34673 237 
34709 43 
34715 7 
34715 22 
34777 4 
34784 12 
34784 100 
34809 24 
34823 20 
34823 33 
34828 20 
34830 172 
34840 16 
34842 147 
34936 120 
34937 191 
34952 90 
34964 46 
34967 52 
34995 158 
35035 4 
35038 19 
35071 126 
35085 123 
35146 25 
35155 51 
35156 100 
35235 16 
35279 24 
35285 27 
35288 196 
35324 408 
35329 2 
35340 62 
35341 19 
35345 21 
35406 169 
35428 60 
35431 94 
35443 88 
35453 20 
35486 54 
35628 200 
35628 114 
35662 12 
35671 101 
35703 170 
35704 6 
35711 61 
35724 64 
35728 20 
35768 126 
35777 11 
35813 201 
35867 175 
35884 106 
35885 55 
35889 188 
35908 326 
35918 37 
35928 65 
35974 17 
36021 4511 
36026 44 
36054 13 
36077 155 
36132 123 
36149 12 
36159 195 
36163 10 
36166 6 
36171 28 
36195 63 
36272 311 
36279 35 
36296 27 
36324 285 
36351 51 
36354 58 
36379 28 
36470 213 
36475 65 
36564 5 
36580 7 
36626 105 
36631 35 
36647 9 
36690 96 
36715 59 
36733 2 
36740 188 
36749 64 
36859 112 
36882 57 
36923 81 
36929 34 
36934 227 
36972 67 
37049 91 
37055 85 
37108 51 
37150 173 
37189 212 
37238 344 
37246 27 
37288 36 
37297 131 
37333 65 
37348 52 
37360 60 
37378 2 
37389 7 
37393 0 
37406 558 
37475 44 
37495 39 
37530 76 
37554 8 
37591 36 
37607 25 
37624 187 
37660 19 
37676 55 
37688 47 
37729 144 
37729 87 
37731 82 
37737 3 
37758 58 
37770 83 
37833 53 
37898 34 
37929 106 
37930 47 
37939 150 
37949 443 
37975 19 
38014 5 
38020 417 
38036 179 
38047 85 
38053 11 
38069 21 
38083 655 
38097 4 
38109 32 
38143 626 
38150 7 
38173 38 
38183 30 
38184 52 
38188 18 
38189 30 
38193 308 
38211 434 
38218 23 
38253 7 
38257 51 
38279 69 
38281 449 
38290 104 
38329 25 
38376 77 
38393 82 
38402 71 
38510 38 
38513 18 
38552 51 
38557 16 
38606 68 
38628 11 
38660 201 
38754 39 
38757 29 
38780 24 
38787 8 
38864 34 
38886 164 
38894 61 
38907 113 
38927 178 
38929 89 
38959 65 
38960 5 
38979 675 
39044 37 
39065 52 
39104 75 
39133 222 
39134 240 
39150 37 
39161 57 
39192 63 
39197 18 
39214 223 
39233 21 
39239 17 
39333 150 
39395 207 
39419 171 
39429 14 
39503 187 
39529 227 
39560 88 
39570 126 
39593 108 
39631 2 
39646 442 
39677 35 
39691 93 
39694 137 
39694 56 
39695 44 
39745 33 
39767 10 
39799 262 
39852 22 
39869 55 
39942 161 
39995 254 
40001 10 
40055 110 
40090 10909 
40106 53 
40122 231 
40135 218 
40180 672 
40182 41 
40186 21 
40190 18 
40236 15 
40248 170 
40252 188 
40279 69 
40341 98 
40388 135 
40404 38 
40427 47 
40433 164 
40445 85 
40489 95 
40557 89 
40565 21 
40604 238 
40616 66 
40628 1245 
40630 24 
40640 195 
40643 7 
40669 78 
40721 99 
40775 229 
40847 61 
40876 507 
40910 37 
40910 37 
40956 193 
40956 193 
40964 62 
40964 62 
40971 92 
40971 92 
40984 86 
41020 278 
41030 37 
41092 19 
41099 344 
41140 94 
41170 58 
41182 56 
41208 107 
41221 4 
41222 366 
41240 38 
41270 87 
41273 60 
41303 193 
41310 34 
41318 54 
41345 174 
41353 49 
41374 337 
41403 190 
41458 21 
41484 67 
41505 159 
41517 17 
41529 165 
41567 30 
41603 186 
41604 39 
41606 12 
41616 183 
41627 9 
41640 88 
41694 24 
41717 125 
41741 8 
41743 4 
41770 119 
41809 25 
41809 36 
41855 6 
41856 70 
41929 192 
41930 150 
41932 250 
41998 341 
42005 102 
42056 57 
42076 122 
42091 101 
42114 130 
42130 47 
42131 114 
42143 27 
42147 1 
42157 18 
42164 35 
42222 7 
42231 22 
42232 72 
42238 133 
42249 37 
42258 144 
42269 125 
42271 238 
42323 101 
42327 21 
42347 57 
42348 329 
42354 5 
42359 57 
42375 141 
42410 35 
42421 28 
42443 109 
42456 75 
42481 71 
42520 143 
42567 47 
42579 10 
42587 41 
42591 855 
42638 107 
42684 55 
42689 23 
42705 68 
42719 8 
42727 78 
42778 160 
42824 91 
42849 6 
43117 40 
43132 53 
43177 5 
43233 136 
43247 30 
43247 126 
43279 282 
43294 68 
43311 154 
43348 86 
43357 44 
43378 7 
43396 124 
43424 5 
43428 101 
43488 15 
43527 32 
43529 78 
43534 76 
43554 49 
43559 147 
43599 129 
43604 65 
43629 1340 
43639 85 
43700 145 
43771 68 
43780 53 
43799 232 
43820 43 
43835 81 
43871 43 
43985 88 
43994 22 
44070 37 
44077 43 
44084 737 
44092 138 
44196 287 
44212 41 
44268 15 
44269 7 
44276 5 
44313 68 
44324 194 
44380 320 
44397 67 
44399 131 
44417 41 
44486 37 
44520 139 
44635 65 
44646 20 
44675 108 
44719 164 
44763 50 
44772 96 
44783 73 
44810 13 
44850 55 
44943 359 
45010 146 
45122 17 
45216 6 
45291 21 
45332 13 
45347 69 
45424 87 
45432 53 
45499 394 
45533 203 
45544 54 
45584 29 
45605 88 
45615 167 
45616 21 
45619 21 
45725 149 
45741 30 
45755 4 
45773 2759 
45781 183 
45811 66 
45917 74 
45961 9 
45994 11 
46048 10 
46178 146 
46212 39 
46218 15 
46228 63 
46251 7 
46255 10 
46314 4 
46421 13 
46518 251 
46676 139 
46680 3 
46740 26 
46744 48 
46752 17 
46755 78 
46806 57 
46989 265 
47086 64 
47117 22 
47226 25 
47235 56 
47259 94 
47273 134 
47291 24 
47312 33 
47353 120 
47409 24 
47411 139 
47436 39 
47441 410 
47443 1176 
47455 10 
47459 525 
47490 9 
47500 320 
47513 90 
47546 57 
47552 40 
47580 815 
47593 193 
47595 113 
47602 97 
47606 92 
47612 1683 
47643 10 
47681 10 
47686 46 
47775 44 
47781 54 
47801 2714 
47804 39 
47832 21688 
47837 24 
47847 4714 
47852 94 
47860 2 
47870 329 
47875 76 
47887 106 
47905 412 
47955 252 
47966 35643 
47970 25 
47985 280 
48019 72 
48031 10 
48093 155 
48100 39 
48105 47 
48106 19 
48126 40 
48148 222 
48157 1722 
48160 64 
48174 69 
48194 69 
48195 167 
48264 43 
48266 197 
48271 354 
48298 69 
48310 173 
48332 217 
48367 89 
48370 41 
48375 72 
48384 56 
48396 69 
48401 428 
48435 14 
48458 217 
48469 100 
48480 182 
48546 64 
48572 181 
48661 23 
48694 15 
48700 26 
48706 246 
48722 143 
48733 428 
48761 74 
48805 193 
48830 120 
48864 17 
48938 3 
48949 487 
48949 1073 
48961 27 
49039 120 
49056 59 
49087 106 
49108 80 
49111 209 
49126 201 
49142 34 
49173 817 
49195 43 
49196 116 
49336 185 
49363 9 
49389 24 
49396 154 
49409 110 
49424 179 
49468 45 
49485 22 
49488 462 
49490 3 
49541 121 
49598 75 
49664 1623 
49664 91 
49692 21 
49703 25 
49770 63 
49815 169222 
49836 508 
49837 224 
49841 66 
49843 240 
49844 55 
49844 187 
49845 441 
49851 877 
49853 791 
49856 257 
49868 356 
49869 201 
49873 55 
49877 127 
49879 527 
49879 534 
49885 242 
49892 210 
49895 83 
49897 151 
49897 124 
49908 17 
49908 243 
49910 218 
49913 23 
49914 607 
49927 292 
49928 240 
49948 201 
49948 272 
49951 295 
49952 376 
49955 274 
49956 1195 
49959 806 
49967 51 
49968 750 
49970 2607 
49972 197 
49977 180 
49980 384 
49981 1258 
49985 996 
49988 230 
49993 83 
49993 893 
49993 341 
49997 57 
50002 311 
50011 300 
50015 93 
50016 417 
50020 282 
50026 100 
50033 17 
50034 256 
50041 96 
50044 214 
50046 147 
50052 24 
50067 291 
50068 428 
50076 345 
50081 23 
50082 174 
50092 97 
50093 277 
50105 351 
50111 129 
50113 299 
50113 195 
50116 244 
50120 176 
50123 309 
50130 206 
50154 125 
50154 298 
50158 411 
50163 81 
50164 378 
50177 88 
50182 1172 
50196 105 
50199 382 
50206 236 
50213 81 
50221 109 
50224 358 
50235 63 
50235 71 
50237 222 
50237 1348 
50242 206 
50257 245 
50258 339 
50291 12 
50292 80 
50307 300 
50311 569 
50313 459 
50316 178 
50316 847 
50343 636 
50360 64 
50362 3047 
50380 141 
50380 32 
50388 1354 
50399 202 
50400 104 
50403 167 
50405 298 
50406 648 
50421 257 
50432 21 
50433 67 
50435 494 
50441 371 
50455 132 
50460 73 
50475 40 
50478 544 
50486 94 
50488 169 
50494 262 
50529 7155 
50535 330 
50559 126 
50567 775 
50616 254 
50664 155 
50668 417 
50681 309 
50711 1205 
50746 208 
50778 219 
50788 59 
50797 61 
50801 52 
50802 62 
50811 134 
50821 27 
50873 28 
50915 107 
50952 21 
50957 321 
50993 145 
50998 18 
51026 234 
51029 354 
51072 60 
51097 264 
51104 153 
51138 33 
51160 82 
51246 773 
51251 124 
51334 392 
51348 359 
51388 524 
51413 31 
51421 188 
51449 118 
51449 19 
51520 81 
51524 760 
51530 271 
51536 22 
51547 273 
51562 46 
51620 189 
51662 22 
51698 129 
51700 127 
51770 1516 
51802 309 
51870 52 
51891 5 
51904 518 
51920 51 
51925 71 
52006 524 
52011 337 
52013 63 
52025 353 
52029 20 
52040 137 
52064 288 
52106 63 
52161 105 
52221 266 
52270 87 
52287 82 
52322 317 
52364 247 
52366 304 
52370 10 
52373 60 
52414 122 
52449 59 
52496 70 
52515 31 
52517 53 
52517 193 
52621 192 
52685 36 
52770 243 
52785 120 
52811 51 
52811 323 
52832 134 
52841 49 
52883 23 
52918 27 
53002 91 
53062 198 
53116 187 
53117 97 
53129 162 
53174 359 
53181 177405 
53200 253 
53204 262 
53207 79 
53229 75 
53235 267 
53238 257 
53243 1304 
53247 101 
53248 904 
53249 217 
53261 208 
53261 90 
53261 67 
53268 1036 
53277 109 
53283 286 
53287 196 
53288 80 
53289 115 
53291 1292 
53299 111 
53299 265 
53303 449 
53305 458 
53309 383 
53311 1125 
53313 59 
53314 609 
53335 417 
53354 128 
53355 330 
53355 306 
53367 7 
53369 423 
53383 205 
53410 147 
53411 430 
53420 179 
53422 614 
53461 1095 
53462 33 
53466 1306 
53471 104 
53494 124 
53498 348 
53514 243 
53514 382 
53523 1274 
53526 233 
53555 148 
53570 280 
53572 179 
53573 548 
53574 2054 
53578 25 
53581 83 
53601 26 
53615 264 
53643 80 
53675 120 
53694 810 
53703 272 
53707 88 
53714 103 
53715 359 
53723 1463 
53724 61 
53725 109 
53732 134 
53761 380 
53803 19 
53811 302 
53813 37 
53821 112 
53825 385 
53842 197 
53848 0 
53857 33 
53870 174 
53915 35 
53917 106 
53929 68 
53940 70 
53944 397 
53960 218 
53998 56 
54012 72 
54068 1364 
54085 45 
54090 171 
54119 463 
54150 58 
54166 176 
54180 19 
54183 19 
54303 1027 
54341 130 
54353 342 
54356 103 
54394 123 
54547 222 
54594 113 
54661 353 
54757 469 
54834 53 
54884 52 
54884 1390 
54909 292 
54911 254 
55038 176 
55049 69 
55053 11 
55083 97 
55132 170 
55142 28 
55242 78 
55262 112 
55273 387 
55370 20 
55375 445 
55394 159 
55407 152 
55481 83 
55566 119 
55667 47 
55678 72 
55903 0 
55951 461 
55961 1595 
55962 69 
55976 35 
56045 120 
56058 576 
56073 221 
56119 21 
56204 225 
56229 4 
56309 10 
56312 208 
56362 3 
56401 977 
56407 11 
56433 226 
56443 67 
56485 79 
56518 310 
56542 63 
56590 212 
56608 55 
56891 31 
56961 29 
57055 24 
57113 86 
57229 64 
57664 11 
57749 163 
57762 18 
57897 47 
57901 3 
58033 1 
58108 372 
58301 118 
58311 189 
58314 198 
58350 34 
58364 16 
58401 61 
58461 11 
58563 56 
58589 101 
58597 402 
58616 5 
58626 6 
58631 1401 
58641 2703 
58681 67 
58729 1581 
58819 61 
58891 276 
58897 30 
58918 0 
58970 148 
58980 238 
58988 193 
58998 20 
59081 6 
59136 57 
59221 18 
59266 25 
59369 43 
59472 121 
59549 98 
59674 185 
59767 21 
59829 148 
59836 86 
59852 93 
59943 32 
59955 36 
60413 109 
60570 90 
60574 27 
60600 24 
60677 25 
60792 378 
60822 134 
60928 215 
60940 40 
61149 50 
61192 487 
61318 43 
61326 379 
61447 299 
61471 115 
61566 109 
61779 196 
61817 65 
61848 668 
61872 540 
61927 880 
61953 2042 
62039 379 
62043 207 
62050 512 
62064 297 
62073 552 
62091 289 
62112 183 
62125 482 
62148 2239 
62172 374 
62180 351 
62187 68 
62188 131 
62191 733 
62206 246 
62217 106 
62217 124 
62218 225 
62222 660 
62228 133 
62236 267 
62239 2 
62269 480 
62283 399 
62311 848 
62347 175 
62374 614 
62399 337 
62421 96 
62444 8 
62477 39 
62478 41 
62496 152 
62542 1199 
62700 39 
62810 128 
62869 13 
62895 76 
63014 23 
63066 136 
63196 15 
63252 39 
63272 123 
63359 48 
63604 142 
63618 60 
63727 18 
63873 10 
63885 60 
63935 65 
64098 125 
64177 1241 
64281 314 
64315 144 
64327 674 
64369 627 
64390 1605 
64410 609 
64433 203125 
64435 16 
64446 90 
64452 208 
64455 484 
64455 85 
64461 481 
64462 2351 
64467 536 
64467 551 
64474 187 
64476 677 
64479 1278 
64482 41 
64489 260 
64492 27 
64503 506 
64509 661 
64511 60 
64515 591 
64518 122 
64520 741 
64523 1070 
64534 38 
64539 205 
64545 164 
64549 752 
64557 331 
64559 122 
64562 271 
64566 107 
64570 348 
64570 15 
64584 233 
64584 99 
64591 1154 
64606 213 
64635 83 
64637 85 
64643 238 
64659 156 
64659 959 
64661 107 
64665 134 
64674 148 
64705 328 
64705 260 
64713 839 
64719 223 
64721 1241 
64723 12 
64737 177 
64742 41 
64749 47 
64820 1249 
64834 214 
64851 472 
64863 232 
64878 326 
64883 327 
64891 136 
64892 149 
64893 548 
64913 19 
64924 962 
64936 99 
64936 560 
64946 30 
64958 170 
64971 105 
64989 382 
65002 110 
65043 304 
65060 1 
65072 357 
65115 341 
65115 363 
65120 336 
65137 356 
65166 103 
65169 290 
65171 210 
65194 191 
65194 2706 
65207 195 
65232 313 
65263 122 
65328 77 
65353 41 
65353 12 
65355 45 
65370 44 
65380 86 
65381 341 
65385 280 
65414 307 
65418 365 
65423 415 
65453 126 
65474 110 
65511 165 
65536 127 
65547 162 
65613 26 
65619 210 
65632 40 
65665 82 
65674 13 
65695 521 
65738 148 
65741 489 
65768 189 
65811 934 
65841 450 
65844 143 
65859 495 
65968 195 
65991 19 
66057 702 
66146 16 
66204 252 
66210 111 
66211 60 
66241 27 
66254 234 
66286 357 
66355 28 
66419 621 
66422 34 
66467 70 
66549 190 
66702 15 
66797 129 
66966 164 
67175 167 
67199 101 
67256 556 
67308 26 
67346 152 
67385 482 
67519 162 
67534 148 
67580 229 
67632 81 
67730 149 
67774 243 
67992 102 
68003 2930 
68039 558 
68191 299 
68303 230 
68402 276 
68463 222 
68495 242 
68646 19 
68650 139 
68743 714 
68828 175 
68964 110 
69010 159 
69154 365 
69280 50 
69959 4 
70046 26 
70121 39 
70290 198 
70504 113 
70610 385 
70809 48 
70852 26 
71025 18 
71083 9 
71223 129 
71346 248 
71690 290 
71925 38 
72023 162 
72060 13 
72291 97 
72422 39 
72479 26 
72512 11 
72560 33 
72663 0 
72760 227 
72904 69 
72971 40 
73178 334 
73213 171 
73222 271 
73281 168 
73291 30 
73414 5 
73617 13073 
73617 42 
73629 12 
73685 544 
73943 82 
74330 411 
74361 416 
74395 151 
74542 214 
74619 0 
74720 71 
74793 27 
74883 1038 
74966 215 
75026 81 
75556 14 
75815 51 
76299 32 
76382 1 
76419 6 
76494 496 
76495 155 
76545 48 
76806 841 
76954 199 
77022 24 
77872 87 
78955 281 
79036 45 
79144 85 
79767 533 
79918 244 
79919 117 
79928 185 
79928 58 
79932 138 
79933 864 
79933 74 
79938 615 
79947 1507 
79954 82 
79964 175 
79967 194 
79969 288 
79974 47 
79979 1089 
79980 435 
79997 443 
79997 57 
80003 357 
80004 408 
80022 1354 
80024 67 
80034 314 
80037 137 
80061 347 
80061 136 
80073 172 
80076 30 
80081 263 
80099 1245 
80102 110 
80115 360 
80135 289 
80135 34 
80153 258 
80158 261 
80159 861 
80190 38 
80201 281 
80230 203 
80231 410 
80269 287 
80272 291 
80295 579 
80304 194 
80306 116 
80308 1254 
80326 92 
80338 394 
80378 324 
80393 486 
80417 187 
80420 331 
80441 83 
80442 77 
80448 579 
80456 137 
80466 245 
80468 245 
80487 34 
80519 549 
80531 148 
80576 93 
80579 96 
80593 771 
80593 1163 
80621 317 
80637 854 
80656 35 
80660 207 
80719 599 
80742 166 
80833 557 
80842 166 
80861 92 
80886 162 
80975 86 
81067 855 
81069 413 
81159 26 
81219 162 
81227 156 
81416 172 
81436 107 
81547 99 
81852 370 
81931 85 
81934 155 
82121 332 
82301 179 
82376 25 
82484 117 
82802 204 
82849 43 
82854 62 
82946 103 
83138 100 
83849 8 
83861 175 
84037 52 
84236 58 
84273 2583 
84282 104 
84327 78 
84362 161 
84391 795 
84499 3 
84522 101 
84524 33 
84820 174 
85034 8 
85339 585 
86063 21 
86288 49 
86978 680 
87226 1 
87491 5 
88201 5 
88290 140 
88521 85 
88692 266 
89085 75 
89212 40 
89740 60 
89924 28 
90382 507 
90429 253 
90733 72 
91100 13 
91412 55 
91535 57 
91728 12 
91893 4 
92097 285 
92181 39 
92323 12 
92574 236 
92613 99 
92797 118 
93507 9 
93540 217 
93829 8 
93888 489 
93960 3 
93963 399 
94187 11 
94414 46 
95121 179 
95368 32 
95417 231 
95960 321 
95995 0 
96117 498 
96233 80 
96309 278 
96419 983 
96692 255 
96736 2 
96824 172 
96857 199 
96928 10 
96985 4 
97355 53 
97415 14 
97506 455 
97541 101 
97612 14 
97917 148 
98482 35 
98634 24 
99266 13 
99539 181 
99605 47 
100078 0 
100496 15 
100703 221 
101174 30 
101964 278 
102736 1 
103156 10 
103473 243 
105531 4214 
105856 5 
107368 330 
108849 97 
110493 568 
110946 127 
110978 29 
111161 68 
111486 187 
111630 275 
112389 188 
112410 45 
115065 46 
115549 48 
115786 50 
118959 205 
119393 64 
119398 80 
122490 106 
123903 87 
124330 1 
125539 50 
127573 535 
127747 204 
128152 66 
129537 22 
132030 42 
132294 993 
132335 63 
132598 57 
133291 33 
134083 180 
134949 131 
135041 44 
135161 44 
135228 113 
136300 136 
137753 38 
138123 169 
138813 359 
139133 212 
139690 21 
140731 87 
141064 86 
142702 0 
142953 130 
142969 48 
143063 403 
143525 7 
143729 363 
143793 8 
143798 246 
143875 507 
143907 73 
144020 356 
144190 352 
144397 114 
144590 7 
144760 57 
144919 84 
145254 8 
145728 25 
145810 30 
145860 123 
146110 76 
146382 222 
147050 325 
147150 5 
147207 15 
147440 180 
147585 50 
147797 60 
148220 136 
148575 6 
148657 70 
149996 11 
151424 712 
151475 126 
151542 20 
152245 105 
152349 6 
153309 162 
154732 21 
155061 22 
157176 1340 
158116 234 
159205 20 
159517 73 
159613 88 
160025 41 
160323 138 
160422 33 
160841 244 
161452 163 
161459 117 
161465 96 
161603 0 
161723 45 
161738 51 
161769 99 
161888 96 
162232 86 
162306 81 
162449 38 
162632 514 
163235 240 
163294 599 
167258 23 
168316 61 
169689 29 
169736 119 
171361 169 
174954 290 
176610 156 
176639 579 
176695 39 
178423 469 
179012 80 
179146 339 
179944 26 
181553 67 
182309 232 
183880 33 
185656 49 
185694 100 
187066 16 
187366 102 
187821 77 
189809 6 
190056 25 
191682 22 
193051 53 
197800 12 
200805 48 
208330 13 
213006 31 
213977 240 
216184 17 
218581 106 
221246 632 
221550 31 
223324 101 
227557 187 
228470 0 
228918 114 
229325 313 
229932 59 
232643 26 
233774 173 
235182 57 
240138 90 
241015 115 
241911 60 
241928 134 
242395 137 
242560 0 
243141 575 
243850 159 
244456 394 
252078 67 
252238 139 
253362 50 
253384 57 
254533 169 
255513 9 
257801 30 
259902 1 
261222 8 
262498 18 
263286 13 
265424 89 
267497 73 
271867 0 
271915 5 
277248 433 
277425 0 
286164 32 
293423 195 
293960 8 
295686 81 
296294 31 
301497 0 
304029 19 
309958 74 
311819 34 
315065 73 
317663 891 
321284 751 
322010 321 
322810 160 
324540 86 
330587 361 
332232 145 
332290 183 
332652 347 
336086 111 
338196 66 
338627 177 
338645 262 
338676 230 
343546 17 
343955 178 
344096 112 
344945 277 
348816 325 
349713 157 
349957 71 
354093 33 
354200 126 
359164 5 
383104 104 
386935 8 
391369 148 
391413 113 
393296 55 
394077 1 
403490 92 
408645 136 
409081 89 
410843 41 
411103 46 
411169 18 
411252 26 
414387 95 
421026 58 
422089 17 
431006 123 
431190 149 
431274 635 
432569 50 
434574 41 
440971 132 
441289 294 
441313 151 
442434 235 
448116 1287 
453500 36 
463141 275 
470240 1107 
480558 114 
485805 156 
487011 1 
495914 16 
496818 0 
500209 24 
501886 136 
502847 12 
503508 16 
519284 16 
525666 2 
532352 22 
534123 0 
534505 0 
550798 50 
553538 6 
559921 515 
564449 19 
566866 43 
572965 99 
577847 131 
581611 81 
583116 366 
587582 156 
592469 115 
597432 66 
601105 58 
