5023 1.22149305556
0 3460555 
6 1001 
9 341 
10 549 
13 426 
14 207 
15 123 
15 469 
16 263 
18 135 
19 457 
22 275 
25 654 
27 536 
28 374 
28 53 
29 433 
29 198 
30 65 
30 787 
30 334 
30 482 
30 94 
31 336 
31 2744 
31 183 
32 267 
33 139 
34 240 
34 224 
34 138 
35 1548 
35 93 
35 197 
36 170 
36 108 
36 144 
36 144 
37 4 
37 996 
37 51 
37 387 
37 205 
38 347 
38 262 
39 63 
39 143 
39 347 
40 2 
40 49 
40 1277 
41 2046 
41 101 
41 72 
42 260 
42 556 
43 192 
43 1928 
43 130 
44 875 
44 8 
45 6 
45 138 
45 10 
46 68 
47 121 
47 329 
47 422 
48 1202 
48 42 
49 159 
49 210 
49 593 
49 201 
51 130 
51 89 
51 112 
51 271 
52 3335 
52 529 
52 14 
52 303 
53 927 
53 489 
53 10 
53 2 
53 7 
53 361 
54 36 
54 280 
54 341 
54 166 
55 100 
55 28 
56 71 
56 311 
57 126 
58 51 
58 144 
58 443 
59 294 
59 237 
59 148 
59 97 
60 52 
60 119 
60 24 
60 63 
61 1093 
61 151 
61 119 
61 59 
62 78 
62 215 
63 815 
63 189 
63 140 
63 293 
63 154 
63 25 
63 156 
63 36 
64 237 
64 430 
64 139 
64 56 
64 534 
65 76 
65 297 
65 131 
65 175 
65 230 
65 125 
66 415 
67 144 
67 360 
67 2351 
67 184 
67 56 
67 177 
68 254 
68 61 
68 267 
68 2546 
68 87 
68 81 
68 119 
69 8183 
69 30 
69 1803 
69 2020 
69 205 
69 73 
69 619 
70 756 
70 127 
71 95 
71 176 
71 372 
71 1235 
71 116 
71 97 
72 56 
72 328 
72 63 
73 270 
73 381 
73 1228 
73 164 
73 157 
73 121 
74 798 
74 130 
74 260 
74 318 
74 406 
74 5 
75 417 
75 195 
75 112 
75 1 
75 36 
76 27 
76 248 
76 195 
77 105 
77 164 
77 95 
77 870 
78 282 
78 395 
78 82 
78 198 
78 365 
79 227 
79 71 
79 12 
79 131 
80 211 
81 103 
81 46 
81 9 
81 914 
81 843 
81 121 
82 53 
83 589 
83 152 
83 33 
84 73 
84 74 
85 184 
85 23 
85 3 
85 951 
86 37 
86 961 
86 95 
86 579 
87 861 
87 28 
87 351 
87 2 
88 23 
88 137 
89 640 
90 588 
90 290 
91 134 
91 209 
91 555 
91 393 
91 12 
92 674 
92 242 
92 137 
92 110 
92 0 
92 160 
93 827 
93 474 
93 139 
94 794 
94 190 
94 222 
94 3768 
94 57 
94 273 
94 420 
94 268 
96 1308 
97 106 
98 73 
98 107 
98 571 
99 239 
99 25 
99 326 
99 290 
100 735 
100 1325 
100 50 
100 157 
101 189 
101 652 
101 1478 
102 74 
102 170 
102 105 
102 71 
102 235 
102 110 
103 69 
103 808 
103 336 
104 53 
104 275 
104 191 
104 117 
104 348 
105 79 
105 1286 
105 644 
105 174 
105 61 
105 50 
105 65 
106 216 
106 97 
106 23 
106 171 
107 256 
107 104 
107 19 
107 391 
108 635 
108 619 
108 89 
108 217 
108 495 
109 591 
109 194 
109 201 
109 492 
110 215 
110 262 
110 486 
111 50 
111 170 
111 509 
111 421 
112 99 
112 673 
112 116 
112 201 
113 251 
113 263 
113 71 
113 17 
114 241 
115 261 
115 113 
115 182 
116 252 
116 1445 
116 231 
116 167 
116 484 
117 1140 
117 68 
119 153 
119 123 
119 292 
119 151 
119 357 
119 117 
120 176 
120 263 
121 155 
121 11 
121 98 
121 740 
121 44 
121 100 
123 190 
123 153 
123 31 
123 8 
123 238 
123 205 
124 59 
124 163 
125 331 
125 192 
125 72 
125 46 
125 157 
125 589 
126 82 
126 19 
127 605 
127 512 
127 260 
128 411 
128 289 
128 110 
128 240 
129 391 
129 46 
129 624 
129 35 
129 191 
129 56 
129 502 
130 148 
130 210 
130 231 
130 62 
130 158 
131 246 
131 442 
132 154 
132 416 
133 299 
133 616 
134 416 
134 131 
134 480 
134 330 
134 341 
134 302 
134 426 
134 383 
135 300 
135 25 
135 424 
135 324 
136 148 
137 18 
137 71 
137 802 
137 169 
137 232 
138 35 
138 709 
139 16 
139 330 
140 170 
140 92 
141 218 
141 450 
141 89 
141 280 
142 490 
142 140 
143 155 
143 147 
143 1785 
144 336 
145 16 
145 309 
145 41 
146 147 
146 47 
146 854 
146 79 
147 104 
147 200 
147 86 
147 13 
148 234 
148 103 
148 4 
149 194 
149 649 
149 1095 
149 39 
149 565 
150 334 
150 374 
151 371 
151 76 
151 262 
152 293 
152 345 
152 132 
152 38 
153 306 
153 145 
153 19 
153 118 
153 97 
153 676 
154 103 
154 231 
154 874 
154 317 
154 135 
154 11 
155 191 
155 732 
155 85 
155 465 
156 188 
156 45 
157 46 
157 112 
157 36 
158 42 
158 120 
158 72 
158 323 
159 189 
159 158 
159 421 
159 345 
159 259 
160 114 
160 96 
160 2 
161 237 
161 88 
161 424 
162 60 
162 433 
162 253 
163 124 
164 107 
164 243 
164 261 
164 363 
165 243 
165 174 
166 759 
168 232 
169 71 
169 20 
169 1229 
169 220 
169 684 
170 138 
171 493 
171 47 
172 116 
172 44 
172 236 
173 490 
173 363 
174 334 
175 12 
175 567 
175 1133 
176 115 
176 116 
176 254 
176 1101 
177 231 
177 142 
177 109 
178 420 
178 79 
178 126 
178 976 
178 261 
178 462 
178 38 
179 50 
179 247 
179 196 
180 162 
180 184 
180 437 
181 61 
181 45 
181 117 
181 413 
181 160 
181 235 
182 53 
182 254 
183 962 
183 331 
183 1257 
184 116 
186 398 
186 161 
186 556 
187 341 
187 68 
188 113 
188 532 
189 130 
190 202 
190 1092 
190 18 
190 278 
191 1031 
191 1962 
192 350 
193 206 
193 4 
193 2281 
193 296 
193 111 
194 307 
194 953 
195 119 
195 613 
195 472 
196 734 
196 255 
196 101 
197 492 
197 479 
198 45 
198 209 
198 136 
198 624 
199 32 
200 81 
200 334 
201 227 
202 109 
202 573 
202 89 
202 446 
202 147 
203 254 
204 890 
205 695 
205 631 
206 176 
206 184 
207 262 
207 201 
208 188 
208 108 
208 91 
208 393 
208 210 
208 240 
208 470 
209 65 
209 293 
209 148 
209 644 
210 123 
210 294 
210 51 
211 518 
211 1424 
211 290 
211 814 
211 88 
212 943 
213 87 
213 303 
213 341 
214 272 
214 98 
214 212 
216 992 
216 94 
216 250 
217 338 
217 38 
217 73 
218 741 
218 50 
218 273 
219 93 
219 170 
220 9 
220 139 
220 763 
220 106 
220 260 
220 7 
220 131 
220 95 
221 197 
221 642 
222 115 
223 239 
224 87 
224 703 
224 238 
226 42 
227 300 
229 85 
229 222 
230 92 
230 5294 
232 82 
232 408 
233 103 
233 183 
233 48 
234 156 
234 121 
234 839 
235 805 
236 358 
237 2 
237 326 
237 20 
237 404 
238 70 
239 1108 
240 40 
240 120 
240 430 
241 207 
242 99 
243 119 
243 461 
244 81 
245 475 
245 35 
245 458 
246 64 
248 92 
248 381 
249 203 
249 45 
249 51 
249 346 
249 520 
250 162 
251 289 
251 28 
251 599 
253 582 
253 173 
253 258 
253 16 
253 91 
254 50 
255 32 
256 65 
257 134 
258 442 
258 363 
259 1056 
259 150 
259 358 
260 6 
262 278 
262 881 
262 200 
263 2124 
265 109 
265 796 
266 115 
267 172 
267 43 
267 2154 
268 528 
268 348 
269 202 
269 88 
269 119 
269 291 
271 447 
271 88 
272 114 
273 98 
273 349 
274 310 
275 17 
275 114 
275 295 
277 77 
278 57 
279 152 
279 220 
279 124 
279 130 
280 324 
280 27 
280 294 
280 1170 
280 499 
282 54 
283 140 
283 31 
284 65 
284 330 
285 792 
286 74 
286 364 
287 19 
287 108 
288 228 
288 93 
289 130 
289 125 
289 610 
290 576 
290 189 
291 1052 
291 635 
291 255 
291 34 
291 51 
293 171 
294 409 
294 247 
296 97 
296 31 
297 215 
297 492 
298 80 
298 8 
299 107 
301 206 
302 335 
302 978 
302 3809 
303 349 
303 52 
303 513 
303 57 
303 175 
304 199 
305 117 
307 965 
308 33 
308 1721 
309 64 
310 258 
310 1872 
311 187 
311 59 
311 203 
311 86 
311 78 
312 122 
312 238 
314 231 
315 844 
316 391 
317 299 
317 1141 
318 1741 
318 28 
320 45 
320 76 
321 181 
323 494 
327 227 
327 224 
327 127 
328 245 
328 330 
328 423 
332 1155 
332 61 
332 176 
334 265 
335 244 
335 376 
336 117 
336 50 
337 510 
338 264 
338 115 
339 166 
340 152 
341 134 
341 566 
342 125 
345 355 
346 178 
347 304 
347 577 
348 94 
348 62 
349 577 
351 64 
352 118 
353 111 
353 104 
354 137 
355 59 
356 63 
357 36 
359 140 
359 55 
360 179 
364 961 
365 217 
365 207 
366 0 
367 54 
368 192 
368 6 
368 148 
369 86 
370 71 
371 214 
371 187 
371 1102 
372 1743 
374 283 
374 408 
375 0 
377 428 
377 177 
377 49 
378 167 
378 654 
380 181 
381 264 
381 25 
381 75 
382 121 
383 123 
383 44 
384 118 
384 5 
384 118 
386 154 
386 73 
387 359 
387 9 
388 145 
391 3 
391 429 
392 590 
393 106 
394 88 
395 284 
395 90 
396 379 
397 201 
398 88 
398 248 
398 35 
399 574 
399 121 
399 136 
400 99 
400 84 
400 75 
405 323 
405 265 
406 169 
414 849 
414 95 
416 209 
416 558 
417 199 
417 164 
417 88 
418 16 
420 1156 
422 361 
423 76 
425 159 
426 114 
428 19 
428 200 
428 130 
431 184 
431 88 
431 17 
431 37 
431 107 
432 254 
433 233 
433 3 
435 248 
437 0 
437 338 
438 160 
440 496 
440 13 
440 135 
440 69 
443 36 
445 159 
446 124 
447 149 
447 188 
448 400 
449 68 
449 265 
450 122 
452 78 
452 272 
453 40 
454 205 
456 165 
459 253 
459 212 
460 432 
460 56 
461 142 
463 201 
466 54 
467 298 
467 1584 
468 160 
470 539 
470 223 
470 345 
471 272 
473 282 
473 120 
474 201 
474 309 
477 48 
480 75 
481 68 
482 261 
485 485 
485 76 
486 103 
487 18 
488 333 
488 123 
492 600 
495 193 
495 301 
496 63 
498 306 
499 102 
499 98 
500 319 
503 182 
505 78 
506 661 
506 530 
506 59 
506 66 
507 365 
507 349 
508 329 
510 54 
510 282 
511 564 
512 452 
512 327 
514 341 
518 110 
520 128 
522 330 
522 36 
522 276 
522 59 
524 679 
526 150 
527 23 
527 45 
527 133 
528 246 
529 72 
531 176 
531 79 
532 10 
539 158 
540 190 
542 345 
542 603 
545 25 
546 77 
546 327 
550 548 
551 23 
553 763 
554 117 
556 98 
557 587 
558 155 
559 109 
559 182 
560 1 
560 110 
562 94 
564 688 
565 17 
566 352 
566 95 
568 207 
569 1548 
571 60 
571 498 
571 184 
573 322 
574 2155 
576 98 
580 65 
581 167 
582 131 
582 1 
582 263 
583 50 
585 9 
589 258 
594 37 
594 2 
596 21 
596 223 
598 40 
601 158 
601 412 
601 1224 
602 139 
604 396 
606 4 
607 693 
607 65 
607 33 
613 172 
616 1378 
618 17 
619 118 
619 49 
620 42 
622 386 
623 373 
623 28 
623 686 
624 1 
629 154 
630 42 
639 30 
642 12 
644 473 
645 78 
647 735 
647 178 
649 281 
649 580 
652 39 
652 386 
656 270 
658 369 
659 28 
661 98 
662 11 
663 26 
663 12 
664 13 
668 107 
669 130 
670 74 
670 318 
672 120 
674 125 
678 668 
685 155 
690 262 
695 1088 
701 256 
704 174 
705 381 
705 19 
706 430 
707 1432 
707 922 
713 139 
714 36 
715 244 
715 149 
717 113 
718 96 
719 641 
722 182 
724 692 
729 89 
729 311 
730 136 
731 663 
731 425 
734 310 
734 0 
737 178 
737 282 
738 846 
740 343 
740 94 
743 28 
743 1589 
744 12 
746 609 
751 759 
752 47 
752 789 
756 272 
756 240 
757 60 
757 5 
763 1778 
765 36 
766 319 
767 189 
768 179 
770 21 
770 22 
770 56 
772 744 
774 340 
777 2026 
779 393 
780 88 
781 445 
781 135 
781 1130 
782 615 
785 31 
787 34 
788 370 
788 245 
794 46 
795 212 
796 258 
797 567 
800 399 
802 366 
803 5 
804 174 
804 55 
806 115 
808 73 
809 378 
810 101 
811 67 
812 784 
820 253 
823 36 
825 153 
825 157 
825 4411 
826 16 
827 115 
829 66 
831 310 
833 238 
834 579 
838 24 
839 175 
839 303 
849 174 
852 141 
856 21 
858 0 
861 148 
862 15 
865 8 
866 315 
867 498 
872 160 
872 117 
874 181 
876 235 
885 100 
886 750 
888 34 
889 114 
890 721 
890 70 
890 108 
892 1084 
892 35 
897 313 
899 578 
899 132 
903 109 
909 0 
911 7 
913 72 
915 136 
919 684 
920 473 
921 48 
927 129 
927 621 
934 1032 
942 10 
942 93 
942 167 
949 111 
949 71 
952 174 
953 140 
956 401 
966 320 
976 85 
977 68 
983 0 
983 140 
986 40 
989 59 
990 4 
992 27 
1000 3537 
1001 76 
1005 677 
1006 137 
1007 216 
1007 203 
1008 28 
1013 1028 
1015 370 
1016 103 
1017 217 
1026 571 
1028 746 
1029 299 
1033 26 
1036 266 
1043 56 
1044 283 
1055 258 
1058 345 
1059 19 
1066 100 
1068 667 
1070 349 
1079 483 
1080 532 
1091 29 
1092 145 
1099 161 
1101 9058 
1105 196 
1105 122 
1107 204 
1114 38 
1114 53 
1116 924 
1117 39 
1119 137 
1120 22 
1128 94 
1133 32 
1135 359 
1143 56 
1145 118 
1147 84 
1155 994 
1158 154 
1166 163 
1175 120 
1182 145 
1187 202 
1189 739 
1191 916 
1199 138 
1206 362 
1207 378 
1211 3236 
1221 659 
1230 21 
1231 341 
1232 2 
1234 1350 
1235 56 
1236 2321 
1238 354 
1244 384 
1248 1532 
1256 287 
1263 567 
1266 264 
1269 45 
1270 161 
1271 126 
1274 348 
1280 40 
1283 1 
1299 1941 
1299 236 
1300 346 
1303 75 
1313 105 
1316 925 
1331 272 
1335 180 
1336 53 
1345 52 
1346 189 
1346 53 
1348 216 
1350 152 
1351 903 
1365 110 
1371 107 
1375 43 
1378 103 
1381 764 
1383 366 
1383 434 
1384 20 
1388 25 
1390 280 
1391 530 
1405 237 
1414 446 
1414 482 
1415 285 
1416 916 
1419 553 
1422 33 
1423 606 
1423 285 
1434 61 
1445 590 
1446 41 
1449 121 
1449 340 
1456 7 
1460 124 
1481 43 
1484 1 
1489 23 
1501 1137 
1509 99 
1511 167 
1513 72 
1518 638 
1525 175 
1526 78 
1527 275 
1528 110 
1528 26 
1529 58 
1536 15 
1543 403 
1549 404 
1550 189 
1552 138 
1566 118 
1573 101 
1582 15 
1591 101 
1596 169 
1606 257 
1626 200 
1626 960 
1631 78 
1631 12 
1632 89 
1633 258 
1640 412 
1649 366 
1651 2137 
1659 101 
1662 92 
1677 143 
1685 1405 
1686 20 
1689 230 
1701 51 
1708 94 
1711 236 
1711 161 
1712 197 
1712 71 
1714 22 
1716 739 
1734 215 
1735 680 
1741 968 
1743 47 
1743 3524 
1746 197 
1760 207 
1769 224 
1779 5 
1780 1123 
1789 48 
1790 9 
1792 1776 
1795 49 
1800 608 
1817 5 
1825 268 
1831 286 
1848 64 
1848 52 
1856 637 
1864 278 
1865 221 
1871 152 
1884 248 
1885 580 
1887 359 
1888 485 
1891 116 
1896 79 
1899 569 
1907 141 
1909 161 
1914 57 
1930 786 
1961 52 
1963 11 
1963 25 
1963 738 
1965 83 
1966 118 
1966 616 
1974 224 
1985 33 
1990 570 
1998 55 
2000 91 
2001 9 
2007 3 
2045 37 
2058 7579 
2069 142 
2071 5 
2074 799 
2076 67 
2088 478 
2090 230 
2091 413 
2102 62 
2124 102 
2125 217 
2126 815 
2137 5 
2142 143 
2150 136 
2153 32 
2161 58 
2167 338 
2168 6246 
2174 90 
2180 621 
2188 96 
2191 19 
2194 105 
2194 127 
2219 18 
2221 6 
2223 65 
2226 10 
2234 391 
2241 56 
2251 405 
2260 45 
2286 82 
2296 72 
2306 70 
2317 93 
2326 2 
2327 172 
2330 191 
2338 413 
2348 146 
2354 365 
2354 639 
2383 40 
2387 376 
2398 19 
2407 257 
2408 30 
2410 434 
2412 332 
2414 23 
2423 102 
2428 49 
2428 1416 
2432 9 
2436 195 
2442 246 
2450 111 
2458 1 
2464 107 
2472 30 
2478 60 
2488 104 
2510 79 
2513 1839 
2515 236 
2515 606 
2527 68 
2533 40 
2539 2157 
2581 36 
2584 145 
2588 682 
2598 137 
2599 11 
2600 896 
2604 1072 
2631 845 
2632 145 
2638 80 
2639 146 
2646 56 
2649 62 
2652 16 
2662 261 
2669 7851 
2676 11 
2677 358 
2680 275 
2724 7 
2728 16 
2732 351 
2734 2002 
2735 1403 
2741 227 
2741 586 
2744 637 
2755 116 
2759 848 
2780 52 
2783 44 
2790 320 
2792 631 
2794 81 
2805 105 
2808 146 
2825 834 
2825 63 
2829 609 
2830 43 
2834 88 
2836 116 
2854 1810 
2863 34 
2870 102 
2873 92 
2873 134 
2874 12 
2875 280 
2876 0 
2878 358 
2894 333 
2910 317 
2911 1965 
2927 412 
2929 119 
2950 1655 
2955 323 
2967 82 
2976 1181 
2976 259 
2980 5517 
2989 456 
3006 54 
3006 449 
3008 102 
3009 2593 
3015 1476 
3016 73 
3021 704 
3024 23 
3028 34 
3032 40 
3032 245 
3036 47 
3048 1185 
3052 517 
3055 787 
3055 736 
3060 296 
3078 28 
3080 414 
3082 94 
3085 120 
3092 2201 
3098 1067 
3100 431 
3101 48 
3107 11 
3125 113 
3129 381 
3133 51 
3137 237 
3154 95 
3157 575 
3159 44 
3171 50 
3179 472 
3187 15 
3190 95 
3193 277 
3198 946 
3201 50 
3204 688 
3209 177 
3224 538 
3225 7 
3230 94 
3232 514 
3237 860 
3243 2012 
3246 124 
3256 100 
3258 48 
3262 733 
3277 0 
3278 650 
3292 108 
3297 45 
3298 20 
3328 2 
3336 74 
3342 27 
3343 88 
3354 32 
3358 5 
3360 218 
3362 0 
3363 50 
3367 379 
3370 186 
3381 72 
3391 16 
3427 576 
3433 458 
3446 196 
3454 0 
3467 71 
3468 47 
3488 0 
3490 100 
3496 12 
3497 70 
3510 115 
3525 154 
3526 73 
3530 691 
3538 11 
3541 215 
3568 94 
3571 124 
3573 241 
3581 64 
3587 827 
3603 26 
3615 10015 
3618 92 
3628 90 
3630 21 
3655 55 
3659 813 
3660 769 
3672 3451 
3675 65 
3688 189 
3704 3177 
3713 23 
3713 262 
3714 218 
3715 704 
3721 2 
3728 172 
3741 5 
3743 6 
3744 88 
3752 33 
3772 578 
3778 99 
3784 7 
3784 674 
3785 84 
3786 62 
3816 195 
3817 22 
3831 5341 
3834 1912 
3835 92 
3837 139 
3838 7 
3854 3937 
3855 13 
3869 8 
3873 358 
3877 3246 
3880 6 
3891 293 
3893 58 
3924 67 
3927 73 
3941 115 
3946 2925 
3960 1950 
3977 48 
3985 1090 
4000 7 
4002 118 
4009 138 
4020 167 
4045 218 
4060 110 
4081 69 
4105 288 
4106 56 
4114 37 
4115 567 
4124 339 
4130 234 
4132 279 
4142 72 
4159 121 
4171 124 
4172 17 
4173 45 
4176 122 
4181 152 
4200 237 
4204 1305 
4206 472 
4208 5 
4210 113 
4210 458 
4221 31 
4243 692 
4253 798 
4254 3 
4256 175 
4280 394 
4283 718 
4290 29 
4296 466 
4300 169 
4305 85 
4305 41 
4312 357 
4326 134 
4331 147 
4334 229 
4336 239 
4340 88 
4353 649 
4355 327 
4367 5150 
4367 18 
4369 26 
4370 378 
4373 55 
4376 33 
4387 213 
4399 2 
4400 264 
4406 0 
4410 168 
4412 44 
4412 241 
4420 842 
4435 214 
4439 79 
4451 758 
4493 25 
4493 384 
4497 102 
4504 324 
4515 1136 
4536 406 
4538 39 
4549 113 
4554 792 
4573 3 
4576 1014 
4581 103 
4586 718 
4612 68 
4617 1524 
4624 174 
4638 9 
4699 127 
4737 1075 
4750 344 
4754 34 
4763 34 
4772 553 
4781 0 
4788 147 
4829 357 
4833 117 
4834 4 
4846 218 
4874 123 
4875 35 
4909 493 
4928 822 
4946 3 
4951 130 
4960 513 
4968 125 
4987 17 
4996 1172 
5017 358 
5027 3 
5052 33 
5078 63 
5114 40 
5118 0 
5126 14 
5129 73 
5138 45 
5151 28 
5159 17 
5181 145 
5184 278 
5187 53 
5191 1936 
5191 133 
5216 0 
5229 648 
5231 36 
5238 337 
5253 286 
5255 14 
5271 49 
5276 224 
5278 302 
5288 106 
5289 1156 
5296 56 
5355 187 
5356 538 
5364 4 
5382 227 
5391 13 
5400 182 
5401 32 
5405 356 
5443 48 
5448 645 
5448 645 
5452 254 
5455 101 
5472 1088 
5479 144 
5484 304 
5488 18 
5489 417 
5491 4 
5512 170 
5513 466 
5538 88 
5541 503 
5549 24 
5551 418 
5556 537 
5578 103 
5588 116 
5588 6569 
5589 107 
5598 0 
5601 8 
5603 21 
5617 465 
5624 1 
5633 3198 
5635 30 
5662 1162 
5669 26 
5676 154 
5676 1 
5682 440 
5691 52 
5708 274 
5711 37 
5715 137 
5718 115 
5722 1400 
5729 118 
5738 81 
5747 732 
5776 217 
5788 167 
5805 153 
5818 82 
5831 13 
5870 152 
5882 98 
5884 50 
5888 2610 
5890 2702 
5892 298 
5895 107 
5896 281 
5901 45 
5922 314 
5950 297 
5953 262 
5957 83 
5957 187 
5961 6 
5961 1473 
5974 33 
5992 31 
6018 1216 
6026 14 
6030 2 
6045 32 
6057 5108 
6068 48 
6078 23 
6090 123 
6112 9 
6124 294 
6126 1094 
6128 140 
6138 35 
6139 874 
6139 599 
6147 149 
6149 46 
6162 113 
6173 2022 
6176 608 
6186 163 
6201 1647 
6211 3014 
6217 50 
6219 10 
6226 1204 
6241 20 
6245 123 
6279 694 
6286 656 
6321 3 
6326 186 
6330 35 
6331 23 
6335 298 
6366 34 
6389 1571 
6390 135 
6396 101 
6397 411 
6429 435 
6432 991 
6433 20 
6445 78 
6467 26 
6479 48 
6488 108 
6502 2516 
6504 663 
6522 79 
6524 148 
6526 103 
6539 146 
6543 247 
6544 323 
6545 54 
6551 972 
6556 159 
6574 14 
6577 91 
6595 155 
6600 2718 
6627 66 
6643 708 
6659 428 
6674 28 
6684 85 
6728 353 
6756 1 
6770 512 
6772 70 
6782 813 
6798 77 
6798 93 
6812 5562 
6816 2 
6822 320 
6829 1441 
6831 4 
6837 51 
6844 580 
6847 1221 
6848 126 
6848 5628 
6851 503 
6852 1267 
6872 6 
6888 1129 
6890 60 
6891 197 
6893 396 
6916 683 
6920 396 
6949 4 
6988 113 
7001 295 
7010 135 
7011 904 
7019 111 
7035 1004 
7063 222 
7067 413 
7076 52 
7080 57 
7082 694 
7102 168 
7118 236 
7150 207 
7151 220 
7154 382 
7154 1604 
7164 1272 
7166 1466 
7172 76 
7210 27 
7218 127 
7219 12 
7223 162 
7225 13 
7227 473 
7233 589 
7234 598 
7237 195 
7243 1195 
7244 296 
7253 44 
7254 234 
7261 201 
7312 2562 
7316 94 
7340 90 
7342 147 
7354 82 
7379 670 
7382 3 
7384 74 
7400 36 
7412 95 
7417 82 
7428 1119 
7431 241 
7442 102 
7446 314 
7456 174 
7495 1187 
7497 59 
7500 16 
7508 6 
7509 406 
7528 4102 
7568 135 
7579 6 
7588 17 
7590 2381 
7590 3398 
7592 801 
7625 348 
7625 915 
7640 474 
7657 7 
7693 748 
7699 31 
7712 2 
7717 652 
7718 50 
7734 85 
7747 75 
7784 152 
7791 6270 
7802 1383 
7804 14039 
7811 51 
7823 4205 
7830 258 
7833 59 
7839 1875 
7841 1 
7920 469 
7944 1584 
7948 9 
7959 477 
7960 466 
7969 10 
7985 1658 
7989 13 
7991 371 
8002 842 
8007 96 
8027 1156 
8038 50 
8046 607 
8052 6 
8053 145 
8073 271 
8078 48 
8083 51 
8084 7 
8094 602 
8104 540 
8121 131 
8127 166 
8134 348 
8135 71 
8154 230 
8168 2374 
8188 693 
8191 92 
8200 1121 
8202 26 
8208 1777 
8216 133 
8216 50 
8231 1514 
8234 1171 
8244 98 
8248 29 
8262 638 
8273 601 
8282 454 
8292 118 
8296 5310 
8326 848 
8337 245 
8342 140 
8344 1252 
8352 197 
8358 482 
8369 731 
8377 70 
8397 93 
8404 1053 
8421 141 
8438 444 
8445 32 
8455 442 
8464 44 
8483 111 
8502 707 
8513 52 
8542 490 
8564 56 
8602 392 
8608 17 
8621 72 
8642 61 
8653 685 
8660 42 
8683 745 
8689 98 
8693 675 
8740 69 
8760 486 
8761 267 
8764 5096 
8770 29 
8786 25 
8789 456 
8790 7126 
8803 335 
8823 343 
8829 634 
8835 237 
8839 1556 
8841 134 
8852 205 
8861 164 
8886 829 
8889 1154 
8911 365 
8939 3 
8939 1413 
8943 650 
8962 111 
8972 943 
8978 12 
8985 1689 
8994 1221 
9003 1043 
9023 3 
9029 108 
9033 1517 
9050 512 
9057 5 
9061 212 
9079 274 
9086 370 
9091 12 
9131 27 
9166 63 
9190 16 
9197 2716 
9205 688 
9237 799 
9239 87 
9252 2312 
9258 74 
9266 118 
9274 5361 
9279 469 
9289 318 
9295 53 
9304 1016 
9306 461 
9338 2695 
9343 264 
9345 631 
9346 159 
9347 344 
9368 278 
9374 240 
9383 1289 
9384 156 
9410 555 
9416 4478 
9417 15 
9417 175 
9433 45 
9441 314 
9444 3927 
9449 548 
9454 208 
9478 2443 
9491 338 
9497 64 
9510 2194 
9513 24 
9522 3 
9536 577 
9540 1123 
9548 80 
9561 295 
9568 278 
9575 14 
9582 74 
9583 353 
9602 149 
9604 214 
9620 17 
9626 613 
9634 69 
9669 827 
9724 106 
9727 59 
9727 15 
9728 122 
9789 101 
9793 9 
9812 442 
9816 53 
9819 1105 
9823 60 
9824 101 
9824 518 
9828 9 
9866 629 
9873 322 
9903 364 
9921 155 
9933 631 
9941 6756 
9943 492 
9945 469 
9948 782 
9956 308 
9974 146 
9974 186 
9980 497 
9990 58 
9990 2340 
9998 88 
9999 950 
10008 89 
10027 386 
10053 4 
10053 463 
10058 400 
10061 322 
10064 15 
10081 933 
10114 7354 
10117 128 
10125 77 
10130 42 
10156 701 
10180 355 
10193 485 
10200 277 
10204 3 
10207 613 
10208 36 
10215 85 
10217 9 
10220 132 
10226 235 
10230 17 
10231 1297 
10241 129 
10246 840 
10248 52 
10257 73 
10268 173 
10269 125 
10272 55 
10304 699 
10314 125 
10325 449 
10330 183 
10347 197 
10360 2346 
10373 86 
10375 112 
10377 34 
10383 55 
10387 250 
10399 4343 
10435 104 
10440 45 
10460 199 
10475 437 
10511 866 
10522 38 
10526 333 
10528 1249 
10541 249 
10545 464 
10548 434 
10561 72 
10569 482 
10599 63 
10604 579 
10637 10 
10649 78 
10656 238 
10682 4742 
10682 2 
10694 193 
10696 546 
10712 1208 
10729 77 
10739 589 
10748 81 
10752 1535 
10753 418 
10762 483 
10796 248 
10816 61 
10821 144 
10830 1214 
10876 86 
10877 1143 
10894 173 
10915 104 
10946 0 
10958 301 
10963 1928 
10999 306 
11043 707 
11048 1045 
11051 465 
11055 372 
11057 1504 
11066 192 
11079 1270 
11090 276 
11103 428 
11138 87 
11142 35 
11151 104 
11157 219 
11162 670 
11165 20 
11176 105 
11187 60 
11203 2252 
11208 0 
11212 1 
11213 1177 
11248 181 
11257 81 
11268 819 
11273 646 
11323 334 
11329 109 
11333 374 
11345 1142 
11351 235 
11382 331 
11401 1922 
11407 20 
11428 1 
11432 539 
11466 103 
11476 434 
11491 77 
11509 867 
11512 129 
11524 216 
11526 201 
11529 434 
11543 22 
11545 132 
11556 333 
11566 116 
11566 22 
11570 1179 
11581 576 
11617 164 
11622 4 
11638 43 
11651 2279 
11662 145 
11715 1192 
11745 96 
11746 844 
11767 1 
11777 11375 
11787 1094 
11811 1656 
11812 87 
11820 53 
11844 1104 
11879 65 
11894 554 
11904 144 
11919 721 
11954 1049 
11957 588 
11964 706 
11979 222 
11990 245 
11992 340 
12001 1 
12007 0 
12012 255 
12026 9 
12037 231 
12039 413 
12061 136 
12083 1405 
12084 228 
12086 12 
12087 969 
12093 144 
12160 1099 
12160 104 
12175 23 
12176 56 
12213 584 
12232 297 
12272 532 
12292 38 
12303 2 
12314 1229 
12320 67 
12325 51 
12356 10 
12361 656 
12413 356 
12421 211 
12436 727 
12439 173 
12440 625 
12442 119 
12450 254 
12460 3 
12481 3 
12490 144 
12504 170 
12542 51 
12547 522 
12574 1121 
12580 2117 
12594 398 
12600 1658 
12601 1035 
12614 11 
12625 210 
12631 16 
12650 183 
12653 1505 
12670 140 
12699 479 
12704 278 
12737 133 
12739 1 
12739 23 
12754 13 
12776 493 
12778 48 
12787 12 
12799 140 
12803 48 
12815 130 
12817 190 
12822 119 
12853 42 
12866 2094 
12869 382 
12881 48 
12884 730 
12891 4 
12894 7 
12899 1426 
12902 0 
12920 508 
12929 82 
12941 673 
12964 83 
12974 1220 
12982 684 
12982 312 
12985 14 
12994 791 
13004 123 
13017 855 
13037 2551 
13041 1844 
13053 1178 
13054 98 
13058 21 
13060 130 
13069 1678 
13071 1209 
13103 1244 
13104 105 
13108 201 
13110 0 
13119 453 
13143 727 
13156 130 
13171 367 
13177 820 
13182 290 
13207 8110 
13213 65 
13223 380 
13255 853 
13272 91 
13272 91 
13293 69 
13293 104 
13293 69 
13293 104 
13302 329 
13302 768 
13302 768 
13302 329 
13307 896 
13307 896 
13321 137 
13321 137 
13332 154 
13332 154 
13343 239 
13343 239 
13359 608 
13359 608 
13371 21 
13372 83 
13375 1297 
13376 181 
13385 3838 
13397 643 
13426 0 
13456 730 
13464 9858 
13467 404 
13478 1 
13479 214 
13481 1134 
13485 390 
13488 142 
13521 13 
13531 3 
13591 509 
13605 105 
13606 1187 
13609 118 
13647 97 
13665 736 
13674 1219 
13679 42 
13681 1760 
13691 8 
13714 225 
13754 15 
13766 14 
13767 15 
13773 1958 
13776 1762 
13788 75 
13793 198 
13805 53 
13808 859 
13813 35 
13831 757 
13833 251 
13833 1644 
13840 6053 
13842 219 
13905 1095 
13908 242 
13911 613 
13926 459 
13938 53 
13948 235 
13949 953 
13958 301 
13964 31 
13979 431 
13983 1447 
13983 628 
13986 15 
14008 1742 
14021 451 
14066 224 
14071 735 
14082 32 
14104 81 
14106 33 
14116 325 
14136 122 
14141 367 
14148 203 
14154 336 
14157 1 
14158 520 
14181 1430 
14183 46 
14186 203 
14195 666 
14202 113 
14215 349 
14236 889 
14238 1157 
14241 80 
14249 1835 
14261 287 
14267 555 
14269 420 
14282 407 
14287 47 
14310 412 
14310 803 
14311 8553 
14317 667 
14338 24 
14345 107 
14369 52 
14373 1540 
14377 81 
14400 68 
14407 414 
14415 3463 
14423 615 
14430 1374 
14434 66 
14437 1302 
14465 811 
14472 843 
14479 24 
14482 31 
14494 336 
14497 314 
14508 72 
14527 142 
14532 208 
14546 1 
14570 52 
14582 482 
14586 74 
14590 32 
14596 53 
14597 222 
14677 12 
14680 640 
14701 14 
14710 2 
14712 145 
14712 129 
14735 40 
14755 1170 
14788 589 
14808 630 
14827 393 
14853 928 
14886 184 
14911 1907 
14914 267 
14955 162 
14970 609 
14974 5662 
14975 1353 
14993 190 
14997 1072 
15001 7 
15007 399 
15018 3280 
15035 662 
15040 1625 
15042 119 
15045 174 
15053 15 
15066 39 
15075 1348 
15082 84 
15088 793 
15090 260 
15133 1303 
15145 59 
15153 219 
15163 387 
15185 91 
15187 588 
15201 122 
15246 146 
15263 34 
15327 208 
15333 1069 
15337 512 
15341 6 
15351 201 
15360 6 
15366 218 
15367 348 
15381 100 
15408 436 
15452 462 
15456 548 
15458 267 
15508 220 
15515 1000 
15520 1094 
15524 441 
15524 1039 
15525 315 
15535 322 
15538 40 
15574 173 
15613 2373 
15615 485 
15628 582 
15637 993 
15668 386 
15673 99190 
15704 350 
15709 397 
15719 1538 
15728 817 
15746 284 
15752 0 
15753 223 
15754 468 
15779 291 
15783 104 
15792 2291 
15793 154 
15801 404 
15838 109 
15844 1387 
15854 898 
15872 20 
15900 304 
15901 2 
15906 77 
15912 1052 
15927 463 
15930 77 
15932 24 
15945 204 
15949 3656 
15950 122 
15955 133 
15956 193 
15989 139 
16010 224 
16039 8 
16055 2 
16071 156 
16074 20 
16075 4 
16081 107 
16088 1652 
16114 137 
16117 531 
16122 173 
16136 783 
16146 371 
16148 310 
16157 40 
16216 0 
16220 301 
16227 51 
16229 290 
16236 176 
16244 65 
16248 111 
16248 206 
16261 62 
16265 246 
16318 391 
16331 152 
16350 119 
16391 625 
16428 5462 
16442 547 
16459 641 
16488 39 
16495 1833 
16501 260 
16503 105 
16540 378 
16546 1825 
16554 19 
16580 1339 
16595 94 
16620 430 
16622 1757 
16636 87 
16651 23 
16673 610 
16675 571 
16677 4 
16677 2778 
16699 2782 
16721 587 
16741 179 
16769 127 
16782 2 
16793 60 
16839 806 
16848 482 
16895 62 
16919 119 
16944 149 
16961 1848 
16969 163 
16979 77 
16996 624 
16997 324 
17004 489 
17035 377 
17074 348 
17088 177 
17106 751 
17118 140 
17137 35 
17147 1016 
17149 264 
17155 1071 
17167 14 
17175 725 
17192 1051 
17201 147 
17209 644 
17214 212 
17216 186 
17226 1092 
17231 64 
17236 669 
17240 69 
17241 1273 
17254 936 
17256 2045 
17279 68 
17287 48 
17288 738 
17304 48 
17307 805 
17307 644 
17321 889 
17322 98 
17337 268 
17339 107 
17370 548 
17383 378 
17402 3828 
17407 702 
17416 114 
17420 0 
17434 44 
17438 12 
17446 516 
17471 1813 
17472 42 
17475 262 
17485 337 
17487 62 
17491 191 
17503 792 
17533 532 
17568 379 
17581 10 
17626 0 
17627 109 
17639 522 
17650 68 
17653 21 
17658 469 
17727 395 
17729 240 
17747 664 
17770 185 
17778 247 
17778 112 
17840 192 
17845 162 
17850 614 
17867 179 
17888 190 
17899 20 
17905 740 
17920 102 
17929 3 
17932 528 
17955 884 
17959 149 
17959 0 
17960 776 
17965 472 
17969 498 
17998 223 
18010 1109 
18012 570 
18025 50 
18034 283 
18052 102 
18054 727 
18102 457 
18116 615 
18130 39 
18161 348 
18164 3163 
18185 17 
18213 38 
18219 1000 
18221 14 
18222 5 
18224 963 
18225 110 
18230 23 
18232 364 
18235 316 
18245 142 
18245 393 
18252 1063 
18274 87 
18298 2 
18299 202 
18307 167 
18322 308 
18328 165 
18343 203 
18350 951 
18358 354 
18362 503 
18369 1354 
18372 331 
18385 121 
18386 45 
18468 15 
18483 347 
18486 34 
18493 1192 
18497 10 
18520 557 
18542 3363 
18542 208 
18543 267 
18556 6 
18562 206 
18566 1465 
18575 1864 
18575 740 
18597 2205 
18607 2078 
18609 2385 
18617 1476 
18620 250 
18646 4550 
18673 7 
18701 28 
18714 2461 
18717 3656 
18734 1281 
18746 850 
18755 137391 
18827 658 
18828 3228 
18845 738 
18874 1486 
18879 122 
18891 812 
18900 782 
18903 636 
18933 7 
18952 252 
18952 1656 
18969 19 
18986 311 
19005 754 
19012 19 
19013 184 
19020 114 
19021 211 
19025 3123 
19025 1009 
19026 523 
19027 1966 
19047 240 
19048 333 
19050 1352 
19058 35 
19065 301 
19067 503 
19070 175 
19076 2763 
19080 840 
19082 950 
19082 208 
19083 758 
19090 266 
19097 2901 
19110 135 
19141 322 
19156 920 
19166 590 
19166 361 
19185 41 
19191 77 
19202 4307 
19204 293 
19219 11 
19225 99 
19238 258 
19278 162 
19281 2473 
19300 3550 
19312 1179 
19312 61 
19337 79 
19343 1967 
19360 1043 
19369 0 
19386 145 
19471 190 
19483 9804 
19539 559 
19570 940 
19627 1534 
19640 271 
19649 1 
19655 122 
19661 1052 
19683 233 
19689 40 
19690 65 
19734 298 
19743 658 
19746 465 
19762 484 
19771 280 
19780 2316 
19793 4 
19813 1063 
19814 368 
19815 4 
19844 454 
19860 1157 
19868 590 
19874 6662 
19885 108 
19890 4830 
19891 49 
19891 307 
19895 761 
19904 1946 
19911 153 
19933 570 
19939 350 
19939 28 
19945 1858 
19947 3156 
19955 62 
19958 327 
19991 7 
19997 331 
20006 289 
20017 857 
20036 193 
20051 36 
20074 391 
20080 573 
20081 8 
20128 38 
20132 650 
20188 553 
20198 15 
20210 74 
20239 583 
20277 497 
20291 429 
20311 372 
20319 363 
20337 572 
20338 244 
20351 238 
20357 36 
20357 21 
20360 62 
20364 571 
20372 208 
20375 225 
20384 726 
20387 509 
20421 130 
20429 132 
20434 2333 
20442 1620 
20442 368 
20446 1217 
20462 999 
20466 1181 
20468 193 
20481 543 
20485 1795 
20493 1130 
20501 211 
20516 146 
20519 5 
20549 768 
20559 481 
20576 1426 
20578 155 
20580 308 
20587 218 
20599 110 
20612 521 
20620 51594 
20638 576 
20647 694 
20659 286 
20683 162 
20695 1282 
20699 30 
20719 77 
20729 533 
20747 384 
20750 61 
20768 459 
20811 277 
20839 412 
20840 7885 
20871 76 
20873 399 
20890 614 
20901 114 
20902 1915 
20904 6 
20907 48 
20938 259 
20941 822 
20975 55 
20981 157 
20982 115 
21028 10 
21029 959 
21038 4 
21042 5 
21052 85 
21060 122 
21073 724 
21104 20 
21107 34 
21112 213 
21113 232 
21128 20 
21136 1090 
21138 88 
21149 538 
21172 328 
21174 960 
21219 158 
21243 553 
21278 349 
21282 3582 
21309 8 
21312 605 
21324 1726 
21346 440 
21352 357 
21367 48 
21375 805 
21376 289 
21400 398 
21404 265 
21413 755 
21418 723 
21418 116 
21445 1773 
21445 254 
21462 16 
21476 462 
21496 280 
21505 888 
21525 98 
21542 74 
21559 1420 
21586 934 
21586 61 
21590 60 
21614 77 
21619 181 
21622 348 
21641 2066 
21646 194 
21660 433 
21677 177 
21686 19 
21695 545 
21706 25 
21793 4051 
21802 238 
21807 1570 
21814 987 
21860 1654 
21860 451 
21871 532 
21875 5 
21882 109 
21892 1555 
21900 118 
21907 38 
21933 229 
21950 162 
21953 89 
21990 404 
21991 965 
21993 143 
21993 438 
22008 1253 
22019 563 
22024 14 
22024 1317 
22059 122 
22063 48 
22069 1606 
22076 846 
22077 1490 
22080 354 
22083 2165 
22089 299 
22100 13 
22118 262 
22150 22 
22177 668 
22193 194 
22202 810 
22204 510 
22206 17633 
22210 63 
22212 33 
22220 1922 
22224 712 
22231 172 
22239 1007 
22241 515 
22242 89 
22250 147 
22250 140 
22253 165 
22256 937 
22294 749 
22310 198 
22335 673 
22337 951 
22377 417 
22383 61 
22383 263 
22386 155 
22399 3189 
22422 109 
22446 197 
22458 29 
22461 1797 
22468 139 
22479 73 
22491 1194 
22514 190 
22516 146 
22543 59 
22560 1 
22626 520 
22645 367 
22672 2000 
22682 635 
22734 6 
22744 19 
22765 418 
22771 1 
22772 131 
22780 16 
22789 129 
22796 1 
22869 138 
22875 116 
22875 60 
22879 299 
22893 27 
22901 640 
22911 714 
22924 20 
22945 79 
22964 136 
22964 142 
23000 101 
23008 12 
23013 1587 
23036 140 
23050 344 
23064 141 
23065 493 
23072 329 
23090 946 
23091 522 
23100 695 
23109 182 
23116 448 
23120 43 
23143 373 
23154 660 
23229 2441 
23232 623 
23249 349 
23256 88 
23263 329 
23313 36 
23326 934 
23381 75 
23394 15 
23402 1971 
23423 23 
23429 18 
23436 155 
23443 1691 
23478 44 
23478 249 
23503 698 
23505 1439 
23523 2059 
23526 89 
23531 1531 
23542 571 
23542 3141 
23575 383 
23577 1175 
23599 976 
23613 135 
23631 900 
23642 3409 
23645 399 
23647 150 
23667 3 
23677 546 
23697 130 
23698 1143 
23699 467 
23712 236 
23718 44 
23763 833 
23763 4 
23809 127 
23811 300 
23841 1112 
23844 49 
23850 432 
23870 214 
23880 376 
23881 10 
23885 62 
23888 165 
23920 24 
23936 585 
23952 44 
23961 1163 
23965 1066 
23993 202 
24001 810 
24036 17 
24040 22 
24053 523 
24069 1923 
24071 155 
24092 53 
24113 66 
24118 23 
24122 162 
24157 4 
24187 113 
24224 224 
24234 554 
24242 516 
24253 343 
24265 35 
24279 297 
24324 642 
24339 1 
24353 146 
24374 120 
24385 22 
24431 487 
24449 36 
24455 36 
24471 141 
24514 1259 
24536 1302 
24539 180 
24540 1 
24560 41 
24565 84 
24607 264 
24616 77 
24658 1973 
24674 84 
24797 5 
24806 124 
24806 2377 
24845 940 
24860 382 
24869 796 
24898 468 
24906 382 
24943 204 
24944 221 
24960 298 
24960 220 
24970 105 
25043 318 
25101 181 
25110 1235 
25129 380 
25217 362 
25279 59 
25317 42 
25349 143 
25362 502 
25382 8 
25392 47 
25405 90 
25453 28 
25466 12 
25480 328 
25520 1471 
25525 20 
25539 88 
25547 295 
25553 1259 
25560 467 
25570 361 
25638 187 
25662 555 
25664 290 
25687 732 
25713 3755 
25719 3011 
25758 752 
25758 841 
25778 76 
25828 157 
25904 2142 
25924 56 
25936 48 
25945 461 
25948 499 
25968 455 
25970 1174 
25981 398 
25993 83 
25994 536 
25998 651 
26012 619 
26015 116 
26019 816 
26092 1460 
26093 1 
26105 905 
26108 644 
26115 358 
26127 124 
26138 263 
26180 245 
26198 107 
26212 554 
26232 349 
26247 63 
26264 88 
26287 1 
26304 63 
26371 144 
26421 474 
26426 111 
26438 586 
26475 1066 
26491 814 
26544 904 
26581 460 
26650 142 
26666 784 
26704 1337 
26705 67 
26740 486 
26740 1636 
26754 17 
26790 276 
26812 98 
26820 212 
26826 582 
26840 233 
26841 65 
26850 884 
26859 85 
26878 154 
26936 187 
26953 160 
26991 561 
27003 543 
27052 389 
27081 199 
27134 2495 
27154 2056 
27160 980 
27181 1729 
27195 1996 
27197 510 
27198 13 
27200 575 
27221 59 
27221 656 
27249 575 
27251 2234 
27273 4086 
27276 329 
27299 522 
27302 155 
27327 1184 
27350 38 
27375 229 
27395 652 
27413 203 
27429 1021 
27432 18 
27444 857 
27448 1740 
27448 274 
27457 507 
27462 78 
27477 443 
27503 3787 
27519 429 
27540 3317 
27571 14320 
27573 13 
27578 205 
27583 268 
27585 569 
27589 193 
27596 125 
27605 21 
27645 2380 
27715 181 
27722 366 
27773 63 
27812 93 
27824 43 
27831 179 
27849 478 
27901 264 
27901 264 
27906 69 
27906 69 
27909 1277 
27909 1277 
27940 250 
27940 250 
27961 122 
27978 1683 
27980 116 
28016 1276 
28023 296 
28034 118 
28070 0 
28105 1137 
28111 153 
28114 265 
28127 0 
28148 30 
28212 577 
28237 3075 
28259 191 
28261 810 
28278 1251 
28356 29 
28360 1670 
28374 526 
28389 92 
28411 168 
28467 2 
28514 54 
28531 138 
28543 281 
28555 585 
28581 513 
28588 564 
28600 609 
28605 1156 
28607 1210 
28639 49 
28645 1189 
28656 133 
28658 225 
28658 2766 
28669 1162 
28670 1546 
28716 206 
28722 583 
28726 46 
28739 459 
28739 58 
28750 62 
28765 33 
28766 822 
28772 240 
28805 462 
28826 797 
28863 1782 
28876 166 
28901 26 
28901 422 
28906 100 
28927 9 
28956 616 
28997 143 
29026 1169 
29059 133 
29059 196 
29132 651 
29160 1556 
29164 703 
29181 402 
29225 51 
29226 1035 
29235 199 
29251 2117 
29290 0 
29316 24 
29317 438 
29329 415 
29394 158 
29409 638 
29427 3513 
29471 40 
29471 3512 
29475 199 
29493 4928 
29510 1356 
29548 13 
29564 93 
29580 220 
29611 48 
29638 108 
29666 2394 
29672 59 
29675 158 
29688 4136 
29746 2695 
29766 1696 
29773 43 
29780 35 
29808 524 
29827 39 
29831 0 
29833 167 
29845 87 
29855 804 
29860 1118 
29871 197 
29879 1175 
29897 42 
29917 1 
29969 31 
29994 212 
29999 413 
30010 42825 
30015 467 
30031 108 
30036 173 
30042 93 
30060 143 
30069 114 
30073 24 
30098 98 
30115 252 
30155 16 
30166 43 
30175 21 
30202 34 
30203 46 
30221 582 
30244 59 
30276 64 
30281 520 
30350 134 
30371 1525 
30386 356 
30393 649 
30396 589 
30419 747 
30443 246 
30461 151 
30469 2981 
30481 1186 
30507 68 
30575 44 
30582 979 
30604 1329 
30613 620 
30620 102 
30640 231 
30702 462 
30726 87 
30750 1430 
30757 14 
30835 818 
30845 510 
30928 585 
30940 1833 
30949 348 
30960 187 
31019 260 
31040 397 
31049 10 
31079 836 
31108 320 
31140 527 
31140 366 
31171 268 
31189 1654 
31194 237 
31203 559 
31242 455 
31275 435 
31295 4085 
31297 266 
31300 170 
31314 5 
31372 986 
31415 818 
31415 2475 
31443 82 
31457 19 
31460 156 
31477 228 
31497 266 
31529 18 
31547 1532 
31566 357 
31608 29 
31617 1551 
31619 913 
31634 207 
31638 1130 
31657 161 
31660 942 
31664 719 
31691 18 
31692 662 
31738 459 
31741 23 
31794 2224 
31800 306 
31825 277 
31833 10 
31845 51 
31859 32 
31893 222 
31901 70 
31904 9 
31937 3629 
31975 536 
31986 508 
32002 697 
32029 197 
32039 80 
32044 684 
32053 1022 
32055 1116 
32060 4467 
32062 173 
32066 262 
32089 252 
32092 0 
32123 170 
32165 23 
32172 647 
32224 3242 
32254 2886 
32269 63 
32290 602 
32292 18 
32329 4 
32348 65 
32352 33 
32373 4 
32377 565 
32381 859 
32414 1 
32472 437 
32492 188 
32544 13708 
32544 511 
32559 71 
32580 707 
32623 634 
32625 5185 
32645 769 
32666 102 
32681 202 
32694 746 
32717 0 
32720 609 
32739 25 
32763 406 
32783 9 
32785 711 
32791 24 
32793 1663 
32813 373 
32824 1188 
32831 1338 
32835 553 
32849 338 
32869 195 
32877 42 
32883 406 
32930 232 
32969 1189 
32987 3811 
33009 723 
33023 261 
33040 479 
33087 231 
33116 67 
33137 6 
33168 95 
33216 87 
33248 260 
33258 62 
33272 187 
33296 3 
33300 78 
33303 96 
33310 137 
33343 367 
33401 21 
33403 190 
33415 72 
33430 536 
33434 305 
33490 1341 
33491 243 
33492 232 
33545 121 
33560 445 
33577 127 
33585 232 
33605 353 
33671 248 
33706 92 
33727 73 
33741 119 
33754 148 
33786 25 
33793 95 
33805 145 
33816 508 
33855 40 
33861 3547 
33900 13 
33906 10820 
33911 736 
33921 413 
33935 363 
33951 3 
33953 110 
33975 20 
34023 68 
34032 120 
34035 441 
34067 68 
34077 0 
34090 67 
34093 39 
34107 90 
34110 84 
34138 9652 
34157 20 
34189 1562 
34219 140 
34226 423 
34232 55 
34242 497 
34245 241 
34274 9696 
34295 38 
34316 515 
34337 80 
34339 26 
34366 891 
34375 340 
34377 13 
34380 163 
34381 560 
34392 168 
34406 243 
34418 109 
34425 3546 
34443 6 
34491 52 
34509 1011 
34516 637 
34529 116 
34549 46 
34550 251 
34567 312 
34622 31 
34666 834 
34684 622 
34706 85 
34729 341 
34752 155 
34760 220 
34813 20 
34827 139 
34832 90 
34854 1242 
34893 42 
34903 213 
34908 27 
34915 109 
34982 18 
35005 62 
35032 41 
35038 242 
35051 164 
35058 16 
35063 45 
35076 278 
35079 259 
35092 1 
35100 1335 
35105 233 
35107 189 
35148 630 
35169 993 
35177 3752 
35182 1046 
35201 174 
35281 257 
35287 223 
35311 90 
35321 187 
35326 1623 
35354 236 
35361 25 
35380 571 
35385 25 
35397 297 
35403 952 
35409 19 
35411 25 
35413 115 
35428 91 
35443 19 
35444 652 
35446 166 
35449 196 
35451 177 
35482 60 
35490 1625 
35499 554 
35506 8 
35511 24 
35523 105 
35543 428 
35585 416 
35615 11 
35623 2581 
35656 1667 
35663 21 
35695 208 
35733 28 
35765 1110 
35772 1012 
35797 0 
35829 2058 
35829 249 
35863 7 
35876 18 
35885 171 
35896 186 
35898 672 
35902 756 
35907 124 
35922 27 
35922 14 
35925 23 
35955 1641 
35956 44 
36036 176 
36050 245 
36088 48 
36120 1264 
36132 5 
36166 2125 
36167 48 
36209 341 
36246 1 
36247 6 
36265 36 
36293 51614 
36314 26 
36317 13 
36324 7184 
36343 325 
36345 4 
36348 806 
36358 783 
36424 582 
36434 13 
36492 68 
36532 805 
36534 1342 
36576 55 
36598 622 
36617 4743 
36657 225 
36682 2963 
36698 68 
36713 330 
36751 788 
36771 405 
36828 364 
36871 233 
36889 0 
36897 924 
36907 37 
36912 3287 
36988 97 
36990 1525 
36998 1432 
37047 3497 
37060 29 
37075 641 
37087 56 
37088 1 
37088 164 
37089 276 
37092 100 
37092 276 
37121 138 
37122 2940 
37141 695 
37168 207 
37225 272 
37229 1461 
37268 342 
37279 293 
37318 53 
37340 188 
37348 449 
37384 320 
37388 1078 
37396 662 
37406 2 
37422 22 
37451 96 
37477 757 
37507 77 
37512 204 
37528 245 
37532 73 
37541 202 
37564 72 
37580 129 
37583 207 
37602 154 
37633 3 
37639 164 
37642 1046 
37715 33 
37718 189 
37769 116 
37780 168 
37784 2 
37805 21 
37906 568 
37908 69 
37919 1764 
37932 23 
37939 120 
37941 254 
37950 35 
37982 98 
37987 1013 
38015 820 
38016 535 
38033 3021 
38043 37 
38046 443 
38057 644 
38062 71 
38062 783 
38142 621 
38166 831 
38191 12 
38192 162 
38196 156 
38226 179 
38226 255 
38287 164 
38288 50 
38290 279 
38329 909 
38364 165 
38380 1314 
38401 258 
38422 798 
38442 1062 
38445 381 
38523 44 
38525 930 
38536 666 
38573 527 
38643 194 
38694 44 
38716 214 
38721 590 
38739 974 
38770 614 
38773 278 
38780 689 
38824 324 
38833 26 
38867 569 
38883 197 
38888 208 
38889 1097 
38894 248 
38905 4896 
38966 957 
38974 577 
38989 7 
38993 1222 
39005 3838 
39011 767 
39041 975 
39075 57 
39098 1161 
39119 145 
39148 16 
39165 1477 
39172 42 
39183 29 
39229 2079 
39269 88 
39287 18 
39288 155 
39294 96 
39301 1395 
39307 217 
39352 149 
39382 71 
39424 478 
39441 256 
39465 0 
39558 272 
39594 411 
39597 887 
39601 165 
39610 1689 
39692 113 
39705 65 
39706 174 
39720 2316 
39722 580 
39727 284 
39740 186 
39744 25 
39785 129 
39823 369 
39890 171 
39911 102 
39920 4 
39937 86 
39945 4 
39948 14 
39999 26 
40009 294 
40028 308 
40047 80 
40085 510 
40123 15 
40136 28 
40140 350 
40147 164 
40238 0 
40255 1453 
40268 73 
40344 397 
40381 72 
40403 254 
40405 339 
40428 99 
40471 421 
40487 142 
40489 795 
40504 2005 
40510 224 
40563 37 
40570 33 
40656 1327 
40661 46 
40663 875 
40705 3 
40711 811 
40711 10 
40817 1017 
40836 34 
40840 91 
40863 92 
40869 1241 
40899 81 
40911 97 
40942 799 
40950 55 
40952 1240 
40964 2642 
40993 360 
41009 1692 
41062 66 
41064 239 
41067 1457 
41115 422 
41179 25 
41232 88 
41247 122 
41273 780 
41283 434 
41296 604 
41298 517 
41318 535 
41381 945 
41396 2 
41398 123 
41406 75 
41414 182 
41451 114 
41462 906 
41481 87 
41487 578 
41495 1558 
41509 505 
41576 1289 
41604 967 
41637 1157 
41676 1615 
41689 110 
41691 201 
41791 141 
41826 1355 
41835 109 
41919 49 
41924 1 
42007 142 
42014 1775 
42040 136 
42089 1166 
42125 3995 
42135 151 
42181 1040 
42186 344 
42203 2315 
42229 926 
42242 118 
42245 176 
42279 712 
42331 606 
42345 27 
42356 2328 
42367 1097 
42459 371 
42520 181 
42544 827 
42663 399 
42687 184 
42694 822 
42718 369 
42818 705 
42893 227 
42935 140 
43026 2256 
43042 684 
43081 6 
43133 107 
43135 180 
43152 2654 
43161 109 
43186 1873 
43194 748 
43224 1693 
43261 86 
43381 343 
43395 3 
43421 2935 
43443 740 
43451 210 
43538 7 
43673 182 
43691 710 
43895 6282 
43900 432 
43908 612 
43915 58 
43917 7 
43923 184 
43932 76 
43986 123 
44040 91 
44053 36 
44079 760 
44079 246 
44226 16 
44292 1894 
44361 7441 
44376 1142 
44383 180 
44390 1279 
44391 1058 
44406 1034 
44427 148 
44485 696 
44601 638 
44673 188 
44678 9 
44686 0 
44706 643 
44752 186 
44807 2293 
44829 29 
44836 1649 
44860 19 
45007 87 
45010 160 
45012 1961 
45191 168 
45330 1184 
45341 536 
45419 3591 
45431 44 
45513 0 
45525 162 
45557 37 
45587 656 
45620 1 
45621 33 
45624 823 
45679 3 
45811 241 
45827 108 
45929 35 
46035 9124 
46041 170 
46150 588 
46372 479 
46388 10 
46457 28 
46518 8 
46522 15 
46612 2055 
46623 782 
46631 9 
46717 1346 
46783 191 
46871 3 
46889 702 
46899 1569 
46923 112 
46962 483 
47123 151 
47126 1860 
47152 174 
47152 342 
47184 0 
47188 70 
47237 33 
47290 28 
47315 1755 
47408 323 
47437 10 
47453 25 
47493 4333 
47496 801 
47528 833 
47577 16 
47627 844 
47641 3 
47669 208 
47720 8 
47729 5754 
47758 34 
47767 758 
47769 990 
47789 122 
47967 2358 
48104 0 
48238 60 
48340 860 
48353 424 
48366 57 
48403 213 
48454 0 
48521 2440 
48618 58 
48641 2686 
48704 1665 
48746 627 
48888 591 
49020 282 
49035 91 
49041 1751 
49043 289 
49049 42 
49055 2772 
49074 939 
49086 997 
49155 1998 
49200 1482 
49217 555 
49227 435 
49279 923 
49282 701 
49310 21 
49347 95 
49367 1018 
49397 87 
49412 415 
49427 1358 
49428 4201 
49536 948 
49635 1091 
49645 35 
49657 29 
49771 453 
49903 58 
49928 378 
49966 113 
49992 138 
50034 1094 
50119 1550 
50123 0 
50174 691 
50264 172 
50292 400 
50299 111 
50419 579 
50453 80 
50455 797 
50463 1055 
50545 1048 
50626 0 
50631 61 
50759 701 
50774 2397 
50789 7046 
50834 1905 
50836 321 
50839 602 
50843 14838 
50935 4807 
50938 431 
50967 227 
50980 1086 
50987 153 
51043 318 
51071 116 
51125 179 
51158 126 
51181 943 
51256 157 
51308 565 
51354 635 
51376 997 
51386 920 
51418 766 
51418 335 
51496 25 
51525 182 
51574 5324 
51838 590 
51899 319 
51902 0 
52021 6037 
52053 1 
52178 847 
52242 6124 
52417 5 
52520 1219 
52777 78 
52942 307 
52950 3 
52959 69 
53331 17 
53353 235 
53402 43 
53527 938 
53564 188 
53648 392 
53770 23 
53812 653 
53829 79 
53832 409 
53908 408 
53938 18 
54018 346 
54191 1 
54320 1394 
54331 379 
54611 0 
54649 770 
54740 80 
54758 245 
54836 85 
54956 1450 
55371 146 
55432 647 
55467 133 
55493 328 
55565 34 
55679 1063 
55833 289 
56078 212 
56222 14 
56351 168 
56458 164 
56677 1128 
56692 91 
56739 118 
57035 1 
57356 450 
57407 655 
57435 451 
57481 514 
57843 419 
57871 137 
58048 1904 
58057 69 
58058 394 
58247 662 
58369 903 
58385 66 
58408 662 
58439 185 
58466 372 
58477 83 
58547 1130 
58556 58 
58616 480 
58827 2731 
58910 167 
58925 1136 
58949 1697 
59199 1948 
59436 1076 
59550 508 
59576 337 
59671 1365 
59778 849 
59821 141 
59904 256 
59983 12 
60215 151 
60301 3934 
60360 118 
60395 1599 
60437 640 
60560 0 
60570 27 
60740 44 
61087 35 
61457 85 
61489 1992 
61701 3 
61761 192 
62382 877 
62460 47 
62520 562 
62625 19 
62689 2417 
63001 0 
63166 422 
63233 214 
63270 415 
63315 2090 
63363 375 
63486 1343 
63536 976 
63563 6938 
63584 1309 
63591 833 
63611 1 
63692 387 
63706 785 
63878 367 
63914 165 
63958 298 
64039 578 
64293 232 
64305 202 
64374 334 
64404 1 
64804 1 
65357 589 
65489 613 
65499 223 
65542 312 
65721 1588 
66170 98 
66346 521 
66484 374 
66485 20 
66558 292 
66662 2228 
66866 0 
66999 1654 
67335 541 
67558 505 
67808 15 
68011 1 
68332 1406 
68388 324 
68664 200 
68671 246 
69002 191 
69364 110 
69459 2 
69847 588 
70118 151 
70153 1063 
70236 19 
70694 590 
71013 34 
71521 1627 
71720 283 
71859 631 
72213 1923 
72371 169 
72427 25 
72626 7 
72775 72 
72775 72 
72910 862 
73432 551 
73999 177 
74138 175 
74319 356 
74497 3716 
74838 301 
75385 30 
75412 382 
75438 367 
75759 178 
75917 648 
76413 102 
76451 1543 
76492 32 
76514 832 
76540 337 
76643 153 
77056 341 
77274 147 
77884 1499 
77941 211 
78032 301 
78143 634 
78292 372 
78573 340 
78690 327 
79460 529 
79971 192 
80096 824 
80857 187 
81311 573 
81706 122 
82302 106 
82466 1373 
84414 419 
84954 174 
85035 0 
85678 434 
86805 6263 
86830 227 
87132 7 
87415 2262 
87794 1727 
89520 155 
89907 0 
90998 267 
91620 1208 
91662 1408 
91727 651 
91778 726 
91816 431 
91857 74 
93017 430 
93386 1880 
93613 9 
93798 1649 
95451 194 
95860 660 
95939 193 
96575 0 
97399 383 
97964 343 
98501 16 
98620 166 
99462 199 
101572 522 
102035 593 
102174 327 
103111 20 
103530 190 
103669 100 
103695 215 
103960 48 
104360 3385 
104457 15 
105010 46 
105472 199 
105481 971 
105598 132 
106050 795 
106183 9 
106288 195 
106830 455 
107334 0 
107734 922 
108170 650 
108862 113 
109523 810 
109681 81 
110316 45 
111570 191 
111967 1284 
114478 95 
114545 23 
114822 41 
115146 182 
115786 329 
115844 199 
116192 550 
116867 951 
117280 50 
117400 134 
117944 215 
118693 643 
119329 1361 
119459 784 
120527 3 
121788 255 
121850 68 
121887 46 
122007 348 
122046 127 
122513 1090 
122580 342 
122667 286 
123064 11 
123172 70 
123368 12 
123747 1862 
124057 137 
124259 0 
124836 373 
126257 49 
126834 700 
126867 917 
127241 227 
127369 1743 
127493 202 
127662 853 
127795 841 
127986 1678 
128381 523 
129483 198 
129639 2 
129791 166 
130673 1054 
131231 2294 
131562 1303 
131954 826 
131987 85 
132298 44 
132308 129 
133130 159 
133675 1313 
133806 1804 
133812 529 
133921 0 
134258 388 
134532 201 
134712 124 
134925 5074 
135140 1308 
135838 136 
135965 1054 
136278 403 
136454 376 
136526 0 
137464 121 
137726 18 
138136 1 
138179 136 
138862 167 
139227 338 
139391 237 
139647 728 
139651 50 
139888 315 
140339 743 
140719 3535 
140798 1010 
141002 2299 
141827 1714 
142352 930 
142578 332 
143145 259 
143220 627 
143334 40 
144310 4 
145524 158 
145693 92 
145967 0 
145969 186 
146330 559 
146399 357 
146491 352 
146561 6 
147029 330 
147037 25 
147161 63 
147794 393 
148276 340 
148428 368 
148468 260 
148978 868 
151555 1324 
151792 68 
151940 986 
152244 54 
152810 2510 
153512 108 
154640 60 
156063 81 
156228 50 
158943 21 
159124 139 
159705 165 
159819 127 
160039 2178 
160199 111 
160427 35 
161740 1 
163379 197 
163504 533 
165109 148 
173804 3155 
175940 420 
176378 11016 
182988 210 
187554 37 
192538 163 
194003 10 
194979 97 
195780 371 
198547 929 
198615 2 
199865 1643 
200907 1653 
201888 19 
202338 574 
204612 1901 
207334 195 
210079 477 
210712 1027 
210904 1119 
211848 0 
212084 319 
212596 492 
217263 213 
218352 268 
218512 50 
219000 485 
221852 407 
222669 108 
229834 555 
230889 2417 
233145 1430 
233726 149 
235796 165 
236702 75 
239831 119 
246514 12 
274639 312 
286197 818 
286395 146 
286969 307 
289286 8 
291947 194 
292171 160 
302581 547 
320097 305 
320239 72 
320876 65 
323366 373 
324903 846 
335581 22 
343381 190 
347490 368 
364880 9 
373244 1120 
373959 260 
378322 14 
381089 3181 
384802 102 
389154 0 
400119 1517 
409966 82 
414964 1872 
420744 152 
433740 370 
437787 55 
439288 239 
453496 5 
464290 638 
482986 1630 
485027 565 
494400 186 
507275 313 
507323 86 
526940 184 
527216 38 
532983 471 
542324 532 
565459 278 
566988 539 
583611 571 
587555 1 
589553 47 
589770 761 
591111 60 
594983 16 
