4623 2.18543981481
0 14305582 
5 3103 
6 4117 
7 199 
7 393 
9 1191 
9 173 
11 157 
11 597 
12 326 
14 178 
14 327 
15 469 
16 478 
21 150 
24 352 
24 776 
25 648 
26 1356 
27 692 
27 902 
29 55 
29 3414 
29 1014 
31 1110 
32 820 
33 310 
34 233 
36 409 
36 1035 
38 272 
38 153 
40 468 
40 191 
41 3474 
43 343 
44 1269 
44 2350 
46 146 
46 178 
48 217 
49 527 
50 2521 
51 14 
52 931 
53 76 
53 1464 
53 3231 
53 618 
53 1191 
54 104 
55 94 
58 41 
59 48 
59 1652 
60 1457 
61 91 
61 419 
63 4 
64 1233 
65 1035 
66 61 
67 57 
69 50 
69 4235 
70 8135 
73 467 
75 57 
75 287 
77 665 
78 310 
78 147 
79 428 
80 45 
83 7392 
84 483 
84 30 
85 279 
85 30 
86 274 
87 32 
87 7061 
87 534 
88 27 
90 154 
90 585 
91 23 
92 79 
92 225 
95 62 
95 1072 
95 47 
96 5 
96 231 
96 350 
96 172 
97 463 
98 91 
99 270 
100 177 
100 247 
102 672 
103 11 
103 368 
104 3433 
105 650 
107 2 
108 337 
109 1914 
109 103 
109 2769 
110 912 
111 27 
111 1487 
111 347 
113 19 
114 1268 
115 71 
116 489 
118 150 
118 222 
119 1241 
121 198 
121 90 
121 367 
121 120 
122 122 
123 10 
124 331 
125 1725 
125 22 
126 414 
127 21 
130 180 
132 32 
132 728 
133 2227 
133 3936 
134 93 
135 40 
136 16 
138 418134 
138 519 
138 1408 
138 713 
138 284 
139 290 
139 803 
140 1336 
140 229 
140 209 
141 1318 
141 724 
141 309 
142 110 
142 1259 
143 243 
144 2232 
144 265 
145 63 
145 54 
148 192 
148 5172 
150 380 
150 187 
150 64 
151 547 
151 765 
152 40 
152 183 
153 95 
154 17 
157 238 
157 6 
157 593 
158 94 
158 117 
159 2595 
159 129 
160 115 
160 153 
162 6 
162 357 
163 15 
165 140 
165 56 
166 233 
167 11032 
167 713 
167 27 
168 279 
168 85 
169 11 
169 75 
169 1921 
169 95 
169 2713 
170 2404 
170 44 
170 3 
173 959 
173 3 
174 163 
176 1581 
178 349 
179 418 
180 93 
180 71 
181 126 
181 256 
182 189 
182 625 
182 213 
182 1597 
184 24 
184 327 
184 372 
185 51 
185 162 
188 41 
188 6 
189 1664 
189 125 
190 86 
191 711 
192 65 
192 113 
192 210 
194 116 
194 753 
196 491 
196 1619 
196 11016 
196 137 
198 94 
198 1206 
199 80 
199 51 
200 564 
202 736 
202 155 
202 38 
202 681 
203 216 
204 37 
204 501 
205 239 
206 600 
206 202 
208 362 
209 31 
210 1278 
212 259 
212 1535 
213 14 
214 307 
214 1 
215 105 
217 398 
218 220 
219 1518 
219 2501 
219 12 
219 95 
221 10 
221 221 
221 709 
221 233 
221 261 
222 63 
222 145 
223 3262 
225 772 
225 4381 
225 24 
227 4 
227 324 
227 186 
229 169 
230 69 
230 377 
230 190 
231 84 
231 100 
232 12655 
232 2584 
233 689 
235 3517 
236 60 
236 1049 
238 238 
238 438 
238 521 
239 27 
239 221 
241 96 
241 377 
244 27 
245 266 
245 481 
245 340 
247 796 
250 368 
250 62 
251 56 
252 1868 
252 467 
253 34 
254 72 
254 13710 
255 196 
255 88 
255 283 
256 80 
257 831 
257 10 
258 749 
258 240 
260 69 
261 1820 
261 1512 
261 68 
262 2 
262 330 
264 212 
267 11 
267 33 
268 16 
268 508 
269 3846 
269 70 
270 441 
270 21 
272 110 
274 2484 
274 257 
275 12 
275 14 
277 378 
277 2759 
279 341 
279 4235 
280 19 
280 504 
280 372 
281 445 
281 41 
281 1361 
282 519 
282 24 
283 81 
284 634 
284 45 
284 74 
285 77 
288 459 
288 10 
289 68 
290 10372 
290 32 
290 1217 
291 945 
291 244 
292 2009 
294 59 
295 176 
297 28 
297 335 
298 841 
299 354 
299 3774 
303 6352 
304 757 
305 124 
306 28 
308 31 
309 390 
313 11 
313 114 
316 809 
317 75 
317 2 
319 124 
320 31 
321 87 
321 82 
322 7 
322 188 
322 212 
324 116 
325 74 
326 465 
327 198 
329 1928 
330 2264 
331 1447 
331 495 
332 46 
333 25 
334 174 
335 1167 
337 19 
339 287 
341 45 
341 187 
342 785 
344 6390 
344 46 
345 355 
348 347 
348 4854 
349 163 
350 177 
351 706 
351 150 
351 129 
352 135 
353 169 
353 2873 
355 1839 
355 528 
356 191 
357 13 
357 6317 
360 596 
362 17 
362 76 
362 52 
367 194 
367 40 
368 191 
369 334 
369 209 
369 55 
370 440 
370 181 
374 280 
376 742 
376 523 
377 53 
378 1755 
378 534 
379 39 
380 97 
380 19 
381 58 
381 137 
382 287 
382 13 
383 35 
384 996 
385 1412 
390 116 
391 540 
391 24 
391 139 
396 11 
397 837 
397 84 
397 1054 
400 230 
401 4363 
401 230 
401 98 
404 241 
405 2570 
407 4111 
411 190 
413 108 
413 4236 
415 157 
418 83 
418 147 
421 72 
422 23 
422 1294 
422 14 
423 908 
427 136 
427 4131 
430 1029 
432 226 
439 512 
440 710 
440 209 
440 606 
441 120 
445 2259 
448 265 
448 68 
452 233 
452 153 
452 453 
457 246 
460 46 
463 22 
463 39 
464 582 
468 676 
470 509 
471 968 
472 105 
473 35 
477 114 
478 13385 
478 50 
479 1540 
479 454 
481 358 
481 77 
484 54 
484 117 
485 216 
485 1129 
488 10 
493 49 
497 652 
498 7 
499 95 
500 36 
503 163 
503 23 
505 83 
507 44 
508 18 
509 361 
510 28 
510 228 
514 6 
514 164 
517 164 
521 11 
522 54 
526 26 
527 570 
532 533 
533 170 
533 43 
534 11 
535 1321 
535 183 
540 237 
541 12 
541 313 
541 90 
543 21 
544 1483 
545 20 
545 252 
547 284 
549 1026 
550 3713 
550 3827 
557 310 
557 349 
557 249 
559 1630 
562 212 
564 135 
564 27 
565 1443 
568 282 
568 109 
569 425 
569 40 
570 327 
575 623 
580 38 
582 128 
584 5321 
588 120 
589 64 
594 1648 
594 12 
595 49 
596 391 
596 7 
598 164 
600 589 
600 3354 
603 1626 
609 69 
609 332 
612 1823 
613 14 
613 77 
613 127 
613 1779 
613 363 
614 307 
616 48 
616 148 
617 38 
618 54 
618 148 
621 4463 
624 1215 
625 751 
631 239 
631 1341 
633 50 
634 651 
637 73 
641 293 
641 291 
643 1041 
645 84 
648 319 
651 27 
653 238 
656 187 
661 73 
663 65 
667 16 
668 88 
668 135 
668 283 
669 83 
674 1000 
684 3194 
686 98 
687 27 
691 2743 
692 507 
694 144 
695 0 
696 1585 
698 25726 
699 99 
702 6501 
702 911 
703 126 
705 2846 
705 1673 
709 1989 
712 519 
712 85 
718 774 
718 242 
723 1969 
727 170 
729 303 
731 25 
731 75 
733 30 
740 40 
742 763 
744 129 
749 39 
755 271 
756 13 
759 172 
760 689 
761 217 
769 162 
769 357 
769 46 
770 31 
770 2323 
771 4120 
772 866 
772 1505 
774 324 
775 879 
776 1007 
780 300 
782 133 
785 93 
787 1902 
790 112 
790 365 
794 131 
796 111 
797 59 
797 793 
801 68 
806 13 
809 296 
812 128 
813 230 
814 26 
816 403 
816 349 
817 49 
822 695 
823 2058 
833 378 
840 1132 
841 30 
842 312 
846 151 
849 144 
850 206 
851 2061 
855 1361 
857 614 
860 38 
865 13 
865 233 
869 226 
877 34 
879 530 
881 51 
886 271 
887 119 
891 719 
895 37 
897 72 
897 93 
901 135 
902 1754 
910 364 
915 40 
923 150 
926 4231 
930 16 
932 9220 
934 3835 
935 39 
937 162 
937 562 
943 10 
943 239 
946 155 
952 73 
953 178 
953 161 
954 79 
957 3 
957 152 
958 822 
959 253 
968 66 
970 1872 
974 174 
988 87 
997 39 
1004 241 
1014 28 
1021 1667 
1022 17 
1024 703 
1029 729 
1031 120 
1033 910 
1038 44 
1043 143 
1043 578 
1045 347 
1048 12 
1055 381 
1057 81 
1059 78 
1065 46 
1066 351 
1068 245 
1071 120 
1082 215 
1083 774 
1085 2031 
1087 30 
1093 98 
1094 904 
1095 4 
1096 109 
1100 1033 
1104 180 
1105 148 
1108 25 
1111 25 
1113 603 
1117 169 
1124 152 
1129 4108 
1134 1209 
1134 287 
1139 161 
1139 4 
1144 1169 
1152 271 
1154 77 
1161 779 
1164 480 
1165 367 
1169 44487 
1175 1067 
1178 458 
1182 351 
1188 21 
1189 241 
1200 2801 
1213 59 
1216 356 
1227 2624 
1236 33 
1239 162 
1252 1278 
1257 320 
1260 127 
1272 465 
1295 27 
1299 1643 
1306 17 
1313 49 
1317 306 
1317 26 
1323 108 
1327 77 
1329 357 
1332 41 
1333 47 
1340 53 
1341 26 
1343 786 
1352 727 
1367 932 
1368 38 
1372 115 
1382 238 
1392 3186 
1392 677 
1402 30 
1407 892 
1411 232 
1424 87 
1425 631 
1434 390 
1437 21 
1447 106 
1449 110 
1454 317 
1478 754 
1480 267 
1486 91 
1489 168 
1492 836 
1526 174 
1567 1300 
1568 374 
1572 1614 
1583 2704 
1593 312 
1594 78 
1597 37 
1598 38 
1613 815 
1613 1485 
1621 227 
1628 74 
1639 23 
1650 8 
1658 206 
1659 1001 
1661 496 
1665 94 
1697 2261 
1710 406 
1743 3050 
1743 179 
1754 43 
1761 351 
1762 68 
1769 49 
1771 194 
1782 175 
1789 2197 
1793 134 
1812 69 
1818 202 
1820 158 
1824 301 
1837 4 
1839 510 
1843 76 
1845 9 
1854 836 
1856 56 
1861 103 
1869 173 
1879 8 
1882 541 
1892 625 
1909 1 
1914 786 
1927 1038 
1946 113 
1948 131 
1951 524 
1971 706 
1997 205 
2001 544 
2004 142 
2010 1829 
2015 28 
2016 530 
2027 16 
2032 393 
2038 91 
2046 1499 
2075 138 
2076 27 
2084 86 
2095 550 
2100 59 
2108 264 
2111 5663 
2115 149 
2139 27 
2165 73 
2182 65 
2182 12 
2204 106 
2204 258 
2206 18 
2217 1291 
2217 5 
2218 970 
2221 678 
2225 36 
2266 3109 
2273 564 
2276 0 
2311 111 
2313 15 
2313 0 
2329 17564 
2346 159 
2358 296 
2363 183 
2369 177 
2371 2776 
2375 471 
2376 1043 
2384 3414 
2390 4679 
2397 146 
2405 13 
2405 67 
2427 118 
2434 293 
2440 54 
2454 72 
2455 1139 
2457 28 
2457 580 
2474 97 
2476 38 
2478 75 
2480 5543 
2486 186 
2512 2332 
2516 10 
2522 2 
2526 1693 
2532 121 
2540 2278 
2540 1430 
2551 561 
2551 104 
2561 5389 
2563 61 
2565 127 
2570 162 
2571 255 
2584 0 
2589 85 
2592 505 
2599 609 
2613 2087 
2624 244 
2627 475 
2659 101 
2675 30 
2679 2125 
2685 21 
2701 112 
2715 771 
2731 64 
2735 370 
2740 168 
2744 11 
2748 151 
2757 3 
2788 85 
2793 2923 
2798 1073 
2805 18 
2809 9 
2814 18 
2837 260 
2840 10 
2862 345 
2914 27 
2923 2087 
2946 620 
2958 12 
2962 235 
2966 23 
2966 844 
2970 750 
2974 534 
2985 334 
2990 760 
3004 1199 
3022 981 
3030 319 
3039 2365 
3077 241 
3082 90 
3084 48 
3096 173 
3096 5663 
3101 219 
3103 574 
3103 51 
3108 8 
3141 13 
3191 71 
3193 41 
3238 70 
3244 42 
3258 763 
3262 33 
3279 161 
3286 3 
3287 52 
3287 36 
3301 134 
3319 271 
3322 72 
3384 515 
3405 1 
3419 24 
3437 1621 
3476 2087 
3477 8 
3492 117 
3497 34 
3499 10 
3512 1 
3518 21 
3518 3318 
3525 6181 
3529 4 
3533 357 
3582 803 
3590 17 
3610 9 
3666 25 
3692 11592 
3713 422 
3715 9 
3774 63 
3791 278 
3803 0 
3822 342 
3829 16 
3842 28 
3855 20 
3880 316 
3882 359 
3888 1 
3901 105 
3903 9 
3909 217 
3916 2889 
3928 156 
3928 44 
3943 50 
3958 7325 
3962 349 
3973 309 
3976 4043 
3979 201 
3996 1407 
4013 39 
4016 28 
4032 754 
4035 10 
4087 733 
4097 1089 
4098 222 
4107 81 
4116 1383 
4171 361 
4178 1158 
4187 0 
4242 55 
4242 55 
4251 793 
4251 793 
4260 82 
4260 82 
4265 249 
4265 249 
4268 29 
4268 29 
4276 60 
4276 60 
4284 1573 
4284 1573 
4323 10 
4336 20 
4346 371 
4373 2241 
4420 6 
4445 263 
4497 282 
4515 136 
4518 50 
4554 12 
4565 1676 
4566 721 
4572 454 
4585 1320 
4596 242 
4598 4188 
4607 906 
4615 636 
4616 163 
4661 30 
4666 102 
4685 6 
4689 6 
4718 301 
4721 1 
4733 43 
4755 9 
4773 141 
4785 7 
4791 1776 
4829 10580 
4889 116 
4893 3092 
4894 9 
4901 33 
4905 1125 
4912 10 
4937 1948 
4952 78 
4966 7 
5008 1110 
5014 1566 
5018 20 
5034 16342 
5043 1434 
5047 739 
5113 1388 
5181 490 
5195 5 
5205 32 
5237 1432 
5241 150 
5253 118 
5261 30 
5292 0 
5335 132 
5370 134 
5389 0 
5390 8 
5424 316 
5443 221 
5462 16 
5489 40 
5538 2824 
5540 8 
5542 165 
5560 83 
5590 25 
5598 536 
5609 1628 
5640 3278 
5680 772 
5699 1551 
5709 7 
5735 5592 
5752 35 
5758 472 
5798 503 
5826 68 
5879 11 
5903 20 
5909 3 
5912 57 
5944 158 
5959 24 
5959 105 
5961 103 
6001 1003 
6014 897 
6084 10 
6104 2522 
6111 1173 
6132 438 
6179 393 
6185 532 
6188 372 
6209 440 
6213 1148 
6252 10 
6284 714 
6371 1465 
6420 1844 
6454 214 
6537 179 
6538 456 
6542 1958 
6548 303 
6595 90 
6613 90 
6614 417 
6638 8 
6644 481 
6696 366 
6722 114 
6739 7 
6753 2573 
6763 47 
6770 2287 
6791 419 
6821 10 
6848 50 
6850 3 
6875 13 
6880 46 
6928 85 
6951 190 
6962 4000 
6990 3 
7012 500 
7047 108 
7074 87 
7078 5466 
7094 100 
7165 115 
7166 312 
7187 1685 
7216 1 
7248 0 
7295 117 
7344 466 
7345 771 
7357 10 
7398 522 
7417 710 
7474 144 
7498 2225 
7511 2 
7554 48 
7563 521 
7598 127 
7621 75 
7623 320 
7629 890 
7690 2 
7775 44 
7808 139 
7848 113 
7873 3 
7883 0 
7922 157 
7924 140 
7930 720 
7954 1114 
7959 7 
7969 1443 
7988 51 
8026 389 
8049 146 
8050 11 
8055 23 
8057 98 
8090 0 
8112 16 
8133 855 
8193 1008 
8305 72 
8372 1650 
8386 1938 
8391 563 
8424 726 
8426 139 
8430 62 
8469 282 
8520 232 
8539 8 
8553 0 
8586 35 
8589 269 
8606 564 
8609 104 
8621 2938 
8626 0 
8639 227 
8642 6 
8646 85 
8648 783 
8682 16 
8697 2413 
8700 382 
8727 1343 
8777 417 
8838 26 
8842 180 
8848 3075 
8865 602 
8872 392 
8880 6 
8897 39 
8923 680 
8927 146 
8964 34 
8973 338 
9009 67 
9039 437 
9064 12 
9158 594 
9300 4510 
9358 1445 
9358 485 
9434 1 
9457 2472 
9520 0 
9529 29 
9573 9112 
9581 116 
9611 862 
9634 12 
9673 672 
9679 43 
9731 6 
9751 19 
9760 2 
9760 339 
9831 618 
9973 144 
10009 13 
10019 391 
10026 2 
10056 4581 
10090 453 
10157 1978 
10213 203 
10224 830 
10228 57 
10266 328 
10273 107 
10361 333 
10405 15 
10427 106 
10436 209 
10439 4 
10479 2484 
10526 23 
10541 594 
10551 1656 
10595 28 
10603 290 
10693 5 
10700 2113 
10712 101 
10739 4484 
10786 1263 
10822 2026 
10852 61 
10852 1615 
10879 31 
10911 1617 
10913 2766 
10940 44 
10969 90 
10984 1488 
11000 258 
11002 1265 
11017 14 
11094 10 
11120 258 
11191 1521 
11206 1149 
11268 2539 
11310 243 
11416 1012 
11454 582 
11483 18 
11488 328 
11514 105 
11522 314 
11565 733 
11606 62 
11632 13 
11661 120 
11707 0 
11722 150 
11780 2399 
11785 250 
11827 58 
11854 134 
11879 152 
11927 27 
11965 258 
12013 1701 
12035 1053 
12058 1291 
12061 106 
12076 596 
12077 263 
12096 2118 
12100 1645 
12123 282 
12126 0 
12131 1063 
12134 1296 
12273 114 
12295 1448 
12296 1481 
12334 2023 
12340 253 
12408 17 
12412 49 
12433 2569 
12448 1169 
12461 353 
12464 108 
12478 9 
12501 6 
12507 1067 
12525 95 
12555 41 
12582 58 
12605 1383 
12609 1261 
12637 0 
12648 66 
12649 106 
12657 2 
12665 331 
12670 199 
12692 13 
12745 3653 
12792 7 
12809 24 
12856 11 
12956 152 
12963 143 
12966 0 
12973 3 
13067 909 
13110 7 
13147 65 
13158 2052 
13165 14 
13199 3619 
13236 58 
13247 2438 
13278 967 
13286 530 
13292 515 
13302 157 
13327 74 
13432 356 
13452 110 
13459 46 
13467 1516 
13476 1350 
13484 50 
13526 11 
13547 107 
13556 708 
13592 482 
13597 331 
13644 22 
13651 208 
13700 1334 
13803 81 
13811 2 
13816 164 
13826 350 
13884 94 
13904 770 
13913 2954 
13933 106 
13936 9161 
13937 63 
13947 1176 
13948 1529 
13948 25 
14006 40 
14019 465 
14019 45 
14060 1029 
14069 130 
14097 2388 
14115 1361 
14141 3595 
14143 500 
14182 60 
14225 596 
14232 1 
14237 1652 
14238 741 
14250 424 
14277 1960 
14287 39 
14317 252 
14317 28 
14347 72 
14377 786 
14382 1390 
14408 666 
14420 1172 
14458 732 
14460 60 
14477 851 
14489 1161 
14547 758 
14556 786 
14565 17 
14576 35 
14630 109 
14652 15 
14666 1776 
14731 62 
14785 127 
14796 1414 
14804 980 
14808 1434 
14814 22 
14856 20 
14865 1781 
14945 1710 
15067 95 
15130 5033 
15152 55 
15163 62 
15244 22 
15246 330 
15287 2514 
15290 48 
15309 1157 
15342 2611 
15356 12597 
15378 387 
15378 86 
15448 1818 
15461 1521 
15469 1169 
15495 458 
15519 288 
15640 3 
15693 4 
15695 67 
15703 318 
15812 26 
15816 50 
15825 451 
15844 223 
15852 15 
15913 728 
15931 26 
15949 455 
15968 74 
15972 915 
15972 1 
15973 2465 
15990 567 
15998 1510 
16027 3003 
16040 185 
16063 1871 
16081 134 
16115 90 
16119 274 
16223 1715 
16230 1936 
16256 82 
16271 55 
16292 149 
16300 1060 
16301 324 
16323 1622 
16346 6 
16352 297 
16352 1046 
16375 1849 
16403 164 
16409 3094 
16416 625 
16432 1207 
16442 596 
16457 453 
16481 292 
16498 1900 
16528 113 
16537 289 
16544 617 
16546 120 
16574 223 
16607 2364 
16611 463 
16612 49 
16640 621 
16650 772 
16661 223 
16679 1320 
16686 2580 
16723 5024 
16725 21 
16726 704 
16759 195 
16763 1584 
16781 1313 
16852 113 
16861 1167 
16871 82 
16886 2491 
16905 1591 
16944 121 
16971 122 
16980 781 
16987 92 
17061 1 
17082 1597 
17087 49 
17088 396 
17098 171 
17118 333 
17173 1772 
17174 554 
17195 577 
17196 2568 
17219 394 
17253 461 
17280 423 
17286 14 
17347 34 
17356 9459 
17364 311 
17409 50 
17423 302 
17433 1664012 
17445 140 
17465 222 
17475 3755 
17485 1129 
17505 1293 
17510 7 
17559 2124 
17565 127 
17640 121 
17645 275 
17650 1191 
17652 3999 
17652 1110 
17659 316 
17672 271 
17675 292 
17696 45 
17715 61 
17720 410 
17720 974 
17722 1977 
17727 25 
17774 234 
17805 54 
17815 1027 
17827 521 
17829 16 
17848 26 
17863 153 
17890 445 
17954 526 
17963 3411 
17978 1111 
18004 1130 
18011 980 
18107 260 
18107 42 
18139 31 
18155 3 
18255 30 
18277 174 
18278 1340 
18288 1 
18314 614 
18333 2336 
18336 1415 
18341 138 
18371 28 
18514 86 
18518 509 
18520 1247 
18540 6 
18549 1896 
18593 54 
18640 289 
18652 1329 
18680 67 
18687 138 
18693 1080 
18733 185 
18759 11 
18769 8 
18826 806 
18878 1328 
18886 932 
18886 1904 
18887 1135 
18931 0 
18935 420 
19078 1446 
19078 1446 
19130 580 
19130 580 
19177 768 
19183 44 
19191 813 
19211 445 
19214 521 
19240 5 
19273 74 
19274 2004 
19289 58 
19299 55 
19307 290 
19308 1857 
19383 0 
19414 12 
19416 1950 
19422 52 
19443 181 
19538 191 
19543 75 
19592 205 
19664 1086 
19695 535 
19727 13 
19759 41 
19760 3047 
19815 266 
19820 651 
19849 3842 
19851 71 
19865 1189 
19900 0 
19991 2412 
19997 1 
20035 1800 
20053 69 
20074 376 
20097 1522 
20143 3426 
20157 2303 
20233 8 
20236 1196 
20310 25 
20326 115 
20355 22 
20382 51 
20433 9 
20447 369 
20451 325 
20475 0 
20482 1681 
20505 624 
20522 3103 
20537 2255 
20562 2623 
20568 37 
20581 284 
20599 491 
20611 3 
20625 1236 
20627 435 
20636 4827 
20646 628 
20684 39 
20689 3391 
20733 282 
20739 484 
20758 244 
20761 518 
20761 950 
20789 2233 
20824 1296 
20856 1293 
20862 25 
20870 2400 
20880 331 
20909 1598 
20931 288 
20962 89 
20995 660 
21026 34 
21039 14 
21041 986 
21053 132 
21064 3317 
21084 1581 
21093 971 
21137 7 
21172 467 
21172 2206 
21184 8 
21207 2098 
21210 1066 
21211 2740 
21212 2490 
21218 20 
21234 2421 
21247 1404 
21257 3 
21258 647 
21266 320 
21297 47495 
21304 725 
21312 256 
21331 606 
21348 222 
21348 2002 
21361 511 
21368 33 
21370 121 
21374 2479 
21387 2455 
21393 723 
21395 525 
21419 835 
21432 375 
21465 57 
21468 794 
21485 241 
21498 2 
21524 717 
21530 1052 
21575 8 
21576 1265 
21589 808 
21623 2682 
21625 277 
21650 1018 
21700 519 
21705 15 
21707 25 
21725 57 
21783 1280 
21791 23 
21800 471 
21819 1321 
21824 1620 
21835 180 
21842 1 
21851 915 
21868 1369 
21990 871 
21998 69 
22001 43 
22007 87 
22044 5672 
22085 1187 
22100 118 
22107 616 
22131 1988 
22160 12255 
22191 323 
22204 2969 
22236 7 
22249 1549 
22262 451 
22278 433 
22287 106 
22417 888 
22429 0 
22501 197 
22522 754 
22574 1631 
22593 1232 
22595 49 
22596 120 
22611 1381 
22637 32 
22662 790 
22770 4557 
22787 21 
22831 820 
22897 66879 
22923 1014 
22938 527 
22954 1203 
23024 344 
23030 136 
23038 147 
23084 18 
23126 0 
23186 6 
23191 1083 
23209 1154 
23212 85 
23237 280 
23259 195 
23275 609 
23305 349 
23417 100 
23427 286 
23427 134 
23454 372 
23541 226 
23576 102 
23609 884 
23612 2893 
23622 8 
23648 952 
23732 2644 
23748 45 
23753 3047 
23756 1313 
23758 10 
23772 851 
23836 3409 
23855 29 
23877 157 
23889 52 
23896 20622 
23902 713 
23911 180 
23926 8267 
23943 34 
23978 1488 
23986 5 
23998 1945 
24010 10 
24029 59 
24035 2 
24072 755 
24088 773 
24091 804 
24093 1085 
24193 4750 
24248 1976 
24293 35 
24369 32 
24410 1532 
24420 24 
24440 1108 
24485 553 
24514 418 
24515 281 
24517 11 
24612 0 
24619 1006 
24655 5 
24666 233 
24669 1817 
24720 6464 
24734 306 
24742 1446 
24770 153 
24773 1175 
24816 3665 
24898 144 
24902 1045 
24913 27 
24917 3 
24918 242 
24930 119 
24931 108 
24942 489 
24969 2995 
25016 1179 
25020 72 
25050 274 
25060 1629 
25081 350 
25092 573 
25147 5152 
25163 1043 
25180 15 
25236 805 
25290 258 
25308 461 
25313 360 
25336 1340 
25372 379 
25431 27 
25494 788 
25616 1353 
25643 1 
25660 1340 
25683 701 
25698 550 
25704 175 
25713 110 
25736 3626 
25778 61 
25810 2882 
25829 247 
25830 13 
25928 1497 
25947 1961 
25989 641 
26019 1747 
26083 132 
26108 2491 
26135 2096 
26152 51 
26194 4 
26208 3996 
26317 126 
26325 549 
26490 837 
26490 2514 
26502 681 
26551 37 
26587 26 
26649 397 
26661 592 
26668 1335 
26682 715 
26690 168 
26746 646 
26757 1423 
26781 495 
26833 478 
26836 20 
26936 4618 
26939 649 
26979 8504 
27009 567 
27067 1793 
27097 94 
27099 4963 
27126 334 
27165 9 
27180 1609 
27197 2571 
27202 219 
27259 5121 
27277 1827 
27285 1172 
27340 1029 
27349 483 
27375 511 
27408 243 
27424 45 
27506 609 
27507 305 
27521 203 
27534 18 
27537 127 
27569 945 
27605 1494 
27635 3602 
27641 1706 
27661 2197 
27693 35 
27717 3115 
27763 314 
27836 964 
27873 20 
27875 201 
27883 493 
27890 90 
27902 15389 
27902 34 
27907 1169 
27921 2385 
27926 176 
27971 305 
28102 45 
28171 73 
28178 12 
28210 4780 
28234 24 
28241 1630 
28281 769 
28296 594 
28333 951 
28360 3 
28400 692 
28411 3412 
28415 1090 
28451 171 
28492 1463 
28499 266 
28559 6 
28561 535 
28595 197 
28599 0 
28694 2013 
28703 27 
28775 1534 
28799 545 
28810 388 
28814 164 
28821 1040 
28833 369 
28856 167 
28865 928 
28893 291 
28895 443 
28901 1033 
28945 552 
28949 33 
28954 41 
28962 991 
28975 400 
29020 3530 
29025 941 
29035 306 
29035 502 
29039 542 
29054 165 
29063 6376 
29100 782 
29108 244 
29124 5415 
29130 109 
29145 466 
29165 304 
29168 1166 
29170 887 
29195 715 
29214 234 
29306 10 
29344 636 
29366 611 
29399 25 
29408 608 
29439 1207 
29450 32 
29452 101 
29528 43 
29538 30 
29549 261 
29568 1707 
29596 5392 
29652 273 
29717 1648 
29718 54 
29730 208 
29731 678 
29784 230 
29805 938 
29808 1209 
29870 88 
29895 17 
29907 10 
29924 42 
29997 1811 
30022 9660 
30037 1150 
30051 1388 
30056 4100 
30061 2153 
30064 1205 
30093 135 
30102 3349 
30138 1225 
30151 334 
30169 66 
30230 24482 
30276 541 
30303 2253 
30330 436 
30346 407 
30365 1195 
30368 1046 
30378 1351 
30381 1288 
30381 985 
30401 431 
30419 1313 
30444 4 
30461 304 
30561 1106 
30589 439 
30653 192 
30656 48 
30663 163 
30754 161 
30771 286 
30804 2067 
30807 12 
30836 236 
30873 2004 
30900 15 
30952 51 
30960 3182 
31002 173 
31105 194 
31125 319 
31157 304 
31160 140 
31174 1188 
31191 776 
31214 731 
31224 509 
31229 11 
31235 144 
31280 589 
31286 965 
31320 9 
31465 22 
31508 2144 
31528 80 
31541 3998 
31544 1885 
31560 166 
31565 974 
31570 1055 
31591 288 
31605 1247 
31650 10 
31733 1507 
31754 517 
31864 2329 
31871 124 
31876 780 
31895 219 
31898 0 
31960 1 
32048 234 
32053 291 
32055 158 
32087 1583 
32089 32 
32115 317 
32123 2 
32139 2569 
32236 147 
32268 245 
32309 895 
32318 2058 
32336 33 
32368 840 
32441 224 
32444 95 
32461 769 
32536 22 
32580 2724 
32588 21 
32606 164 
32612 351 
32616 347 
32669 14331 
32724 1122 
32731 3690 
32752 526 
32758 80 
32856 706 
32870 3256 
32912 429 
32921 82 
32960 2977 
33084 38 
33105 8 
33161 293 
33175 16 
33212 16 
33289 186 
33295 1364 
33312 422 
33344 1654 
33347 1 
33363 42 
33405 803 
33409 401 
33471 517 
33486 626 
33518 629 
33520 852 
33579 895 
33658 255 
33677 3382 
33683 75 
33764 1238 
33797 1151 
33807 1882 
33831 103 
33863 497 
33871 14 
33932 1 
33947 828 
33994 343 
34076 28 
34090 65 
34095 1007 
34108 306 
34128 783 
34172 678 
34198 154 
34243 123 
34277 369 
34321 492 
34391 1229 
34403 858 
34420 4363 
34423 1411 
34480 660 
34506 33 
34517 70 
34525 128 
34545 42 
34553 2499 
34596 888 
34596 888 
34626 274 
34626 274 
34645 3082 
34654 87 
34663 7140 
34673 20 
34707 319 
34753 7022 
34775 376 
34791 22 
34794 167 
34815 34 
34819 2224 
34821 2 
34899 586 
34921 31 
35019 1052 
35020 191 
35120 15 
35132 1759 
35156 184 
35171 10 
35174 390 
35178 1731 
35199 283 
35220 42 
35224 66 
35245 0 
35258 9132 
35271 3 
35391 2654 
35421 466 
35449 116 
35506 76 
35540 105 
35544 3650 
35570 4 
35630 2859 
35632 3090 
35682 1669 
35682 114 
35691 336 
35751 2495 
35751 547 
35766 196 
35772 359 
35811 2707 
35856 21 
35856 1259 
35865 747 
35959 257 
35972 1 
35972 3839 
35995 6 
36023 123 
36025 1778 
36027 173 
36028 59 
36034 148 
36050 485 
36056 1198 
36102 972 
36131 99 
36153 385 
36192 502 
36193 1783 
36206 644 
36215 86 
36218 6 
36261 8 
36289 184 
36311 1663 
36322 568 
36349 14880 
36391 969 
36537 3803 
36552 4162 
36564 300 
36608 213 
36658 13 
36684 1340 
36708 1846 
36738 2321 
36772 11 
36774 181 
36812 4 
36828 1172 
36905 468 
36938 39 
36953 1440 
36977 62 
37004 14 
37103 445 
37185 1927 
37186 9 
37229 3 
37233 133 
37259 592 
37283 1234 
37337 169 
37344 458 
37359 2 
37360 209 
37368 2082 
37372 627 
37414 2304 
37503 506 
37533 906 
37568 1338 
37621 57 
37638 49 
37645 459 
37652 357 
37653 474 
37663 1969 
37681 1090 
37707 104 
37709 519 
37933 2652 
38002 378 
38014 76 
38041 342 
38095 1793 
38112 35 
38132 585 
38141 1191 
38175 1193 
38233 0 
38289 35 
38289 826 
38307 5010 
38338 123 
38339 8 
38366 843 
38399 59 
38419 30 
38452 409 
38455 368 
38463 290 
38470 1590 
38471 163 
38474 255 
38479 1398 
38507 138 
38549 529 
38568 93 
38591 889 
38614 6592 
38771 1734 
38782 1399 
38838 116 
38839 632 
38876 413 
38998 924 
39004 1353 
39035 2062 
39055 18 
39064 16 
39099 537 
39153 24 
39182 241 
39197 802 
39222 1193 
39231 2013 
39278 2946 
39294 210 
39294 1058 
39313 258 
39340 158 
39374 2219 
39388 4 
39393 318 
39415 137 
39493 3 
39500 2379 
39541 2763 
39571 1499 
39582 65 
39594 716 
39615 209 
39628 210 
39669 623 
39673 74 
39722 659 
39745 295 
39935 168 
39992 37 
39999 1258 
40004 24 
40024 1216 
40033 973 
40086 775 
40086 311 
40087 585 
40091 35 
40134 494 
40144 1419 
40153 1765 
40187 416 
40246 139 
40272 1 
40282 95 
40284 792 
40316 49 
40338 151 
40611 115 
40641 409 
40651 65 
40733 3890 
40736 3265 
40798 393 
40806 3211 
40811 840 
40820 994 
40859 424 
40860 1045 
40860 1186 
40867 849 
40885 156 
40924 13 
40938 311 
40968 470 
40977 257 
40985 22 
41002 240 
41015 1 
41018 1180 
41030 353 
41040 160 
41048 360 
41061 1460 
41082 184 
41246 674 
41247 2 
41291 10 
41379 2292 
41433 235 
41452 2473 
41469 937 
41573 94 
41586 182 
41586 5 
41633 1728 
41659 1217 
41661 321 
41668 980 
41691 492 
41725 222 
41752 12422 
41792 1107 
41814 369 
41903 22 
41906 1020 
41964 29 
41980 133 
41984 1673 
41985 1233 
42007 490 
42048 948 
42113 684 
42244 498 
42244 3014 
42387 284 
42424 4814 
42439 20 
42516 86 
42564 132 
42581 221 
42707 1170 
42709 3249 
42711 2717 
42731 1282 
42793 86 
42842 498 
42854 589 
42867 1089 
42905 432 
42914 3063 
42930 2894 
42935 418 
42957 259 
42994 1237 
42998 60 
43036 847 
43062 341 
43068 1930 
43128 416 
43148 20 
43148 224 
43179 1862 
43185 753 
43188 82 
43190 1 
43214 13424 
43223 53 
43249 11 
43347 3 
43416 106 
43421 1134 
43512 3290 
43516 1160 
43531 364 
43551 299 
43690 894 
43694 113 
43711 5106 
43721 154 
43733 534 
43797 303 
43836 1204 
43838 67 
43840 982 
43860 186 
43920 1300 
43987 1877 
44016 356 
44038 317 
44062 11 
44129 715 
44190 234 
44197 2439 
44225 5 
44283 1213 
44326 28 
44354 1347 
44377 723 
44413 1512 
44432 5 
44466 768 
44468 2764 
44471 446 
44484 2521 
44500 2074 
44515 1 
44567 480 
44590 229 
44597 1476 
44640 1323 
44676 320 
44683 133 
44707 3256 
44738 525 
44789 298 
44807 228 
44808 1794 
44817 1201 
44932 68 
44951 486 
44980 2103 
44987 792 
45079 113 
45090 239 
45098 53 
45170 0 
45175 635 
45213 1222 
45258 212 
45275 2516 
45280 827 
45280 333 
45368 446 
45389 200 
45398 80 
45424 20 
45469 1137 
45471 1405 
45484 440 
45494 145 
45508 276 
45524 672 
45555 205 
45566 502 
45607 835 
45618 8997 
45670 438 
45683 351 
45684 284 
45737 326 
45760 136 
45785 54 
45798 371 
45801 243 
45900 95 
46007 231 
46010 1500 
46033 1084 
46040 15 
46049 2250 
46211 1421 
46221 21 
46234 7794 
46235 1475 
46254 2396 
46260 154 
46275 162 
46280 248 
46304 19 
46307 192 
46308 309 
46319 285 
46328 17 
46370 139 
46419 599 
46431 412 
46443 640 
46486 411 
46500 143 
46522 672 
46524 744 
46548 1691 
46568 223 
46570 906 
46587 1091 
46590 2683 
46704 21 
46745 1558 
46758 398 
46778 87 
46795 182 
46807 688 
46825 3 
46867 41 
46879 442 
46902 1060 
46908 184 
46910 96 
46915 246 
46948 3380 
46955 3447 
46991 321 
46999 994 
46999 183 
47012 295 
47012 314 
47014 674 
47074 370 
47079 893 
47079 973 
47091 577 
47105 171 
47107 467 
47172 720 
47187 425 
47197 58 
47206 334 
47288 161 
47313 327 
47316 224 
47331 153 
47359 197 
47382 478 
47428 2789 
47441 69 
47450 498 
47469 104 
47526 386 
47557 184 
47567 433 
47590 75 
47597 9 
47599 832 
47616 766 
47625 617 
47640 2535 
47644 977 
47671 249 
47709 103 
47765 1518 
47872 369 
47879 313 
47886 1731 
47973 137 
47988 16 
48065 1654 
48080 364 
48091 155 
48124 77 
48124 452 
48178 623 
48206 1169 
48208 140 
48210 697 
48213 103 
48232 62 
48249 573 
48253 605 
48272 346 
48357 640 
48383 1646 
48477 214 
48480 3849 
48592 109 
48618 1797 
48622 32 
48644 1360 
48687 1182 
48721 226 
48734 505 
48755 418 
48845 77 
48878 1916 
48900 1039 
49017 279 
49047 372 
49069 1547 
49102 298 
49148 1931 
49187 213 
49283 797 
49323 65 
49337 804 
49338 605 
49348 283 
49474 35 
49488 49 
49628 660 
49704 981 
49704 981 
49759 527 
49815 549 
49843 108 
49848 284 
49937 118 
49968 925 
50030 1936 
50071 2162 
50155 6954 
50255 742 
50292 1288 
50296 616 
50355 399 
50370 112 
50378 518 
50443 24 
50539 107 
50552 5 
50566 615 
50606 317 
50659 914 
50694 47 
50700 2925 
50721 39 
50828 302 
50893 369 
50906 986 
50906 72 
50948 310 
50950 21 
51034 698 
51045 106 
51051 216 
51109 352 
51134 1686 
51226 931 
51330 478 
51376 2425 
51382 8 
51425 54 
51483 102 
51497 248 
51560 1885 
51566 515 
51674 632 
51785 6274 
51805 19 
51841 428 
51841 46 
51859 395 
51865 1789 
51867 55 
51991 39 
52017 109 
52038 255 
52078 58 
52213 967 
52223 313 
52238 41 
52289 2114 
52310 123 
52314 393 
52368 119 
52419 500 
52435 1615 
52452 314 
52473 3368 
52559 753 
52573 1468 
52580 192 
52609 1949 
52680 1034 
52783 1697 
52821 166 
52881 311 
52934 95 
52940 86 
52947 1613 
52958 579 
53017 35 
53147 446 
53157 0 
53157 422 
53190 2426 
53232 55 
53484 216 
53526 15 
53538 198 
53563 250 
53574 46 
53578 26 
53581 2 
53589 1789 
53936 286 
53997 425 
54010 468 
54082 331 
54097 154 
54144 427 
54155 1358 
54171 355 
54188 501 
54233 242 
54299 821 
54413 4 
54539 802 
54546 0 
54598 1393 
54601 1763 
54637 1533 
54729 448 
54748 288 
54831 495 
54920 1513 
54946 6594 
54955 7 
54970 220 
55064 7902 
55067 555 
55171 5231 
55178 1429 
55204 20 
55205 59 
55250 1 
55287 1396 
55373 768 
55376 531 
55396 1367 
55401 307 
55418 0 
55421 8696 
55437 26 
55455 1357 
55468 40 
55484 5638 
55612 229 
55688 464 
55690 589 
55738 315 
55752 1468 
55761 28 
55778 1957 
55880 302 
56058 571 
56176 255 
56204 464 
56293 484 
56331 353 
56336 262 
56379 604 
56405 484 
56442 140 
56483 1409 
56587 2 
56625 2847 
56700 315 
56726 140 
56772 118 
56796 739 
56857 2843 
56873 229 
56926 5 
56983 966 
57080 162 
57148 1175 
57387 9 
57421 162 
57503 79 
57522 1643 
57554 1223 
57582 1711 
57607 453 
57661 1262 
57753 488 
57779 3 
57791 0 
57804 9921 
57890 209 
57973 34 
57975 662 
57987 161 
57990 135 
58024 1249 
58056 310 
58060 814 
58084 148 
58116 3328 
58139 162 
58170 51 
58183 214 
58189 73 
58194 55 
58211 20 
58217 259 
58317 381 
58399 31 
58489 423 
58528 145 
58561 911 
58591 3153 
58635 845 
58734 101 
58750 1677 
58817 1822 
58820 5473 
58934 1685 
58938 3250 
58941 0 
58952 4375 
59045 35 
59052 2400 
59056 415 
59109 204 
59180 213 
59250 95 
59352 477 
59416 747 
59427 537 
59439 41 
59551 67 
59720 1766 
59734 1629 
59766 141 
59766 201 
59791 1352 
59873 87 
59875 261 
59921 906 
59928 686 
59937 80 
59993 292 
60015 881 
60067 0 
60125 4 
60134 516 
60168 545 
60311 113 
60358 2562 
60380 127 
60519 77 
60595 4 
60625 48 
60634 4 
60656 3196 
60696 301 
60795 0 
60812 248 
60905 120 
60915 180 
60945 2261 
60957 712 
61002 686 
61070 107 
61201 1481 
61248 14449 
61281 3573 
61376 198 
61391 1144 
61435 865 
61469 449 
61647 1447 
61657 733 
61708 370 
61730 1288 
61750 607 
61766 265 
61852 70 
61946 1572 
61949 657 
62011 273 
62065 90 
62105 102 
62344 427 
62358 819 
62376 143 
62405 0 
62557 66 
62578 1007 
62599 96 
62608 363 
62611 1156 
62652 10 
62682 1104 
62778 616 
62783 10 
62918 136 
62993 1142 
63025 675 
63043 180 
63055 82 
63093 731 
63484 480 
63531 54 
63534 135 
63546 378 
63668 2447 
63684 1895 
63821 313 
63841 1460 
63847 1740 
63871 1316 
63950 47 
64117 8 
64171 1 
64188 188 
64197 1241 
64273 1381 
64293 252 
64296 284 
64435 534 
64458 161 
64666 813 
64761 781 
64816 60 
64834 584 
64894 1488 
64984 626 
65144 1082 
65161 3202 
65180 220 
65539 308 
65589 220 
65599 673 
65600 127 
65672 201 
65748 100 
65946 2480 
66044 378 
66091 1012 
66102 90458 
66139 413 
66156 238 
66175 143 
66313 655 
66335 101 
66430 1468 
66537 3088 
66648 194 
66735 439 
66841 195 
66982 245 
67104 1 
67256 856 
67335 29 
67460 9741 
67505 214 
67564 481 
67672 220 
67730 3209 
67760 55 
67779 231 
67781 1113 
67856 0 
67917 306 
68057 15608 
68079 19 
68101 1837 
68159 4237 
68171 53 
68239 10 
68430 149 
68677 351 
68708 2478 
68871 18 
68954 0 
69060 492 
69109 864 
69119 30 
69125 762 
69158 1540 
69303 640 
69312 2967 
69314 12 
69434 616 
69496 0 
69754 0 
69827 506 
69871 34 
69939 225 
69956 37 
69970 9791 
70181 74 
70255 464 
70269 2486 
70394 119 
70526 44 
70558 0 
70612 0 
70615 1234 
70625 438 
70647 507 
70742 1078 
70832 169 
71023 0 
71036 699 
71164 102 
71185 61 
71215 157 
71225 182 
71285 1635 
71369 43 
71369 380 
71426 199 
71521 1045 
71533 30 
71569 34 
71618 3268 
71736 1021 
71761 280 
71788 1366 
71869 153 
71887 827 
71958 18 
72003 287 
72050 296 
72090 203 
72143 270 
72423 120 
72650 474 
72985 1328 
73130 657 
73204 156 
73223 698 
73226 269 
73289 0 
73442 543 
73514 1328 
73762 3089 
73820 87 
73829 312 
73861 214 
73920 733 
74080 432 
74094 205 
74121 38 
74550 2837 
74692 1704 
75192 970 
75223 1611 
75416 186 
75511 344 
75667 1121 
75675 2 
75712 173 
75955 1372 
76260 120 
76357 285 
76430 246 
76558 131 
76817 185 
77122 224 
77196 743 
77598 697 
77699 535 
77861 448 
78021 447 
78190 1563 
78194 540 
78218 569 
78286 89 
78404 1164 
78446 2038 
79121 207 
79189 76 
79193 1295 
79269 137 
79293 212 
79317 1025 
79748 1957 
79791 40 
79810 147 
80089 357 
80122 447 
80152 18 
80183 562 
80227 478 
80313 296 
80356 49 
80357 56 
80491 123 
80744 11 
81030 357 
81323 4709 
81400 895 
81439 614 
81967 14 
82017 305 
82126 96 
82253 429 
82349 381 
82573 1457 
83075 663 
83115 19 
83130 13 
83250 133 
83311 1394 
83453 2 
83481 233 
83756 131 
83810 40 
83825 855 
83884 657 
83898 802 
84153 180 
84552 1398 
84795 834 
85170 52 
85207 1935 
85563 199 
85629 0 
85697 571 
85709 2206 
85864 3 
86006 5061 
86058 0 
86170 325 
86199 1693 
86365 763 
86763 64 
87008 118 
87021 328 
87113 806 
87353 1484 
87803 25 
88673 702 
89020 110 
89207 1386 
89446 172 
90578 410 
90829 274 
91228 132 
91871 1165 
92079 2331 
92525 8660 
92616 190 
92990 3480 
93284 533 
93341 2378 
93410 58 
93421 2649 
93563 343 
94008 6 
94215 56 
94476 191 
94672 1 
95063 46 
95199 123 
95305 885 
95727 1812 
95762 1189 
96171 344 
96742 1620 
97350 237 
98256 15 
98440 2233 
98701 190 
98874 28 
98901 1342 
98956 1667 
99625 1895 
99773 2219 
100012 2523 
100045 580 
100231 755 
100244 205 
100339 5 
101512 5 
101760 231 
102017 6556 
102122 33 
102800 797 
102935 624 
104149 758 
104164 258 
104206 5437 
104223 3143 
104298 401 
104394 132 
104854 374 
106039 647 
106354 992 
106376 508 
106643 833 
107347 1357 
107459 5729 
108091 7777 
108162 70 
109593 53 
109629 23 
109635 2 
109955 1066 
110324 298 
110429 1791 
110704 2618 
110939 3139 
111610 303 
112189 663 
112630 330 
112631 180 
112739 4 
112985 8 
113363 0 
113364 224 
113422 23 
113551 33 
113662 393 
114297 417 
114334 983 
114337 1606 
115444 21 
115543 647 
115864 60 
116085 48 
116402 1955 
116536 406 
116695 1 
116696 3096 
116720 9 
116781 12 
116867 1077 
116888 1 
117059 127 
117118 622 
117582 5137 
117630 3111 
117774 316 
117794 104 
118302 119 
118328 2672 
118372 307 
118408 381 
118434 319 
118653 646 
118804 624 
118839 160 
118972 284 
119208 165 
119228 1268 
119270 313 
119297 7 
119857 306 
120065 20 
120415 324 
120664 407 
120927 10462 
121299 155 
121418 52 
122235 199 
122510 4873 
122592 3755 
122696 2155 
122729 269 
122885 122 
122968 41 
123071 620 
123129 140 
123138 84 
123355 7 
123367 243 
123402 243 
123651 0 
123702 4165 
123733 1 
123762 0 
123828 4 
123848 986 
123900 71 
124111 60 
124192 334 
124382 607 
124424 335 
124620 480 
124643 1324 
124790 38 
125206 296 
125449 1309 
126364 147 
126635 811 
126636 1 
126817 236 
126981 404 
127205 753 
127253 558 
127961 116 
128285 528 
128567 133 
128776 1804 
128985 169 
129030 1830 
129036 735 
129078 732 
129168 536 
129468 614 
129595 535 
130245 1818 
130486 2 
130509 200 
130547 540 
130580 69 
130612 2676 
130895 704 
130908 24 
130946 782 
131019 18 
131086 481 
131100 2070 
131119 220 
131162 661 
131467 1075 
131851 238 
131898 4095 
131898 4095 
131941 3882 
131960 2005 
131967 272 
132009 886 
132346 298 
132516 274 
132927 2269 
133145 1465 
133226 4427 
133314 264 
133722 290 
133862 97 
134016 793 
134066 314 
134287 567 
134390 62 
134399 230 
134486 153 
134555 0 
135040 1119 
135182 1769 
135327 329 
135572 223 
135851 189 
135984 1242 
136384 158 
136385 182 
136415 1050 
136655 36 
136795 57 
136871 1374 
136889 306 
136940 109 
137388 9 
137421 1229 
137596 3 
137732 920 
137930 513 
137947 2269 
137965 252 
137977 2956 
138013 23 
138093 17 
138329 37 
138333 551 
138373 728 
138376 1306 
138612 1834 
138711 35 
138815 637 
138848 1236 
138895 2172 
138917 249 
138917 249 
138939 686 
138939 686 
138959 817 
138959 817 
138975 773 
139064 644 
139086 19 
139398 461 
139537 114 
139796 240 
139830 339 
139943 1650 
139992 217 
140076 3 
140155 131 
140179 2662 
140193 913 
140264 991 
140338 2574 
140353 872 
140436 1030 
140483 46 
140726 105 
140811 51 
141001 121 
141162 833 
141237 43 
141320 325 
141361 951 
141740 270 
141866 141 
142006 108 
142034 744 
142329 112 
142401 74 
142403 259 
142444 1825 
142491 263 
142662 374 
142819 8 
143202 251 
143368 4 
143683 28 
143731 127 
143736 152 
143757 1284 
143826 0 
143846 1381 
143919 44 
143947 933 
143979 2460 
144028 470 
144065 249 
144121 166 
144206 21 
144558 671 
144761 274 
144811 548 
144852 407 
144878 61 
145210 113 
145581 2750 
145625 43 
145648 51 
145846 1032 
146052 164 
146129 195 
146266 144 
146293 1146 
146667 152 
146851 1135 
147103 404 
147161 8 
147438 462 
147448 70 
147915 344 
148006 1717 
148486 1134 
148494 235 
148681 551 
148837 1886 
149051 1415 
149087 449 
149172 222 
149226 382 
149541 660 
149603 81 
150203 162 
150234 1226 
150316 59 
150363 30 
150385 62 
150530 53 
150769 445 
151097 1111 
151157 679 
151327 0 
151429 195 
151729 288 
151987 483 
152390 0 
152403 559 
152437 407 
152491 571 
152581 1 
152634 245 
152658 257 
152688 424 
152738 204 
152747 550 
152757 110 
152848 0 
152888 258 
153278 697 
153435 0 
153543 544 
153758 510 
153834 281 
153926 112 
153926 112 
154099 20 
154535 380 
154678 573 
154736 21 
154749 575 
154771 1830 
154828 684 
154862 426 
154954 1436 
155267 789 
155298 528 
155538 270 
155627 45 
155745 582 
155746 83 
155835 288 
156172 1154 
156251 583 
156566 324 
156809 70 
156888 558 
157022 346 
157743 44 
157915 129 
157916 1647 
158156 1743 
158213 49 
159253 0 
159280 241 
159293 88 
159766 669 
160041 680 
160042 980 
160079 181 
160090 9740 
160115 273 
160159 154 
160312 64 
160941 1005 
161069 412 
161325 637 
161697 282 
161736 121 
162313 11777 
162730 130 
163003 611 
163123 38 
163183 75 
163930 753 
164057 297 
164776 153 
165104 180 
165126 125 
165232 1450 
165294 199 
165442 506 
165529 659 
165672 8 
165749 594 
165943 2963 
166288 679 
166448 107 
166582 241 
166786 68 
167183 654 
167245 3 
167534 673 
167906 149 
168294 432 
168453 151 
168460 2092 
168624 1499 
168777 1548 
168813 377 
168979 523 
168995 480 
169549 92 
170344 197 
171225 157 
171271 21 
171300 1484 
171342 40 
171374 64 
171738 68 
171868 2394 
171947 54 
172117 134 
172536 50 
172767 84 
174515 38 
174560 253 
174743 89 
174941 1565 
174957 511 
175565 0 
175629 0 
175892 313 
175963 466 
178230 182 
179448 0 
179462 204 
180279 9038 
181293 650 
181316 478 
181671 111 
183157 516 
183699 5 
184281 74 
184458 25 
185286 11 
185966 6 
186228 69 
186254 3 
186525 632 
187012 971 
187475 386 
187915 1 
189551 17 
189709 91 
190185 10333 
190270 2097 
190319 5812 
192489 560 
192809 135 
193251 420 
194452 535 
194606 822 
195331 97 
195541 0 
196513 254 
196566 0 
196583 495 
198514 487 
198852 439 
199356 211 
199582 1052 
200440 605 
200451 20 
200592 225 
201152 607 
202045 109 
203097 134 
203266 3 
203323 883 
203416 77 
203621 118 
203706 794 
203798 58 
203839 630 
204420 270 
204930 8 
205024 73 
205644 741 
206329 2 
206489 650 
206893 634 
207027 850 
207463 443 
207564 312 
207811 427 
208283 1901 
208560 34 
208680 3 
208972 1 
209044 1570 
209307 3097 
209325 5026 
209388 74 
209442 97 
210547 577 
210621 700 
210834 127 
211072 764 
211170 1202 
211448 0 
211525 203 
212109 81 
212648 51 
212726 52 
213098 407 
213392 1093 
213409 2 
213449 3108 
213784 0 
213845 368 
213870 21567 
214153 9423 
214215 130 
214316 281 
215029 308 
215684 15 
215734 702 
216240 244 
216649 163 
217346 383 
217484 242 
217613 754 
217706 2446 
217733 61 
218195 1344 
218454 173 
219283 176 
219318 174 
219901 2115 
220253 733 
220407 284 
220438 1914 
220628 51 
220958 1688 
221372 4 
222300 292 
222377 356 
222426 133 
222951 166 
223020 3 
223045 725 
223645 1474 
223820 58 
223929 916 
224210 1641 
224260 1371 
224306 2170 
224376 271 
224518 873 
224667 82 
224765 79 
224821 2190 
225272 151 
225790 267 
226377 53 
226379 821 
226618 1992 
226656 65 
227383 461 
227437 137 
227542 782 
227616 92 
228592 0 
228678 18 
229559 152 
229664 111 
230242 37 
230393 1179 
230839 2 
230852 338 
230998 228 
231208 668 
231300 66 
231457 34 
231698 1585 
231808 86 
232097 1210 
232231 499 
232499 1 
232712 51 
232815 930 
233572 1923 
233575 644 
233755 52 
233779 637 
233915 4115 
233917 128 
234280 438 
234319 0 
234992 1349 
235045 0 
235141 2450 
235339 1782 
236254 774 
236495 1450 
236718 1193 
236959 12 
237029 53 
237302 8 
237429 1176 
237821 1179 
237824 1686 
237882 525 
237975 3402 
238660 155 
238954 88 
238999 522 
239339 3008 
239958 9 
239998 441 
240399 944 
240739 400 
240919 433 
241053 1280 
241067 344 
241428 276 
241428 276 
241472 1192 
241801 1490 
242316 183 
242386 154 
242610 2717 
242682 532 
242729 668 
242799 0 
243102 0 
243718 24 
243852 1198 
243853 879 
243951 1 
244484 70 
244609 757 
244870 1662 
245176 6141 
245682 1214 
245789 207 
246060 1014 
246305 3318 
246312 488 
246444 29 
246614 30 
247639 1020 
248196 178 
248497 5 
248853 1 
249552 761 
249713 450 
250261 466 
250325 1226 
250385 31 
251149 5539 
251682 1316 
251879 78 
252834 2018 
253248 839 
253493 248 
254299 11865 
254489 498 
254519 33 
256147 1692 
256264 2324 
256407 36 
256901 1559 
256952 1571 
257599 668 
257998 2792 
258300 168 
258582 216 
258599 4 
259037 2277 
259410 155 
259654 734 
260671 2301 
261286 80 
261696 44 
262316 148 
262350 1300 
263072 26 
263085 760 
263110 830 
263586 133 
264552 646 
264663 266 
265052 1034 
266866 0 
267038 0 
267788 452 
267920 79 
268515 55 
269418 267 
269617 15 
271492 0 
271733 236 
272603 63 
272617 1351 
273176 17 
273733 1290 
274055 545 
276570 1019 
276661 100 
276834 81 
280251 22 
280579 2426 
280645 668 
280895 238 
281070 120 
282453 360 
284351 83 
285079 273 
285268 1197 
285642 0 
285715 3753 
285756 20 
286206 47 
286786 205 
286860 4562 
287644 245 
288043 1 
288343 2268 
288371 1209 
289492 360 
289695 33 
289912 1148 
290098 864 
290390 474 
291450 754 
291450 754 
292640 432 
292680 1072 
292788 85 
293197 1938 
293547 1084 
293779 1292 
294081 577 
294096 130 
294161 64 
294231 724 
295351 49 
295379 138 
295579 1150 
295777 914 
295801 253 
295854 1560 
296045 1435 
296320 98 
296577 1 
298256 4883 
298354 24 
298590 4112 
298901 441 
299215 658 
299361 226 
299412 617 
299789 233 
299837 2160 
299847 135 
299870 9 
300512 515 
301453 1284 
301491 122 
301500 1633 
301532 126 
301582 215 
301596 491 
301615 1105 
301616 1812 
301626 1349 
301644 579 
301658 336 
301681 15 
301706 5818 
301733 237 
301746 1314 
301775 146 
301805 4791 
301989 21 
302044 910 
302070 82 
302090 2474 
302098 166 
302107 1733 
302308 1647 
302382 945 
302390 298 
302400 97 
302506 444 
302653 34 
302902 904 
303092 900 
303181 768 
303201 181 
303519 1952 
303756 7 
303983 1074 
304704 0 
304812 576 
304830 0 
305095 139 
305155 50 
305411 6 
305905 1644 
306273 885 
306358 278 
306822 561 
306906 865 
307773 370 
308093 127 
308335 141 
308341 2951 
308403 3032 
308549 493 
308576 477 
308694 178 
308979 610 
309276 7 
309924 590 
310211 2660 
310478 392 
310541 520 
310674 474 
310786 1 
311254 2788 
311451 364 
312518 104 
312932 379 
313004 150 
313727 820 
313749 772 
314781 3953 
315121 3693 
315907 146 
316241 265 
316257 272 
316318 656 
316538 3481 
316558 659 
316580 346 
316915 986 
317069 346 
317116 103 
317152 1 
317592 0 
317848 270 
318004 2675 
318101 159 
318322 152 
318508 1076 
318604 232 
318794 305 
319079 294 
319500 516 
319690 309 
319703 12 
320185 165 
320234 79 
320526 1901 
320657 2531 
321961 3375 
322232 382 
322347 360 
322752 459 
322824 669 
322861 1331 
323163 28 
323258 1173 
324537 419 
326146 3782 
326497 1091 
326500 253 
326776 241 
327263 17415 
327297 4253 
327434 26 
327689 150 
328061 1081 
328124 308 
328137 307 
328158 140 
328323 112 
328393 243 
328586 4148 
328807 10402 
328882 15 
328901 324 
329398 512 
330199 834 
330277 208 
330481 1458 
330742 722 
330986 334 
331147 225 
332960 349 
333118 49 
333174 435 
334557 999 
334575 0 
334676 86 
335080 920 
335115 265 
335297 716 
335512 974 
335993 819 
336287 148 
336408 179 
336659 518 
337768 168 
337959 80 
337988 60 
338806 1 
338992 1 
339935 817 
340121 171 
341914 352 
341933 3850 
342051 1692 
342476 456 
342601 0 
342606 1041 
343388 21 
344122 437 
344292 341 
344804 212 
345327 151 
345662 14 
347218 21 
349112 33 
350872 162 
351164 526 
353892 116 
354401 2 
356347 2023 
360108 27 
361059 390 
361797 29 
363629 6008 
363896 974 
365700 1415 
367003 2258 
367064 693 
367931 2278 
368950 810 
368972 473 
370522 42 
371337 14 
372739 2497 
373885 56 
374371 74 
374416 492 
374443 1000 
375229 1179 
375260 650 
375965 1627 
377905 18 
378099 1980 
378260 25 
380487 4273 
380669 341 
380715 342 
381018 0 
381268 695 
381571 249 
382544 712 
382689 3 
383330 62 
383651 1163 
384058 1489 
384602 12221 
384946 519 
385601 1200 
385638 2043 
386517 450 
386751 21 
387975 791 
388254 1203 
388264 531 
388883 2160 
389641 1573 
389803 197 
390425 56 
391094 782 
391387 9112 
391966 351 
393659 0 
394428 476 
394665 0 
395713 106 
395765 93 
396359 429 
396499 11 
396647 89 
397262 1030 
397503 80 
397550 44 
398628 400 
398648 189 
398707 1005 
398718 263 
399138 1582 
399261 1542 
399954 535 
400573 956 
400710 988 
400801 88 
401102 190 
401776 72 
402139 687 
403031 334 
403410 165 
404147 98 
404291 315 
404510 84 
404791 1325 
404815 89 
405463 756 
406931 269 
407617 60 
407778 44 
408089 31 
408236 2072 
408312 1707 
408521 399 
410848 305 
411605 127 
422456 734 
422630 274 
422806 74 
422886 4 
422982 0 
424117 0 
425255 117 
425375 0 
425491 134 
425543 80 
425632 0 
426018 0 
426216 0 
426821 0 
426838 824 
428310 0 
428681 3145 
428999 321 
429055 181 
431557 1813 
431725 189 
431882 0 
432186 1198 
432887 239 
434940 692 
435018 20 
437610 1 
440614 320 
442136 33 
442457 95 
445209 505 
446971 1128 
448019 21 
448514 1585 
448931 2 
450487 495 
459961 258 
460496 251 
461551 420 
464119 2594 
466111 21 
466940 0 
469254 315 
469565 257 
469779 28 
470759 1112 
470781 119 
471655 664 
472316 487 
472444 551 
472633 884 
472889 466 
472889 466 
473660 2164 
474181 110 
474221 239 
474426 10513 
474477 350 
474950 277 
478006 327 
479007 275 
479637 1488 
480458 2996 
480691 447 
481200 2264 
481581 65 
483141 1169 
483832 72 
483841 120 
484277 4105 
485124 1026 
485905 143 
486604 670 
487315 1402 
487459 282 
487795 342 
488322 4 
489030 167 
489062 545 
489533 7 
490119 830 
490746 0 
491486 222 
491543 5 
492252 926 
492516 1446 
492763 46 
492980 38 
493288 1109 
494167 369 
494614 690 
494738 764 
495458 0 
495589 42 
495821 3507 
495894 244 
496006 175 
496746 445 
496821 2306 
497094 894 
497450 117 
498006 49 
499451 3 
501647 5 
501931 834 
502968 122 
503337 493 
504111 983 
504265 0 
504673 687 
505209 908 
505278 7 
505386 0 
506751 11 
506817 761 
506822 1 
507419 1520 
507630 1 
507994 129 
511184 2870 
511475 3 
511475 3 
512362 492 
512523 1 
512606 1797 
512967 33 
513517 1043 
513670 11 
514825 885 
516205 1323 
516208 772 
516277 0 
517195 0 
517433 160 
517959 0 
518260 140 
518802 3 
519570 4 
522069 235 
522420 756 
523555 1 
523740 438 
524825 750 
528272 518 
528785 222 
528933 1174 
530858 695 
532497 1317 
538746 134 
539224 817 
541465 2 
541505 2 
541538 2549 
544807 592 
546977 17 
549401 842 
550369 511 
550411 442 
553462 6954 
554727 1326 
554988 148 
555138 209 
555444 0 
555607 69 
556030 304 
556106 230 
557106 247 
558698 332 
559616 187 
560031 1344 
560299 1074 
560506 1770 
561102 4 
561243 0 
561600 24 
562462 1220 
564537 101 
566494 1693 
567370 282 
574565 1719 
575221 342 
578451 1269 
579982 631 
580132 1238 
581455 76 
581680 37 
581690 1355 
583266 262 
585111 22 
585318 423 
585787 21 
586090 219 
586636 38 
587638 4626 
588875 438 
591024 1 
592484 1782 
592718 125 
595698 222 
596054 425 
596731 54 
597131 595 
597837 697 
597942 1210 
601044 137 
601927 265 
602056 35 
602117 4235 
602180 773 
602476 4 
602636 368 
602877 1323 
602954 13 
603647 83 
603705 0 
603937 119 
604377 10 
