8469 7.82649305556
0 489118 
7 166 
13 81 
14 751 
15 1065 
16 542 
17 1843 
18 2163 
19 239 
20 154 
22 543 
23 969 
23 86 
24 766 
24 714 
24 171 
24 3216 
24 567 
26 282 
26 76 
27 33 
27 695 
27 214 
28 55 
28 48 
28 442 
29 942 
30 1099 
31 846 
31 227 
31 691 
33 1286 
33 295 
34 360 
35 583 
35 147 
35 1474 
36 60 
37 75 
37 1758 
37 1354 
37 117 
39 52 
39 174 
40 381 
41 875 
41 108 
41 896 
42 208 
43 148 
43 642 
44 2271 
45 277 
46 251 
46 380 
47 303 
48 338 
48 1126 
49 58 
51 485 
52 240 
52 608 
52 98 
53 53 
53 258 
53 45 
53 132 
53 1567 
54 1773 
54 888 
54 40 
56 257 
56 979 
56 80 
57 556 
58 187 
58 73 
59 1384 
59 104 
60 187 
60 345 
60 262 
60 211 
60 1108 
60 2164 
61 107 
62 54 
63 24 
63 150 
64 1873 
64 110 
65 44 
65 350 
65 206 
66 254 
66 81 
68 197 
68 1557 
70 147 
70 1064 
70 314 
71 906 
72 221 
74 26 
74 135 
74 86 
75 33 
76 120 
76 454 
77 537 
78 2022 
78 4276 
79 486 
80 130 
80 46 
81 5393 
81 42 
82 33 
82 57 
83 1123 
83 298 
83 78 
84 330 
84 178 
84 1429 
84 562 
86 235 
86 717 
87 43 
87 2531 
88 198 
88 184 
90 153 
90 30 
91 12117 
91 1298 
91 101 
92 236 
92 2691 
94 186 
95 396 
96 634 
96 1690 
96 647 
97 115 
99 76 
100 139 
101 732 
101 1669 
103 377 
104 334 
104 739 
104 185 
105 475 
105 86 
107 40 
108 375 
108 456 
108 202 
109 80 
109 702 
110 201 
110 65 
111 171 
111 927 
111 372 
112 151 
115 424 
115 38 
116 121 
116 87 
117 514 
118 82 
118 687 
119 66 
120 220 
120 252 
120 665 
121 168 
122 56 
122 542 
123 253 
124 180 
126 135 
128 95 
128 37 
130 79 
131 66 
131 355 
133 225 
134 109 
135 215 
135 96 
135 37 
136 1590 
137 63 
138 83 
139 19 
139 269 
139 377 
140 245 
140 729 
140 413 
141 154 
143 40 
143 138 
143 340 
144 2886 
145 639 
146 13 
146 64 
146 1762 
148 1443 
148 381 
148 347 
149 310 
150 159 
150 546 
151 85 
151 2287 
152 804 
152 461 
152 584 
152 322 
153 326 
154 81 
154 164 
155 492 
157 2359 
158 54 
158 185 
159 250 
159 424 
159 89 
159 376 
159 27 
160 733 
160 474 
161 102 
163 216 
163 106 
164 799 
164 113 
164 253 
166 564 
169 173 
169 286 
170 184 
171 78 
172 1567 
172 86 
173 423 
174 265 
174 136 
174 759 
177 251 
178 185 
179 257 
179 29 
179 189 
180 503 
181 7281 
181 29 
182 482 
183 238 
183 819 
184 236 
185 450 
185 748 
186 194 
186 223 
189 221 
190 62 
191 69 
192 172 
192 373 
193 61 
193 161 
195 4715 
195 1588 
195 107 
196 224 
196 267 
196 338 
200 2718 
201 98 
203 69 
204 1825 
204 454 
204 75 
204 30 
206 283 
208 244 
208 71 
209 612 
211 1178 
211 615 
211 2054 
211 226 
212 655 
213 1001 
218 1271 
219 488 
220 100 
220 229 
220 90 
222 610 
222 97 
224 63 
224 98 
225 53 
226 127 
226 2502 
227 495 
227 479 
227 97 
229 1751 
229 53 
230 216 
231 56 
232 657 
232 105 
232 167 
233 867 
233 376 
234 178 
237 97 
239 130 
240 185 
240 2221 
242 327 
243 24 
245 914 
245 914 
246 1728 
246 1728 
247 93 
247 115 
247 115 
247 93 
248 184 
248 184 
249 244 
249 222 
249 244 
249 157 
249 157 
249 222 
251 119 
251 119 
252 547 
252 547 
254 1696 
254 1696 
256 505 
256 480 
256 480 
256 505 
258 108 
258 108 
259 1133 
259 1133 
262 210 
262 210 
262 400 
262 400 
263 522 
263 522 
265 156 
265 2 
265 156 
265 2 
266 78 
266 78 
266 807 
266 807 
267 67 
267 67 
268 47 
268 47 
269 56 
269 56 
269 2905 
269 2905 
271 22 
271 22 
271 81 
271 81 
272 170 
272 170 
273 169 
273 169 
274 214 
274 71 
274 243 
274 243 
274 214 
274 71 
275 292 
275 292 
276 965 
276 965 
278 578 
278 37 
278 578 
278 37 
280 142 
280 142 
281 360 
281 450 
281 450 
281 360 
282 91 
282 91 
284 117 
284 117 
285 2190 
285 2190 
288 247 
288 247 
289 202 
289 258 
289 1448 
289 1448 
289 202 
289 258 
294 316 
294 1025 
294 1025 
294 316 
295 56 
295 61 
295 61 
295 56 
297 231 
297 231 
297 1515 
297 1515 
298 382 
298 78 
298 382 
298 78 
299 548 
299 548 
300 1124 
300 1124 
303 739 
303 739 
304 312 
304 3225 
304 312 
304 3225 
305 152 
305 152 
306 144 
306 144 
307 471 
310 4820 
310 213 
310 391 
312 244 
312 57 
313 85 
314 211 
315 429 
317 763 
317 184 
318 127 
318 178 
318 1247 
322 231 
322 131 
323 651 
323 919 
323 325 
326 74 
326 489 
328 104 
329 4964 
331 1148 
331 144 
333 829 
333 1353 
333 384 
333 1234 
334 1499 
334 109 
335 308 
335 21 
340 1551 
341 74 
341 39 
341 251 
343 212 
344 82 
345 668 
345 23 
347 135 
348 56 
349 70 
350 41 
350 336 
353 61685 
355 989 
357 260 
359 283 
359 6562 
359 873 
361 312 
361 147 
361 214 
362 88 
363 207 
364 486 
364 321 
371 236 
371 1092 
373 1647 
373 1150 
377 582 
377 29 
379 84 
379 718 
379 56 
379 245 
380 786 
380 2264 
381 774 
381 559 
383 1738 
384 217 
387 239 
387 241 
387 2165 
390 255 
391 553 
393 99 
393 212 
398 807 
401 129 
402 50 
411 722 
412 1510 
413 461 
413 217 
414 1614 
415 113 
415 241 
416 905 
419 1075 
420 72 
423 32 
425 1742 
426 332 
429 1433 
430 341 
430 176 
430 1477 
431 101 
432 451 
432 111 
434 487 
435 166 
436 3069 
440 101 
441 775 
441 75 
442 669 
446 278 
446 45 
447 44 
449 201 
450 316 
450 892 
451 307 
451 308 
452 758 
454 578 
457 249 
458 153 
459 161 
459 981 
461 506 
462 1432 
463 669 
467 308 
468 229 
471 13 
474 239 
474 829 
475 539 
476 42 
477 760 
477 73 
478 787 
480 349 
481 279 
482 1575 
490 3468 
492 1665 
493 1696 
493 141 
497 629 
497 31 
499 195 
499 1935 
499 666 
500 14 
500 77 
502 42 
506 140 
507 840 
509 21 
510 221 
515 60 
515 214 
522 141 
526 50 
527 274 
528 112 
532 72 
536 864 
539 19445 
542 1370 
544 24 
545 552 
546 129 
551 523 
552 1318 
555 4143 
557 50 
560 449 
561 21 
561 223 
563 1596 
563 154 
563 366 
563 132 
564 50 
564 192 
565 2692 
567 254 
568 2652 
569 160 
569 471 
570 220 
570 77 
572 15 
572 96 
576 66 
578 1920 
578 641 
578 261 
581 101 
581 3 
587 165 
589 374 
589 78 
590 17 
590 76 
592 53 
592 9 
592 391 
593 163 
595 1765 
599 10 
599 351 
604 75 
610 25481 
610 413 
610 665 
614 275 
617 448 
618 619 
621 68 
625 273 
625 154 
626 132 
628 35 
628 175 
628 667 
628 42 
630 74 
631 298 
635 960 
636 4709 
637 535 
642 362 
642 2045 
643 295 
644 78 
648 240 
648 170 
649 162 
652 155 
652 126 
654 530 
661 104 
662 259 
662 751 
667 1117 
669 84 
672 247 
672 33 
674 4866 
677 13579 
682 86 
683 540 
683 731 
685 1663 
687 482 
687 21 
689 205 
696 193 
697 97 
700 356 
700 134 
703 2890 
704 101 
709 377 
713 503 
713 232 
714 446 
714 190 
714 44 
715 639 
718 553 
718 204 
718 189 
719 1276 
720 253 
727 98 
730 14096 
731 126 
732 98 
736 1483 
739 2 
740 1577 
740 159 
742 471 
743 220 
744 117 
746 1000 
747 1913 
747 71 
748 236 
750 351 
751 182 
755 1466 
755 89 
758 229 
766 1081 
768 315 
770 1093 
773 486 
773 89 
780 1113 
781 104 
781 50 
790 242 
790 24 
791 590 
791 88 
795 149 
798 670 
798 56 
801 531 
803 11 
806 2749 
806 892 
806 60 
809 836 
814 16 
815 67 
819 183 
825 407 
825 92 
831 323 
834 38 
837 2010 
840 325 
844 114 
854 199 
860 3427 
865 616 
866 772 
866 73 
867 777 
872 559 
875 1652 
887 1184 
890 379 
894 314 
895 203 
895 468 
900 38 
903 70 
905 168 
906 259 
919 116 
920 309 
922 159 
931 33 
933 511 
933 572 
935 253 
936 34 
937 1612 
939 966 
942 26 
944 75 
945 692 
946 2912 
947 37 
949 1162 
950 81 
953 167 
954 135 
957 109 
959 136 
960 377 
961 5 
961 230 
966 52 
976 443 
978 89 
981 524 
989 347 
990 250 
1000 345 
1009 11 
1009 54 
1016 555 
1021 464 
1029 52 
1040 157 
1043 8383 
1043 22 
1045 65 
1045 627 
1045 53 
1046 618 
1051 307 
1052 147 
1055 5963 
1059 73 
1064 541 
1069 26 
1072 16 
1082 107 
1082 232 
1087 287 
1087 1728 
1095 237 
1103 118 
1106 209 
1109 180 
1111 553 
1115 62 
1123 24 
1124 15 
1125 3004 
1127 22 
1129 1197 
1129 593 
1141 48 
1143 139 
1151 92 
1152 330 
1154 292 
1159 989 
1167 71 
1170 202 
1175 499 
1178 1989 
1183 95 
1185 359 
1185 579 
1187 58 
1189 483 
1189 217 
1191 52 
1196 744 
1197 450 
1205 452 
1205 65 
1207 462 
1216 138 
1223 145 
1224 267 
1228 41 
1233 932 
1233 29 
1238 1465 
1239 44 
1248 160 
1252 84 
1252 267 
1263 98 
1272 79 
1276 285 
1278 869 
1285 63 
1286 48 
1288 780 
1288 69 
1290 1472 
1297 117 
1300 503 
1313 2122 
1314 24 
1317 255 
1327 248 
1337 1084 
1342 326 
1343 349 
1343 927 
1347 184 
1354 59 
1355 222 
1358 669 
1359 3608 
1371 1171 
1374 58 
1389 535 
1391 23 
1399 169 
1399 93 
1403 82 
1404 1123 
1405 459 
1407 46 
1412 460 
1416 39 
1416 563 
1416 45 
1423 637 
1429 797 
1452 70 
1453 888 
1458 262 
1461 44 
1463 276 
1469 1131 
1471 650 
1472 52 
1475 1848 
1477 64 
1477 91 
1479 51 
1482 50 
1485 37 
1487 488 
1489 56 
1490 526 
1495 493 
1509 381 
1515 322 
1516 80 
1517 359 
1517 275 
1521 548 
1521 53 
1521 1220 
1523 551 
1524 225 
1536 239 
1543 45 
1546 1069 
1549 41 
1550 24 
1551 245 
1552 302 
1555 177 
1558 253 
1559 1088 
1563 1136 
1565 200 
1568 94 
1570 241 
1570 113 
1575 123 
1576 236 
1577 144 
1586 2780 
1587 383 
1597 751 
1599 285 
1599 471 
1600 225 
1603 181 
1605 4009 
1606 59 
1608 46 
1609 3907 
1609 774 
1611 99 
1616 1635 
1622 224 
1627 62 
1630 249 
1630 37 
1630 1287 
1631 183 
1632 149 
1632 1899 
1634 80 
1634 196 
1634 732 
1634 4512 
1634 47 
1635 313 
1636 110 
1638 163 
1639 280 
1640 404 
1640 1228 
1641 259 
1642 70 
1644 432 
1644 342 
1644 1618 
1652 71 
1659 1120 
1659 173 
1659 1244 
1661 578 
1662 885 
1663 16 
1665 199 
1665 1646 
1667 1986 
1668 696 
1669 2971 
1669 596 
1671 454 
1673 2125 
1674 291 
1674 544 
1674 8 
1675 102 
1675 81 
1676 252 
1676 1046 
1676 33 
1676 131 
1677 426 
1678 1990 
1678 150 
1678 109 
1679 779 
1680 229 
1680 20 
1682 560 
1684 43 
1685 1849 
1686 121 
1686 190 
1689 4969 
1693 50 
1694 781 
1695 386 
1695 237 
1695 11 
1698 97 
1700 95 
1700 389 
1700 1063 
1704 141 
1706 108 
1707 1358 
1707 44 
1708 1009 
1709 1961 
1710 278 
1712 360 
1712 25 
1713 134 
1717 440 
1718 196 
1719 1777 
1719 292 
1720 38 
1720 7290 
1722 787 
1722 43 
1723 975 
1723 154 
1723 549 
1725 247 
1726 451 
1729 123 
1730 382 
1732 215 
1732 38 
1732 1684 
1732 619 
1734 2028 
1736 3827 
1736 1909 
1736 149 
1737 444 
1740 540 
1740 210 
1741 72 
1741 413 
1744 66 
1748 338 
1748 51 
1748 675 
1750 60 
1753 76 
1753 152 
1754 418 
1756 1028 
1758 1647 
1758 133 
1762 25 
1763 715 
1763 118 
1763 87 
1763 29 
1765 714 
1766 197 
1767 117 
1767 540 
1771 307 
1772 277 
1774 374 
1775 509 
1776 385 
1776 793 
1777 1411 
1777 93 
1778 45 
1780 3120 
1780 199 
1780 125 
1784 320 
1785 658 
1786 75 
1786 2204 
1787 863 
1787 76 
1788 330 
1793 239 
1794 10 
1795 100 
1795 3696 
1795 4131 
1797 697 
1799 168 
1799 155 
1801 19 
1802 207 
1804 235 
1806 471 
1807 89 
1807 3514 
1808 3362 
1808 555 
1810 130 
1810 20 
1810 242 
1811 250 
1813 2423 
1817 205 
1817 4553 
1818 315 
1818 2205 
1820 356 
1821 1720 
1823 521 
1823 1172 
1825 463 
1825 461 
1826 29 
1826 741 
1831 136 
1831 76 
1832 1152 
1833 26 
1835 218 
1837 345 
1838 863 
1839 180 
1840 214 
1841 4083 
1841 1017 
1842 168 
1846 2207 
1846 246 
1847 5542 
1847 9 
1847 138 
1848 113 
1848 3853 
1849 1034 
1850 81 
1851 600 
1851 120 
1852 143 
1852 77 
1854 432 
1856 700 
1859 3399016 
1859 182 
1860 1097 
1862 977 
1863 178 
1864 235 
1864 82 
1865 548 
1866 324 
1868 22 
1869 355 
1871 76 
1871 19 
1872 948 
1872 70 
1873 84 
1873 1880 
1874 393 
1874 870 
1874 2276 
1875 146 
1877 487 
1881 196 
1882 60 
1882 678 
1883 4230 
1884 51 
1886 2958 
1887 2653 
1887 262 
1888 2 
1890 54 
1893 800 
1895 396 
1896 235 
1897 1038 
1897 650 
1898 42 
1898 303 
1899 113 
1901 1424 
1901 30 
1902 2449 
1902 833 
1903 91 
1904 456 
1905 890 
1905 44 
1905 12 
1907 899 
1909 348 
1909 114 
1910 21 
1912 534 
1914 176 
1917 148 
1918 57 
1920 21 
1921 524 
1921 512 
1923 50 
1923 114 
1923 513 
1923 172 
1926 158 
1926 138 
1926 326 
1927 1027 
1928 679 
1928 9 
1931 96 
1932 636 
1932 2860 
1932 418 
1932 373 
1933 174 
1933 722 
1933 88 
1933 40 
1934 581 
1934 1119 
1935 8 
1935 212 
1935 34 
1936 143 
1937 392 
1938 360 
1939 929 
1941 827 
1942 862 
1942 323 
1943 955 
1943 110 
1944 1050 
1944 167 
1945 404 
1945 253 
1945 563 
1947 915 
1948 92 
1949 66 
1949 3802 
1951 430 
1951 68 
1952 148 
1953 1812 
1953 29 
1954 74 
1954 1728 
1958 63 
1958 159 
1958 236 
1958 245 
1958 376 
1959 109 
1960 403 
1961 1063 
1962 117 
1962 501 
1964 238 
1966 53 
1967 9 
1968 395 
1969 23 
1970 161 
1972 216 
1972 2212 
1973 343 
1975 2243 
1975 201 
1977 85 
1977 676 
1979 64 
1981 26 
1982 19532 
1982 1024 
1982 398 
1983 204 
1983 834 
1983 6 
1984 196 
1985 287 
1985 90 
1988 16 
1988 152 
1989 223 
1990 214 
1992 450 
1992 279 
1993 52 
1996 84 
1996 47 
1998 157 
2001 1675 
2002 89 
2003 1083 
2005 77 
2007 249 
2008 348 
2010 62 
2011 2506 
2011 13 
2011 526 
2011 695 
2012 2694 
2012 120 
2012 170 
2012 1400 
2017 434 
2020 5644 
2021 605 
2021 766 
2022 264 
2023 22 
2023 584 
2023 470 
2024 115 
2025 66 
2025 784 
2026 25 
2026 1212 
2029 951 
2029 2025 
2029 763 
2031 214 
2032 3352 
2032 817 
2035 628 
2036 37 
2037 283 
2037 592 
2038 120 
2040 20 
2041 78 
2042 307 
2043 295 
2045 294 
2045 76 
2048 225 
2048 1071 
2050 8629 
2053 127 
2054 180 
2054 1259 
2055 739 
2056 56 
2057 788 
2057 30 
2058 749 
2059 54 
2060 31 
2061 244 
2061 195 
2062 185 
2062 590 
2062 79 
2063 136 
2069 2016 
2070 127 
2071 413 
2071 3522 
2071 43 
2072 42 
2073 8382 
2076 110 
2076 783 
2076 2735 
2077 310 
2079 261 
2080 86 
2080 7122 
2085 229 
2086 93 
2086 2256 
2087 105 
2089 550 
2090 149 
2092 56 
2095 92 
2096 294 
2097 244 
2097 163 
2099 23 
2101 4374 
2103 82 
2107 392 
2107 350 
2108 346 
2108 922 
2111 88 
2113 220 
2113 1759 
2113 231 
2115 319 
2115 188 
2117 232 
2117 5754 
2124 247 
2125 110 
2125 10 
2129 4310 
2130 28 
2133 413 
2134 266 
2136 1703 
2137 60 
2138 354 
2141 79 
2141 44 
2141 927 
2143 159 
2145 2045 
2146 5 
2148 313 
2148 178 
2150 55 
2152 17 
2153 82 
2155 181 
2158 305 
2162 1149 
2163 260 
2165 137 
2165 395 
2166 41 
2167 772 
2169 706 
2170 122 
2171 35 
2172 187 
2172 24079 
2173 1281 
2173 232 
2174 228 
2177 299 
2179 42 
2184 1503 
2186 286 
2188 24 
2189 160 
2189 138 
2192 486 
2193 34 
2197 3311 
2200 189 
2202 2489 
2204 117 
2204 46 
2204 184 
2204 118 
2206 395 
2211 92 
2211 561 
2212 188 
2215 596 
2216 27 
2222 51 
2223 103 
2226 1478 
2232 541 
2240 138 
2242 196 
2242 1935 
2243 146 
2244 10658 
2253 35 
2253 962 
2254 165 
2257 5501 
2259 1526 
2259 266 
2261 628 
2262 138 
2262 20 
2262 92 
2263 473 
2264 198 
2264 57 
2266 248 
2270 680 
2272 292 
2275 2751 
2275 356 
2278 284 
2279 1690 
2281 1044 
2281 699 
2283 71 
2285 117 
2290 96 
2291 7479 
2291 3398 
2292 892 
2293 52 
2294 683 
2294 358 
2294 1630 
2297 221 
2301 301 
2302 22479 
2304 303 
2305 1295 
2309 62 
2310 156 
2311 1175 
2316 75 
2316 578 
2319 722 
2324 1365 
2325 1112 
2328 356 
2331 36 
2332 391 
2334 67 
2334 7 
2335 433 
2339 743 
2341 288 
2341 36 
2342 273 
2344 25 
2344 73 
2348 30 
2349 136 
2350 279 
2352 3178 
2353 382 
2359 214 
2360 752 
2372 308 
2372 208 
2374 31 
2374 427 
2377 326 
2380 70 
2383 378 
2383 117 
2383 801 
2383 188 
2385 1294 
2389 28 
2391 3 
2391 640 
2393 258 
2400 160 
2403 515 
2405 342 
2405 272 
2406 435 
2407 199 
2407 418 
2412 269 
2413 1109 
2417 743 
2419 1649 
2420 102 
2425 191 
2425 233 
2426 338 
2426 42 
2428 184 
2429 38 
2436 56 
2438 1607 
2441 138 
2442 111 
2443 154 
2444 1492 
2452 70 
2456 82 
2465 94 
2469 368 
2470 4183 
2471 26 
2473 33 
2480 238 
2482 81 
2505 115 
2512 1826 
2512 103 
2514 661 
2518 122 
2518 139 
2520 203 
2523 70 
2525 159 
2529 182 
2535 103 
2535 7 
2539 286 
2541 141 
2545 118 
2545 128 
2549 51 
2553 1721 
2554 466 
2555 25 
2556 76 
2559 298 
2572 14 
2573 237 
2573 60 
2576 2101 
2578 248 
2585 28 
2592 22 
2593 87 
2598 202 
2599 287 
2599 96 
2601 146 
2601 242 
2603 146 
2606 105 
2614 380 
2615 712 
2616 103 
2623 1587 
2626 166 
2626 209 
2629 105 
2640 124 
2641 795 
2642 789 
2642 12 
2643 747 
2645 308 
2647 33274 
2656 321 
2657 48 
2662 361 
2662 26 
2663 1020 
2663 9203 
2665 1184 
2674 169 
2680 127 
2681 809 
2682 1008 
2684 380 
2690 512 
2696 736 
2701 102 
2706 1062 
2706 31 
2709 252 
2709 480 
2710 477 
2711 185 
2713 29 
2717 106 
2721 259 
2721 1491 
2722 232 
2722 1655 
2724 1107 
2724 201 
2727 1088 
2727 551 
2731 251 
2731 86 
2732 115 
2734 9013 
2738 297 
2739 1157 
2739 621 
2743 102 
2747 131 
2749 99 
2754 147 
2755 424 
2758 1137 
2763 442 
2763 4805 
2769 186 
2772 101 
2774 305 
2774 218 
2775 107 
2775 93 
2777 107 
2780 504 
2780 108 
2781 77 
2785 103 
2793 444 
2795 179 
2797 173 
2797 251 
2800 97 
2801 144 
2804 537 
2805 125 
2807 129 
2810 103 
2811 424 
2813 1392 
2813 339 
2821 272 
2827 467 
2837 913 
2837 91 
2839 1282 
2840 103 
2840 54 
2843 190 
2844 2302 
2847 119 
2850 44 
2850 3 
2859 64 
2861 490 
2862 1896 
2867 707 
2879 477 
2879 1877 
2880 191 
2881 465 
2883 676 
2885 87 
2885 91 
2890 37 
2890 95 
2890 895 
2895 2062 
2898 69 
2899 1335 
2901 580 
2903 161 
2908 1732 
2912 683 
2914 2881 
2917 101 
2922 91 
2928 88 
2930 1615 
2931 632 
2931 345 
2932 2864 
2932 2316 
2933 1242 
2935 157 
2938 549 
2941 100 
2944 144 
2944 341 
2949 35 
2949 444 
2949 256 
2950 1431 
2952 306 
2952 113 
2955 25 
2957 156 
2957 102 
2958 1302 
2962 271 
2963 109 
2964 230 
2969 750 
2969 252 
2976 87 
2980 2827 
2988 2550 
2989 1311 
2994 782 
2995 316 
2996 582 
2999 129 
2999 109 
3000 784 
3003 317 
3007 354 
3013 168 
3016 1162 
3018 106 
3022 866 
3023 32 
3029 68 
3029 1056 
3032 21 
3032 55 
3036 100 
3041 369 
3042 270 
3043 159 
3045 91 
3051 1409 
3051 1073 
3055 109 
3056 310 
3058 92 
3058 1233 
3059 163 
3062 164 
3065 1188 
3068 876 
3072 3539 
3072 787 
3074 49 
3074 261 
3074 481 
3075 269 
3077 56 
3077 383 
3078 199 
3083 216 
3084 297 
3084 61 
3086 620 
3087 715 
3100 380 
3100 51812 
3107 283 
3108 3713 
3109 1363 
3110 11 
3114 154 
3116 633 
3117 23 
3119 113 
3125 199 
3127 787 
3129 473 
3135 41 
3140 485 
3143 17850 
3144 487 
3144 933 
3146 1635 
3149 697 
3149 327 
3150 272 
3150 382 
3151 211 
3154 60 
3160 1313 
3161 443 
3161 2263 
3164 94 
3169 28542 
3171 1868 
3174 362 
3174 688 
3177 1359 
3179 774 
3180 193 
3181 1944 
3184 18 
3184 733 
3185 216 
3186 31 
3187 625 
3189 890 
3189 2972 
3191 80 
3196 2978 
3199 227 
3201 114 
3204 228 
3205 48 
3205 1478 
3208 46 
3210 204 
3213 230 
3214 625 
3215 1067 
3216 740 
3217 103 
3217 3092 
3219 156 
3221 224 
3222 831 
3222 1647 
3223 1778 
3224 95 
3228 648 
3229 771 
3229 115 
3233 109 
3238 229 
3238 1630 
3239 1127 
3239 1431 
3241 661 
3242 100 
3242 1467 
3243 171 
3244 1128 
3246 327 
3246 329 
3247 3499 
3250 104 
3254 366 
3254 647 
3255 378 
3256 56 
3259 40 
3260 31 
3262 199 
3262 116 
3263 416 
3263 564 
3264 80486 
3265 638 
3266 144 
3269 1474 
3271 132 
3273 394 
3275 638 
3275 480 
3276 73 
3278 2083 
3281 175 
3282 155 
3283 93 
3289 139 
3289 101 
3294 60 
3296 200 
3297 61 
3299 568 
3301 102 
3303 483 
3304 131 
3305 91 
3307 950 
3309 306 
3309 2379 
3316 5869 
3317 785 
3318 100 
3319 4532 
3320 333 
3322 337 
3325 1279 
3325 1220 
3326 46 
3326 706 
3328 437 
3328 89 
3329 133 
3332 279 
3333 2168 
3334 1061 
3335 825 
3339 122 
3340 223 
3340 79 
3343 989 
3345 20 
3345 3225 
3347 32 
3352 300 
3353 771 
3356 480 
3357 411 
3359 224 
3364 138 
3367 243 
3372 149 
3373 254 
3375 269 
3377 1379 
3381 203 
3381 1121 
3382 1607 
3384 8 
3385 55 
3388 1944 
3389 107 
3391 91 
3394 154 
3394 1227 
3394 279 
3397 188 
3399 1465 
3399 165 
3401 378 
3401 323 
3404 1720 
3410 193 
3410 1116 
3410 2299 
3411 168 
3411 55 
3413 204 
3415 8990 
3419 723 
3422 37 
3431 1201 
3432 460 
3432 1496 
3435 741 
3437 179 
3438 996 
3438 1429 
3438 1673 
3438 746 
3438 279 
3439 100 
3439 196 
3441 85 
3444 3074 
3445 130 
3445 56 
3449 17787 
3450 514 
3450 280 
3451 1158 
3453 247 
3455 722 
3456 187 
3456 382 
3460 61 
3461 28 
3464 1827 
3472 36 
3472 269 
3472 362 
3475 1141 
3477 21 
3478 832 
3478 1371 
3480 79 
3481 482 
3482 28 
3483 1169 
3483 1411 
3484 732 
3484 737 
3484 76 
3484 98 
3486 215 
3487 531 
3488 476 
3488 1987 
3492 310 
3494 995 
3495 11220 
3496 672 
3497 12096 
3499 592 
3501 222 
3502 18 
3502 178 
3504 438 
3505 154 
3506 8696 
3507 437 
3507 1230 
3508 1835 
3511 1184 
3517 618 
3517 177 
3518 243 
3518 236 
3519 47 
3521 123 
3522 810 
3523 2 
3528 117 
3530 364 
3531 839 
3532 364 
3533 226 
3534 370 
3535 1023 
3538 1298 
3538 580 
3539 414 
3540 41 
3541 384 
3543 68 
3546 641 
3546 334 
3548 78 
3549 166 
3551 651 
3552 3486 
3552 627 
3553 53 
3556 590 
3558 1290 
3559 4570 
3560 218 
3561 416 
3562 699 
3562 1447 
3565 8525 
3567 497 
3567 520 
3567 153 
3571 179 
3576 789 
3577 28 
3579 602 
3580 20 
3581 1356 
3584 156 
3584 108 
3585 436 
3586 320 
3589 1091 
3589 214 
3590 15 
3590 1358 
3590 2286 
3591 994 
3596 2136 
3600 1447 
3600 164 
3600 521 
3601 7611 
3602 36853 
3604 242 
3604 3389 
3607 37 
3607 182 
3609 94 
3610 275 
3615 854 
3615 298 
3615 451 
3617 1489 
3619 212 
3620 2449 
3620 906 
3621 33 
3621 334 
3621 66 
3621 254 
3625 262 
3626 41 
3626 179 
3627 1146 
3627 2531 
3627 1087 
3628 1717 
3629 412 
3629 381 
3629 3293 
3631 714 
3634 56 
3642 1466 
3643 1004 
3646 793 
3646 46 
3649 138 
3649 212 
3649 389 
3650 53 
3652 1080 
3653 668 
3657 1743 
3660 906 
3661 5 
3661 1144 
3664 109 
3666 1466 
3670 581 
3671 670 
3674 53 
3674 115 
3674 651 
3677 372 
3679 435 
3679 5527 
3682 1063 
3683 426 
3685 131 
3685 81 
3687 320 
3688 411 
3692 446 
3692 52 
3692 1230 
3693 693 
3696 198 
3696 21 
3697 28 
3698 313 
3699 139 
3699 563 
3701 606 
3703 751 
3704 144 
3706 221 
3713 76 
3714 1468 
3716 4350 
3718 71 
3720 161 
3724 686 
3726 890 
3730 303 
3730 244 
3733 145 
3735 1200 
3740 299 
3742 75 
3744 165 
3744 58 
3744 1654 
3745 70 
3747 466 
3748 63 
3751 140 
3751 568 
3752 103 
3754 2138 
3756 287 
3758 1204 
3758 248 
3758 207 
3759 394 
3760 238 
3763 971 
3765 189 
3766 883 
3768 1605 
3768 4875 
3769 139 
3769 151 
3773 8196 
3773 34 
3775 602 
3780 144 
3783 105 
3784 5563 
3784 416 
3784 730 
3786 750 
3787 591 
3792 2801 
3793 229 
3794 442 
3795 8056 
3799 205 
3801 274 
3801 340 
3802 203 
3803 1115 
3808 219 
3809 150 
3809 150 
3810 411 
3810 1837 
3812 465 
3813 388 
3815 746 
3815 1589 
3817 503 
3817 18 
3820 701 
3825 814 
3825 793 
3828 2205 
3828 27 
3829 166 
3830 28 
3830 473 
3833 72 
3834 778 
3837 143 
3839 526 
3839 646 
3840 180 
3846 8422 
3846 187 
3846 49 
3846 291 
3847 877 
3848 515 
3850 2324 
3850 1489 
3851 633 
3851 1431 
3852 192 
3853 3139 
3854 2105 
3856 233 
3859 728 
3860 5143 
3860 68 
3862 556 
3863 1133 
3864 51 
3866 386 
3869 296 
3871 229 
3871 79 
3872 24 
3872 175 
3874 304 
3880 1016 
3880 25 
3883 2719 
3888 1110 
3889 117 
3891 2390 
3891 95 
3891 1388 
3893 278 
3896 73 
3897 453 
3900 2706 
3901 4743 
3902 1807 
3902 149 
3906 654 
3909 248 
3910 47 
3910 74 
3911 36 
3912 521 
3912 8484 
3914 2083 
3915 1072 
3915 3306 
3915 292 
3916 299 
3916 714 
3916 549 
3917 3537 
3918 1557 
3921 223 
3921 955 
3922 508 
3923 214 
3925 21039 
3932 382 
3933 4135 
3934 114 
3935 69 
3937 168 
3937 140 
3938 1759 
3939 39 
3939 2534 
3940 128 
3941 343 
3942 189 
3943 172 
3944 62 
3944 233 
3944 244 
3945 748 
3947 54 
3949 131 
3950 721 
3954 787 
3958 121 
3959 277 
3960 197 
3963 837 
3963 391 
3966 112 
3967 286 
3969 1532 
3970 1134 
3972 291 
3972 1323 
3973 508 
3973 1169 
3976 1044 
3982 222 
3984 95 
3985 44 
3987 1149 
3987 49 
3987 697 
3991 2658 
3992 449 
3992 565 
3998 179 
3998 205 
3999 948 
4000 50 
4003 375 
4006 67 
4006 153 
4007 418 
4009 860 
4013 1211 
4013 1146 
4015 141 
4018 305 
4019 1111 
4021 85 
4022 67 
4022 720 
4023 209 
4030 150 
4032 28 
4034 132 
4036 1664 
4038 1079 
4039 8688 
4040 1238 
4040 1682 
4043 58 
4049 2245 
4050 345 
4052 294 
4052 2328 
4054 795 
4054 172 
4054 436 
4058 200 
4062 195 
4070 21 
4071 904 
4071 90 
4073 1184 
4073 54 
4074 136 
4074 318 
4074 515 
4074 1939 
4075 464 
4078 2258 
4079 163 
4080 105 
4081 1848 
4083 133 
4083 444 
4085 4691 
4090 536 
4090 56 
4092 918 
4092 1 
4094 121 
4097 330 
4098 320 
4099 1981 
4101 138 
4108 316 
4111 913 
4113 76 
4113 117 
4117 1356 
4121 107 
4121 197 
4124 1467 
4129 266 
4134 79 
4139 130 
4140 163 
4141 1547 
4145 21 
4146 315 
4146 470 
4154 51 
4157 578 
4162 244 
4174 500 
4181 486 
4199 128 
4199 275 
4199 138 
4205 430 
4207 1254 
4210 369 
4214 104 
4217 144 
4224 275 
4225 541 
4231 34 
4232 292 
4235 1767 
4237 149 
4238 318 
4247 10643 
4251 152 
4259 339 
4262 152 
4263 706 
4272 2374 
4273 324 
4273 9 
4275 607 
4277 549 
4278 769 
4285 770 
4288 1017 
4289 24336 
4291 1058 
4292 60 
4297 54 
4298 129 
4302 367 
4312 93 
4312 429 
4315 1434 
4330 52 
4332 343 
4333 36 
4334 70 
4334 1043 
4335 873 
4338 66 
4340 4 
4344 111 
4347 34 
4356 434 
4365 103 
4377 27 
4384 15376 
4392 343 
4393 751 
4396 164 
4397 43 
4398 1599 
4400 162 
4400 414 
4407 659 
4408 122 
4410 293 
4413 566 
4414 2714 
4415 948 
4417 302 
4423 1423 
4425 2530 
4429 51 
4432 47 
4437 40 
4438 253 
4441 275 
4444 231 
4445 171 
4446 43 
4448 87 
4449 915 
4451 1649 
4451 1114 
4453 455 
4456 66 
4459 175 
4461 3330 
4468 1445 
4470 141 
4470 1083 
4472 1946 
4474 47 
4474 3742 
4478 75 
4485 2739 
4486 798 
4489 6730 
4492 272 
4494 877 
4495 447 
4497 91 
4497 397 
4499 81 
4502 89 
4508 219 
4515 86 
4520 1707 
4522 27 
4530 3558 
4533 312 
4535 1106 
4536 156 
4539 238 
4540 1531 
4540 327 
4542 317 
4543 93 
4545 46 
4546 472 
4547 433 
4551 174 
4551 1449 
4557 56 
4558 2961 
4559 834 
4561 2221 
4561 682 
4563 18 
4563 332 
4565 397 
4569 38 
4575 2324 
4576 93 
4578 929 
4582 120 
4584 52 
4584 1922 
4585 505 
4586 205 
4588 376 
4588 5013 
4588 9 
4590 23 
4593 126 
4600 678 
4606 43 
4610 236 
4611 398 
4612 732 
4613 108 
4615 387 
4616 163 
4617 72 
4627 411 
4637 74 
4638 677 
4638 207 
4638 355 
4639 247 
4644 1046 
4644 176 
4644 132 
4644 5 
4645 596 
4647 93 
4651 981 
4651 285 
4652 1552 
4658 126 
4658 265 
4663 312 
4663 1184 
4664 239 
4664 6739 
4666 229 
4671 2133 
4672 666 
4676 234 
4676 295 
4680 235 
4682 871 
4685 573 
4688 110 
4695 114 
4696 51 
4701 1222 
4712 60 
4717 178 
4718 3804 
4723 225 
4726 22734 
4727 78 
4728 963 
4732 1103 
4734 46 
4735 571 
4736 7 
4740 1378 
4741 328 
4742 327 
4749 458 
4751 927 
4752 158 
4752 448 
4758 122 
4761 614 
4761 2064 
4763 430 
4766 312 
4766 3180 
4768 52 
4770 137 
4773 522 
4774 206 
4776 16759 
4776 141 
4776 2170 
4782 689 
4784 904 
4788 113 
4791 489 
4792 415 
4793 593 
4795 22236 
4795 493 
4795 86 
4799 27 
4810 313 
4818 4216 
4818 87 
4818 842 
4819 496 
4821 41 
4826 447 
4827 53 
4832 88 
4833 1065 
4838 69 
4839 177 
4843 73 
4844 7430 
4846 710 
4853 575 
4855 12 
4856 607 
4858 113 
4859 136 
4861 859 
4863 86 
4863 3870 
4866 349 
4879 691 
4879 483 
4881 1229 
4882 563 
4883 81 
4883 479 
4885 1532 
4886 250 
4888 60 
4888 1906 
4897 411 
4898 238 
4900 882 
4900 740 
4901 120 
4902 393 
4905 586 
4906 987 
4908 950 
4908 405 
4908 12378 
4911 68 
4911 309 
4914 1522 
4916 4558 
4916 26 
4916 1204 
4921 404 
4922 562 
4922 143 
4923 2014 
4925 858 
4926 317 
4929 144 
4930 169 
4931 1684 
4932 267 
4936 382 
4938 384 
4939 518 
4940 15442 
4943 976 
4953 374 
4956 2147 
4957 823 
4960 249 
4967 1596 
4968 1540 
4977 790 
4979 218 
4980 481 
4983 53 
4987 120 
4991 164 
4991 704 
4994 774 
5003 1344 
5006 229 
5011 136 
5014 638 
5016 1593 
5022 2711 
5025 54 
5029 1105 
5029 776 
5030 422 
5031 249 
5037 1617 
5043 385 
5049 5195 
5056 8572 
5060 555 
5061 698 
5067 3438 
5073 73 
5080 349 
5089 119 
5096 422 
5098 54 
5100 62 
5100 536 
5102 1050 
5102 51 
5103 610 
5108 952 
5109 1025 
5121 20 
5125 1111 
5126 922 
5128 118 
5128 935 
5128 405 
5129 81 
5130 295 
5134 1655 
5142 287 
5144 905 
5145 239 
5148 275 
5154 141 
5156 804 
5172 219 
5174 1462 
5174 421 
5176 1291 
5179 843 
5180 24 
5183 273 
5184 69 
5185 2151 
5185 428 
5186 273 
5187 126 
5189 29 
5190 5134 
5191 78 
5200 1448 
5210 185 
5213 1939 
5214 285 
5215 198 
5216 302 
5216 36 
5217 279 
5223 80 
5224 109 
5228 1317 
5228 3876 
5229 34 
5230 863 
5232 211 
5233 391 
5234 661 
5239 5669 
5240 496 
5241 145 
5241 83 
5255 105 
5256 55 
5262 139 
5263 90 
5287 248 
5301 813 
5307 935 
5311 1880 
5317 2896 
5323 274 
5325 1327 
5328 431 
5330 805 
5331 292 
5332 4376 
5333 79 
5334 478 
5337 766 
5342 94 
5347 1035 
5355 37 
5360 266 
5365 279 
5370 1495 
5372 115 
5382 66 
5386 963 
5390 152 
5391 668 
5392 70 
5395 440 
5397 771 
5398 143 
5403 44 
5410 733 
5413 963 
5418 2067 
5423 345 
5428 278 
5430 567 
5431 907 
5438 1666 
5451 1535 
5452 317 
5459 658 
5461 334 
5467 1482 
5469 259 
5470 647 
5472 102 
5472 3792 
5490 194 
5501 232 
5502 1028 
5506 65 
5508 70 
5509 1208 
5512 145 
5513 66 
5513 635 
5516 2231 
5519 268 
5521 234 
5521 147 
5521 1207 
5524 1377 
5529 1668 
5530 239 
5531 1452 
5533 154 
5535 454 
5538 346 
5539 361 
5541 222 
5541 122 
5544 274 
5544 42 
5545 737 
5549 122 
5551 908 
5552 55 
5552 409 
5555 212 
5556 8338 
5558 279 
5558 535 
5560 590 
5563 486 
5563 1704 
5566 1131 
5569 2135 
5570 854 
5577 1352 
5578 209 
5579 1227 
5579 688 
5582 15 
5585 85 
5587 111 
5592 2850 
5593 956 
5603 3572 
5604 270 
5606 70 
5608 832 
5610 1634 
5621 195 
5624 353 
5624 2719 
5626 621 
5629 338 
5639 470 
5641 385 
5642 2488 
5642 160 
5650 86 
5651 2283 
5654 332 
5657 225 
5658 1043 
5664 42 
5668 220 
5670 2004 
5670 265 
5672 186 
5677 171 
5680 636 
5681 558 
5687 784 
5689 4528 
5696 525 
5697 42 
5700 1400 
5705 1006 
5709 2918 
5715 291 
5715 31 
5716 171 
5717 294 
5719 1673 
5719 185 
5722 2000 
5724 376 
5730 2278 
5732 152 
5734 382 
5735 1574 
5736 85 
5740 1195 
5741 194 
5745 320 
5747 1020 
5749 118 
5750 68 
5751 1406 
5754 22 
5754 165 
5755 44 
5755 299 
5757 225 
5761 29 
5762 451 
5763 466 
5764 513 
5769 932 
5772 58 
5773 2941 
5774 224 
5775 192 
5775 1466 
5775 156 
5776 236 
5777 958 
5778 199 
5779 313 
5780 17 
5780 486 
5782 10967 
5786 26 
5786 1471 
5788 1229 
5791 211 
5792 292 
5793 272 
5797 1561 
5801 182 
5804 410 
5805 201 
5805 1877 
5807 368 
5808 551 
5809 104 
5811 395 
5812 446 
5812 339 
5812 369 
5812 884 
5813 1263 
5815 986 
5823 1444 
5824 7104 
5825 4126 
5827 43 
5829 1363 
5832 1041 
5832 31 
5833 1155 
5835 233 
5838 446 
5841 134 
5842 192 
5844 1517 
5847 5329 
5850 810 
5851 561 
5853 313 
5853 634 
5854 511 
5857 92 
5858 2096 
5859 707 
5867 210 
5873 201 
5873 14 
5874 479 
5874 1596 
5876 30 
5878 129 
5879 110 
5880 100 
5880 372 
5882 743 
5890 106 
5890 327 
5894 74 
5894 1471 
5896 319 
5897 52 
5897 288 
5903 560 
5904 37 
5907 182 
5908 1207 
5909 122 
5912 2503 
5912 806 
5912 981 
5918 8 
5920 184 
5921 857 
5922 212 
5922 1173 
5922 934 
5923 891 
5924 393 
5924 1266 
5927 283 
5931 1495 
5931 54 
5932 39 
5932 395 
5934 101 
5937 667 
5938 165 
5938 1133 
5944 512 
5945 837 
5947 135 
5948 139 
5949 66 
5950 1419 
5951 564 
5951 1506 
5951 162 
5951 3754 
5954 1090 
5955 9 
5959 952 
5960 60 
5961 157 
5962 107 
5964 1093 
5972 1303 
5974 1198 
5977 218 
5978 25 
5979 112 
5980 515 
5981 409 
5983 45 
5983 24 
5984 410 
5984 762 
5984 437 
5985 101 
5985 94 
5987 253 
5989 60 
5992 86 
5992 1711 
5993 95 
5996 70 
6000 242 
6001 484 
6005 114 
6005 151 
6009 4120 
6009 364 
6010 118 
6016 263 
6016 684 
6019 394 
6022 15 
6023 3832 
6023 174 
6023 47 
6025 162 
6029 721 
6033 658 
6034 240 
6036 588 
6036 68003 
6042 134 
6044 460 
6044 96 
6045 100 
6046 248 
6054 217 
6055 1342 
6057 357 
6061 14 
6067 202 
6068 144 
6070 731 
6075 551 
6076 664 
6077 1665 
6078 415 
6080 240 
6082 672 
6085 531 
6088 154 
6088 599 
6089 328 
6091 1122 
6092 1476 
6092 1075 
6094 657 
6095 244 
6095 126 
6100 1216 
6100 24 
6103 2787 
6106 379 
6108 34 
6109 628 
6112 49 
6114 15 
6114 263 
6117 4463 
6119 475 
6121 290 
6122 2544 
6125 182 
6126 981 
6126 769 
6135 120 
6136 2336 
6136 2691 
6137 7 
6137 2121 
6138 1595 
6140 410 
6141 781 
6145 1811 
6146 342 
6147 607 
6147 52 
6148 96 
6148 1652 
6150 267 
6152 1055 
6154 125 
6157 201 
6161 86 
6162 703 
6162 301 
6169 150 
6169 1281 
6171 3290 
6174 271 
6175 105 
6176 411 
6178 2172 
6181 107 
6184 33 
6185 236 
6185 278 
6188 590 
6189 255 
6189 60 
6192 466 
6194 787 
6194 10 
6196 280 
6196 251 
6201 1260 
6201 471 
6201 1575 
6203 37 
6204 1123 
6205 12 
6205 211 
6209 86 
6210 404 
6210 102 
6212 156 
6215 181 
6219 764 
6222 1799 
6223 612 
6223 457 
6223 807 
6227 2389 
6228 804 
6229 784 
6229 867 
6231 935 
6233 255 
6234 1259 
6235 321 
6236 1160 
6241 79 
6242 87 
6243 68 
6244 361 
6245 1627 
6247 4593 
6247 1589 
6248 12 
6249 462 
6250 7136 
6252 1289 
6252 212 
6258 288 
6258 774 
6264 2816 
6264 3375 
6264 671 
6266 1909 
6266 15 
6270 298 
6270 2790 
6271 448 
6271 654 
6274 747 
6274 1701 
6274 2 
6276 940 
6276 305 
6278 480 
6279 44 
6283 48 
6284 428 
6285 674 
6291 171 
6292 81 
6295 328 
6296 2979 
6297 52 
6299 182 
6302 0 
6303 2492 
6303 232 
6304 1589 
6308 58 
6310 238 
6313 2051 
6314 1025 
6316 563 
6317 285 
6318 225 
6319 1 
6320 491 
6321 103 
6326 426 
6327 1457 
6327 251 
6332 660 
6333 643 
6335 947 
6341 69 
6342 457 
6344 13 
6344 71 
6347 234 
6350 477 
6350 265 
6351 407 
6357 1187 
6357 115 
6357 661 
6364 374 
6366 101 
6367 213 
6368 66 
6369 883 
6369 30 
6377 6 
6377 924 
6378 1703 
6379 89 
6383 702 
6383 179 
6385 153 
6386 116 
6386 737 
6387 3048 
6390 153 
6390 158 
6391 770 
6393 1392 
6393 2298 
6396 464 
6397 526 
6398 1363 
6400 1128 
6405 22 
6406 460 
6408 528 
6411 1566 
6413 287 
6413 181 
6414 166 
6415 971 
6417 107 
6420 26 
6421 396 
6421 228 
6422 249 
6428 2035 
6429 3390 
6430 437 
6431 116 
6434 301 
6436 236 
6437 1168 
6441 2689 
6442 816 
6448 154 
6452 1201 
6452 1123 
6454 1630 
6461 824 
6461 718 
6463 92 
6464 4021 
6465 6822 
6467 286 
6471 2026 
6471 105 
6476 29 
6477 278 
6479 1468 
6479 433 
6482 42 
6484 1334 
6485 186 
6485 1287 
6490 7659 
6491 1062 
6493 1568 
6493 1473 
6496 312 
6496 567 
6502 35494 
6507 28 
6507 231 
6508 3966 
6510 905 
6512 1670 
6513 396 
6522 46 
6523 1003 
6524 108 
6525 1449 
6530 4110 
6531 1611 
6531 474 
6533 159 
6533 668 
6534 1386 
6534 295 
6540 318 
6540 4446 
6542 1413 
6543 142 
6545 96 
6548 338 
6548 956 
6549 162 
6549 354 
6550 148 
6550 399 
6551 765 
6552 1626 
6556 616 
6558 313 
6559 202 
6562 3106 
6562 374 
6562 750 
6563 758 
6563 1008 
6571 231 
6572 1359 
6572 643 
6573 135 
6576 146 
6579 208 
6580 638 
6582 954 
6583 391 
6586 769 
6586 230 
6592 761 
6593 266 
6595 1798 
6596 632 
6600 12 
6613 346 
6614 50 
6614 572 
6615 473 
6619 35 
6622 961 
6622 350 
6622 154 
6624 279 
6624 530 
6627 41 
6635 1017 
6648 68 
6648 104 
6649 611 
6650 444 
6652 1058 
6652 40 
6654 69 
6654 1451 
6664 537 
6667 1141 
6670 288 
6670 2603 
6671 107 
6671 171 
6671 112 
6672 166 
6672 108 
6674 840 
6675 566 
6678 473 
6678 273 
6679 874 
6683 280 
6684 3330 
6688 135 
6688 10165 
6692 462 
6693 254 
6695 76 
6704 2044 
6704 359 
6705 324 
6705 198 
6707 2404 
6708 246 
6709 380 
6710 331 
6710 365 
6711 484 
6713 76 
6718 85 
6730 1907 
6736 134 
6737 39 
6740 560 
6744 109 
6744 878 
6747 40 
6750 208 
6752 1719 
6756 110 
6759 476 
6763 1229 
6765 1223 
6768 1792 
6769 155 
6771 611 
6778 309 
6781 374 
6784 156 
6788 1240 
6790 116 
6791 233 
6792 780 
6794 121 
6795 936 
6798 113 
6802 237 
6805 317 
6807 196 
6807 1005 
6807 324 
6809 1139 
6809 296 
6811 78 
6812 5 
6812 340 
6812 19 
6816 742 
6816 3486 
6818 303 
6818 125 
6820 223 
6821 7679 
6822 754 
6823 2150 
6824 1006 
6826 1068 
6827 146 
6827 65 
6829 161 
6830 202 
6830 820 
6831 1331 
6831 724 
6831 1018 
6831 102 
6832 78 
6833 128 
6833 272 
6837 1564 
6840 35 
6842 1263 
6845 5447 
6847 634 
6850 468 
6854 173 
6855 3746 
6859 371 
6859 261 
6864 2044 
6872 157 
6874 343 
6874 491 
6874 49 
6877 2182 
6880 131 
6882 206 
6882 421 
6885 1666 
6888 5022 
6888 1657 
6890 2232 
6891 1155 
6895 487 
6898 333 
6899 78 
6900 8 
6900 381 
6900 280 
6904 234 
6904 258 
6907 126 
6909 520 
6909 140 
6909 730 
6912 1023 
6913 474 
6916 772 
6918 63 
6920 63 
6924 75 
6926 600 
6927 1450 
6929 10209 
6929 167 
6930 142 
6933 860 
6934 1622 
6935 476 
6935 189 
6935 556 
6937 391 
6940 1323 
6942 1562 
6943 416 
6947 325 
6949 1060 
6953 80 
6953 240 
6953 342 
6954 358 
6957 315 
6958 311 
6964 560 
6965 876 
6968 217 
6975 140 
6975 96 
6981 15 
6987 419 
6988 502 
6991 2071 
7003 884 
7006 2017 
7007 701 
7007 415 
7007 5456 
7009 1217 
7011 257 
7012 468 
7015 92 
7017 1935 
7020 233 
7021 3314 
7023 621 
7024 530 
7026 147 
7027 91 
7030 108 
7031 681 
7036 1940 
7038 1238 
7039 72 
7042 20 
7042 366 
7044 754 
7049 333 
7051 841 
7052 340 
7052 730 
7054 854 
7056 1575 
7059 1314 
7059 191 
7061 1277 
7063 416 
7063 2278 
7064 342 
7064 1508 
7067 323 
7068 494 
7070 104 
7071 471 
7073 59 
7073 340 
7073 390 
7074 565 
7077 141 
7082 179 
7082 65 
7082 198 
7083 218 
7085 398 
7089 24 
7089 102 
7093 647 
7095 13622 
7097 539 
7100 173 
7100 360 
7102 204 
7105 1213 
7108 1367 
7110 2972 
7111 566 
7111 858 
7111 68 
7116 115 
7118 136 
7118 156 
7119 456 
7120 313 
7120 559 
7121 142 
7130 738 
7137 1419 
7139 250 
7141 514 
7144 694 
7149 79 
7156 60 
7156 266 
7159 292 
7161 68 
7167 168 
7167 262 
7168 1593 
7168 473 
7168 23 
7172 62 
7173 314 
7177 403 
7179 4949 
7191 572 
7196 223 
7197 36 
7198 11670 
7200 1449 
7201 968 
7201 158 
7206 155 
7207 339 
7209 126 
7213 183 
7214 471 
7217 291 
7217 970 
7219 30 
7222 95 
7229 533 
7239 247 
7253 997 
7253 543 
7255 38 
7256 1191 
7257 2174 
7257 279 
7258 624 
7263 737 
7263 326 
7265 649 
7266 204 
7268 1824 
7268 2443 
7270 682 
7274 102 
7274 753 
7282 553 
7282 652 
7282 249 
7283 918 
7284 1031 
7287 1114 
7287 100 
7293 94 
7295 281 
7298 424 
7301 67 
7301 200 
7301 563 
7307 4650 
7319 38 
7320 820 
7321 111 
7324 53 
7324 328 
7327 65 
7328 239 
7328 404 
7329 1033 
7331 330 
7332 189 
7337 679 
7337 140 
7339 1010 
7339 166 
7344 316 
7353 49 
7354 128 
7357 725 
7357 1067 
7362 268 
7362 323 
7364 1140 
7365 1354 
7370 574 
7370 168 
7372 101 
7376 700 
7380 5170 
7388 1833 
7390 634 
7390 341 
7390 11 
7393 83 
7395 43 
7396 1910 
7399 847 
7401 77 
7401 156 
7410 1395 
7410 54 
7412 219 
7413 255 
7416 1222 
7417 412 
7417 59 
7417 402 
7418 3141 
7424 499 
7425 1023 
7427 250 
7429 427 
7432 28 
7434 125 
7435 40 
7435 203 
7444 746 
7450 702 
7452 178 
7453 321 
7455 1102 
7458 799 
7458 156 
7458 68 
7458 782 
7459 3210 
7459 199 
7464 746 
7465 1098 
7466 247 
7474 259 
7481 1119 
7481 613 
7482 117 
7483 683 
7490 1782 
7490 159 
7497 42 
7498 746 
7499 350 
7501 153 
7502 19 
7504 437 
7508 846 
7510 343 
7512 846 
7513 632 
7516 1241 
7519 273 
7520 924 
7521 322 
7523 5343 
7527 1212 
7528 946 
7531 293 
7536 121 
7538 426 
7540 1504 
7540 255 
7541 3042 
7544 59 
7549 482 
7549 80 
7552 647 
7554 330 
7556 252 
7556 121 
7559 64 
7559 91 
7562 44 
7563 99 
7566 154 
7570 5076 
7580 240 
7580 221 
7581 136 
7587 99 
7591 310 
7595 189 
7595 171 
7596 106 
7598 3351 
7601 1895 
7606 60 
7615 41 
7617 1747 
7625 1037 
7625 300 
7629 1188 
7631 1213 
7631 56 
7633 1485 
7635 1632 
7635 875 
7638 123 
7642 17 
7643 1137 
7651 607 
7652 727 
7655 826 
7657 9320 
7664 57 
7668 84 
7674 148 
7679 103 
7682 38 
7683 726 
7686 536 
7689 1840 
7690 1601 
7692 1114 
7695 111 
7696 1623 
7704 473 
7707 1515 
7716 71 
7718 152 
7721 344 
7724 326 
7728 1027 
7728 237 
7732 2514 
7734 719 
7741 1335 
7750 442 
7754 4343 
7754 102 
7765 555 
7772 47 
7773 674 
7774 211 
7775 173 
7776 1487 
7777 786 
7780 1944 
7781 57 
7782 76 
7782 1348 
7785 3437 
7792 1172 
7793 229 
7796 166 
7799 109 
7802 4137 
7803 820 
7806 213 
7808 103 
7809 327 
7814 213 
7816 196 
7817 128 
7820 26 
7823 52 
7829 619 
7834 263 
7839 1106 
7843 476 
7844 377 
7846 186 
7846 112 
7846 753 
7848 109 
7854 92 
7859 2576 
7860 123 
7863 468 
7865 137 
7872 123 
7874 2343 
7874 16 
7876 435 
7876 348 
7878 2423 
7879 41 
7879 261 
7883 1720 
7884 3077 
7887 650 
7891 36 
7897 251 
7897 222 
7898 854 
7902 1691 
7903 698 
7907 411 
7910 251 
7910 386 
7910 1268 
7911 205 
7912 248 
7914 989 
7917 580 
7917 9 
7921 1105 
7922 362 
7922 2078 
7922 453 
7923 151 
7925 181 
7927 135 
7928 595 
7930 924 
7930 93 
7934 190 
7937 623 
7944 1010 
7944 898 
7945 752 
7947 730 
7952 237 
7956 169 
7956 712 
7957 384 
7959 414 
7964 165 
7965 14 
7965 1727 
7974 258 
7980 294 
7981 40 
7983 447 
7991 1881 
7991 2135 
7992 176 
7993 666 
7996 1039 
7996 509 
7997 145 
7998 448 
7999 144 
8001 256 
8006 2683 
8006 636 
8007 463 
8008 593 
8011 657 
8012 153 
8014 3129 
8015 838 
8023 58 
8023 2815 
8027 810 
8030 232 
8033 653 
8035 348 
8040 3797 
8041 172 
8044 133 
8046 284 
8052 17 
8052 1052 
8058 87 
8060 349 
8062 1293 
8065 377 
8066 1173 
8067 3077 
8069 1595 
8072 227 
8073 1440 
8075 377 
8075 225 
8077 554 
8081 558 
8081 635 
8082 950 
8085 254 
8088 316 
8091 70 
8093 228 
8094 1113 
8095 1083 
8097 3064 
8098 4302 
8107 462 
8108 558 
8109 614 
8120 102 
8122 74 
8128 43 
8131 235 
8132 126 
8138 78 
8141 644 
8141 329 
8141 346 
8142 290 
8145 100 
8146 304 
8153 2067 
8155 121 
8157 48 
8159 918 
8160 1513 
8166 273 
8167 923 
8168 545 
8169 100 
8172 182 
8176 1377 
8190 380 
8196 152 
8196 285 
8200 1310 
8200 3611 
8200 36 
8201 68 
8203 395 
8205 1429 
8216 1148 
8217 1491 
8218 2241 
8220 1071 
8221 725 
8221 521 
8223 66 
8226 60 
8228 57 
8230 915 
8231 143 
8237 1720 
8238 897 
8238 132 
8242 1149 
8244 209 
8246 181 
8254 411 
8259 488 
8261 955 
8261 327 
8262 1204 
8267 11 
8272 1033 
8275 265 
8275 397 
8282 2140 
8284 156 
8291 28640 
8293 13 
8295 101 
8298 308 
8299 230 
8302 128 
8306 1313 
8309 72 
8313 324 
8314 179 
8315 133 
8315 958 
8315 1205 
8323 462 
8325 9 
8327 216 
8328 65 
8328 281 
8331 197 
8333 984 
8333 180 
8339 152 
8344 482 
8346 1141 
8347 367 
8349 1864 
8353 309 
8357 15 
8358 1153 
8361 694 
8365 722 
8366 76 
8366 264 
8366 1512 
8369 202 
8373 91 
8374 262 
8375 44 
8375 263 
8378 50 
8397 1035 
8399 31 
8402 23 
8404 658 
8406 553 
8411 707 
8412 74 
8412 560 
8416 1682 
8420 1935 
8428 175 
8438 1099 
8438 229 
8444 761 
8444 1793 
8445 675 
8446 192 
8448 287 
8455 374 
8462 229 
8464 541 
8465 134 
8467 140 
8467 104 
8472 613 
8472 149 
8473 912 
8477 121 
8477 595 
8479 113 
8480 390 
8482 23 
8484 161 
8490 3333 
8504 551 
8514 399 
8518 398 
8520 215 
8525 43 
8530 346 
8536 836 
8537 1278 
8538 644 
8538 699 
8540 78 
8540 440 
8542 74 
8543 180 
8554 2592 
8556 235 
8557 29 
8571 1420 
8572 467 
8572 85 
8573 116 
8574 303 
8576 104 
8578 1251 
8578 2867 
8580 640 
8582 1527 
8584 572 
8585 1117 
8588 1235 
8590 39 
8592 51 
8592 113 
8595 808 
8599 48 
8600 250 
8604 202 
8607 1539 
8609 1126 
8609 356 
8609 360 
8610 609 
8613 76 
8615 4224 
8617 714 
8618 599 
8618 111 
8621 245 
8627 26 
8631 1014 
8634 1112 
8636 26 
8641 346 
8641 186 
8641 2240 
8648 1080 
8649 451 
8650 2135 
8654 158 
8658 1503 
8663 282 
8665 86 
8667 1160 
8669 185 
8677 1843 
8678 775 
8680 119 
8681 78 
8687 676 
8687 86 
8689 851 
8690 258 
8691 118 
8696 98 
8699 1388 
8699 456 
8704 1267 
8706 60 
8707 214 
8712 87 
8715 277 
8716 108 
8716 58 
8722 77 
8727 24 
8728 295 
8729 118 
8730 669 
8738 168 
8741 781 
8741 317 
8745 258 
8747 6352 
8748 592 
8750 888 
8750 100 
8757 751 
8757 405 
8758 3202 
8760 148 
8761 1768 
8765 422 
8766 122 
8767 1790 
8769 674 
8771 52 
8772 2375 
8775 69 
8778 268 
8783 2400 
8784 33 
8791 156 
8798 32 
8804 46 
8806 2625 
8807 108 
8808 77 
8811 51 
8812 243 
8812 546 
8813 2132 
8815 108 
8823 9193 
8825 208 
8830 27 
8831 388 
8834 492 
8836 242 
8836 75 
8836 215 
8841 618 
8844 964 
8845 947 
8848 88 
8853 391 
8867 558 
8870 1516 
8875 15 
8877 3384 
8877 4909 
8878 757 
8881 1665 
8885 77 
8886 66 
8887 177 
8889 63 
8890 4781 
8893 282 
8895 103 
8896 267 
8898 1579 
8899 43 
8904 254 
8905 422 
8911 26 
8917 4029 
8921 389 
8922 181 
8923 102 
8926 2380 
8928 105 
8935 2036 
8936 120 
8942 658 
8942 1626 
8944 171 
8946 1201 
8950 901 
8950 138 
8952 126 
8959 103 
8959 1230 
8961 74 
8973 513 
8973 134 
8974 832 
8976 53 
8980 363 
8980 133 
8986 1727 
8993 255 
9000 464 
9001 79 
9003 876 
9003 1023 
9004 369 
9007 394 
9010 62 
9013 546 
9013 1843 
9013 377 
9014 878 
9016 96 
9017 3345 
9021 150 
9021 265 
9022 41 
9022 475 
9026 427 
9031 417 
9032 54 
9036 103 
9046 154 
9049 67 
9050 15 
9051 538 
9053 72 
9053 253 
9053 886 
9054 479 
9065 3185 
9082 37 
9083 154 
9083 1160 
9088 4170 
9088 3410 
9089 102 
9091 910 
9096 1616 
9098 3 
9098 407 
9098 81 
9102 1086 
9104 172 
9109 271 
9114 557 
9119 1977 
9121 338 
9124 1289 
9126 809 
9127 158 
9128 3021 
9129 84 
9133 45 
9133 473 
9134 3743 
9145 68 
9147 111 
9148 1731 
9148 110 
9151 3281 
9160 50 
9160 15 
9160 325 
9164 984 
9166 1425 
9167 331 
9168 155 
9168 1821 
9169 83 
9173 1105 
9174 288 
9176 589 
9179 46 
9181 62 
9183 254 
9184 1499 
9190 203 
9192 6104 
9195 699 
9196 221 
9206 196 
9209 144 
9215 762 
9220 9 
9221 349 
9222 313 
9223 95 
9234 166 
9236 69 
9237 57 
9237 422 
9241 365 
9241 186 
9244 1293 
9245 546 
9245 49 
9246 211 
9247 220 
9250 6081 
9251 8 
9252 211 
9253 1126 
9255 247 
9260 756 
9261 291 
9267 1665 
9271 418 
9271 168 
9276 320 
9284 127 
9286 78 
9310 49 
9325 819 
9328 60 
9333 613 
9336 2172 
9348 880 
9349 1062 
9349 114 
9354 426 
9357 121 
9357 129 
9363 449 
9364 4588 
9378 1077 
9379 304 
9381 503 
9384 85 
9385 974 
9408 227 
9422 5628 
9471 794 
9474 309 
9476 1366 
9478 225 
9482 64 
9488 1242 
9489 740 
9490 384 
9491 216 
9492 555 
9494 174 
9496 449 
9497 3295 
9501 668 
9502 9322 
9515 474 
9515 888 
9517 159 
9519 1182 
9521 372 
9536 17 
9541 108 
9557 63 
9558 751 
9578 72 
9578 114 
9581 25 
9584 236 
9584 1288 
9603 532 
9610 108 
9610 9039 
9618 103 
9624 324 
9625 282 
9626 411 
9639 516 
9640 313 
9671 337 
9682 84 
9684 1975 
9694 240 
9699 127 
9712 500 
9733 25 
9744 643 
9750 169 
9764 89 
9765 213 
9769 71 
9772 1689 
9773 239 
9775 249 
9781 327 
9792 68 
9794 55 
9804 77 
9806 161 
9811 113 
9816 247 
9819 661 
9841 12316 
9842 3479 
9845 920 
9849 1034 
9853 932 
9854 274 
9860 1274 
9872 23 
9880 301 
9887 115 
9888 616 
9899 351 
9900 78 
9901 1717 
9909 430 
9910 7087 
9926 829 
9930 1300 
9937 8557 
9941 322 
9941 1874 
9943 418 
9947 90 
9948 943 
9949 180 
9954 3467 
9958 796 
9962 1184 
9963 116 
9982 207 
9990 287 
9993 286 
9994 1276 
10018 99 
10020 774 
10027 115 
10036 238 
10053 41 
10056 131 
10056 36 
10058 1056 
10088 136 
10089 1132 
10090 63 
10091 108 
10094 265 
10100 332 
10102 1330 
10103 491 
10106 929 
10108 728 
10109 67 
10119 919 
10135 263 
10140 221 
10142 48 
10145 112 
10148 239 
10150 54 
10152 1858 
10163 99 
10165 3485 
10167 105 
10177 1148 
10197 5287 
10202 989 
10212 2491 
10216 1254 
10234 101 
10241 618 
10255 99 
10268 285 
10275 1552 
10277 5134 
10278 534 
10292 40 
10292 170 
10295 126 
10308 107 
10309 3280 
10322 1208 
10329 350 
10334 949 
10340 655 
10345 5045 
10350 35 
10369 66 
10373 1278 
10384 110 
10392 469 
10397 643 
10398 20 
10401 2255 
10409 589 
10426 126 
10429 109 
10431 3085 
10434 308 
10439 532 
10450 1347 
10464 1070 
10470 210 
10477 178 
10486 445 
10490 544 
10496 1007 
10526 275 
10530 119 
10533 5918 
10534 383 
10535 560 
10542 405 
10544 624 
10548 108 
10549 59 
10553 6219 
10554 2340 
10556 296 
10558 403 
10565 289 
10568 887 
10591 84 
10593 1327 
10596 234 
10600 73 
10600 1197 
10621 10 
10628 45 
10629 763 
10630 106 
10640 633 
10641 376 
10642 76 
10646 98 
10655 236 
10656 265 
10656 586 
10663 191 
10669 141 
10680 349 
10682 478 
10685 310 
10693 465 
10707 1807 
10712 361 
10714 1333 
10723 32 
10725 708 
10732 1153 
10740 1628 
10745 356 
10746 364 
10753 175 
10758 191 
10759 506 
10767 1209 
10773 6224 
10798 1488 
10806 963 
10814 177 
10825 490 
10846 280 
10851 71 
10878 506 
10885 303 
10887 528 
10889 288 
10906 103 
10909 3206 
10910 115 
10919 236 
10922 153 
10924 1316 
10944 129 
10962 530 
10966 677 
10969 177 
10970 259 
10973 275 
10993 201 
11000 3167 
11000 154 
11018 470 
11020 1724 
11023 189 
11024 38 
11048 310 
11049 1468 
11054 405 
11078 43 
11080 308 
11087 389 
11093 761 
11096 172 
11105 95 
11109 316 
11112 222 
11117 18906 
11118 437 
11118 574 
11128 1062 
11146 49 
11146 887 
11150 1476 
11163 563 
11165 410 
11173 1275 
11185 576 
11187 635 
11189 149 
11189 248 
11192 1210 
11196 96 
11197 130 
11202 107 
11205 1326 
11215 1122 
11230 937 
11241 218 
11247 3733 
11254 67 
11258 981 
11277 1445 
11298 151 
11299 489 
11302 220 
11314 366 
11327 13 
11331 127 
11348 128 
11354 160 
11355 1170 
11357 119 
11368 1157 
11371 63 
11377 52 
11387 825 
11389 8 
11396 64 
11434 1664 
11465 546 
11483 625 
11483 78 
11491 206 
11499 45 
11501 95 
11517 200 
11527 1128 
11529 54 
11534 998 
11538 110 
11549 3640 
11553 82 
11563 164 
11565 385 
11581 174 
11586 411 
11594 79 
11596 200 
11606 333 
11624 17 
11624 1811 
11625 1175 
11627 131 
11628 154 
11637 257 
11648 439 
11653 485 
11655 295 
11663 183 
11684 11417 
11696 659 
11701 537 
11712 156 
11714 308 
11718 2711 
11739 64 
11741 244 
11743 173 
11751 2082 
11752 403 
11760 129 
11761 62 
11762 1666 
11764 713 
11765 283 
11768 396 
11778 219 
11783 428 
11790 791 
11795 544 
11806 837 
11816 10626 
11818 1026 
11849 84 
11850 1109 
11852 41453 
11857 213 
11857 568 
11862 132 
11872 440 
11872 358 
11879 1717 
11887 178 
11887 130 
11887 876 
11890 342 
11892 4164 
11908 278 
11911 713 
11916 179 
11920 1327 
11938 8214 
11961 10097 
11965 393 
11966 204 
11968 454 
11969 417 
11971 124 
11972 385 
11979 91 
12007 85 
12013 912 
12016 214 
12017 1362 
12031 222 
12032 2029 
12034 117 
12035 1420 
12036 1224 
12038 70 
12041 189 
12061 3102 
12079 4640 
12116 103 
12118 479 
12138 203 
12146 233 
12152 122 
12175 127 
12195 220 
12213 426 
12221 248 
12225 444 
12234 169 
12236 1360 
12242 294 
12249 435 
12266 692 
12266 744 
12273 31 
12279 219 
12288 1252 
12292 163 
12295 338 
12300 1941 
12301 722 
12331 1437 
12334 66 
12336 525 
12348 782 
12357 1267 
12361 735 
12363 105 
12373 413 
12392 3931 
12417 251 
12420 119 
12424 1107 
12430 479 
12432 732 
12439 1279 
12444 1570 
12451 1256 
12465 591 
12471 298 
12480 2812 
12489 160 
12490 631 
12500 359 
12501 1520 
12502 215 
12514 35 
12535 108 
12535 1036 
12552 232 
12574 428 
12577 212 
12592 28 
12599 2046 
12621 657 
12647 1007 
12660 43 
12666 192 
12682 1133 
12694 386 
12696 362 
12752 449 
12769 551 
12780 2015 
12791 645 
12814 91 
12822 1289 
12823 396 
12833 67 
12848 937 
12863 41 
12871 284 
12880 2103 
12888 905 
12917 8 
12930 5 
12957 681 
12958 1519 
12963 290 
12998 109 
13013 748 
13019 1077 
13038 69 
13050 370 
13073 221 
13102 7286 
13126 476 
13141 157 
13161 1621 
13178 1071 
13186 2849 
13192 1044 
13206 356 
13217 1685 
13218 650 
13231 57 
13242 650 
13244 192 
13254 318 
13284 490 
13289 1352 
13292 180 
13309 1677366 
13312 283 
13332 1501 
13339 135 
13345 279 
13366 152 
13375 1815 
13381 124 
13387 55 
13389 50 
13390 67 
13401 24 
13416 113 
13426 308 
13428 116 
13429 47 
13432 267 
13439 416 
13455 45 
13469 119 
13470 626 
13476 675 
13481 2148 
13492 163 
13496 1235 
13504 349 
13506 19 
13508 782 
13509 48 
13523 110 
13544 2731 
13556 166 
13557 246 
13558 1580 
13561 666 
13569 1981 
13570 571 
13572 584 
13583 121 
13610 263 
13613 54 
13622 70 
13642 2193 
13649 67 
13669 1955 
13675 1069 
13677 121 
13684 198 
13695 2907 
13715 1350 
13715 127 
13721 30 
13754 85 
13775 550 
13778 310 
13798 489 
13813 104 
13818 382 
13845 63 
13858 158 
13874 215 
13875 214 
13893 2297 
13893 619 
13896 79 
13920 245 
13921 129 
13924 998 
13962 411 
13986 1972 
13988 177 
14009 24 
14054 105 
14060 481 
14075 1688 
14079 354 
14104 428 
14105 30 
14113 50 
14120 1526 
14130 6 
14138 926 
14144 41 
14159 24981 
14161 800 
14165 129 
14181 2584 
14183 862 
14183 2053 
14215 101 
14221 51 
14227 20 
14258 104 
14276 122 
14285 180 
14287 1244 
14300 534 
14303 394 
14305 940 
14323 429 
14329 95 
14365 153 
14382 1182 
14424 6592 
14436 727 
14439 1456 
14444 954 
14470 180 
14471 82 
14475 5340 
14488 227 
14499 1154 
14508 638 
14523 1477 
14541 272 
14543 406 
14553 310 
14555 107 
14566 113 
14570 77 
14584 926 
14589 66 
14593 763 
14603 728 
14622 730 
14623 29 
14625 503 
14649 334 
14650 1182 
14653 58 
14664 1009 
14674 4099 
14676 908 
14687 176 
14689 163 
14711 179 
14733 71 
14757 259 
14798 617 
14824 723 
14836 1469 
14841 1118 
14846 137 
14859 574 
14880 96 
14888 1279 
14901 1182 
14906 20 
14913 83 
14915 216 
14933 362 
14944 181 
14949 548 
14982 3501 
14985 554 
14986 267 
14993 328 
14994 32 
15002 146 
15034 463 
15048 38 
15048 38 
15053 492 
15053 492 
15054 93 
15054 93 
15090 1236 
15090 1236 
15107 2250 
15109 134 
15119 160 
15123 30 
15127 97 
15134 1268 
15141 1205 
15158 9098 
15163 989 
15165 102 
15179 169 
15181 1123 
15195 321 
15204 4487 
15210 1025 
15214 64 
15220 347 
15246 213 
15247 809 
15264 1342 
15285 320 
15300 57 
15302 86 
15304 61 
15308 825 
15314 214 
15322 944 
15333 69 
15344 2376 
15362 224 
15371 580 
15383 170 
15383 320 
15384 14 
15389 115 
15399 860 
15410 509 
15413 258 
15449 978 
15451 24 
15470 118 
15477 25 
15479 365 
15503 1230 
15519 136 
15526 2445 
15537 552 
15557 19 
15562 225 
15568 261 
15588 237 
15597 2523 
15599 62 
15621 492 
15673 735 
15722 886 
15727 58 
15745 8 
15748 174 
15759 175 
15773 476 
15846 2445 
15852 151 
15878 28 
15880 1337 
15894 548 
15901 4646 
15904 537 
15914 2619 
15916 252 
15923 469 
15947 1825 
15955 239 
15966 2855 
15993 945 
15994 296 
16007 5189 
16019 84 
16038 1742 
16043 6552 
16055 157 
16062 612 
16089 171 
16099 3577 
16110 37 
16140 2053 
16163 105 
16163 2218 
16172 12 
16250 216 
16258 386 
16265 290 
16289 11 
16299 71 
16300 526 
16335 8 
16381 1603 
16390 10 
16392 132 
16409 2795 
16421 6542 
16443 471 
16448 254 
16449 1801 
16466 79 
16476 48 
16502 258 
16519 1333 
16519 179 
16531 1375 
16540 510 
16562 70 
16568 1498 
16569 403 
16587 60 
16633 89 
16654 34 
16661 21 
16675 342 
16686 39 
16700 917 
16727 2281 
16738 34 
16746 493 
16762 45 
16766 459 
16782 1 
16800 1195 
16801 108 
16812 149 
16926 66 
16969 275 
16973 249 
16982 161 
17048 7958 
17062 500 
17065 260 
17067 124 
17104 88 
17110 22 
17128 2855 
17129 119 
17139 2034 
17157 459 
17192 1850 
17226 466 
17242 150 
17279 388 
17300 224 
17329 331 
17337 2307 
17350 678 
17374 1264 
17400 322 
17409 4402 
17411 431 
17417 376 
17428 341 
17446 2018 
17458 1666 
17459 681 
17467 421 
17477 499 
17501 839 
17507 667 
17508 1393 
17550 32 
17553 256 
17566 402 
17578 1458 
17590 4 
17602 523 
17605 19 
17615 130 
17628 476 
17670 275 
17677 726 
17694 364 
17695 3683 
17717 905 
17744 53 
17754 398 
17767 267 
17774 926 
17782 94 
17784 739 
17802 286 
17807 529 
17810 526 
17820 107 
17846 1118 
17862 4173 
17895 113 
17945 359 
17955 273 
17963 116 
18007 1145 
18021 963 
18055 0 
18073 1010 
18128 2074 
18161 157 
18162 81 
18181 25 
18189 24 
18191 556 
18197 175 
18200 95 
18201 74 
18231 13 
18239 3075 
18241 17 
18244 2839 
18250 133 
18256 1565 
18319 14 
18329 770 
18343 202 
18370 344 
18419 16 
18422 6289 
18430 379 
18443 283 
18446 2846 
18451 313 
18508 16 
18522 326 
18536 999 
18536 44 
18540 18 
18549 413 
18552 309 
18574 1236 
18589 491 
18607 315 
18664 1142 
18679 59 
18679 26 
18695 4720 
18702 144 
18722 4081 
18726 523 
18737 222 
18752 98 
18781 188 
18812 415 
18847 1267 
18847 3694 
18886 747 
18913 50 
18946 3 
18969 167 
18979 881 
18991 237 
19004 263 
19012 415 
19067 143 
19096 1635 
19097 3141 
19155 10065 
19180 204 
19202 1135 
19207 1162 
19216 76 
19235 1834 
19307 8025 
19314 580 
19315 551 
19326 543 
19349 37 
19366 2319 
19400 74 
19414 945 
19416 39 
19422 513 
19435 320 
19453 157 
19455 599 
19487 239 
19487 311 
19490 785 
19504 380 
19542 1061 
19547 752 
19579 221 
19616 1277 
19632 402 
19633 105 
19639 83 
19639 1025 
19656 119 
19677 137 
19681 35 
19721 420 
19721 215 
19728 677 
19772 483 
19795 6 
19800 814 
19808 198 
19852 2245 
19866 532 
19974 1111 
19980 666 
20025 104 
20035 281 
20081 628 
20101 322 
20116 70 
20123 389 
20124 88 
20144 785 
20169 113 
20176 553 
20190 1168 
20190 2079 
20193 2254 
20230 795 
20244 78 
20282 33 
20300 1633 
20328 1328 
20343 2102 
20409 202 
20466 808 
20507 1509 
20541 1819 
20548 617 
20549 696 
20557 126 
20617 3282 
20621 59 
20628 547 
20634 836 
20656 581 
20703 59 
20713 34 
20720 609 
20751 181 
20765 57 
20849 51 
20862 890 
20866 13 
20946 72 
20960 2435 
20995 86 
21017 251 
21039 1349 
21070 1062 
21127 155 
21130 267 
21134 913 
21155 60 
21158 137 
21180 207 
21187 134 
21273 227 
21279 16 
21324 1613 
21324 226 
21383 243 
21408 838 
21459 227 
21491 652 
21539 421 
21547 272 
21627 1065 
21674 178 
21754 378 
21789 295 
21792 38 
21793 173 
21884 1006 
21947 580 
22164 3600 
22166 408 
22188 771 
22228 1743 
22234 362 
22250 196 
22263 1130 
22271 6859 
22273 2309 
22280 287 
22294 857 
22305 27 
22328 5411 
22354 1617 
22374 586 
22412 236 
22426 684 
22438 88 
22448 213 
22462 803 
22485 40 
22490 9 
22496 1784 
22509 2537 
22511 420 
22523 606 
22544 837 
22547 41 
22578 633 
22603 294 
22603 349 
22604 688 
22668 165 
22671 1047 
22694 710 
22765 217 
22768 1072 
22786 123 
22793 2488 
22800 3993 
22802 38 
22823 1113 
22836 891 
22857 310 
22857 533 
22866 625 
22876 140 
22877 622 
22919 16 
22953 225 
22994 45 
22994 688 
22996 213 
22996 90 
23015 1490 
23033 3209 
23065 117 
23067 1753 
23068 802 
23130 1325 
23147 166 
23169 171 
23183 179 
23214 59 
23220 1057 
23226 1743 
23339 342 
23341 839 
23374 500 
23429 214 
23448 372 
23451 8565 
23476 4673 
23480 207 
23489 1085 
23498 507 
23499 435 
23501 453 
23506 424 
23512 686 
23534 243 
23542 944 
23554 199 
23557 227 
23558 617 
23573 860 
23594 292 
23605 1266 
23652 239 
23658 1679 
23679 388 
23700 549 
23720 13 
23725 339 
23736 56 
23746 13471 
23779 5037 
23788 246 
23792 1043 
23792 41 
23792 1289 
23887 476 
23889 10 
23901 135 
24009 415 
24013 222 
24070 188 
24080 1849 
24121 91 
24133 194 
24196 156 
24206 1320 
24207 160 
24214 217 
24237 102 
24245 2344 
24278 157 
24286 1103 
24286 855 
24332 224 
24405 101 
24414 522 
24415 159 
24461 154 
24462 8233 
24526 453 
24553 31 
24563 351 
24573 1157 
24595 1218 
24604 302 
24683 216 
24711 1051 
24747 365 
24776 47 
24778 2481 
24798 1153 
24821 651 
24880 214 
24884 155 
24936 694 
24994 70 
24995 2467 
25073 10 
25092 322 
25105 1033 
25106 139 
25218 242 
25271 1103 
25282 256 
25314 378 
25325 190 
25370 256 
25379 5 
25406 162 
25443 1761 
25453 131 
25499 268 
25535 314 
25556 216 
25569 2304 
25608 1212 
25611 4548 
25649 6801 
25658 294 
25688 277 
25699 891 
25709 77 
25746 139 
25749 9 
25854 94 
25882 1110 
25890 229 
25891 1516 
25904 931 
25922 955 
25946 124 
25999 1868 
26011 838 
26011 104 
26021 1543 
26033 325 
26041 828 
26056 1241 
26070 999 
26186 760 
26197 81 
26217 1223 
26274 232 
26314 299 
26315 700 
26348 187 
26365 1156 
26389 1322 
26434 2320 
26449 29 
26522 394 
26536 189 
26543 59 
26543 387 
26552 303 
26559 577 
26571 1475 
26574 241 
26576 6755 
26606 129 
26666 465 
26689 64 
26704 387 
26705 146 
26716 1893 
26762 289 
26774 1042 
26776 187 
26777 357 
26782 274 
26831 594 
26831 8006 
26849 3513 
26850 94 
26953 470 
26972 657 
27005 1036 
27017 403 
27021 290 
27032 639 
27050 140 
27053 103 
27059 211 
27165 110 
27193 1274 
27211 227 
27232 71 
27235 216 
27239 1219 
27266 327 
27343 662 
27361 280 
27378 165 
27395 525 
27403 282 
27426 1190 
27432 361 
27455 1305 
27461 27 
27464 788 
27466 302 
27473 81 
27513 889 
27518 5 
27530 2392 
27533 3981 
27539 1800 
27550 98 
27570 228 
27580 687 
27585 327 
27586 1602 
27614 19 
27730 124 
27740 1511 
27748 774 
27754 194 
27757 1159 
27816 23 
27882 70 
27901 1268 
27918 2120 
27945 37 
28020 3109 
28042 99 
28053 431 
28056 54 
28148 573 
28161 619 
28183 191 
28192 171 
28274 1143 
28291 1620 
28328 1374 
28350 925 
28365 4012 
28408 65 
28428 266 
28431 152 
28437 1226 
28442 14894 
28443 5873 
28445 118 
28462 7 
28498 181 
28514 1310 
28548 4707 
28551 583 
28562 2771 
28564 970 
28567 1912 
28594 1187 
28594 2283 
28600 124 
28601 200 
28615 494 
28642 318 
28650 13 
28664 957 
28677 970 
28696 843 
28705 600 
28731 523 
28744 962 
28774 2148 
28795 1333 
28865 20 
28868 143 
28870 944 
28872 178 
28873 1730 
28890 119 
28902 154 
28905 86 
28915 746 
28956 579 
28961 531 
29005 72 
29016 19 
29022 219 
29048 1306 
29066 1189 
29069 301 
29074 154 
29081 1853 
29111 390 
29116 1721 
29117 204 
29130 821 
29153 267 
29162 1164 
29168 209 
29171 3345 
29173 95 
29189 562 
29194 365 
29199 4575 
29204 109 
29236 230 
29237 238 
29240 446 
29246 326 
29255 268 
29268 1038 
29269 647 
29271 253 
29302 237 
29303 285 
29309 123 
29311 343 
29320 109 
29322 448 
29322 1136 
29327 76 
29327 133 
29336 354 
29338 90 
29368 303 
29396 276 
29423 68 
29430 395 
29436 247 
29463 18 
29478 142 
29507 55 
29514 578 
29524 318 
29524 41 
29600 69 
29618 1484 
29669 32 
29683 374 
29693 7 
29750 679 
29812 145 
29826 743 
29831 139 
29851 335 
29888 187 
29892 412 
29904 295 
29915 120 
29935 1386 
30004 412 
30006 1457 
30011 604 
30021 293 
30060 241 
30104 59 
30150 371 
30179 462 
30180 37 
30200 44 
30252 791 
30295 418 
30295 418 
30355 191 
30355 9 
30355 191 
30355 9 
30488 2981 
30535 227 
30546 362 
30552 861 
30599 69 
30614 574 
30711 457 
30897 198 
30900 1269 
31013 1562 
31064 85 
31069 5073 
31073 347 
31196 109 
31208 202 
31308 98 
31318 527 
31319 454 
31546 1263 
31633 282 
31640 1070 
31642 333 
31783 323 
31819 272 
31887 95 
31970 127 
32036 625 
32063 4500 
32097 389 
32148 88 
32179 109 
32249 851 
32256 2258 
32267 8194 
32274 563 
32323 291 
32470 3880 
32474 272 
32488 87 
32501 166 
32523 221 
32557 3765 
32565 795 
32604 701 
32631 93 
32679 589 
32691 126 
32812 373 
32927 482 
32940 205 
32958 120 
32959 1907 
33080 1857 
33091 915 
33092 296 
33150 1219 
33164 98 
33271 634 
33327 439 
33344 2592 
33459 168 
33460 0 
33475 776 
33524 161 
33744 145 
33782 93 
33892 15 
33910 1253 
33924 266 
34014 676 
34039 278 
34070 175 
34131 3649 
34161 433 
34192 123 
34192 698 
34227 438 
34230 88 
34286 428 
34294 116 
34327 2017 
34438 138 
34555 240 
34613 836 
34635 432 
34680 2646 
34703 72 
34757 675 
34759 741 
34763 59 
34892 238 
35167 217 
35212 33 
35226 471 
35303 516 
35310 186 
35379 375 
35559 212 
35649 1126 
35758 197 
35834 189 
35855 2517 
35886 1757 
35900 65 
35925 143 
35944 669 
35962 1791 
36024 172 
36094 72 
36149 85 
36284 49 
36625 1132 
36689 257 
36708 166 
36798 32 
36834 81 
37011 53 
37034 716 
37110 765 
37298 2043 
37448 21926 
37562 536 
37646 12 
37668 356 
37792 115 
37817 816 
38208 101 
38270 104 
38312 67 
38337 105 
38352 229 
38383 579 
38400 229 
38544 23 
38652 1535 
38747 86 
38850 425 
38868 21926 
38914 18 
38998 105 
39027 367 
39033 46 
39119 51 
39173 4509 
39328 2863 
39342 1406 
39400 1100 
39520 28 
39630 2794 
39847 1056 
40067 1350 
40069 2101 
40111 1192 
40119 132 
40156 108 
40188 1894 
40264 547 
40274 249 
40362 158 
40380 953 
40399 438 
40400 362 
40478 201 
40640 648 
40703 2663 
40735 678 
40739 101 
40866 411 
40926 1042 
41076 7692 
41097 3295 
41100 213 
41122 1725 
41131 924 
41191 19 
41211 3925 
41222 11931 
41229 242 
41262 5595 
41293 1295 
41305 828 
41330 370 
41336 6540 
41388 13 
41416 363 
41453 1185 
41480 352 
41494 1114 
41559 341 
41794 58 
41890 276 
41905 2605 
41935 91 
42006 1021 
42050 338 
42258 5423 
42277 453 
42290 173 
42291 383 
42340 4980 
42343 1143 
42438 181 
42439 495 
42447 788 
42451 2009 
42452 3668 
42521 1102 
42569 505 
42667 228 
42682 4592 
42697 1440 
42728 98 
42736 507 
42767 80 
42772 3054 
42854 449 
42997 379 
43052 2255 
43066 127 
43104 906 
43122 88 
43162 1415 
43202 381 
43209 716 
43227 25 
43247 348 
43281 24 
43324 753 
43393 461 
43462 286 
43469 423 
43497 4 
43553 55 
43619 686 
43647 207 
43791 34 
43913 1437 
44161 3721 
44188 132 
44215 2402 
44219 4531 
44228 909 
44380 133 
44421 729 
44452 593 
44469 1064 
44514 20 
44600 1812 
44667 249 
44725 271 
44759 1989 
44770 1352 
44784 12 
44881 609 
44882 84 
45124 137 
45312 375 
45402 363 
45527 97 
45972 228 
46019 617 
46302 509 
46443 804 
46581 437 
46598 2623 
46664 133 
46665 72 
46743 215 
46745 1896 
46782 44 
46886 111 
46993 442 
47011 859 
47270 8625 
47298 2122 
47418 346 
47474 22 
47484 5722 
47501 125 
47652 480 
47671 63 
47699 1841 
47737 433 
47780 1015 
47858 1872 
47888 1505 
47927 1201 
47956 1688 
47995 190 
48019 229 
48142 285 
48150 370 
48168 645 
48238 527 
48242 487 
48289 29 
48416 5 
48436 126 
48470 1289 
48520 324 
48521 1902 
48583 1240 
48625 148 
48671 1284 
48773 7185 
48783 946 
48795 49 
48844 3512 
48856 329 
48858 61 
48977 1622 
49007 574 
49044 374 
49053 12922 
49087 1357 
49097 44 
49142 393 
49156 549 
49208 664 
49223 170 
49226 4199 
49269 725 
49287 582 
49333 3178 
49335 3218 
49436 1086 
49481 900 
49526 875 
49533 458 
49565 103 
49628 424 
49695 130 
49702 508 
49712 8011 
49811 1225 
49844 26 
49893 595 
49917 3273 
49986 853 
50011 75 
50043 1811 
50071 795 
50078 746 
50117 909 
50175 5480 
50210 242 
50241 4642 
50261 1445 
50320 594 
50341 1314 
50359 321 
50405 32 
50406 2029 
50409 18 
50450 1202 
50450 627 
50503 585 
50577 872 
50581 1136 
50611 987 
50614 172 
50753 1947 
50777 49 
50884 142 
51196 700 
51338 1626 
51502 27 
51534 45 
51589 1865 
51642 1380 
51683 70 
51728 1810 
51775 526 
51855 223 
51908 60 
51922 509 
51940 26 
51943 413 
52025 536 
52060 571 
52179 1753 
52207 1014 
52357 104 
52487 514 
52494 956 
52543 858 
52604 1363 
52622 506 
52663 82 
52664 1993 
52666 333 
52681 338 
52784 80 
52888 159 
52931 1492 
52958 557 
53033 37 
53143 32 
53154 149 
53271 1433 
53292 196 
53345 678 
53351 435 
53405 862 
53418 390 
53606 2610 
53666 2836 
53693 732 
53748 1038 
53768 48 
54195 375 
54302 3900 
54326 5062 
54390 1527 
54429 1449 
54441 152 
54464 1325 
54504 524 
54543 320 
54553 2526 
54601 483 
54616 1686 
54629 113 
54631 1606 
54664 149 
54678 96 
54774 21568 
54827 477 
54835 185 
54858 714 
54861 598 
54868 692 
54891 211 
54936 456 
54942 242 
54966 1780 
55023 83 
55058 1436 
55080 211 
55099 782 
55117 5 
55135 1075 
55190 906 
55234 866 
55250 21723 
55288 5150 
55292 1049 
55294 684 
55323 1193 
55324 970 
55367 108 
55372 1532 
55375 606 
55389 214 
55406 253 
55441 768 
55501 449 
55511 399 
55543 425 
55557 580 
55559 353 
55572 836 
55614 272 
55675 38 
55684 51 
55691 610 
55778 456 
55806 629 
55839 991 
55846 53 
55859 1478 
55861 475 
55864 357 
55868 1864 
55878 365 
55918 170 
55950 670 
56153 432 
56231 87 
56476 360 
56492 1944 
56607 1140 
56654 1697 
56658 654 
56709 1097 
56711 125 
56859 361 
56896 135 
56903 288 
56920 826 
56963 1072 
57080 67 
57088 996 
57111 226 
57228 32 
57278 613 
57309 672 
57323 624 
57345 86 
57392 114 
57408 202 
57556 379 
57647 444 
57813 24 
57847 2006 
57883 261 
58012 93 
58017 101 
58102 1043 
58146 1130 
58146 159 
58181 1607 
58207 840 
58218 2714 
58230 679 
58233 6 
58243 702 
58274 194 
58390 905 
58391 650 
58445 518 
58453 1238 
58489 793 
58559 392 
58577 151 
58827 127 
58879 5 
58930 272 
58944 4184 
58947 85 
59017 288 
59183 1353 
59274 2367 
59274 2367 
59280 8 
59280 8 
59312 1968 
59312 1968 
59320 536 
59320 536 
59322 1610 
59322 1610 
59334 100 
59334 100 
59409 221 
59428 357 
59730 837 
59737 793 
59901 1294 
59925 1991 
59926 462 
60012 50 
60015 121 
60035 2324 
60077 325 
60236 41 
60272 424 
60322 796 
60396 576 
60535 449 
60654 483 
60771 0 
60850 2134 
60882 501 
60896 179 
60935 302 
61013 1058 
61021 399 
61083 1002 
61139 1810 
61166 622 
61218 1139 
61284 969 
61304 258 
61398 817 
61428 677 
61614 644 
61645 772 
61660 308 
61989 38 
61994 3753 
62006 557 
62020 395 
62065 176 
62125 208 
62159 1060 
62172 776 
62184 1314 
62206 779 
62214 251 
62244 533 
62267 1253 
62315 293 
62330 927 
62333 68 
62341 992 
62367 755 
62369 865 
62378 645 
62383 1012 
62387 1040 
62400 2731 
62636 131 
62695 310 
62767 27 
62834 112 
62889 441 
62912 2637 
62949 22 
62991 144 
63344 2962 
63399 901 
63465 541 
63468 3904 
63513 583 
63522 1137 
63528 7623 
63540 1858 
63582 571 
63592 1690 
63603 204 
63637 100 
63681 229 
63703 782 
63720 606 
63733 25 
63754 100 
63792 135 
63808 64 
63812 630 
63856 387 
63858 872 
63883 581 
63939 111 
63958 238 
63995 230 
64033 333 
64107 165 
64147 58 
64156 247 
64216 894 
64323 130 
64370 47 
64586 305 
64599 449 
64604 765 
64616 137 
64616 336 
64639 1046 
64640 84 
64660 33 
64661 1309 
64691 745 
64707 278 
64718 1884 
64743 144 
64749 574 
64751 164 
64784 1317 
64824 339 
64839 397 
64844 61 
64868 47 
64871 504 
64884 31 
64898 50 
64957 251 
64967 116 
65006 201 
65042 210 
65119 660 
65125 5474 
65141 493 
65159 368 
65171 906 
65216 300 
65226 1752 
65250 493 
65346 485 
65355 1761 
65407 213 
65431 861 
65615 624 
65661 131 
65749 307 
65885 1596 
65903 2519 
65991 834 
66058 450 
66096 824 
66128 1220 
66187 61 
66256 872 
66266 179 
66272 178 
66346 4012 
66408 596 
66414 272 
66477 574 
66478 45 
66493 26 
66522 291 
66522 3252 
66522 233 
66536 151 
66554 841 
66559 1154 
66599 213 
66627 2515 
66656 1117 
66766 463 
66864 203 
66882 1471 
66909 214 
66992 220 
67058 1088 
67063 57 
67068 1173 
67080 801 
67093 124 
67093 58 
67245 95 
67378 609 
67424 302 
67467 678 
67477 948 
67489 777 
67494 255 
67523 421 
67538 332 
67563 385 
67572 1000 
67583 7261 
67697 1045 
67750 172 
67937 1676 
67959 547 
67974 72 
68014 1184 
68033 1251 
68152 693 
68158 606 
68185 1069 
68394 237 
68397 212 
68455 97 
68462 82 
68470 656 
68477 725 
68526 230 
68561 103 
68683 62 
68741 1192 
68876 122 
68984 183 
69040 38 
69118 1655 
69138 5285 
69193 1081 
69230 168 
69253 159 
69421 229 
69456 298 
69542 5020 
69546 97 
69653 31 
69665 144 
69876 1550 
69948 638 
70007 544 
70021 812 
70215 1329 
70225 6234 
70252 8418 
70276 25 
70354 323 
70440 1914 
70471 207 
70490 1914 
70492 491 
70572 497 
70605 236 
70737 151 
70742 127 
70744 1925 
70787 81 
70882 380 
71051 580 
71071 322 
71145 584 
71164 1731 
71166 102 
71178 227 
71199 1918 
71258 345 
71275 672 
71282 1456 
71283 745 
71284 151 
71300 823 
71307 261 
71353 378 
71370 781 
71428 12 
71467 558 
71475 100 
71483 306 
71483 4238 
71498 8002 
71536 396 
71543 77 
71586 534 
71596 78 
71607 363 
71610 1459 
71626 180 
71638 350 
71714 139 
71720 237 
71738 1333 
71772 249 
71811 159 
71816 415 
71850 202 
71863 1585 
71874 245 
71874 1532 
71880 451 
71883 2566 
71920 518 
71923 445 
71924 2718 
71928 2009 
71957 538 
71980 468 
72049 329 
72069 402 
72094 1592 
72121 3633 
72140 355 
72212 150 
72213 188 
72218 2243 
72221 947 
72222 636 
72274 155 
72312 129 
72323 237 
72377 196 
72385 47 
72385 200 
72391 449 
72423 289 
72424 102 
72477 274 
72506 1993 
72530 178 
72607 202 
72621 81 
72646 440 
72662 1304 
72678 653 
72691 1142 
72704 676 
72726 270 
72766 526 
72800 759 
72858 701 
72875 834 
72898 84 
72902 9 
72974 117 
73015 220 
73017 792 
73032 1046 
73096 372 
73109 2234 
73123 1147 
73271 218 
73325 1081 
73337 1763 
73379 9607 
73412 919 
73463 82 
73486 6 
73490 1659 
73512 2251 
73516 187 
73523 628 
73538 549 
73550 1091 
73668 10137 
73709 2598 
73721 4883 
73757 1122 
73767 578 
73779 435 
73813 1502 
73813 1502 
73830 759 
73830 759 
73842 397 
73842 397 
73846 14 
73846 14 
73848 6246 
73848 6246 
73879 1034 
73983 183 
73998 262 
74005 176 
74028 793 
74069 180 
74143 923 
74206 376 
74206 712 
74252 7201 
74286 3229 
74335 776 
74336 1139 
74345 556 
74361 302 
74386 154 
74395 24 
74423 33 
74428 84 
74479 175 
74500 6030 
74529 2744 
74530 376 
74546 165 
74555 1278 
74579 1229 
74612 1611 
74621 1757 
74626 2200 
74669 1214 
74671 300 
74687 69 
74693 94 
74695 139 
74716 26 
74737 195 
74812 96 
74820 481 
74834 123 
74902 230 
74924 1431 
74941 8 
75210 1047 
75294 919 
75307 615 
75439 562 
75484 9989 
75539 297 
75605 120 
75639 335 
75681 265 
75717 1003 
75841 2336 
75881 2146 
75887 4608 
75900 2235 
75965 265 
75973 1045 
75985 677 
76045 933 
76082 435 
76134 142 
76151 1029 
76260 1280 
76281 107 
76287 791 
76331 644 
76340 1425 
76354 486 
76377 161 
76508 4437 
76653 229 
76669 453 
76722 4767 
76818 161 
76847 263 
76927 380 
76947 1536 
76987 1460 
76990 820 
76996 3835 
77007 737 
77014 1694 
77018 2832 
77055 63 
77095 705 
77096 152185 
77111 395 
77114 10 
77125 1499 
77125 294 
77132 316 
77135 76 
77136 99 
77145 62 
77148 590 
77149 94 
77152 83 
77163 327 
77166 163 
77167 204 
77179 56 
77179 1815 
77186 1149 
77188 356 
77193 95 
77194 370 
77205 4529 
77219 513 
77269 134 
77291 669 
77320 67 
77341 180 
77353 1323 
77365 2578 
77401 247 
77405 362 
77407 1833 
77412 7 
77416 136 
77433 524 
77460 361 
77466 1254 
77525 298 
77580 175 
77590 25 
77594 276 
77630 94 
77718 54 
77799 1943 
77944 142730 
77998 733 
78034 787 
78066 20 
78067 622 
78112 55 
78115 137 
78119 7 
78123 1271 
78139 1821 
78167 2875 
78178 2899 
78202 287 
78207 26 
78300 203 
78374 76 
78474 206 
78475 719 
78484 121 
78550 583 
78565 444 
78595 2467 
78652 265 
78664 3330 
78677 1737 
78680 713 
78747 969 
78785 962 
78878 256 
78888 13 
78907 22 
78926 156 
78942 61 
78965 407 
79002 377 
79027 125 
79030 1090 
79135 133 
79205 38 
79276 1412 
79562 1115 
79648 749 
79668 65 
79730 263 
79813 6791 
79910 105 
79924 46 
79946 124 
80245 148 
80320 708 
80377 5646 
80464 1569 
80504 313 
80512 1631 
80528 4188 
80565 2203 
80574 719 
80581 1151 
80868 342 
81056 151 
81068 237 
81102 62 
81178 107 
81317 74 
81395 1436 
81414 78 
81451 236 
81461 264 
81474 959 
81484 178 
81485 1385 
81569 626 
81672 497 
81673 25 
81696 1082 
81774 114 
81870 148 
81895 56 
81913 56 
81923 491 
81968 133 
82033 486 
82137 914 
82209 2747 
82304 260 
82383 78 
82426 49 
82562 867 
82670 294 
82876 18 
82988 338 
82994 19 
83007 28 
83025 2199 
83037 5723 
83049 440 
83073 3 
83115 181 
83173 1002 
83251 260 
83363 57 
83393 300 
83471 568 
83487 207 
83552 134 
83573 196 
83599 611 
83710 545 
83832 188 
84182 509 
84219 14 
84318 269 
84520 431 
84557 1535 
84681 396 
84720 356 
84857 180 
85345 745 
86220 4007 
86573 322 
86608 4406 
86659 668 
86707 863 
86739 873 
86800 1951 
86886 178 
86950 2837 
86995 80 
87058 96 
87129 271 
87131 75 
87239 350 
87241 641 
87255 1401 
87262 180 
87309 405 
87316 293 
87394 1987 
87476 3102 
87504 65 
87579 435 
87581 1371 
87605 451 
87629 338 
87825 3780 
87872 41 
87991 323 
88000 337 
88030 29 
88033 104 
88035 112 
88036 143 
88053 104 
88176 505 
88196 707 
88229 486 
88237 785 
88302 2290 
88331 223 
88331 223 
88339 569 
88339 569 
88364 261 
88364 261 
88431 113 
88459 401 
88541 756 
88544 386 
88546 782 
88568 923 
88658 1033 
88690 298 
88784 820 
88828 346 
88943 126 
88997 1569 
89203 528 
89433 133 
89454 388 
89499 722 
89566 587 
89687 1128 
89704 343 
89747 1979 
89758 182 
89829 520 
89886 701 
90057 379 
90085 122 
90186 47 
90211 685 
90225 1770 
90234 227 
90438 396 
90438 66 
90498 944 
90557 1024 
90581 591 
90658 385 
90702 495 
90776 14431 
90814 274 
90903 66 
90933 317 
90980 11299 
91010 36 
91102 185 
91241 554 
91247 4 
91380 116 
91434 998 
91580 44 
91587 861 
91633 410 
91693 221 
91788 1194 
91791 112 
91840 1321 
91849 54 
91865 4 
91882 1355 
91930 1042 
91973 1282 
91974 713 
91979 1639 
92145 198 
92152 339 
92211 529 
92288 28 
92353 798 
92442 298 
92516 1990 
92559 71 
92662 395 
92772 658 
92947 2187 
93071 126 
93252 1735 
93363 3180 
93371 279 
94184 137 
94294 107 
94416 83 
94490 204 
94558 40 
94788 97 
94864 472 
94881 1123 
94915 499 
95009 115 
95078 321 
95097 755 
95111 2313 
95136 772 
95167 153 
95241 613 
95266 12 
95318 118 
95427 1781 
95446 880 
95632 2372 
95678 327 
95717 88 
95730 173 
95752 1986 
95762 4 
95930 161 
95959 429 
95975 117 
95977 454 
96016 441 
96036 733 
96085 391 
96235 711 
96316 336 
96358 827 
96457 1216 
96524 160 
96697 154 
96728 540 
96757 418 
96781 285 
96896 78 
96998 172 
97074 164 
97112 27 
97195 164 
97201 785 
97231 26 
97253 2514 
97265 783 
97293 34 
97701 106 
97848 86 
98377 457 
98422 28 
98723 39 
98724 372 
98977 3983 
99498 360 
99536 1348 
99579 770 
99866 1235 
100082 259 
100309 173 
100387 537 
100465 135 
100472 441 
100529 1376 
100543 74 
100576 295 
100612 863 
100648 310 
100747 311 
100769 177 
100818 1375 
100856 567 
100868 73 
100909 3494 
100949 787 
100956 1653 
100975 833 
100981 125 
101028 807 
101029 546 
101031 519 
101046 133 
101090 233 
101110 130 
101111 282 
101124 288 
101127 4645 
101132 314 
101149 685 
101210 792 
101243 412 
101265 353 
101276 356 
101298 480 
101361 504 
101408 1147 
101548 1693 
101660 762 
101677 3963 
101702 609 
101720 31 
101727 295 
101735 47 
101778 229 
101791 65 
101792 113 
101839 341 
101841 53 
101903 283 
101942 44 
101942 71 
102012 241 
102044 100 
102073 79 
102092 56 
102194 57 
102230 1022 
102231 541 
102370 45 
102395 398 
102456 527 
102517 177 
102596 40 
102654 1120 
102936 133 
102968 1053 
103005 1146 
103135 84 
103168 451 
103172 161 
103237 228 
103254 64 
103331 279 
103350 85 
103389 1672 
103665 105 
103668 411 
103814 204 
103836 393 
103847 132 
103861 511 
103862 118 
104027 230 
104132 94 
104152 692 
104239 3 
104300 429 
104451 1192 
104499 6095 
104574 4139 
104594 1167 
105085 94 
105160 224 
105174 760 
105284 321 
105517 258 
105581 74 
105722 3676 
105778 88 
105834 135 
105842 598 
106272 473 
106482 396 
106584 867 
106620 903 
106630 307 
106632 3010 
106649 129 
106712 362 
106714 585 
106859 77 
106987 533 
107349 1273 
107361 13 
107391 178 
107618 142 
107675 182 
107718 113 
107755 199 
107791 585 
107884 712 
107892 295 
108334 10 
108443 27 
108538 113 
108617 536 
109123 566 
109394 690 
109488 97 
109604 691 
109868 2521 
109957 1950 
109987 233 
110123 76 
110150 332 
110310 202 
110367 368 
110808 94 
111066 371 
111222 62 
111310 30 
111445 633 
111751 277 
111797 79 
111903 283 
112035 267 
112056 230 
112176 194 
112722 3 
112942 1077 
112996 44 
113042 728 
113072 435 
113081 3686 
113104 259 
113245 85 
113246 15 
113256 204 
113295 28 
113390 1576 
113541 228 
113580 1379 
113702 4 
113706 792 
114004 228 
114050 2481 
114354 2235 
114371 66 
114416 219 
114436 32 
114477 470 
114485 167 
114492 93 
114492 277 
114500 99 
114529 156 
114565 77 
114577 975 
114585 103 
114593 93 
114593 622 
114633 664 
114644 95 
114649 191 
114659 252 
114674 161 
114722 506 
114724 433 
114741 339 
114762 144 
114797 848 
114862 404 
115029 126 
115056 654 
115075 359 
115178 240 
115224 158 
115311 112 
115320 345 
115391 343 
115507 24 
115544 40 
115611 991 
115618 628 
115636 327 
115756 3561 
115844 585 
115897 956 
115903 190 
116024 1069 
116071 1502 
116122 171 
116145 270 
116199 275 
116208 190 
116235 4807 
116268 791 
116282 407 
116300 462 
116408 1572 
116431 187 
116443 2568 
116458 244 
116470 452 
116499 1642 
116528 810 
116573 9218 
116661 437 
116682 499 
116729 269 
116749 60 
116774 3595 
116888 246 
117079 1740 
117148 24 
117296 115 
117344 1642 
117367 140 
117403 773 
117546 54 
117581 182 
117805 34 
118191 120 
118332 695 
120095 920 
120112 4470 
120118 346 
120309 724 
120372 656 
120720 776 
120949 70 
121279 881 
121302 1683 
121307 6599 
121330 1599 
121751 357 
121844 652 
121892 780 
121979 1502 
122073 24 
122096 80 
122167 124046 
122191 171 
122199 1303 
122203 3155 
122204 1319 
122226 2064 
122234 197 
122237 226 
122241 118 
122267 141 
122271 312 
122289 107 
122307 93 
122320 165 
122392 189 
122408 730 
122411 579 
122451 397 
122484 268 
122704 2244 
122840 263 
122868 111 
122890 42 
122900 225 
122943 160 
123172 204 
123185 1910 
123222 65 
123347 1325 
123354 880 
123368 605 
123554 74 
123689 2616 
123698 207 
123821 3142 
123843 589 
123869 1455 
124014 10 
124017 246 
124376 25 
124450 309 
124644 338 
124657 97 
124857 227 
125044 121 
125564 57 
126230 108 
126298 20 
126531 15 
126874 940 
127126 5555 
127127 174 
127141 15312 
127340 5439 
127345 156 
127442 1139 
127454 432 
127611 702 
127676 1089 
127709 4108 
127727 414 
127792 1462 
127932 8 
128000 197 
128017 777 
128153 308 
128203 217 
128334 4147 
128392 327 
128810 94 
128833 188 
128866 99 
128997 190 
129049 1052 
129056 3681 
129092 42 
129106 176 
129277 813 
129309 27 
129544 1658 
129976 734 
129990 375 
130004 6215 
130153 213 
130286 134 
130376 721 
131168 1417 
131488 545 
131805 318 
132081 474 
132582 1185 
133098 1018 
133162 548 
133218 4041 
133260 363 
133272 38 
133535 1483 
133626 413 
133929 35 
134107 37 
134108 1350 
134167 979 
134383 3719 
134538 70 
134870 1298 
135041 1042 
135515 3002 
136080 73 
136527 559 
136737 289 
136862 2219 
136996 445 
136996 445 
137075 2069 
137075 2069 
137146 349 
137258 111 
137302 335 
137346 280 
137377 335 
137387 1394 
137431 671 
137452 602 
137455 258 
139160 1116 
139291 146 
139399 1837 
139439 82 
139557 9425 
139575 1122 
139685 91 
139748 1727 
139832 152 
139891 227 
140039 193 
140071 233 
140095 1227 
140120 112 
140192 419 
140290 208 
140300 99 
140493 226 
141005 176 
141162 266 
141165 144 
141327 820 
141334 17 
141396 274 
141599 1448 
141943 1096 
141972 1473 
142031 2277 
142036 76 
142049 724 
142166 291 
142178 1050 
142240 1498 
142285 9773 
142531 3692 
142561 48 
142581 1323 
142599 524 
143815 733 
143863 305 
144245 61 
144364 266 
144381 328 
144426 1895 
144428 60 
144485 156 
144487 549 
144542 1247 
144667 23 
145049 1074 
145214 373 
145392 4361 
145426 294 
145499 611 
145674 32 
145719 296 
145917 26 
146090 311 
146642 1055 
146667 230 
146692 1372 
148204 1097 
148260 15506 
148388 24 
148451 603 
148890 1056 
148913 168 
149102 212 
149134 4510 
149328 1267 
149527 120 
149531 83 
149587 57 
149694 4425 
149911 21 
150136 204 
150178 496 
150190 1492 
150374 151 
150439 1761 
150446 673 
150580 611 
150777 696 
151036 910 
151138 1148 
151170 5511 
151416 556 
151457 520 
151471 1325 
151501 941 
151884 612 
152071 661 
152164 177 
152223 1871 
152312 411 
152314 366 
152992 226 
153341 1059 
153366 2873 
154175 14 
154254 115 
154627 3849 
154735 286 
154839 537 
154851 78 
154982 1914 
155165 297 
155196 131 
155288 187 
156528 136 
156540 601 
156646 1245 
156685 1251 
156848 924 
157018 85 
157085 723 
157764 516 
158107 588 
158289 288 
158349 553 
158516 3678 
158945 829 
158975 12 
159337 412 
159389 2095 
160265 84 
160756 841 
160954 1001 
161587 200 
161589 5543 
161795 102 
161952 425 
161990 131 
162153 77 
162498 1822 
163708 209 
164003 235 
164077 333 
164112 3623 
164624 404 
164643 1170 
164812 69 
165417 802 
165445 362 
165467 283 
165863 470 
165909 177 
165915 69 
166010 1541 
166016 1310 
166128 431 
166393 11 
167098 1051 
167473 226 
167781 620 
168103 140 
168363 315 
168456 21 
168629 79 
168758 6250 
168984 1587 
169012 429 
169135 260 
169257 1063 
169267 763 
169306 7408 
169336 751 
169350 267 
169489 90 
169538 317 
169554 131 
169554 267 
169566 240 
169605 82 
169683 169 
169699 118 
169778 197 
169816 259 
169861 229 
169871 369 
170073 606 
170123 60 
170486 707 
170506 32 
170534 341 
170545 357 
170577 2080 
170661 2190 
170669 412 
170674 1241 
170724 39 
170731 63 
170884 212 
170890 294 
171007 74 
171078 27331 
171134 1046 
171190 1646 
171395 85 
171465 1681 
171470 422 
171544 1634 
171611 200 
171679 81 
171683 791 
171922 145 
172100 115 
172149 1105 
172152 1376 
172254 168 
172450 12330 
172573 57 
172575 487 
172587 1175 
172642 722 
172675 269 
172759 145 
173004 374 
173060 323 
174003 207 
174311 122 
174470 311 
174761 40 
175020 432 
175612 1083 
175656 895 
176493 426 
176887 1088 
177004 409 
177054 42 
177059 217 
177282 351 
177302 106 
177845 1316 
177942 837 
178134 373 
178485 6799 
178510 740 
178541 1946 
178546 4657 
178615 134 
178719 347 
178780 80 
179178 233 
179398 832 
180067 5 
180070 1475 
180109 131 
180124 95 
180531 219 
180683 208 
181591 1937 
181594 2342 
181640 2190 
181897 256 
182428 262 
182440 569 
182746 91 
182831 229 
182853 31 
183126 3 
183142 1433 
183385 1344 
183422 440 
183428 713 
183454 106 
183569 341 
183617 36 
183881 681 
183923 122 
183991 4594 
183993 131 
184183 111 
184446 905 
184871 167 
185594 87 
185740 327 
185967 810 
186012 294 
186187 32 
186887 683 
186917 35 
187151 22 
187729 379 
187761 383 
187974 1255 
188574 1066 
188830 238 
188888 295 
189011 87 
189182 1702 
190060 44 
190600 137 
190664 478 
191071 124 
191242 2784 
191508 497 
192596 106 
192630 340 
193012 442 
193294 7960 
193486 194 
195011 666 
195107 114 
195232 899 
195274 675 
195748 307 
195850 1154 
195863 1557 
196116 196 
196988 335 
197221 966 
197346 372 
197373 250 
198673 4 
199901 552 
199922 157 
199966 436 
200368 119 
200408 754 
201077 36 
201811 164 
202398 540 
202873 112 
202964 397 
203097 58 
203136 353 
203186 1152 
203493 652 
203632 781 
203888 122 
204089 114 
204128 61 
204133 11 
204196 303 
205208 163 
205400 1016 
205500 1763 
205654 13 
207468 1013 
208044 255 
209169 410 
210758 148 
211234 145 
211470 312 
211539 852 
212451 955 
214879 303 
216835 94 
217430 264 
219409 597 
220599 737 
220823 341 
220989 26 
221046 309 
221968 564 
223566 272 
226388 19 
228982 55 
229093 159 
229626 114 
229907 151 
231035 80 
231369 418 
232337 50 
232603 84 
235361 10636 
235396 371 
235414 42671 
235429 1327 
235434 10141 
235445 891 
235465 336 
235483 185 
235512 425 
235514 261 
235713 2452 
235809 1680 
236120 145 
236239 1042 
236242 63 
236334 119 
236387 26 
236476 1371 
236603 54 
237920 1217 
238074 635 
238817 76 
239311 78 
240459 19 
240726 298 
241186 2012 
241950 179 
242278 806 
242802 2016 
242819 13600 
242924 925 
242963 140 
243148 699 
243300 508 
243926 183 
245234 1587 
245469 1608 
245541 53 
246209 2607 
246234 838 
247682 377 
247714 125 
247878 42 
248151 901 
248532 180 
248899 1711 
249156 321 
249568 80 
250646 105 
251690 68 
252478 1145 
252881 2896 
253002 1246 
253007 2238 
253043 829 
253354 136 
253459 142 
253553 107 
255417 168 
256621 450 
257124 119 
257343 258 
257800 8 
258050 137 
258465 76 
260179 913 
261399 10 
261942 5713 
262020 481 
262183 578 
262450 779 
262501 3569 
262725 1548 
262728 3605 
262753 739 
262767 575 
262779 65 
262830 507 
262844 242 
262884 112 
262951 143 
263019 772 
263399 2577 
263427 432 
263478 76 
263622 174 
263793 4218 
263999 1244 
264044 5283 
264456 33 
265732 2669 
265769 292 
265815 6326 
266159 556 
266290 516 
267623 1054 
268229 283 
268557 139 
270180 46 
270206 90 
270810 168 
271045 2286 
271570 290 
271686 456 
271827 1978 
273247 318 
273657 352 
274091 2172 
274422 69 
274780 181 
274838 771 
277821 308 
278035 1206 
278037 1470 
279030 111 
279178 772 
281340 952 
283267 4200 
283865 638 
283986 1929 
284049 1300 
284345 269 
284786 1657 
284971 172 
285349 42 
286284 1101 
286345 984 
286925 145 
287623 191 
287657 45 
289362 1094 
289627 325 
292206 148 
292639 73 
294904 239 
296117 120 
297071 703 
297599 203 
298530 1382 
302273 704 
302391 101 
303162 794 
303413 586 
303996 144 
304114 110 
304152 61 
310031 44 
313626 59 
314329 107 
316877 27 
317017 241 
317269 4 
318561 1102 
319599 508 
319639 1989 
320127 554 
320617 5337 
320909 160 
321143 28 
321420 1394 
322843 49 
323195 248 
323385 586 
324448 1317 
326312 374 
332811 43 
333055 1581 
336749 956 
337324 277 
337745 65 
338578 3941 
338842 1421 
340111 128 
340513 74 
343173 547 
344702 729 
344726 2486 
345453 392 
345786 643 
345796 652 
345814 1025 
347619 223 
347832 216 
348133 144 
349397 1322 
349584 247 
351466 871 
351898 67 
355510 1411 
357014 347 
357991 570 
359402 114 
359581 160 
359607 417 
361878 106 
361894 902 
362609 230 
365162 233 
365543 544 
373218 304 
373604 445 
373985 75 
374336 445 
374496 80 
374999 138 
375569 126 
378144 114 
388340 77 
393245 567 
400632 389 
401465 264 
406310 484 
410902 223 
415065 26 
420449 2267 
423061 75 
423289 421 
423944 23 
425745 683 
425982 242 
427048 46 
432883 11 
434898 189 
437393 882 
438160 77 
439174 125 
439322 112 
440449 656 
445634 1412 
445854 112 
453432 181 
454643 154 
457130 273 
458246 43 
463968 2315 
464009 12 
464020 1990 
464769 151 
466836 413 
475810 250 
490575 7 
499571 13 
504043 1042 
505202 132 
505513 64 
506917 18 
507288 694 
509477 107 
509534 110 
513869 474 
519517 2145 
520593 434 
521429 323 
522887 458 
524378 323 
525041 226 
526036 2455 
526108 1339 
526171 292 
526342 1304 
526948 380 
531910 9125 
531939 389 
532786 103 
533058 272 
533606 120 
534461 3131 
534504 2260 
535887 188 
536053 219 
536362 158 
536462 440 
538685 669 
539777 51 
543895 963 
544845 75 
547200 385 
548353 353 
548429 353 
548506 979 
554842 5 
558002 196 
558373 201 
558456 145 
558669 546 
559280 506 
564381 564 
564481 1037 
564767 259 
568427 393 
568886 542 
572565 81 
575137 62 
577765 8 
578530 161 
587596 1250 
589387 61 
590657 516 
591741 41 
594489 664 
595639 221 
596501 2400 
596539 953 
596989 1490 
602870 192 
603778 25 
