2664 3.56063657407
0 1695159 
19 132 
19 313 
22 505 
41 80 
46 525 
47 26 
48 286 
53 12 
54 14 
61 206 
67 596 
69 574 
70 152 
70 41 
72 158 
73 103 
76 152 
79 290 
83 114 
84 172 
86 79 
91 27 
93 21 
94 129 
95 155 
95 3 
99 140 
100 131 
102 304 
103 579 
106 39 
106 1149 
107 143 
108 21 
108 63 
110 68 
111 148 
113 123 
114 367 
115 159 
115 295 
117 90 
117 81 
118 57 
119 339 
119 493 
122 241 
124 205 
125 6 
129 554 
132 402 
136 13 
136 103 
137 29 
137 128 
144 115 
147 16 
147 228 
148 457 
153 77 
153 255 
164 258 
170 87 
172 377 
178 444 
178 366 
183 62 
190 1145 
190 16 
191 750 
194 15 
195 130 
197 232 
198 41 
199 135 
199 207 
219 419 
222 21 
222 15 
223 51 
225 23 
252 23 
252 93 
257 1385 
260 433 
262 850 
264 77 
264 280 
265 76 
269 32 
269 21 
269 538 
270 373 
272 195 
275 475 
275 238 
275 718 
276 12 
277 65 
281 240 
281 292 
287 274 
291 25 
292 16 
294 612 
298 48 
298 400 
300 282 
302 18 
307 820 
313 65 
314 196 
318 666 
321 62 
323 168 
336 51 
344 106 
348 51 
352 495 
356 14 
367 70 
383 16 
384 86 
392 44 
396 155 
397 308 
398 20 
401 183 
409 587 
409 135 
411 123 
414 148 
415 188 
416 90 
416 149 
420 237 
420 20 
423 66 
426 324 
430 28 
436 112 
441 16 
443 226 
446 31 
446 109 
450 26 
451 3053 
458 1130 
458 824 
459 326 
463 302 
464 78 
464 59 
469 109 
478 46 
493 14 
505 177 
508 9 
509 58 
509 50 
512 443 
514 15 
521 55 
527 138 
530 49 
530 314 
538 14 
539 67 
547 34 
553 100 
554 563 
570 103 
571 80 
572 999 
574 24 
583 28 
589 93 
591 15 
597 292649 
597 23 
598 31 
605 667 
606 73 
608 28 
608 80 
619 44 
628 123 
637 256 
638 54 
645 182 
652 70 
652 383 
659 92 
661 58 
663 16 
667 30 
673 52 
680 327 
686 40 
697 92 
698 92 
702 113 
706 43 
707 57 
709 17 
710 72 
711 557 
715 287 
723 82 
726 29 
800 131 
804 20 
810 286 
812 40 
813 87 
815 72 
819 115 
823 10 
827 88 
838 39 
840 25 
844 15 
846 69 
846 94 
846 8 
848 188 
849 33 
853 123 
855 363 
862 29 
873 109 
879 91 
881 244 
888 391 
889 276 
904 23 
905 261 
906 57 
907 22 
913 79 
916 1778 
927 15 
942 65 
951 445 
951 138 
960 33 
969 91 
970 245 
988 95 
993 134 
994 52 
1000 16 
1012 447 
1012 61 
1020 7 
1029 10 
1031 53 
1037 351 
1041 573 
1050 236 
1050 122 
1052 30 
1061 200 
1062 20 
1065 455 
1075 15 
1080 10 
1080 10 
1081 1048 
1085 70 
1095 64 
1099 29 
1101 100 
1106 40 
1109 79 
1112 281 
1113 66 
1113 58 
1114 43 
1116 294 
1126 94 
1129 195 
1133 30 
1136 25 
1138 23 
1141 82 
1143 95 
1157 19 
1160 81 
1160 74 
1163 119 
1168 37 
1176 333 
1177 121 
1191 68 
1191 117 
1192 1547 
1194 8 
1195 256 
1209 103 
1219 512 
1219 616 
1219 264 
1221 88 
1223 230 
1228 724 
1231 108 
1233 155 
1233 630 
1237 24 
1253 115 
1261 79 
1262 39 
1272 239 
1275 62 
1276 216 
1293 25 
1300 43 
1305 83 
1313 151 
1316 214 
1316 83 
1322 63 
1324 183 
1332 14 
1337 21 
1340 280 
1341 49 
1341 10 
1366 42 
1368 17 
1374 16 
1380 37 
1381 10 
1382 579 
1391 23 
1396 35 
1407 720 
1424 17 
1426 55 
1431 352 
1437 154 
1443 21 
1447 110 
1518 108 
1529 190 
1536 58 
1537 62 
1546 68 
1557 15 
1560 148 
1561 260 
1564 37 
1573 156 
1594 27 
1601 117 
1603 23 
1612 345 
1616 41 
1619 83 
1624 219 
1625 80 
1638 68 
1644 25 
1668 64 
1679 393 
1686 72 
1692 19 
1698 72 
1710 138 
1718 71 
1723 102 
1724 67 
1724 77 
1727 8 
1727 10 
1734 25 
1741 33 
1745 60 
1746 236 
1760 11 
1761 6 
1761 39 
1763 1371 
1766 91 
1767 51 
1768 82 
1769 94 
1775 1319 
1784 122 
1785 46 
1791 24 
1799 36 
1799 58 
1802 44 
1804 239 
1814 283 
1822 83 
1824 25 
1842 150 
1844 177 
1846 65 
1853 128 
1860 6 
1864 68 
1865 6 
1869 35 
1871 89 
1872 59 
1874 65 
1883 142 
1900 50 
1910 24 
1912 7 
1912 20 
1972 319 
1974 37 
1978 38 
1979 222 
1984 153 
1985 25 
1985 27 
1991 23 
1997 177 
2006 64 
2007 72 
2013 655 
2016 100 
2026 207 
2032 7 
2044 36 
2048 35 
2050 126 
2053 1590 
2056 36 
2056 122 
2058 217 
2061 69 
2076 30 
2089 42 
2093 323 
2093 20 
2097 68 
2104 90 
2105 657 
2119 12 
2124 120 
2124 185 
2126 138 
2128 55 
2135 57 
2144 56 
2144 202 
2144 24 
2153 111 
2156 81 
2157 79 
2164 45 
2167 16 
2186 106 
2190 54 
2207 571 
2208 35 
2209 294 
2212 110 
2212 34 
2212 78 
2212 43 
2216 30 
2222 112 
2225 13 
2225 61 
2225 295 
2226 96 
2232 26 
2235 86 
2237 390 
2238 77 
2239 26 
2253 37 
2255 35 
2261 26 
2265 65 
2265 130 
2268 29 
2269 41 
2277 94 
2282 42 
2288 18 
2289 25 
2361 228 
2374 155 
2396 182 
2406 17 
2413 23 
2418 47 
2425 411 
2433 95 
2435 169 
2444 58 
2450 396 
2452 57 
2461 25 
2500 23 
2508 349 
2510 4 
2514 263 
2536 79 
2537 296 
2545 7 
2556 217 
2568 49 
2572 81 
2572 56 
2572 66 
2575 153 
2579 611 
2581 23 
2588 79 
2592 466 
2592 20 
2605 61 
2606 137 
2607 15 
2613 8861 
2616 81 
2619 528 
2621 62 
2622 121 
2623 84 
2631 367 
2632 43 
2633 284 
2638 751 
2638 7 
2643 24 
2649 149 
2656 1278 
2658 164 
2663 96 
2671 155 
2673 434 
2673 142 
2677 403 
2685 31 
2690 37 
2693 9 
2695 910 
2696 359 
2696 18 
2697 122 
2700 89 
2704 486 
2709 107 
2711 738 
2724 174 
2727 1253 
2737 227 
2742 91 
2804 32 
2811 158 
2813 37 
2818 879 
2821 59 
2827 161 
2831 43 
2833 197 
2837 450 
2841 40 
2848 118 
2851 54 
2856 90 
2857 18 
2861 1724 
2866 128 
2882 120 
2893 99 
2893 301 
2894 530 
2905 20 
2914 63 
2919 848 
2924 30 
2925 120 
2932 21 
2933 22 
2938 331 
2952 16 
2952 122 
2963 482 
2971 343 
2974 102 
2975 5 
2977 89 
2977 28 
2979 56 
2979 79 
3052 151 
3056 100 
3061 65 
3070 32 
3071 165 
3072 257 
3073 141 
3078 121 
3079 73 
3083 139 
3087 258 
3110 4 
3114 34 
3127 86 
3133 519 
3134 52 
3135 123 
3139 1381 
3150 2211 
3160 48 
3164 16 
3164 47 
3169 31 
3175 576 
3177 78 
3184 747 
3186 64 
3186 2840 
3210 7 
3211 81 
3222 274 
3225 61 
3232 20 
3236 8 
3239 33 
3240 707 
3255 1288 
3266 162 
3274 189 
3279 59 
3303 6 
3304 137 
3309 555 
3315 60 
3327 31 
3333 210 
3339 11 
3339 463 
3413 19 
3414 493 
3415 189 
3426 307 
3430 181 
3441 142 
3445 351 
3448 40 
3454 354 
3457 75 
3461 87 
3464 6 
3485 25 
3500 21 
3509 13 
3514 49 
3534 139 
3535 185 
3537 27 
3542 62 
3564 37 
3574 78 
3581 104 
3593 45 
3594 72 
3595 32 
3596 79 
3597 160 
3597 97 
3604 37 
3609 100 
3615 288 
3626 42 
3632 110 
3651 58 
3651 5 
3654 134 
3659 17 
3666 72 
3668 247 
3671 46 
3757 51 
3763 143 
3766 553 
3784 94 
3795 203 
3796 104 
3801 102 
3811 527 
3826 112 
3847 51 
3852 365 
3861 157 
3877 74 
3877 795 
3881 50 
3887 85 
3889 169 
3890 14 
3915 180 
3916 325 
3918 77 
3924 74 
3938 122 
3959 6 
3972 89 
3977 123 
3981 37 
3992 221 
4002 178 
4017 119 
4034 71 
4034 30 
4061 392 
4074 37 
4157 37 
4161 297 
4162 2 
4182 13 
4184 81 
4194 39 
4195 153 
4197 70 
4199 10 
4203 103 
4207 73 
4232 305 
4276 44 
4286 114 
4314 9 
4326 61 
4337 40 
4360 313 
4365 19 
4375 68 
4380 81 
4382 88 
4442 61 
4454 90 
4475 27 
4479 33 
4484 189 
4496 113 
4511 115 
4519 8 
4538 84 
4554 17 
4560 496 
4584 12 
4596 22 
4628 630 
4632 186 
4642 77 
4660 5 
4675 13 
4683 112 
4688 1468 
4689 76 
4767 37 
4767 32 
4777 160 
4788 95 
4791 83 
4802 134 
4844 121 
4847 197 
4850 318 
4874 52 
4880 172 
4891 62 
4893 100 
4903 13 
4922 170 
4923 59 
4930 52 
4941 46 
4971 502 
4972 127 
4973 162 
4977 32 
4985 42 
4998 12 
4999 5 
5001 13 
5012 9 
5017 73 
5019 24 
5021 390 
5023 98 
5027 14 
5043 12 
5046 114 
5060 153 
5070 20 
5073 45 
5075 255 
5078 18 
5084 3906 
5093 248 
5103 63 
5161 448 
5170 66 
5192 174 
5195 73 
5200 61 
5204 11 
5235 45 
5252 229 
5267 53 
5286 33 
5289 221 
5300 273 
5324 323 
5327 32 
5331 54 
5338 42 
5340 95 
5370 12 
5384 47 
5385 200 
5390 143 
5393 133 
5398 15 
5403 14 
5406 69 
5415 86 
5415 4 
5431 238 
5432 34 
5439 104 
5442 136 
5443 275 
5450 10 
5457 42 
5457 50 
5519 101 
5523 323 
5525 48 
5563 1625 
5567 130 
5574 154 
5594 19 
5603 38 
5635 163 
5639 198 
5642 129 
5691 33 
5708 217 
5713 268 
5772 2406 
5773 68 
5783 7 
5784 107 
5790 27 
5793 212 
5795 167 
5797 44 
5803 10 
5810 466 
5813 343 
5819 168 
5823 26 
5827 26 
5829 211 
5835 294 
5838 117 
5840 293 
5841 107 
5844 29 
5848 47 
5861 20 
5872 98 
5874 49 
5874 480 
5893 85 
5898 63 
5902 25 
5907 145 
5921 18 
5927 63 
5938 62 
5940 711 
5942 15 
5971 233 
5975 36 
5977 46 
5983 88 
5998 51 
6009 52 
6072 71 
6074 65 
6079 61 
6080 60 
6081 39 
6099 453 
6102 37 
6111 3 
6123 43 
6125 34 
6132 160 
6141 235 
6145 52 
6170 75 
6175 232 
6176 65 
6177 32 
6187 73 
6188 242 
6208 72 
6217 46 
6228 41 
6236 1 
6237 55 
6241 1 
6242 120 
6245 23 
6249 125 
6253 1085 
6253 18 
6266 36 
6275 82 
6276 41 
6280 13 
6366 100 
6418 60 
6424 19 
6426 122 
6434 66 
6445 48 
6455 48 
6456 11 
6478 53 
6482 124 
6490 34 
6567 106 
6577 19 
6588 23 
6590 419 
6598 62 
6617 61 
6628 279 
6678 76 
6698 26366 
6703 435 
6707 645 
6713 128 
6728 726 
6735 84 
6747 155 
6751 8 
6755 57 
6761 22 
6768 86 
6771 119 
6834 22 
6838 202 
6851 161 
6861 630 
6884 301 
6907 198 
6918 108 
6919 4013 
6929 25 
6937 303 
6943 1407 
6948 112 
6957 99 
6962 3775 
6963 198 
6974 31 
6979 97 
6994 28 
7009 53 
7013 105 
7013 13 
7014 16 
7026 79 
7031 20 
7033 245 
7037 36 
7105 56 
7113 13 
7122 145 
7141 180 
7148 71 
7153 189 
7154 107 
7165 53 
7182 33 
7188 343 
7199 432 
7207 6 
7220 65 
7220 281 
7223 80 
7236 20 
7237 220 
7247 59 
7306 42 
7324 37 
7333 295 
7348 126 
7407 2 
7419 104 
7424 22 
7434 48 
7444 67 
7447 1667161 
7449 19 
7450 818 
7451 84 
7470 67 
7471 75 
7479 139 
7480 187 
7484 187 
7486 171 
7486 691 
7491 80 
7491 26 
7493 63 
7494 366 
7495 31 
7498 312 
7499 54 
7501 7 
7502 32 
7503 9 
7508 226 
7513 5 
7516 148 
7517 73 
7519 44 
7524 137 
7525 42 
7529 226 
7530 162 
7531 40 
7532 120 
7533 23 
7534 106 
7535 93 
7536 92 
7537 1336 
7538 19 
7538 105 
7539 382 
7546 17 
7547 946 
7549 10 
7551 43 
7554 38 
7556 23 
7558 127 
7567 148 
7568 114 
7572 13 
7575 908 
7577 71 
7579 208 
7581 102 
7581 63 
7582 54 
7583 358 
7589 21 
7592 30 
7593 37 
7595 364 
7595 252 
7597 191 
7597 32 
7598 123 
7599 457 
7599 30 
7602 103 
7603 70 
7603 13 
7607 36 
7608 56 
7608 114 
7608 27 
7610 284 
7611 20 
7612 19 
7612 81 
7614 30 
7615 94 
7617 200 
7617 51 
7618 60 
7621 38 
7626 51 
7626 96 
7630 142 
7630 3 
7632 137 
7634 4 
7637 26 
7638 232 
7644 367 
7644 71 
7646 230 
7650 9 
7651 49 
7655 33 
7655 1113 
7655 98 
7655 233 
7656 651 
7657 99 
7661 142 
7662 15 
7664 133 
7666 253 
7667 208 
7728 65 
7730 55 
7732 322 
7736 27 
7737 1163 
7739 70 
7740 208 
7741 30 
7743 86 
7743 38 
7744 58 
7745 41 
7746 54 
7747 110 
7749 558 
7751 264 
7752 446 
7756 292 
7757 479 
7762 5307 
7764 121 
7765 42 
7770 255 
7774 279 
7777 221 
7777 66 
7777 77 
7779 194 
7781 258 
7783 69 
7785 84 
7787 111 
7790 21 
7791 22 
7792 249 
7804 149 
7805 238 
7806 76 
7807 7 
7808 158 
7809 54 
7815 564 
7816 38 
7816 137 
7818 198 
7818 100 
7818 152 
7819 69 
7819 25 
7825 14 
7825 25 
7827 589 
7830 150 
7842 25 
7843 13 
7845 217 
7845 160 
7846 62 
7846 116 
7847 42 
7849 38 
7853 116 
7855 420 
7855 54 
7859 141 
7859 28 
7860 19 
7875 104 
7876 63 
7877 27 
7877 36 
7882 73 
7883 104 
7888 54 
7889 23 
7892 78 
7894 5 
7898 89 
7898 86 
7900 154 
7904 108 
7912 54 
7913 93 
7914 46 
7921 64 
7922 165 
7924 30 
7935 232 
7940 121 
7943 165 
7944 60 
7946 41 
7946 302 
7949 185 
7961 3 
7962 10 
7962 17 
7967 1 
7968 25 
7971 560 
7976 120 
7976 73 
7979 76 
7981 189 
7982 88 
7986 138 
7987 85 
7987 46 
7989 68 
7995 37 
8001 2095 
8007 38 
8012 13 
8071 50 
8074 161 
8080 65 
8086 64 
8090 585 
8090 5 
8099 18 
8103 256 
8104 295 
8109 160 
8109 121 
8114 65 
8116 50 
8116 211 
8117 839 
8117 154 
8118 16 
8122 90 
8128 38 
8129 121 
8130 89 
8132 47 
8138 23 
8141 58 
8144 224 
8145 81 
8160 43 
8167 97 
8174 138 
8176 160 
8182 50 
8184 66 
8192 58 
8203 9 
8205 84 
8212 4360 
8213 318 
8219 189 
8223 70 
8228 32 
8229 297 
8231 64 
8233 18 
8235 13 
8237 31 
8238 16 
8242 356 
8245 68 
8247 60 
8247 118 
8248 85 
8251 30 
8252 20 
8254 99 
8254 47 
8255 37 
8259 249 
8264 34 
8268 195 
8269 121 
8272 74 
8277 523 
8294 84 
8296 468 
8297 484 
8303 94 
8316 87 
8382 202 
8384 182 
8384 42 
8385 104 
8387 7 
8390 761 
8399 71 
8400 132 
8408 93 
8416 42 
8417 98 
8426 11 
8427 32 
8429 57 
8432 46 
8437 29 
8440 19 
8446 45 
8446 60 
8450 14 
8456 36 
8463 43 
8468 80 
8490 85 
8491 132 
8492 21 
8513 50 
8514 23 
8516 195 
8520 58 
8533 8 
8537 8 
8539 85 
8554 588 
8556 40 
8561 81 
8564 53 
8565 72 
8568 89 
8572 10 
8574 47 
8576 68 
8577 43 
8579 71 
8592 172 
8596 44 
8601 12 
8611 31 
8621 137 
8621 88 
8683 193 
8684 89 
8687 243 
8694 216 
8698 285 
8709 61 
8710 70 
8714 49 
8719 282 
8733 37 
8734 7 
8740 31 
8740 8 
8756 50 
8756 83 
8758 34 
8774 32 
8774 9 
8779 155 
8782 9 
8784 34 
8791 67 
8796 18 
8796 22 
8807 150 
8810 104 
8813 54 
8824 166 
8824 223 
8825 7 
8826 141 
8832 71 
8847 200 
8853 8 
8856 217 
8859 21 
8865 8 
8870 319 
8872 97 
8884 15 
8895 96 
8897 37 
8901 40 
8906 62 
8909 8 
8910 66 
8910 34 
8913 111 
8913 17 
8915 545 
8923 89 
8924 249 
8930 97 
8931 7 
8941 5 
8943 13 
8946 186 
9007 91 
9015 76 
9017 62 
9017 11 
9023 191 
9029 150 
9032 59 
9035 15 
9036 44 
9044 283 
9063 76 
9067 57 
9074 19 
9074 78 
9075 33 
9081 204 
9095 69 
9096 38 
9101 48 
9112 20 
9116 30 
9118 58 
9119 12 
9133 83 
9134 105 
9143 30 
9143 33 
9152 64 
9157 58 
9164 45 
9164 100 
9164 22 
9174 26 
9183 33 
9189 83 
9196 25 
9196 30 
9205 56 
9207 46 
9208 107 
9218 80 
9221 54 
9224 138 
9248 15 
9251 106 
9252 209 
9253 54 
9258 64 
9259 248 
9265 36 
9278 105 
9284 19 
9287 25 
9301 33 
9368 145 
9371 131 
9377 45 
9378 14 
9382 44 
9387 35 
9387 47 
9390 52 
9402 52 
9403 23 
9403 4 
9409 204 
9410 4 
9410 4 
9426 123 
9436 267 
9440 122 
9442 124 
9442 217 
9453 10 
9463 44 
9477 36 
9478 28 
9498 221 
9517 256 
9541 70 
9542 169 
9546 12 
9550 34 
9562 44 
9570 22 
9572 30 
9584 81 
9588 23 
9611 15 
9622 9 
9657 3 
9661 56 
9665 5549 
9669 74 
9732 38 
9734 420 
9735 46 
9737 66 
9745 7 
9756 33 
9766 15 
9767 21 
9769 670 
9781 60 
9782 112 
9784 7 
9785 6 
9796 135 
9800 100 
9815 105 
9816 75 
9818 61 
9820 16 
9821 163 
9832 21 
9838 82 
9839 146 
9849 26 
9851 65 
9853 7 
9860 24 
9863 1724 
9863 72 
9866 46 
9900 27 
9904 11 
9919 19 
9924 63 
9924 69 
9939 43 
9941 52 
9946 89 
9968 41 
9975 1802 
9984 3760 
10048 48 
10065 92 
10072 117 
10078 123 
10082 31 
10085 34 
10100 18 
10122 199 
10123 62 
10139 75 
10143 60 
10151 82 
10162 95 
10167 69 
10178 13 
10179 71 
10186 9 
10193 27 
10212 75 
10214 59 
10222 61 
10226 255 
10228 17 
10231 46 
10255 35 
10258 22 
10268 116 
10272 153 
10281 62 
10342 68 
10352 3 
10356 45 
10368 534 
10378 24 
10381 45 
10382 15 
10384 47 
10409 25 
10423 548 
10427 46 
10428 33 
10450 19 
10451 22 
10452 66 
10455 29 
10460 28 
10474 30 
10478 13 
10490 84 
10495 42 
10496 29 
10502 49 
10507 43 
10510 143 
10524 246 
10536 112 
10538 5 
10554 19 
10555 25 
10558 73 
10563 55 
10565 87 
10587 32 
10592 113 
10592 15 
10603 100 
10604 156 
10614 87 
10617 61 
10619 9 
10620 92 
10624 100 
10630 57 
10640 136 
10656 17 
10673 168 
10674 107 
10698 29 
10718 10 
10725 108 
10726 78 
10734 65 
10735 148 
10740 41 
10757 151 
10764 232 
10783 81 
10783 173 
10863 65 
10869 77 
10870 100 
10892 47 
10901 389 
10905 1754 
10906 78 
10922 139 
10925 168 
10933 9 
10949 33 
10957 60 
10959 110 
10960 122 
10961 57 
10968 66 
10977 830 
10994 508 
10997 105 
11004 53 
11029 4 
11032 20 
11057 107 
11059 109 
11060 111 
11068 28 
11070 16 
11078 10 
11081 533 
11086 53 
11093 48 
11107 63 
11128 89 
11131 341 
11135 3745 
11139 25 
11151 108 
11155 420 
11157 94 
11173 64 
11175 45 
11185 85 
11204 12 
11213 92 
11232 17 
11240 78 
11266 60 
11335 124 
11339 12 
11352 35 
11354 17 
11383 69 
11383 107 
11389 43 
11392 8 
11409 22 
11426 93 
11435 6 
11440 39 
11444 353 
11445 50 
11447 187 
11470 102 
11470 165 
11478 38 
11489 240 
11521 15 
11532 122 
11533 23 
11535 24 
11550 18 
11558 152 
11560 58 
11566 195 
11567 23 
11570 170 
11570 140 
11573 8 
11596 179 
11606 143 
11614 127 
11659 50 
11667 268 
11676 46 
11677 13 
11686 115 
11716 21 
11728 63 
11732 113 
11737 28 
11738 102 
11738 121 
11741 80 
11749 31 
11751 42 
11764 65 
11766 185 
11767 494 
11890 52 
11897 3821 
11903 40 
11913 139 
11915 20 
11917 64 
11927 1867 
11930 108 
11942 113 
11948 263 
11955 15 
11969 48 
11992 94 
11994 79 
12003 67 
12006 50 
12011 37 
12019 62 
12046 90 
12062 29 
12062 59 
12076 7 
12089 198 
12094 56 
12103 12 
12110 91 
12114 165 
12119 84 
12136 1821 
12137 223 
12137 10 
12141 18 
12150 32 
12165 102 
12172 56 
12180 91 
12189 743 
12209 261 
12231 18 
12237 36 
12256 31 
12259 36 
12259 90 
12270 11 
12276 20 
12287 38 
12293 64 
12305 203 
12313 24 
12318 5 
12337 134 
12348 35 
12356 9 
12357 24 
12370 36 
12404 95 
12417 54 
12434 8423 
12435 251 
12436 21 
12437 123 
12438 88 
12443 7 
12445 163 
12448 392 
12477 218 
12491 51 
12520 127 
12531 24 
12542 89 
12542 255 
12545 68 
12626 28 
12627 235 
12633 22 
12639 37 
12661 136 
12662 19 
12667 99 
12667 64 
12699 90 
12700 26 
12702 39 
12708 25 
12732 73 
12736 19 
12759 192 
12767 433 
12774 6 
12776 161 
12786 11 
12837 117 
12845 5 
12845 24 
12847 12 
12864 162 
12871 43 
12874 17 
12879 7 
12880 60 
12888 38 
12893 46 
12894 86 
12901 164 
12908 144 
12908 66 
12937 124 
12950 21 
12952 576 
12966 139 
13009 25 
13020 15 
13023 281 
13031 245 
13036 49 
13049 15 
13052 33 
13057 442 
13076 4 
13096 52 
13110 56 
13132 11 
13140 25 
13185 22 
13189 108 
13190 220 
13193 70 
13195 152 
13225 142 
13231 31 
13244 264 
13244 20 
13272 65 
13279 17 
13287 110 
13292 166 
13304 1 
13320 17 
13354 142 
13364 43 
13378 217 
13382 215 
13382 18 
13439 227 
13441 38 
13456 45 
13464 137 
13464 41 
13473 33 
13486 267 
13487 70 
13494 47 
13505 67 
13507 68 
13509 11 
13516 55 
13547 172 
13571 361 
13688 11 
13694 59 
13698 46 
13721 119 
13743 23 
13747 245 
13758 51 
13758 9 
13778 39 
13783 6 
13803 71 
13832 226 
13867 47 
13873 111 
13873 95 
13887 21 
13904 15 
13917 36 
13933 31 
13961 3 
13962 26 
13986 106 
14013 132 
14050 121 
14075 202 
14076 1578 
14077 58 
14089 27 
14097 24 
14108 79 
14115 71 
14117 26 
14125 75 
14128 133 
14130 380 
14154 90 
14158 34 
14171 12 
14208 417 
14230 33 
14245 25 
14260 41 
14260 13 
14274 13 
14283 148 
14287 25 
14291 255 
14300 300 
14317 25 
14335 14 
14341 133 
14347 72 
14350 13 
14366 54 
14371 38 
14386 104 
14394 201 
14399 12 
14402 122 
14406 195 
14417 19 
14420 142 
14426 15 
14429 101 
14432 262 
14443 63 
14448 127 
14475 57 
14494 116 
14501 102 
14513 63 
14529 109 
14541 230 
14558 30 
14566 98 
14579 76 
14581 23 
14582 6 
14584 35 
14586 9 
14587 45 
14594 29 
14601 104 
14609 114 
14611 335 
14613 76 
14631 91 
14631 59 
14634 46 
14644 92 
14645 146 
14653 277 
14661 60 
14668 348 
14670 131 
14676 104 
14690 74 
14690 73 
14694 6 
14721 22 
14754 53 
14772 35 
14781 34 
14786 7 
14807 72 
14807 57 
14807 2 
14815 83 
14847 171 
14853 84 
14853 26 
14862 18 
14863 26 
14880 62 
14881 7 
14900 70 
14902 103 
14907 0 
14921 2 
14925 145 
14954 9 
14996 28 
15004 34 
15020 75 
15029 131 
15047 33 
15050 29 
15054 165 
15070 10 
15083 163 
15086 15 
15116 64 
15118 423 
15120 106 
15122 39 
15128 44 
15133 14 
15154 60 
15164 6 
15171 527 
15192 15 
15200 4 
15211 232 
15232 64 
15243 279 
15259 27 
15260 15 
15263 20 
15267 34 
15285 12 
15287 60 
15300 58 
15312 126 
15322 3 
15324 106 
15361 10 
15383 49 
15419 455 
15431 30 
15445 29 
15459 2 
15474 122 
15514 344 
15533 103 
15563 35 
15571 68 
15574 78 
15583 38 
15593 18 
15608 56 
15608 102 
15619 70 
15625 78 
15629 24 
15631 149 
15637 30 
15673 72 
15686 20 
15719 55 
15742 301 
15761 13 
15777 19 
15779 65 
15788 39 
15809 12 
15811 22 
15832 2 
15840 70 
15867 74 
15868 18 
15938 40 
15960 37 
15982 119 
15996 42 
16016 112 
16023 123 
16066 241 
16122 8 
16128 11 
16144 151 
16159 116 
16183 183 
16185 245 
16207 17 
16234 142 
16255 25 
16277 49 
16333 108 
16353 35 
16354 65 
16378 18 
16380 20 
16408 40 
16463 98 
16479 62 
16484 37 
16488 10 
16511 50 
16539 74 
16543 265 
16592 47 
16615 101 
16616 9 
16629 30 
16647 11 
16648 353 
16673 32 
16691 124 
16707 55 
16733 22 
16740 51 
16748 23 
16793 95 
16811 35 
16847 55 
16884 80 
16889 219 
16932 9 
16964 291 
16971 199 
17010 40 
17063 153 
17108 33 
17230 31 
17245 294 
17247 173 
17272 44 
17292 38 
17334 136 
17334 61 
17351 85 
17353 48 
17463 222 
17516 87 
17546 44 
17556 81 
17564 113 
17567 168 
17571 109 
17630 15 
17631 508 
17634 37 
17642 15 
17648 168 
17707 177 
17727 29 
17767 109 
17788 25 
17800 8 
17806 60 
17837 12 
17852 26 
17852 11 
17860 228 
17861 6 
17898 856 
17914 65 
17931 3 
17973 31 
17981 7881 
17994 167 
17997 735 
18004 56 
18047 11 
18074 247 
18090 74 
18133 20 
18137 34 
18154 209 
18160 708 
18163 75 
18211 63 
18214 62 
18252 47 
18256 30 
18304 2073 
18400 4372 
18426 416 
18508 205 
18545 273 
18550 379 
18555 20 
18587 191 
18651 115 
18684 273 
18707 44 
18725 37 
18730 469 
18745 2 
18772 228 
18774 40 
18822 10 
18841 7 
18923 259 
18946 22 
18985 101 
19005 163 
19028 27 
19036 17 
19047 11 
19062 159 
19161 527 
19249 18 
19260 11 
19327 138 
19328 6 
19384 92 
19414 24 
19433 148 
19547 50 
19569 24 
19612 2018 
19616 1303 
19712 39 
19734 12 
19745 29 
19770 19 
19811 125 
19811 94 
19818 166 
19855 62 
19882 6 
19901 56 
19939 217 
19955 7 
19969 63 
19979 184 
19979 131 
19997 14 
20006 5 
20036 42 
20056 53 
20162 32 
20195 120 
20240 23 
20278 71 
20285 46 
20293 405 
20307 84 
20458 19 
20478 26 
20545 62 
20596 11 
20597 2 
20629 293 
20655 143 
20781 67 
20822 8 
20825 64 
20871 30 
20888 114 
20970 27 
20990 78 
20995 123 
21006 7 
21055 66 
21067 78 
21130 230 
21157 10 
21232 47 
21266 16 
21290 24 
21430 0 
21486 3 
21562 96 
21598 150 
21605 6 
21627 64 
21660 97 
21682 425 
21707 26 
21788 10 
21844 7 
21903 31 
21963 60 
22133 105 
22147 16 
22154 74 
22187 20 
22188 55 
22240 30 
22339 72 
22373 10 
22434 61 
22651 550 
22669 61 
22680 277 
22699 19 
22723 86 
22771 54 
22786 14 
22868 3 
22890 23 
23041 24 
23076 14 
23112 16 
23134 14 
23171 6 
23186 636 
23222 247 
23292 23 
23341 555 
23374 19 
23392 202 
23474 61 
23509 30 
23539 32 
23547 35 
23604 43 
23631 10 
23684 30 
23695 5 
23716 39 
23719 152 
23813 53 
23862 45 
23885 43 
23926 102 
23997 42 
24074 234 
24111 70 
24159 12 
24163 66 
24245 202 
24281 143 
24302 11 
24352 66 
24374 151 
24425 129 
24492 617 
24551 19 
24556 23 
24580 30 
24655 319 
24726 260 
24756 490 
24881 320 
24896 97 
24911 152 
24968 60 
24981 25 
25031 14 
25063 180 
25069 66 
25152 489 
25172 12 
25211 146 
25234 66 
25272 9 
25304 14 
25307 20 
25416 232 
25455 3912 
25524 16 
25526 35 
25529 158 
25644 30 
25670 121 
25721 14 
25891 41 
25947 44 
25953 42 
25969 28 
26025 12 
26031 105 
26072 82 
26127 160 
26130 275 
26313 11 
26392 33 
26609 110 
26620 78 
26645 58 
26654 64 
26678 52 
26738 27 
26819 33 
26835 39 
26856 233 
26877 24 
26926 57 
27201 25 
27359 10 
27370 21 
27485 19 
27554 9 
27588 713 
27631 101 
27694 189 
27755 42 
27768 67 
27995 10 
28000 14 
28115 6 
28148 127 
28224 5 
28264 23 
28371 17 
28470 111 
28485 119 
28545 9 
28587 176 
28625 10 
28637 82 
28761 44 
29039 45 
29212 13 
29309 45 
29318 20 
29594 29 
29614 42 
29681 19 
29755 118 
29830 15 
29843 305 
29858 29 
29942 116 
29988 3 
30041 84 
30150 43 
30203 14 
30300 139 
30326 37 
30371 77 
30423 108 
30509 1 
30615 64 
30631 9 
30831 23 
30966 71 
31063 1017 
31158 22 
31158 14 
31532 16 
31552 6 
31634 13 
31733 69 
31749 1626 
31824 426 
31866 68 
31887 50 
31921 6 
32248 203 
32311 0 
32339 31 
32380 130 
32386 14 
32398 7 
32420 13 
32478 222 
32480 676 
32562 135 
32580 87 
32695 57 
32856 126 
32870 24 
32908 7 
32914 203 
32936 851 
32984 844 
33080 284 
33083 28 
33230 188 
33310 30 
33671 110 
33675 52 
33693 470 
33705 38 
33722 32 
33824 29 
33944 15 
34043 18 
34067 13 
34223 126 
34750 24 
34806 2 
34912 268 
35186 7 
35448 41 
35518 32 
35541 179 
35682 273 
35770 70 
35810 177 
35977 18 
36270 26 
36274 39 
36442 27 
37042 35 
37138 344 
37255 27 
37537 67 
37928 283 
37978 84 
38297 12 
39023 108 
39281 161 
39317 17 
39321 40 
39676 60 
39713 15 
39884 51 
40029 49 
40060 0 
41054 135 
41208 952 
41409 1348 
41621 13 
41686 89 
41728 31 
41780 10 
41956 162 
41972 72 
42111 17 
42123 239 
42315 127 
42406 13 
42431 34 
42950 531 
43297 39 
43759 0 
43775 38 
43831 82 
44112 131 
44415 43 
44668 27 
44714 51 
45142 77 
46004 12 
46192 88 
46252 70 
46568 37 
46584 12 
46977 20 
47173 41 
47363 135 
47819 6 
48004 11 
48167 83 
48185 8 
48238 129 
48272 40 
48495 13 
48553 40 
48609 80 
48611 21 
48649 101 
48656 4 
49062 7 
49300 163 
49333 16 
49400 1460 
49613 53 
49665 86 
49751 15 
50271 161 
51275 39 
51307 1 
51528 73 
51578 45 
51980 292 
52115 102 
52575 51 
52870 240 
53318 9 
53385 230 
53617 47 
54018 99 
54145 726 
54278 68 
54335 755 
54885 284 
55045 56 
55227 12 
55442 71 
56507 8 
56827 146 
57733 1770 
58039 17 
59387 248 
60305 12 
65263 4 
65444 41 
65985 53 
67302 21 
67325 56 
67353 123 
67622 12 
67691 10 
67800 99 
73055 39857 
74169 39863 
74313 303 
75479 68 
76830 61 
80533 169 
83626 40 
83688 10 
84254 72 
85833 14 
87738 1237 
91478 97 
91739 80 
92632 3 
93473 268 
94393 13 
94889 6 
95656 15 
96044 8 
97616 144 
98613 12 
100509 9 
106655 14 
108947 130 
110986 2117 
111936 53 
112689 283 
113441 331 
114783 18 
114983 10 
115166 85 
115517 32 
116875 33 
117575 9 
117585 26 
117884 16 
118853 124 
119040 168 
122346 139 
123105 53 
126322 1 
128361 44 
128728 242 
133705 97 
140484 8 
141363 11 
141447 36 
142681 160 
147236 283 
171478 7 
172091 113 
174553 122 
174986 24 
179929 342 
181232 76 
181260 136 
181361 9 
195592 41 
203563 19 
214011 61 
225071 11 
225262 398 
230746 28 
253490 275 
353660 49 
360451 145 
444446 222 
530236 135 
