2778 5.9927662037
0 70705 
32 315 
43 159 
45 43 
48 66 
50 69 
54 249 
54 655 
56 195 
66 1195 
75 140 
89 30 
107 25 
116 262 
166 37 
175 107 
183 77 
192 72 
204 31 
214 67 
229 15 
232 69 
239 3533 
258 29 
275 13 
276 53 
279 57 
381 298 
722 58 
743 42 
999 172 
1592 126296 
1616 23 
1620 91 
1621 63 
1624 13 
1624 470 
1628 36 
1631 141 
1633 219 
1634 66 
1636 23 
1639 149 
1642 36 
1642 179 
1652 2524 
1653 53 
1654 111 
1655 314 
1661 144 
1664 22 
1668 141 
1668 78 
1668 84 
1680 151 
1681 125 
1686 41 
1688 175 
1688 88 
1690 150 
1701 259 
1704 53 
1705 40 
1719 13 
1723 225 
1725 121 
1738 172835 
1743 80 
1749 134 
1749 26 
1759 94 
1769 148 
1771 70 
1774 59 
1774 290 
1775 179 
1775 61 
1778 13 
1783 210 
1784 179 
1787 103 
1790 145 
1790 247 
1794 65 
1795 64 
1795 166 
1797 93 
1798 87 
1798 39 
1798 213 
1799 104 
1801 269 
1803 30 
1815 103 
1818 77 
1826 270 
1833 129 
1833 455 
1834 124 
1835 90 
1838 911 
1847 243 
1856 7 
1878 90 
1890 327 
1904 34 
1910 559 
1916 142 
1916 75 
1926 148 
1935 58 
1939 45 
1943 92 
1963 485 
1964 162 
1978 95 
1982 449 
1983 111 
2025 255 
2027 180 
2041 355 
2075 39 
2080 117 
2084 184 
2138 225 
2211 464 
2256 99 
2415 58 
4518 273637 
4537 37 
4539 70 
4539 149 
4543 218 
4543 81 
4551 130 
4555 89 
4562 146 
4564 279 
4566 147 
4566 100 
4566 241 
4568 63 
4568 223 
4568 357 
4575 78 
4577 212 
4580 218 
4593 169 
4593 105 
4594 10 
4594 186 
4595 60 
4602 656 
4614 167 
4621 228 
4621 215 
4633 39 
4636 26 
4646 148 
4668 36 
4669 196 
4692 33 
4693 68 
4708 192 
4717 108 
4720 131 
4722 218 
4743 348 
4744 200 
4817 277 
4830 44 
4847 33 
4973 8 
4983 105 
5334 39 
5904 408 
6317 357 
6699 59 
7703 143633 
7726 9 
7731 137 
7737 452 
7745 317 
7747 228 
7748 166 
7751 259 
7756 240 
7757 90 
7764 177 
7765 55 
7767 816 
7769 142 
7773 163 
7774 146 
7775 75 
7775 281 
7776 173 
7779 30 
7782 90 
7785 126 
7786 99 
7789 386 
7789 31 
7794 71 
7795 49 
7806 165 
7809 99 
7810 144 
7814 37 
7815 200 
7817 186 
7820 119 
7821 528 
7821 32 
7822 26 
7823 355 
7826 82 
7833 59 
7845 168 
7854 272 
7863 632 
7864 11 
7868 185 
7871 460 
7872 531 
7876 146 
7886 51 
7888 40 
7889 545 
7893 195 
7893 427 
7900 66 
7909 87 
7916 15 
7945 453 
7956 359 
8020 41 
8052 718 
8096 49 
8127 38 
8127 38 
8165 102 
8226 832 
8265 171 
8457 319 
8470 39 
8533 301 
8544 300 
8573 473 
8641 67 
8659 296 
8708 102 
8739 62 
8792 39 
8804 1244 
8888 261 
8903 1230 
8937 227 
8975 197 
9199 120 
9223 442 
9640 110 
9661 7 
10130 488 
10139 121 
10210 16413 
10215 73 
10234 824 
10236 170 
10247 1238 
10269 162 
10285 154 
10286 2710 
10506 167 
10540 185 
10982 373 
12181 777 
12205 823 
12790 56826 
12810 36 
12830 346 
12835 192 
12846 72 
12857 169 
12872 735 
12892 185 
12904 213 
12938 147 
12978 176734 
12980 177 
12997 522 
12998 160 
13001 173 
13009 251 
13012 53 
13013 67 
13018 210 
13021 313 
13022 120 
13025 550 
13026 24 
13026 80 
13030 1131 
13036 34 
13036 157 
13038 409 
13038 51 
13050 21 
13062 207 
13066 189 
13066 108 
13067 51 
13070 144 
13080 53 
13081 63 
13083 641 
13104 14 
13122 197 
13145 27 
13160 24 
13190 164 
13205 132 
13287 109 
13294 113 
13456 282 
13484 1024 
13538 180 
13545 40 
13668 169 
13744 141 
13912 181833 
13944 210 
13947 784 
13948 47 
13958 72 
13978 1042 
13998 306 
14001 74 
14006 266 
14025 152 
14028 51 
14031 24 
14033 211 
14083 11 
14164 161 
14851 61 
18268 37 
21870 106 
37698 122 
42001 62 
45562 82 
46588 34 
53683 228 
53704 155 
53785 47 
54139 155 
54412 266 
58850 290 
59147 741 
59841 198 
63490 56233 
63501 161 
63513 110 
63518 509 
63525 65 
63533 86 
63533 85 
63535 97 
63538 303 
63540 284 
63542 544 
63543 369 
63543 409 
63545 48 
63545 196 
63546 359 
63553 164 
63556 472 
63557 404 
63564 260 
63565 73 
63567 140 
63571 167 
63571 263 
63573 184 
63582 1644 
63603 227 
63615 99 
63619 324 
63623 300 
63639 220 
63642 1315 
63646 165 
63647 81 
63660 91 
63661 229 
63666 42 
63684 112 
63720 113 
63743 234 
63745 1551 
63810 2645 
63857 32 
63869 54 
63887 115 
63960 505 
63993 229 
64055 439 
64411 276 
64589 217 
64924 112857 
64956 1397 
64970 42 
64986 185 
64998 17 
65003 227 
65009 33 
65037 101 
65076 65 
65330 32 
65372 113471 
65430 25 
65464 51 
65504 172 
65505 64 
65535 986 
66414 51565 
66426 386 
66445 46 
66448 68 
66453 83 
66453 159 
66472 696 
66479 168 
66483 57 
66487 173 
66534 64 
66539 75 
66578 135 
66580 424 
66646 84779 
66690 431 
66711 72 
66733 964 
66744 242 
66767 179 
66768 92 
66792 31 
66810 171095 
66832 111 
66832 468 
66834 30 
66835 136 
66837 118 
66842 40 
66842 73 
66843 147 
66847 331 
66848 569 
66854 275 
66856 246 
66857 740 
66863 119 
66870 222 
66873 309 
66876 215 
66879 92 
66882 170 
66883 44 
66887 114 
66893 55 
66894 52 
66896 161 
66897 102 
66897 150 
66898 1002 
66905 34 
66908 289 
66909 96 
66909 95 
66910 98 
66911 309 
66915 90 
66918 95 
66923 129 
66927 28 
66932 39 
66934 350 
66939 114 
66940 44 
66945 383 
66951 1049 
66963 42 
66965 122 
66969 71 
66971 247 
66979 56 
66987 1232 
66988 89 
66991 51 
66995 254 
66998 279 
67004 335 
67013 591 
67020 5 
67029 38 
67047 116 
67052 104 
67052 87 
67074 323 
67079 1258 
67112 132 
67118 677 
67122 110 
67133 132 
67138 9 
67164 1320 
67165 26 
67181 53 
67195 253 
67246 37 
67371 205 
67417 52 
67490 166661 
67511 75 
67517 11 
67532 233 
67541 63 
67558 268 
67620 488 
67627 91 
67639 209 
67650 223 
67677 193 
67692 257 
67721 15 
67762 141 
67824 86 
67959 669 
67966 8 
68350 714 
68646 43 
68947 112902 
68959 428 
69099 709 
69762 182107 
69784 37 
69797 113528 
69800 297 
69803 46 
69803 110 
69803 41 
69804 50 
69812 145 
69819 334 
69825 107 
69831 115 
69831 273 
69839 345 
69865 43 
69877 157 
69878 357 
69881 91 
69902 164 
69903 107 
69927 134 
69928 7 
69950 269 
69999 89 
70085 102 
70169 120 
70273 65 
70791 56219 
70832 852 
70836 849 
70837 630 
70840 762 
70854 90 
70888 116 
70910 145474 
70912 560 
70930 557 
71019 201 
71025 56882 
71037 1748 
71044 56 
71062 262 
71074 901 
71113 209 
71196 94 
71362 15 
71396 580 
71563 112928 
71583 43 
71601 164 
71620 48 
71652 646 
71696 156 
71725 130 
71734 160 
71745 162 
71757 122 
71780 47 
72621 58 
72636 37104 
72664 129 
72664 244 
72669 152 
72670 258 
72675 142 
72676 236 
72698 493 
72698 443 
72709 90 
72711 94 
72728 199 
72746 64 
72827 327 
72909 164 
73023 105 
73037 145 
73065 1013 
73535 173254 
73546 7 
73564 139 
73566 199 
73568 179 
73568 82 
73570 128 
73570 530 
73571 235 
73572 67 
73576 192 
73584 89 
73584 63 
73585 108 
73585 109 
73586 40 
73592 165 
73595 16 
73601 56 
73602 65 
73605 139 
73606 32 
73607 150 
73609 117 
73610 782 
73613 228 
73614 72 
73615 55 
73620 142 
73625 544 
73627 215 
73634 182117 
73639 704 
73642 59 
73645 12 
73645 32 
73648 36 
73653 56 
73661 230 
73683 101 
73694 29 
73699 335 
73703 140 
73708 66 
73710 140 
73710 65 
73716 26 
73719 43 
73725 121 
73726 232 
73730 36 
73743 188 
73756 1380 
73767 81 
73770 49 
73773 352 
73789 814 
73808 349 
73813 37 
73879 257 
73895 230 
73926 195 
74037 62 
74071 28 
74136 82 
74186 75 
74192 318 
74241 38 
74281 31 
74333 166743 
74356 36 
74397 97 
74422 202 
74468 948 
74490 6 
74510 38 
74521 275 
74525 672 
74528 232 
74643 228 
74723 84877 
74759 41 
74759 828 
74762 226 
74762 106 
74763 232 
74803 416 
74831 124 
74834 90 
74865 34 
74951 307 
74972 129478 
74986 618 
74989 245 
74994 619 
74996 106 
74998 15 
74998 64 
75001 211 
75004 297 
75004 91 
75007 132 
75016 139 
75017 532 
75021 48 
75033 689 
75033 95 
75039 132 
75039 228 
75045 180 
75046 315 
75050 79 
75053 83 
75060 14 
75067 376 
75069 196 
75072 307 
75083 159 
75084 73 
75087 612 
75090 68 
75093 100 
75104 86 
75104 549 
75105 153 
75108 84 
75110 88 
75114 137 
75123 108 
75127 721 
75145 84 
75146 151 
75183 651 
75187 116 
75195 139 
75202 96 
75206 29 
75221 46 
75240 342 
75271 84 
75273 315 
75321 520 
75330 54 
75408 46 
75454 299 
75476 116 
75615 265 
75624 11 
75813 8 
75974 539 
76052 134 
76114 104 
76611 93603 
76629 198 
76650 29 
76652 308 
76655 53 
76666 138 
76667 123 
76668 168 
76668 322 
76670 796 
76672 256 
76680 82 
76681 1044 
76685 178 
76687 128 
76692 1066 
76693 111 
76695 43 
76698 78 
76705 63 
76707 390 
76709 3120 
76711 77 
76713 57 
76715 1043 
76729 124 
76743 117 
76744 15 
76744 78 
76746 550 
76752 24 
76764 231 
76771 79 
76777 273 
76781 129 
76802 2428 
76862 59 
76864 88 
76878 83 
76897 83 
76900 313 
76923 277 
77030 174 
77137 1828 
77158 314 
77181 274417 
77196 79 
77212 117 
77212 210 
77217 713 
77221 73 
77222 241 
77223 37 
77231 419 
77232 241 
77235 666 
77240 121 
77243 211 
77244 271 
77248 229 
77251 61 
77252 220 
77253 53 
77261 225 
77262 26 
77270 69 
77301 56 
77309 164 
77312 308 
77323 248 
77364 111 
77375 45 
77391 919 
77424 391 
77425 788 
77432 164 
77446 195 
77590 95 
77694 39 
77791 218 
77864 110 
77936 16 
78158 264 
78225 70 
79314 53893 
79336 86 
79348 153 
79354 41 
79425 855 
79477 3534 
93127 564 
93171 102 
93212 224 
93281 33 
93287 247 
93314 148 
93475 13 
93538 56271 
93551 327 
93553 281 
93554 1535 
93557 201 
93568 337 
93571 526 
93571 358 
93575 89 
93586 603 
93587 77 
93588 746 
93590 1127 
93593 508 
93595 189 
93596 793 
93607 170 
93607 306 
93607 152 
93611 262 
93612 105 
93622 14 
93623 211 
93630 65 
93632 279 
93633 413 
93635 259 
93649 240 
93650 146 
93655 110 
93660 76 
93666 164 
93666 394 
93668 213 
93671 102 
93683 168 
93684 189 
93747 90 
93747 97 
93754 176 
93769 18778 
93777 107 
93784 101 
93786 52 
93789 193 
93791 148 
93795 212 
93865 37 
93865 268 
93893 59 
93904 202 
93924 16 
93940 285 
93942 169 
93962 718 
93978 1145 
94006 56 
94024 253 
94025 136 
94034 413 
94043 130632 
94044 254 
94045 204 
94059 74 
94065 250 
94080 3066 
94082 182 
94090 34 
94092 219 
94094 321 
94150 46 
94151 179 
94155 548 
94157 92 
94159 124 
94164 35 
94170 23 
94187 117 
94192 1829 
94208 195 
94230 52 
94235 262 
94240 2776 
94246 70 
94296 156 
94390 79 
94487 384 
94498 54 
94534 403 
94574 169 
94685 240 
94799 108 
94802 79 
94951 35 
95070 104 
95210 261 
95246 50 
95273 97 
95501 166 
95502 246 
95529 129 
95668 122 
95898 62 
96136 274755 
96209 45 
96211 521 
96218 20 
96225 3 
96228 281 
96238 260 
96241 70 
96242 83 
96253 1935 
96263 229 
96263 103162 
96270 279879 
96277 327 
96280 53 
96281 92 
96288 77 
96292 364 
96292 205 
96296 116 
96296 2027 
96296 39 
96297 41 
96297 111 
96297 27 
96301 222 
96302 255 
96305 103 
96306 22 
96308 223 
96308 237 
96311 407 
96311 169 
96311 113 
96312 103 
96313 83 
96313 126 
96315 85 
96317 139 
96317 94 
96318 77 
96318 602 
96328 35 
96328 96 
96331 183 
96332 264 
96335 498 
96336 117 
96337 405 
96338 168 
96338 477 
96340 121 
96341 140 
96343 202 
96344 299 
96351 116 
96353 33 
96354 259 
96355 414 
96358 481 
96360 119 
96360 48 
96371 209 
96376 69 
96377 1055 
96384 553 
96387 139 
96389 120 
96389 59 
96393 310 
96395 38 
96396 334 
96401 291 
96405 35 
96406 5366 
96408 54263 
96423 206 
96434 70 
96438 164 
96439 84 
96451 485 
96453 171 
96454 109 
96456 81 
96475 175139 
96487 264 
96487 162 
96494 879 
96498 18 
96499 336 
96512 80 
96514 78 
96521 135 
96522 568 
96526 246 
96528 81 
96532 74 
96534 308 
96538 426 
96546 42 
96558 83 
96559 97 
96570 59 
96602 150 
96607 1201 
96609 74 
96611 124 
96628 88 
96633 29 
96650 396 
96657 121 
96658 111 
96689 344 
96708 36 
96718 50 
96735 100 
96746 235 
96808 1310 
96812 185 
96955 222 
96969 255 
96995 2752 
97101 113158 
97130 589 
97132 17 
97136 324 
97148 99 
97161 59 
97173 315 
97179 34 
97190 172 
97192 65 
97205 321 
97246 84 
97340 448 
97378 61 
97379 65 
97527 122 
97608 491 
98089 1104 
98097 20 
98112 80 
98190 82 
99171 79 
99203 113220 
99232 99 
99252 726 
99254 234 
99257 134 
99301 1316 
99357 6 
100601 153 
100658 14 
100712 35 
100861 171 
100992 272 
103847 160 
103959 159 
120284 76 
127481 361 
129187 52 
131395 375 
131775 27 
134549 178 
134640 110 
136625 2883 
136666 118 
136744 530 
137192 50 
137696 347 
139552 172 
140814 189 
142785 202 
143917 48 
143917 48 
144703 282 
144730 50 
144737 404 
148080 157 
148402 154 
149589 64 
149730 450 
150481 69339 
150499 121 
150504 87 
150507 448 
150511 137 
150511 108 
150512 198 
150513 71 
150522 60 
150525 53 
150526 146 
150526 80 
150528 34712 
150528 158 
150529 227 
150529 106 
150532 132 
150538 86 
150539 263 
150539 122 
150542 626 
150543 149 
150544 28 
150556 295 
150558 239 
150561 451 
150577 25 
150589 369 
150597 31 
150598 607 
150599 82 
150599 163 
150600 50 
150620 81 
150625 88 
150630 418 
150633 236 
150638 231 
150643 219 
150659 41836 
150672 83 
150675 39 
150683 25 
150701 97 
150718 80 
150722 322 
150725 26 
150750 77 
150761 325 
150763 357 
150768 427 
150800 56333 
150804 339 
150815 280 
150819 216 
150828 190 
150838 125 
150840 506 
150840 9 
150841 460 
150848 346 
150859 65 
150866 92 
150870 246 
150874 71 
150878 176 
150878 91 
150879 45 
150880 782 
150882 26 
150886 96 
150892 199 
150902 418 
150907 59 
150910 325 
150914 85 
150916 134 
150918 199 
150928 264 
150938 273 
150961 161 
151013 119 
151015 85 
151029 342 
151073 510 
151099 50 
151304 130060 
151324 63 
151330 250 
151330 396 
151331 77 
151335 90 
151338 34 
151342 83 
151343 76 
151344 587 
151346 174 
151349 48 
151352 36 
151353 1179 
151356 13 
151356 135 
151357 52 
151358 22 
151359 334 
151364 43 
151364 87 
151364 106 
151367 100 
151369 185 
151371 88 
151373 362 
151374 71 
151375 42 
151377 478 
151379 33 
151382 63 
151388 184 
151390 99 
151390 84 
151393 101 
151393 8 
151396 275 
151398 47 
151398 39 
151401 114 
151402 103 
151402 14 
151409 109 
151414 197 
151415 115 
151425 128 
151438 94 
151439 7 
151447 22 
151456 141 
151460 78 
151467 19 
151468 86 
151468 18 
151480 67 
151488 39 
151489 33 
151494 87 
151555 351 
151579 58 
151584 151 
151597 87 
151600 434 
151755 19 
151779 19 
151785 18 
151915 226 
151935 25 
152045 119 
152064 81 
152130 265 
152172 113730 
152198 62 
152216 284 
152217 17 
152239 83 
152321 70 
152324 75071 
152356 337 
152370 119 
152375 36 
152422 76 
152445 69344 
152472 236 
152493 313 
152500 242 
152522 107 
152584 1148 
152607 93 
152756 246 
152879 27 
153461 84784 
153486 169 
153490 897 
153519 15 
153519 359 
153525 63 
153535 83 
153537 356 
153560 1602 
153572 49 
153582 127 
153591 101 
153595 1542 
153636 1258 
153651 189 
153765 75 
153796 165 
154260 179331 
154277 250 
154284 577 
154302 55 
154307 174 
154307 44 
154312 441 
154317 253 
154319 213 
154336 281 
154340 231 
154341 70 
154351 54 
154361 41 
154364 107 
154369 81 
154376 87 
154411 230 
154422 220 
154515 16 
154526 40 
154542 7 
154619 444 
154628 860 
155520 85103 
155535 19 
155554 715 
155568 94 
155577 118 
155578 105 
155579 101 
155582 132 
155583 147 
155587 58 
155606 176 
155607 191 
155620 58 
155622 461 
155654 237 
155663 139 
155668 105 
155673 490 
155853 1042 
156622 153 
156858 42013 
156915 421 
156942 185 
156979 67 
156979 65 
156982 117 
157020 88 
157295 144729 
157313 358 
157319 26 
157327 85 
157330 179 
157334 198 
157345 151 
157362 209 
157365 146 
157366 87 
157378 93 
157385 417 
157388 258 
157396 255 
157398 110 
157406 58 
157408 174 
157412 75 
157414 215 
157455 62 
157459 661 
157471 17 
157489 181 
157498 97 
157515 32 
157535 189 
157541 58 
157584 53 
157632 171 
157733 47 
158098 94407 
158124 85 
158129 140 
158143 43 
158147 341 
158148 56 
158150 346 
158155 92 
158156 44 
158162 44 
158166 103 
158176 84 
158178 97 
158180 821 
158187 183 
158194 140 
158200 55 
158203 210 
158213 95 
158220 126 
158232 31 
158247 69 
158258 124 
158259 50 
158268 340 
158270 156 
158295 66 
158381 68 
158395 26 
158418 4 
158451 319 
158568 61121 
158600 77 
158604 112 
158621 202 
158630 212 
158632 359 
158633 328 
158635 28 
158642 207 
158649 96 
158652 177 
158654 429 
158657 111 
158657 29 
158662 57 
158805 162 
158850 213 
158900 80265 
158912 679 
158915 11 
158923 77 
158946 92 
158952 544 
158959 1131 
158968 214 
158996 95 
159008 111 
159084 1527 
159102 3062 
159111 145 
159204 73 
159227 116 
159435 230 
159523 144 
159652 47409 
159704 69884 
159705 367 
159731 39 
159754 215 
159755 299 
159763 76 
159770 188 
159772 115 
159809 90 
159816 247 
159851 19 
159876 269 
159894 166880 
159927 262 
159930 217 
159936 128 
159945 12 
159957 113 
159957 90898 
159967 277 
159970 107 
159978 69 
159980 131 
159984 90 
159996 267 
159998 662 
160001 31 
160004 104 
160004 57 
160014 174 
160017 67 
160019 113 
160023 85 
160026 244 
160035 93 
160036 109 
160048 49 
160051 131 
160069 193 
160083 90 
160097 75081 
160101 59 
160112 85 
160139 614 
160143 144 
160148 65 
160163 166 
160192 95 
160193 47 
160199 445 
160236 41 
160258 274 
160408 48 
160568 61 
160602 269 
160617 36 
160661 54 
160694 30 
160756 118 
160759 48 
160777 136 
160923 147 
161032 27344 
161054 249 
161094 41 
161339 37337 
161380 56 
161385 143 
161403 130 
161408 36 
161428 814 
161450 189 
161533 11102 
161857 258366 
161877 143617 
161886 88 
161889 391 
161892 24841 
161893 77 
161894 1287 
161898 75 
161902 618 
161906 280 
161910 254 
161911 355 
161914 43 
161914 64 
161916 104 
161916 1 
161916 88 
161917 87 
161917 276 
161923 219 
161924 2106 
161929 148 
161930 60 
161932 130 
161932 195 
161933 37 
161935 78 
161938 42 
161939 53 
161940 73 
161942 113 
161944 1795 
161948 307 
161948 86 
161950 123 
161951 217 
161953 161 
161954 14 
161963 189 
161964 212 
161965 147 
161966 84 
161968 179 
161972 504 
161978 73 
161982 56 
161982 75 
161983 226 
161986 112 
161992 43 
161994 34 
161995 304 
161998 246 
161999 32 
162002 39 
162004 260 
162006 18 
162007 431 
162022 72 
162026 134 
162032 350 
162045 188 
162050 189 
162055 125 
162061 14 
162063 43 
162067 208 
162073 199 
162088 133 
162090 18 
162096 83 
162104 70 
162106 373 
162147 101 
162149 38 
162150 1742 
162174 376 
162196 89 
162201 32 
162214 126 
162217 157 
162246 44 
162325 243 
162375 438 
162424 52 
162443 375 
162458 40 
162475 19 
162524 1002 
162550 108 
162559 563 
162566 196 
162574 75235 
162599 88 
162603 130 
162607 35 
162611 346 
162612 52 
162613 155 
162619 72 
162620 746 
162631 207 
162646 514 
162658 72 
162695 667 
162708 142 
162713 288 
162744 2625 
162748 232 
162752 51 
162819 243 
162833 708 
162849 113895 
162870 221 
162883 35 
162921 313 
162942 108 
162947 95 
163026 33 
163112 708 
163151 341 
163179 245 
163320 73 
163400 85066 
163420 85216 
163426 442 
163430 620 
163437 488 
163445 88 
163445 115 
163447 268 
163448 119 
163449 321 
163462 185 
163469 76 
163472 268 
163473 291 
163474 210 
163477 122 
163481 857 
163489 79 
163499 148 
163501 112 
163514 50 
163539 25 
163540 628 
163546 50 
163551 135 
163554 258 
163560 110 
163656 1201 
163824 130644 
163849 250 
163851 43 
163852 51 
163855 4 
163859 30 
163865 148 
163872 65 
163874 16 
163880 85 
163886 99 
163897 14 
163900 33 
163903 217 
163916 21 
163917 376 
163919 37 
163922 571 
163927 41 
163929 19 
163994 27 
164020 160 
164039 132 
164086 102 
164095 59 
164098 56316 
164101 248 
164125 161 
164130 578 
164131 236 
164135 254 
164138 394 
164138 603 
164140 191 
164142 251 
164143 322 
164148 434 
164151 344 
164157 78 
164161 575 
164163 638 
164175 129 
164177 773 
164189 1003 
164193 1240 
164194 152 
164196 292 
164208 911 
164233 25 
164239 468 
164283 13 
164288 273 
164301 66 
164307 1191 
164340 369 
164341 204 
164357 597 
164359 711 
164365 1144 
164367 12 
164380 115 
164411 39 
164445 207 
165142 166981 
165172 437 
165173 181 
165181 131 
165184 381 
165186 172 
165194 38 
165201 53 
165204 180 
165207 110 
165218 388 
165258 246 
165267 37 
165306 353 
165511 1782 
165554 259 
165656 772 
165768 54 
165973 365 
166120 65 
166202 311 
166497 16 
166781 47 
166822 81 
167000 28 
167203 316304 
167222 75 
167223 166 
167225 104 
167227 520 
167229 73 
167231 461 
167235 422 
167237 360 
167239 85 
167239 666 
167247 80 
167252 355 
167262 186 
167271 433 
167275 226 
167276 27 
167282 108 
167283 166 
167287 235 
167289 38 
167295 32 
167301 82 
167309 83 
167311 284 
167313 40 
167317 113 
167332 149 
167335 7 
167340 405 
167370 122 
167373 45 
167385 260 
167407 133 
167412 89 
167488 151 
167494 211 
168088 47 
168256 179 
168275 308 
168381 19 
168508 505 
169625 313 
169798 314 
169968 263 
170583 105 
171036 513 
171041 74 
171091 80 
171142 101 
171324 155 
171325 469 
171365 548 
171385 2156 
171419 131 
171476 1600 
171490 386 
171499 18 
171548 323 
171592 562 
171781 9 
171834 285 
171846 142 
171873 99 
172162 57 
172338 50 
172353 991 
173611 30437 
173633 244 
173653 363 
173688 84 
173737 65 
173761 7 
174939 776 
177673 1933 
178466 441 
178469 161 
178482 207 
178491 142 
178499 101 
178500 105 
178500 584 
178501 139 
178502 27 
178516 121 
178521 361 
178522 36 
178524 41 
178525 40 
178528 96 
178533 350 
178536 55 
178538 71 
178540 36 
178541 193 
178541 56 
178546 56 
178550 166 
178553 43 
178555 67 
178557 262 
178557 349 
178563 97 
178566 273 
178567 1855 
178568 246 
178569 25 
178574 302 
178576 515 
178578 153 
178588 57373 
178589 20 
178591 9 
178592 143 
178594 149 
178594 270 
178596 27 
178602 133 
178608 39 
178610 139 
178612 351 
178616 56 
178617 84 
178626 71 
178626 214 
178632 10 
178632 49 
178636 18 
178640 262 
178642 55 
178656 92 
178659 120 
178661 74 
178664 22 
178669 264 
178677 125 
178679 67 
178680 200 
178684 11 
178684 86 
178690 76 
178699 905 
178701 774 
178710 153 
178712 85 
178723 211 
178727 161 
178729 308 
178729 26 
178731 21 
178734 350 
178739 297 
178767 111 
178792 194 
178803 37 
178812 24 
178843 83 
178890 184 
178916 112 
178945 224 
178993 28 
179007 71 
179046 128 
179077 177356 
179088 192 
179088 99 
179098 3532 
179100 11 
179100 58 
179102 355 
179103 12 
179109 404 
179115 48 
179119 23 
179119 130 
179119 401 
179120 423 
179121 455 
179121 80 
179124 19 
179129 171 
179131 319 
179139 106 
179150 54 
179151 41 
179153 58 
179153 374 
179159 354 
179162 257 
179163 30 
179165 276 
179172 53 
179186 74 
179189 18 
179189 464 
179192 85 
179197 127 
179199 56 
179207 448370 
179209 242 
179217 108 
179224 90 
179228 176 
179232 137 
179234 80 
179236 171 
179237 22 
179240 220 
179241 169 
179242 200 
179245 74 
179245 47 
179245 81 
179249 76 
179249 128 
179249 120 
179251 12 
179251 87 
179252 519 
179254 327 
179257 155 
179258 87 
179260 23 
179260 256 
179260 336 
179261 159 
179261 61 
179261 354 
179262 3 
179264 82 
179264 85 
179264 55 
179269 61 
179271 25 
179271 109 
179272 408 
179272 346 
179273 111 
179274 125 
179276 41 
179277 106 
179278 118 
179278 70 
179279 300 
179283 173 
179284 66 
179285 332 
179286 118 
179286 38 
179287 156 
179288 155 
179292 467 
179293 312 
179294 1075 
179295 146 
179298 112 
179299 346 
179299 236 
179299 69 
179305 58 
179309 125 
179311 501 
179312 87 
179313 116 
179317 29 
179318 255 
179318 261 
179318 120 
179320 134 
179322 176 
179324 192 
179326 54 
179327 325 
179327 317 
179329 45 
179334 268 
179335 1267 
179336 7336 
179337 1116 
179337 80 
179339 115 
179342 141 
179344 124 
179346 71 
179346 25 
179346 62 
179347 72 
179351 182 
179355 194 
179358 545 
179359 37 
179365 62 
179376 35 
179379 46 
179379 42 
179383 1933 
179385 64 
179386 98 
179387 337 
179393 77 
179394 265 
179396 207 
179397 268 
179400 110 
179402 69 
179403 103 
179414 373 
179420 176 
179426 410 
179429 669 
179430 52 
179435 64 
179436 39 
179438 164 
179438 41 
179439 269 
179442 659 
179444 111 
179451 376 
179460 25 
179462 213 
179464 107 
179464 281 
179466 67 
179470 189 
179473 133 
179476 154 
179476 28 
179478 195 
179481 52 
179485 62 
179486 251 
179488 137 
179490 889 
179491 160 
179491 298 
179495 426 
179500 80 
179510 220 
179516 185 
179520 78 
179523 30 
179528 59 
179534 457 
179534 73 
179542 320 
179546 115 
179553 77 
179562 304 
179575 241 
179580 139 
179581 217 
179585 123 
179602 196 
179607 365 
179618 76 
179622 67 
179622 99 
179624 99 
179638 224 
179659 133 
179674 141 
179676 151 
179685 143 
179691 196 
179714 50 
179754 329 
179754 117 
179769 13 
179770 189 
179835 9 
179843 86 
179844 159 
179860 279 
179866 101 
179907 167 
179942 419 
179973 42 
179975 714 
179978 116 
179985 88 
180015 23 
180028 183133 
180049 25 
180057 150 
180061 98 
180067 231 
180067 860 
180072 64 
180074 106 
180083 178 
180084 43 
180103 85 
180103 412 
180103 64 
180106 75 
180168 317 
180169 35 
180172 15 
180173 389 
180174 110 
180182 451 
180193 284 
180210 94 
180218 78 
180220 407 
180225 57 
180229 272 
180230 208 
180231 441 
180232 86 
180246 128 
180250 208 
180254 28 
180255 1243 
180274 56 
180277 104 
180284 178 
180294 1035 
180297 421 
180325 818 
180348 336 
180366 198 
180375 73 
180391 26 
180399 212 
180406 16 
180421 167 
180498 528 
180517 105 
180713 104 
180857 951 
180926 96 
181180 27 
181536 38 
181636 396 
181649 403 
181821 286 
181873 69926 
181887 253 
181894 858 
181908 502 
181910 304 
181921 391 
181924 154 
181925 502 
181930 399 
181946 2528 
181960 17 
181975 76 
181977 274 
181984 209 
181986 243 
181993 77 
181994 302 
182040 236 
182053 155 
182066 758 
182081 112 
182083 146 
182091 464 
182153 134 
182165 71 
182185 19 
182294 342 
182348 283 
182556 526 
182636 278 
182651 15 
183230 530 
183391 124 
183624 113673 
183647 259 
183651 543 
183659 44 
183659 55 
183662 27 
183671 216 
183675 43 
183676 80 
183691 168 
183717 465 
183719 60 
183729 888 
183733 95 
183735 159 
183737 32 
183739 134 
183832 812 
183841 89 
183877 212 
183906 84 
183950 85807 
183972 722 
183974 13 
183980 75 
183990 59 
183991 179 
183993 227 
183993 91 
183996 146 
184003 1655 
184007 193 
184016 257 
184024 166 
184028 134 
184034 100 
184036 61 
184043 49 
184045 91 
184049 212 
184076 90 
184077 130 
184096 273 
184102 57 
184122 4076 
184123 27 
184148 2165 
184495 85095 
184544 352 
184593 70054 
184611 715 
184642 346406 
184648 266 
184652 135 
184660 219 
184664 173 
184668 225 
184669 212 
184672 225 
184675 115 
184676 50 
184677 100 
184681 245 
184683 577 
184684 45 
184685 20 
184689 94 
184689 6 
184692 106 
184694 148 
184695 350 
184696 211 
184697 634 
184701 111 
184702 68 
184703 97 
184705 69 
184706 52 
184706 293 
184707 91 
184708 900 
184712 81 
184712 256 
184713 77 
184714 79 
184715 147 
184718 141 
184723 152 
184724 271 
184724 36 
184725 1245 
184725 184 
184726 377 
184726 92 
184727 136 
184728 464 
184728 203 
184728 196 
184729 157 
184731 36 
184732 197 
184732 76 
184736 98 
184737 191 
184738 121 
184740 63 
184742 265 
184750 41 
184754 251 
184754 27 
184756 396 
184763 127 
184768 71 
184768 1076 
184773 33 
184773 101 
184773 251 
184781 154 
184785 512 
184794 43 
184797 170 
184800 43 
184810 76 
184817 193 
184819 187 
184834 46 
184837 923 
184848 346 
184860 72 
184874 924 
184887 122 
184974 862 
185003 271 
185028 102 
185046 127 
185048 35 
185054 13 
185065 56311 
185084 642 
185091 213 
185099 407 
185099 127 
185102 605 
185106 995 
185116 277 
185126 233 
185159 106 
185179 243 
185199 37 
185218 221 
185223 222 
185225 168 
185241 160 
185269 46 
185315 427 
185335 127 
185339 120 
185356 1909 
185486 118 
185491 128 
185665 77 
185745 88 
185782 90 
185862 129 
186230 34 
186615 15 
186643 389 
186646 276017 
186674 40 
186675 1661 
186676 496 
186678 123 
186686 464 
186687 127 
186688 99 
186691 416 
186696 91 
186699 25 
186700 263 
186705 43 
186706 408 
186706 215 
186710 390 
186715 126 
186715 618 
186725 203 
186725 661 
186727 107 
186729 118 
186733 215 
186734 223 
186736 304 
186738 81 
186739 58 
186741 206 
186742 29 
186744 121 
186747 677 
186748 58 
186752 80 
186760 82 
186762 79 
186765 98 
186768 170 
186792 126 
186792 476 
186794 411 
186795 59 
186796 123 
186811 248 
186826 54 
186838 87 
186868 123 
186875 373 
186875 105 
186886 87 
186893 152 
186925 27 
187045 33 
187057 160 
187095 29 
187164 31 
187311 88 
187328 43 
187370 106 
187676 158 
187953 292 
188318 86 
188823 63 
188911 158 
188923 94 
189127 304 
189371 7 
190146 145345 
190162 1259 
190166 1330 
190183 437 
190193 76 
190194 392 
190201 200 
190202 739 
190206 118 
190211 176 
190212 534 
190218 140 
190221 150 
190223 397 
190225 140 
190226 720 
190230 27 
190240 1590 
190242 109 
190245 190 
190247 369 
190257 17 
190259 59 
190268 87 
190269 31 
190270 200 
190271 269 
190281 228 
190284 582 
190314 153 
190314 861 
190333 166 
190334 26 
190340 68 
190347 61 
190379 159 
190380 75 
190385 10 
190413 267 
190414 117 
190418 384 
190420 479 
190426 185 
190463 181 
190487 23 
190497 142 
190512 147 
190528 93 
190540 54 
191010 113 
191165 17 
191481 69 
191625 123 
192634 387 
194125 732 
194414 173 
194555 253 
203384 314 
213845 604 
213979 41 
217606 26 
218788 172 
222798 835 
223055 724 
226665 235 
229231 187 
230297 242 
230523 352 
230587 246 
230782 172 
232343 446 
232446 212 
232884 52 
233412 314 
233471 124 
233526 21 
233565 198 
235330 122 
236970 430 
237038 27 
237179 51 
238977 109130 
238995 350 
239002 1327 
239005 1187 
239018 71 
239048 187 
239055 77 
239066 248 
239067 124 
239075 16 
239094 516 
239098 70 
239101 121 
239125 28 
239129 182 
239153 183 
239218 95 
239311 25 
239446 92 
239611 181 
239752 320 
239820 160 
239827 176 
239939 326 
240631 96215 
240647 378 
240658 104834 
240663 64 
240664 67 
240665 63 
240670 247 
240676 139 
240678 31 
240682 43 
240682 295 
240693 352 
240697 200 
240697 185 
240703 224 
240704 955 
240705 133 
240706 445 
240730 35 
240731 308 
240734 41 
240738 141 
240746 127 
240754 192 
240757 118 
240764 10 
240765 98 
240770 28 
240771 154 
240772 18 
240777 62 
240780 92 
240783 128 
240784 73 
240800 47 
240801 246 
240808 22 
240811 46 
240816 52 
240827 13 
240830 148 
240836 47 
240862 155 
240872 128 
240882 223 
240893 115 
240946 470 
240977 290 
241000 334 
241047 234 
241059 25 
241072 8 
241137 482 
241192 20 
241291 36 
241563 192 
241604 132 
245509 457 
247759 77 
248907 383 
249062 73 
249149 209 
251125 232 
251185 426 
251470 191 
251600 240 
252442 83 
252840 319 
254518 285 
254859 39 
256913 48 
259750 93 
263924 33 
265355 304 
265423 239 
265583 554 
265624 242 
265711 199 
265719 56 
265728 487 
265749 315 
265779 137 
265792 55 
265812 53 
265818 79 
266042 70932 
266071 149 
266079 591 
266080 346 
266095 35 
266096 57 
266100 220 
266112 72 
266113 60 
266113 67 
266116 1586 
266136 200 
266139 237 
266148 24 
266154 78 
266155 299 
266159 27 
266160 49 
266167 86 
266198 115 
266233 105 
266242 23 
266243 31 
266244 164 
266274 151 
266281 6 
266291 47 
266311 189 
266313 143 
266331 137 
266393 102 
266529 70 
266888 48 
267539 64 
268761 299 
268991 408 
269109 269 
269124 141 
269187 36 
269215 100 
269300 335 
273460 179 
274489 339 
288539 842 
308683 43 
309285 3 
309326 69 
312595 776 
313275 114 
314473 703 
325344 132 
330824 169 
339248 141 
348841 136 
351920 180 
352244 47 
355804 181 
358998 94 
390471 55 
400301 295 
402570 132 
412191 559 
412231 653 
413943 129 
428667 498 
431096 138 
436823 550 
481643 2420 
487831 66 
488305 2090 
500054 155 
512160 119 
588265 52 
589710 114 
593553 116 
593904 245 
