3107 1.09226851852
0 1462 
45 286 
56 49 
101 84 
1047 62 
1424 173 
4331 65 
5998 1110492 
6013 113 
6013 414 
6014 84 
6015 248 
6018 150 
6018 384 
6018 472 
6020 189 
6020 53 
6021 84 
6022 121 
6022 32 
6022 170 
6024 72 
6025 114 
6026 45 
6027 130 
6028 464 
6028 145 
6029 72 
6029 177 
6029 214 
6030 167 
6031 344 
6031 60 
6031 155 
6033 252 
6033 197 
6033 199 
6034 48 
6034 82 
6034 214 
6034 1099 
6034 234 
6035 16 
6035 72 
6035 40 
6036 611 
6036 145 
6036 44 
6036 126 
6036 124 
6037 197 
6037 135 
6038 252 
6038 273 
6038 312 
6039 122 
6039 268 
6040 2592 
6040 142 
6040 52 
6040 37 
6040 754 
6041 39 
6041 446 
6042 206 
6042 130 
6043 258 
6043 66 
6043 235 
6043 175 
6043 61 
6044 157 
6044 48 
6045 37 
6045 2229 
6045 203 
6046 76 
6046 136 
6046 94 
6046 114 
6047 346 
6048 576 
6049 312 
6049 87 
6049 121 
6049 104 
6049 240 
6049 427 
6049 31 
6050 169 
6050 107 
6050 231 
6051 656 
6051 242 
6052 122 
6052 8 
6053 168 
6053 349 
6054 399 
6054 190 
6055 87 
6055 154 
6056 268 
6056 109 
6056 262 
6056 422 
6057 168 
6057 512 
6057 156 
6057 53 
6057 136 
6058 106 
6058 165 
6058 118 
6058 45 
6059 605 
6059 94 
6059 1223 
6059 75 
6059 133 
6059 144 
6059 167 
6060 417 
6060 206 
6060 104 
6060 162 
6062 305 
6062 26 
6062 179 
6063 91 
6063 79 
6063 120 
6063 142 
6063 47 
6064 343 
6064 83 
6064 213 
6065 236 
6065 174 
6065 268 
6066 157 
6066 414 
6067 97 
6070 35 
6070 141 
6071 17 
6071 36 
6072 373 
6072 417 
6072 22 
6072 175 
6072 39 
6073 23 
6073 12 
6073 143 
6073 103 
6073 266 
6074 113 
6074 346 
6074 142 
6074 13 
6075 138 
6076 188 
6076 136 
6076 213 
6076 125 
6077 147 
6077 220 
6077 63 
6077 255 
6078 82 
6078 223 
6079 37 
6079 174 
6079 104 
6079 44 
6080 196 
6081 267 
6081 378 
6081 522 
6082 146 
6082 405 
6082 40 
6082 11 
6082 3 
6082 51 
6083 567 
6083 91 
6085 148 
6085 255 
6085 64 
6086 58 
6086 28 
6086 134 
6087 216 
6087 14 
6087 227 
6088 310 
6088 331 
6089 84 
6089 137 
6089 401 
6089 36 
6090 152 
6090 238 
6090 81 
6090 301 
6090 112 
6091 415 
6091 104 
6091 237 
6092 49 
6092 660 
6092 252 
6092 388 
6092 19 
6093 39 
6093 507 
6093 249 
6094 1242 
6094 152 
6094 463 
6094 120 
6095 67 
6095 342 
6095 713 
6096 329 
6096 34 
6097 339 
6098 45 
6098 12 
6099 424 
6099 393 
6099 1095 
6100 73 
6101 266 
6102 79 
6102 248 
6102 114 
6104 108 
6105 53 
6106 560 
6106 196 
6106 167 
6106 134 
6107 88 
6107 14 
6108 304 
6108 161 
6109 80 
6109 2 
6109 181 
6109 232 
6109 156 
6110 39 
6111 54 
6111 510 
6111 55 
6111 172 
6111 142 
6112 142 
6113 94 
6113 99 
6115 395 
6115 398 
6115 98 
6115 114 
6116 639 
6116 39 
6117 257 
6117 67 
6117 676 
6118 338 
6120 27 
6121 784 
6121 1169 
6122 401 
6123 45 
6123 117 
6123 189 
6124 125 
6125 213 
6125 592 
6125 115 
6125 139 
6126 95 
6126 352 
6126 139 
6126 371 
6127 176 
6127 90 
6127 38 
6128 311 
6128 69 
6128 66 
6129 26 
6130 648 
6130 79 
6130 105 
6131 114 
6131 242 
6131 176 
6131 167 
6132 21 
6132 558 
6132 95 
6133 445 
6133 186 
6134 261 
6134 123 
6135 416 
6136 400 
6137 164 
6137 67 
6139 74 
6140 79 
6140 176 
6140 70 
6140 294 
6141 265 
6141 153 
6142 351 
6143 51 
6143 31 
6143 185 
6143 1314 
6144 52 
6144 169 
6144 114 
6146 149 
6146 5318 
6147 121 
6148 112 
6148 584 
6149 132 
6150 120 
6150 41 
6151 160 
6152 76 
6153 1198 
6154 153 
6154 157 
6156 142 
6156 324 
6156 52 
6157 129 
6158 81 
6159 192 
6160 35 
6161 26 
6162 36 
6162 20 
6162 23 
6162 169 
6163 380 
6163 151 
6163 232 
6164 1052 
6166 159 
6168 129 
6169 167 
6169 78 
6169 400 
6171 89 
6171 109 
6171 26 
6175 292 
6177 70 
6177 292 
6178 30 
6178 68 
6178 59 
6178 135 
6180 80 
6180 17 
6181 117 
6181 67 
6181 39 
6183 19 
6183 52 
6184 96 
6185 822 
6186 173 
6186 82 
6186 34 
6187 134 
6187 119 
6187 59 
6188 215 
6188 3 
6188 150 
6188 71 
6189 73 
6190 244 
6191 100 
6191 145 
6192 114 
6192 58 
6192 409 
6192 67 
6192 25 
6194 305 
6195 121 
6195 1036 
6198 198 
6198 214 
6198 19 
6199 204 
6201 31 
6202 17 
6203 152 
6204 65 
6204 189 
6206 39 
6207 40 
6207 87 
6208 225 
6208 1311 
6211 49 
6214 58 
6215 38 
6216 68 
6216 50 
6217 223 
6218 166 
6218 34 
6219 432 
6219 130 
6220 110 
6220 271 
6220 274 
6221 98 
6221 43 
6222 29 
6222 135 
6222 71 
6222 148 
6224 75 
6224 18 
6226 149 
6226 415 
6226 183 
6227 70 
6227 12 
6228 400 
6228 181 
6229 699 
6229 1317 
6230 167 
6231 157 
6232 323 
6234 85 
6234 131 
6235 203 
6235 1712 
6236 393 
6236 128 
6238 32 
6239 47 
6239 71 
6240 155 
6242 488 
6242 189 
6243 157 
6243 165 
6244 36 
6245 6 
6247 35 
6247 74 
6248 95 
6249 76 
6250 97 
6250 101 
6252 216 
6253 53 
6253 211 
6253 945 
6253 45 
6254 38 
6255 41 
6255 182 
6255 308 
6256 232 
6258 64 
6259 26 
6260 100 
6261 96 
6262 30 
6264 537 
6264 46 
6264 56 
6266 260 
6267 240 
6269 70 
6273 58 
6274 62 
6274 16 
6275 99 
6276 402 
6279 224 
6282 294 
6284 71 
6285 32 
6286 51 
6288 174 
6288 17 
6289 39 
6291 10 
6291 2883 
6293 96 
6293 195 
6294 25 
6295 108 
6295 41 
6296 207 
6296 17 
6296 28 
6297 1039 
6297 52 
6298 119 
6299 170 
6299 90 
6300 1422 
6302 11 
6306 8 
6307 22 
6308 124 
6309 699 
6310 199 
6311 54 
6314 208 
6316 142 
6317 433 
6317 72 
6317 229 
6317 45 
6318 134 
6319 224 
6319 583 
6320 486 
6320 310 
6322 39 
6322 20 
6325 87 
6326 8 
6328 10 
6329 68 
6329 220 
6334 11 
6335 208 
6335 241 
6338 78 
6340 244 
6345 16 
6345 173 
6346 230 
6347 133 
6347 139 
6348 115 
6348 342 
6349 70 
6349 9 
6349 171 
6350 52 
6352 178 
6354 30 
6356 198 
6360 43 
6361 44 
6363 227 
6363 59 
6364 208 
6364 273 
6365 67 
6365 840 
6365 54 
6366 37 
6367 116 
6367 139 
6368 113 
6370 10 
6370 158 
6371 647 
6371 686 
6373 213 
6374 248 
6374 60 
6375 467 
6377 99 
6384 142 
6384 117 
6384 69 
6387 59 
6388 161 
6391 60 
6392 147 
6394 18 
6394 31 
6395 280 
6396 132 
6396 111 
6397 261 
6400 8 
6401 29 
6401 227 
6403 77 
6405 63 
6406 402 
6406 518 
6406 871 
6406 67 
6406 69 
6407 109 
6408 8 
6408 74 
6409 582 
6411 25 
6411 154 
6412 93 
6413 76 
6416 1748 
6417 233 
6417 41 
6419 188 
6421 11 
6421 127 
6422 58 
6425 721 
6426 304 
6426 95 
6426 138 
6431 12 
6431 26 
6432 208 
6433 138 
6433 48 
6434 137 
6437 14 
6438 123 
6439 90 
6441 211 
6444 33 
6446 19 
6451 604 
6452 40 
6452 148 
6452 107 
6452 36 
6455 246 
6455 148 
6457 50 
6457 555 
6458 378 
6459 93 
6459 130 
6459 355 
6461 399 
6462 139 
6463 176 
6464 271 
6465 81 
6465 86 
6466 103 
6469 15 
6471 433 
6472 232 
6473 19 
6473 71 
6473 68 
6474 655 
6479 18 
6480 339 
6481 33 
6484 42 
6485 24 
6485 60 
6490 29 
6492 185 
6493 117 
6493 26 
6497 38 
6498 2414 
6500 7 
6501 36 
6502 46 
6505 58 
6506 82 
6507 88 
6507 107 
6508 172 
6509 94 
6509 111 
6510 830 
6510 30 
6510 92 
6511 206 
6512 28 
6513 405 
6514 125 
6520 132 
6521 101 
6522 147 
6522 31 
6523 103 
6533 641 
6536 883 
6537 456 
6544 24 
6545 1016 
6547 136 
6547 174 
6548 114 
6550 31 
6551 111 
6553 416 
6556 37 
6556 113 
6558 91 
6558 82 
6558 18 
6559 35 
6560 88 
6561 132 
6565 87 
6568 80 
6570 53 
6571 84 
6573 43 
6579 78 
6580 32 
6583 103 
6584 163 
6589 106 
6589 27 
6593 59 
6596 141 
6597 356 
6600 63 
6600 280 
6604 129 
6606 1083 
6610 196 
6613 86 
6615 160 
6617 115 
6618 154 
6618 810 
6619 32 
6621 32 
6623 84 
6625 222 
6626 239 
6627 323 
6631 13 
6632 43 
6632 13 
6633 212 
6634 158 
6635 171 
6637 136 
6639 121 
6639 311 
6644 94 
6648 27 
6649 412 
6651 53 
6651 14 
6652 91 
6655 90 
6662 37 
6662 373 
6666 365 
6667 42 
6668 69 
6670 241 
6673 56 
6675 160 
6675 178 
6682 456 
6684 36 
6688 242 
6690 3220 
6691 146 
6694 48 
6696 181 
6704 96 
6705 23 
6710 264 
6713 22 
6716 96 
6721 98 
6721 61 
6721 17 
6723 250 
6724 73 
6725 179 
6730 18 
6732 41 
6737 161 
6739 1 
6742 139 
6743 745 
6747 35 
6748 40 
6748 156 
6749 275 
6752 62 
6752 369 
6759 65 
6760 97 
6763 216 
6764 62 
6770 259 
6771 62 
6773 216 
6778 473 
6779 110 
6781 150 
6784 12 
6788 16 
6788 124 
6790 179 
6791 98 
6794 185 
6795 36 
6797 58 
6799 78 
6802 24 
6802 185 
6802 27 
6807 171 
6811 118 
6813 90 
6815 107 
6818 133 
6820 33 
6820 126 
6827 105 
6828 155 
6832 13 
6835 41 
6837 258 
6840 36 
6844 119 
6844 28 
6844 111 
6847 73 
6855 384 
6856 15 
6858 22 
6859 55 
6860 3 
6862 136 
6862 13 
6862 110 
6876 60 
6878 62 
6880 96 
6889 68 
6905 149 
6908 87 
6912 64 
6925 10 
6926 79 
6929 105 
6929 160 
6940 43 
6941 323 
6948 76 
6957 88 
6960 31 
6963 46 
6963 71 
6966 322 
6969 94 
6969 170 
6972 44 
6973 34 
6974 155 
6976 29 
6976 358 
6977 12 
6980 180 
6981 66 
6986 32 
6987 70 
6998 19 
6998 486 
6999 131 
6999 119 
7002 1 
7002 393 
7004 277 
7009 162 
7010 34 
7011 276 
7012 186 
7013 81 
7016 317 
7021 293 
7026 184 
7027 32 
7032 17 
7042 525 
7042 138 
7047 57 
7049 102 
7053 132 
7064 245 
7067 36 
7071 9 
7072 8 
7083 0 
7083 272 
7086 18 
7090 23 
7090 87 
7105 19 
7105 83 
7107 154 
7108 258 
7113 186 
7116 44 
7118 95 
7120 98 
7122 135 
7124 145 
7134 183 
7134 26 
7135 18 
7136 107 
7137 221 
7143 100 
7144 21 
7151 2 
7153 169 
7155 104 
7164 110 
7167 89 
7168 88 
7168 640 
7169 94 
7170 284 
7171 113 
7178 142 
7180 409 
7182 12 
7188 78 
7189 61 
7190 150 
7195 70 
7198 1155 
7212 492 
7213 105 
7220 656 
7224 73 
7227 347 
7233 143 
7235 5 
7238 56 
7239 749 
7240 8 
7246 21 
7248 126 
7249 66 
7255 84 
7270 399 
7272 773 
7273 19 
7278 24 
7283 175 
7295 189 
7300 172 
7303 61 
7305 19 
7306 418 
7311 532 
7312 23 
7318 24 
7325 76 
7327 130 
7327 67 
7328 261 
7328 50 
7329 58 
7330 23 
7331 15 
7332 179 
7344 78 
7345 8 
7347 41 
7347 16 
7348 42 
7355 119 
7356 67 
7361 73 
7363 60 
7364 36 
7367 153 
7371 721 
7372 820 
7374 203 
7378 271 
7388 92 
7402 244 
7403 15 
7405 61 
7413 159 
7418 129 
7421 84 
7422 52 
7422 68 
7425 63 
7437 21 
7442 63 
7445 282 
7448 8 
7449 100 
7453 172 
7454 106 
7472 165 
7475 225 
7478 105 
7502 218 
7503 26 
7509 59 
7518 79 
7519 177 
7524 62 
7525 330 
7531 186 
7538 1770 
7539 67 
7551 100 
7556 107 
7557 135 
7559 15434 
7564 245 
7577 12 
7578 165 
7579 93 
7590 81 
7591 32 
7594 84 
7602 57 
7604 111 
7628 25 
7628 34 
7630 277 
7632 21 
7633 26 
7649 96 
7649 286 
7651 39 
7651 257 
7653 201 
7677 39 
7682 21 
7682 32 
7684 24 
7688 557 
7689 14 
7690 69 
7692 474 
7706 78 
7709 156 
7711 157 
7713 168 
7716 206 
7720 96 
7721 216 
7729 85 
7730 132 
7733 146 
7737 28 
7741 100 
7741 241 
7742 158 
7743 85 
7743 191 
7745 5 
7747 74 
7763 71 
7769 265 
7776 12 
7788 200 
7790 96 
7793 33 
7800 145 
7806 205 
7806 27 
7810 88 
7810 17 
7813 366 
7819 149 
7825 47 
7826 74 
7858 31 
7859 31 
7859 27 
7863 190 
7869 388 
7879 14 
7885 59 
7888 165 
7892 8 
7893 112 
7896 149 
7897 140 
7900 18 
7908 29 
7910 59 
7910 31 
7910 551 
7924 31 
7929 79 
7933 214 
7936 71 
7941 15 
7947 113 
7949 131 
7955 11 
7956 25 
7957 16 
7962 52 
7966 50 
7974 47 
7976 182 
7986 91 
7987 62 
7997 335 
8003 68 
8011 17 
8014 26 
8018 86 
8019 70 
8026 144 
8026 96 
8027 24 
8028 16 
8032 455 
8032 94 
8036 343 
8047 39 
8058 98 
8072 102 
8087 122 
8102 253 
8108 37 
8123 140 
8123 90 
8126 53 
8128 119 
8131 117 
8131 41 
8134 84 
8161 108 
8169 48 
8171 52 
8234 64 
8238 64 
8247 211 
8247 62 
8250 123 
8251 51 
8254 77 
8265 123 
8266 93 
8267 8 
8273 283 
8276 290 
8281 8 
8283 108 
8290 4 
8290 422 
8299 85 
8303 8 
8303 361 
8311 216 
8316 81 
8332 55 
8345 780 
8345 398 
8350 8 
8367 918 
8389 52 
8398 9 
8399 22 
8408 63 
8413 4 
8415 200 
8424 203 
8426 497 
8427 136 
8431 73 
8470 232 
8487 57 
8493 68 
8504 39 
8510 93 
8517 24 
8521 15 
8533 36 
8535 55 
8555 65 
8558 303 
8560 84 
8574 71 
8574 68 
8591 50 
8607 125 
8620 117 
8621 329 
8630 191 
8633 88 
8637 129 
8638 17 
8642 108 
8653 64 
8667 23 
8679 42 
8680 39 
8701 8 
8702 16 
8703 7301 
8710 71 
8710 343 
8717 23 
8719 49 
8725 71 
8732 84 
8751 427 
8761 120 
8761 101 
8762 47 
8771 159 
8773 271 
8788 31 
8789 183 
8794 63 
8799 248 
8800 30 
8812 105 
8842 47 
8843 63 
8872 34 
8883 69 
8899 146 
8911 11 
8912 311 
8922 17 
8927 56 
8927 153 
8930 90 
8939 40 
8946 11 
8948 125 
8959 54 
8971 97 
8982 15 
8988 4 
8991 159 
8996 97 
9015 82 
9026 331 
9027 73 
9041 412 
9053 8 
9079 103 
9079 48 
9082 204 
9088 116 
9093 40 
9111 118 
9133 27 
9142 738 
9143 67 
9176 73 
9185 189 
9192 69 
9197 21 
9197 102 
9216 78 
9216 6 
9217 3 
9230 36 
9233 823 
9234 33 
9248 9 
9273 53 
9311 95 
9320 182 
9325 85 
9333 61 
9349 107 
9353 97 
9358 88 
9381 105 
9407 16 
9420 11 
9423 10 
9425 33 
9471 22 
9471 17 
9473 113 
9487 68 
9494 47 
9508 89 
9514 157 
9515 56 
9518 204 
9537 118 
9559 10 
9569 135 
9582 21 
9582 5 
9588 22 
9594 495 
9608 35 
9614 16 
9618 152 
9622 54 
9625 51 
9626 102 
9636 227 
9653 1326 
9666 132 
9668 13 
9702 480 
9703 8 
9712 65 
9715 270 
9720 120 
9723 40 
9755 738 
9755 738 
9769 67 
9769 67 
9774 166 
9774 166 
9793 106 
9793 106 
9801 2 
9801 2 
9806 21 
9806 21 
9813 61 
9813 61 
9814 430 
9814 430 
9815 57 
9815 57 
9839 521 
9859 91 
9873 144 
9883 167 
9891 19 
9891 31 
9904 96 
9907 34 
9953 53 
9962 134 
9972 35 
9975 9051 
10003 30 
10004 29 
10010 25 
10045 215 
10052 52 
10069 29 
10074 52 
10082 27 
10117 387 
10122 56 
10129 5171 
10142 15 
10167 113 
10173 41 
10180 160 
10217 59 
10234 23 
10238 492 
10250 15 
10267 116 
10270 130 
10278 132 
10292 104 
10299 1267 
10308 122 
10312 4 
10315 78 
10317 71 
10336 6 
10341 51 
10343 784 
10366 153 
10369 18 
10372 14 
10385 129 
10385 4 
10387 33 
10388 143 
10389 21 
10393 2400 
10404 271 
10412 26 
10414 38 
10414 354 
10416 64 
10421 239 
10426 15 
10459 94 
10464 14 
10473 70 
10478 12 
10483 11 
10485 276 
10510 4 
10536 817 
10547 22 
10549 52 
10571 36 
10581 244 
10591 85 
10596 81 
10598 29 
10603 42 
10620 74 
10623 93 
10654 91 
10658 62 
10686 90 
10698 1335 
10698 884 
10713 24 
10714 503 
10725 75 
10737 22 
10758 19 
10766 54 
10781 19 
10824 8 
10838 29 
10839 59 
10853 114 
10859 195 
10884 163 
10886 26 
10922 178 
10929 166 
10942 7 
10979 170 
10988 31 
10996 116 
10998 34 
11011 4 
11058 280 
11067 56 
11081 30 
11085 30 
11113 112 
11162 21 
11175 70 
11180 36 
11203 15 
11213 68 
11218 210 
11224 158 
11226 27 
11254 33 
11260 9 
11291 48 
11331 1147 
11360 131 
11370 38 
11391 20 
11446 30 
11451 15 
11465 197 
11470 479 
11489 37 
11493 11 
11494 28 
11510 78 
11523 194 
11538 1660946 
11552 55 
11557 31 
11563 782 
11586 48 
11588 138 
11593 155 
11594 26 
11594 39 
11596 80 
11597 42 
11605 54 
11606 107 
11606 144 
11606 381 
11609 63 
11612 1510 
11613 35 
11615 95 
11616 672 
11617 43 
11618 18 
11621 63 
11622 11400 
11623 42 
11624 91 
11627 1580 
11630 13 
11631 9 
11632 35 
11635 144 
11654 33 
11655 2177 
11656 15 
11660 225 
11665 107 
11665 216 
11667 214 
11669 88 
11670 199 
11672 155 
11672 545 
11673 86 
11675 146 
11676 153 
11681 580 
11681 327 
11682 145 
11689 96 
11692 37 
11695 72 
11695 178 
11698 23 
11698 47 
11703 610 
11703 22 
11706 448 
11707 231 
11710 230 
11711 1 
11715 87 
11720 213 
11720 106 
11745 192 
11746 31 
11749 96 
11749 124 
11751 55 
11766 273 
11769 222 
11769 33 
11773 31 
11780 23 
11781 203 
11782 94 
11784 138 
11789 20 
11789 31 
11794 31 
11802 38 
11804 250 
11806 362 
11810 339 
11813 70 
11817 110 
11823 71 
11824 293 
11837 365 
11839 537 
11847 59 
11848 104 
11851 374 
11856 82 
11860 35 
11865 410 
11866 173 
11866 109 
11868 429 
11872 89 
11874 53 
11887 379 
11888 47 
11891 67 
11891 18 
11897 112 
11900 33 
11901 10984 
11904 56 
11905 66 
11910 132 
11913 35 
11914 227 
11915 80 
11921 1053 
11925 2701 
11927 32 
11936 67 
11937 233 
11954 1601 
11954 242 
11958 8 
11962 512 
11968 152 
11974 706 
11977 6 
11986 70 
11986 262 
11986 127 
11993 8 
12000 38 
12008 141 
12009 304 
12019 10 
12023 236 
12025 40 
12025 52 
12033 31 
12037 131 
12038 184 
12043 62 
12045 247 
12062 23 
12065 58 
12066 177 
12076 7 
12096 2582 
12108 143 
12110 113 
12112 84 
12131 128 
12132 14 
12140 846 
12144 299 
12147 105 
12159 349 
12170 37 
12174 28 
12191 38 
12195 333 
12201 32 
12214 89 
12218 24 
12226 84 
12227 367 
12227 214 
12235 35 
12243 25 
12246 12 
12248 425 
12257 80 
12258 52 
12258 108 
12259 40 
12276 112 
12286 60 
12290 52 
12293 133 
12307 249 
12307 28 
12310 24 
12317 17 
12319 18 
12322 225 
12324 41 
12341 162 
12349 60 
12382 14 
12387 75 
12396 22 
12405 27 
12412 475 
12418 71 
12424 37 
12428 61 
12430 287 
12434 52 
12435 57 
12438 75 
12441 319 
12447 23 
12460 167 
12461 8 
12465 129 
12465 35 
12491 114 
12492 9 
12498 254 
12499 30 
12500 113 
12506 35 
12510 36 
12513 75 
12513 178 
12514 63 
12516 72 
12521 130 
12521 12 
12524 191 
12540 100 
12548 34 
12551 175 
12555 91 
12559 23 
12559 115 
12561 32 
12562 7 
12595 131 
12599 64 
12603 31 
12606 33 
12615 107 
12642 79 
12642 29 
12653 151 
12663 266 
12664 135 
12688 846 
12689 56 
12689 2966 
12707 173 
12716 310 
12721 267 
12731 245 
12737 62 
12751 91 
12751 92 
12757 474 
12768 99 
12774 75 
12782 251 
12793 303 
12805 179 
12812 75 
12814 42 
12828 74 
12849 36 
12852 20 
12864 42 
12866 73 
12890 120 
12898 21 
12919 5 
12924 20 
12930 151 
12948 116 
12951 135 
12953 38 
12955 9 
12956 11 
12961 230 
12961 436 
12983 39 
12988 211 
13001 161 
13003 148 
13018 99 
13034 143 
13036 54 
13042 45 
13082 98 
13084 20 
13085 92 
13091 25 
13097 72 
13153 4 
13155 14 
13167 56 
13191 163 
13217 40 
13234 54 
13237 142 
13246 43 
13247 52 
13258 85 
13280 20 
13282 5 
13282 44 
13306 66 
13311 48 
13319 22 
13323 71 
13336 6 
13338 6755 
13378 122 
13379 10 
13400 74 
13407 193 
13408 191 
13410 173 
13418 16 
13422 13 
13434 70 
13438 77 
13447 110 
13449 242 
13456 162 
13471 63 
13471 62 
13505 374 
13511 103 
13540 121 
13541 52 
13547 19 
13549 377 
13556 42 
13564 123 
13574 124 
13578 30 
13585 77 
13591 39 
13607 0 
13607 96 
13616 101 
13627 12 
13634 371 
13634 1 
13640 7 
13645 42 
13647 3 
13659 162 
13660 72 
13665 10 
13673 38 
13677 281 
13697 94 
13699 29 
13737 192 
13753 9 
13763 36 
13787 15 
13793 96 
13799 2 
13800 80 
13809 190 
13815 49 
13854 51 
13867 23 
13875 38 
13878 26 
13881 45 
13903 63 
13909 425 
13936 8 
13944 33 
13949 35 
13950 15 
13961 7 
13972 8 
13983 101 
13988 95 
13993 75 
14002 25 
14012 365 
14013 71 
14028 60 
14049 10 
14064 536 
14081 13 
14089 173 
14089 52 
14094 12 
14095 27 
14096 67 
14104 84 
14116 334 
14132 14 
14140 59 
14140 449 
14151 9 
14157 81 
14166 26 
14172 295 
14203 33 
14211 220 
14216 221 
14241 172 
14243 91 
14251 41 
14265 113 
14288 18 
14304 22 
14325 77 
14346 42 
14358 75 
14399 9 
14402 51 
14403 41 
14410 87 
14411 84 
14411 299 
14418 192 
14419 616 
14420 424 
14486 28 
14499 16 
14517 168 
14528 111 
14549 21 
14552 37 
14559 189 
14562 196 
14568 28 
14592 141 
14597 52 
14614 61 
14617 269 
14630 77 
14669 7 
14684 201 
14690 6 
14693 37 
14726 6 
14767 3 
14822 123 
14829 25 
14942 147 
14954 118 
14961 67 
14963 173 
14967 6 
14977 112 
14990 10 
14999 19 
15001 14 
15038 210 
15056 11 
15061 77 
15061 12 
15068 64 
15097 190 
15103 76 
15110 33 
15114 47 
15122 22 
15130 64 
15140 206 
15140 27 
15148 27 
15160 20 
15194 297 
15238 387 
15242 62 
15285 10 
15294 106 
15338 8 
15339 24 
15374 21 
15383 102 
15395 131 
15400 35 
15432 71 
15432 107 
15440 156 
15446 37 
15460 6 
15464 66 
15467 129 
15473 100 
15518 10 
15532 497 
15538 211 
15546 22 
15578 34 
15594 47 
15612 40 
15624 50 
15624 249 
15644 65 
15671 145 
15692 50 
15708 43 
15714 585 
15726 62 
15731 597 
15771 1 
15787 57 
15805 721 
15812 12 
15812 2 
15817 16 
15831 142 
15838 29 
15859 36 
15863 70 
15874 1002 
15886 28 
15886 299 
15902 24 
15912 158 
15932 190 
15935 237 
15938 25 
15951 52 
15974 93 
16003 57 
16057 108 
16077 2 
16079 72 
16084 42 
16109 9 
16112 41 
16133 49 
16136 144 
16165 26 
16181 74 
16197 54 
16203 232 
16220 28 
16253 8 
16263 96 
16278 65 
16319 11 
16322 37 
16322 48 
16358 61 
16378 55 
16396 48 
16423 46 
16423 67 
16424 15 
16429 58 
16444 417 
16458 131 
16464 23 
16476 184 
16531 91 
16558 163 
16559 36 
16565 104 
16566 142 
16582 716 
16583 164 
16618 132 
16626 8 
16667 30 
16683 55 
16687 240 
16725 58 
16741 62 
16774 373 
16799 1233 
16805 30 
16826 23 
16844 8 
16844 7 
16853 34 
16878 162 
16881 1 
16898 77 
16908 25 
16915 2 
16943 93 
16962 150 
16973 81 
16978 101 
16981 11 
16986 66 
17000 40 
17004 33 
17021 126 
17025 52 
17026 270 
17039 23 
17053 13 
17054 87 
17129 395 
17134 65 
17136 313 
17139 53 
17167 115 
17169 112 
17171 119 
17180 12 
17208 220 
17236 33 
17244 79 
17249 208 
17266 98 
17290 99 
17305 186 
17322 11 
17324 717 
17327 33 
17328 70 
17334 12 
17393 43 
17396 8 
17399 217 
17411 86 
17414 137 
17416 52 
17416 37 
17420 2 
17420 118 
17421 256 
17470 47 
17471 28 
17481 14 
17492 1088 
17494 1947 
17530 32 
17547 196 
17586 22 
17601 50 
17621 80 
17627 7 
17628 95 
17695 8 
17712 204 
17744 5 
17744 34 
17749 81 
17801 39 
17806 104 
17835 95 
17837 4 
17847 26 
17863 252 
17871 35 
17892 48 
17900 123 
17927 12 
17958 104 
17976 87 
18003 247 
18016 36 
18017 15 
18065 5 
18093 81 
18130 141 
18141 11 
18142 29282 
18198 30 
18225 23 
18239 12 
18254 59 
18257 28 
18275 63 
18304 38 
18319 35 
18367 1 
18379 136 
18386 24 
18390 461 
18392 52 
18392 135 
18392 139 
18423 115 
18498 12 
18502 259 
18519 54 
18540 59 
18560 50 
18564 571 
18617 53 
18776 13 
18804 3 
18819 29 
18868 76 
18874 52 
18875 422 
18889 253 
18931 141 
18991 37 
19049 5 
19061 29 
19091 37 
19126 470 
19152 34 
19173 61 
19203 18 
19204 34 
19206 19 
19208 4 
19209 15 
19330 46 
19397 16 
19425 44 
19431 159 
19433 49 
19447 1356 
19462 217 
19470 1851 
19490 440 
19496 10 
19498 79 
19526 540 
19547 18 
19551 59 
19552 7 
19578 123 
19581 69 
19588 43 
19633 1487 
19652 22 
19667 48 
19699 112 
19759 66 
19804 20 
19815 66 
19833 603 
19844 91 
19854 101 
19865 121 
19867 7 
19870 14 
19901 25 
19929 22 
19946 390 
19953 245 
19974 67 
19995 689 
20016 828 
20030 27 
20030 87 
20048 341 
20055 206 
20066 1 
20111 31 
20137 26 
20173 259 
20179 3 
20219 18 
20231 3 
20271 1 
20275 21 
20278 39 
20340 103 
20343 41 
20349 24 
20378 13 
20436 40 
20446 102 
20458 16 
20487 34 
20553 43 
20559 306 
20565 31 
20628 18 
20766 15 
20775 8 
20848 77 
20852 64 
21009 69 
21031 36 
21047 43 
21056 94 
21059 191 
21077 115 
21106 126 
21118 63 
21149 372 
21171 8 
21178 22 
21190 19 
21264 550 
21332 219 
21338 41 
21427 57 
21465 35 
21501 68 
21513 196 
21540 1314 
21562 61 
21563 80 
21586 27 
21604 42 
21662 3554 
21692 258 
21706 130 
21721 237 
21726 26 
21734 50 
21743 199 
21790 110 
21835 49 
21887 1020 
21889 845 
21903 280 
21937 209 
21960 334 
22037 0 
22057 14 
22144 19 
22163 512 
22184 34 
22185 284 
22204 63 
22256 202 
22292 88 
22304 269 
22305 251 
22309 158 
22401 497 
22451 230 
22472 23 
22496 97 
22507 1223 
22550 14 
22568 41 
22606 95 
22688 30 
22712 31 
22803 146 
22819 125 
22823 32 
22951 408 
22969 34 
23328 61 
23366 225 
23405 23 
23414 4 
23440 3 
23529 219 
23550 14 
23557 25 
23565 63 
23673 43 
23680 11 
23725 10 
23734 99 
23778 14 
23781 213 
23801 27 
23922 81 
23972 44 
24032 640 
24046 16 
24103 41 
24149 28 
24162 2 
24177 29 
24232 19 
24258 44 
24271 46 
24766 37 
24772 55 
24772 238 
24784 156 
24793 12 
24842 50 
24864 37 
24983 305 
25046 52 
25074 76 
25174 73 
25345 59 
25436 1032 
25502 35 
25512 38 
25584 18 
25626 134 
25718 108 
25866 48 
25906 110 
25948 111 
25979 66 
26027 60 
26072 3 
26219 58 
26305 178 
26461 10 
26484 36 
26488 43 
26518 14 
26656 77 
26725 35 
26853 447 
26914 165 
26989 31 
27031 19 
27054 2 
27065 194 
27096 208 
27119 92 
27137 38 
27140 51 
27185 1 
27289 145 
27310 43 
27381 31 
27392 11 
27407 25 
27450 2 
27574 64 
27681 2 
27771 51 
27981 19 
28055 24 
28059 93 
28083 10 
28117 21 
28137 107 
28241 0 
28243 68 
28404 127 
28518 73 
28563 50 
28728 71 
28866 21 
29069 56 
29078 45 
29124 102 
29282 4 
29288 54 
29308 184 
29599 58 
29672 26 
29861 17 
29968 91 
30063 30 
30077 62 
30087 15 
30185 67 
30318 9 
30330 10 
30339 78 
30350 39 
30358 28 
30399 33 
30415 40 
30428 109 
30432 47 
30463 59 
30580 58 
30722 26 
30752 1082 
30760 32 
30864 55 
30866 140 
30878 58 
30882 13 
30961 35 
31001 5 
31026 48 
31062 3 
31160 8 
31239 173 
31291 49 
31385 8 
31385 115 
31504 219 
31515 80 
31570 8 
31728 8 
31750 78 
31991 12 
32032 8 
32185 9 
32209 111 
32226 34 
32239 27 
32289 10 
32308 16 
32313 168 
32483 155 
32511 15 
32678 15 
32790 22 
32814 287 
32962 101 
32967 12 
33169 14 
33222 19 
33286 124 
33287 42 
33315 101 
33348 14 
33353 10 
33376 9 
33513 25 
33595 15 
33650 19 
33651 64 
33754 9 
33759 318 
33828 8 
33955 43 
33957 31 
33977 97 
33999 437 
34139 46 
34224 46 
34362 15 
34754 18 
34804 26 
34821 41 
34869 658 
34870 64 
34965 24 
34988 308 
35184 22 
35329 94 
35374 25 
35423 9 
35545 5 
35561 0 
35609 24 
35631 113 
35634 145 
35716 115 
35746 8 
35791 49 
35857 94 
35957 4 
36032 106 
36094 11 
36154 35 
36164 82 
36207 43 
36385 29 
36437 23 
36553 10 
36594 9 
36669 7 
36703 32 
36754 96 
36793 18 
36813 124 
36839 9 
36855 479 
36975 39 
37017 67 
37168 2473 
37257 21 
37320 1 
37495 11 
37520 4 
37653 130 
37658 108 
37733 23 
37882 56 
37884 6 
37968 50 
37989 3 
38237 109 
38428 96 
38504 71 
38528 6 
38538 51 
38543 74 
38570 10 
38661 181 
38661 97 
38679 12 
38709 185 
38790 62 
38829 64 
38862 8 
38881 35 
38930 61 
38959 29 
38996 115 
39012 61 
39055 41 
39055 73 
39055 73 
39055 41 
39104 771 
39104 771 
39134 20 
39194 48 
39389 60 
39392 185 
39393 38 
39404 47 
39419 29 
39494 58 
39505 314 
39603 110 
39645 34 
39665 61 
39678 41 
39695 53 
39749 11 
39899 38 
40032 2 
40134 50 
40224 84 
40242 36 
40303 42 
40352 6 
40467 32 
40477 18 
40535 255 
40659 185 
40801 20 
40804 57 
40817 66 
40832 9 
40839 37 
40878 20 
40909 79 
40940 17 
40943 89 
40977 6 
40992 26 
41005 21 
41027 8 
41039 53 
41049 1 
41055 2 
41207 60 
41241 17 
41284 15 
41492 130 
41495 172 
41495 78 
41525 27 
41534 170 
41619 80 
41638 41 
41663 17 
41698 209 
41711 18 
41728 556 
41852 1219 
41886 44 
41922 57 
41927 345 
41958 29 
41962 505 
41970 16 
41971 17 
41978 353 
41979 312 
41984 30 
42004 771 
42080 62 
42143 357 
42178 35 
42192 184 
42244 190 
42248 340 
42256 106 
42334 32 
42349 42 
42379 13003 
42411 39 
42473 13 
42493 12 
42536 92 
42733 16 
42741 5 
42747 139 
42756 62 
42790 578 
42837 83 
42838 207 
42964 22 
43017 76 
43022 123 
43110 149 
43119 66 
43157 39 
43210 89 
43231 12 
43297 73 
43349 69 
43386 1 
43450 166 
43550 144 
43616 24 
43624 16 
43653 16 
43692 87 
43790 190 
43815 1 
43828 115 
43938 2759 
43961 706 
43985 216 
44170 8 
44176 81 
44349 1062 
44349 1062 
44436 45 
44470 17 
44497 139 
44508 251 
44581 22 
44646 462 
44984 1 
45147 55 
45164 88 
45333 8 
45352 191 
45415 33 
45421 35 
45422 6 
45423 16 
45544 93 
45556 18 
45562 17 
45713 614 
45783 128 
45921 19 
46007 21688 
46035 807 
46037 65 
46119 10 
46145 100 
46153 13 
46154 54 
46170 17 
46311 12 
46383 54 
46384 22 
46412 724 
46429 479 
46487 399 
46533 44 
46587 61 
46710 17 
46711 51 
46750 5 
46759 48 
46770 143 
46789 146 
46807 4 
46824 4 
46858 131 
46875 84 
46894 124 
46979 61 
46992 81 
46999 12 
46999 39 
47042 10 
47063 112 
47383 77 
47410 245 
47425 67 
47439 13 
47461 14 
47482 11 
47488 12 
47506 21 
47540 280 
47559 86 
47592 9 
47618 22 
47675 8 
47706 89 
47759 116 
47862 21 
48190 458 
48220 24 
48238 229 
48258 17 
48355 8 
48359 6 
48495 13 
48530 26 
48564 12 
48571 103 
48637 8 
48642 52 
48697 115 
48889 35 
48951 59 
48956 416 
48979 0 
49060 104 
49082 364 
49182 29 
49231 69 
49276 147 
49289 423 
49400 14 
49488 731 
49608 349 
49621 74 
49643 29 
49662 118 
49724 33 
49793 193 
49803 3 
49836 189 
49907 29 
50019 128 
50084 168 
50136 1312 
50154 27 
50233 67 
50244 34 
50391 18 
50500 331 
50579 62 
50704 537 
50791 35 
50894 68 
50928 332 
51010 892 
51070 20 
51075 12 
51108 110 
51196 4 
51274 76 
51389 1364 
51494 398 
51601 27 
51797 29 
51867 63 
52176 238 
52229 37 
52309 493 
52311 212 
52391 76 
52472 174 
52588 18 
52619 51 
53109 60 
53140 44 
53303 162 
53333 141 
53434 15 
53490 31 
53507 70 
53578 57 
53669 43 
53710 20 
53909 137 
53909 137 
54155 93 
54545 10 
54602 8 
54603 0 
54686 44 
54792 2195 
54831 703 
54862 34 
55074 79 
55136 273 
55311 108 
55352 79 
55375 38 
55414 43 
55425 12 
55435 781 
55454 264 
55547 77 
55815 10 
55856 4 
56098 19 
56338 65 
56537 26 
56552 12 
56706 17 
56737 80 
57003 22 
57110 238 
57198 20 
57328 136 
57406 31 
57513 14 
57564 441 
57618 11 
57631 720 
57739 371 
57862 3 
57912 207 
57984 162 
58004 487 
58005 129 
58038 176 
58108 166 
58162 5 
58212 0 
58223 190 
58358 186 
58474 137 
58892 8 
58968 54 
59186 14 
59199 13 
59231 134 
59634 53 
60077 6 
60469 216 
60471 34 
60586 5 
60601 75 
60718 25 
61108 423 
61346 81 
61416 239 
61583 2 
61781 698 
61860 98 
62214 16 
62299 10 
62861 9 
62933 12 
62963 105 
62999 132 
63007 32 
63109 101 
63131 115 
63294 9 
63543 12 
63651 50 
63773 0 
63878 78 
63963 707 
64182 1171 
64517 15 
64602 3 
64929 23 
65372 33 
65518 256 
65644 111 
65898 564 
66007 377 
66030 126 
66206 12 
66479 0 
66484 89 
66578 16 
66789 10 
66833 8 
66884 276 
67178 211 
67254 76 
68012 9 
68017 3 
68130 4 
68422 103 
68793 36 
69137 1148 
69194 18 
69222 88 
69574 157 
70032 148 
70035 43 
70254 50 
70257 10 
70822 34 
71758 12 
71847 212 
72382 13 
72688 134 
73062 88 
73084 178 
73276 71 
73390 245 
73560 98 
73668 60 
74123 200 
74420 240 
74525 1205 
75145 37 
75266 46 
75393 464 
76074 124 
76092 200 
76544 27 
76639 246 
77302 32 
77310 5595 
77426 346 
77718 0 
77996 394 
78283 158 
80579 78 
80591 25 
80624 5 
81505 140 
81704 463 
81740 129 
81775 199 
81848 1084 
82091 9 
82567 104 
82608 37 
82772 47 
82936 1379 
83085 47 
83338 12 
84292 90 
84715 2 
85050 60 
85262 17 
85449 9 
85871 14 
85979 204 
86650 17 
87768 10 
88238 531 
88551 4 
89155 227 
89229 212 
89666 403 
89703 206 
89759 447 
89891 330 
89916 53 
90176 22 
90586 272 
90589 12 
90831 34 
90984 53 
91053 3 
91077 190 
91565 8 
91753 223 
92009 104 
93322 17 
98052 5 
98272 7 
99144 11 
99781 133 
104038 43 
105761 4 
107741 15 
110204 72 
110999 14 
111459 10 
113024 3 
113199 28 
115192 9 
115765 90 
115872 108 
119143 1 
120099 18 
121739 41 
121770 181 
126024 8 
128080 12 
129901 20 
130530 2 
133275 47 
135411 540 
135681 109 
135758 123 
139560 113 
139642 8 
139985 22 
141091 48 
144328 60 
145505 140 
154019 4 
155772 86 
155880 4 
158491 61 
161024 50 
164282 125 
164317 2 
165202 362 
168908 31 
170696 268 
174274 89 
175754 169 
178186 324 
179464 22 
185647 15 
186255 3 
191762 287 
193147 24 
198634 17 
199702 21 
206769 13 
208449 276 
211906 152 
214265 17 
228202 154 
232952 208 
235890 39 
240729 149 
243419 54 
244242 414 
245906 25 
248019 856 
249468 47 
259855 95 
284334 32 
293815 9 
295183 26 
300012 17 
303499 158 
317953 118 
331893 65 
332509 90 
350249 126 
361937 18 
363050 65 
369219 10 
375433 56 
380137 9 
390536 173 
391171 75 
397565 13 
412536 95 
417042 68 
444335 78 
448160 46 
464113 520 
474051 25 
496518 257 
502717 65 
557504 2 
563543 4 
583276 696 
