4806 10.0315162037
0 517252 
9 138 
10 692 
12 468 
13 53 
13 1666 
17 195 
18 130 
18 371 
19 181 
19 27 
19 179 
19 175 
19 23 
19 129 
19 326 
22 148 
22 213 
23 28 
25 172 
25 76 
27 339 
29 137 
31 36 
31 123 
32 128 
32 237 
33 169 
33 205 
34 17 
34 71 
34 175 
35 354 
35 394 
36 177 
36 51 
36 87 
37 241 
37 109 
37 123 
38 91 
38 91 
39 158 
39 20 
40 86 
40 203 
41 18 
41 88 
42 172 
42 120 
42 731 
44 87 
45 303 
46 659 
46 192 
46 113 
48 33 
48 100 
48 400 
48 88 
48 115 
50 25 
50 28 
51 66 
52 724 
52 297 
53 432 
54 187 
54 537 
54 714 
54 169 
55 406 
55 315 
56 123 
56 355 
57 295 
57 185 
57 136 
58 250 
58 153 
58 2298 
58 103 
59 462 
59 309 
59 234 
59 63 
61 127 
61 42 
61 80 
61 232 
61 246 
62 268 
64 82 
64 317 
66 253 
66 124 
66 43 
66 596 
67 301 
68 129 
68 21 
69 102 
70 359 
70 58 
71 919 
71 235 
72 258 
74 488 
74 90 
75 243 
76 112 
77 17 
77 97 
78 76 
78 191 
80 13 
80 62 
80 66 
80 346 
81 170 
81 69 
82 272 
82 251 
82 321 
84 131 
85 790 
86 234 
86 420 
86 150 
86 23 
87 434 
89 146 
89 235 
90 49 
91 58 
92 228 
92 93 
93 81 
94 139 
94 514 
95 138 
96 203 
96 49 
97 20 
100 113 
100 62 
102 342 
102 80 
102 56 
102 95 
106 74 
108 216 
108 81 
109 95 
109 0 
110 154 
111 147 
114 384 
115 130 
116 85 
119 164 
119 258 
121 154 
122 288 
122 17 
122 188 
122 115 
125 34 
125 181 
126 2201 
128 117 
128 394 
130 205 
131 19 
132 457 
133 710 
134 52 
134 71 
134 65 
134 55 
135 61 
137 78 
139 229 
141 203 
141 203 
144 118 
145 266 
146 229 
146 40 
148 93 
151 443 
151 142 
151 135 
152 34 
156 98 
157 105 
157 182 
159 66 
162 75 
164 82 
166 12 
171 176 
174 41 
175 171 
177 145 
177 52 
179 129 
179 161 
179 108 
180 119 
181 143 
183 149 
183 55 
184 156 
184 93 
187 121 
188 68 
192 269 
192 14 
192 166 
193 90 
193 59 
194 338 
198 105 
198 104 
198 242 
198 40 
200 72 
200 27 
202 145 
202 182 
204 83 
204 272 
204 353 
205 105 
206 119 
209 25 
209 226 
211 95 
214 141 
215 88 
215 87 
216 121 
216 17 
219 216 
219 114 
223 22 
226 51 
226 1020 
227 156 
227 377 
229 98 
229 45 
232 263 
233 482 
235 62 
235 549 
237 72 
238 28 
239 66 
242 96 
243 65 
245 121 
245 248 
246 166 
247 101 
254 157 
254 1096 
254 67 
259 12 
259 189 
261 132 
263 114 
265 68 
267 30 
268 52 
269 69 
273 573 
273 192 
279 49 
280 34 
283 89 
286 41 
288 686 
288 131 
292 26 
293 107 
295 23 
296 67 
297 21 
303 114 
305 38 
307 72 
309 37 
313 90 
314 186 
314 60 
315 197 
315 12 
315 337 
316 177 
316 110 
316 248 
317 91 
317 254 
319 57 
319 101 
320 261 
321 104 
321 79 
324 65 
325 169 
326 80 
326 38 
327 126 
329 216 
333 78 
334 40 
335 34 
339 104 
339 1914 
341 233 
341 174 
345 39 
346 180 
347 7 
349 113 
351 42 
351 112 
351 202 
353 189 
353 66 
353 71 
354 60 
355 292 
356 112 
356 32 
356 91 
359 74 
361 9 
364 112 
368 391 
370 95 
373 86 
373 36 
374 74 
379 26 
441 83 
444 28 
444 81 
447 57 
449 251 
450 102 
452 88 
453 43 
455 93 
456 46 
459 77 
461 23 
464 50 
472 107 
478 109 
483 155 
484 185 
485 23 
487 58 
489 36 
489 137 
490 104 
495 186 
497 176 
504 21 
505 40 
507 202 
508 69 
508 27 
516 48 
517 127 
517 11 
518 275 
520 628 
533 119 
533 58 
534 66 
534 18 
536 291 
543 322 
546 25 
547 42 
548 37 
549 31 
561 119 
561 36 
563 191 
568 2010 
570 17 
571 819 
572 188 
574 45 
574 7 
580 40 
580 3147 
583 50 
586 120 
586 356 
595 44 
599 30 
601 116 
607 155 
610 136 
615 190 
618 201 
619 104 
620 49 
627 18 
627 246 
627 26 
628 29 
634 30 
637 36 
637 325 
647 52 
648 61 
648 117 
651 118 
655 109 
657 82 
672 237 
677 58 
686 215 
689 116 
695 271 
697 377 
703 38 
707 62 
709 8 
711 100 
718 159 
727 123 
731 31 
734 91 
741 38 
745 31 
747 45 
753 56 
755 24 
764 25 
794 87 
819 131 
820 1167 
830 43 
831 23 
843 37 
844 274 
863 73 
868 68 
877 34 
878 156 
910 147 
912 48 
927 2313 
933 80 
936 45 
937 12 
938 3 
951 117 
951 72 
958 88 
960 335 
963 204 
969 48 
974 92 
992 223 
1002 33 
1017 98 
1023 61 
1026 106 
1028 547 
1029 71 
1040 141 
1041 388 
1041 102 
1044 88 
1055 103 
1067 60 
1071 91 
1078 29 
1082 76 
1095 66 
1107 253 
1112 40 
1125 41 
1129 169 
1149 46 
1153 18651 
1154 34 
1155 137 
1171 121 
1195 158 
1211 24 
1246 23 
1262 120 
1264 107 
1295 16 
1301 130 
1321 15 
1363 67 
1378 63 
1446 149 
1448 26 
1520 104 
1541 245 
1591 93 
1607 108 
1681 59 
1726 126 
1781 83 
1790 117 
1802 290 
1806 61 
1809 36 
1823 142 
1836 36 
1849 18 
1861 395 
1864 25 
1871 130 
1878 43 
1886 447 
1896 87 
1899 44 
1900 48 
1917 129 
1927 390 
1928 58 
1936 279 
1938 29 
1941 6 
1947 35 
1948 38 
1967 45 
1978 122 
1978 35 
1991 165 
1996 363 
2001 84 
2004 144 
2009 15 
2014 146 
2019 35 
2019 232 
2024 79 
2028 3 
2035 259 
2035 19 
2040 18 
2045 363 
2051 127 
2066 63 
2069 38 
2073 8 
2078 1167 
2082 46 
2098 22 
2104 78 
2106 215 
2124 168 
2124 76 
2126 94 
2136 168 
2142 234 
2145 39 
2151 71 
2158 64 
2166 25 
2191 29 
2193 44 
2197 132 
2200 85 
2201 235 
2286 110 
2286 108 
2320 179 
2331 219 
2344 129 
2352 174 
2363 236 
2365 371 
2368 62 
2379 78 
2381 155 
2393 102 
2393 35 
2395 322 
2402 37 
2405 125 
2414 338 
2433 28 
2453 174 
2463 70 
2490 527 
2533 31 
2535 20 
2550 27 
2617 331 
2620 44 
2638 34 
2642 452 
2646 88 
2661 78 
2677 25 
2681 29 
2698 113 
2718 113 
2719 1353 
2725 103 
2738 23 
2743 65 
2750 466 
2768 22 
2771 89 
2772 352 
2773 852 
2791 51 
2799 31 
2820 62 
2822 82 
2830 57 
2830 291 
2920 103 
2926 36 
2930 7 
2937 68 
2937 173 
2947 51 
2962 23 
2969 52 
2999 96 
3001 58 
3007 44 
3010 100 
3023 224 
3023 147 
3042 1265 
3064 110 
3092 96 
3094 28 
3152 46 
3155 78 
3163 50 
3171 139 
3191 38 
3195 11 
3231 39 
3236 96 
3239 288 
3239 30 
3248 84 
3265 32 
3266 524 
3280 530 
3310 724 
3331 14 
3332 140 
3436 26 
3463 51 
3504 65 
3520 12 
3529 90 
3541 107 
3542 257 
3571 144 
3580 57 
3587 29 
3604 26 
3607 61 
3609 35 
3610 113 
3614 185 
3617 11 
3690 127 
3704 1571263 
3715 195 
3720 25 
3721 84 
3722 28 
3723 107 
3724 222 
3724 15 
3726 174 
3732 493 
3733 43 
3733 35 
3734 993 
3735 70 
3736 57 
3740 68 
3744 76 
3746 50 
3746 32 
3746 216 
3747 70 
3748 22 
3752 50 
3756 23 
3760 134 
3762 19 
3762 28 
3764 226 
3764 19 
3764 379 
3765 269 
3766 36 
3766 39 
3766 702 
3767 8 
3767 284 
3770 122 
3770 32 
3771 33 
3771 79 
3772 32 
3773 87 
3773 28 
3773 82 
3774 19579 
3774 48 
3774 190 
3775 166 
3775 83 
3776 51 
3776 64 
3776 76 
3778 153 
3778 19 
3778 17 
3778 79 
3779 100 
3779 102 
3779 108 
3779 197 
3780 111 
3780 57 
3780 123 
3781 46 
3782 44 
3782 34 
3783 45 
3783 96 
3784 47 
3785 90 
3785 152 
3785 23 
3786 56 
3786 326 
3786 28 
3787 50 
3787 32 
3787 37 
3788 19 
3788 49 
3789 115 
3789 105 
3791 133 
3791 1598 
3792 30 
3793 28 
3794 32 
3795 426 
3795 115 
3795 156 
3796 113 
3796 123 
3797 23 
3798 8 
3798 60 
3799 42 
3799 257 
3800 22 
3800 75 
3802 13 
3803 3 
3803 88 
3804 35 
3805 259 
3806 132 
3806 25 
3807 63 
3808 218 
3808 22 
3808 47 
3809 231 
3810 10 
3810 112 
3812 40 
3813 93 
3813 444 
3813 136 
3813 78 
3813 62 
3814 7 
3815 152 
3816 156 
3818 28 
3819 313 
3819 116 
3819 177 
3819 40 
3819 1205 
3819 20 
3820 76 
3820 34 
3821 119 
3821 41 
3821 8 
3823 42 
3823 10 
3823 14 
3823 47 
3824 163 
3824 157 
3824 27 
3825 65 
3825 118 
3826 89 
3827 114 
3828 44 
3828 23 
3828 163 
3828 93 
3829 15 
3829 119 
3830 294 
3882 266 
3882 551 
3882 103 
3883 157 
3886 29 
3886 81 
3887 58 
3888 218 
3889 37 
3889 149 
3889 221 
3889 161 
3890 92 
3890 46 
3890 119 
3892 1 
3893 32 
3893 7 
3894 8 
3894 48 
3894 54 
3895 89 
3896 78 
3896 126 
3898 59 
3899 105 
3900 383 
3900 124 
3900 13 
3901 123 
3903 54 
3903 67 
3905 80 
3906 87 
3906 76 
3906 60 
3907 19 
3907 118 
3907 154 
3909 18 
3909 402 
3909 45 
3910 19 
3911 207 
3911 436 
3912 119 
3913 38 
3914 358 
3914 475 
3914 4 
3915 429 
3917 270 
3918 59 
3919 220 
3920 185 
3920 339 
3920 60 
3924 6 
3925 20 
3926 16 
3926 652 
3926 20 
3927 89 
3927 104 
3929 39 
3930 147 
3930 373 
3931 128 
3932 39 
3932 46 
3935 87 
3936 111 
3936 82 
3937 19 
3940 181 
3941 67 
3942 71 
3943 125 
3944 14 
3945 132 
3945 58 
3946 96 
3949 206 
3949 74 
3954 68 
3954 173 
3955 70 
3955 16 
3955 134 
3956 25 
3956 76 
3957 97 
3957 56 
3959 149 
3960 52 
3961 45 
3964 10 
3965 51 
3966 11 
3966 72 
3967 59 
3967 150 
3968 129 
3968 37 
3968 75 
3968 73 
3969 61 
3969 115 
3970 64 
3970 198 
3970 45 
3970 180 
3971 209 
3972 311 
3973 720 
3976 161 
3976 217 
3978 3772 
3979 61 
3980 432 
3980 8 
3980 85 
3980 72 
3981 8 
3981 60 
3982 69 
3982 82 
3983 76 
3984 751 
3984 94 
3985 128 
3985 180 
3987 55 
3989 1064 
3989 26 
3990 23 
3992 60 
3997 72 
3999 168 
4000 57 
4000 215 
4001 67 
4001 166 
4003 4 
4006 21 
4007 48 
4009 39 
4009 43 
4011 9 
4013 131 
4013 43 
4014 254 
4014 91 
4014 228 
4015 34 
4017 57 
4019 116 
4020 160 
4021 90 
4022 32 
4023 49 
4024 309 
4025 261 
4025 470 
4025 129 
4026 105 
4026 297 
4026 269 
4028 32 
4028 81 
4030 22 
4030 18 
4031 44 
4033 56 
4033 73 
4036 43 
4036 53 
4037 51 
4039 166 
4039 257 
4045 133 
4045 172 
4046 46 
4046 316 
4047 25 
4050 100 
4053 66 
4053 25 
4055 8 
4056 27 
4059 265 
4060 92 
4060 56 
4060 141 
4062 11125 
4063 61 
4064 69 
4065 68 
4067 104 
4069 217 
4070 119 
4070 138 
4072 641 
4073 77 
4074 16 
4075 45 
4075 24 
4079 122 
4080 322 
4082 29 
4140 49 
4141 49 
4145 37 
4146 133 
4148 55 
4150 30 
4151 57 
4151 107 
4153 53 
4153 131 
4156 23 
4157 69 
4157 100 
4159 396 
4161 29 
4165 65 
4165 73 
4165 176 
4165 72 
4167 11 
4168 61 
4169 10 
4171 112 
4172 112 
4174 137 
4174 29 
4175 90 
4175 361 
4175 109 
4176 182 
4179 63 
4181 84 
4182 75 
4182 8 
4185 192 
4185 77 
4186 178 
4187 45 
4188 94 
4192 18 
4194 130 
4194 30 
4195 568 
4195 47 
4196 120 
4197 49 
4198 68 
4199 120 
4199 54 
4199 34 
4200 54 
4202 249 
4203 167 
4204 434 
4209 488 
4210 70 
4211 57 
4211 181 
4215 148 
4217 125 
4219 159 
4220 80 
4222 101 
4223 11 
4224 241 
4229 53 
4230 74 
4231 2 
4233 56 
4233 30 
4233 247 
4237 99 
4237 562 
4237 89 
4237 2521 
4241 26 
4241 62 
4245 37 
4250 96 
4251 79 
4256 6 
4258 84 
4259 13 
4260 39 
4261 363 
4262 44 
4262 81 
4263 533 
4264 116 
4265 207 
4265 65 
4268 34 
4270 12 
4270 70 
4272 62 
4273 36 
4274 31 
4276 66 
4278 29 
4279 162 
4280 11 
4283 40 
4284 90 
4285 56 
4286 54 
4287 197 
4289 26 
4289 19 
4289 47 
4290 96 
4295 5 
4296 55 
4300 5998 
4301 320 
4303 50 
4308 48 
4308 96 
4310 179 
4313 95 
4313 31 
4317 85 
4317 31 
4318 72 
4320 88 
4321 50 
4321 40 
4321 116 
4322 17 
4322 42 
4323 18 
4323 106 
4325 22 
4327 37 
4329 19 
4329 238 
4330 51 
4331 926 
4333 110 
4333 379 
4335 17 
4336 42 
4337 20 
4341 60 
4341 63 
4341 35 
4342 88 
4344 44 
4344 181 
4344 19 
4346 36 
4349 12 
4350 108 
4352 53 
4357 288 
4362 39 
4365 79 
4366 120 
4370 93 
4426 60 
4427 186 
4430 72 
4430 28 
4430 121 
4431 114 
4431 60 
4435 140 
4436 38 
4437 236 
4438 7 
4439 7 
4439 704 
4442 15 
4442 148 
4443 57 
4443 76 
4447 44 
4447 71 
4448 154 
4449 81 
4451 55 
4457 116 
4457 39 
4460 16 
4460 10 
4465 192 
4467 9 
4471 140 
4475 16 
4476 11 
4478 60 
4481 124 
4481 331 
4482 10 
4482 49 
4489 14 
4489 127 
4491 37 
4492 1123 
4495 28 
4495 98 
4498 14 
4499 31 
4509 19 
4510 4 
4514 97 
4521 68 
4522 21 
4524 28 
4525 156 
4526 41 
4529 133 
4532 820 
4533 24 
4537 89 
4538 155 
4538 189 
4539 10 
4542 278 
4543 153 
4547 57 
4548 143 
4548 25 
4551 77 
4553 10 
4561 771 
4562 113 
4564 23 
4565 37 
4567 147 
4570 29 
4571 27 
4574 274 
4575 49 
4575 187 
4578 29 
4585 17 
4585 43 
4586 65 
4586 52 
4586 140 
4587 72 
4591 36 
4649 29 
4659 76 
4660 47 
4661 67 
4663 114 
4664 241 
4665 185 
4666 58 
4670 144 
4671 37 
4674 7 
4675 150 
4679 16 
4680 8 
4685 14 
4691 23 
4692 49 
4697 70 
4701 18 
4702 25 
4704 10 
4705 85 
4705 185 
4706 14 
4706 8 
4709 69 
4711 145 
4711 200 
4715 21 
4718 54 
4719 209 
4722 94 
4722 29 
4724 15 
4725 118 
4726 90 
4727 206 
4727 30 
4727 472 
4728 27 
4728 37 
4729 88 
4729 19 
4733 141 
4734 60 
4736 251 
4740 364 
4746 29 
4748 91 
4749 176 
4754 137 
4760 241 
4763 155 
4769 144 
4776 1063 
4777 33 
4780 635 
4784 26 
4787 19 
4789 851 
4790 63 
4796 659 
4799 5 
4800 7 
4805 98 
4808 1928 
4814 38 
4816 60 
4875 42 
4878 9 
4879 51 
4880 316 
4886 149 
4889 26 
4896 37 
4897 96 
4897 45 
4898 29 
4901 90 
4901 103 
4901 128 
4904 4 
4912 59 
4913 2 
4920 177 
4920 6 
4922 18 
4928 380 
4929 47 
4929 86 
4931 42 
4933 238 
4934 190 
4944 26 
4945 85 
4946 198 
4955 12 
4966 145 
4971 2 
4972 60 
4978 36 
4980 70 
4981 33 
4982 52 
4986 49 
4995 96 
4998 34 
4999 73 
5003 39 
5006 183 
5020 598 
5021 13 
5022 21 
5024 141 
5025 30 
5029 93 
5031 158 
5036 123 
5038 43 
5042 160 
5043 13 
5046 22 
5048 13 
5050 110 
5051 17 
5054 76 
5054 54 
5054 60 
5057 30 
5061 42 
5062 85 
5070 77 
5070 72 
5128 1136 
5138 100 
5144 189 
5146 42 
5156 25 
5166 112 
5166 91 
5170 130 
5174 87 
5175 85 
5181 51 
5182 164 
5182 7 
5188 11 
5191 145 
5192 574 
5195 153 
5203 249 
5208 277 
5210 19 
5211 13 
5214 35 
5214 89 
5219 56 
5221 60 
5227 17 
5228 17 
5236 74 
5238 15 
5244 47 
5244 51 
5245 102 
5246 58 
5248 85 
5249 19 
5250 532 
5250 14 
5251 4 
5252 829 
5252 19 
5309 28 
5310 22 
5316 136 
5319 69 
5322 38 
5323 522 
5324 65 
5326 86 
5328 30 
5329 75 
5333 22 
5334 8 
5337 195 
5337 105 
5346 75 
5353 87 
5363 53 
5365 158 
5368 90 
5371 76 
5374 62 
5376 22 
5377 74 
5380 45 
5384 51 
5388 85 
5395 83 
5401 14 
5406 58 
5411 96 
5411 61 
5415 143 
5415 46 
5421 178 
5424 99 
5444 18 
5444 8 
5446 75 
5454 34 
5459 61 
5460 48 
5460 38 
5462 115 
5463 37 
5463 26 
5464 186 
5471 59 
5471 67 
5472 63 
5472 52 
5486 52 
5487 73 
5499 35 
5503 17 
5506 24 
5508 18 
5510 33 
5512 61 
5513 339 
5514 105 
5516 2 
5522 24 
5523 131 
5523 72 
5528 44 
5597 107 
5599 22 
5599 23 
5600 63 
5602 33 
5602 161 
5602 33 
5606 113 
5606 118 
5617 19 
5620 28 
5620 54 
5621 329 
5621 54 
5623 10 
5624 159 
5629 76 
5632 58 
5632 25 
5632 191 
5635 185 
5640 34 
5641 75 
5653 21 
5659 36 
5662 32 
5669 47 
5678 42 
5688 153 
5690 94 
5706 2 
5706 41 
5707 17 
5711 538 
5713 350 
5719 78 
5720 10 
5720 186 
5722 39 
5729 139 
5736 173 
5740 87 
5746 78 
5748 50 
5750 33 
5755 61 
5756 31 
5758 21 
5759 39 
5771 153 
5772 128 
5774 1 
5779 24 
5779 44 
5842 134 
5845 13 
5852 25 
5855 128 
5855 10 
5858 112 
5860 36 
5861 43 
5861 439 
5867 153 
5886 26 
5902 92 
5906 12 
5908 72 
5913 52 
5921 43 
5921 56 
5926 55 
5930 86 
5933 56 
5942 15 
5942 16 
5943 27 
5948 550 
5949 106 
5957 32 
5962 69 
5966 45 
5970 117 
5974 74 
5978 21 
5984 8 
5994 117 
6004 6 
6005 33 
6009 229 
6013 6 
6020 176 
6021 23 
6025 82 
6030 173 
6034 38 
6038 93 
6041 9 
6103 15 
6115 18 
6127 31 
6131 24 
6133 24 
6133 137 
6133 188 
6135 93 
6135 75 
6135 104 
6137 20 
6140 34 
6144 25 
6145 383 
6145 16 
6148 19 
6154 117 
6160 104 
6164 31 
6167 50 
6176 30 
6183 114 
6183 227 
6190 27 
6196 41 
6198 15 
6200 107 
6203 14 
6204 29 
6206 12 
6209 74 
6212 37 
6214 19 
6218 9 
6222 18 
6245 250 
6246 182 
6246 344 
6247 282 
6250 28 
6254 8 
6256 53 
6257 14 
6260 47 
6263 446 
6266 238 
6267 198 
6272 16 
6275 90 
6285 189 
6286 12 
6293 59 
6294 148 
6294 16 
6294 70 
6314 260 
6314 36 
6321 84 
6326 243 
6387 209 
6393 71 
6397 66 
6397 47 
6397 49 
6407 9 
6408 1627 
6420 218 
6420 7 
6422 206 
6457 129 
6465 65 
6482 42 
6494 62 
6502 353 
6506 24 
6507 104 
6508 9 
6517 28 
6521 45 
6526 18 
6528 67 
6534 25 
6544 16 
6545 29 
6545 215 
6548 58 
6550 5 
6553 16 
6553 64 
6554 14 
6554 24 
6555 65 
6557 223 
6563 63 
6566 1 
6568 8 
6572 105 
6579 31 
6580 24 
6588 121 
6600 74 
6607 194 
6609 40 
6609 206 
6671 20 
6677 124 
6679 55 
6697 36 
6701 38 
6703 76 
6707 28 
6722 38 
6724 42 
6731 196 
6733 10 
6737 13 
6749 79 
6763 483 
6771 54 
6772 26 
6785 17 
6790 47 
6793 29 
6795 50 
6799 44 
6802 76 
6802 48 
6807 114 
6812 7 
6819 12 
6820 68 
6821 15 
6827 17 
6828 7 
6838 17 
6849 100 
6864 101 
6875 7 
6876 9 
6885 8 
6909 41 
6915 84 
6929 286 
6997 68 
7001 59 
7001 42 
7004 50 
7013 63 
7022 148 
7034 34 
7043 128 
7043 82 
7055 9 
7058 122 
7060 23 
7077 12 
7081 47 
7102 38 
7107 17 
7113 35 
7115 37 
7128 41 
7129 98 
7130 17 
7135 28 
7137 53 
7138 5758 
7156 116 
7163 143 
7164 13 
7170 151 
7174 54 
7176 772 
7180 79 
7192 52 
7192 102 
7200 111 
7208 18 
7209 65 
7209 50 
7211 65 
7214 79 
7223 82 
7223 110 
7223 708 
7227 62 
7242 105 
7245 48 
7250 128 
7252 14 
7257 49 
7261 436 
7264 123 
7265 9 
7273 2 
7286 43 
7288 12 
7294 46 
7294 319 
7295 144 
7298 34 
7314 81 
7325 132 
7336 5 
7337 80 
7347 111 
7347 17 
7351 59 
7351 116 
7352 55 
7359 119 
7387 84 
7407 63 
7419 72 
7422 133 
7523 19 
7525 78 
7525 131 
7537 13 
7540 55 
7546 19 
7547 70 
7553 30 
7556 651 
7567 91 
7574 82 
7575 592 
7583 39 
7593 123 
7594 47 
7613 34 
7614 96 
7616 33 
7618 148 
7626 61 
7647 41 
7670 81 
7673 28 
7690 87 
7696 43 
7703 50 
7708 29 
7713 36 
7715 501 
7718 31 
7719 303 
7719 303 
7719 4 
7726 42 
7743 61 
7763 23 
7768 27 
7791 1510 
7796 42 
7799 26 
7802 5 
7812 187 
7856 117 
7856 86 
7866 89 
7869 16 
7883 67 
7895 78 
7908 10 
7918 19 
7920 11 
7943 29 
7950 67 
7993 228 
8003 36 
8004 0 
8010 9 
8025 55 
8034 2 
8109 10 
8110 9 
8136 12 
8146 21 
8153 46 
8158 43 
8159 6 
8189 44 
8243 135 
8250 15 
8251 118 
8252 13 
8274 28 
8274 163 
8303 31 
8347 0 
8373 169 
8401 75 
8404 28 
8410 53 
8410 66 
8435 21 
8440 8 
8441 13 
8443 7 
8443 8 
8453 132 
8455 39 
8461 42 
8500 23 
8515 35 
8516 68 
8519 23 
8526 16 
8529 51 
8530 2 
8540 14 
8547 46 
8557 17 
8562 12 
8583 260 
8595 73 
8599 17 
8673 53 
8675 178 
8682 64 
8685 49 
8704 53 
8705 17 
8740 4 
8747 60 
8752 109 
8779 35 
8784 4 
8786 72 
8807 408 
8812 93 
8813 42 
8814 1160 
8816 8 
8851 58 
8881 113 
8886 65 
8895 236 
8906 34 
8908 86 
8917 77 
8918 40 
8933 450 
8945 17 
8955 2 
8964 101 
8983 132 
8984 75 
8997 24 
9064 19 
9078 31 
9078 141 
9083 16 
9100 114 
9110 127 
9126 43 
9167 5 
9182 4 
9190 14 
9199 51 
9205 37 
9205 42 
9210 16 
9219 48 
9221 155 
9227 35 
9230 45 
9232 18 
9243 90 
9246 95 
9247 89 
9247 123 
9267 38 
9279 13 
9290 1759 
9296 28 
9300 24 
9302 28 
9311 71 
9327 7 
9333 21 
9372 10 
9381 130 
9399 8 
9420 31 
9429 97 
9439 25 
9442 129 
9454 30 
9461 32 
9465 230 
9515 54 
9517 14 
9628 22 
9632 135 
9636 135 
9645 16 
9657 56 
9691 39 
9697 16 
9698 517 
9713 43 
9725 152 
9760 69 
9827 35 
9835 42 
9856 95 
9879 40 
9884 42 
9892 62 
9896 82 
9914 73 
9943 22 
9949 329 
9956 20 
9996 34 
9998 17 
10000 234 
10041 98 
10139 72 
10163 39 
10168 83 
10260 37 
10281 626374 
10291 336 
10297 92 
10301 69 
10303 493 
10306 1695 
10308 129 
10309 125 
10310 124 
10310 226 
10311 519 
10311 204 
10311 80 
10312 180 
10312 231 
10312 412 
10314 288 
10316 152 
10316 4 
10317 136 
10318 458 
10320 409 
10320 114 
10320 48 
10321 30 
10322 118 
10322 186 
10324 562 
10325 57 
10327 112 
10327 156 
10328 47 
10329 206 
10329 66 
10330 245 
10330 41 
10330 155 
10331 188 
10334 1075 
10335 31 
10335 37 
10336 83 
10338 417 
10338 378 
10340 81 
10343 82 
10343 165 
10344 233 
10345 161 
10346 50 
10350 437 
10351 71 
10352 152 
10352 271 
10353 41 
10354 465 
10356 744 
10360 13 
10360 1161 
10362 119 
10363 118 
10364 496 
10364 180 
10365 93 
10365 84 
10367 225 
10372 8 
10372 189 
10372 183 
10376 82 
10383 74 
10384 349 
10384 151 
10385 50 
10386 40 
10388 419 
10392 114 
10393 112 
10396 89 
10399 185 
10402 15 
10403 437 
10404 563 
10406 66 
10409 75 
10409 42 
10409 44 
10411 21 
10411 266 
10413 77 
10414 476 
10415 114 
10416 15 
10418 43 
10419 47 
10419 486 
10421 189 
10421 13 
10423 157 
10424 53 
10424 289 
10428 140 
10431 110 
10434 161 
10435 46 
10437 130 
10437 31 
10439 197 
10442 197 
10442 118 
10445 34 
10447 109 
10451 43 
10452 149 
10453 29 
10453 49 
10453 59 
10454 428 
10460 7 
10461 388 
10463 59 
10463 264 
10465 444 
10467 30 
10468 243 
10469 361 
10470 225 
10471 109 
10471 612 
10477 267 
10480 15 
10481 138 
10482 306 
10483 3923 
10484 623 
10488 121 
10489 195 
10489 294 
10491 123 
10492 224 
10492 97 
10494 69 
10495 28 
10496 40 
10500 62 
10501 264 
10502 39 
10504 1944 
10504 735 
10505 105 
10508 45 
10513 77 
10513 36 
10516 43 
10520 35 
10520 39 
10525 68 
10531 465 
10531 58 
10531 162 
10532 107 
10533 103 
10535 24 
10541 276 
10541 13 
10543 142 
10546 266 
10551 27 
10557 28 
10557 154 
10558 264 
10559 102 
10561 26 
10564 36 
10564 32 
10564 144 
10568 97 
10572 194 
10575 156 
10578 41 
10578 221 
10579 32 
10581 121 
10582 31 
10583 88 
10583 273 
10589 20 
10591 275 
10591 35 
10593 54 
10596 1219 
10597 743 
10599 308 
10603 472 
10605 68 
10605 260 
10614 19 
10617 269 
10618 38 
10626 264 
10626 55 
10629 215 
10633 49 
10634 330 
10646 232 
10652 101 
10653 246 
10655 105 
10660 19 
10661 245 
10664 149 
10664 208 
10664 158 
10665 305 
10668 129 
10672 42 
10672 66 
10673 378 
10677 115 
10680 12 
10681 67 
10684 16 
10687 197 
10690 84 
10700 114 
10711 64 
10712 10 
10720 137 
10720 89 
10726 36 
10734 19 
10736 191 
10736 21 
10742 131 
10749 64 
10751 61 
10752 68 
10758 139 
10759 68 
10760 139 
10773 8 
10775 19 
10777 509 
10784 52 
10787 144 
10787 157 
10789 344 
10791 24 
10796 779 
10797 31 
10803 19 
10803 23 
10805 131 
10808 69 
10811 3 
10817 65 
10818 46 
10818 196 
10821 55 
10821 79 
10823 53 
10826 90 
10833 15 
10836 100 
10843 47 
10856 26 
10858 60 
10860 57 
10876 36 
10891 157 
10893 77 
10894 90 
10896 86 
10896 7 
10903 24 
10911 46 
10920 79 
10921 68 
10926 17 
10930 148 
10933 43 
10947 40 
10949 313 
10950 50 
10951 9 
10953 62 
10954 23 
10974 25 
10980 21 
10982 127 
10982 48 
10983 76 
11055 68 
11058 38 
11062 45 
11070 59 
11072 33 
11075 382 
11080 17 
11085 30 
11100 75 
11102 52 
11114 332 
11114 34 
11119 42 
11125 267 
11133 159 
11135 78 
11146 7 
11147 145 
11163 81 
11164 36 
11168 697 
11169 262 
11173 9 
11177 38 
11179 228 
11184 114 
11188 22 
11188 1115 
11193 30 
11196 47 
11201 9 
11203 13 
11212 12 
11216 93 
11219 9 
11228 78 
11228 81 
11245 25 
11248 25 
11254 12 
11256 515 
11256 182 
11267 15 
11270 8 
11285 91 
11287 107 
11297 543 
11305 85 
11306 101 
11307 3335 
11313 41 
11328 68 
11343 367 
11355 33 
11356 105 
11366 94 
11367 71 
11376 231 
11384 44 
11386 112 
11386 34 
11388 119 
11397 61 
11405 29 
11410 126 
11417 88 
11419 48 
11421 411 
11423 122 
11424 153 
11427 34 
11430 1082 
11433 81 
11438 308 
11438 147 
11439 22 
11442 6 
11447 107 
11466 371 
11469 47 
11470 4 
11470 70 
11476 237 
11489 40 
11495 54 
11514 87 
11523 200 
11523 12 
11524 90 
11537 230 
11538 34 
11541 11 
11543 107 
11549 11 
11550 18 
11579 85 
11581 57 
11584 43 
11585 45 
11592 222 
11593 248 
11614 262 
11617 25 
11623 45 
11638 23 
11648 277 
11648 75 
11649 96 
11655 6 
11658 48 
11666 98 
11670 370 
11671 120 
11678 8 
11690 33 
11700 54 
11703 36 
11703 46 
11709 19 
11713 79 
11720 47 
11720 80 
11732 128 
11748 23 
11757 43 
11759 66 
11765 9 
11776 994 
11779 61 
11795 28 
11852 12 
11860 64 
11870 72 
11886 94 
11895 24 
11895 125 
11896 5 
11899 58 
11902 33 
11917 22 
11921 45 
11928 48 
11937 369 
11958 285 
11959 4 
11963 31 
11967 625 
11969 5 
11969 46 
11973 51 
11981 41 
11991 21 
12058 173 
12058 26 
12080 121 
12083 105 
12091 35 
12096 263 
12105 4 
12127 99 
12135 90 
12139 12 
12149 21 
12167 62 
12170 90 
12191 65 
12192 14 
12194 42 
12203 147 
12225 92 
12235 42 
12237 166 
12242 14 
12244 102 
12298 57 
12313 78 
12319 107 
12319 18 
12332 11 
12334 56 
12346 75 
12377 33 
12380 34 
12396 53 
12416 12 
12466 91 
12479 23 
12481 42 
12493 100 
12505 240 
12518 61 
12541 161 
12555 15 
12582 39 
12637 156 
12646 511 
12653 29 
12672 24 
12695 18 
12695 28 
12707 35 
12707 69 
12717 85 
12717 11 
12723 102 
12724 51 
12740 3 
12759 20 
12772 244 
12775 77 
12783 58 
12784 44 
12808 292 
12811 82 
12816 80 
12817 95 
12828 93 
12840 79 
12841 75 
12880 58 
12912 29 
12921 109 
12925 21 
12937 590 
12943 34 
12956 3 
12978 862 
12982 60 
12988 128 
12996 189 
13012 10 
13022 31 
13052 1 
13090 34 
13093 143 
13103 8 
13131 13 
13134 15 
13134 29 
13137 23 
13166 54 
13199 56 
13243 54 
13257 102 
13279 53 
13364 26 
13393 221 
13399 750 
13403 172 
13413 85 
13432 504 
13441 91 
13516 71 
13542 64 
13619 38 
13628 51 
13651 39 
13668 28 
13682 36 
13709 362 
13723 133 
13733 13 
13740 209 
13748 90 
13753 21 
13763 519 
13766 12 
13786 43 
13814 18 
13847 14 
13875 28 
13879 255 
13883 301 
13890 16 
13948 298 
13964 165 
13976 46 
14101 82 
14148 43 
14201 29 
14236 55 
14247 14 
14248 57 
14283 154 
14385 42 
14408 18 
14425 39 
14503 30 
14568 2 
14579 91 
14619 42 
14631 619 
14636 866 
14642 19 
14643 131 
14679 2 
14746 843 
14786 8 
14801 30 
14818 14 
14879 108 
14884 9 
14885 13 
14996 12 
15022 19 
15049 85 
15221 22 
15222 42 
15364 21 
15393 43 
15413 20 
15534 61 
15549 7 
15570 60 
15574 1286 
15652 8 
15697 66 
15724 27 
15725 80 
15737 84 
15780 57 
15807 18 
15827 17 
15857 991 
15914 31 
15926 10 
15935 48 
15952 20 
15964 215 
16006 29 
16051 25 
16128 8 
16168 47 
16168 27 
16183 67 
16195 11 
16196 15 
16221 85 
16233 195 
16269 28 
16304 5 
16483 51 
16494 39 
16561 34 
16628 260 
16717 22 
16745 86 
16760 27 
16788 11 
16848 14 
16852 39 
16898 29 
16969 28 
17038 196 
17088 27 
17123 31 
17170 78 
17274 9 
17327 36 
17397 17 
17421 333335 
17436 223 
17436 67 
17444 51 
17447 78 
17447 6 
17454 264 
17457 102 
17457 32 
17461 94 
17461 103 
17464 737 
17464 411 
17465 76 
17467 18 
17467 66 
17469 161 
17473 320 
17477 117 
17478 91 
17478 82 
17478 324 
17480 337 
17481 174 
17485 230 
17485 90 
17489 72 
17490 26 
17495 58 
17496 24 
17498 106 
17501 188 
17504 72 
17505 4 
17506 315 
17507 551 
17509 19 
17509 1282 
17509 130 
17513 46 
17513 128 
17557 368 
17560 54 
17566 93 
17571 42 
17579 76 
17580 133 
17583 744 
17589 240 
17590 16 
17598 317 
17600 816 
17610 148 
17615 110 
17624 52 
17641 177 
17651 356 
17656 40 
17656 36 
17657 102 
17658 3 
17664 139 
17668 64 
17672 87 
17683 333 
17697 238 
17697 45 
17699 81 
17705 395 
17725 120 
17736 170 
17742 111 
17749 26 
17753 34 
17759 4386 
17761 72 
17761 96 
17765 325 
17768 181 
17769 1086 
17777 21 
17778 310 
17786 107 
17815 13 
17817 24 
17821 668 
17835 82 
17842 64 
17859 183 
17860 66 
17875 57 
17875 43 
17879 84 
17883 83 
17909 96 
17939 2226 
17940 142 
17948 159 
17955 83 
17956 6 
17974 67 
17977 115 
18011 146 
18011 127 
18025 124 
18032 101 
18070 32 
18078 51 
18082 22 
18089 100 
18092 73 
18094 133 
18097 60 
18099 25 
18119 116 
18127 268 
18132 126 
18143 70 
18152 178 
18156 25 
18157 44 
18176 75 
18181 33 
18194 11 
18202 155 
18228 131 
18241 8 
18248 181 
18250 216 
18307 989 
18322 177 
18333 1448 
18334 147 
18339 108 
18344 66 
18365 47 
18378 190 
18381 285 
18385 206 
18390 276 
18392 15 
18428 24 
18430 215 
18460 15 
18562 26 
18593 49 
18620 380 
18639 295 
18645 113 
18651 16 
18667 1672 
18695 208 
18738 14 
18837 83 
18851 321 
18913 117 
19047 7 
19053 110 
19108 34 
19156 20 
19247 8 
19292 110 
19292 110 
19343 53 
19343 53 
19414 65 
19434 38 
19459 81 
19574 16 
19591 66 
19609 10 
19676 57 
19770 1415 
19796 114 
19808 209 
19860 28 
19933 72 
19935 70 
19966 14 
19986 45 
20015 92 
20045 88 
20079 26 
20109 139 
20128 36 
20192 17 
20231 37 
20251 34 
20272 149 
20275 125 
20286 6 
20314 56 
20335 1 
20386 28 
20424 68 
20435 9 
20449 119 
20523 100 
20657 43 
20673 30 
20675 19 
20692 12 
20771 6 
20857 1 
21191 4 
21194 37 
21768 38 
21793 193 
21805 4 
21833 44 
21841 6 
21848 8 
21856 118 
21874 112 
21993 47 
22024 73 
22114 146 
22124 36 
22176 8 
22199 30 
22364 137 
22386 13 
22460 23 
22487 723 
22496 34 
22557 16 
22584 33 
22619 112 
22908 30 
23021 17 
23022 54 
23031 25 
23073 70 
23201 18 
23217 6 
23370 30 
23387 104 
23391 668 
23450 17 
23606 16 
23752 56 
23892 435 
23925 76 
24004 30 
24046 27 
24109 60 
24166 43 
24372 45 
24549 11 
24611 21 
24637 324 
24764 17 
24773 142 
24959 7 
24959 1 
25212 3 
25359 64 
25604 117 
25707 7 
25941 235 
26084 62 
26129 24 
26288 22 
26546 16 
26671 28 
26678 12 
26812 227 
26843 8 
27117 16 
27291 71 
27479 18 
27919 2 
27932 22 
27994 34 
28126 32 
28331 159 
28493 47 
28606 5 
28908 233 
28970 47 
28978 557 
29306 9 
29546 9 
29642 86 
29852 97 
30080 54 
30106 94 
30342 28 
30781 791 
30800 97 
30841 146 
31027 228 
31063 8 
31206 134 
31298 19 
31418 119 
31756 95 
32103 182 
32390 347 
32485 10 
32525 112 
32728 712 
32767 3 
33004 108 
33006 264 
33042 120 
33537 50 
33635 140 
33947 12 
34309 5 
34570 36 
34602 11 
34647 44 
34649 9 
34713 12 
34814 6 
35063 47 
35175 184 
35185 68 
35346 326 
35380 18 
35410 20 
35449 84 
35684 4 
35867 48 
35985 745 
36022 67 
36150 90 
36296 11 
36328 8 
36460 26 
36539 35 
36764 266 
36810 288 
36819 85 
36870 266 
36895 17 
36957 2 
37195 27 
37441 0 
37559 17 
37628 36 
37660 6 
37819 7 
37990 18 
38080 106 
38155 26 
38158 47 
38421 5 
38426 11 
38473 1181 
38541 497 
38918 215 
39107 1 
39188 166 
39321 20 
39395 32 
39696 41 
39816 126 
39878 28 
39918 4 
40040 439 
40511 384 
40581 75 
40605 50 
40623 217 
40660 23 
40739 106 
40886 54 
40906 28 
41345 1994 
41438 2 
41792 368 
41842 80 
41854 15 
42192 365 
42378 122 
42577 429 
42676 634 
42755 289 
42960 285 
43102 9 
43315 63 
43433 104 
43848 563 
43932 277 
44125 55 
44388 120 
44635 29 
44872 165 
44874 18 
44989 95 
45095 80 
45252 2 
45530 18 
45612 116 
45669 497 
45734 11 
45762 2520 
45887 360 
46143 9 
46160 207 
46170 17 
46257 12 
46308 520 
46391 50 
46438 118 
46441 235 
46443 34 
46566 20 
46821 629 
47237 14 
47253 176 
47718 98 
47772 48 
47791 74 
47883 42 
47964 126 
47969 39 
48239 116 
49096 4 
49332 85 
49406 48 
49464 82 
49561 20 
49708 464 
49983 184 
50236 44 
50402 1294 
51220 43 
51569 69 
51711 229 
51725 37 
51851 212 
51887 6 
51898 289 
51987 11 
52797 178 
52928 6 
53189 42 
53250 5 
53543 21 
54079 164 
54349 515 
54433 15 
54711 160 
54716 669 
54964 1024 
55196 10 
55392 1 
55434 40 
55653 2 
55699 46 
55847 4 
56218 20 
56604 159 
56867 44 
57024 757 
57196 614 
57311 251 
57395 33 
57759 737 
57910 323 
57996 64 
58008 378 
58053 84 
58100 45 
58161 1820 
58497 64 
58616 527 
58632 49 
58635 49 
58659 509 
58661 405 
58727 33 
58869 55 
58887 65 
58933 326 
59023 53 
59118 59 
59144 184 
59203 8 
59476 109 
60196 91 
60346 16 
60522 4526 
60523 67 
60574 42 
60669 125 
60708 8 
60854 501 
61134 16 
61187 7 
61416 8 
61446 83 
61574 31 
61850 9 
61916 22 
62063 25 
62072 17 
62096 16 
62154 32 
62221 7 
62641 32 
62884 71 
62940 140 
63161 116 
63256 423 
63299 53 
63347 125 
63347 119 
63579 120 
63638 26 
63841 82 
64018 119 
64459 88 
64493 17 
64577 865 
64623 1090 
64813 169 
64821 107 
65114 17 
65581 39 
66492 42 
66674 49 
66791 32 
67148 12 
67662 8 
67925 196 
68117 202 
68663 301 
68690 34 
68704 45 
69017 26 
69091 107 
69224 29 
69243 3 
69728 329 
69962 390 
70015 45 
70535 87 
70780 31 
70851 23 
71080 343 
71128 8 
71209 19 
71455 151 
71610 229 
71795 8 
71857 2 
72144 41 
72229 41 
72245 5037 
72289 43 
72450 72 
72464 85 
72466 3 
72513 87 
72663 556 
72711 273 
72938 44 
72944 351 
73123 407 
73288 32 
73451 48 
73794 1 
74056 31 
74452 39 
74550 144 
74825 932 
75244 18 
75296 110 
75334 176 
75508 14 
75567 127 
75663 38 
75667 361 
75774 64 
75955 109 
76144 162 
76147 122 
76175 172 
76317 58 
76422 52 
76440 215 
76583 24 
76614 88 
77143 65 
77272 70 
77754 42 
77819 285 
77823 549 
77910 95 
78064 136 
78229 776 
78277 46 
78840 522 
79011 0 
79141 50 
79148 208 
79697 147 
79703 68 
79720 799 
79887 99 
80077 1075 
80312 101 
80443 14 
80454 94 
80489 52 
80526 15 
80675 36 
80682 92 
80904 154 
81151 16 
81467 17 
81469 49 
81660 75 
81723 137 
82173 7 
82246 66 
82502 28 
83306 7 
83343 221 
83380 33 
84138 30 
84163 41 
84691 8 
84863 200 
85180 361 
85599 18 
85692 17 
85916 55 
86222 196 
86261 122 
86399 35 
86414 38 
86508 286 
86663 29 
87010 26 
87179 290 
87442 86 
87849 28 
87980 13 
88450 17 
88477 82 
88669 18 
88873 93 
88992 60 
89234 35 
89325 33 
89442 369 
89543 459 
89550 185 
89600 111 
89601 170 
89626 81 
89718 14 
89922 28 
89940 5 
89946 580 
89969 52 
89979 241 
90126 65 
90249 433 
90283 255 
90630 49 
90669 20 
90690 35 
90710 170 
91322 84 
91345 148 
91364 31 
91558 244 
91582 78 
92089 91 
92116 3123 
92808 158 
92879 54 
92999 115 
93282 115 
93285 109 
93438 67 
93542 38 
93615 108 
93619 29 
94041 160 
94134 10 
94475 19756 
94720 653 
94974 37 
94989 5 
95058 70 
95396 36 
95474 47 
95493 14 
95517 25 
95797 96 
95840 257 
96096 43 
96343 220 
96544 38 
97162 634 
97219 208 
97248 61 
97257 244 
97276 162 
97279 83 
97352 196 
97637 25 
97816 30 
98010 60 
98360 777 
98854 31 
99157 38 
99328 48 
99507 9 
99748 44 
100803 40 
100989 148 
101044 8 
102572 53 
102917 320 
102939 425 
103078 29 
104013 234 
104430 252 
104635 90 
105339 72 
106932 379 
108721 130 
108885 61 
110204 8 
115335 57 
115931 25 
116300 177 
118788 15 
122925 2628 
124078 77 
127815 61 
128543 35 
130760 150 
133824 449 
135963 820 
136149 57 
138863 714 
139324 64 
139799 247 
139912 11 
139961 101 
141464 209 
142781 381 
142789 60 
143381 86 
143690 97 
143802 86 
144806 4460 
145346 275 
145538 115 
145555 130 
145608 75 
146423 23 
147375 72 
147692 265 
148234 88 
148602 159 
149223 1085 
149911 33 
149991 18 
150106 308 
151525 16 
151959 176 
152311 346 
152833 159 
152995 21 
154938 4 
155316 63 
155593 21 
155663 500 
156360 419 
156850 2283 
157555 43 
157983 175 
158064 87 
158405 128 
158431 91 
159721 221 
161029 81 
161404 202 
161568 49 
161635 427 
161853 8 
162112 260 
162122 408751 
162140 275 
162146 685 
162147 429 
162148 53 
162149 327 
162149 143 
162150 53 
162152 511 
162157 90 
162160 169 
162160 155 
162161 215 
162165 134 
162165 9 
162167 69 
162168 85 
162168 164 
162169 351 
162175 46 
162179 186 
162180 50 
162181 50 
162182 14 
162183 177 
162189 458 
162190 38 
162191 235 
162194 68 
162197 85 
162201 92 
162202 352 
162206 164 
162208 104 
162211 57 
162211 190 
162212 27 
162213 341 
162214 66 
162216 123 
162223 209 
162223 84 
162225 79 
162226 159 
162228 45 
162228 17 
162232 140 
162234 121 
162242 89 
162246 93 
162247 75 
162249 164 
162255 161 
162255 574 
162261 44 
162261 75 
162263 70 
162265 39 
162266 162 
162271 1555 
162275 70 
162278 162 
162279 11 
162280 98 
162280 68 
162281 1630 
162283 138 
162284 87 
162285 158 
162286 312 
162287 18 
162290 217 
162291 35 
162360 42 
162361 103 
162362 110 
162378 101 
162381 86 
162385 20 
162398 46 
162406 124 
162407 41 
162416 48 
162416 144 
162421 64 
162422 658 
162422 14 
162433 219 
162434 72 
162435 48 
162437 178 
162441 239 
162441 256 
162452 46 
162454 69 
162458 41 
162466 38 
162467 15 
162478 25 
162484 179 
162492 68 
162498 136 
162515 783 
162516 28 
162527 27 
162528 192 
162535 85 
162540 50 
162551 125 
162553 121 
162559 80 
162560 5 
162641 171 
162642 132 
162642 254 
162654 66 
162655 87 
162659 44 
162662 141 
162666 11 
162668 178 
162669 211 
162672 142 
162681 183 
162719 61 
162724 53 
162745 48 
162756 68 
162772 37 
162773 184 
162782 119 
162784 21 
162787 221 
162787 123 
162795 92 
162798 165 
162799 103 
162800 311 
162810 196 
162818 34 
162893 65 
162895 47 
162905 50 
162913 51 
162921 175 
162947 160 
162949 28 
162951 179 
162963 80 
162980 75 
162992 83 
163001 62 
163081 105 
163087 131 
163094 122 
163117 139 
163117 42 
163128 51 
163134 46 
163143 975 
163144 27 
163145 75 
163153 39 
163163 88 
163187 20 
163189 65 
163199 338 
163223 258 
163225 33 
163241 115 
163244 137 
163325 134 
163344 57 
163350 85 
163367 66 
163374 138 
163392 323 
163406 66 
163407 95 
163415 85 
163447 329 
163532 214 
163532 214 
163537 101 
163551 37 
163581 83 
163583 34 
163584 128 
163604 24 
163637 25 
163658 13 
163735 71 
163753 41 
163773 27 
163785 10 
163791 68 
163813 17 
163846 485 
163888 69 
163889 200 
163982 257 
164027 5 
164033 36 
164036 142 
164086 38 
164166 59 
164180 201 
164190 104 
164202 58 
164223 138 
164235 71 
164244 113 
164293 260 
164299 68 
164319 54 
164395 95 
164437 141 
164979 266 
165012 41 
165077 307 
165206 48 
165215 89 
165608 65 
165883 265 
166048 414 
166141 120 
166242 23 
166353 196 
166955 138 
167230 45 
167557 46 
169125 45 
169232 15 
169268 48 
169358 174 
169448 57 
169659 2541 
170479 3 
170488 58 
171000 86 
172434 98 
172686 16 
173531 96 
174309 38 
174414 37 
174697 7 
174967 75 
175104 7 
175113 121 
175300 123 
175395 12 
175561 340 
175636 5 
176737 32 
176764 11 
177297 141 
177368 152 
177761 42 
178212 211 
178216 337 
178269 2631 
178283 550 
178295 1474 
178619 138 
179065 197 
179116 33 
179301 268 
179393 168 
179776 431 
179931 207 
180042 4 
180170 153 
181009 42 
181427 42 
181607 70 
181723 58 
181813 69 
182208 10 
182644 1 
183718 185 
183744 6 
183776 18 
184023 97 
184730 733 
185298 184 
186772 372 
186955 42 
187871 5 
188328 99 
188847 86 
190213 29 
191012 83 
192042 58 
192145 52 
195213 158 
197406 48 
197543 18 
197899 537 
198143 222 
200461 146 
200492 701 
200492 701 
200496 271 
200496 271 
204765 1797 
205125 555 
205398 401 
206648 1 
207332 225 
210612 951 
211162 49 
212004 1214 
212284 61 
215380 1033 
218343 1112 
219291 175 
219320 12 
221999 57 
222417 140 
224348 282 
226043 38 
226882 70 
227411 11 
228899 33 
229919 399 
230170 343 
235445 70 
236078 5248 
236360 142 
237059 326 
237209 42 
237523 713 
237697 6 
238189 32 
238781 384 
239287 350 
240245 181 
240838 456 
241003 182 
241523 260 
241859 254 
242292 103 
242708 3027 
243804 390124 
243814 351 
243831 3060 
243833 49 
243837 21 
243838 278 
243839 224 
243840 140 
243843 297 
243849 67 
243851 171 
243858 215 
243859 1311 
243860 239 
243860 53 
243860 88 
243862 285 
243866 348 
243869 25 
243870 113 
243870 214 
243870 79 
243874 20 
243878 24 
243879 21 
243880 227 
243882 12 
243883 52 
243884 199 
243884 9 
243887 298 
243889 513 
243892 89 
243893 115 
243896 76 
243896 58 
243898 144 
243898 41 
243902 176 
243902 688 
243905 186 
243907 36 
243909 28 
243910 133 
243910 232 
243912 156 
243915 41 
243915 113 
243920 1048 
243921 510 
243922 69 
243922 211 
243923 232 
243926 85 
243929 59 
243930 422 
243930 142 
243931 201 
243932 85 
243933 91 
243938 145 
243948 75 
244008 340 
244018 114 
244023 22 
244028 250 
244031 182 
244032 134 
244036 210 
244037 354 
244044 480 
244044 78 
244046 72 
244059 179 
244071 106 
244075 145 
244077 138 
244081 147 
244082 4941 
244084 510 
244088 273 
244089 263 
244093 124 
244096 40 
244099 108 
244100 59 
244101 82 
244102 157 
244103 196 
244119 1370 
244124 25 
244133 222 
244133 624 
244136 1325 
244137 185 
244149 151 
244152 30 
244161 19 
244162 357 
244167 304 
244196 234 
244234 69 
244236 821 
244243 178 
244250 125 
244277 114 
244286 319 
244302 16 
244308 47 
244318 253 
244326 242 
244393 130 
244403 143 
244418 189 
244422 235 
244426 12 
244432 185 
244450 70 
244492 135 
244506 67 
244507 627 
244532 292 
244533 413 
244546 257 
244551 15 
244565 239 
244580 147 
244603 61 
244614 1052 
244639 107 
244641 34 
244643 158 
244647 47 
244655 717 
244663 846 
244667 434 
244669 212 
244699 274 
244713 68 
244716 40 
244723 17 
244730 123 
244755 203 
244756 50 
244777 102 
244790 271 
244804 156 
244814 364 
244879 5 
244883 242 
244895 30 
244996 94 
245031 98 
245067 98 
245097 180 
245229 101 
245315 4 
245344 196 
245493 204 
245847 30 
245871 282 
245880 528 
245901 9 
245955 131 
246033 74 
246239 137 
246281 28 
246364 24 
246374 48 
246457 71 
246613 21 
246808 45 
247280 137 
247688 169 
248527 236 
248608 214 
248670 182 
249000 25 
249100 47 
249260 49 
250067 267 
250087 286 
250089 9 
250217 132 
250277 339 
251116 36 
251501 32 
252810 20 
253016 630 
253366 5 
253423 17 
253999 146 
254531 1183 
260097 89 
261427 407 
261557 38 
262177 47 
262185 989 
262206 58 
262243 36 
262287 146 
262635 40 
262906 75 
264023 200 
264809 67 
264938 191 
266663 447 
266900 64 
267955 81 
268090 81 
268701 57 
269022 62 
269196 103 
269848 65 
270998 317 
271551 58 
271572 230 
271760 19 
273145 117 
274483 98 
274483 98 
274524 4 
274524 4 
274540 22 
274540 22 
274551 373 
274551 373 
274576 57 
274636 62 
274667 20 
274779 154 
274899 164 
274903 359 
274923 173 
275032 43 
275053 353 
275216 61 
275289 40 
275487 52 
275565 6 
275579 172 
275754 56 
275765 8 
275958 60 
276178 14 
276181 906 
276470 502 
276800 29 
277574 107 
278024 132 
278906 9 
279107 467 
279391 27 
279548 29 
279759 177 
279881 78 
281256 26 
282036 3 
284961 55 
285493 32 
287634 216 
289436 95 
291381 11 
293602 120 
293980 214 
294041 230 
299601 110 
299802 111 
299802 18 
301106 152 
301301 153 
303835 73 
304608 11 
304962 69 
305751 143 
305990 84 
307965 67 
309986 42 
311779 0 
312535 629 
312856 254 
312940 85 
319093 16 
319271 312 
320642 1553 
324902 51 
325271 26 
325404 17 
325574 10 
326857 122 
328391 210 
328785 17 
329756 11 
330291 176 
330333 313 
330421 43 
330715 26 
330885 56 
331293 1361 
331333 58 
331413 51 
331479 227 
331727 118 
332100 96 
332454 310 
332859 69 
333296 164 
333553 68 
334257 56 
334372 348 
334494 21 
334712 545 
335002 418047 
335020 83 
335020 72 
335026 139 
335028 26 
335028 48 
335029 92 
335031 491 
335033 179 
335033 85 
335034 116 
335035 69 
335036 1193 
335037 94 
335037 280 
335041 256 
335045 81 
335047 228 
335048 23 
335051 662 
335052 92 
335052 71 
335052 27 
335053 163 
335053 56 
335053 131 
335054 190 
335055 233 
335056 120 
335058 279 
335063 1105 
335065 385 
335065 353 
335065 171 
335065 148 
335069 22 
335074 14 
335075 764 
335076 17 
335078 311 
335081 427 
335081 155 
335083 108 
335083 10 
335084 10 
335087 178 
335089 218 
335089 87 
335091 63 
335091 50 
335096 132 
335096 122 
335097 79 
335097 92 
335098 283 
335102 110 
335103 20 
335104 62 
335104 29 
335105 341 
335108 76 
335108 82 
335111 297 
335111 397 
335113 436 
335117 17 
335117 119 
335118 69 
335119 78 
335119 73 
335122 224 
335125 190 
335127 56 
335131 165 
335133 47 
335136 108 
335140 114 
335146 96 
335153 43 
335154 49 
335155 188 
335155 166 
335156 98 
335162 391 
335164 68 
335164 249 
335165 135 
335172 23 
335175 101 
335185 13 
335191 166 
335192 82 
335198 76 
335201 244 
335212 111 
335213 48 
335221 613 
335221 77 
335222 27 
335227 248 
335234 282 
335237 60 
335243 187 
335254 180 
335255 51 
335256 60 
335257 6 
335264 149 
335280 358 
335282 23 
335285 40 
335288 82 
335288 42 
335291 172 
335297 90 
335300 167 
335303 12 
335304 121 
335304 17 
335308 216 
335316 1134 
335322 19 
335324 59 
335329 108 
335335 201 
335336 5 
335338 47 
335347 892 
335348 14 
335353 18 
335358 65 
335361 64 
335367 61 
335369 176 
335375 204 
335378 81 
335382 630 
335388 22 
335395 47 
335398 544 
335400 200 
335408 121 
335411 55 
335415 173 
335415 58 
335429 36 
335432 68 
335436 30 
335443 594 
335445 8428 
335463 27 
335468 54 
335476 157 
335479 32 
335486 48 
335508 192 
335524 135 
335551 120 
335557 1091 
335558 153 
335559 124 
335560 21 
335563 69 
335564 102 
335564 802 
335571 31 
335572 162 
335588 56 
335592 43 
335608 79 
335624 112 
335629 52 
335630 51 
335636 55 
335642 194 
335649 347 
335654 30 
335674 10 
335677 90 
335680 239 
335681 90 
335683 97 
335686 119 
335719 44 
335722 94 
335743 26 
335779 169 
335821 127 
335830 39 
335836 123 
335837 66 
335866 51 
335866 45 
335895 47 
335900 81 
335907 86 
335910 49 
335911 17 
335923 47 
335931 11 
335994 234 
335997 17 
335997 58 
336002 58 
336009 29 
336036 8 
336037 60 
336050 120 
336054 173 
336058 259 
336082 18 
336084 117 
336114 20 
336119 602 
336130 51 
336160 951 
336189 345 
336189 44 
336202 292 
336314 108 
336329 73 
336340 179 
336341 119 
336414 29 
336435 39 
336441 516 
336444 21 
336521 5257 
336733 174 
336763 159 
336833 148 
336865 160 
336937 402 
337022 145 
337094 48 
337700 136 
338075 23 
338278 270 
339361 54 
339753 80 
339815 76 
339931 97 
340906 21 
341162 32 
342315 19 
343372 52 
343646 20 
345207 13 
345365 67 
346835 22 
347204 6 
351149 255 
351517 51 
352941 996 
353021 1009 
354516 82 
355220 4 
360382 41 
360707 25 
361062 60 
361250 333 
362865 1451 
365056 57 
365509 182 
365732 33 
368673 1148 
377606 426 
378248 9 
382981 4 
387612 38 
388937 524 
392400 349 
392424 168 
392564 185 
392683 417 
392988 387 
393439 147 
397742 2787 
397788 66 
400521 55 
401125 85 
403936 1132 
403988 888 
404583 1074 
408302 26 
414797 8 
414808 202 
415280 62 
417118 83 
417926 193 
418381 33 
418652 74 
418758 822 
418767 56 
418783 118 
418783 107 
418819 1665 
418884 457 
418905 56 
418927 173 
419019 137 
419079 130 
419254 275 
419520 126 
419798 51 
419958 57 
420206 21 
420526 77 
421155 38 
422198 49 
422820 146 
423302 30 
423399 92 
423792 71 
423844 528 
424057 26 
424079 65 
425128 105 
425155 5 
425191 97 
425464 212 
425631 86 
426279 149 
426856 525 
428323 12 
428365 516 
428491 466 
429067 48 
432512 8 
434752 399 
435472 173 
436284 1713 
436360 306 
439132 82 
439681 71 
440320 121 
441962 116 
443230 25 
448588 423741 
448604 74 
448610 7 
448612 265 
448616 270 
448619 326 
448620 314 
448621 134 
448621 211 
448624 157 
448629 62 
448634 11 
448637 182 
448638 137 
448639 24 
448640 145 
448646 72 
448646 256 
448647 110 
448647 110 
448647 61 
448648 2102 
448648 53 
448649 96 
448650 34 
448651 41 
448652 306 
448657 83 
448657 900 
448665 87 
448666 262 
448670 67 
448671 147 
448671 188 
448672 226 
448674 37 
448677 69 
448685 56 
448691 3 
448697 65 
448698 1728 
448699 188 
448699 51 
448703 22 
448708 180 
448710 93 
448712 130 
448721 143 
448725 545 
448725 42 
448727 388 
448727 134 
448732 243 
448736 110 
448737 139 
448740 89 
448743 321 
448743 160 
448745 518 
448745 111 
448747 21 
448757 804 
448764 69 
448766 380 
448768 273 
448774 683 
448775 31 
448801 545 
448803 331 
448811 178 
448815 47 
448821 1583 
448824 309 
448824 146 
448836 76 
448838 883 
448840 332 
448853 3 
448864 147 
448865 23 
448872 31 
448874 1209 
448889 102 
448893 238 
448898 374 
448900 1250 
448907 30 
448913 37 
448916 127 
448945 53 
448952 34 
448956 64 
448963 405 
448970 165 
448976 67 
448988 91 
448989 71 
448995 23 
448996 51 
449005 20 
449006 259 
449028 139 
449042 473 
449067 258 
449072 80 
449083 176 
449092 105 
449094 12 
449108 57 
449109 132 
449143 64 
449144 141 
449186 132 
449205 85 
449212 72 
449218 84 
449234 50 
449261 25 
449283 133 
449285 157 
449289 43 
449327 14 
449331 161 
449343 137 
449370 77 
449377 25 
449384 232 
449393 285 
449407 79 
449431 540 
449437 128 
449438 39 
449442 148 
449490 104 
449505 40 
449523 67 
449526 81 
449555 36 
449572 21 
449575 98 
449625 70 
449691 50 
449702 15 
449720 4 
449730 420 
449774 9 
449776 156 
449777 39 
449807 61 
449834 17 
449839 122 
449844 31 
449849 73 
449856 16 
449876 146 
449882 40 
449894 125 
449903 19 
449916 115 
449922 124 
449934 28 
449941 64 
449943 127 
449970 82 
449972 53 
449977 128 
450012 152 
450058 201 
450088 72 
450101 114 
450207 9 
450221 93 
450229 123 
450343 71 
450379 153 
450477 20 
450554 270 
450624 19 
450690 96 
451199 50 
451230 84 
451286 64 
452097 37 
452208 68 
452251 61 
452490 82 
452549 38 
452904 52 
453145 19 
453699 108 
453799 66 
454580 482 
455588 77 
456158 74 
456202 32 
456511 1043 
456542 20 
456777 851 
457682 25 
461695 179 
465933 23 
467605 484 
467982 103 
468749 14 
470039 19 
473865 181 
477966 39 
478531 314 
478799 149 
478849 115 
478923 212 
479791 1187 
480073 917 
482014 128 
482444 32 
482925 102 
482981 3331 
483773 190 
484194 257 
484488 5 
485655 9 
485904 44 
486239 1469 
486347 710 
488348 293 
488467 195 
488524 24 
489038 54 
489179 38 
489234 63 
489263 84 
489263 49 
489279 222 
489380 269 
489417 150 
489473 64 
489734 53 
489751 196 
490029 459 
490047 236 
490374 10 
490653 40 
491393 36 
494504 317 
495276 168 
496598 17 
497394 21 
497615 513 
497643 26 
497950 182 
499583 37 
500596 19 
501113 10 
501234 21 
502101 44 
502918 9 
504847 116 
505428 181 
505490 266 
506021 224 
506190 303 
509011 101 
509389 53 
510509 444 
510978 36 
511583 196 
511603 218 
512090 201 
513905 153 
514714 270 
515254 31 
518330 123 
519998 240 
520785 2245 
522902 57 
523174 63 
524097 12 
525259 56 
525320 133 
527416 22 
528579 50 
529237 524 
529751 74 
530457 902 
532320 46 
532555 145 
534851 769 
536131 16 
540169 92 
541034 10 
543427 50 
551297 1264 
551319 364 
551363 356 
560870 260 
562664 54 
563001 116 
564025 42 
567886 12 
569662 20 
571465 54 
571465 54 
578789 28 
581092 19 
583020 57 
583155 1507 
583271 95 
584891 18 
585153 1037 
585382 360 
585535 330 
585673 249 
585815 161 
585839 59 
586128 94 
586285 1133 
589762 96 
590071 12 
594676 8 
597027 132 
599700 240 
600863 279 
601368 611 
601612 159 
603396 119 
604285 414 
