2773 11.0669097222
0 14613843 
5 21 
7 1548 
57 1141 
57 1777 
57 62 
57 2 
58 16 
58 446 
58 919 
58 242 
59 11 
59 147 
59 1066 
59 1329 
59 212 
59 317 
60 57 
60 1107 
60 7 
60 17 
60 698 
61 527 
61 61 
61 203 
61 5640 
61 47 
62 1052 
62 268 
62 800 
62 79 
63 2225 
63 11199 
63 676 
63 2784 
64 863 
64 0 
64 3528 
64 19 
64 555 
64 53 
64 31 
64 3092 
65 891 
65 343 
65 257 
65 606 
65 311 
65 75 
65 581 
65 858 
66 77 
66 805 
66 184 
66 220 
66 2506 
66 77 
66 359 
67 1339 
67 26781 
67 526 
67 30 
67 107 
67 84 
67 2513 
68 463 
68 4284 
68 1922 
68 26 
68 754 
68 1140 
69 372 
69 387 
69 669 
70 209 
70 930 
70 1685 
70 1507 
70 1649 
71 128 
71 400 
71 150 
71 227 
71 722 
71 191 
71 649 
71 1406 
71 332 
72 1326 
72 3191 
72 712 
72 116 
73 97 
73 1013 
73 390 
73 45 
73 1013 
73 3095 
73 1110 
73 2577 
74 3249 
74 3172 
74 883 
74 181 
74 201 
74 218 
75 183 
75 559 
75 252 
75 380 
76 154 
76 88 
76 1077 
77 176 
77 615 
77 1464 
78 3081 
78 626 
78 86 
78 9 
78 135 
78 4 
78 55 
78 552 
79 129 
79 336 
79 291 
79 24 
79 1285 
79 36 
79 556 
79 1316 
79 1359 
80 260 
80 232 
80 146 
80 617 
80 56 
80 185 
80 46 
80 206 
80 4621 
80 46 
80 2 
81 13 
81 177 
81 243 
81 107 
81 3459 
81 820 
81 1571 
81 1489 
81 149 
82 579 
82 1276 
82 19 
82 272 
82 23 
82 325 
82 114 
83 85 
83 124 
83 1881 
83 567 
83 281 
83 34 
83 40 
84 845 
84 44 
85 1392 
85 133 
85 281 
85 5068 
85 232 
85 321 
86 1767 
86 6045 
87 59 
87 554 
87 742 
87 515 
87 149 
87 43 
88 701 
88 3792 
88 870 
88 368 
89 107 
89 172 
89 19 
89 648 
89 9131 
90 13 
90 329 
90 362 
90 643 
91 23 
91 156 
91 225 
92 346 
92 49 
92 57 
92 281 
92 3833 
92 2776 
92 13 
93 6 
93 249 
93 164 
93 198 
94 147 
94 669 
94 44 
94 1553 
94 150 
94 1238 
94 1238 
95 415 
95 410 
95 1128 
95 132 
96 37 
96 743 
96 896 
97 117 
97 773 
97 102 
98 12 
98 22 
98 354 
98 141 
98 140 
98 224 
99 65 
99 441 
99 136 
99 49 
99 14 
99 785 
100 81 
100 176 
100 941 
101 1067 
101 2697 
101 1649 
101 1145 
101 2642 
102 83 
102 523 
102 573 
102 67 
102 193 
102 142 
102 76 
103 23 
104 8934 
104 639 
104 86 
104 15302 
104 684 
104 0 
105 516 
105 165 
105 308 
105 69 
105 525 
106 164 
106 253 
106 54 
106 320 
108 227 
108 1212 
108 36 
108 6652 
108 69 
108 183 
108 7193 
109 1239 
109 58 
109 302 
109 565 
110 210 
110 227 
111 340 
111 8 
111 2754 
111 173 
111 480 
111 296 
111 266 
111 4 
111 551 
111 1198 
112 75 
112 382 
112 1039 
112 90 
112 211 
112 197 
113 1808 
113 696 
113 101 
113 597 
113 3098 
113 400 
114 2715 
114 2504 
114 265 
114 941 
115 423 
116 185 
116 449 
116 1196 
116 1097 
116 390 
116 444 
117 5 
117 24 
117 978 
117 47 
117 833 
118 8 
118 133 
118 333 
118 5 
119 65 
119 89 
119 89 
119 1586 
119 33 
120 193 
120 68 
121 619 
121 962 
121 777 
122 1696 
122 619 
122 1559 
122 187 
123 145 
123 842 
123 257 
123 1208 
124 15 
125 35 
126 44 
126 167 
126 91 
127 189 
127 540 
127 22 
127 35 
127 3460 
127 405 
128 87 
128 1197 
128 7133 
128 478 
128 2592 
129 79 
129 45 
129 893 
130 375 
131 53 
132 116 
132 38 
132 44 
132 54 
133 18 
133 44 
134 496 
134 175 
134 2786 
134 207 
134 623 
134 14 
134 424 
134 1598 
135 699 
135 100 
135 54 
135 114 
135 319 
137 1759 
137 11 
137 36 
139 653 
139 1503 
140 37 
140 399 
140 219 
140 573 
140 10113 
141 154 
141 241 
142 56 
143 16 
143 142 
143 84 
144 26 
144 304 
145 150 
145 175 
145 1472 
145 2630 
146 575 
146 29 
146 3355 
146 157 
146 234 
147 58 
147 643 
147 310 
147 21 
147 995 
148 21 
149 209 
149 251 
149 381 
150 50 
150 65 
150 196 
151 8 
151 67 
151 58 
151 1 
151 68 
152 75 
152 77 
152 1637 
152 616 
153 969 
153 316 
153 119 
153 849 
154 340 
155 3 
155 939 
156 98 
157 301 
157 374 
157 2 
158 242 
158 189 
158 63 
158 121 
159 136 
160 39 
160 88 
161 492 
161 446 
162 274 
162 54 
162 664 
163 99 
163 649 
163 179 
164 80 
164 2979 
165 7 
165 105 
165 140 
165 37 
166 667 
167 1073 
167 2694 
168 260 
168 38 
170 115 
170 1179 
171 107 
171 778 
171 11 
171 652 
171 60 
172 45 
172 316 
172 256 
173 319 
174 838 
174 213 
175 236 
176 90 
176 1138 
177 1685 
177 1392 
229 109 
230 49 
230 91 
230 122 
230 93 
231 358 
231 21 
231 774 
232 1474 
232 54 
234 457 
235 75 
235 51 
236 186 
236 133 
237 163 
238 74 
239 23 
240 126 
240 90 
240 1 
240 4106 
241 140 
241 156 
243 188 
243 230 
244 1337 
246 45 
246 30 
246 2112 
247 89 
250 68 
250 126 
250 99 
251 87 
252 3 
252 38 
253 1424 
253 1424 
253 338 
253 189 
254 133 
254 38 
254 14 
255 380 
255 347 
256 83 
256 181 
256 1545 
257 344 
258 51 
258 70 
258 378 
259 699 
261 130 
261 382 
261 2 
261 1199 
262 91 
262 499 
262 727 
263 111 
263 91 
263 36 
265 103 
265 11 
266 3884 
267 71 
268 88 
268 37 
269 235 
270 174 
270 214 
271 577 
271 226 
272 329 
273 889 
274 5141 
275 49 
276 1165 
276 208 
277 148 
277 164 
277 230 
278 119 
278 382 
279 160 
280 35 
282 91 
284 113 
284 1491 
284 43 
285 58 
286 164 
287 87 
288 254 
288 1 
288 2 
290 1 
291 114 
291 332 
293 21 
295 11 
299 2449 
301 994 
304 94 
304 334 
306 111 
307 621 
307 343 
307 101 
310 1166 
313 454 
313 2796 
313 682 
314 18 
317 675 
318 1486 
319 751 
319 424 
320 759 
323 2524 
323 240 
323 762 
323 492 
325 1414 
325 4376 
326 727 
326 1732 
329 130 
331 507 
334 443 
337 628 
337 105 
341 30 
342 250 
342 1972 
342 238 
343 211 
346 342 
346 77 
348 155 
349 194 
350 430 
351 172 
351 455 
352 6 
353 222 
353 148 
353 2378 
355 6 
355 171 
355 42 
356 1209 
357 142 
357 356 
358 385 
358 991 
358 50 
358 194 
360 60 
361 109 
416 40 
422 3569 
425 81 
426 710 
427 290 
428 240 
429 674 
430 45 
432 12 
434 200 
436 996 
439 39 
442 2216 
443 20 
443 1884 
444 81 
449 260 
450 650 
451 1128 
453 68 
456 206 
457 1557 
457 3170 
458 525 
460 282 
461 472 
461 0 
462 71 
462 2197 
463 104 
463 64 
464 269 
472 435 
472 1464 
474 2437 
476 436 
476 798 
477 412 
478 73 
478 361 
480 625 
481 321 
481 336 
482 4145 
483 422 
486 521 
486 66 
487 237 
488 781 
488 1160 
489 616 
493 825 
495 81 
496 1520 
497 265 
503 2005 
505 171 
505 546 
506 166 
506 27 
507 600 
510 100 
510 179 
511 2258 
513 285 
516 73 
516 96 
517 225 
517 243 
519 289 
521 2012 
522 31 
524 1111 
531 779 
532 74 
534 443 
536 126 
537 691 
539 247 
540 995 
540 0 
541 1362 
545 1435 
546 3137 
546 85 
547 173 
601 27 
603 2116 
604 614 
605 12 
607 1466 
610 1759 
610 26 
611 278 
612 470 
613 112 
615 113 
616 3369 
620 207 
622 60 
624 1103 
625 87 
627 78 
629 6 
630 517 
632 234 
634 73 
638 83 
642 1573 
643 427 
643 246 
646 223 
646 2551 
646 54 
647 28 
649 13 
650 2174 
652 32 
653 876 
654 1505 
655 278 
657 71 
657 6567 
658 410 
658 311 
658 173 
660 22 
661 1204 
662 2575 
663 1040 
667 58 
669 29 
669 167 
669 2444 
671 3640 
671 482 
673 1506 
676 82 
676 82 
677 662 
678 8 
683 1348 
687 15 
687 3060 
691 598 
696 151 
702 607 
706 1330 
709 1019 
715 10507 
716 96 
717 183 
723 306 
723 134 
725 157 
727 106 
786 390 
786 0 
788 354 
789 589 
789 860 
792 14421 
798 337 
801 478 
803 231 
804 1654 
807 936 
811 9 
811 17 
815 12 
818 571 
821 8280 
823 242 
823 57 
823 1755 
826 28 
826 204 
830 527 
831 107 
833 332 
835 257 
835 39 
837 556 
839 84 
840 47 
848 40 
849 9138 
850 3076 
850 481 
855 127 
856 2047 
861 761 
867 19 
870 496 
871 269 
880 82 
881 658 
882 16 
884 99 
893 131 
896 173 
902 355 
905 82 
961 361 
962 6 
962 71 
963 40 
964 5545 
964 21 
970 133 
971 1719 
974 72 
975 11549 
975 93 
976 189 
976 147 
976 928 
979 80 
981 61 
984 15 
986 320 
991 890 
999 17 
1001 245 
1006 403 
1014 13 
1014 526 
1017 63 
1024 125 
1032 1 
1036 81 
1039 36 
1040 1052 
1043 29 
1047 515 
1052 102 
1053 54 
1057 183 
1058 4195 
1059 568 
1066 1850 
1067 730 
1073 90 
1075 1101 
1076 18 
1078 110 
1080 3265 
1138 75 
1144 313 
1147 56 
1152 189 
1154 92 
1161 167 
1164 255 
1164 831 
1169 146 
1170 69 
1178 865 
1181 1231 
1183 342 
1188 75 
1194 30 
1196 2655 
1199 1268 
1206 1 
1212 1501 
1212 1125 
1212 1371 
1216 97 
1216 58 
1216 26 
1221 59 
1224 583 
1227 782 
1228 75 
1231 433 
1238 167 
1241 47 
1243 0 
1243 330 
1245 68 
1247 64 
1252 1070 
1260 28 
1264 627 
1264 0 
1266 306 
1269 238 
1274 187 
1276 300 
1277 498 
1338 1073 
1344 235 
1346 1005 
1347 237 
1349 213 
1349 18 
1349 520 
1359 859 
1362 1667 
1363 114 
1366 102 
1368 122 
1370 1807 
1380 277 
1381 229 
1389 488 
1390 115 
1391 10 
1393 82 
1396 311 
1407 350 
1408 1741 
1409 188 
1411 25 
1425 3303 
1427 1151 
1427 1059 
1429 412 
1433 715 
1434 509 
1441 141 
1444 9 
1446 245 
1503 1825 
1512 143 
1512 250 
1520 46 
1527 35 
1528 503 
1529 15 
1532 1405 
1545 374 
1548 73 
1560 77 
1562 729 
1573 246 
1576 3533 
1582 335 
1588 1653 
1588 104 
1591 161 
1591 221 
1592 2243 
1599 1825 
1607 2039 
1613 41 
1626 10 
1628 76 
1683 700 
1684 20 
1684 99 
1684 746 
1688 1834 
1690 497 
1696 1529 
1703 4 
1716 160 
1718 2105 
1719 151 
1722 541 
1733 85 
1735 1408 
1739 166 
1748 12 
1748 670 
1750 1335 
1752 46 
1762 364 
1762 64 
1765 87 
1773 99 
1775 1075 
1778 2 
1787 2469 
1789 1209 
1791 103 
1794 300 
1798 84 
1856 1251 
1871 4 
1872 16 
1877 75 
1879 29 
1879 1648 
1883 17 
1893 269 
1893 154 
1894 351 
1899 22 
1913 395 
1920 1136 
1922 75 
1924 373 
1932 23 
1940 227 
1944 2333 
1944 118 
1945 8 
1946 65 
1947 1045 
1954 18 
1963 190 
1964 169 
1966 453 
1970 1268 
1976 197 
1982 1356 
1987 739 
1988 33 
1990 99 
1992 128 
1993 349 
1995 291 
2066 40 
2066 109 
2094 15 
2101 657 
2107 86 
2109 14 
2113 236 
2118 55 
2118 63 
2122 35 
2126 319 
2129 449 
2130 267 
2137 499 
2139 0 
2159 1737 
2161 878 
2170 140 
2177 1224 
2238 5381 
2239 35 
2239 1658 
2240 2209 
2245 238 
2257 34 
2261 2217 
2263 3 
2266 31 
2272 416 
2276 83 
2277 200 
2294 109 
2309 9 
2309 307 
2317 566 
2318 28 
2319 14 
2326 636 
2337 1439 
2418 81 
2425 543 
2436 221 
2437 41 
2443 55 
2454 536 
2463 1647 
2469 165 
2480 347 
2480 3359 
2486 105 
2489 877 
2492 18 
2516 30 
2521 15 
2524 209 
2532 81 
2611 2250 
2611 874 
2626 246 
2635 89 
2646 1373 
2646 380 
2665 911 
2672 601 
2677 85 
2686 286 
2695 316 
2698 4 
2705 66 
2708 626 
2712 16 
2715 117 
2720 591 
2724 91 
2728 2139 
2732 1132 
2739 1330 
2742 205 
2747 34 
2751 789 
2753 195 
2760 157 
2761 546 
2762 997 
2764 188 
2764 166 
2768 168 
2770 2505 
2770 682 
2849 132 
2850 118 
2854 244 
2859 11 
2863 341 
2864 1026 
2865 953 
2869 126 
2871 416 
2886 2481 
2892 0 
2900 78 
2900 561 
2902 398 
2906 163 
2911 3150 
2916 1580 
2917 919 
2935 256 
2936 150 
2940 157 
2941 154 
2942 5403 
2946 7 
2951 110 
2952 968 
2955 1924 
2955 1027 
2956 65 
2963 10 
2970 365 
2975 129 
3043 1286 
3045 176 
3057 507 
3074 24 
3082 643 
3084 467 
3090 358 
3093 280 
3103 115 
3121 841 
3128 764 
3141 737 
3149 542 
3151 132 
3152 108 
3155 75 
3170 39 
3173 392 
3191 416 
3198 961 
3266 917 
3267 537 
3276 487 
3286 5 
3302 117 
3303 2385 
3343 123 
3350 4825 
3355 8 
3359 109 
3374 812 
3406 103 
3410 72 
3414 15 
3417 250 
3419 273 
3422 51 
3427 26399 
3437 2888 
3511 50 
3526 1655 
3533 2668 
3554 247 
3569 781 
3575 476 
3577 98 
3582 7 
3601 173 
3620 56 
3621 34 
3622 1408 
3624 6436 
3626 1176 
3626 83 
3626 2264 
3630 727 
3633 26 
3638 504 
3651 372 
3666 693 
3727 1745 
3731 856 
3755 1865 
3772 224 
3774 39 
3785 59 
3792 1563 
3804 605 
3814 2897 
3816 90 
3840 224 
3841 207 
3845 568 
3852 1999 
3863 34 
3902 526 
3909 1762 
3916 2509 
3980 6 
4001 827 
4005 360 
4005 348 
4052 30 
4052 212 
4063 1220 
4064 1997 
4074 328 
4076 1280 
4096 821 
4111 552 
4111 1628 
4119 112 
4146 1454 
4152 43 
4168 48 
4174 47 
4261 2604 
4261 1402 
4313 451 
4317 1281 
4334 2307 
4357 2973 
4362 1125 
4375 158 
4376 608 
4403 378 
4426 140 
4442 1 
4526 425 
4534 914 
4539 824 
4545 509 
4565 19 
4576 3537 
4589 204 
4600 149 
4611 62 
4622 500 
4626 319 
4633 424 
4642 899 
4684 94 
4692 11 
4702 103 
4819 256 
4838 66 
4876 94 
4900 1220 
4904 2 
4931 79 
4945 817 
4950 68 
4972 10 
5107 81 
5111 1749 
5131 401 
5148 381 
5191 1373 
5196 84 
5229 1034 
5249 793 
5262 4408 
5267 325 
5277 2145 
5283 3138 
5316 1433 
5392 380 
5400 96 
5417 1420 
5418 21 
5460 171 
5502 245 
5521 2478 
5569 54 
5582 130 
5584 61 
5588 257 
5623 681 
5726 521 
5728 1933 
5789 146 
5828 12 
5828 1237 
5965 91 
5971 1675 
6017 871 
6018 1032 
6038 214 
6052 17635 
6092 1177 
6186 1250 
6210 237 
6239 320 
6249 74 
6288 8 
6331 2020 
6333 532 
6353 1689 
6378 69 
6411 1128 
6498 1030 
6499 254 
6515 3447 
6528 40 
6549 38 
6558 407 
6572 8 
6595 403 
6670 519 
6700 409 
6734 52 
6745 4792 
6805 814 
6814 895 
6886 888 
6893 138 
6929 693 
6954 2081 
6989 47 
6993 134 
7048 15 
7148 385 
7181 456 
7199 375 
7204 307 
7250 8 
7334 547 
7353 397 
7360 4374 
7374 6333 
7400 714 
7425 6640 
7431 32 
7441 1813 
7475 2160 
7481 104 
7487 1633 
7513 592 
7617 270 
7665 538 
7700 71 
7717 417243 
7784 232 
7898 171 
7929 4 
7943 356 
7954 331 
7976 31 
8123 546 
8255 165 
8319 26 
8328 599 
8461 21 
8464 1182 
8546 151 
8581 375 
8582 1266 
8589 1488 
8660 623 
8669 2039 
8698 5069 
8812 1260 
8843 292 
8965 1335 
9173 946 
9196 529 
9214 1631 
9219 1799 
9281 13201 
9292 40 
9367 188 
9475 17 
9540 840 
9657 1036 
9676 30 
9722 1578 
9830 414 
9844 170 
9860 224 
9998 1706 
10133 685 
10142 12561 
10163 994 
10193 2 
10290 1201 
10319 2988 
10343 406 
10426 1583 
10469 56 
10534 174 
10537 767 
10606 25 
10613 143 
10760 39 
10775 292 
10809 9942 
10877 1618 
10907 811 
10984 268 
11002 0 
11050 1186 
11085 3413 
11122 5188 
11129 219 
11234 1216 
11278 546 
11283 1699 
11409 263 
11417 332 
11451 1388 
11643 458 
11759 264 
11847 143 
11882 334 
11919 2737 
11922 25 
11956 633 
11978 3215 
11981 190 
12119 468 
12194 59 
12360 363 
12548 168 
12562 3345 
12562 740 
12632 390 
12661 1332 
12662 226 
12666 31 
12699 791 
12703 578 
12758 215 
12759 60 
12795 160 
12817 197 
12878 5644 
12921 225 
12933 2435 
12940 278 
13122 1224 
13233 178 
13261 1127 
13291 263 
13428 31 
13461 189 
13594 1904 
13738 447 
13746 1553 
13825 32 
13837 260 
13865 4266 
13919 4063 
13960 62 
14016 2415 
14062 150 
14088 196 
14114 3851 
14132 251 
14175 342 
14203 121 
14252 1688 
14307 766 
14324 393 
14326 4086 
14413 6192 
14456 289 
14482 58 
14629 899 
14676 3062 
14732 1085 
14764 7 
14765 688 
14781 3800 
14851 724 
14898 28 
14900 247 
14908 132 
14917 389 
15113 13 
15209 1488 
15231 283 
15324 755 
15329 431 
15344 320 
15352 2501 
15443 1504 
15459 205 
15461 472 
15482 1422 
15584 47 
15586 267 
15688 3432 
15712 1958 
15739 783 
15787 228 
15829 436 
15873 506 
15927 1992 
15995 695 
16004 1418 
16044 1789 
16071 1115 
16085 327 
16143 2204 
16221 790 
16244 207 
16256 9045 
16258 803 
16342 288 
16371 196 
16378 173 
16445 210 
16488 1668 
16493 165 
16558 747 
16564 5836 
16568 2497 
16667 1177 
16810 761 
16822 152 
16835 6 
16836 315 
16850 153 
16853 17 
16854 2382 
16867 3405 
16921 1807 
16937 3468 
17102 1199 
17138 238 
17150 347 
17186 219 
17255 384 
17349 2343 
17409 139 
17499 1 
17522 428 
17616 1814 
17656 397 
17698 154 
17704 2600 
17762 969 
17798 393 
17801 58 
17871 566 
17902 346 
17912 2329 
17921 2170 
18050 600 
18115 55 
18251 653 
18314 1328 
18320 5625 
18400 1898 
18503 1134 
18574 1292 
18593 202 
18619 1213 
18619 2472 
18699 1437 
18766 4485 
18800 1342 
18846 306 
18856 393 
18865 46 
18909 1622 
18927 284 
18928 264 
18980 28 
19000 151 
19057 93 
19105 2005 
19108 9766 
19122 1948 
19250 1033 
19274 1604 
19336 453 
19371 2926 
19422 1318 
19554 335 
19572 862 
19643 207 
19673 236 
19694 1460 
19704 142 
19741 824 
19821 537 
19834 257 
19920 689 
19920 689 
19935 685 
19935 685 
19973 505 
19973 505 
20081 1200 
20088 860 
20145 2468 
20153 793 
20156 2724 
20222 1619 
20307 1234 
20324 347 
20325 3481 
20464 125 
20577 3759 
20624 4007 
20632 133 
20650 196 
20767 1862 
20833 21735 
20890 1418 
20895 2049 
20916 7614 
20931 829 
21036 3331 
21036 24 
21085 1907 
21149 28 
21253 13 
21258 1445 
21349 123 
21375 1328 
21395 1185 
21464 825 
21481 390 
21702 4900 
21794 5208 
21809 466 
21811 162 
22098 92 
22118 143 
22175 1663 
22186 3042 
22207 200 
22357 799 
22433 284 
22446 442 
22486 994 
22550 13 
22812 46 
22831 951 
23022 578 
23152 816 
23161 1576 
23312 737 
23404 1577 
23486 259 
23643 2266 
23662 39 
23726 524 
23830 384 
23870 677 
23943 229 
24072 1687 
24113 626 
24176 2314 
24640 1764 
24667 1 
24685 78 
24707 3825 
24721 1148 
24936 518 
25062 19 
25099 153 
25126 7156 
25238 2981 
25274 3180 
25302 1672 
25355 415 
25360 51 
25371 1882 
25399 1619 
25399 2007 
25411 15 
25451 369 
25469 415 
25520 24 
25560 3954 
25588 165 
25695 53 
25709 3670 
25774 742 
25923 413 
25981 1542 
26019 1664 
26036 141 
26078 3200 
26219 750 
26229 96 
26234 296 
26281 2923 
26443 272 
26449 4410 
26814 412 
26817 204 
26889 196 
26893 83 
26921 181 
26994 2315 
27018 357 
27027 538 
27062 777 
27073 300 
27087 67 
27115 0 
27202 530 
27405 392 
27437 35 
27620 372 
27647 556 
27857 1051 
27898 759 
28029 561 
28042 16 
28061 272 
28181 733 
28250 2725 
28322 4 
28367 772 
28395 3140 
28433 588 
28524 695 
28539 481 
28739 44 
28867 1377 
28999 440 
29000 2126 
29035 1080 
29139 425 
29414 1919 
29581 560 
29618 372 
29744 72 
29801 2030 
29853 2481 
29854 914 
29922 3404 
29925 356 
29997 2420 
30006 1010 
30023 749 
30097 4197 
30102 161 
30126 99 
30292 610 
30404 7651 
30431 341 
30498 2327 
30691 442 
30771 151 
30827 139 
31015 699 
31102 893 
31463 1894 
31530 4009 
31741 371 
31765 1564 
31766 1780 
31944 1264 
31944 138 
32192 336 
32203 1159 
32319 115 
32347 1413 
32429 949 
32521 42 
32616 87 
32658 697 
32685 25955 
32852 25 
33030 17 
33217 2855 
33224 3804 
33235 871 
33261 0 
33365 2509 
33396 24700 
33417 101 
33459 1314 
33471 1079 
33502 604 
33522 15 
33567 1587 
33620 2103 
33639 5401 
33753 476 
33757 2721 
33766 1045 
33818 642 
33863 52 
33877 3708 
34037 2 
34089 142 
34147 807 
34149 333 
34366 2644 
34429 27 
34435 2521 
34540 7 
34579 591 
34701 1304 
34719 1121 
34842 1318 
34927 328 
34986 291 
35008 9 
35028 57 
35090 1441 
35098 879 
35159 1641 
35255 848 
35342 336 
35420 64 
35432 1776 
35598 679 
35610 1084 
35613 228 
35746 741 
35750 960 
35839 1003 
35853 1989 
35895 1103 
35953 2567 
36022 3515 
36022 3515 
36183 496 
36285 798 
36469 176 
36551 392 
36670 602 
36706 298 
36735 2593 
36813 1764 
36857 164 
36923 422 
36947 3005 
37273 711 
37339 56 
37346 6 
37410 957 
37427 116 
37435 113 
37467 877 
37505 2140 
37531 0 
37593 154 
37671 1160 
37681 468 
37837 279 
37872 1356 
37890 1811 
38020 349 
38047 240 
38057 6629 
38163 479 
38198 910 
38293 404 
38317 3129 
38324 582 
38326 26925 
38349 131 
38352 3572 
38352 624 
38360 1913 
38367 400 
38448 1414 
38468 28 
38473 811 
38504 4567 
38516 166 
38549 1059 
38636 212 
38702 524 
38722 439 
38785 996 
38814 514 
38843 1108 
38848 2060 
38872 763 
38990 37 
39060 295 
39119 41 
39138 1686 
39169 522 
39191 437 
39232 60 
39235 1023 
39306 381 
39437 244 
39456 1296 
39499 223 
39510 3055 
39599 172 
39655 785 
39655 100 
39662 170 
39698 94 
39814 1222 
39861 1041 
39973 19 
39989 385 
40080 372 
40121 1418 
40300 3239 
40344 434 
40565 22 
40587 1398 
40630 1388 
40780 291 
40794 1148 
40800 138 
40926 2410 
40965 445 
41077 56 
41113 1323 
41158 2455 
41233 1108 
41251 646 
41253 8553 
41289 780 
41369 1173 
41589 523 
41619 2078 
41632 2 
41663 172 
41670 838 
41751 132 
41763 357 
41843 1212 
41938 245 
42095 3328 
42107 921 
42114 171 
42129 380 
42130 1600 
42135 8163 
42147 379 
42180 706 
42347 1179 
42389 2461 
42536 121 
42550 943 
42551 3100 
42554 169 
42587 194 
42630 375 
42651 150 
42740 271 
42749 75 
42818 108 
42859 50 
42870 473 
42906 2083 
42935 3369 
42966 392 
43048 1619 
43107 1945 
43166 410 
43243 984 
43310 826 
43348 122 
43397 10 
43546 145 
43732 232 
43827 1123 
43850 353 
43913 186 
44078 535 
44096 801 
44360 257 
44376 4615 
44565 2 
44614 8 
44616 256 
44729 1525 
44761 927 
44827 342 
44925 1441 
45091 423 
45133 4418 
45150 192 
45243 132 
45328 1838 
45433 337 
45669 50 
45742 2194 
45743 553 
45838 265 
45865 105 
45868 61 
45926 776 
46052 509 
46148 188 
46182 482 
46309 2327 
46366 500 
46621 8064 
46701 1816 
46793 834 
46805 322 
46863 1853 
46867 183 
46979 408 
47050 304 
47283 364 
47307 1894 
47308 277 
47505 111 
47557 203 
47610 80 
47632 1852 
47644 231 
47709 59 
47709 299 
47718 1264 
47786 10 
47891 17 
47978 585 
48068 133 
48131 31 
48193 140 
48326 1620 
48352 745 
48432 363 
48452 441 
48614 2021 
48710 910 
48728 217 
48747 60 
48829 815 
48842 2549 
49114 450 
49143 140 
49201 939 
49248 2146 
49274 2902 
49412 5111 
49427 135 
49580 58 
49668 175 
49684 950 
49699 1090 
49753 463 
49861 63 
49891 437 
49898 1121 
50159 4358 
50166 6512 
50208 334 
50220 575 
50345 507 
50386 182 
50515 150 
50617 164 
50628 1527 
50642 1228 
50664 103 
50682 328 
50786 563 
50794 2602 
50846 2806 
50864 91 
50955 304 
50997 243 
51020 178 
51186 0 
51328 147 
51673 18 
51871 238 
51933 647 
51974 308 
51982 96 
51992 2218 
52015 70 
52017 919 
52107 404 
52169 212 
52192 1559 
52318 170 
52332 1017 
52340 2455 
52343 548 
52365 699 
52383 351 
52408 2797 
52416 1249 
52541 2987 
52814 728 
52855 295 
52890 1011 
52947 533 
53046 208 
53048 239 
53085 1604 
53095 639 
53167 792 
53335 1179 
53377 1445 
53517 175 
53518 1364 
53558 211 
53575 276 
53590 497 
53689 451 
53717 158 
53728 1268 
53769 1286 
53875 1 
53891 1381 
53914 96 
53932 1418 
53935 195 
54129 479 
54201 1674 
54326 1243 
54357 274 
54357 1024 
54487 103 
54508 400 
54614 552 
54683 8 
54741 697 
54935 96 
55170 2813 
55307 1627 
55329 311 
55444 5625 
55533 1721 
55540 4203 
55558 511 
55559 197 
55717 3635 
55799 3349 
55954 1067 
55962 1526 
55983 229 
56010 29 
56047 600 
56056 718 
56110 33 
56169 1253 
56300 33 
56331 1157 
56493 718 
56546 1337 
56553 2779 
56582 886 
56633 2194 
56978 82 
57058 1877 
57059 393 
57206 672 
57348 375 
57394 987 
57429 235 
57690 217 
57835 952 
57987 76 
58009 543 
58206 1577 
58360 121 
58378 541 
58441 568 
58454 7 
58509 1289 
58519 345 
58578 769 
58820 484 
58955 17 
59038 185 
59172 2304 
59201 833 
59300 157 
59310 32 
59583 2362 
59636 1260 
60019 1233 
60085 285 
60117 857 
60120 656 
60163 320 
60258 232 
60290 239 
60307 5213 
60520 334 
60578 230 
61031 142 
61056 582 
61205 84 
61214 1302 
61235 1248 
61488 1470 
61580 2335 
61692 125 
61713 418 
61725 2174 
61774 726 
61952 6 
62015 104 
62017 327 
62062 675 
62072 1797 
62146 3586 
62196 28 
62337 315 
62348 337 
62380 234 
62642 166 
63311 161 
63347 197 
63397 4111 
63474 145 
63541 790 
63704 463 
63780 2517 
63826 1959 
63931 668 
64104 1833 
64248 12399 
64272 831 
64303 237 
64345 210 
64368 9 
64451 1480 
64472 9759 
64476 363 
64495 996 
64530 762 
64621 3231 
64678 127 
64948 217 
64965 185 
65173 1929 
65191 803 
65196 43 
65209 119 
65230 89 
65495 1040 
65513 1581 
65522 788 
65534 986 
65746 91 
65949 3966 
65965 1164 
66136 201 
66179 162 
66407 895 
66603 594 
67045 312 
67176 1357 
67486 317 
67504 20 
67579 2992 
67643 499 
67835 988 
68064 229 
68071 1320 
68085 30 
68101 946 
68108 20 
68221 135 
68462 746 
68482 613 
68618 32 
68765 1976 
69608 46 
69610 149 
69634 601 
69700 161 
69856 2470 
70109 1401 
70303 911 
70516 1199 
70575 542 
70733 1807 
70776 3173 
70804 6 
70919 71 
71018 86 
71030 249 
71091 227 
71220 28 
71475 890 
71476 248 
71477 540 
71490 682 
71553 150 
71576 2471 
71654 423 
71668 6557 
71810 1752 
71813 152 
71885 688 
72070 478 
72178 373 
72187 1078 
72415 470 
72423 131 
72620 2587 
73096 2001 
73254 337 
73446 1804 
73447 270 
73478 728 
73715 1310 
73925 902 
74149 81 
74825 3270 
75029 566 
75223 6059 
75329 1599 
75464 1359 
75525 3 
75971 198 
76165 538 
76603 2606 
76748 1107 
76956 1913 
77426 110 
77712 104 
77922 2408 
77933 3984 
77935 348 
78118 212 
78139 322 
78237 1771 
78333 9701 
78657 3 
79196 977 
79222 3264 
79582 527 
79673 1054 
80385 65 
80813 3062 
81361 123 
81671 21 
81689 109 
81892 268 
82121 2251 
82245 1923 
82871 9 
83116 133 
83333 46 
83462 245 
83563 61 
83741 1516 
83834 58 
83906 1463 
84080 480 
84369 1 
85133 0 
85569 54 
88029 4650 
88062 288 
88235 3333 
88457 6 
89061 77 
89971 297 
90124 59 
90216 171 
90378 57 
90682 1137 
91179 245 
93541 202 
93764 815 
94915 227 
95379 1746 
95858 125 
96971 950 
97918 205 
98968 28 
99069 16 
101372 192 
103708 257 
103804 568 
104836 501 
106812 953 
106905 747 
107109 4882 
108387 318 
108853 1681 
108900 756 
110029 1 
110215 1127 
110780 0 
113483 623 
113859 450 
115808 149 
116523 743 
117895 676 
120641 607 
122376 498 
122473 151 
123574 1228 
124323 663 
125639 841 
126266 155 
127187 380 
128127 89 
128643 70 
128912 16 
129197 21 
129301 71 
130411 215 
131599 1352 
131624 651 
131918 583 
133191 525 
133972 266 
134708 792 
135733 15609 
136102 83 
137117 830 
137146 641 
137320 731 
137491 721 
139342 44 
139628 468 
139631 481 
140295 5028 
140369 277 
140508 17 
141531 1055 
141546 118 
142217 1136 
142333 5266 
142338 188 
142497 1267 
143238 370 
143298 1666 
143621 659 
144438 1052 
144493 66 
144730 290 
147281 138 
147492 6 
147797 2017 
147887 1815 
148505 541 
149501 1253 
149709 0 
150864 438 
150865 4155 
151238 316 
151436 1202 
151439 889 
151487 96 
151731 182 
153473 39 
154314 1832 
154697 54 
155043 105 
155515 1057 
155900 75 
155973 1472 
156349 4337 
156355 1444 
156770 37 
156824 1153 
156856 208 
157576 111 
157601 51 
157613 1557 
158059 167 
158326 1899 
159881 161 
160049 290 
161035 544 
161267 764 
162014 1518 
162135 982 
164225 2289 
165917 864 
166799 344 
166832 78 
167589 1777 
167592 259 
168200 1481 
169217 3712 
171292 44 
171385 241 
171946 1436 
173068 387 
173141 442 
173199 33 
173249 45 
176855 9 
177214 2926 
182376 1014 
184210 10490 
185240 1198 
187137 1076 
187196 457 
191060 170 
191210 2 
193380 1312 
193395 92 
194980 124 
195255 1733 
198620 182 
203968 342 
204066 653 
204900 1514 
210893 121 
213760 914 
214647 563 
215819 100 
217523 1262 
219895 595 
221951 721 
222551 209 
222744 1638 
222900 847 
223601 277 
225104 535 
225364 1547 
227408 43 
227606 1190 
228395 361 
229225 94 
230197 7 
230876 779 
231058 496 
231493 285 
231837 16 
232352 127 
232570 54 
233831 5 
233972 506 
234996 481 
235140 37 
236249 47 
237593 20 
238470 688 
239483 0 
240209 305 
240294 573 
240948 166 
242474 1243 
245382 2162 
245467 118 
247833 36 
247841 701 
249894 352 
250019 677 
250813 45 
251012 251 
251982 425 
252030 1433 
252079 291 
252962 544 
253654 386 
257030 7 
260036 1908 
260126 75 
260949 678 
261764 0 
262782 0 
267858 32 
268153 545 
269709 760 
272605 5343 
276172 20 
279111 1282 
279775 6 
282003 246 
283303 211 
288580 132 
290113 187 
293761 151 
295159 225 
297577 42 
305233 2010 
306176 327 
308308 1388 
310931 590 
311038 0 
311133 14 
316317 2302 
316958 4470 
317481 304 
318055 1335 
318159 48 
318431 1216 
318455 447 
319082 128 
319266 2190 
322016 167 
322216 57 
322224 24 
322358 0 
322733 764 
322984 1824 
323255 1564 
323934 2837 
324107 6 
325345 63 
328367 366 
328539 1014 
329081 1049 
330617 2643 
331709 153 
332608 366 
334731 24 
335114 159 
335217 92 
335413 360 
335796 34 
335887 0 
336595 0 
337648 0 
339446 228 
339622 1612 
340940 156 
346424 136 
349678 371 
351535 91 
357901 326 
363186 726 
367234 568 
368728 1 
371329 362 
371864 1699 
374552 1167 
377277 351 
379212 0 
379363 288 
379850 15 
385986 99 
386739 0 
389549 316 
390447 542 
390600 498 
391301 2470 
394573 567 
397306 3140 
397602 297 
397833 36 
397888 446 
403906 1304 
404561 241 
404743 631 
406248 1004 
406673 1324 
408503 1 
410111 17 
412561 152 
413458 794 
415313 255 
416294 237 
416779 0 
418161 75 
419462 575 
419506 318 
419954 400 
421171 1621 
422501 7 
425355 0 
425794 0 
429358 66 
431596 188 
434122 754 
438329 161 
441084 0 
441359 1041 
442034 137 
442731 15 
447609 497 
459243 848 
460082 188 
463323 0 
467778 1073 
468259 0 
473525 708 
474805 14 
474816 14 
475923 116 
483729 457 
487117 673 
489434 1994 
493232 2954 
493776 818 
494298 59 
496000 743 
504824 0 
512660 77 
520520 0 
520905 0 
520905 0 
526865 359 
536135 32 
545071 1337 
557717 243 
559058 402 
559867 67 
565829 1196 
567648 0 
567980 0 
575687 6 
577200 6719 
578433 4444 
580064 1734 
582090 613 
583568 0 
589471 151 
590344 54 
590580 0 
598771 183 
600162 270 
600330 2292 
604276 394 
