2072 12.5108449074
0 1025710 
20 564 
21 425 
22 159 
22 72 
25 150 
26 169 
26 379 
28 258 
28 59 
29 241 
29 269 
32 192 
33 62 
34 118 
35 14 
37 345 
38 304 
39 80 
39 64 
40 183 
42 28 
42 216 
43 125 
43 49 
44 281 
44 12 
44 53 
45 57 
45 49 
45 95 
45 99 
46 144 
46 1720 
47 768 
47 364 
48 107 
48 36 
50 394 
52 248 
52 63 
52 89 
52 314 
53 66 
54 470 
56 187 
56 66 
57 54 
57 213 
57 84 
57 74 
58 183 
58 341 
59 184 
59 28 
60 164 
61 642 
61 71 
62 123 
62 68 
62 519 
63 265 
64 83 
67 662 
67 138 
68 7 
68 353 
68 80 
69 227 
69 161 
70 29 
71 40 
71 100 
73 99 
74 361 
74 218 
75 130 
75 65 
76 73 
76 905 
77 15 
77 231 
77 130 
77 78 
78 56 
78 84 
79 125 
79 105 
80 139 
80 286 
81 45 
81 27 
82 47 
82 193 
83 67 
85 110 
86 117 
86 278 
89 182 
89 48 
89 89 
92 113 
93 170 
94 210 
95 8 
95 267 
95 166 
95 195 
96 357 
97 89 
98 31 
98 130 
99 83 
99 322 
101 251 
103 865 
103 38 
104 127 
106 78 
106 185 
106 65 
107 79 
107 211 
109 144 
110 124 
112 116 
112 207 
112 277 
113 311 
114 519 
115 323 
116 33 
117 81 
117 136 
120 496 
120 155 
120 85 
120 81 
121 171 
122 92 
123 7 
123 170 
123 192 
125 122 
125 300 
125 34 
125 35 
126 846 
126 88 
127 96 
127 281 
127 24 
129 105 
129 64 
129 249 
131 124 
132 146 
135 187 
137 179 
138 76 
138 102 
138 106 
139 214 
139 1050 
140 66 
144 69 
146 152 
146 319 
148 78 
148 122 
148 45 
149 118 
150 409 
151 60 
152 597 
152 60 
152 266 
154 761 
154 61 
154 240 
156 110 
156 114 
159 70 
161 210 
161 89 
163 155 
165 77 
165 119 
166 87 
166 157 
166 127 
167 679 
167 222 
168 50 
168 49 
168 319 
169 296 
169 341 
170 108 
170 86 
171 147 
171 179 
172 163 
173 132 
173 142 
173 57 
175 200 
175 93 
176 63 
176 247 
177 253 
177 56 
177 9 
178 153 
180 88 
180 33 
180 411 
181 264 
182 134 
183 621 
183 420 
183 83 
185 118 
186 163 
186 201 
186 64 
187 86 
189 243 
189 381 
190 332 
192 61 
193 102 
194 77 
194 147 
197 57 
197 261 
198 74 
199 130 
199 161 
200 399 
204 206 
205 71 
207 87 
208 105 
208 54 
209 34 
209 89 
211 136 
212 169 
214 104 
215 9 
218 190 
220 119 
221 361 
221 37 
223 46 
223 207 
225 23 
227 468 
228 64 
231 30 
232 206 
233 24 
235 111 
236 222 
237 133 
238 49 
240 137 
240 239 
243 151 
245 101 
246 86 
247 232 
247 84 
248 312 
249 71 
249 118 
250 49 
251 14 
252 63 
257 413 
258 104 
259 1007 
259 95 
262 406 
263 37 
263 123 
264 78 
265 173 
269 120 
271 13 
271 84 
271 241 
274 419 
276 483 
276 356 
278 139 
280 177 
282 121 
283 217 
284 197 
285 70 
287 105 
288 731 
290 148 
295 89 
296 66 
297 179 
297 14 
297 53 
300 67 
301 962 
302 163 
302 190 
304 137 
305 319 
305 242 
306 2347 
307 177 
308 237 
309 165 
312 33 
320 21 
321 122 
321 204 
322 86 
323 162 
325 351 
328 73 
328 65 
328 56 
329 44 
329 8 
330 106 
333 250 
333 106 
334 32 
335 311 
335 15 
336 16 
337 13 
340 359 
343 330 
343 63 
344 35 
344 244 
345 223 
346 702 
348 23 
348 174 
349 203 
355 169 
356 304 
358 205 
358 1384 
359 162 
360 116 
361 280 
363 84 
369 152 
370 109 
372 79 
373 152 
373 137 
377 265 
377 273 
377 14 
381 16 
381 397 
381 103 
383 43 
384 368 
386 210 
386 51 
387 142 
391 49 
392 115 
393 60 
395 28 
397 217 
397 98 
398 37 
398 614 
399 66 
401 124 
402 419 
403 135 
403 14 
405 275 
405 172 
405 27 
406 436 
406 387 
407 152 
407 576 
408 134 
409 235 
410 20 
412 213 
416 96 
417 93 
421 100 
422 762 
424 217 
424 114 
430 344 
433 184 
435 195 
437 139 
437 283 
438 167 
443 81 
448 170 
448 31 
449 162 
450 1256 
453 292 
453 49 
459 64 
459 254 
461 135 
461 42 
464 65 
466 123 
466 296 
468 142 
469 123 
469 47 
469 215 
470 56 
471 95 
475 35 
478 118 
483 105 
487 78 
489 179 
489 338 
490 76 
493 111 
495 95 
495 60 
495 123 
495 189 
497 230 
500 124 
500 133 
503 75 
510 348 
514 219 
515 466 
516 35 
519 9 
520 93 
520 167 
520 114 
521 118 
523 51 
526 23 
526 134 
527 40 
527 1551 
530 1314 
530 120 
531 294 
535 31 
535 40 
535 185 
538 106 
540 122 
547 145 
548 21 
548 229 
548 103 
551 145 
558 43 
558 16 
559 203 
560 385 
562 266 
563 196 
564 158 
565 309 
565 401 
567 0 
569 106 
570 150 
571 415 
573 41 
576 43 
578 257 
580 110 
580 79 
582 152 
584 216 
586 101 
586 51 
588 315 
589 614 
591 223 
596 102 
596 103 
596 47 
597 59 
598 46 
600 121 
600 16 
602 18 
605 220 
611 240 
613 24 
625 39 
627 85 
632 138 
634 134 
636 340 
640 257 
642 111 
644 92 
650 59 
653 42 
655 123 
656 49 
657 130 
663 494 
664 127 
665 94 
667 8 
667 62 
669 15 
670 40 
677 64 
681 114 
682 39 
684 40 
692 39 
694 107 
698 103 
699 193 
705 36 
710 834 
710 180 
717 27 
720 163 
720 14 
723 55 
723 155 
726 197 
728 73 
730 148 
731 58 
732 234 
735 173 
736 47 
741 421 
743 99 
745 132 
748 267 
752 259 
754 49 
759 189 
760 59 
761 47 
763 122 
764 129 
770 224 
771 21 
772 72 
775 76 
782 31 
783 60 
784 38 
789 22 
792 22 
797 74 
799 62 
800 231 
808 73 
809 648 
809 231 
815 61 
815 132 
816 194 
824 141 
829 63 
832 54 
835 155 
837 110 
838 83 
839 62 
845 33 
847 213 
848 196 
853 96 
858 201 
862 103 
865 207 
865 26 
866 135 
866 124 
871 100 
872 6999 
873 74 
876 196 
880 48 
880 472 
886 123 
895 86 
897 324 
898 92 
904 385 
904 87 
904 202 
905 11 
906 123 
906 125 
907 174 
908 65 
916 75 
916 107 
918 303 
928 100 
928 241 
929 2035 
929 219 
934 17 
937 103 
938 71 
953 206 
954 85 
956 21 
958 79 
961 55 
963 2118 
968 315 
970 53 
971 117 
977 109 
978 525 
980 52 
981 159 
984 336 
988 166 
989 156 
996 197 
998 180 
1000 92 
1006 64 
1011 204 
1011 186 
1012 753 
1012 107 
1013 97 
1014 85 
1020 63 
1023 104 
1023 28 
1027 61 
1028 92 
1032 26 
1034 115 
1035 30 
1037 299 
1041 81 
1042 181 
1042 103 
1042 159 
1046 440 
1047 14 
1059 369 
1061 65 
1064 411 
1066 100 
1069 10 
1070 137 
1072 26 
1074 108 
1080 117 
1082 26 
1082 126 
1085 46 
1087 118 
1095 82 
1097 21 
1101 6 
1107 131 
1107 238 
1121 273 
1124 136 
1125 41 
1125 67 
1125 14 
1126 46 
1134 242 
1134 73 
1135 70 
1141 47 
1143 331 
1145 259 
1157 22 
1158 92 
1164 274 
1167 161 
1167 237 
1170 12 
1174 194 
1175 125 
1175 240 
1177 97 
1181 138 
1182 103 
1183 65 
1190 393 
1191 53 
1193 45 
1200 40 
1200 159 
1201 124 
1209 28 
1216 32 
1217 295 
1223 278 
1223 62 
1227 91 
1232 129 
1298 66 
1298 226 
1303 51 
1304 157 
1305 74 
1306 26 
1307 218 
1315 95 
1316 157 
1316 256 
1317 71 
1320 115 
1323 76 
1323 53 
1326 49 
1326 74 
1327 237 
1349 109 
1351 125 
1353 45 
1358 27 
1364 178 
1366 142 
1370 151 
1376 280 
1401 193 
1402 170 
1408 121 
1422 263 
1428 140 
1431 75 
1436 199 
1437 119 
1451 4 
1465 64 
1470 54 
1471 186 
1475 330 
1476 44 
1485 69 
1486 179 
1495 264 
1495 122 
1499 362 
1499 178 
1499 268 
1504 43 
1510 98 
1515 96 
1525 55 
1530 311 
1537 71 
1547 76 
1581 192 
1586 38 
1601 35 
1605 57 
1613 73 
1619 17 
1623 92 
1625 151 
1625 72 
1627 33 
1631 5 
1634 224 
1635 181 
1637 63 
1640 75 
1644 396 
1658 594 
1660 111 
1664 497 
1669 530 
1670 22 
1673 117 
1678 238 
1679 52 
1679 94 
1685 76 
1686 97 
1688 52 
1692 202 
1694 328 
1697 66 
1703 73 
1704 75 
1709 461 
1712 58 
1716 722 
1723 32 
1733 114 
1734 67 
1736 49 
1744 185 
1747 102 
1755 37 
1769 175 
1783 27 
1795 277 
1802 40 
1811 327 
1816 104 
1816 94 
1819 52 
1822 274 
1824 74 
1834 47 
1834 8 
1848 137 
1855 424 
1869 79 
1869 33 
1872 66 
1879 58 
1885 58 
1886 93 
1887 87 
1897 77 
1899 136 
1901 85 
1901 58 
1902 133 
1904 50 
1905 105 
1910 122 
1917 143 
1929 79 
1931 59 
1940 55 
1948 26 
1950 45 
1963 77 
1966 187 
1978 49 
1978 85 
1982 96 
1984 22 
1987 184 
1990 69 
2001 66 
2007 54 
2013 54 
2016 208 
2024 181 
2027 27 
2027 196 
2136 79 
2155 147 
2157 33 
2158 24 
2163 208 
2171 118 
2180 78 
2183 66 
2184 37 
2191 10 
2204 140 
2214 135 
2219 49 
2220 103 
2221 32 
2232 58 
2233 182 
2258 47 
2284 46 
2305 592 
2307 507 
2309 22 
2312 111 
2316 105 
2320 320 
2343 480 
2357 99 
2362 72 
2366 97 
2366 84 
2375 125 
2388 143 
2388 42 
2400 9 
2407 19 
2417 97 
2447 84 
2456 131 
2457 12 
2457 6 
2457 62 
2474 294 
2479 955 
2479 4 
2484 67 
2497 39 
2500 379 
2503 95 
2504 23 
2505 90 
2508 236 
2510 154 
2513 23 
2527 113 
2536 56 
2556 10 
2570 131 
2583 90 
2584 108 
2588 140 
2598 353 
2615 71 
2618 153 
2620 40 
2637 946 
2707 65 
2708 48 
2714 170 
2717 42 
2721 77 
2753 69 
2759 90 
2762 215 
2764 60 
2771 325 
2778 308 
2786 152 
2799 126 
2801 228 
2807 141 
2830 109 
2831 38 
2844 33 
2845 110 
2893 168 
2896 77 
2898 254 
2901 71 
2910 436 
2928 123 
2928 62 
2934 13 
2941 154 
2945 98 
2947 151 
2950 413 
2954 74 
2961 313 
2968 32 
2979 31 
2980 427 
3014 2 
3014 26 
3034 49 
3040 54 
3050 57 
3058 60 
3063 84 
3072 168 
3089 12 
3093 157 
3103 33 
3106 142 
3117 129 
3156 85 
3158 45 
3158 128 
3161 46 
3173 210 
3173 164 
3195 169 
3200 2254 
3203 57 
3209 86 
3212 68 
3214 110 
3216 143 
3221 63 
3226 271 
3232 163 
3242 111 
3243 116 
3246 31 
3252 151 
3331 352 
3333 258 
3336 256 
3339 719 
3359 20 
3360 116 
3362 229 
3364 21 
3383 121 
3401 30 
3402 65 
3409 96 
3410 26 
3415 165 
3424 211 
3431 79 
3435 261 
3465 61 
3470 128 
3474 240 
3474 338 
3478 46 
3494 266 
3502 234 
3507 62 
3514 262 
3514 341 
3524 83 
3525 143 
3526 295 
3528 71 
3544 121 
3548 64 
3560 41 
3560 493 
3570 202 
3572 33 
3654 89 
3681 40 
3683 34 
3692 61 
3698 401 
3699 119 
3701 164 
3703 245 
3706 133 
3733 104 
3741 138 
3744 278 
3759 122 
3761 173 
3766 3 
3769 179 
3770 360 
3773 178 
3788 22 
3806 93 
3817 32 
3820 156 
3825 318 
3830 18 
3873 86 
3896 70 
3908 20 
3910 142 
3936 8 
3938 133 
3948 201 
3961 326 
3961 137 
3980 90 
4001 98 
4002 130 
4023 71 
4045 51 
4112 101 
4114 211 
4116 29 
4122 170 
4122 81 
4145 298 
4182 84 
4191 207 
4192 21 
4207 208 
4224 53 
4231 48 
4251 291 
4251 102 
4254 103 
4255 106 
4259 37 
4267 155 
4276 45 
4288 85 
4289 59 
4291 295 
4302 140 
4315 201 
4318 36 
4325 284 
4335 90 
4340 137 
4341 14 
4347 91 
4349 69 
4355 21 
4365 38 
4387 135 
4389 46 
4394 142 
4401 24 
4423 48 
4436 146 
4450 76 
4455 60 
4455 31 
4458 255 
4467 124 
4477 138 
4489 58 
4490 95 
4492 23 
4500 56 
4500 164 
4502 280 
4623 95 
4637 1283 
4662 64 
4665 123 
4666 182 
4671 54 
4704 134 
4706 70 
4707 174 
4737 125 
4751 47 
4758 26 
4778 37 
4797 17 
4810 195 
4811 394 
4812 111 
4831 26 
4838 70 
4850 104 
4851 116 
4871 170 
4873 222 
4883 119 
4891 56 
4912 103 
4914 19 
4914 103 
4920 16 
5030 69 
5031 15 
5033 24 
5061 76 
5077 82 
5085 184 
5090 76 
5099 133 
5099 91 
5103 292 
5107 42 
5109 75 
5128 122 
5135 60 
5153 177 
5157 55 
5185 102 
5188 64 
5200 36 
5210 106 
5213 67 
5225 36 
5234 123 
5241 46 
5253 110 
5266 4 
5286 164 
5291 43 
5356 42 
5357 27 
5358 57 
5363 96 
5382 429 
5386 49 
5404 20 
5406 64 
5419 44 
5427 29 
5447 16 
5456 160 
5498 481 
5503 50 
5507 92 
5509 120 
5524 169 
5531 145 
5543 125 
5548 173 
5562 94 
5584 142 
5594 70 
5620 59 
5622 134 
5645 67 
5654 50 
5674 140 
5745 57 
5757 69 
5770 46 
5781 130 
5794 67 
5829 50 
5834 28 
5910 48 
5920 80 
5921 159 
5936 22 
6007 157 
6048 65 
6061 157 
6098 165 
6102 61 
6112 3 
6117 154 
6130 276 
6143 217 
6148 494 
6157 92 
6157 22 
6164 81 
6182 114 
6210 15 
6319 81 
6333 16 
6343 146 
6354 262 
6373 28 
6374 168 
6383 23 
6419 92 
6458 184 
6462 242 
6488 12 
6554 107 
6569 29 
6578 137 
6587 64 
6589 179 
6607 17 
6611 106 
6618 106 
6633 60 
6638 24 
6640 56 
6655 87 
6666 63 
6697 73 
6711 98 
6750 181 
6825 1530 
6832 197 
6839 166 
6843 47 
6848 45 
6864 78 
6867 133 
6883 99 
6909 48 
6924 39 
6929 91 
6939 63 
6964 138 
6969 22 
6983 27 
7006 56 
7065 114 
7079 61 
7101 82 
7113 987 
7120 185 
7126 557 
7161 63 
7220 368 
7229 102 
7259 73 
7264 61 
7283 92 
7292 81 
7305 31 
7315 159 
7337 156 
7357 31 
7360 22 
7367 7 
7379 109 
7382 67 
7472 769 
7473 28 
7489 2993 
7534 10 
7541 91 
7553 92 
7576 28 
7585 36 
7590 61 
7601 80 
7607 175 
7615 41 
7621 170 
7650 167 
7656 137 
7657 90 
7672 87 
7710 251 
7717 68 
7775 59 
7777 136 
7780 82 
7782 564 
7791 116 
7794 45 
7811 29 
7833 145 
7847 798 
7850 65 
7855 214 
7858 99 
7862 306 
7862 149 
7869 15 
7904 87 
7908 116 
7913 108 
7924 18 
7938 49 
7950 72 
7968 79 
7982 291 
7996 84 
8009 112 
8018 9 
8079 52 
8083 37 
8087 118 
8099 148 
8128 118 
8132 27 
8156 102 
8181 8 
8198 95 
8222 72 
8229 36 
8241 36 
8259 92 
8286 202 
8303 134 
8313 7 
8319 45 
8386 48 
8423 58 
8430 64 
8437 25 
8458 19 
8463 110 
8484 13 
8493 122 
8512 93 
8523 132 
8535 58 
8535 368 
8535 216 
8578 140 
8588 58 
8601 84 
8606 205 
8642 63 
8760 51 
8780 175 
8784 147 
8785 44 
8844 60 
8847 105 
8930 78 
8993 662 
8995 126 
9028 98 
9067 75 
9091 70 
9118 87 
9143 166 
9162 39 
9173 38 
9194 109 
9198 75 
9212 27 
9269 85 
9288 32 
9372 382 
9398 17 
9404 79 
9407 95 
9532 46 
9537 139 
9551 63 
9551 120 
9556 195 
9589 97 
9632 58 
9668 75 
9743 116 
9849 136 
9890 802 
9901 140 
9901 23 
9902 163 
9910 54 
9926 143 
9928 318 
10057 258 
10069 64 
10087 248 
10125 115 
10142 42 
10179 140 
10196 72 
10309 148 
10335 118 
10347 45 
10400 99 
10407 32 
10407 61 
10439 50 
10457 45 
10479 98 
10479 51 
10556 95 
10601 131 
10607 92 
10611 463 
10622 83 
10639 24 
10643 43 
10662 184 
10715 141 
10732 50 
10733 121 
10822 76 
10868 104 
10881 41 
10936 127 
10939 92 
10944 69 
10985 355 
10998 215 
11014 127 
11059 189 
11079 15 
11099 15 
11116 172 
11117 116 
11119 123 
11144 351 
11150 34 
11210 105 
11231 802 
11297 85 
11325 38 
11345 87 
11454 152 
11470 19 
11528 63 
11538 28 
11559 640 
11641 198 
11725 80 
11736 81 
11748 4 
11811 110 
11815 113 
11822 92 
11830 49 
11875 37 
11973 76 
12016 11 
12043 55 
12091 115 
12123 71 
12215 27 
12230 31 
12286 14 
12289 344 
12323 64 
12377 31 
12411 54 
12541 85 
12602 70 
12662 18 
12680 1021 
12722 197 
12841 69 
12883 401 
12915 105 
12931 108 
12963 184 
12975 24 
13016 44 
13108 111 
13120 127 
13197 163 
13203 36 
13290 192 
13304 69 
13348 173 
13388 58 
13393 80 
13519 44 
13523 69 
13611 247 
13630 72 
13692 24 
13706 1024 
13812 89 
13815 114 
13907 18 
13912 288 
13986 118 
14043 43 
14058 11 
14067 601 
14157 9 
14180 233 
14187 124 
14196 410 
14300 63 
14391 29 
14434 72 
14537 98 
14542 15 
14584 107 
14640 40 
14710 46 
14786 0 
14823 47 
14858 30 
14898 89 
15031 42 
15071 21 
15245 144 
15267 73 
15316 56 
15350 36 
15385 12 
15439 47 
15455 67 
15493 10 
15500 38 
15672 48 
15750 31 
15772 22 
15785 16 
15811 178 
15885 76 
15912 92 
15946 210 
16001 33 
16012 27 
16013 54 
16051 74 
16146 68 
16269 53 
16288 247 
16321 73 
16546 29 
16548 104 
16611 73 
16669 61 
16712 159 
16748 15 
16836 23 
16863 226 
16901 61 
16941 5 
16960 56 
16963 258 
16964 124 
16968 197 
17165 241 
17220 5 
17232 47 
17483 88 
17592 113 
17648 120 
17663 39 
17677 70 
17886 74 
18403 171 
18409 4 
18691 81 
18709 66 
18811 689 
18817 68 
19082 129 
19385 106 
19513 110 
19540 178 
19569 21 
19744 149 
19831 179 
19845 20 
19854 63 
19894 1 
19982 72 
19993 21 
20239 37 
20859 122 
20936 20 
21081 34 
21127 149 
21181 55 
21214 134 
21463 15 
21588 65 
21687 95 
21695 51 
21805 40 
21868 461 
21871 39 
21938 82 
21946 112 
22002 22 
22217 49 
22238 169 
22366 211 
22457 389 
22560 117 
22709 82 
22742 48 
22959 142 
23088 147 
23143 90 
23157 20 
23362 65 
23456 14 
23638 106 
23652 30 
23692 101 
23737 21 
23851 47 
23879 49 
23885 64 
23998 66 
24055 38 
24124 63 
24344 23 
24530 25 
24747 17 
24792 87 
24811 70 
25056 144 
25128 150 
25137 312 
25191 122 
25247 42 
25251 150 
25366 41 
25484 19 
25501 171 
25546 60 
25576 52 
25593 74 
25986 422 
26031 50 
26074 15 
26092 23 
26215 41 
26237 38 
26507 38 
26595 8 
26820 51 
26820 51 
26826 42 
26827 52 
26839 55 
26936 3 
27234 48 
27237 824 
27296 218 
27565 100 
27571 263 
27752 53 
27775 105 
27873 32 
27889 68 
27988 300 
28274 67 
28321 118 
28404 23 
28432 50 
28710 164 
28726 2210 
29083 1 
29097 17 
29194 110 
29238 57 
29506 75 
29521 65 
29637 21 
29657 70 
29713 51 
29797 71 
29920 98 
29920 56 
30102 14 
30111 21 
30409 0 
30423 3544 
30483 113 
30525 21 
30714 13 
30722 163 
31157 73 
31361 73 
31406 103 
31531 156 
31754 31 
32285 95 
32289 83 
32382 298 
32726 5 
32818 94 
32856 35 
33067 74 
33071 125 
33254 205 
33282 385 
33336 130 
33548 40 
33678 99 
33839 0 
33911 113 
34451 51 
34588 187 
34669 85 
34695 105 
34706 137 
34716 150 
34778 30 
34967 622 
35054 84 
35279 98 
35296 28 
35318 226 
35405 3015 
35418 107 
35642 39 
35800 80 
35891 386 
36266 138 
36463 92 
36504 13 
37081 427 
37113 174 
37146 146 
37177 23 
37383 84 
37618 81 
37677 547 
37761 619 
37762 61 
37828 22 
37872 65 
38467 45 
38811 327 
38938 64 
38959 45 
38998 129 
39003 1342 
39004 26 
39202 54 
39238 204 
39378 121 
39406 92 
39426 72 
39556 240 
39746 1432 
40190 709 
40388 45 
40405 2075 
40706 778 
41594 97 
42430 23 
42525 52 
42730 25 
43466 20 
43889 4 
44038 10 
44419 2425 
44594 147 
44659 48 
44893 10 
45493 212 
45548 525 
46200 10 
46302 179 
46879 127 
47306 124 
47403 2531 
47810 6 
48651 171 
48678 20 
49045 6 
49093 65 
49399 18 
49535 45 
49584 234 
50120 22 
50730 223 
50769 123 
50819 218 
51167 79 
51505 651 
51561 15 
51604 611 
51664 36 
51716 56 
51862 85 
52125 44 
52530 122 
52638 142 
52697 22 
52846 53 
52959 0 
53088 110 
53454 112 
53527 109 
53564 88 
53621 29 
53624 34 
53654 200 
53704 1152 
53714 163 
53786 180 
53899 106 
53922 204 
54239 135 
54271 27 
54296 11 
54323 16 
54350 275 
54426 73 
54449 22 
54469 494 
54500 47 
54580 244 
54626 219 
54671 16 
54724 118 
54736 501 
54741 151 
54907 2 
54990 501 
55023 392 
55159 366 
55282 83 
55283 55 
55374 92 
55525 167 
55596 183 
55722 124 
56013 60 
56027 58 
56332 13 
56346 164 
56390 45 
56457 48 
56799 80 
56820 14 
57111 91 
57315 35 
57354 847 
57381 189 
57408 30 
57408 55 
57408 181 
57458 23 
57672 93 
57933 88 
58045 16 
58063 853 
58086 72 
58129 538 
58212 356 
58322 16 
58331 150 
58605 98 
58658 26 
58662 36 
59120 97 
60146 715 
60179 397 
60908 20 
60962 22 
61676 195 
62303 627 
62323 133 
62328 169 
62738 30 
62810 253 
62832 107 
62874 161 
62921 99 
63237 69 
63579 98 
64119 185 
64369 33 
64450 57 
64663 84 
64763 161 
65371 48 
65519 1123 
66030 150 
66097 1 
66432 91 
66740 16 
67640 21 
68873 45 
69122 50 
69305 144 
71742 34 
74806 310 
76476 114 
79735 112 
81925 41 
82950 49 
83906 120 
87947 154 
88936 76 
90215 110 
91064 173 
95747 296 
97606 45 
99324 346 
99868 116 
99868 66 
103541 348 
104771 131 
111149 13 
112492 78 
118589 77 
119114 461 
119836 124 
119854 483 
120938 70 
121474 106 
123412 516 
127273 47 
130036 59 
130817 15 
131277 48 
131688 269 
131858 66 
135245 99 
135789 105 
135926 156 
136030 1297 
136141 157 
136675 630 
137288 10 
137509 317 
137706 322 
137771 76 
139102 64 
139276 211 
139518 111 
139604 220 
139802 142 
140019 111 
140569 19 
141127 124 
141400 233 
141418 186 
141610 7 
142163 89 
142240 200 
143488 10 
143592 832 
145837 137 
146038 44 
146603 125 
146791 93 
147764 137 
147926 17 
148871 78 
150325 241 
150471 495 
150687 134 
151546 103 
151558 62 
152528 66 
152709 89 
153268 200 
153673 85 
153767 145 
153904 100 
157986 64 
166658 49 
171390 407 
175248 125 
181431 198 
184861 85 
187044 220 
191580 59 
208784 117 
219473 107 
222616 27 
223862 106 
224875 105 
229442 156 
229610 106 
229725 66 
234443 59 
234496 26 
235322 204 
236318 11 
239208 6 
244205 162 
265112 138 
265948 73 
277134 53 
317320 138 
320395 26 
324583 83 
325546 124 
325608 174 
333620 19 
333966 159 
336397 335 
349899 9 
379518 111 
385855 59 
394753 6 
399115 657 
400479 22 
405113 17 
409889 35 
414537 171 
433448 52 
435458 83 
450796 85 
463035 116 
475580 139 
478322 88 
479632 41 
481817 13 
482584 289 
482733 369 
483166 283 
483990 42 
485970 32 
486703 137 
543922 74 
555112 170 
556685 54 
559279 20 
