2168 13.9931944444
0 37238 
8 716 
12 12 
14 472 
17 19 
19 188 
19 214 
20 103 
23 52 
28 93 
29 271 
30 60 
30 66 
30 205 
30 40 
33 143 
33 279 
34 15 
35 85 
36 110 
36 53 
36 30 
36 37 
36 57 
37 4493 
39 123 
42 251 
42 111 
47 41 
47 1130 
53 23 
53 106 
54 211 
56 127 
56 422 
57 108 
57 282 
62 29 
64 58 
68 66 
70 409 
71 352 
71 83 
72 33 
73 163 
75 580 
76 143 
78 147 
81 107 
81 74 
89 930 
89 12 
91 747 
94 105 
96 178 
97 99 
100 71 
102 29 
105 94 
107 299 
112 72 
112 13 
116 108 
121 203 
122 59 
123 2412 
126 129 
132 197 
136 206 
138 21 
141 138 
144 166 
144 139 
146 121 
148 143 
148 107 
149 46 
150 111 
150 128 
150 60 
155 193 
157 36 
159 469 
159 68 
161 252 
163 411 
165 35 
168 155 
170 50 
171 171 
173 3622 
174 135 
181 569 
184 306 
185 47 
187 241 
198 20 
198 261 
199 68 
206 162 
208 76 
214 84 
215 15 
220 60 
220 41 
223 10 
226 25 
227 66 
227 16 
231 67 
232 255 
234 73 
235 92 
242 52 
246 31 
249 91 
254 84 
258 65 
261 73 
264 881 
271 14 
273 94 
274 113 
278 221 
279 45 
286 100 
302 61 
311 80 
319 107 
329 462 
329 119 
334 59 
343 139 
345 196 
347 90 
353 777 
355 166 
372 96 
373 86 
373 169 
374 38 
374 55 
381 71 
390 15 
390 261 
392 178 
398 68 
400 24 
408 130 
410 20 
413 79 
415 64 
418 43 
419 29 
426 39 
438 86 
438 93 
460 91 
460 38 
475 504 
480 84 
483 290 
488 113 
499 51 
499 38 
510 47 
526 250 
536 217 
544 12 
553 58 
553 62 
557 101 
574 268 
584 22 
585 20 
585 30 
591 85 
604 125 
605 368 
610 89 
612 37 
629 88 
653 14 
660 312 
676 125 
694 34 
703 219 
705 43 
710 90 
712 105 
726 83 
729 18 
733 248 
734 84 
734 128 
735 35 
740 70 
745 49 
758 18 
758 61 
762 72 
766 29 
768 132 
773 74 
794 133 
798 78 
807 64 
814 147 
831 49 
839 46 
853 72 
857 30 
862 255 
880 55 
881 3 
889 33 
919 151 
920 48 
937 3 
937 87 
943 89 
971 53 
972 354 
972 85 
980 71 
986 291 
1010 273 
1067 6 
1134 27 
1141 43 
1151 71 
1152 41 
1177 58 
1194 139 
1196 90 
1217 155 
1261 228 
1262 115 
1341 73 
1359 84 
1361 92 
1371 210 
1372 148 
1383 17 
1400 64 
1400 39 
1407 53 
1417 24 
1428 44 
1430 178 
1434 176 
1444 110 
1457 12 
1488 167 
1512 197 
1558 152 
1563 110 
1566 37 
1569 593 
1570 137 
1574 162 
1597 376 
1607 156 
1619 129 
1630 156 
1640 185 
1682 17 
1693 26 
1759 49 
1771 352 
1798 20 
1806 104 
1935 131 
1955 58 
1967 32 
1971 215 
1988 13 
2016 518 
2019 31 
2024 18 
2030 16 
2038 73 
2051 95 
2053 125 
2056 14 
2069 68 
2096 43 
2124 100 
2134 24 
2157 53 
2157 81 
2176 70 
2187 90 
2201 118 
2210 30 
2219 100 
2229 57 
2235 95 
2301 12 
2309 121 
2314 35 
2340 52 
2354 18 
2408 63 
2484 94 
2488 16 
2498 128 
2563 70 
2603 10 
2669 16 
2744 37 
2766 10272 
2784 715 
2785 139 
2832 53 
2856 30 
2874 71 
2900 368 
3048 300 
3088 107 
3175 31 
3199 24 
3246 35 
3252 17 
3327 34 
3339 417 
3355 510 
3448 58 
3469 1947 
3496 79 
3509 29 
3597 128 
3621 79 
3646 124 
3670 19 
3684 78 
3710 58 
3753 58 
3776 114 
3781 28 
3789 38 
3828 58 
3866 324 
3898 110 
3947 12 
3954 3 
3956 35 
4045 26 
4302 102 
4395 53 
4508 23 
4516 73 
4545 201 
4630 243 
4651 91 
4697 53 
4715 744 
4751 320 
4799 37 
4865 127 
4893 29 
4950 60 
4950 283 
5018 31 
5163 15 
5175 139 
5223 90 
5223 209 
5289 30 
5367 121 
5430 153 
5452 204 
5483 62 
5547 60 
5570 302 
5610 16 
5921 113 
5986 76 
6042 110 
6073 33 
6094 47 
6319 193 
6468 50 
6630 43 
6728 91 
6766 24 
6836 1336 
6846 47 
6872 30 
6888 44 
6905 131 
6912 78 
6949 169 
6972 4 
7011 161 
7066 181 
7137 259 
7202 59 
7222 46 
7259 101 
7526 292 
7770 36 
7830 141 
8022 121 
8054 59 
8108 20 
8278 10 
8532 31 
8741 99 
8877 119 
8998 64 
9060 48 
9360 39 
9398 53 
9674 110 
9820 619 
9828 108 
9975 8 
9980 268 
10182 2509 
10436 117 
10444 37 
10602 54 
10648 51 
10733 47 
10753 55 
10927 32 
10969 29 
10976 16 
11197 51 
11318 85 
11330 22 
11333 136 
11802 35 
11850 44 
12434 14 
12591 34 
12796 53 
12838 99 
12976 13 
13007 72 
13092 48 
13100 128 
13238 317 
13504 11 
13556 47 
13673 215 
13764 343 
13809 255880 
13821 48 
13824 125 
13826 226 
13826 314 
13827 222 
13830 170 
13835 62 
13835 81 
13835 108 
13841 13 
13841 75 
13841 128 
13843 170 
13843 159 
13843 126 
13844 200 
13844 139 
13847 86 
13847 201 
13848 76 
13850 126 
13850 149 
13852 363 
13853 52 
13854 68 
13854 169 
13854 133 
13855 105 
13855 56 
13855 284 
13856 10 
13856 287 
13858 269 
13859 682 
13859 124 
13859 97 
13860 345 
13860 158 
13860 114 
13861 171 
13863 479 
13864 5 
13865 134 
13866 105 
13866 369 
13868 70 
13870 133 
13870 203 
13872 406 
13874 93 
13874 125 
13875 222 
13875 88 
13876 206 
13877 109 
13877 38 
13877 104 
13877 150 
13877 148 
13877 100 
13878 164 
13878 481 
13879 100 
13879 17 
13879 261 
13880 662 
13880 23 
13880 364 
13881 679 
13881 56 
13882 101 
13882 124 
13882 112 
13883 190 
13883 38 
13884 178 
13884 717 
13886 74 
13886 383 
13888 331 
13890 146 
13892 32 
13893 15 
13893 88 
13894 83 
13895 54 
13897 130 
13898 190 
13900 313 
13901 422 
13902 60 
13903 39 
13903 272 
13904 150 
13904 84 
13904 125 
13905 549 
13906 29 
13907 290 
13907 327 
13907 107 
13908 40 
13908 123 
13911 357 
13912 348 
13913 61 
13915 42 
13915 29 
13917 101 
13917 256 
13918 38 
13919 75 
13921 134 
13921 63 
13922 94 
13923 77 
13924 270 
13927 103 
13927 382 
13929 144 
13930 199 
13930 21 
13930 121 
13932 60 
13933 74 
13933 83 
13934 87 
13935 103 
13936 246 
13937 267 
13938 16 
13941 133 
13942 54 
13942 284 
13944 47 
13945 114 
13946 458 
13946 551 
13948 87 
13950 1157 
13950 61 
13952 206 
13953 175 
13954 193 
13956 174 
13958 53 
13958 145 
13959 1291 
13962 367 
13965 104 
13965 34 
13966 365 
13966 30 
13967 120 
13968 118 
13969 12 
13969 69 
13974 157 
13974 34 
13974 88 
13976 97 
13978 26 
13980 93 
13980 103 
13983 45 
13986 198 
13987 60 
13989 98 
13990 9 
13991 438 
13993 75 
13993 193 
13994 107 
13994 348 
13995 90 
13995 245 
13999 107 
14000 117 
14000 63 
14002 214 
14003 192 
14003 61 
14003 632 
14003 102 
14004 346 
14005 109 
14007 392 
14009 63 
14009 100 
14009 234 
14010 74 
14011 183 
14014 71 
14016 549 
14016 46 
14017 34 
14019 312 
14019 605 
14021 109 
14021 221 
14021 230 
14023 125 
14024 230 
14026 84 
14027 161 
14027 98 
14028 528 
14031 55 
14036 212 
14037 144 
14037 212 
14038 74 
14040 200 
14041 137 
14042 88 
14042 94 
14050 66 
14051 511 
14054 1209 
14056 52 
14059 230 
14060 409 
14062 697 
14064 143 
14070 116 
14072 93 
14074 393 
14079 133 
14080 73 
14083 164 
14085 224 
14085 216 
14086 224 
14087 1027 
14087 134 
14092 262 
14094 293 
14101 203 
14102 170 
14102 191 
14106 427 
14107 24 
14109 206 
14109 46 
14117 113 
14117 79 
14119 85 
14122 210 
14129 100 
14133 146 
14135 117 
14138 48 
14142 584 
14143 9 
14143 41 
14145 56 
14145 5 
14148 20 
14151 84 
14152 31 
14153 240 
14157 33 
14158 81 
14166 44 
14169 131 
14171 46 
14178 77 
14186 29 
14187 179 
14192 79 
14192 85 
14195 171 
14199 90 
14204 57 
14204 59 
14209 27 
14209 120 
14210 147 
14212 102 
14214 436 
14215 29237 
14220 209 
14224 87 
14225 59 
14231 528 
14234 97 
14236 51 
14237 147 
14239 5 
14239 73 
14243 81 
14245 198 
14245 277 
14246 300 
14248 70 
14250 43 
14255 23 
14256 5 
14260 122 
14265 126 
14266 127 
14268 85 
14270 150 
14273 167 
14273 345 
14274 56 
14275 76 
14278 134 
14279 77 
14281 152 
14287 72 
14290 21 
14292 97 
14292 118 
14302 302 
14302 144 
14303 31 
14303 44 
14308 186 
14310 525 
14312 37 
14315 216 
14315 715 
14318 215 
14320 543 
14322 66 
14322 87 
14326 66 
14332 143 
14334 1059 
14335 132 
14336 13 
14343 52 
14345 18 
14355 34 
14358 100 
14358 534 
14360 17 
14366 31 
14379 56 
14381 92 
14383 1096 
14387 50 
14390 95 
14391 39 
14393 54 
14399 33 
14403 181 
14403 80 
14408 18 
14409 105 
14411 56 
14413 12 
14417 103 
14418 78 
14425 4 
14425 10 
14425 94 
14426 2222 
14427 65 
14436 48 
14438 54 
14448 39 
14467 45 
14470 63 
14480 100 
14481 17 
14482 154 
14496 166 
14500 67 
14506 77 
14515 76 
14515 34 
14516 24 
14518 63 
14520 144 
14530 46 
14543 35 
14556 127 
14559 41 
14572 614 
14578 107 
14584 176 
14591 221 
14599 543 
14599 76 
14603 157 
14612 1164 
14613 81 
14613 131 
14615 88 
14615 82 
14619 84 
14620 128 
14626 3325 
14627 78 
14631 169 
14632 57 
14636 174 
14642 66 
14643 86 
14648 155 
14657 140 
14658 163 
14666 108 
14667 99 
14670 369 
14687 1239 
14692 82 
14692 209 
14694 196 
14699 82 
14715 125 
14716 630 
14716 40 
14720 51 
14721 49 
14727 29 
14728 90 
14736 34 
14740 87 
14758 33 
14766 5 
14770 124 
14776 94 
14779 77 
14782 229 
14787 183 
14788 129 
14795 148 
14805 346 
14820 30 
14820 318 
14829 89 
14836 220 
14847 162 
14850 1363 
14862 219 
14862 12 
14871 49 
14875 162 
14877 15 
14878 49 
14881 1385 
14887 92 
14905 120 
14913 235 
14924 183 
14924 169 
14931 86 
14935 91 
14948 46 
14952 47 
14954 221 
14973 167 
14996 91 
15004 16 
15017 90 
15037 129 
15043 25 
15061 55 
15063 312 
15065 162 
15066 116 
15076 138 
15086 75 
15087 221 
15099 523 
15129 84 
15136 179 
15137 37 
15138 127 
15142 239 
15147 199 
15177 13 
15178 75 
15183 49 
15201 94 
15218 1186 
15231 189 
15244 81 
15280 83 
15315 17 
15328 64 
15345 4 
15351 44 
15358 130 
15359 21 
15367 24 
15404 171 
15434 130 
15434 46 
15457 595 
15458 104 
15466 17 
15469 107 
15480 47 
15486 94 
15491 174 
15519 203 
15522 55 
15528 187 
15562 87 
15575 20 
15608 242 
15613 261 
15615 78 
15618 1545 
15641 137 
15655 39 
15673 74 
15677 434 
15684 7 
15686 189 
15700 71 
15701 66 
15709 171 
15722 131 
15749 105 
15760 72 
15773 276 
15781 153 
15784 84 
15813 28 
15814 88 
15838 93 
15844 54 
15849 97 
15850 113 
15872 127 
15894 264 
15896 44 
15897 156 
15899 45 
15906 14 
15911 124 
15921 159 
15925 73 
15934 78 
15944 4 
15962 89 
15962 260 
15965 103 
15968 20 
15968 128 
15987 54 
15993 69 
16021 163 
16046 45 
16049 144 
16060 43 
16090 241 
16095 89 
16098 82 
16098 90 
16107 120 
16118 54 
16120 224 
16131 46 
16150 43 
16174 217 
16176 215 
16194 174 
16203 9 
16216 123 
16217 68 
16287 45 
16298 372 
16325 284 
16351 237 
16367 279 
16387 29 
16390 95 
16391 122 
16407 11 
16413 23 
16421 86 
16429 112 
16432 172 
16451 56 
16549 59 
16592 244 
16608 9 
16621 151 
16623 13 
16628 22 
16631 169 
16637 29 
16649 8 
16684 131 
16710 60 
16713 216 
16725 60 
16750 141 
16752 122 
16770 120 
16788 131 
16812 17 
16818 73 
16823 82 
16887 17 
16893 35 
16897 145 
16908 37 
16920 58 
16928 11 
16951 280 
16952 207 
16960 3 
16973 66 
17025 148 
17037 27 
17128 21 
17150 38 
17159 74 
17164 65 
17190 64 
17268 23 
17271 47 
17284 105 
17297 162 
17313 92 
17326 53 
17340 90 
17344 11 
17390 120 
17395 387 
17418 72 
17437 52 
17440 5 
17506 91 
17514 15 
17525 64 
17532 19 
17547 92 
17552 30 
17573 293 
17611 160 
17621 116 
17629 217 
17630 272 
17633 65 
17644 11 
17692 91 
17759 22 
17762 2716 
17788 106 
17790 200 
17795 97 
17820 114 
17826 7 
17831 21 
17831 20 
17855 291 
17916 98 
17935 18 
17954 153 
17978 385 
17993 29 
18040 124 
18085 43 
18104 472 
18104 185 
18111 20 
18205 154 
18214 91 
18263 75 
18291 38 
18354 345 
18482 72 
18499 58 
18510 7 
18519 53 
18541 55 
18547 51 
18564 109 
18570 101 
18621 12 
18641 59 
18707 119 
18727 179 
18742 148 
18777 323 
18791 562 
18793 2 
18821 19 
18855 92 
18856 122 
18866 33 
18957 70 
18964 44 
18970 9 
18983 43 
19003 45 
19069 28 
19162 282 
19198 73 
19206 36 
19219 54 
19243 74 
19275 60 
19334 2 
19336 15 
19336 15 
19402 8 
19402 8 
19415 54 
19415 54 
19443 42 
19535 108 
19554 107 
19559 29 
19646 333 
19787 27 
19827 94 
19844 53 
19852 48 
19901 426 
19903 165 
19954 77 
19975 58 
20091 38 
20128 91 
20183 22 
20185 564 
20186 551 
20329 87 
20341 55 
20446 85 
20572 269 
20595 24 
20668 646 
20675 334 
20704 25 
20710 2 
20757 14 
20822 37 
20879 97 
20920 19 
21045 55 
21072 46 
21090 278 
21124 105 
21138 244 
21233 216 
21244 77 
21244 161 
21274 76 
21295 39 
21295 13 
21332 9 
21340 24 
21481 40 
21543 97 
21548 123 
21556 19 
21593 32 
21626 15 
21765 206 
21809 19 
21824 31 
21825 78 
21862 64 
21965 61 
21987 136 
22013 22 
22102 24 
22171 47 
22194 108 
22206 49 
22240 188 
22284 38 
22322 46 
22344 29 
22407 592 
22478 52 
22520 20 
22527 89 
22528 17 
22564 89 
22622 222 
22651 26 
22684 269 
22713 39 
22748 126 
22924 447 
22932 60 
22943 177 
23124 77 
23184 111 
23289 23 
23341 38 
23510 68 
23549 33 
23654 76 
23713 54 
23744 127 
23767 22 
23779 28 
23790 159 
23813 50 
23820 89 
23864 22 
23933 6 
23948 80 
23964 38 
24009 61 
24066 30 
24116 47 
24192 66 
24251 613 
24257 10 
24387 110 
24396 64 
24484 947 
24868 47 
24952 49 
24954 98 
25134 614 
25322 323 
25484 41 
25500 199 
25692 80 
25770 14 
25847 82 
25865 105 
25867 49 
25902 194 
25913 366 
26074 59 
26125 45 
26161 41 
26172 17 
26255 61 
26257 56 
26366 48 
26393 1077 
26515 60 
26540 65 
26545 93 
26553 64 
26726 74 
27047 70 
27143 17 
27367 34 
27462 25 
27712 69 
27714 140 
27831 1250 
28074 4 
28115 54 
28219 54 
28497 69 
28582 35 
28722 110 
29152 132 
29233 90 
29260 98 
29300 53 
29398 391 
29476 91 
29501 103 
29538 15 
30013 22 
30119 162 
30215 96 
30534 402 
30550 82 
30620 19 
30628 95 
30673 125 
30854 110 
30903 81 
31197 12 
31342 87 
31667 45 
31721 41 
31766 32 
31790 166 
31904 17 
32829 27 
33657 161 
33665 189 
33951 28 
34041 52 
34077 43 
34240 53 
34353 157 
34416 62 
34436 53 
35000 411 
35020 557 
35221 33 
35236 138 
35679 124 
35682 176 
35899 65 
35921 9 
36191 597 
36222 57 
36403 48 
36491 220 
36700 65 
36974 17 
36985 11 
37070 51 
37644 167 
38028 191 
38173 41 
38290 86 
38518 55 
38625 324 
38641 126 
38801 42 
38910 121 
39061 62 
39072 249 
39172 243 
39297 24 
39314 99 
39428 66 
39509 43 
39542 113 
39587 84 
39771 52 
39969 88 
39989 57 
40003 35 
40062 59 
40146 10 
40278 8 
40316 112 
40466 50 
40613 29 
40777 34 
40780 347 
40973 38 
41017 107 
41033 117 
41218 209 
41400 140 
41461 43 
41694 10 
41787 120 
41849 63 
42240 36 
42349 196 
42378 215 
42461 112 
42577 56 
42701 137 
42808 11 
43204 107 
43291 35 
43352 9 
43490 11 
43612 144 
43742 80 
43822 50 
43869 501 
43936 388 
44356 56 
44427 2 
44617 78 
44784 91 
44847 52 
44996 110 
44998 28 
45355 79 
45451 3 
45552 48 
45612 11 
45883 63 
45904 159 
46344 3 
46478 31 
46537 111 
46568 326 
46571 321 
46628 214 
46662 62 
46680 280 
46692 67 
46693 509 
46706 253 
46726 30 
46731 116 
46862 212 
46924 17 
46943 243 
46987 217 
47000 113 
47069 573 
47087 91 
47122 539 
47153 185 
47191 433 
47202 243 
47207 21 
47216 449 
47246 3003 
47254 207 
47256 290 
47295 105 
47347 128 
47347 161 
47352 197 
47391 34 
47502 58 
47540 2 
47543 75 
47628 195 
47780 808 
47819 385 
47950 264 
47969 19 
48082 85 
48106 60 
48156 47 
48220 18 
48232 29 
48332 224 
48347 366 
48362 105 
48364 38 
48388 815 
48403 9 
48467 10 
48619 226 
48666 17 
48879 115 
48916 213 
48917 234 
49138 27 
49282 182 
49307 62 
49317 1173 
49336 18 
49341 26 
49481 49 
49519 311 
49639 323 
49657 103 
49676 54 
49687 429 
49694 280 
49905 127 
49948 44 
50142 21 
50270 328 
50372 17 
50429 52 
50671 80 
50698 9 
50829 26 
50832 111 
50915 19 
50929 88 
50959 93 
50977 36 
51195 117 
51266 19 
51530 43 
51704 85 
51720 473 
51877 92 
51939 14 
51954 541 
52239 85 
52365 92 
52485 9 
52613 50 
52804 329 
52821 250 
52844 18 
53079 119 
53306 12 
53487 30 
53730 131 
53979 124 
53997 60 
54568 8 
54635 38 
54645 99 
55195 5 
55755 15 
55875 68 
56005 82 
56378 1322 
56551 16 
56598 236 
56725 45 
56807 27 
56838 95 
56914 175 
57202 25 
57230 95 
57779 19 
58106 11 
58376 7 
58377 18 
58484 26 
58669 112 
58750 1702 
58776 683 
58944 144 
59360 61 
59493 179 
59514 58 
59894 59 
59949 28 
60512 79 
61135 78 
61324 26 
62051 289 
63279 30 
63286 72 
63741 49 
64132 63 
64492 64 
64590 82 
64758 13 
64777 89 
64867 26 
64903 59 
65131 48 
65137 11 
65287 27 
65333 60 
66277 10 
66461 28 
66861 77 
66892 84 
68250 5 
68441 90 
68630 6 
68918 11 
69193 952 
69602 113 
69972 58 
70453 1 
70907 43 
71806 31 
71966 132 
72194 67 
72395 32 
72614 3 
72702 206 
72746 43 
72954 127 
73133 108 
73290 170 
75053 56 
75219 60 
75450 54 
75592 54 
75986 155 
77696 3 
79046 68 
79725 116 
80113 83 
80355 7 
81762 47 
81825 303 
81943 140 
83912 12 
85026 1 
85488 305 
86308 3 
86675 113 
86779 66 
87479 50 
87493 29 
87859 87 
88752 122 
89303 164 
89980 231 
90017 13 
90590 854 
90874 17 
91429 339 
92848 9 
94323 74 
94948 306 
97354 8 
98381 27 
98558 134 
98619 166 
98903 1855 
100088 23 
101090 75 
102406 346 
102610 58 
102690 96 
104712 0 
105113 581 
106143 49 
107263 28 
107384 11 
107647 21 
107857 431 
108109 345 
108556 35 
108693 41 
109285 4 
111779 212 
113087 234 
113596 66 
115289 5 
115609 14 
115630 118 
115972 47 
116018 40 
117865 126 
118991 73 
119172 51 
119468 77 
121748 82 
122056 79 
122060 94 
124045 1241 
124163 2 
124289 336 
124395 34 
125543 25 
126614 4298 
126656 171 
126715 10 
126719 60 
126767 547 
126937 445 
127776 120 
127783 60 
128089 110 
128764 102 
128834 160 
129050 190 
130623 592 
130914 12 
131298 2268 
131313 328 
131396 2089 
131445 274 
131454 320 
131537 488 
131565 231 
131785 196 
132201 157 
132308 183 
133332 507 
134331 55 
136149 100 
137233 327 
137358 9 
137728 52 
138151 255 
138258 47 
138692 616 
138719 80 
138738 804 
139242 54 
139797 223 
140090 152 
140141 105 
140237 109 
140624 208 
142975 105 
143136 79 
143212 29 
144697 88 
145488 18 
145840 1055 
146572 420 
146686 86 
146713 268 
147223 349 
147291 16 
147325 1710 
147328 139 
147891 62 
148592 47 
148625 214 
149664 263 
153444 13 
153487 21 
154814 11 
155599 18 
156034 146 
157048 59 
158542 71 
158618 158 
158722 3867 
159310 78 
159683 78 
160950 10 
161922 42 
162340 90 
162649 49 
163017 117 
163072 806 
163538 35 
163538 35 
163625 8 
164640 5005 
165634 210 
170218 188 
170246 547 
173363 57 
173476 18 
177190 50 
177218 149 
177355 448 
177427 431 
177443 244 
177641 585 
177666 73 
177853 102 
177860 82 
177878 174 
177905 527 
178598 12 
178967 223 
179318 271 
179457 41 
179584 943 
180773 532 
181094 199 
181122 214 
181484 99 
182460 1309 
183537 86 
183651 407 
184084 76 
184297 251 
184344 7 
184433 54 
185174 155 
185175 114 
185185 153 
185871 251 
186000 6 
186248 223 
186626 602 
186836 164 
187401 176 
188070 138 
188196 153 
188514 257 
189922 676 
190565 374 
191430 193 
191457 124 
193223 6 
194543 73 
196322 39 
197554 239 
200282 247 
202103 119 
205477 82 
206844 277 
207048 111 
207299 133 
208477 50 
208483 1 
210041 237 
210178 1483 
210849 421 
210982 115 
211017 83 
212263 872 
213687 1043 
217732 931 
218117 54 
218393 171 
218567 1122 
218591 101 
218884 901 
219070 46 
220029 181 
220743 423 
220802 398 
220914 17 
222906 242 
223247 269 
224611 841 
226654 8 
230565 134 
231182 30 
231324 312 
232380 607 
232444 306 
232479 306 
232579 138 
233166 147 
233236 122 
233767 81 
234033 244 
234033 52 
234035 30 
234071 363 
234107 129 
234210 175 
234658 50 
234791 259 
235016 81 
235108 80 
235240 85 
235240 85 
235513 119 
235807 46 
235827 14 
237479 226 
238438 2535 
238447 134 
238982 675 
240497 356 
240650 212 
241240 67 
241508 77 
242862 40 
243122 59 
243296 116 
244453 109 
245260 55 
248120 92 
248641 8 
250158 70 
250937 73 
251305 221 
252710 91 
252900 80 
253530 320 
253921 558 
256029 51 
256108 50 
256500 114 
257600 55 
260547 11 
260602 54 
260918 95 
261680 50 
262007 89 
263214 49 
264313 10 
264862 60 
265658 124 
265676 110 
265681 291 
265693 364 
265705 129 
265709 13 
265716 280 
265727 64 
265870 228 
265877 49 
265884 112 
265887 453 
265996 33 
266044 258 
266089 144 
266207 324 
266228 116 
266229 33 
266255 148 
266304 463 
266426 464 
266625 12 
267111 219 
267187 92 
267306 97 
267409 192 
268209 4 
269668 21 
269764 439 
270445 21 
271045 218 
271924 164 
272078 163 
272234 29 
272340 177 
272951 78 
273994 91 
274370 114 
276020 60 
276062 97 
276205 37 
276581 299 
279558 149 
280039 55 
280171 464 
282560 71 
282837 88 
283011 47 
287824 50 
287826 270 
289891 99 
289907 481 
291056 185 
291162 280 
292465 29 
292868 137 
293989 297 
294061 217 
295193 179 
297111 287 
297600 458 
298596 22 
301229 143 
301391 141 
301639 357 
301665 44 
301769 87 
301940 146 
301945 150 
301979 136 
301992 35 
302739 207 
302984 394 
303032 464 
304070 426 
305116 73 
305626 59 
306401 103 
306684 52 
307279 86 
307364 54 
308474 107 
309009 37 
309138 326 
309198 416 
309269 98 
309444 86 
310174 369 
310496 21 
313895 7 
315324 26 
316124 66 
318755 88 
323518 105 
323948 283 
331042 152 
332651 936 
336308 4 
336361 104 
337230 115 
337313 2059 
337627 18 
340420 3268 
342005 367 
342431 154 
344431 76 
344835 49 
345689 12 
347503 160 
347531 224 
349325 315 
349339 208 
349343 272 
349361 465 
349368 427 
349382 129 
349383 446 
349396 26 
349400 131 
349406 114 
349412 243 
349414 130 
349422 148 
349476 107 
349551 157 
349909 70 
350193 68 
350340 138 
350409 56 
350515 12 
350667 228 
350714 70 
351067 103 
351103 82 
351366 94 
351435 672 
351621 154 
352435 64 
352532 226 
353337 82 
353587 45 
353917 40 
356562 10 
357018 2806 
357044 547 
357101 463 
357529 633 
357790 54 
358064 74 
358244 346 
358292 69 
361614 87 
362529 10 
365152 139 
368196 37 
369174 56 
382741 5 
384101 214 
385084 33 
388647 300 
389858 90 
389938 177 
392032 357 
393372 62 
393645 74 
394730 125 
395933 52 
396571 35 
397011 146 
398585 16 
398717 171 
406528 66 
409475 37 
418294 41 
418811 42 
418876 699 
418967 976 
421330 26 
421589 49 
421689 339 
425135 47 
428770 713 
428795 339 
429091 183 
429610 828 
429612 109 
430589 54 
432239 32 
432906 172 
434183 56 
434951 159 
435128 138 
435458 131 
438391 153 
439509 5 
440345 155 
442840 122 
442950 26 
445031 103 
445085 71 
446626 75 
446791 255 
454083 75 
455385 395 
456089 150 
460156 21 
462471 144 
476146 92 
476451 1061 
476503 125 
477534 75 
478789 1042 
478818 312 
479143 121 
486279 595 
490954 972 
493175 561 
495085 331 
498578 650 
501527 11 
503492 124 
504154 42 
504376 4 
505224 52 
505699 113 
507449 42 
507639 84 
512889 156 
513220 56 
517595 6 
520594 90 
524268 122 
525775 61 
525789 139 
525863 59 
525864 36 
526107 631 
526117 247 
526302 3302 
526435 291 
526438 174 
526707 1164 
526786 8 
526792 30 
528462 153 
528597 117 
528979 61 
529782 80 
532140 321 
532917 125 
533593 55 
534079 180 
534122 66 
534432 246 
540149 97 
544692 249 
546907 995 
548183 135 
551007 150 
556326 89 
558816 631 
558816 631 
560835 376 
564954 361 
569008 233 
570611 187 
571916 132 
582407 41570 
582654 361 
582665 1514 
587407 11 
587643 72 
595541 16 
598997 135 
603723 184 
