5646 10.6944212963
0 7733432 
5 3957 
7 5 
10 675 
11 245 
18 242 
19 6 
20 1476 
22 231 
25 36 
25 22 
26 23 
29 8581 
29 43 
33 9 
35 39 
37 18 
37 82 
41 25 
44 26 
45 1976 
45 213 
46 144 
46 36 
47 74 
47 149 
47 15 
47 1627 
48 6 
49 66 
49 57 
49 100 
50 194 
51 418 
51 582 
51 82 
53 269 
54 237 
54 302 
54 5 
57 95 
57 432 
59 84 
59 33 
59 3 
60 360 
61 106 
62 168 
62 60 
62 94 
63 116 
63 121 
63 47 
64 34 
67 368 
68 12 
70 118 
70 31 
72 108 
73 1556 
73 892 
74 14 
74 59 
75 77 
77 329 
77 11 
77 30 
77 182 
78 64 
78 94 
78 75 
78 573 
79 9 
79 37 
81 36 
81 80 
81 3 
82 278 
83 19 
83 608 
84 78 
87 47 
87 40 
89 68 
89 53 
90 21 
91 787 
92 44 
93 12 
95 108 
96 200 
96 145 
99 7 
100 26 
100 41 
100 38 
102 22 
102 1554 
103 161 
103 71 
103 41 
106 34 
106 2221 
106 96 
108 44 
109 599 
110 311 
114 42 
116 175 
116 80 
117 2 
117 1560 
117 62 
117 583 
120 1943 
121 74 
121 193 
121 292 
122 86 
124 87 
126 139 
126 76 
129 3 
129 61 
131 31715 
131 87 
132 144 
132 57 
133 16 
133 560 
136 39 
138 11 
138 527 
138 26 
139 2 
143 49 
145 422 
145 274 
145 239 
145 14 
146 17 
146 103 
146 12 
147 501 
147 3 
148 202 
148 61 
149 987 
150 1756 
150 29 
151 582 
152 102 
152 915 
154 63 
155 37 
155 280 
156 148 
156 68 
156 197 
156 776 
158 35 
159 135 
160 96 
160 308 
160 528 
162 600 
162 66 
163 3943 
164 32 
164 448 
164 4506 
167 429 
167 657 
167 69 
168 702 
168 456 
168 64 
169 28 
170 82 
170 15 
171 136 
172 138 
172 10 
173 19 
173 53 
175 36 
176 1434 
177 248 
178 1006 
180 26 
180 21 
180 4659 
181 4177 
183 183 
185 10 
185 872 
185 3095 
185 63 
186 137 
186 79 
187 53 
188 159 
189 0 
189 28 
190 691 
191 622 
192 652 
192 534 
192 28 
194 72 
195 337 
197 1122 
197 15 
199 136 
199 589 
199 158 
200 140 
202 224 
202 222 
202 12 
202 1850 
202 8 
202 17 
203 86 
205 171 
206 117 
206 2901 
207 115 
207 91 
207 2737 
208 222 
210 269 
212 1141 
213 27 
214 33 
214 242 
215 1160 
216 264 
217 19 
217 138 
218 143 
219 35 
221 123 
222 43 
223 534 
223 126 
283 3 
284 978 
285 206 
286 2 
287 47 
289 215 
289 1761 
290 1 
290 66 
291 454 
294 1007 
296 1895 
296 517 
297 61 
297 1041 
299 1721 
301 175 
301 968 
302 222 
302 241 
303 222 
303 2430 
305 123 
306 1673 
306 28 
307 125 
307 18724 
307 2 
307 428 
307 125 
308 14 
309 111 
309 788 
311 157 
311 40 
311 43 
311 52 
312 930 
312 130 
313 349 
316 110 
316 1359 
316 18 
317 26 
319 114 
321 1634 
323 865 
324 5 
324 143 
324 283 
325 28 
325 47 
325 64 
326 240 
326 32 
330 7 
330 1675 
330 303 
332 598 
332 2512 
333 111 
334 19 
334 1250 
336 128 
338 855 
339 1941 
341 158 
343 247 
343 42 
344 1269 
345 143 
346 1906 
346 99 
346 1510 
346 1465 
347 634 
350 11 
351 2265 
352 1002 
355 180 
355 378 
356 27 
358 23 
361 270 
361 979 
361 2267 
362 465 
365 2280 
366 191 
373 642 
373 55 
374 4652 
375 1428 
376 180 
377 295 
378 2339 
378 10 
378 8336 
378 213 
378 453 
382 16 
384 1278 
385 200 
387 757 
388 620 
389 8828 
390 15 
391 92 
391 130 
391 21 
391 794 
395 656 
395 39 
396 91 
397 10 
397 25 
399 660 
399 298 
401 21 
402 5715 
403 3634 
405 149 
405 597 
409 239 
410 1210 
411 3141 
411 2334 
413 21 
415 413 
415 475 
416 57 
418 5264 
420 715 
422 3294 
423 26 
425 247 
428 212 
432 134 
432 486 
434 188 
434 99 
435 482 
437 145 
438 1719 
439 39 
439 2023 
441 237 
441 1179 
442 189 
443 62 
443 626 
444 934 
446 209 
448 29 
449 12 
449 56 
450 380 
451 1089 
451 33 
452 2876 
454 903 
456 1665 
456 188 
457 1704 
461 472 
462 354 
462 18 
464 1649 
464 419 
465 752 
467 258 
469 1753 
471 292 
472 1163 
472 39 
474 237 
475 950 
476 102 
477 32 
477 18 
477 167 
479 707 
481 215 
482 101 
482 554 
482 239 
483 43 
483 3009 
486 25 
487 158 
488 594 
491 329 
491 49 
492 168 
493 417 
493 886 
494 28 
494 71 
496 1239 
496 230 
499 323 
499 1194 
501 1478 
501 14486 
501 1057 
502 837 
502 568 
502 109 
503 356 
504 626 
505 15 
506 302 
506 208 
507 1341 
508 123 
508 143 
509 65 
512 107 
515 2504 
516 198 
516 116 
522 351 
522 2055 
522 40 
523 1111 
524 319 
525 26 
526 54 
529 26 
530 1 
538 3500 
541 805 
541 478 
542 1126 
548 208 
548 171 
548 332 
549 234 
550 2240 
550 356 
613 36 
616 1752 
618 624 
619 734 
619 285 
620 485 
622 125 
624 3036 
625 325 
629 32 
629 463 
631 476 
631 56 
632 107 
636 1159 
639 6520 
640 494 
640 220 
642 2671 
643 1166 
646 1634 
647 705 
648 99 
652 1125 
652 74 
660 2729 
660 1820 
661 8097 
665 2894 
668 27 
669 28 
669 129 
670 5564 
673 24 
673 76 
675 74 
675 684 
676 212 
679 669 
680 1784 
681 71 
692 474 
692 111 
692 141 
702 2023 
703 884 
705 29 
706 818 
709 192 
712 5843 
713 1288 
714 996 
715 301 
716 60 
717 185 
717 236 
718 1 
720 83 
724 5967 
728 457 
728 116 
734 126 
739 97 
746 36 
750 1836 
757 6235 
757 799 
757 8 
759 824 
759 1370 
762 860 
762 847 
765 405 
765 847 
766 1649 
771 173 
773 720 
775 7 
779 1107 
780 152 
781 215 
781 772 
781 291 
782 647 
785 313 
788 17 
789 597 
790 243 
791 76 
791 43 
791 849 
793 256 
794 3529 
795 11 
796 1625 
797 2945 
802 569 
803 4 
807 645 
807 1 
808 4 
809 428 
811 2013 
811 274 
816 14 
821 1139 
823 651 
825 1678 
825 99 
825 778 
829 442 
830 572 
832 3639 
834 11886 
835 85 
837 1026 
838 486 
838 419 
842 12 
843 687 
843 35098 
844 138 
844 234 
844 27 
845 14 
846 6 
854 402 
855 134 
859 566 
861 1386 
862 33 
862 105 
865 255 
867 1139 
868 190 
870 116 
873 1258 
875 745 
875 111 
882 497 
882 42 
887 946 
888 1554 
889 64 
889 335 
889 25 
893 155 
899 512 
904 228 
909 1084 
911 1210 
912 9 
913 190 
914 47 
917 35 
919 393 
921 287 
984 3991 
989 2356 
992 1350 
994 287 
1001 276 
1002 32 
1009 893 
1012 2255 
1013 343 
1016 77 
1021 127 
1022 45 
1025 76 
1028 144 
1033 114 
1035 8 
1037 3 
1039 10034 
1042 2596 
1050 165 
1052 1355 
1053 961 
1053 506 
1061 10 
1063 852 
1063 29 
1065 154 
1069 816 
1070 7 
1076 532 
1077 4680 
1078 248 
1085 270 
1087 14 
1090 6 
1093 372 
1094 698 
1095 30 
1103 1569 
1104 8926 
1109 840 
1109 167 
1114 44 
1118 12 
1119 6139 
1122 227 
1124 882 
1129 644 
1133 304 
1136 306 
1139 97 
1141 1393 
1145 83 
1150 81 
1153 445 
1153 690 
1157 73 
1166 32 
1170 82 
1170 2478 
1170 326 
1175 42 
1176 1805 
1176 676 
1179 3617 
1184 10657 
1185 10 
1185 64 
1187 0 
1191 573 
1192 1614 
1194 176 
1196 5291 
1196 245 
1196 245 
1198 1229 
1198 0 
1206 310 
1216 241 
1216 86 
1220 39 
1226 127 
1229 7 
1232 904 
1239 11 
1240 49 
1243 2384 
1244 32 
1246 423 
1249 480 
1252 583 
1258 178 
1258 89 
1258 292 
1261 29 
1321 40 
1329 6 
1331 2157 
1333 213 
1344 759 
1348 399 
1352 416 
1356 40 
1357 698 
1366 6831 
1366 1209 
1368 127 
1369 43 
1370 358 
1372 670 
1372 1337 
1379 1157 
1381 681 
1384 150 
1401 1939 
1406 515 
1407 1277 
1412 43 
1412 1021 
1414 1206 
1414 699 
1415 139 
1417 3076 
1423 23 
1423 616 
1439 1986 
1442 256 
1442 448 
1442 731 
1442 378 
1443 473 
1446 255 
1449 3979 
1450 4469 
1452 254 
1453 11 
1456 1073 
1457 782 
1458 865 
1460 591 
1466 9638 
1472 13179 
1477 2532 
1477 159 
1478 2394 
1479 183 
1481 319 
1484 521 
1484 296 
1485 1029 
1485 30434 
1487 515 
1491 708 
1501 406 
1508 1052 
1508 1194 
1509 45 
1518 21 
1520 1231 
1521 1181 
1522 40 
1522 199 
1531 226 
1534 44 
1542 8 
1542 689 
1544 952 
1546 217 
1546 922 
1546 140 
1551 768 
1552 8 
1558 207 
1562 103 
1565 22 
1570 113 
1574 401 
1575 5133 
1579 68 
1585 7187 
1601 659 
1603 47 
1609 1053 
1613 0 
1624 412 
1627 904 
1629 147 
1633 88 
1635 1994 
1639 1450 
1642 717 
1645 336 
1646 4326 
1647 1387 
1647 1250 
1651 32 
1656 636 
1657 240 
1658 240 
1663 2027 
1667 99 
1669 290 
1679 702 
1744 228 
1755 183 
1759 290 
1766 2 
1776 210 
1786 30 
1788 1149 
1788 130 
1791 327 
1795 756 
1797 10 
1802 815 
1804 66 
1823 1098 
1830 3 
1830 256 
1832 1074 
1832 2939 
1839 947 
1842 14 
1844 3039 
1846 9 
1854 47288 
1855 775 
1862 221 
1865 549 
1867 1042 
1869 913 
1871 237 
1872 2566 
1877 73 
1879 4289 
1882 2622 
1882 83 
1887 3 
1889 557 
1889 65 
1891 37 
1906 2081 
1906 226 
1907 940 
1911 5 
1916 58 
1919 61 
1924 110 
1932 1077 
1933 76 
1942 53 
1942 1196 
1943 4587 
1947 3 
1949 348 
1949 148 
1958 64 
1963 178 
1965 43 
1971 664 
1975 1084 
1984 505 
1995 1239 
2008 3904 
2010 1537 
2013 312 
2017 2875 
2021 6 
2023 504 
2027 4345 
2037 157 
2038 1561 
2041 111 
2046 454 
2050 146 
2124 0 
2128 1094 
2131 415 
2135 1345 
2141 4659 
2145 46 
2145 42 
2152 711 
2154 104 
2155 23 
2162 53 
2172 505 
2178 191 
2180 1 
2180 1431 
2185 244 
2192 3220 
2203 74 
2213 71 
2216 2720 
2231 1320 
2239 1979 
2263 479 
2264 4719 
2264 1426 
2275 110 
2288 3353 
2289 92 
2291 60 
2301 325 
2306 516 
2307 607 
2308 23235 
2327 2 
2328 19 
2328 9 
2334 1299 
2335 1853 
2347 311 
2362 319 
2368 1558 
2372 460 
2374 213 
2392 547 
2394 14810 
2405 140 
2428 8 
2432 101 
2435 77 
2435 5 
2511 1491 
2527 78 
2535 347 
2536 43 
2538 643 
2542 40 
2552 36 
2557 698 
2560 1855 
2564 809 
2572 11 
2578 426 
2590 5 
2595 38 
2614 280 
2620 114 
2623 4251 
2626 103 
2632 1052 
2633 1291 
2634 11 
2634 693 
2657 299 
2658 9852 
2661 1001 
2662 2051 
2663 29 
2670 64 
2682 16 
2690 1070 
2692 2724 
2693 55 
2695 214 
2698 70 
2699 1 
2704 2465 
2714 2222 
2722 178 
2724 1785 
2726 228 
2726 359 
2727 1564 
2734 3242 
2748 2001 
2757 10 
2771 165 
2773 968 
2781 5 
2798 712 
2814 363 
2814 433 
2814 311 
2815 138 
2816 698 
2822 901 
2824 39 
2827 409 
2828 2273 
2831 24 
2831 65 
2842 2605 
2843 732 
2845 409 
2851 907 
2855 2046 
2858 947 
2859 1253 
2860 657 
2882 4 
2885 891 
2888 13 
2903 49 
2937 23 
2940 834 
2941 30 
2942 245 
3014 92 
3021 402 
3023 51 
3026 2 
3028 29 
3036 145 
3039 277 
3055 349 
3059 1955 
3062 0 
3084 119 
3086 84 
3089 719 
3098 68 
3121 1281 
3125 350 
3132 327 
3138 276 
3175 1409 
3204 4 
3234 50 
3234 1051 
3242 19 
3257 2142 
3262 56 
3289 2 
3300 148 
3304 599 
3308 130 
3322 709 
3322 771 
3335 942 
3336 544 
3339 435 
3356 906 
3358 788 
3360 34 
3361 226 
3361 845 
3363 122 
3368 2 
3377 737 
3383 1006 
3394 158 
3396 3791 
3404 283 
3405 1 
3407 169 
3424 668 
3429 581 
3432 43 
3437 16 
3447 504 
3448 24 
3450 821 
3453 168 
3456 1019 
3475 18 
3478 0 
3478 383 
3483 15 
3496 464 
3499 112 
3499 13 
3500 190 
3508 7 
3518 252 
3519 2399 
3546 14 
3557 75 
3560 769 
3561 848 
3568 1 
3580 18 
3646 2162 
3671 3590 
3684 31 
3685 5249 
3687 219 
3735 78 
3736 182 
3742 33 
3744 5247 
3767 720 
3769 406 
3774 68 
3776 18 
3778 35 
3793 0 
3793 64 
3801 532 
3807 10 
3818 519 
3821 2240 
3821 928 
3864 16 
3872 271 
3884 1152 
3888 39 
3896 7510 
3920 89 
3924 6000 
3936 49 
3939 1284 
3959 791 
3969 463 
3971 157 
3983 266 
3984 924 
3989 319 
4004 1361 
4017 795 
4027 522 
4038 441 
4045 4 
4061 275 
4072 184 
4085 20 
4100 2239 
4100 1882 
4115 783 
4119 3 
4132 1371 
4136 937 
4162 2499 
4164 400 
4167 36 
4169 111 
4184 76 
4184 2 
4216 193 
4217 187 
4224 892 
4228 537 
4231 2577 
4232 1268 
4234 326 
4240 2 
4242 30 
4256 63 
4300 3263 
4302 1450 
4316 14 
4330 339 
4332 198 
4336 3900 
4337 1141 
4365 0 
4365 3531 
4365 5642 
4366 6 
4379 517 
4390 7720 
4393 2140 
4406 946 
4417 591 
4504 80 
4517 352 
4519 608 
4520 1342 
4521 113 
4529 52 
4531 18 
4555 1330 
4563 2466 
4568 1372 
4569 1018 
4582 54 
4603 87 
4626 10 
4645 133 
4647 269 
4669 150 
4670 291 
4670 49 
4678 1115 
4679 734 
4681 45 
4684 210 
4687 3 
4688 50 
4697 1133 
4714 812 
4723 1668 
4745 14 
4770 324 
4777 2048 
4787 684 
4790 1010 
4798 866 
4800 3195 
4808 680 
4812 10 
4851 996 
4858 518 
4872 175 
4880 210 
4913 378 
4931 1438 
4934 1250 
4942 1022 
4946 1228 
4956 7718 
4972 47 
4981 19 
4995 21 
5018 2 
5029 6701 
5029 291 
5050 565 
5085 806 
5089 87 
5090 1848 
5116 880 
5117 414 
5125 175 
5126 1 
5143 732 
5212 1920 
5220 242 
5227 704 
5230 1852 
5253 96 
5263 63 
5284 1211 
5284 2642 
5292 413 
5294 58 
5305 626 
5314 38 
5326 30 
5330 72 
5333 341 
5357 259 
5382 3 
5403 55 
5410 82 
5411 456 
5420 7 
5422 2030 
5423 262 
5444 4 
5444 743 
5464 914 
5475 675 
5514 969 
5537 181 
5542 370 
5548 1181 
5570 13031 
5574 7 
5606 1404 
5621 1000 
5641 48 
5648 45 
5679 4533 
5680 2 
5684 633 
5684 85 
5688 1767 
5694 3653 
5702 12432 
5703 1173 
5716 702 
5717 423 
5738 70 
5877 1058 
5912 2180 
5913 606 
5915 369 
5922 196 
5932 53 
5935 1589 
5938 273 
5973 1647 
5980 163 
5989 1888 
5995 12 
6000 2 
6009 0 
6017 49 
6021 189 
6023 785 
6038 1572 
6057 79 
6087 10958 
6098 303 
6106 839 
6117 218 
6126 563 
6129 234 
6131 474 
6135 1050 
6137 244 
6141 20 
6150 1193 
6155 470 
6169 1036 
6171 74 
6179 339 
6183 1353 
6183 2311 
6191 440 
6193 1555 
6196 59 
6204 269 
6214 207 
6223 3890 
6228 14 
6231 239 
6235 21 
6249 327 
6255 2716 
6275 60 
6288 1385 
6290 98 
6306 118 
6310 1344 
6320 364 
6328 6 
6340 90 
6356 355 
6361 55 
6368 212927 
6376 2739 
6405 555 
6410 31012 
6426 49 
6432 575 
6434 181 
6445 791 
6448 343 
6465 723 
6470 238 
6470 167 
6479 263 
6480 840 
6492 797 
6495 111 
6510 560 
6516 156 
6516 203 
6519 2651 
6519 618 
6521 1630 
6524 369 
6548 186 
6556 977 
6567 13712 
6570 1225 
6578 940 
6581 259 
6586 154 
6598 150 
6620 163 
6621 176 
6687 345 
6690 4 
6696 1964 
6696 545 
6700 282 
6708 1 
6714 221 
6732 519 
6738 841 
6741 472 
6743 61 
6788 277 
6794 1133 
6804 222 
6819 748 
6830 332 
6835 638 
6836 4183 
6848 68 
6850 451 
6873 909 
6893 2 
6902 12 
6908 3 
6920 3596 
6935 220 
6972 8 
6989 816 
7012 465 
7012 1647 
7014 326 
7021 336 
7033 518 
7041 126 
7069 42 
7086 315 
7117 1339 
7122 481 
7133 362 
7136 170 
7150 4137 
7153 275 
7155 23 
7171 2 
7175 527 
7177 500 
7178 737 
7180 193 
7187 3360 
7218 893 
7218 394 
7227 1742 
7228 407 
7229 71 
7245 158 
7254 1036 
7261 1556 
7267 2674 
7270 1323 
7274 171 
7275 56 
7277 12120 
7293 4043 
7307 1289 
7311 24751 
7312 1482 
7318 2505 
7323 2665 
7330 1129 
7333 2444 
7348 6317 
7350 36 
7360 3351 
7363 3695 
7367 198 
7386 502 
7388 8 
7393 1335 
7424 1575 
7511 1763 
7517 40 
7531 94 
7567 71 
7573 321 
7582 240 
7605 47 
7605 305 
7637 717 
7644 8 
7649 635 
7659 381 
7659 39 
7667 1667 
7696 48 
7713 1800 
7724 50 
7744 317 
7751 8376 
7753 875 
7762 549 
7774 4100 
7792 7 
7795 358 
7813 73 
7823 243 
7829 772 
7836 30 
7847 3246 
7863 18 
7868 1235 
7870 168 
7873 74 
7908 1054 
7915 87 
7924 2044 
7936 1865 
7938 1237 
7939 493 
7968 495 
7972 9 
8037 0 
8055 731 
8082 783 
8092 737 
8108 1126 
8119 135 
8133 877 
8136 1605 
8148 11 
8163 16 
8166 6201 
8169 37 
8170 405 
8192 185 
8200 325 
8207 8 
8216 216 
8254 51 
8270 166 
8276 273 
8282 1170 
8291 1405 
8296 3335 
8307 278 
8320 877 
8323 632 
8334 197 
8334 504 
8361 396 
8374 120 
8376 82 
8387 19 
8398 2942 
8500 10 
8505 263 
8514 729 
8518 100 
8525 171 
8527 35 
8534 481 
8559 38 
8560 636 
8565 148 
8594 599 
8597 1813 
8606 150 
8622 1839 
8683 1521 
8685 149 
8689 507 
8691 483 
8750 351 
8755 241 
8757 1004 
8762 5 
8765 392 
8780 292 
8808 122 
8823 25 
8833 7224 
8838 70 
8844 7509 
8857 97 
8941 259 
8942 919 
8944 15 
8952 15081 
8961 896 
8966 143 
8977 54 
9036 308 
9043 1170 
9046 8042 
9054 11 
9068 582 
9070 751 
9088 12 
9091 837 
9100 11 
9100 474 
9111 7 
9114 43 
9130 493 
9141 564 
9154 8 
9159 3 
9160 403 
9183 1025 
9184 2045 
9184 222 
9190 1004 
9225 157 
9302 419 
9348 312 
9359 883 
9368 58 
9400 270 
9415 2276 
9431 54643 
9451 52 
9528 1096 
9532 538 
9562 19180 
9568 600 
9578 9083 
9587 299 
9600 832 
9614 1480 
9616 1663 
9621 367 
9638 104 
9642 767 
9643 261 
9657 0 
9666 127 
9671 377 
9760 1671 
9789 144 
9791 1282 
9797 287 
9814 48 
9817 224 
9818 446 
9824 1041 
9825 1228 
9833 186 
9835 10848 
9840 267 
9848 98 
9849 256 
9851 755 
9854 508 
9874 1028 
9892 234 
9895 130 
9921 672 
9952 417 
9957 344 
9964 1054 
9976 47 
9983 853 
10007 169 
10012 1449 
10015 572 
10024 2486 
10024 45 
10029 379 
10038 1013 
10041 110 
10053 751 
10056 30 
10063 271 
10095 96 
10131 844 
10205 6044 
10209 90 
10210 4403 
10237 3234 
10254 285 
10263 81 
10269 295 
10273 671 
10286 1028 
10290 239 
10295 1184 
10298 67 
10326 450 
10329 6704 
10336 587 
10347 686 
10355 1645 
10357 262 
10357 691 
10399 56 
10410 1349 
10443 1518 
10453 53 
10456 530 
10468 198 
10492 2 
10499 127 
10583 177 
10583 4298 
10591 14 
10593 5419 
10604 701 
10642 245 
10642 17641 
10643 653 
10652 4256 
10656 134 
10669 804 
10673 185 
10675 1291 
10678 1282 
10695 2616 
10705 950 
10713 309 
10716 1064 
10726 462 
10729 1011 
10745 221 
10747 34 
10755 1515 
10769 17 
10772 712 
10781 67 
10793 4101 
10795 187 
10809 104 
10811 2757 
10843 1417 
10845 4 
10859 489 
10928 360 
10932 1364 
10947 731 
10950 604 
10958 2475 
10968 4348 
10968 406 
10980 14 
10999 18 
11005 144 
11010 5 
11028 614 
11036 311 
11046 138 
11067 7 
11098 1041 
11122 130 
11124 209 
11127 825 
11140 180 
11166 662 
11178 1313 
11182 132 
11216 1315 
11235 1353 
11305 879 
11309 119 
11319 3708 
11351 1186 
11352 4157 
11352 1675 
11353 1015 
11372 1191 
11397 15 
11423 604 
11444 166 
11459 3 
11460 173 
11471 992 
11472 252 
11500 106 
11515 221 
11520 1723 
11523 1796 
11527 2309 
11527 23 
11543 92 
11543 125 
11549 71 
11586 71 
11586 96 
11591 1988 
11700 36 
11705 4052 
11723 1306 
11729 378 
11743 1410 
11747 1125 
11766 124 
11767 324 
11771 1320 
11782 211 
11816 3 
11826 3297 
11835 145 
11838 3 
11860 6 
11880 23 
11907 391 
11917 355 
11929 631 
11930 60 
11956 774 
12040 969 
12042 629 
12046 1589 
12079 337 
12086 2434 
12101 3169 
12107 865 
12108 537 
12127 0 
12160 175 
12171 1619 
12192 366 
12223 3149 
12232 93 
12235 2705 
12240 794 
12250 2261 
12254 1785 
12264 150 
12264 817 
12337 843 
12357 1032 
12360 386 
12364 408 
12419 403 
12429 18 
12440 2056 
12467 106 
12473 532 
12489 53 
12524 1263 
12533 8506 
12533 1046 
12563 309 
12568 157 
12674 2278 
12677 46 
12681 1455 
12696 75 
12708 197 
12718 304 
12724 1235 
12752 403 
12764 63 
12779 81 
12783 3144 
12804 1585 
12811 237 
12814 96 
12816 62 
12889 2589 
12892 505 
12897 210 
12918 1840 
12920 21 
12923 512 
12935 1760 
12940 115 
12944 745 
12947 1518 
12953 1902 
12988 277 
13003 119 
13194 233 
13199 196 
13207 497 
13222 1431 
13231 298 
13263 619 
13275 22 
13279 586 
13282 30 
13461 588 
13492 842 
13502 1277 
13506 1616 
13512 1323 
13514 131 
13516 799 
13518 394 
13522 906 
13529 1123 
13543 284 
13544 669 
13565 1069 
13586 949 
13594 102 
13594 388 
13600 1149 
13601 453 
13604 237 
13628 18537 
13637 33 
13668 828 
13692 1121 
13692 4508 
13696 1115 
13698 501 
13709 1126 
13782 0 
13799 2802 
13802 467 
13803 97 
13836 1116 
13848 2051 
13860 1309 
13881 233 
13882 0 
13913 631 
13917 1087 
13939 747 
13941 500 
13971 71 
13982 19 
13988 409 
13996 1043 
14001 1 
14011 361 
14020 815 
14137 199 
14158 419 
14210 224 
14214 383 
14214 955 
14222 115 
14229 446 
14231 3188 
14238 419 
14241 97 
14258 10 
14271 1507 
14278 2669 
14287 1418 
14305 2299 
14309 450 
14318 1426 
14326 412 
14326 2130 
14327 827 
14335 729 
14341 1667 
14350 933 
14351 706 
14354 670 
14373 1193 
14376 208 
14384 240 
14392 6765 
14413 1871 
14417 14773 
14423 427 
14500 1822 
14500 48 
14538 76 
14579 25 
14593 527 
14609 43 
14655 166 
14656 6988 
14659 9 
14664 360 
14672 7200 
14673 3375 
14687 53 
14744 406 
14745 350 
14756 50 
14827 193 
14836 490 
14842 3359 
14863 1681 
14867 539 
14869 84 
14875 411 
14895 1262 
14896 23 
14912 33 
14912 212 
14920 1048 
14945 1219 
14967 241 
14971 125 
14979 620 
14981 742 
14986 6566 
14987 2208 
14991 827 
14997 1396 
15018 256 
15025 822 
15046 663 
15053 958 
15059 347 
15078 119 
15081 54 
15088 757 
15160 234 
15174 9 
15191 275 
15193 375 
15215 1462 
15218 521 
15220 1377 
15221 473 
15253 0 
15258 197 
15279 274 
15292 152 
15314 570 
15330 24 
15341 395 
15346 7923 
15358 1 
15362 170 
15391 15 
15396 151 
15415 5691 
15423 1474 
15429 478 
15538 851 
15545 1502 
15571 914 
15590 110 
15602 7939 
15607 719 
15611 10392 
15640 644 
15648 605 
15680 714 
15714 549 
15731 520 
15744 82 
15744 1 
15815 28 
15848 477 
15850 22 
15886 846 
15904 5673 
15921 1203 
15935 142 
15941 989 
15953 388 
15956 3 
15967 4149 
15977 37 
15981 1058 
15984 6 
15985 120 
16006 261 
16021 91 
16036 28005 
16039 1075 
16056 588 
16060 1162 
16069 868 
16070 3982 
16076 1958 
16080 2394 
16082 33 
16082 14 
16086 1060 
16206 101 
16223 4584 
16232 155 
16234 220 
16248 837 
16256 379 
16268 1653 
16269 373 
16276 642 
16284 472 
16295 344 
16305 341 
16308 399 
16437 11 
16448 931 
16455 7497 
16463 2304 
16465 348 
16486 873 
16509 1548 
16512 153 
16515 1253 
16518 109 
16635 129 
16639 72 
16644 142 
16648 263 
16756 534 
16811 2292 
16826 1670 
16888 361 
16943 1842 
16994 5393 
17026 141 
17076 798 
17095 4202 
17221 383 
17239 715 
17250 1318 
17252 1048 
17261 530 
17277 951 
17295 409 
17311 406 
17430 1133 
17478 326 
17497 7 
17509 347 
17530 477 
17546 135 
17559 1691 
17566 912 
17597 115 
17603 1 
17675 1663 
17683 50 
17718 4 
17744 465 
17757 1180 
17783 10 
17806 2653 
17838 3270 
17855 4791 
17863 42 
17870 739 
17938 180 
17947 1182 
17966 75 
17988 481 
17994 1558 
18014 817 
18016 447 
18035 251 
18037 92 
18057 1393 
18073 7 
18077 34 
18080 1134 
18095 294 
18109 542 
18143 799 
18143 38 
18206 718 
18221 786 
18235 403 
18248 25 
18252 95 
18268 761 
18291 1455 
18292 40 
18307 2414 
18345 132 
18350 333 
18350 92 
18381 3530 
18392 799 
18480 838 
18495 327 
18498 511 
18528 370 
18542 256 
18548 234 
18557 690 
18579 221 
18585 83 
18599 76 
18602 367 
18618 147 
18650 15004 
18670 30190 
18675 3416 
18687 988 
18777 1068 
18783 498 
18789 4018 
18792 1051 
18802 275 
18813 169 
18814 341 
18836 128 
18860 5286 
18861 7964 
18881 269 
18883 1040 
18886 1385 
18888 266 
18893 171 
18896 488 
18906 436 
18918 2046 
18943 3588 
18947 743 
18949 630 
19011 134 
19014 1232 
19020 429 
19020 788 
19028 289 
19029 997 
19035 489 
19036 794 
19061 142 
19066 6401 
19068 1131 
19077 147 
19100 9369 
19103 750 
19104 2438 
19127 610 
19141 141 
19146 648 
19167 973 
19177 0 
19204 176 
19212 1577 
19304 129 
19305 2 
19336 3484 
19337 141 
19350 196 
19391 133 
19410 909 
19419 1007 
19435 640 
19461 1577 
19462 33 
19530 78 
19541 812 
19548 687 
19552 97 
19567 1281 
19572 6 
19585 1032 
19593 214 
19600 99 
19617 223 
19628 1407 
19631 162 
19636 407 
19643 904 
19671 143 
19676 587 
19738 1 
19747 259 
19750 249 
19760 400 
19792 900 
19795 290 
19844 1333 
19851 17 
19979 22 
19988 177 
19996 2315 
20008 287 
20011 225 
20049 1280 
20055 1532 
20119 1515 
20134 559 
20163 1666 
20180 139 
20236 6479 
20240 33 
20256 657 
20294 543 
20403 96 
20406 227 
20410 556 
20413 269 
20418 5973 
20425 94 
20428 21 
20458 57 
20458 768 
20480 257 
20489 152 
20499 1456 
20610 129 
20676 543 
20716 129 
20736 2228 
20759 138 
20871 17 
20883 444 
20886 162 
20895 3338 
20897 280 
20927 175 
21205 275 
21328 1000 
21352 413 
21382 223 
21413 1323 
21547 1619 
21552 304 
21576 516 
21584 1298 
21603 1090 
21609 245 
21612 4676 
21613 1459 
21630 274 
21638 357 
21644 7894 
21653 1522 
21659 270 
21662 838 
21665 1177 
21666 574 
21666 1082 
21666 112 
21673 1001 
21674 4459 
21677 1165 
21678 175 
21737 241 
21737 4307 
21745 1379 
21749 14 
21763 1987 
21775 362 
21814 237 
21819 183 
21828 1645 
21837 274 
21869 444 
21942 1132 
21971 252 
21979 148 
22033 369 
22042 408 
22063 286 
22066 290 
22076 50 
22172 401 
22196 0 
22197 366 
22197 173 
22243 78 
22271 549 
22296 15 
22360 2223 
22367 2168 
22372 34011 
22380 1402 
22391 167 
22393 490 
22419 1499 
22426 1157 
22439 859 
22459 17 
22465 203 
22474 1537 
22500 142 
22571 337 
22575 365 
22589 13 
22600 462 
22669 26 
22690 4 
22706 1584 
22711 1694 
22773 173 
22795 310 
22810 94 
22846 547 
22850 518 
22858 48 
22875 1184 
22878 2615 
22885 54 
22979 759 
23000 47 
23056 724 
23066 324 
23068 771 
23091 403 
23159 2384 
23165 1285 
23180 282 
23181 16 
23185 20 
23202 2177 
23223 623 
23231 333 
23246 5 
23260 322 
23272 4152 
23282 720 
23339 3988 
23345 65 
23358 696 
23373 2617 
23376 65 
23379 960 
23390 1587 
23416 1206 
23421 846 
23426 68 
23434 1032 
23464 1032 
23467 119 
23528 13 
23534 380 
23559 559 
23563 14 
23633 168 
23687 23 
23701 1134 
23728 2069 
23745 1207 
23747 1593 
23768 1143 
23774 524 
23777 7415 
23779 11036 
23787 2227 
23854 5426 
23855 807 
23887 297 
23906 1 
23919 1357 
23926 163 
23926 877 
23929 1452 
23948 6559 
23954 497 
23954 62 
23960 588 
23968 1109 
23971 180 
24042 963 
24044 29 
24063 1137 
24063 90 
24108 3114 
24110 585 
24121 335 
24207 272 
24232 9257 
24245 622 
24281 1823 
24288 358 
24298 378 
24310 421 
24318 176 
24381 192 
24385 5 
24400 845 
24408 1257 
24424 175 
24425 1079 
24426 89 
24443 61 
24456 7 
24456 125 
24488 120 
24490 422 
24494 431 
24524 279 
24530 392 
24535 1677 
24615 61 
24628 36 
24635 254 
24648 947 
24664 1894 
24666 435 
24680 86 
24681 2901 
24715 618 
24781 2144 
24782 3961 
24792 702 
24793 3488 
24808 466 
24812 367 
24815 372 
24837 1533 
24858 1184 
24876 137 
24877 98 
24883 1002 
24888 8 
24899 147 
24975 2286 
25016 139 
25016 4 
25017 440 
25028 1655 
25036 854 
25043 204 
25045 80 
25053 786 
25057 37 
25073 123 
25121 1982 
25189 1986 
25190 39 
25204 68 
25204 638 
25207 314 
25209 309 
25209 1102 
25215 1370 
25226 335 
25231 485 
25258 8 
25267 2297 
25271 1068 
25282 410 
25300 110 
25310 833 
25319 342 
25400 110 
25401 8196 
25416 17 
25421 590 
25435 87 
25440 139 
25445 62 
25450 910 
25461 679 
25471 1665 
25474 1382 
25480 1535 
25482 4308 
25521 3152 
25590 932 
25593 376 
25595 831 
25599 756 
25600 181 
25629 347 
25633 67 
25634 167 
25641 794 
25641 419 
25642 226 
25648 361 
25663 1274 
25671 1641 
25684 176 
25687 1683 
25693 902 
25697 37 
25698 702 
25699 855 
25720 3166 
25736 1339 
25736 87 
25742 732 
25743 859 
25802 1522 
25810 1186 
25819 1 
25822 216 
25828 7832 
25829 363 
25831 294 
25833 10564 
25846 1049 
25850 4385 
25850 960 
25852 167 
25855 355 
25865 181 
25879 188 
25882 1699 
25884 1085 
25888 79 
25896 684 
25896 260 
25904 138 
25911 87 
25918 107 
25925 884 
25948 54 
26015 234 
26017 927 
26029 330 
26052 560 
26060 3307 
26070 273 
26078 13 
26079 1178 
26116 578 
26117 451 
26122 350 
26134 1464 
26135 244 
26140 678 
26150 1382 
26232 92 
26234 698 
26240 629 
26241 47 
26247 34 
26251 8391 
26264 1423 
26266 31 
26271 305 
26280 713 
26284 4019 
26285 147 
26291 2129 
26299 121 
26305 76 
26309 151 
26310 657 
26313 1805 
26316 426 
26327 1109 
26333 477 
26334 1227 
26342 219 
26347 396 
26351 515 
26358 156 
26417 2093 
26423 552 
26432 338 
26441 2865 
26468 375 
26482 248 
26493 594 
26504 680 
26507 6814 
26510 281 
26512 2284 
26514 513 
26523 1381 
26527 486 
26596 641 
26602 133 
26605 575 
26611 316 
26611 812 
26617 0 
26624 325 
26625 6730 
26626 44 
26629 568 
26631 109 
26637 323 
26659 800 
26661 4399 
26674 443 
26679 26239 
26684 300 
26699 1072 
26758 25 
26758 202 
26769 977 
26781 2241 
26784 2168 
26791 367 
26794 771 
26800 31 
26808 29 
26808 580 
26815 765 
26818 280 
26821 28 
26856 737 
26876 705 
26878 558 
26882 1824 
26885 1110 
26964 239 
26974 236 
26974 417 
26993 309 
27013 413 
27018 39 
27046 493 
27048 1941 
27049 753 
27070 75 
27072 477 
27138 1009 
27141 1903 
27161 12 
27172 1168 
27182 618 
27194 5703 
27195 963 
27219 1490 
27221 346 
27229 3456 
27232 274 
27233 487 
27286 32 
27296 324 
27299 3095 
27302 480 
27331 110 
27331 325 
27335 251 
27350 750 
27352 60 
27386 2597 
27393 2870 
27397 57 
27399 719 
27413 608 
27415 3627 
27421 666 
27427 435 
27483 409 
27495 565 
27497 168 
27502 736 
27505 211 
27526 1248 
27563 1322 
27572 89 
27587 265 
27593 580 
27600 339 
27606 1317 
27608 163 
27621 101 
27622 19 
27686 1135 
27696 47 
27701 1807 
27709 1455 
27714 250 
27723 1602 
27726 47 
27728 285 
27742 248 
27749 1428 
27762 1759 
27773 2356 
27785 222 
27791 1597 
27791 1424 
27848 610 
27849 538 
27862 329 
27893 314 
27895 287 
27921 878 
27933 74 
27943 801 
27973 133 
27974 1026 
28048 29 
28057 1038 
28061 238 
28079 634 
28085 165 
28094 503 
28103 420 
28105 312 
28117 295 
28119 23 
28120 651 
28125 6929 
28127 1027 
28127 14 
28134 251 
28151 24 
28164 225 
28183 3237 
28243 883 
28247 1309 
28250 1142 
28251 252 
28283 542 
28354 222 
28359 781 
28416 112 
28426 41 
28448 144 
28449 729 
28450 395 
28465 1671 
28476 666 
28494 1074 
28500 655 
28506 465 
28519 334 
28530 347 
28534 68 
28604 641 
28610 580 
28625 84 
28631 529 
28649 363 
28652 713 
28658 314 
28664 244 
28674 1599 
28691 840 
28699 1868 
28703 681 
28706 54 
28710 239 
28715 203 
28716 183 
28771 123 
28789 35 
28825 14 
28826 312 
28834 3059 
28837 107 
28858 130 
28864 1705 
28870 247 
28971 50 
28982 248 
28986 2 
29014 63 
29016 327 
29022 93 
29026 520 
29034 443 
29039 558 
29040 1773 
29060 745 
29066 785 
29125 314 
29129 939 
29137 311 
29139 805 
29153 1946 
29164 1197 
29171 1898 
29210 692 
29217 141 
29281 1359 
29288 1116 
29293 5402 
29294 180 
29304 878 
29328 438 
29340 39 
29351 1457 
29365 1908 
29372 1263 
29381 135 
29442 647 
29446 27 
29448 1235 
29459 1865 
29462 1167 
29464 388 
29500 156 
29502 1099 
29515 176 
29522 39 
29531 115 
29545 3917 
29553 1879 
29556 742 
29614 1548 
29629 756 
29640 80 
29641 3657 
29674 1290 
29699 91 
29737 276 
29864 1410 
29920 378 
29937 674 
29939 199 
29997 478 
30000 644 
30019 489 
30059 4 
30063 264 
30161 31 
30172 76 
30181 403 
30206 738 
30209 1539 
30222 1036 
30248 350 
30259 128 
30337 32 
30337 616 
30495 3814 
30496 508 
30498 1900 
30508 4268 
30525 1093 
30527 66 
30528 421 
30533 444 
30554 628 
30556 659 
30565 895 
30578 43 
30580 904 
30592 2211 
30592 955 
30667 14508 
30682 1176 
30698 7455 
30700 30 
30702 3606 
30719 2221 
30726 575 
30735 12 
30744 568 
30746 249 
30760 166 
30760 1807 
30764 69 
30767 600 
30772 217 
30775 269 
30852 16 
30859 841 
30868 1277 
30885 760 
30895 488 
30906 967 
30907 870 
30923 1403 
30925 144 
30926 269 
30927 386 
30931 237 
30933 1039 
30934 1825 
30935 2037 
31001 1179 
31006 329 
31039 2130 
31080 1195 
31098 44 
31109 808 
31169 369 
31179 466 
31182 58 
31193 10 
31201 2117 
31215 1037 
31215 1052 
31262 125 
31271 321 
31331 299 
31333 42 
31338 102 
31352 89 
31374 162 
31403 399 
31427 2362 
31431 153 
31506 1363 
31540 1465 
31540 180 
31578 57 
31625 189 
31684 482 
31715 454 
31716 2116 
31725 334 
31742 1325 
31750 548 
31759 864 
31761 3410 
31768 37 
31782 53 
31783 950 
31818 562 
31919 1170 
31927 1399 
31935 3551 
31955 196 
31980 10 
32048 18 
32055 646 
32087 11 
32088 881 
32093 752 
32098 94 
32124 735 
32135 98 
32143 295 
32155 663 
32163 458 
32175 968 
32244 127 
32249 315 
32258 2509 
32268 4 
32342 91 
32348 70 
32420 1923 
32444 226 
32447 135 
32473 442 
32483 319 
32520 92 
32530 62 
32538 251 
32604 430 
32604 88 
32611 375 
32616 10 
32640 821 
32659 269 
32659 54 
32680 1439 
32692 402 
32715 93 
32813 224 
32909 1733 
32973 6 
33033 1114 
33048 463 
33079 2809 
33158 773 
33170 81 
33175 997 
33178 1416 
33179 150 
33187 5660 
33222 1378 
33248 1449 
33356 1254 
33362 242 
33377 127 
33407 1430 
33410 676 
33430 164 
33433 482 
33548 427 
33581 178 
33593 1751 
33615 718 
33625 2083 
33685 18 
33720 2 
33722 109 
33724 2056 
33727 99 
33741 8628 
33748 15 
33748 265 
33753 229 
33757 60 
33774 6860 
33778 109 
33802 38 
33806 116 
33873 388 
33874 229 
33875 19 
33882 101 
33893 1656 
33895 399 
33901 128 
33911 110 
33933 70 
33940 2134 
33968 2236 
33968 3 
33980 628 
33982 23 
34041 123 
34055 740 
34056 83 
34086 902 
34116 647 
34133 518 
34157 207 
34247 1572 
34252 83 
34262 162 
34272 527 
34312 386 
34363 244 
34427 563 
34439 438 
34447 485 
34475 735 
34493 311 
34495 521 
34579 883 
34609 781 
34685 546 
34717 849 
34801 791 
34803 323 
34813 163 
34844 554 
34846 1607 
34877 1677 
34880 118 
34883 187 
34883 1424 
34893 642 
34901 43 
34902 2649 
34919 82 
34943 1294 
35016 138 
35135 1904 
35148 100 
35251 109 
35285 576 
35308 105 
35324 228 
35354 730 
35377 1592 
35457 96 
35476 229 
35489 932 
35511 417 
35514 2094 
35519 1444 
35534 577 
35537 283 
35538 451 
35538 1397 
35560 1088 
35596 13 
35755 2 
35764 740 
35772 276 
35815 1369 
35824 47 
35832 430 
35845 1409 
35934 439 
35949 4680 
35977 629 
35981 483 
35996 2004 
36000 755 
36014 309 
36023 368 
36032 19 
36036 83 
36036 1078 
36038 921 
36041 1018 
36042 647 
36043 3221 
36047 1528 
36211 498 
36239 250 
36288 19488 
36311 288 
36363 315 
36471 611 
36489 668 
36587 2865 
36727 141 
36727 207 
36737 1346 
36786 138 
36868 33 
36875 49 
37005 158 
37008 76 
37107 127 
37110 80 
37275 993 
37285 1508 
37290 5193 
37311 40 
37316 92 
37442 51 
37472 1 
37589 122 
37632 131 
37693 32 
37932 459 
37953 48 
37961 3966 
37973 81 
37990 1798 
38100 592 
38180 618 
38202 57 
38219 149 
38245 1358 
38502 176 
38518 236 
38551 891 
38575 59 
38663 172 
38713 5472 
38725 159 
38730 68 
38802 86 
38810 213 
38884 279 
39075 511 
39226 145 
39257 1062 
39301 1297 
39372 861 
39390 1074 
39408 408 
39412 77 
39583 752 
39626 325 
39642 612 
39645 452 
39665 416 
39802 1333 
39915 413 
39939 783 
39939 822 
39972 2870 
40017 477 
40128 445 
40130 22 
40173 145 
40262 3174 
40269 847 
40272 1006 
40378 243 
40548 2554 
40725 251 
40746 80 
40838 126 
40870 389 
41101 2083 
41102 448 
41128 615 
41153 424 
41232 913 
41241 176 
41271 5523 
41272 2330 
41335 287 
41381 5338 
41405 2855 
41421 159 
41421 4810 
41453 253 
41497 153 
41521 3 
41557 63 
41850 104 
41859 551 
41874 93 
41997 152 
42057 3001 
42183 1473 
42191 44 
42285 62 
42374 713 
42377 278 
42425 406 
42455 14500 
42463 1632 
42476 2364 
42479 6026 
42529 428 
42586 251 
42610 1848 
42614 312 
42704 3075 
42708 213 
42742 740 
42747 91 
42772 210 
42782 2232 
42791 730 
42956 251 
43000 354 
43050 36 
43093 228 
43136 180 
43201 386 
43203 262 
43384 1563 
43483 42 
43544 1012 
43645 434 
43665 232 
43728 895 
43797 63 
43802 296 
43823 520 
43886 735 
44006 493 
44031 273 
44033 3946 
44107 609 
44113 114 
44141 305 
44175 661 
44189 224 
44218 1170 
44269 420 
44285 2060 
44320 3351 
44331 1466 
44390 1155 
44405 776 
44498 2130 
44500 46256 
44509 468 
44528 5597 
44570 889 
44600 3600 
44606 882 
44617 1632 
44625 1536 
44634 2048 
44648 402 
44658 151 
44677 1015 
44688 276 
44746 330 
44789 225 
44800 311 
44814 960 
44825 1191 
44857 271 
44926 1632 
44946 35 
44953 162 
44970 1325 
44980 63 
44982 34 
45077 779 
45141 1007 
45233 491 
45281 176 
45313 387 
45317 1965 
45325 1422 
45499 90 
45585 342 
45704 909 
45725 203 
45756 2573 
45955 235 
46028 296 
46031 1364 
46128 7 
46192 529 
46213 165 
46215 697 
46264 324 
46294 632 
46375 696 
46376 1600 
46406 1014 
46420 813 
46449 293 
46462 1719 
46483 2466 
46530 1035 
46533 112 
46557 590 
46670 2298 
46745 12 
46803 91 
46898 76 
46920 0 
46949 0 
46982 437 
46985 543 
47045 652 
47152 75 
47179 646 
47190 97 
47368 406 
47455 207 
47508 718 
47525 651 
47535 1109 
47545 398 
47704 1521 
47709 306 
47836 0 
47849 1261 
48078 395 
48117 381 
48218 63 
48221 2345 
48261 554 
48434 565 
48526 7263 
48550 2274 
48588 705 
48599 175 
48645 1949 
48708 1080 
48735 305 
48762 986 
48764 1444 
48789 1110 
48942 212 
49070 1260 
49092 1921 
49095 14 
49113 688 
49131 980 
49168 810 
49186 625 
49193 81 
49230 725 
49240 223 
49426 469 
49453 647 
49504 18 
49529 308 
49646 831 
49672 1653 
49761 1745 
49769 721 
49773 157 
49783 2003 
49793 212 
49809 107 
49814 378 
49988 1088 
50009 829 
50017 760 
50024 417 
50039 226 
50074 209 
50104 192 
50147 206 
50227 7079 
50233 405 
50279 137 
50302 0 
50308 239 
50475 1921 
50495 181 
50536 685 
50626 71 
50858 584 
50904 81 
50908 271 
51052 333 
51061 484 
51077 1114 
51084 1249 
51195 654 
51201 397 
51238 414 
51242 409 
51306 1907 
51315 181 
51337 1316 
51415 599 
51446 139 
51463 8 
51635 3388 
51930 466 
51948 818 
52102 2 
52102 2 
52271 622 
52370 72 
52500 1095 
52640 5 
52692 99 
52760 328 
52827 274 
52878 444 
53062 2951 
53117 1125 
53206 2485 
53345 819 
53396 1097 
53427 202 
53462 560 
53467 1058 
53467 934 
53510 809 
53830 892 
53932 442 
53994 1119 
54016 629 
54260 1002 
54265 2444 
54695 592 
54714 747 
54858 11670 
54885 629 
54917 1019 
54939 941 
55042 227 
55159 395 
55333 252 
55333 1219 
55349 813 
55365 2132 
55367 497 
55375 356 
55411 2836 
55537 1322 
55543 362 
55616 2095 
55677 326 
55690 204 
55775 635 
55811 33 
55825 233 
55861 241 
56084 10065 
56102 544 
56169 1294 
56211 1475 
56459 163 
56561 2091 
56564 1075 
56576 16 
56601 102 
56614 173 
56773 57 
56781 309 
56821 49 
56840 343 
56917 24346 
57116 1572 
57180 951 
57202 4527 
57205 1073 
57253 765 
57303 85 
57401 842 
57410 85 
57434 3321 
57459 3841 
57488 929 
57567 307 
57569 153 
57611 923 
57825 722 
57868 643 
57887 264 
57890 1219 
57891 252 
57933 199 
57949 2 
57983 145 
58009 10565 
58219 2698 
58220 875 
58279 11077 
58316 2961 
58366 1204 
58373 62 
58426 953 
58432 478 
58449 567 
58608 179 
58683 41154 
58686 120 
58762 744 
58785 42 
58790 735 
58806 129 
58850 721 
58896 3927 
58922 3194 
58942 462 
58948 221 
58974 913 
58992 100 
59000 963 
59042 222 
59476 7231 
59529 0 
59547 40 
59564 178 
59571 1908 
59579 3340 
59662 255 
59707 1158 
59731 1616 
59789 1010 
59813 214 
59872 9051 
59928 255 
60473 160 
60495 16 
60606 92 
60618 220 
60736 1478 
60794 118 
60989 1185 
61157 914 
61286 102 
61308 708 
61314 607 
61326 601 
61369 137 
61389 2721 
61433 840 
61529 1153 
61534 327 
61567 1353 
61660 358 
61667 1946 
61670 252 
61703 571 
61789 644 
61873 154 
61884 411 
61912 2379 
61979 2028 
61981 443 
62017 404 
62034 1270 
62201 11483 
62516 541 
62533 325 
62560 579 
62597 361 
62629 72 
62640 572 
62665 130 
62707 1895 
62804 724 
62805 37 
62970 1890 
63010 1052 
63066 6226 
63074 797 
63119 195 
63120 367 
63121 411 
63324 833 
63333 8506 
63445 420 
63515 6529 
63518 3572 
63571 255 
63683 362 
63694 2252 
63821 2118 
63868 199 
63956 569 
64001 1076 
64035 629 
64037 598 
64079 46 
64146 126 
64409 373 
64598 616 
64602 201 
64656 725 
64677 8 
64699 5818 
64774 1542 
64871 808 
64872 439 
64877 209 
64885 46 
64987 155 
65199 244 
65210 213 
65257 266 
65350 779 
65454 238 
65491 429 
65512 1068 
65576 725 
65612 696 
65713 10 
65722 25 
65734 1957 
65767 156 
65790 1662 
65808 309 
65979 832 
66107 1186 
66139 3042 
66159 283 
66300 1682 
66314 1233 
66351 246 
66363 435 
66374 175 
66386 139 
66388 5624 
66405 427 
66415 37 
66415 1763 
66418 1655 
66448 107 
66452 132 
66465 1377 
66469 74 
66473 2994 
66499 966 
66509 2047 
66545 506 
66638 480 
66683 748 
66684 21194 
66684 152 
66715 89 
66718 954 
66719 176 
66731 257 
66768 1056 
66782 533 
66798 670 
66814 829 
66815 56 
66815 1542 
66886 987 
66896 798 
66905 2031 
66921 476 
66925 819 
66969 41 
66987 689 
67041 106 
67053 130 
67057 733 
67090 323 
67130 796 
67139 55 
67185 92 
67192 784 
67222 489 
67261 814 
67274 20 
67333 1127 
67399 276 
67443 229 
67447 581 
67533 643 
67652 832 
67753 46 
67905 215 
67926 551 
67933 87 
67959 5 
68029 624 
68053 218 
68120 5 
68128 733 
68144 5135 
68144 1020 
68158 9 
68159 24 
68194 225 
68194 225 
68241 263 
68243 9286 
68313 492 
68329 884 
68360 738 
68405 1878 
68502 442 
68506 572 
68550 245 
68603 135 
68609 652 
68652 1002 
68698 760 
68713 52 
68749 1132 
68780 189 
68940 596 
69031 201 
69083 644 
69123 5 
69128 620 
69149 1763 
69213 5579 
69220 1063 
69246 16 
69281 1109 
69355 139 
69436 1526 
69453 182 
69516 193 
69564 377 
69682 1081 
69698 730 
70039 580 
70163 1966 
70228 4 
70250 298 
70337 535 
70354 238 
70408 15 
70413 393 
70505 61 
70575 189 
70644 126 
70654 448 
70677 552 
70695 1063 
70735 1139 
70749 648 
70764 259 
70783 411 
70800 1036 
70804 22 
70826 295 
70842 483 
70865 926 
70881 456 
70895 688 
70896 322 
70984 94 
70998 1949 
71021 2826 
71052 550 
71054 1005 
71077 1222 
71124 245 
71171 430 
71326 297 
71347 5459 
71402 711 
71407 688 
71420 657 
71716 933 
71729 445 
71813 1052 
71852 666 
71958 857 
71984 429 
72022 1195 
72054 42 
72178 274 
72232 356 
72236 16 
72253 908 
72257 3682 
72266 2783 
72285 1059 
72286 2434 
72357 214 
72380 529 
72425 1146 
72428 328 
72450 953 
72458 1627 
72489 1395 
72534 230 
72586 860 
72599 1637 
72727 26 
72752 240 
72857 1515 
72866 705 
72896 921 
72902 5 
72948 18 
72961 599 
72985 1160 
73021 431 
73058 2627 
73156 408 
73183 1291 
73244 940 
73263 1275 
73264 1265 
73290 2999 
73301 0 
73330 147 
73336 333 
73394 1184 
73420 244 
73425 1144 
73461 562 
73525 2638 
73540 820 
73602 4029 
73679 4102 
73712 108 
73731 698 
73754 708 
73865 945 
73870 429 
73902 185 
73918 106 
73921 710 
74023 1191 
74175 572 
74210 11 
74340 108 
74366 1000 
74370 164 
74372 1960 
74451 2875 
74465 11 
74468 1242 
74505 51 
74511 70 
74539 616 
74557 144 
74606 124 
74619 484 
74624 221 
74632 1175 
74650 301 
74658 130 
74772 846 
74820 4971 
74822 1878 
74840 114434 
74878 1515 
74886 743 
74891 464 
74892 620 
74899 734 
74933 76 
74942 32654 
74943 1167 
74946 208 
74949 613 
74952 204 
74959 821 
74985 6 
75044 17 
75054 282 
75086 909 
75130 1139 
75204 3386 
75227 2064 
75265 766 
75269 73 
75273 858 
75279 934 
75308 2278 
75340 1591 
75366 238 
75435 622 
75461 893 
75471 0 
75505 665 
75564 125 
75602 579 
75611 633 
75614 284 
75649 1317 
75678 641 
75684 51 
75700 345 
75748 93 
75841 730 
75866 230 
75900 125 
75936 445 
76266 512 
76304 349 
76305 557 
76315 223 
76320 491 
76322 40 
76324 450 
76357 2913 
76371 113 
76406 826 
76451 161 
76554 972 
76578 18 
76645 2577 
76662 2158 
76785 543 
76911 499 
76914 1 
76953 1009 
77130 22 
77315 1303 
77430 470 
77621 102 
77643 1466 
77653 707 
77765 409 
77783 15 
77787 12 
77787 911 
77862 232564 
77912 418 
77917 789 
77930 288 
77937 455 
78094 19 
78179 96 
78378 285 
78630 152 
78653 385 
78668 762 
78726 396 
78798 1410 
78843 0 
78893 522 
78984 272 
78985 76 
79013 64 
79060 742 
79165 57 
79184 191 
79211 373 
79215 573 
79385 1079 
79392 154 
79455 163 
79484 96 
79514 554 
79537 1109 
79688 320 
79917 0 
80109 482 
80222 1072 
80337 168 
80360 218 
80445 329 
80469 1650 
80473 2675 
80502 3 
80630 397 
80641 265 
80659 68 
80752 126 
80764 1037 
80801 205 
80935 1055 
80945 1014 
81049 361 
81051 249 
81476 29153 
81571 436 
81605 1278 
81611 346 
81736 135 
81776 1392 
81794 447 
81883 369 
81930 353 
82035 1235 
82322 5245 
82348 175 
82351 577 
82511 32 
82561 41 
82827 306 
82892 23 
83147 102 
83170 1 
83171 76 
83223 1996 
83400 562 
83493 3863 
83572 252 
83678 168 
83685 252 
83836 2842 
83872 782 
83892 1249 
83999 656 
84020 1302 
84051 695 
84144 552 
84180 1300 
84209 1125 
84300 66 
84689 322 
84705 1063 
84844 134 
84850 753 
84902 101 
84930 218 
85083 302 
85114 2504 
85142 363 
85348 702 
85356 313 
85664 948 
85709 946 
85710 606 
85736 346 
85742 291 
85786 340 
85863 1156 
85871 184 
86047 514 
86070 106 
86196 1107 
86363 3 
86703 324 
86794 955 
86810 219 
86817 1271 
86899 164 
86938 76 
86939 525 
86952 1234 
87020 1679 
87171 35 
87414 318 
87419 821 
87947 11 
87949 3807 
88009 172 
88014 831 
88153 443 
88225 472 
88230 2269 
88231 738 
88250 1464 
88283 953 
88284 3557 
88284 1833 
88506 1306 
88509 29 
88726 177 
88762 2330 
88786 146 
88829 594 
88833 39 
88859 305 
88867 233 
88907 1450 
88933 434 
88950 1434 
89064 614 
89067 74 
89105 396 
89112 152 
89245 244 
89479 81 
89495 267 
89690 4289 
89788 220 
89911 3209 
90115 176 
90155 290 
90199 209 
90370 341 
90380 2307 
90598 128 
90625 2026 
90692 479 
90723 170 
90938 3150 
90945 305 
90998 268 
91007 362 
91015 9016 
91034 576 
91048 29 
91059 2736 
91087 337 
91154 970 
91188 2308 
91199 92 
91308 79 
91419 1158 
91453 283 
91558 77 
91760 211 
91907 178 
91949 4271 
92225 2250 
92251 702 
92263 379 
92336 1425 
92362 850 
92363 2398 
92490 132 
92585 773 
92670 250 
92787 650 
92839 2170 
92842 662 
92856 368 
92877 410 
92882 1060 
92940 415 
93157 903 
93212 119 
93494 641 
93503 1754 
93676 1753 
93681 582 
93687 524 
93747 530 
93767 71 
93826 98 
93827 0 
93893 1803 
93969 830 
94028 593 
94137 113 
94163 1096 
94328 4488 
94351 1279 
94411 1079 
94502 1305 
94573 311 
94585 265 
94685 846 
94686 2701 
94688 14 
94770 247 
94791 698 
94805 542 
94951 1262 
94969 750 
95144 1819 
95202 204 
95282 1135 
95383 2182 
95401 171 
95406 160 
95490 358 
95568 305 
95659 1377 
95689 1683 
95739 1618 
96019 656 
96136 27346 
96237 2362 
96257 355 
96308 297 
96322 24 
96322 457 
96389 911 
96502 996 
96504 831 
96527 509 
96666 980 
96675 40 
96728 823 
96736 119 
96743 1115 
96772 192 
96792 666 
96923 958 
96950 1448 
97123 29 
97148 280 
97149 4334 
97173 102 
97205 1473 
97215 134169 
97217 420 
97222 23 
97223 5717 
97245 731 
97264 4 
97273 86 
97294 888 
97306 2073 
97326 26333 
97342 146 
97345 892 
97346 38 
97347 97 
97357 588 
97357 622 
97365 995 
97371 16 
97371 850 
97373 1622 
97386 190 
97388 2243 
97394 220 
97423 621 
97433 71 
97434 192 
97443 586 
97461 932 
97467 995 
97489 63 
97562 79 
97572 44 
97595 5130 
97602 324 
97610 114 
97612 181 
97695 1296 
97729 211 
97742 97 
97760 1376 
97891 634 
98016 124 
98066 509 
98161 30 
98195 1817 
98208 134 
98304 1066 
98351 27 
98440 263 
98601 288 
98635 736 
98697 458 
98720 46 
99011 11 
99014 685 
99029 205 
99059 1109 
99121 140 
99124 3283 
99137 11 
99243 889 
99274 147 
99304 0 
99334 384 
99366 304 
99406 37 
99570 813 
99736 4 
99743 371 
99973 1280 
100000 242 
100017 3350 
100054 745 
100133 520 
100141 634 
100238 485 
100271 665 
100319 72 
100378 405 
100387 444 
100405 1080 
100410 1059 
100618 1378 
100631 297 
100632 3056 
100714 926 
100779 933 
101220 1672 
101414 1141 
101426 11951 
101477 239 
101496 104 
101507 251 
101587 884 
101742 595 
101748 142 
101821 215 
102015 69 
102077 588 
102128 454 
102135 92 
102156 1505 
102191 391 
102382 87 
102565 1386 
102587 156 
102630 989 
102634 1051 
102673 64 
102748 1053 
102940 2 
103391 1062 
103416 152 
103426 623 
103485 478 
103524 848 
103696 119 
103842 292 
103937 655 
104008 1923 
104020 106 
104086 147 
104283 74 
104600 193 
104632 37 
104864 253 
104872 0 
104894 2077 
105004 11 
105080 529 
105114 1105 
105261 727 
105369 544 
105372 15 
105533 91 
105863 83 
105866 1109 
106077 280 
106127 168 
106166 247 
106184 993 
106818 810 
106822 742 
107217 546 
107224 1 
107265 301 
107681 667 
107708 1214 
107722 1223 
107724 991 
107832 2969 
107860 60 
108035 2020 
108291 652 
108319 667 
108347 695 
108377 368 
108382 489 
108457 130 
108560 5494 
108586 323 
108588 873 
108869 434 
108904 779 
109082 8157 
109191 1733 
109530 413 
109565 129 
109581 909 
109802 235 
110049 25 
110090 481 
110252 1183 
110417 137 
110425 866 
110817 86 
110868 592 
110890 140 
110969 159 
111090 316 
111301 60 
111573 950 
111615 345 
111779 1445 
111786 644 
111833 6 
112006 470 
112139 356 
112166 1864 
112255 932 
112261 113 
112528 698 
112779 141 
112794 49 
112980 526 
112997 153 
113010 487 
113360 760 
113384 1694 
113496 450 
113588 254 
113831 67 
113843 252 
113864 160 
113921 246 
114020 112 
114281 873 
114302 2672 
114403 556 
114482 851 
114495 78 
114513 1287 
114518 483 
114591 553 
114622 14 
114658 760 
115128 283 
115160 329 
115188 599 
115208 27 
115526 392 
115692 355 
115760 156 
115896 266 
115919 143 
115945 198 
116216 2304 
116246 818 
116318 304 
116617 2254 
116717 398 
116785 212 
116801 131 
116937 1396 
117328 46 
117491 1133 
117496 1125 
117530 3474 
117580 753 
117581 198 
117595 749 
117597 1214 
117885 1240 
117931 47 
117938 24 
118256 587 
118258 322 
119683 820 
119693 80 
119956 178 
120036 232 
120041 31 
120068 243 
120089 259 
121023 602 
121131 662 
121493 321 
121661 103 
121918 427 
122234 251 
122378 5856 
122522 2316 
123161 14 
123381 370 
124480 65 
124507 280 
124671 16197 
124708 1167 
124714 1720 
124822 181 
124839 135 
124970 620 
125277 1596 
125535 854 
125903 347 
126003 550 
126147 1300 
126248 270 
126588 146 
126640 1106 
126765 91 
126857 167 
127144 1 
127198 923 
127303 40 
127432 1136 
127687 367 
127745 17 
127855 1158 
128365 25 
128557 2258 
128657 520 
129198 1088 
129199 577 
130489 1450 
130689 0 
130784 525 
130787 106 
131245 1792 
131617 410 
132144 1122 
132496 4 
132715 777 
133292 2310 
133712 1184 
133837 842 
134362 19 
134438 6 
134506 178 
135334 257 
135351 695 
135872 107 
136469 2020 
136782 17 
137477 771 
137604 18 
137747 2999 
138064 81 
138066 337 
138224 1834 
138299 6820 
139188 19 
139378 24 
139410 2498 
139637 700 
139744 3803 
139796 294 
139989 192 
141087 874 
141101 1424 
141131 647 
142149 14 
142250 452 
142697 321 
144246 1422 
144255 293 
145870 160 
146137 759 
147007 124 
147580 1245 
147800 288 
147941 125 
148193 108 
148434 1658 
149449 1376 
149592 1309 
150115 676 
150372 964 
150401 3608 
150418 518 
150553 391 
151033 3344 
151047 4092 
151090 908 
151107 181 
151132 9 
151133 427 
151172 4611 
151264 288 
151412 210 
151474 506 
151526 512 
151610 323 
151720 14 
151974 887 
151984 1407 
152033 2199 
152132 695 
152255 889 
152900 2067 
152985 1144 
153084 291 
153393 643 
153655 943 
153749 965 
154211 633 
154791 592 
154994 348 
155096 53 
155114 832 
155649 384 
155905 93 
156051 740 
156083 2305 
156147 3900 
156296 233 
156699 15 
157162 104 
157326 166 
157592 750 
157892 755 
158052 275 
158109 486 
158247 240 
158317 393 
158331 955 
158337 22 
158368 15 
159148 673 
159279 2265 
159289 483 
159303 3653 
159407 2422 
159559 126 
159570 347 
160035 1879 
160080 1059 
160146 3 
160334 503 
160583 866 
160654 4576 
161246 815 
161809 0 
161939 998 
161993 121 
163129 48 
163239 257 
163251 240 
163665 672 
163809 956 
163863 493 
163928 1 
164238 411 
164251 602 
164480 399 
164568 1590 
164579 15863 
164655 716 
164748 738 
164808 378 
165054 8 
165121 366 
165155 159 
165166 8 
165468 583 
165534 489 
165716 23 
165946 862 
166136 2124 
166150 174051 
166208 1137 
166212 285 
166220 260 
166234 126 
166247 480 
166254 124 
166256 1389 
166303 447 
166315 1941 
166318 1882 
166364 418 
166503 49 
166505 71 
166571 734 
166597 1534 
166602 111 
166626 534 
166645 1512 
166891 398 
167018 116 
167302 1157 
167327 438 
167395 3306 
167967 348 
168083 565 
168964 309 
169030 70 
169058 259 
169276 129 
169476 4 
169573 100 
169685 5 
170220 1665 
170991 188 
171090 142 
171644 1753 
171845 406 
172069 96 
172280 264 
172855 432 
173073 75 
173111 92 
173344 4122 
173357 485 
173445 2670 
173581 196 
173791 3 
173940 83 
173964 330 
174110 415 
174245 999 
174294 276 
174307 728 
174688 230 
174927 329 
175590 146 
175769 934 
176306 70 
176475 45 
176706 279 
176884 790 
177275 481 
177317 183 
177340 4 
177434 1647 
177643 987 
177930 1117 
177940 2553 
177965 6338 
177977 1399 
177981 202 
178002 1486 
178023 3815 
178092 350 
178259 428 
178709 395 
178753 21 
178833 327 
178867 660 
179013 143 
179062 153 
179337 83 
179371 71 
179578 2651 
179805 2470 
179872 624 
179980 3142 
180034 111 
180236 14 
180504 2 
180736 238 
181002 359 
181084 0 
181123 176 
181256 188 
181513 254 
181665 126 
181689 1560 
181995 83 
182756 398 
182832 213 
182868 1531 
182894 617 
183288 1221 
183725 156 
183832 1081 
183974 2054 
184138 1600 
184162 81 
184171 1925 
184203 206 
184376 81 
184397 257 
184421 140 
184543 363 
184588 93 
184709 129 
184737 71 
184848 1043 
185538 2364 
185624 900 
185642 713 
186049 606 
186051 1420 
186262 246 
186367 651 
186469 54 
186494 91 
186520 60 
186555 104 
186590 97 
186754 2437 
186844 958 
186850 746 
186868 653 
186871 232 
186967 1065 
187143 3123 
187804 956 
187807 199 
188719 2845 
188860 159 
188955 1118 
189155 115 
189347 1044 
189386 34 
189418 235 
189455 3 
189544 718 
189658 590 
189857 160 
189965 780 
189992 259 
190043 382 
190243 43 
190431 213 
190675 980 
190830 202 
190878 462 
190977 44 
191290 246 
191444 560 
191640 21 
191995 196 
192555 211 
192655 12 
192762 248 
192954 2637 
193014 1099 
193043 1759 
193200 177 
194030 331 
194038 107 
194047 16 
194112 134 
194441 406 
195068 3 
195078 716 
197082 0 
197794 163 
198124 373 
198496 183 
199045 271 
199178 116 
199791 26 
199838 2203 
199852 1043 
200259 123 
200339 311 
200605 460 
200869 1122 
201176 42 
201296 99 
201306 872 
201325 306 
201928 2123 
201995 44 
202220 171 
202602 201 
203430 335 
203522 1252 
203878 4611 
203970 63 
204072 241 
204530 166 
204998 690 
205487 177 
205757 36 
206529 118 
206602 44 
206712 276 
207250 573 
207579 53 
208869 1159 
208918 21 
209574 254 
209690 559 
209698 108 
209930 231 
210143 66 
210643 1781 
210645 119 
210911 1411 
211092 662 
211148 720 
211243 348 
211310 651 
211586 966 
211668 603 
211718 1075 
212110 534 
212261 479 
212635 16 
212759 43 
213562 29 
214084 146 
214212 121 
214470 121 
214525 72 
214629 2915 
215679 780 
215733 154 
215831 118 
216031 554 
216261 675 
216400 138 
216705 53 
216720 253 
217545 120 
217607 546 
218067 148 
218205 290 
219163 340 
219442 239 
220938 470 
222555 757 
222631 8566 
222665 124 
222791 2415 
222975 952 
223806 236 
225225 495 
226437 492 
226581 87 
226596 4650 
226645 799 
227060 13 
227829 1003 
229072 49 
230280 442 
230465 84 
230636 478 
231658 51 
232076 1171 
232591 0 
232985 157 
235540 216 
235787 734 
237051 979 
237739 1916 
238254 2050 
238927 826 
239203 172 
239245 1382 
239738 243 
240028 1370 
240312 5621 
240344 1119 
240587 325 
240637 535 
240737 1959 
242281 6 
242343 166 
243441 268 
243475 47 
243728 1396 
243731 1630 
243771 194 
243964 652 
244173 71 
244928 402 
245109 3 
245168 110 
245655 650 
245683 530 
245740 4405 
245801 556 
246756 121 
246833 803 
246878 1230 
247169 1260 
247208 232 
247718 140 
247753 553 
247781 4332 
247861 492 
247869 170 
247934 143 
247972 298 
248050 371 
248113 1010 
248136 317 
248150 3752 
248209 1652 
248448 17 
248645 138 
248783 111 
249637 1319 
249938 3047 
249954 828 
250258 2462 
250281 327 
251396 1753 
252743 1479 
252861 2732 
252863 125 
254393 1161 
254542 39 
254642 877 
254798 585 
254842 2836 
255796 1250 
256128 3 
256157 156 
256198 795 
256205 436 
256250 478 
256314 1434 
256323 1775 
256379 13314 
256416 273 
256506 183 
256522 432 
256549 3464 
256570 1354 
256605 677 
256619 53 
256972 4444 
256989 938 
257002 187 
257495 755 
257592 71 
258046 1736 
258258 1471 
258474 454 
258477 171 
258693 322 
258816 1174 
259070 2679 
259246 4180 
259418 793 
259683 397 
259820 54 
259834 259 
259904 1317 
260015 89 
260698 2051 
260965 294 
261600 209 
262024 76 
262061 617 
262063 3059 
262141 1180 
262599 323 
263199 75 
263330 678 
263412 68 
263627 1115 
263907 248 
264257 1113 
265229 6153 
265290 445 
266032 232 
266085 2503 
266110 73 
266391 182 
266415 6604 
266728 703 
267077 3873 
267325 1285 
267751 1039 
268064 1811 
268099 1175 
268534 498 
268671 863 
268680 590 
269160 629 
269300 593 
269461 19 
269537 883 
269592 2126 
269609 3123 
269836 341 
270058 111 
270210 629 
270405 272 
271027 1839 
271156 643 
271269 589 
271760 15 
271817 518 
271915 866 
272034 808 
272295 819 
272390 458 
272453 122 
272489 5570 
272698 1543 
272702 313 
272723 30 
272962 163 
273020 622 
273045 626 
273051 498 
273097 1464 
273156 748 
273358 799 
273471 1051 
273500 1170 
273752 296 
274227 170 
274251 13 
274589 61 
274589 61 
275268 376 
275372 1032 
275603 87 
275824 1595 
275838 459 
275838 964 
275930 554 
276079 500 
276285 4395 
276496 307 
276705 70 
277063 384 
277129 55 
277188 1044 
277445 480 
277456 142 
277733 1786 
278206 1830 
278463 856 
278854 206 
278887 418 
278906 1645 
278926 9761 
278930 655 
278952 1745 
279078 1481 
279151 1599 
279180 624 
279393 30 
279557 686 
279624 1154 
279658 194 
279733 18 
280384 2154 
280499 816 
280600 1339 
280635 1497 
281515 38 
281575 207 
282924 7 
283154 78 
283431 97 
283805 1128 
284283 762 
284959 1476 
285046 433 
285142 782 
285952 872 
286177 438 
286423 2752 
286585 587 
286989 138 
287582 373 
287820 160 
287884 322 
288175 1011 
289376 5 
289492 7 
289815 294 
289990 1841 
291016 854 
291237 271 
291667 4123 
291743 1170 
291755 1115 
293284 83 
293691 68 
293846 1231 
294408 60 
294468 96 
294633 62 
297907 1367 
298642 2865 
298801 627 
298992 1524 
299228 304 
300006 834 
300505 489 
300530 48 
303795 257 
304700 715 
306037 196 
308129 11 
308693 86 
309938 1581 
310615 2935 
310638 1893 
310782 855 
310792 487 
311286 584 
311746 796 
313494 11 
316554 124 
318650 999 
319202 302 
319759 67 
319797 996 
320740 217 
321515 110 
323545 709 
325049 345 
325730 873 
326427 1298 
326821 702 
327080 547 
327111 414 
327377 557 
328064 338 
328208 33 
329147 1068 
330391 1082 
331311 234 
331476 833 
331949 629 
332225 4591 
332249 1204 
332812 1036 
332881 734 
334129 474 
334179 830 
334473 220 
335548 617 
335800 105 
335836 57 
336328 802 
336427 194 
336547 1128 
336739 121 
337029 283 
337347 22 
338710 157 
339078 124 
345111 114 
345529 5 
345754 78 
345832 1378 
346402 1207 
346557 25 
347002 259 
347178 664 
347776 677 
348617 37 
349138 2257 
349155 239 
349234 1609 
349238 889 
349617 256 
349643 2797 
349901 4479 
349920 1811 
349942 3022 
349968 682 
350007 8878 
350099 1455 
350126 328 
350365 1100 
350578 198 
350655 238 
352265 175 
352742 1147 
353760 1824 
354917 123 
355136 516 
355200 79 
355399 6164 
355597 378 
356267 150 
356315 108 
356392 5169 
356395 123 
356638 553 
356684 265 
356812 1378 
357648 2080 
357715 501 
357781 1572 
357952 64 
359780 443 
360301 908 
360389 597 
360547 112 
361538 4134 
361687 2863 
361716 707 
362270 2715 
362377 409 
362400 1297 
362540 266 
363079 793 
363501 230 
363576 552 
363942 33 
364443 617 
364566 2077 
364615 155 
364986 638 
366923 12 
368961 254 
369195 1192 
369223 14 
370098 4432 
370164 884 
372868 603 
374057 2811 
374203 161 
374641 93 
375321 3122 
375395 191 
375494 2394 
375750 755 
375857 474 
375997 1383 
376001 2823 
376271 262 
376456 534 
377281 936 
377344 1387 
378486 600 
378530 856 
378685 150 
378944 62 
379699 687 
379734 1056 
380075 994 
383122 39 
384615 1132 
385071 341 
385080 126 
385238 802 
385477 162 
386871 6040 
386981 289 
387300 822 
391538 207 
392411 234 
394444 4666 
394737 152 
395443 674 
398099 264 
398616 233 
398760 26 
399673 2056 
400732 179 
401483 81 
402426 1807 
402938 84 
403653 154 
405862 305 
406013 1082 
406124 1303 
406361 762 
407801 366 
407831 1394 
408063 423 
408377 657 
408525 461 
409041 72 
409067 638 
409092 1010 
411420 1592 
411607 656 
412070 1179 
412327 884 
413132 692 
413392 580 
413831 1064 
413877 799 
414390 857 
418279 1864 
418594 2530 
419978 651 
422083 40 
422222 1100 
422494 0 
423129 454 
423286 101 
424208 8 
424762 223 
424776 249 
424778 192 
424803 837 
425770 1152 
426030 274 
426696 616 
426718 284 
427147 1066 
427576 1097 
427649 119 
428046 409 
428268 4585 
428292 299 
428294 808 
428576 2421 
428752 118 
429905 640 
430258 616 
432162 369 
433938 530 
434739 1601 
434861 326 
435405 2423 
436418 229 
436469 654 
437524 80 
438277 1745 
438296 117 
438509 246 
438683 172 
438749 14044 
439694 1723 
440431 569 
440549 67 
441108 131 
441642 184 
441934 662 
442103 573 
442126 700 
442209 829 
442226 1001 
442247 114 
443166 22 
444755 661 
445977 316 
445992 35 
446091 426 
446249 6218 
446514 283 
447372 524 
448756 402 
448950 1879 
449320 2393 
451134 26 
451134 26 
451799 228 
451817 382 
453131 8064 
453170 252 
453253 1009 
454673 11266 
456016 321 
457882 720 
459308 2145 
459619 16 
460123 321 
461617 1212 
461726 6237 
461828 243 
462658 1455 
463364 491 
464128 82 
464149 1179 
464225 1131 
465031 401 
465301 1250 
465650 14 
465889 36 
466512 1860 
466513 6986 
467148 682 
467953 113 
467969 223 
468167 338 
468778 42 
468992 47 
469433 6 
470450 140 
470649 277 
470858 298 
471792 70 
473884 3659 
474522 938 
475016 1446 
475505 1181 
475903 19 
475945 820 
475992 241 
476934 108 
478219 189 
479125 1713 
479386 610 
479700 218 
480639 302 
480755 1220 
480763 833 
482380 297 
482664 179 
484535 98 
484673 1873 
484955 440 
485218 4068 
485540 127 
487196 1031 
489460 29 
490280 551 
493793 1258 
496077 1079 
498369 408 
498517 158 
499225 2 
500159 1357 
500761 81 
501004 1050 
501034 5210 
501137 1149 
501439 62 
502184 2743 
503137 101 
504311 729 
504738 81 
505116 936 
505632 1621 
505653 78 
505900 229 
505916 14 
506037 698 
506791 425 
507469 31 
511413 856 
511413 856 
511413 856 
511550 730 
511712 74 
514304 536 
514308 207 
514364 64 
514722 71 
517213 8 
519259 198 
519844 725 
519903 1720 
520355 142 
520776 81 
521095 396 
521305 1046 
522334 117 
522438 101 
522485 178 
523484 1577 
523517 521 
523553 256 
523932 530 
524095 8 
524465 173 
524686 878 
525082 31 
526208 107 
526217 1000 
526354 519 
527563 1056 
528019 340 
528031 17 
529916 462 
531646 714 
532250 102 
532497 251 
533345 51 
533650 983 
534801 175 
535058 750 
535372 4005 
535398 687 
535418 318 
535903 1088 
536910 570 
537141 81 
538422 112 
538957 1533 
539472 2969 
539774 13 
539928 240 
540799 906 
540904 311 
541084 47 
542305 74 
543784 342 
543904 3336 
544066 875 
544286 941 
544328 125 
545330 139 
545560 132 
547732 996 
550403 1382 
552560 1439 
553584 270 
555372 708 
561670 688 
562861 149 
567816 1183 
568346 333 
571446 226 
578975 1055 
579520 1807 
583692 28 
583804 742 
583823 633 
583855 302 
583895 1470 
583951 1197 
583951 1197 
586088 583 
586162 2361 
587428 87 
589118 461 
591095 226 
594443 1119 
594960 55 
595567 362 
596686 61 
602538 1777 
604190 104 
