5001 13.1648611111
0 512910 
1 112 
7 320 
11 1881 
13 793 
13 958 
13 1205 
14 170 
15 8533 
16 213666 
16 198 
16 895 
17 1109 
18 76 
18 181 
18 325 
20 355 
22 186 
25 328 
25 126 
25 166 
25 176 
26 7281 
26 382 
27 617 
28 238 
28 569 
28 674 
29 50 
29 5252 
29 445 
30 362 
30 1585 
30 1954 
31 69 
31 156 
31 116 
32 100 
32 167 
32 149 
34 961 
34 459 
34 867 
34 17 
35 2477 
35 10641 
35 1115 
35 2679 
36 61 
36 43 
36 113 
36 106 
38 1037 
38 258 
38 449 
38 52 
38 107 
39 126 
39 1328 
41 1016 
41 5527 
41 739 
42 1333 
44 112 
45 572 
45 1560 
47 2220 
48 148 
48 135 
49 23 
49 241 
49 443 
50 792 
50 179 
50 261 
51 752 
51 62 
51 409 
52 610 
53 310 
54 97 
55 281 
56 799 
57 30 
58 1378 
58 113 
59 77 
60 283 
60 3443 
60 401 
62 931 
63 103 
63 1423 
65 206 
65 104 
65 385 
66 26 
66 2125 
66 284 
67 51 
67 82 
67 2946 
69 316 
69 503 
69 27 
70 36 
70 1083 
70 141 
70 226 
71 631 
71 3725 
71 282 
72 48 
72 124 
72 487 
73 865 
76 253 
76 226 
77 536 
79 91 
80 62 
80 1508 
81 605 
81 84 
81 1604 
82 738 
82 180 
83 152 
83 1300 
83 333 
84 1108 
85 575 
85 215 
86 348 
87 31 
89 1463 
90 217 
90 673 
91 644 
92 373 
92 11 
92 83 
94 654 
94 2475 
95 1057 
95 311 
95 415 
97 420 
97 4 
99 97 
99 33 
101 577 
107 54 
107 1796 
108 390 
109 226 
109 74 
109 672 
110 186 
111 890 
112 46 
112 41 
113 252 
113 691 
115 32 
116 169 
117 518 
117 121 
118 276 
120 124 
120 517 
120 364 
122 21 
123 56 
125 80 
127 955 
127 36 
127 3340 
128 68 
130 136 
130 2254 
133 76 
135 94 
135 96 
136 414 
137 1123 
138 254 
139 1059 
139 533 
140 118 
142 535 
145 479 
146 112 
146 691 
147 1425 
150 2432 
151 97 
153 161 
154 2338 
155 100 
158 597 
159 186 
160 169 
161 502 
167 180 
168 3847 
168 6578 
168 6578 
169 176 
169 14412 
170 2444 
171 803 
172 1159 
173 700 
177 427 
181 418 
185 1063 
185 615 
190 211 
190 71 
191 178 
195 8495 
198 3307 
202 227 
205 782 
205 1039 
206 757 
206 1068 
207 1019 
208 87 
210 1064 
213 1430 
217 599 
218 823 
219 26 
219 253 
220 16 
221 801 
223 43 
224 124 
225 1329 
228 867 
229 261 
231 1289 
235 57 
240 446 
242 508 
245 7427 
245 158 
249 1068 
250 4782 
256 20 
258 986 
258 1335 
258 181 
263 236 
263 659 
263 15 
276 877 
276 178 
281 21 
285 1175 
285 175 
288 15 
293 61 
299 1058 
301 448 
303 1562 
306 30 
307 856 
309 109 
312 1601 
317 711 
318 275 
321 1440 
338 9 
349 77 
351 630 
355 2352 
367 134 
370 713 
378 48 
378 49 
380 813 
384 57 
386 186 
388 884 
394 184 
405 28063 
413 1344 
417 374 
419 31 
419 166 
425 3994 
430 664 
437 486 
439 6335 
439 81 
443 1634 
450 2 
457 5828 
465 1129 
465 1521 
469 256 
476 49 
487 490 
498 347 
509 1198 
511 59 
519 573 
532 1299 
535 456 
538 65 
553 350 
557 1072 
562 227 
562 70 
568 162 
569 2778 
571 579 
579 1165 
581 86 
581 134 
623 66 
637 280 
640 937 
657 193 
672 33 
678 71 
683 183 
700 1064 
712 937 
722 202 
727 112 
737 217 
737 359 
747 138 
753 220 
768 466 
769 1304 
775 3985 
787 247 
794 1071 
817 1734 
822 340 
831 111 
833 2678 
837 1212 
837 1149 
849 440 
850 10051 
858 118 
871 1502 
873 22 
888 106 
889 121 
897 27 
912 186 
959 1310 
968 44 
1003 41 
1035 343 
1060 63 
1075 373 
1077 1415 
1101 1043 
1125 285 
1152 218 
1155 437 
1194 24 
1222 407 
1228 1575 
1242 883 
1247 884 
1275 684 
1317 130 
1339 134 
1341 523 
1343 22 
1348 240 
1358 59 
1385 477 
1416 331208 
1445 33 
1494 31026 
1502 123 
1511 139 
1516 14 
1517 3 
1521 44735 
1558 327 
1566 696 
1570 13 
1591 140 
1594 4287 
1598 265 
1617 302 
1622 891 
1705 5710 
1737 138 
1758 1113 
1758 4 
1766 999 
1782 374 
1783 358 
1805 6760 
1858 1667 
1883 993 
1978 1811 
2026 106 
2070 1257 
2086 4397 
2133 24 
2167 367 
2214 436 
2231 531 
2234 19 
2293 3304 
2300 78 
2339 62 
2392 164 
2394 1366 
2431 2746 
2519 420 
2522 635 
2530 480 
2558 186 
2652 720 
2679 446 
2707 810 
2717 197 
2764 50 
2806 195 
2960 495 
2965 2760 
2982 44 
3015 2077 
3019 51 
3040 142 
3077 2786 
3104 5477 
3133 83 
3164 239 
3185 91 
3343 1267 
3391 1107 
3398 19 
3424 3350 
3537 1208 
3538 388 
3542 1184 
3578 1430 
3601 53 
3622 195 
3676 160 
3694 545 
3699 661 
3805 378 
3805 378 
3818 2513 
3818 2513 
3910 29 
3926 62 
3954 60 
3968 1421 
3988 11 
4037 26 
4181 105 
4196 190 
4475 446 
4499 538 
4528 8533 
4625 472 
4687 9615 
4717 393 
4722 2990 
4806 252 
4849 4076 
4886 327 
4886 1314 
4906 565 
4937 581 
4958 211 
4972 74 
5107 440 
5165 27 
5261 6125 
5300 2102 
5305 1333 
5409 620 
5740 507 
5817 92 
5820 2021 
5910 451 
5989 572 
6154 2730 
6230 615 
6267 790 
6273 130 
6276 662 
6278 169 
6304 935 
6307 346 
6314 2474 
6354 46435 
6379 970 
6385 785 
6403 551 
6416 1718 
6495 899 
6541 679 
6760 647 
6772 289 
6793 1148 
6805 108 
6838 188 
6904 875 
6936 1306 
7029 6 
7035 140 
7066 508 
7076 69 
7098 122 
7220 3 
7242 305 
7333 2030 
7518 2351 
7521 711 
7542 1215 
7565 111 
7601 2908 
7647 1740 
7887 295 
7911 3111 
8168 45 
8204 4 
8396 49 
8433 1025 
8437 376 
8597 766 
8661 1219 
8824 242 
8831 264 
8877 1359 
8915 2195 
8941 947 
9012 145 
9082 1296 
9240 17524 
9251 2361 
9281 533 
9300 1044 
9397 5508 
9421 1715 
9489 312 
9531 774 
9532 9 
9550 823 
9602 9 
9625 1588 
9660 715 
9731 1052 
9732 496 
9772 102 
10052 2426 
10193 186 
10260 293 
10319 148 
10560 103 
10598 75166 
10625 657 
10633 1062 
10634 606 
10656 353 
10660 2624 
10667 212 
10675 243 
10682 350 
10703 572 
10741 546 
10759 458 
10777 844 
10820 7661 
10887 435 
10972 114 
10982 997 
11027 487 
11041 1553 
11210 622 
11871 1150 
11895 482 
11915 450 
11949 339 
11957 6782 
12067 1343 
12122 204 
12130 481 
12160 1117 
12172 5187 
12188 6548 
12191 73 
12437 1278 
12470 322 
12584 431 
12794 108 
12955 353 
13132 1543 
13155 372 
13225 5614 
13430 193 
13495 841 
13595 13 
13713 836 
14298 1013 
14309 11138 
14401 733 
15158 942 
15580 379 
15735 173 
15934 102566 
15954 489 
15991 417 
16006 94 
16017 155 
16052 173 
16074 821 
16153 778 
16207 379 
16226 1401 
16343 1116 
16382 754 
16417 11 
17097 260 
17377 218 
17419 574 
17512 1224 
17539 740 
17586 1002 
17605 821 
17609 592 
17614 1433 
17636 1047 
17655 345 
17665 1099 
17677 1015 
17682 554 
17704 3568 
17716 4596 
17764 1443 
17769 2108 
17799 1702 
17820 800 
17883 302 
17942 3857 
17978 1946 
18039 1182 
18112 21 
18226 150 
18270 14 
18293 112 
18368 189 
18395 336 
18700 345 
18853 20 
19091 149 
19164 520 
19260 1895 
19556 182 
19737 872 
19795 1769 
19801 233 
19810 206 
19881 1160 
19939 262 
20742 9661 
20791 1521 
20804 226 
20972 987 
20993 137 
21137 279 
21170 234 
21205 154 
21412 707 
21449 1085 
21686 623 
21828 1315 
21914 533 
21993 1571 
22021 1067 
22038 966 
22079 5318 
22127 706 
22214 336 
22272 2599 
22409 666 
22474 288 
22504 949 
22626 58 
22639 2684 
22685 4373 
22709 183 
22711 404 
22735 1238 
22871 487 
22895 5 
23070 552 
23117 1942 
23129 369 
23131 855 
23186 748 
23204 97 
23319 1741 
23499 70 
23589 4704 
23692 687 
23724 897 
23727 28 
23763 4 
23782 182 
23922 2569 
23946 10188 
23968 16 
24006 702 
24014 3988 
24021 383 
24101 608 
24183 1196 
24340 802 
24432 136 
24625 214 
24655 1469 
24676 224 
24787 163 
24985 1412 
25081 1184 
25346 28 
25382 2976 
25398 537 
25480 530 
25567 185 
25704 217 
25723 585 
25861 264 
25896 1972 
25918 264 
26029 531 
26139 118 
26454 126 
26597 11 
26741 62 
26900 471 
26918 992 
27032 9 
27044 1690 
27050 380 
27055 629 
27114 231 
27124 102 
27128 177 
27129 145 
27337 208 
27380 741 
27414 8312 
27421 577 
27492 1039 
27531 1288 
27662 283 
27679 419 
27778 631 
27889 406 
28128 204 
28309 8 
28388 135 
28418 328 
28449 105 
29117 130 
29283 87 
29613 931 
30215 65 
30922 109 
31090 480 
31105 676 
31165 1920 
31185 96 
31198 2238 
31253 1190 
31346 859 
31397 4017 
31733 1965 
31769 417 
31770 81 
32226 353 
32328 290 
32392 2254 
32769 113 
32779 468 
33085 5429 
33386 3642 
33548 129 
33620 1519 
33846 1674 
33848 1036 
33912 381 
33992 1766 
34219 202 
34290 602 
34358 135 
34405 689 
34534 2411 
34647 1334 
34812 1010 
34845 500 
34994 26 
35063 1227 
35546 223 
35564 1096 
35634 228 
35762 968 
35945 485 
35965 639 
36378 211 
36542 1583 
36557 1167 
36665 723 
36887 1846 
37014 396 
37204 414 
37291 520 
37307 1087 
37377 1624 
37574 1299 
37679 3455 
38035 396 
38255 2564 
38424 614 
38459 3421 
38612 1039 
38682 575 
38706 314 
38782 251 
38983 441 
39000 637 
39188 19 
40042 57 
40062 829 
40160 179 
40358 316 
40365 1385 
40419 2217 
40427 1249 
40542 99 
40554 78 
40671 844 
40676 538 
40681 404 
40726 1234 
40760 156 
40890 1967 
41080 1029 
41160 163 
41165 376 
41192 162 
41236 772 
41304 650 
41336 356 
41514 443 
41685 3136 
41722 905 
41770 560 
41976 676 
42090 256 
42163 950 
42197 293 
42216 552 
42241 113 
42304 410 
42475 280 
42554 1130 
42667 1374 
42818 2504 
42842 734 
42843 374 
42851 425 
42968 846 
43154 181 
43154 492 
43174 132 
43267 135 
43525 7997 
43619 652 
43629 2925 
43644 962 
43718 471 
43750 292 
43752 1160 
43755 1323 
43932 15 
43967 1616 
43968 566 
44011 2679 
44060 364 
44071 2476 
44108 1399 
44149 11819 
44254 1263 
44494 337 
44534 2792 
44594 303 
44636 1063 
44744 1400 
44775 1014 
44855 8378 
44942 1043 
45067 68 
45405 1647 
45712 421 
46014 292 
46029 2332 
46091 566 
46459 18 
46546 1329 
46670 64 
46755 525 
46866 1125 
46979 108 
46980 457 
47188 100 
47461 580 
47509 1303 
47750 1350 
47834 1896 
47936 255 
47992 748 
48454 212 
48698 494 
48824 233 
48858 222 
49247 790 
49402 102971 
49447 3315 
49457 473 
49480 1639 
49500 1492 
49502 313 
49517 32 
49548 1025 
49551 152 
49570 1150 
49579 148 
49582 127 
49584 1165 
49726 218 
49748 276 
49789 713 
49838 1331 
49903 199 
49906 590 
49975 839 
50143 413 
50316 672 
50368 308 
50429 2318 
50443 18976 
50451 524 
50461 162 
50480 1054 
50484 661 
50485 704 
50508 171 
50692 1097 
50829 62 
50893 440 
50922 347 
50960 257 
51041 246 
51279 3111 
51362 718 
51377 1939 
51411 2471 
51424 568 
51610 96 
51663 312 
51700 74 
51908 611 
51915 630 
51947 170 
52155 2280 
52172 847 
52173 892 
52188 2081 
52209 449 
52224 14350 
52236 228 
52251 205 
52327 525 
52496 2762 
52645 286 
52648 721 
52649 125 
52759 439 
52795 431 
52962 84 
53082 2648 
53210 311 
53299 297 
53360 767 
53460 528 
53471 73 
53559 1717 
53640 4180 
53699 2102 
53710 2872 
53768 4521 
53783 655 
53813 404 
53835 930 
53856 803 
54064 13589607 
54073 311 
54075 866 
54079 292 
54079 5380 
54079 1637 
54080 1162 
54080 1036 
54084 1388 
54087 1334 
54089 704 
54090 660 
54094 4123 
54094 371 
54096 233 
54096 1393 
54098 1054 
54098 1138 
54099 1008 
54099 647 
54100 216 
54100 216 
54101 0 
54101 1669 
54102 1608 
54103 2404 
54103 1560 
54104 2020 
54106 61 
54107 1205 
54107 1221 
54108 285 
54108 937 
54109 267 
54109 1285 
54110 104 
54110 503 
54112 180 
54113 1946 
54117 60 
54119 6028 
54122 222 
54122 635 
54125 390 
54126 11 
54127 246 
54129 1801 
54131 3000 
54131 216 
54133 414 
54134 390 
54136 2953 
54137 1413 
54139 696 
54139 1392 
54140 1286 
54142 139 
54143 510 
54143 2368 
54143 277 
54145 233 
54146 37 
54147 333 
54148 1678 
54149 1716 
54149 102 
54150 235 
54150 1160 
54150 4388 
54150 1030 
54152 141 
54154 526 
54154 460 
54154 1401 
54155 1041 
54156 408 
54156 2186 
54157 1172 
54159 1277 
54160 3050 
54162 701 
54163 1100 
54163 141 
54163 4845 
54166 3635 
54166 1295 
54167 1138 
54168 603 
54169 580 
54170 678 
54172 269 
54175 464 
54177 392 
54177 1901 
54180 48 
54180 1272 
54181 210 
54183 1278 
54186 68 
54187 792 
54189 1141 
54190 164 
54191 744 
54192 666 
54193 662 
54196 1201 
54196 239 
54196 164 
54197 2958 
54199 1702 
54200 62 
54201 736 
54202 145 
54203 2124 
54206 458 
54206 192 
54206 4671 
54207 392 
54208 1075 
54210 72 
54210 3 
54214 1582 
54215 89 
54216 1197 
54216 1015 
54218 1674 
54219 1733 
54220 1386 
54220 9477 
54223 1302 
54223 348 
54224 343 
54226 194 
54226 81 
54229 565 
54232 99 
54234 341 
54235 159 
54235 1317 
54236 1360 
54237 683 
54238 93 
54238 930 
54238 10006 
54239 352 
54241 659 
54242 24 
54243 327 
54243 433 
54244 266 
54245 135 
54245 852 
54248 589 
54249 270 
54249 977 
54251 2796 
54252 196 
54254 1374 
54255 717 
54256 1164 
54256 46 
54256 1039 
54259 486 
54259 1054 
54262 924 
54268 632 
54269 185 
54271 704 
54272 645 
54272 2073 
54273 602 
54273 1037 
54274 125 
54276 793 
54278 985 
54279 2166 
54280 166 
54281 991 
54282 1276 
54283 1694 
54285 291 
54286 327 
54286 207 
54287 1377 
54287 1348 
54287 1778 
54289 106 
54290 255 
54290 342 
54290 945 
54291 160 
54292 1001 
54294 255 
54300 752 
54301 140 
54304 169 
54310 170 
54310 410 
54310 398 
54311 4 
54311 1162 
54315 1450 
54315 1822 
54316 54 
54317 398 
54317 510 
54318 1330 
54319 2520 
54319 930 
54323 262 
54323 165 
54324 693 
54325 806 
54328 245 
54331 1272 
54332 2909 
54333 795 
54333 7787 
54333 161 
54336 718 
54336 307 
54338 471 
54339 266 
54339 84 
54340 1788 
54341 1966 
54341 41 
54342 42 
54342 707 
54345 561 
54347 780 
54348 362 
54349 1997 
54352 806 
54354 710 
54357 1138 
54357 72 
54358 738 
54359 2038 
54359 700 
54360 1083 
54365 7 
54366 2070 
54366 7287 
54368 1041 
54368 15245 
54369 2444 
54373 432 
54375 237 
54376 939 
54377 1232 
54377 132 
54379 175 
54379 143 
54380 79 
54381 281 
54383 1447 
54384 177 
54385 1145 
54386 731 
54390 2013 
54391 168 
54392 494 
54393 698 
54393 498 
54393 782 
54393 3799 
54396 1217 
54397 216 
54398 10437 
54399 814 
54401 2359 
54401 927 
54404 412 
54404 202 
54405 364 
54406 2386 
54406 2190 
54407 993 
54409 2461 
54410 472 
54410 311 
54413 456 
54414 1217 
54414 750 
54415 818 
54418 714 
54418 14760 
54418 844 
54418 227 
54421 9432 
54421 538 
54430 453 
54430 204 
54430 523 
54431 819 
54432 939 
54433 3256 
54433 127 
54439 1337 
54441 35 
54449 1058 
54452 2189 
54452 590 
54453 569 
54457 730 
54464 44 
54466 795 
54468 1419 
54470 166 
54470 1505 
54476 152 
54478 613 
54481 361 
54483 5443 
54483 1176 
54484 8092 
54485 2791 
54485 1890 
54488 175 
54491 844 
54491 831 
54494 359 
54494 2385 
54496 780 
54497 1950 
54498 3254 
54498 71 
54500 92 
54501 187 
54503 479 
54503 283 
54505 3528 
54506 1162 
54509 15 
54515 548 
54515 416 
54515 256 
54516 199 
54518 136 
54520 868 
54520 2619 
54521 399 
54523 351 
54525 2641 
54526 947 
54528 2842 
54528 435 
54532 18 
54532 984 
54537 340 
54541 912 
54543 2053 
54552 1264 
54552 115 
54554 196 
54555 1122 
54560 1004 
54561 2076 
54562 842 
54572 1151 
54573 1954 
54576 5286 
54578 67 
54580 109 
54582 1728 
54585 4454 
54585 65 
54586 389 
54590 1399 
54598 361 
54598 1585 
54600 78 
54601 1654 
54602 112 
54607 3649 
54608 432 
54608 542 
54609 1041 
54610 1007 
54611 355 
54616 1358 
54617 2 
54618 238 
54624 1597 
54626 505 
54626 531 
54627 1279 
54631 161 
54633 130 
54638 180 
54640 6556 
54642 1051 
54647 701 
54648 282 
54648 360 
54648 400 
54649 671 
54649 1253 
54652 2454 
54655 499 
54656 687 
54664 711 
54664 1201 
54670 77 
54684 2902 
54686 813 
54686 313 
54687 2259 
54689 624 
54691 689 
54693 91 
54695 225 
54697 1322 
54697 731 
54697 269 
54698 317 
54702 145 
54703 1139 
54704 1383 
54709 633 
54713 220 
54714 2789 
54718 1952 
54721 373 
54723 1032 
54724 3328 
54725 4605 
54726 2155 
54728 478 
54732 1592 
54735 548 
54738 483 
54738 1038 
54740 387 
54742 1133 
54743 5256 
54744 2584 
54745 666 
54747 527 
54747 783 
54749 141 
54749 86 
54750 62 
54754 672 
54755 1221 
54757 213 
54759 755 
54759 285 
54759 1048 
54762 21 
54763 189 
54763 716 
54767 546 
54768 277 
54774 980 
54776 393 
54779 1288 
54781 183 
54786 1318 
54788 578 
54792 433 
54800 559 
54802 240 
54802 743 
54807 1233 
54808 354 
54808 2356 
54810 3223 
54814 1224 
54816 1495 
54818 439 
54819 1353 
54822 695 
54823 214 
54831 66 
54831 1679 
54832 1169 
54833 373 
54834 174 
54835 170 
54839 104 
54840 186 
54842 383 
54842 231 
54845 2435 
54849 2803 
54850 193 
54853 909 
54854 284 
54867 2212 
54876 244 
54885 860 
54887 44 
54888 1468 
54890 1822 
54892 735 
54893 58 
54896 620 
54897 3112 
54897 227 
54900 212 
54901 345 
54904 1051 
54909 1226 
54910 484 
54910 911 
54911 781 
54919 231 
54921 279 
54923 757 
54925 250 
54930 288 
54932 725 
54936 76 
54937 1359 
54939 3932 
54941 4212 
54942 1211 
54943 491 
54944 698 
54945 138 
54949 4074 
54952 2041 
54952 536 
54956 1763 
54963 409 
54968 295 
54975 381 
54978 1604 
54981 1242 
54981 618 
54981 135 
54983 191 
54984 253 
54985 103 
54988 1900 
54988 1164 
54989 173 
54998 3998 
54999 718 
55001 235 
55002 206 
55002 109 
55010 1257 
55018 1643 
55020 629 
55025 660 
55028 921 
55029 1491 
55030 1505 
55033 2878 
55033 605 
55034 1019 
55036 767 
55038 1474 
55053 1405 
55054 864 
55056 188 
55062 630 
55065 1032 
55067 351 
55067 619 
55069 1617 
55070 531 
55081 1597 
55082 147 
55088 131 
55097 648 
55100 768 
55103 946 
55107 130 
55108 194 
55112 753 
55114 1411 
55117 1138 
55119 1959 
55121 2373 
55125 1436 
55126 5704 
55128 1517 
55137 34 
55138 740 
55140 136 
55142 427 
55143 978 
55145 475 
55148 149 
55151 445 
55153 605 
55156 262 
55157 1902 
55159 295 
55160 62 
55162 567 
55169 1971 
55175 936 
55177 836 
55178 822 
55180 427 
55181 607 
55187 4169 
55198 1574 
55208 594 
55209 109 
55210 1918 
55216 332 
55222 140 
55222 1599 
55237 842 
55238 1670 
55244 8 
55246 136 
55257 503 
55262 2603 
55264 577 
55269 1053 
55273 976 
55276 976 
55280 1587 
55281 2149 
55283 758 
55288 33 
55290 4456 
55295 345 
55298 440 
55299 1505 
55300 1193 
55302 684 
55310 2490 
55312 834 
55316 1173 
55319 134 
55320 3684 
55325 1516 
55327 54 
55328 3018 
55336 7808 
55341 343 
55344 1049 
55347 98 
55348 329 
55353 984 
55355 1397 
55359 581 
55363 1393 
55372 525 
55374 1047 
55376 249 
55380 949 
55382 109 
55383 185 
55404 1488 
55409 7641 
55413 140 
55420 6777 
55420 178 
55423 498 
55426 258 
55427 1001 
55430 895 
55434 325 
55435 254 
55435 1337 
55438 686 
55442 345 
55453 521 
55454 301 
55456 175 
55460 1361 
55461 3611 
55464 568 
55467 520 
55467 179 
55468 1045 
55468 0 
55472 4781 
55472 1837 
55482 145 
55487 738 
55489 6178 
55496 670 
55496 1073 
55501 2828 
55507 2101 
55515 6784 
55517 979 
55521 356 
55522 2745 
55525 498 
55525 107 
55525 180 
55530 1353 
55537 414 
55541 1136 
55542 1856 
55542 673 
55544 47 
55544 332 
55545 177 
55545 465 
55546 413 
55549 2015 
55551 397 
55556 389 
55557 1632 
55558 204 
55564 876 
55568 76 
55569 796 
55570 735 
55571 271 
55573 928 
55577 288 
55584 182 
55585 656 
55592 37 
55592 220 
55600 130 
55606 2659 
55610 196 
55612 261 
55619 29 
55621 689 
55629 767 
55630 10871 
55634 330 
55642 1220 
55642 629 
55647 469 
55648 7148 
55648 24 
55654 874 
55656 232 
55658 145 
55670 3240 
55676 1557 
55680 10168 
55683 254 
55688 807 
55690 211 
55698 4881 
55702 1423 
55705 378 
55706 371 
55710 2435 
55720 79 
55722 2572 
55724 749 
55730 639 
55736 1555 
55740 855 
55740 621 
55741 279 
55744 14 
55758 578 
55770 234 
55772 949 
55775 2173 
55775 26 
55775 1780 
55778 1140 
55780 1751 
55783 3189 
55792 740 
55794 159 
55798 2009 
55799 869 
55800 462 
55812 1248 
55817 99 
55817 212 
55822 2114 
55822 848 
55823 547 
55829 219 
55839 578 
55842 719 
55845 1431 
55846 3293 
55849 1963 
55849 64 
55851 8590 
55854 2626 
55864 1725 
55872 1049 
55872 668 
55873 749 
55875 1027 
55877 508 
55884 113 
55889 33 
55892 434 
55896 474 
55897 888 
55898 205 
55901 844 
55901 498 
55910 996 
55911 3838 
55912 477 
55912 1092 
55912 375 
55930 597 
55934 1492 
55935 41 
55935 737 
55936 2125 
55939 137 
55950 908 
55953 115 
55962 813 
55971 2558 
55975 642 
55977 590 
55977 830 
55977 931 
55981 258 
55981 186 
55983 13958 
55985 1601 
56003 1388 
56007 339 
56019 137 
56020 1133 
56030 718 
56030 29 
56033 87 
56041 3995 
56048 1378 
56048 711 
56048 380 
56051 137 
56052 534 
56053 1052 
56057 480 
56064 482 
56065 1059 
56067 5045 
56073 231 
56074 1064 
56085 128 
56094 38 
56098 7733 
56101 2583 
56107 1992 
56112 82 
56115 849 
56121 831 
56129 634 
56130 5571 
56135 1100 
56135 254 
56136 2079 
56144 425 
56146 189 
56148 1739 
56149 234 
56150 1060 
56155 634 
56161 152 
56165 1692 
56170 1127 
56185 826 
56192 531 
56194 2775 
56201 1379 
56207 6809 
56209 756 
56213 550 
56218 1712 
56226 337 
56231 94 
56235 97 
56235 164 
56237 33 
56237 1717 
56246 5657 
56248 801 
56250 291 
56260 1912 
56263 872 
56269 780 
56270 34 
56273 1159 
56277 473 
56278 213 
56278 807 
56280 816 
56281 154 
56297 12 
56298 1196 
56320 1781 
56328 855 
56329 1371 
56331 195 
56341 259 
56342 263 
56350 455 
56358 422 
56358 150 
56363 90 
56365 98 
56371 823 
56372 1282 
56373 1428 
56375 1372 
56381 1185 
56381 113 
56382 170 
56384 151 
56397 4913 
56400 1073 
56414 2359 
56423 304 
56427 389 
56427 87502 
56430 1404 
56434 2117 
56440 1483 
56445 336 
56448 450 
56451 105 
56451 340 
56452 1077 
56452 333 
56455 846 
56463 1238 
56468 2376 
56471 206 
56495 1150 
56497 233 
56503 537 
56506 287 
56513 1088 
56517 3031 
56522 1267 
56524 4126 
56526 209 
56531 1656 
56541 209 
56546 714 
56548 596 
56549 680 
56553 109 
56562 769 
56573 1161 
56577 1271 
56580 333 
56589 399 
56599 156 
56611 586 
56619 819 
56624 457 
56626 1675 
56628 86 
56631 364 
56632 10978 
56634 1441 
56657 1776 
56667 5671 
56679 2056 
56686 105 
56689 901 
56694 383 
56695 147 
56696 1062 
56731 728 
56738 1755 
56752 357 
56754 834 
56757 564 
56757 554 
56760 170 
56764 782 
56766 351 
56769 719 
56775 1352 
56779 788 
56780 211 
56781 980 
56788 402 
56795 514 
56799 520 
56803 534 
56805 238 
56816 270 
56819 3068 
56821 1206 
56828 1230 
56832 379 
56838 1542 
56838 107 
56843 192 
56843 451 
56845 628 
56853 1698 
56853 180 
56858 221 
56860 678 
56874 4152 
56900 1958 
56901 1553 
56901 2029 
56914 375 
56917 411 
56929 2468 
56930 67 
56937 699 
56948 1573 
56951 3367 
56955 252 
56956 235 
56963 57 
56964 1604 
56975 1932 
56980 166 
56986 663 
56987 507 
56990 216 
56992 579 
56995 1394 
56999 1485 
57012 93 
57013 169 
57014 433 
57015 1038 
57015 509 
57016 247 
57016 1445 
57018 333 
57019 1715 
57020 3639 
57025 2656 
57025 611 
57033 171 
57034 1877 
57043 1789 
57048 1142 
57057 1181 
57060 1114 
57064 495 
57069 434 
57084 335 
57084 243 
57090 1141 
57094 929 
57110 29538 
57115 1127 
57117 1314 
57118 487 
57119 1400 
57135 167 
57143 1620 
57148 1169 
57150 538 
57158 413 
57160 589 
57162 1380 
57165 133 
57176 416 
57185 163 
57186 2873 
57189 162 
57190 348 
57196 986 
57201 10 
57203 5209 
57212 2102 
57215 2958 
57215 117 
57238 466 
57243 286 
57247 1789 
57256 170 
57258 910 
57274 1108 
57275 2067 
57280 943 
57282 195171 
57295 1194 
57309 36 
57311 56 
57321 1981 
57324 2399 
57325 889 
57326 274 
57334 559 
57339 981 
57342 1026 
57343 205 
57345 1690 
57366 1893 
57368 457 
57383 1839 
57386 304 
57396 618 
57398 264 
57404 319 
57411 364 
57430 116 
57443 1845 
57443 2370 
57471 761 
57475 291 
57483 1782 
57496 1644 
57506 554 
57509 12711 
57511 1250 
57517 1263 
57522 1161 
57533 194 
57553 513 
57559 157 
57563 2642 
57570 165 
57573 1273 
57575 362 
57577 1160 
57580 1731 
57584 3609 
57590 607 
57598 141 
57603 4335 
57604 958 
57605 1306 
57617 119 
57619 1523 
57625 314 
57631 1219 
57635 690 
57636 1325 
57640 1120 
57645 854 
57649 2636 
57652 98 
57652 633 
57653 353 
57666 978 
57669 548 
57701 70 
57717 716 
57723 2500 
57726 2180 
57729 848 
57732 429 
57743 20 
57748 688 
57748 162 
57749 1561 
57750 4556 
57751 775 
57753 416 
57760 122 
57776 1413 
57777 569 
57783 426 
57791 233 
57791 4410 
57792 1537 
57794 783 
57803 176 
57804 1808 
57807 5108 
57814 167 
57816 421 
57817 594 
57838 77 
57844 29 
57851 281 
57855 344 
57857 375 
57858 242 
57860 1216 
57868 1003 
57876 641 
57887 5673 
57888 1609 
57889 130 
57893 517 
57898 253 
57902 4596 
57914 339 
57925 1360 
57933 400 
57933 438 
57942 145 
57943 650 
57944 221 
57960 72 
57966 1555 
57968 2077 
57976 125 
57983 569 
57986 876 
57987 716 
57989 1357 
58018 1183 
58018 65 
58022 352 
58024 65 
58028 422 
58033 66 
58048 271 
58056 965 
58060 459 
58065 777 
58073 902 
58097 536 
58098 517 
58098 485 
58099 440 
58102 635 
58105 1025 
58105 46 
58110 147 
58117 2574 
58131 581 
58132 241 
58147 1304 
58154 111 
58156 113 
58156 1560 
58164 879 
58167 663 
58170 302 
58171 725 
58175 236 
58182 276 
58190 761 
58194 540 
58209 33 
58225 182 
58231 107 
58234 1001 
58235 150 
58241 306 
58245 878 
58247 388 
58249 1666 
58274 409 
58300 231 
58309 111 
58311 765 
58361 1338 
58362 764 
58368 1565 
58369 556 
58369 260 
58370 5847 
58379 90 
58389 2568 
58397 3114 
58402 497 
58414 1256 
58417 677 
58417 142 
58429 670 
58433 66 
58460 1080 
58470 1329 
58472 131 
58476 1742 
58482 1159 
58482 98 
58484 1456 
58497 338 
58498 1859 
58509 117 
58510 781 
58510 790 
58512 110 
58515 979 
58526 191 
58536 80 
58537 1432 
58544 195 
58552 3621 
58563 3511 
58564 312 
58573 843 
58590 515 
58591 940 
58598 799 
58599 487 
58600 773 
58601 1903 
58614 307 
58616 612 
58617 1326 
58621 743 
58621 405 
58623 326 
58624 389 
58625 1560 
58630 3652 
58640 871 
58643 240 
58645 241 
58647 853 
58649 423 
58652 434 
58670 85 
58672 147 
58673 812 
58677 5175 
58679 409 
58682 180 
58685 1107 
58686 1173 
58689 224 
58698 87 
58700 334 
58706 636 
58708 784 
58741 25994 
58742 1322 
58770 895 
58775 124 
58776 6666 
58777 357 
58778 1278 
58785 1146 
58790 1309 
58795 1009 
58800 312 
58804 1226 
58806 216 
58811 275 
58819 347 
58824 137 
58826 1662 
58838 660 
58844 344 
58853 32 
58853 1075 
58854 2907 
58858 22 
58862 1357 
58869 230 
58869 446 
58875 1017 
58875 2797 
58882 402 
58896 69 
58910 1303 
58924 268 
58932 227 
58932 1168 
58937 378 
58940 1923 
58944 1882 
58944 1509 
58952 401 
58959 114 
58962 205 
58965 1644 
58976 499 
58981 1036 
58982 1013 
58986 110 
58996 2220 
58997 896 
58997 103 
58997 1251 
58998 1448 
59011 315 
59024 515 
59024 470 
59025 378 
59039 1038 
59041 1063 
59056 790 
59061 54 
59066 313 
59067 1006 
59074 1507 
59082 3233 
59095 181 
59103 405 
59111 192 
59128 2328 
59137 917 
59143 1369 
59149 162 
59177 108 
59178 95 
59182 1843 
59185 275 
59185 959 
59187 412 
59201 649 
59206 101 
59207 409 
59213 1297 
59219 299 
59228 655 
59231 336 
59232 2440 
59235 5130 
59251 543 
59259 1422 
59262 278 
59265 290 
59269 401 
59325 711 
59329 643 
59333 114 
59339 296 
59342 262 
59344 1161 
59348 169 
59353 307 
59373 646 
59379 1114 
59382 996 
59395 113 
59402 418 
59408 372 
59445 419 
59468 1044 
59469 1316 
59470 848 
59478 1379 
59481 281 
59489 887 
59496 365 
59510 489 
59511 494 
59518 311 
59521 192 
59526 2675 
59526 951 
59530 1493 
59543 1957 
59549 679 
59553 795 
59559 339 
59568 301 
59571 450 
59573 729 
59589 46 
59604 893 
59609 2082 
59613 843 
59613 185 
59614 605 
59617 414 
59625 5493 
59625 29377 
59633 127 
59635 980 
59639 2997 
59655 1502 
59667 1035 
59674 1159 
59682 162 
59686 236 
59698 50 
59701 26 
59704 1099 
59706 551 
59709 931 
59718 247 
59722 835 
59724 933 
59728 1217 
59733 147 
59742 68 
59745 1272 
59746 283 
59749 2441 
59751 643 
59755 314 
59757 115 
59766 1124 
59778 191 
59779 322 
59790 1148 
59795 649 
59801 1304 
59807 1248 
59813 94 
59813 209 
59818 778 
59821 333 
59838 840 
59841 699 
59855 637 
59864 1451 
59869 549 
59872 5617 
59875 516 
59878 284 
59886 360 
59889 166 
59898 223 
59904 1445 
59906 1974 
59913 1224 
59915 9407 
59920 927 
59923 23583 
59927 59 
59930 2992 
59934 400 
59939 454 
59939 292 
59940 1061 
59944 961 
59960 275 
59963 204 
59968 507 
59969 53 
59974 796 
60003 2988 
60004 1413 
60010 990 
60039 620 
60050 2123 
60051 917 
60056 794 
60059 1340 
60062 359 
60067 550 
60071 456 
60084 641 
60091 28 
60099 514 
60101 819 
60113 2613 
60114 1484 
60116 229 
60118 449 
60118 2830 
60121 460 
60122 409 
60134 2304 
60135 606 
60148 979 
60148 300 
60154 305 
60155 5295 
60158 667 
60159 830 
60159 1118 
60171 963 
60172 193 
60173 829 
60202 128 
60209 757 
60214 305 
60217 217 
60221 12 
60225 338 
60228 575 
60237 123 
60238 626 
60245 3371 
60259 879 
60267 1137 
60268 399 
60269 1462 
60270 813 
60279 306 
60281 1595 
60289 204 
60291 140 
60301 248 
60302 941 
60302 130 
60303 753 
60309 375 
60313 2531 
60322 592 
60323 204 
60327 668 
60333 792 
60338 33 
60338 43 
60340 536 
60341 300 
60350 126 
60354 1784 
60357 803 
60362 2473 
60364 548 
60368 223 
60390 598 
60394 341 
60396 1087 
60400 377 
60401 62 
60417 278 
60433 228 
60437 758 
60438 396 
60440 259 
60442 97 
60445 889 
60456 67 
60459 362 
60460 799 
60460 351 
60465 132 
60469 220 
60480 145 
60487 450 
60490 632 
60493 261 
60499 165 
60499 35 
60503 881 
60504 121 
60506 721 
60528 119 
60530 148 
60532 1057 
60534 163 
60534 3403 
60542 3621 
60550 1074 
60561 755 
60562 158 
60563 510 
60563 256 
60567 295 
60569 1339 
60570 175 
60571 152 
60583 808 
60589 2433 
60589 1687 
60599 1971 
60600 2992 
60602 195 
60627 771 
60636 578 
60637 267 
60638 367 
60646 1433 
60662 1101 
60664 1448 
60664 411 
60677 1136 
60681 303 
60683 5428 
60683 117 
60690 245 
60691 532 
60692 1001 
60694 843 
60702 1601 
60703 115 
60705 348 
60711 187 
60722 995 
60747 234 
60758 1225 
60766 703 
60770 349 
60785 1225 
60788 317 
60791 1190 
60797 545 
60799 364 
60805 482 
60821 1578 
60823 768 
60837 1193 
60849 467 
60856 461 
60858 2123 
60864 221 
60888 1229 
60928 1227 
60933 805 
60949 708 
60952 1144 
60953 608 
60955 4039 
60960 425 
60969 1281 
60971 746 
60986 416 
60990 647 
60991 325 
60996 4039 
61015 179 
61021 751 
61024 116 
61033 238 
61034 306 
61035 681 
61040 96 
61043 1831 
61048 195 
61068 4416 
61070 1870 
61076 519 
61086 232 
61088 560 
61090 980 
61101 5145 
61105 678 
61110 4066 
61116 329 
61123 319 
61134 2189 
61134 2189 
61167 645 
61167 645 
61170 1303 
61170 1303 
61172 204 
61172 204 
61178 660 
61178 914 
61178 914 
61178 660 
61181 2945 
61181 2945 
61185 20 
61185 20 
61233 776 
61236 1171 
61239 69 
61241 2809 
61241 2104 
61243 267 
61245 957 
61257 1121 
61265 152 
61277 250 
61283 4039 
61292 1304 
61306 348 
61307 1004 
61312 1118 
61324 706 
61325 1200 
61337 2459 
61341 389 
61352 1126 
61355 967 
61357 368 
61370 5318 
61375 1191 
61384 215 
61391 1764 
61392 151 
61392 926 
61403 1339 
61403 632 
61406 1167 
61414 175 
61422 225 
61425 735 
61428 380 
61429 1710 
61435 446 
61442 2474 
61447 204 
61473 1633 
61473 1462 
61479 458 
61480 828 
61484 707 
61491 3293 
61492 590 
61492 77 
61495 329 
61500 120 
61504 233 
61518 589 
61526 1159 
61534 739 
61540 1076 
61547 919 
61548 523 
61599 1012 
61611 387 
61621 331 
61626 374 
61626 188 
61629 1137 
61630 984 
61637 378 
61644 4016 
61655 1553 
61660 1386 
61668 46 
61676 1008 
61686 568 
61689 2557 
61691 3944 
61695 1134 
61699 1309 
61705 1050 
61720 1219 
61721 3468 
61740 534 
61743 272 
61747 1387 
61747 2309 
61749 94 
61762 1674 
61769 339 
61770 249 
61771 418 
61793 327 
61797 295 
61804 208 
61804 575 
61810 780 
61819 629 
61832 518 
61841 664 
61854 99 
61854 594 
61855 1253 
61862 653 
61879 1257 
61888 112 
61898 245 
61900 321 
61910 139 
61911 1031 
61911 269 
61937 1859 
61942 876 
61942 87 
61943 5335 
61955 190 
61965 158 
61977 61 
61978 721 
61986 1164 
61987 263 
61992 887 
62002 610 
62005 62 
62008 1090 
62012 1243 
62020 823 
62024 560 
62039 290 
62065 826 
62070 572 
62070 372 
62095 96 
62102 1611 
62110 64 
62117 2220 
62125 326 
62129 1131 
62138 88 
62143 668 
62153 693 
62167 255 
62180 679 
62189 651 
62198 346 
62213 1800 
62218 266 
62222 279 
62226 1213 
62261 131 
62264 852 
62264 867 
62275 1329 
62290 787 
62292 270 
62294 668 
62294 157 
62304 1179 
62305 687 
62311 121 
62312 244 
62313 965 
62315 645 
62322 2161 
62324 95 
62325 1055 
62338 188 
62341 984 
62344 170 
62353 172 
62358 1153 
62378 651 
62383 166 
62387 153 
62396 985 
62415 732 
62421 78 
62423 247 
62425 498 
62440 1349 
62453 1234 
62453 587 
62466 566 
62477 102 
62481 519 
62485 229 
62489 667 
62489 152 
62493 1761 
62497 320 
62502 1723 
62517 476 
62518 203 
62525 652 
62544 1516 
62550 164 
62559 4667 
62560 607 
62567 1612 
62569 406 
62575 932 
62584 895 
62585 551 
62588 826 
62597 244 
62607 156 
62608 500 
62634 38 
62638 182 
62647 317 
62659 221 
62663 1108 
62675 15063 
62695 566 
62696 301 
62697 95 
62710 333 
62715 598 
62720 282 
62745 749 
62760 381 
62762 1131 
62765 81 
62770 1074 
62771 1287 
62829 1773 
62866 1513 
62898 567 
62899 1169 
62907 1059 
62911 771 
62928 1551 
62929 595 
62934 87 
62939 1074 
62948 1058 
62959 1016 
62959 949 
62963 1359 
62988 922 
62991 340 
63008 0 
63008 898 
63013 193 
63019 620 
63029 853 
63034 615 
63046 800 
63049 121 
63066 116 
63067 1132 
63081 670 
63084 179 
63092 595 
63096 1032 
63107 798 
63144 1257 
63145 3 
63151 20 
63156 631 
63171 1204 
63172 469 
63175 1164 
63197 2502 
63205 937 
63211 2036 
63211 421 
63219 762 
63227 1701 
63227 975 
63227 532 
63228 286 
63232 1000 
63244 160 
63279 115 
63283 1143 
63292 485 
63298 709 
63303 71 
63314 2026 
63329 638 
63330 979 
63332 671 
63340 147 
63343 137 
63347 275 
63351 2416 
63357 370 
63369 111 
63373 1176 
63382 3256 
63388 736 
63397 236 
63406 119 
63431 1214 
63453 914 
63459 4610 
63470 250 
63479 1069 
63483 44 
63487 76 
63488 2450 
63493 486 
63497 1697 
63499 100 
63504 393 
63512 469 
63513 906 
63519 2510 
63521 3814 
63540 951 
63552 109 
63570 345 
63571 1336 
63571 743 
63587 1174 
63603 291 
63606 8879 
63619 116 
63628 125 
63656 528 
63658 245 
63672 1491 
63676 396 
63714 134 
63726 545 
63734 1639 
63736 5497 
63736 1178 
63742 396 
63742 1497 
63748 322 
63748 914 
63749 519 
63757 1875 
63781 1154 
63787 217 
63802 112 
63805 1422 
63814 648 
63818 85 
63828 535 
63830 486 
63836 86 
63837 476 
63843 3433 
63849 1170 
63851 346 
63852 585 
63852 552 
63853 249 
63854 107 
63868 1532 
63881 13184 
63893 318 
63895 346 
63899 265 
63920 26 
63922 130 
63926 36 
63934 236 
63934 1189 
63950 469 
63971 270 
63972 147 
63978 2601 
63981 1427 
63984 214 
64005 384 
64008 564 
64024 1572 
64025 3227 
64029 248 
64036 1378 
64063 16312 
64069 716 
64072 76 
64083 41 
64090 458 
64091 412 
64095 444 
64105 773 
64110 156 
64125 204 
64126 69 
64128 29 
64135 34 
64135 133 
64147 260 
64148 1166 
64153 1173 
64154 78 
64157 351 
64159 255 
64174 281 
64179 323 
64183 854 
64199 688 
64213 1064 
64235 1527 
64241 4816 
64263 473 
64276 259 
64298 1773 
64299 1472 
64307 255 
64321 1042 
64323 3228 
64329 3331 
64338 443 
64343 1810 
64351 28 
64352 8679 
64355 481 
64355 131 
64359 138 
64364 178 
64366 301 
64368 687 
64373 1904 
64380 460 
64389 1807 
64403 673 
64404 975 
64405 382 
64405 220 
64410 266 
64413 192 
64420 69 
64438 110 
64445 356 
64447 556 
64452 109 
64464 1192 
64465 83 
64468 4021 
64468 2744 
64489 951 
64491 1586 
64493 11499 
64498 335 
64502 569 
64507 413 
64509 1339 
64524 477 
64526 666 
64532 230 
64546 591 
64549 549 
64551 341 
64555 485 
64560 1366 
64570 2106 
64580 163 
64582 816 
64584 3913 
64598 579 
64606 285 
64614 21579 
64618 743 
64621 284 
64625 799 
64635 505 
64635 85 
64646 122 
64663 687 
64670 263 
64673 227 
64674 1071 
64694 798 
64705 266 
64713 637 
64738 4655 
64743 1315 
64747 228 
64748 486 
64759 1654 
64767 521 
64768 5506 
64769 826 
64774 1208 
64785 624 
64788 1179 
64802 903 
64810 1908 
64812 514 
64817 388 
64823 323 
64830 340 
64842 1155 
64860 856 
64878 2337 
64883 944 
64884 1289 
64888 337 
64888 680 
64893 660 
64895 358 
64904 411 
64922 733 
64925 141 
64961 2679 
64968 411 
64968 364 
64978 1029 
64993 465 
64996 383 
65011 508 
65020 410 
65026 1411 
65039 1654 
65042 1684 
65053 2126 
65064 374 
65064 714 
65080 273 
65107 1427 
65109 5886 
65128 122 
65132 877 
65140 586 
65145 1828 
65153 420 
65154 3183 
65158 87 
65168 698 
65181 147 
65187 1094 
65198 1351 
65206 73 
65210 400 
65212 1143 
65213 506 
65227 444 
65237 318 
65242 1109 
65248 624 
65258 46 
65265 557 
65266 673 
65269 1728 
65293 645 
65297 3047 
65303 2044 
65311 2455 
65316 293 
65316 652 
65324 165 
65330 148 
65331 237 
65336 604 
65338 1308 
65341 1982 
65353 1009 
65355 2058 
65364 119 
65375 341 
65388 759 
65391 952 
65394 201 
65400 1816 
65401 175 
65418 1239 
65428 574 
65429 451 
65433 1242 
65436 1777 
65446 384 
65446 1237 
65478 463 
65492 9321 
65505 746 
65529 396 
65538 3862 
65546 1114 
65551 244 
65570 13770 
65583 405 
65596 425 
65599 9247 
65613 3514 
65618 547 
65646 5557 
65649 3233 
65651 337 
65658 842 
65674 662 
65676 9 
65684 1253 
65691 4135 
65697 342 
65711 454 
65718 332 
65718 559 
65743 159 
65747 297 
65747 735 
65750 212 
65757 151 
65758 1718 
65759 646 
65766 106 
65769 44 
65770 1075 
65777 815 
65798 4681 
65820 535 
65838 262 
65843 326 
65844 767 
65847 277 
65897 840 
65901 213 
65911 217 
65927 701 
65936 1891 
65946 171 
65947 34 
65948 5624 
65949 2130 
65952 128 
65958 584 
65961 239 
65963 497 
65995 161 
66014 1225 
66014 228 
66023 735 
66038 2845 
66040 1021 
66040 246 
66040 3431 
66043 1138 
66049 233 
66051 8390 
66056 1213 
66066 497 
66067 212 
66075 1746 
66086 297 
66097 38 
66104 365 
66108 177 
66113 806 
66126 1438 
66128 831 
66133 2853 
66136 323 
66138 945 
66139 580 
66139 540 
66143 181 
66150 477 
66162 648 
66196 281 
66198 142 
66202 138 
66202 231 
66209 2027 
66242 928 
66255 7403 
66268 934 
66273 9907 
66280 287 
66284 169 
66297 541 
66298 326 
66309 269 
66319 201 
66347 935 
66354 838 
66381 278 
66387 186 
66387 776 
66389 874 
66390 1013 
66392 987 
66401 122 
66410 896 
66419 423 
66430 1147 
66459 211 
66491 487 
66509 2051 
66510 141 
66514 1505 
66574 9365 
66580 3579 
66583 791 
66596 805 
66615 820 
66623 1214 
66633 156 
66633 173 
66637 957 
66638 915 
66644 1268 
66661 456 
66669 172 
66685 622 
66687 1378 
66717 79 
66729 8002 
66748 91 
66752 345 
66789 3367 
66805 1019 
66817 63 
66833 286 
66841 863 
66863 728 
66894 186 
66897 1135 
66923 524 
66942 1042 
66978 515 
66987 5159 
66993 673 
67011 379 
67017 686 
67024 263 
67040 1221 
67049 330 
67063 937 
67076 298 
67078 236 
67079 638 
67105 224 
67121 1058 
67124 1041 
67152 157 
67155 224 
67203 1209 
67215 275 
67227 716 
67229 771 
67238 214 
67242 6425 
67253 366 
67280 1470 
67286 406 
67288 188 
67290 716 
67309 182 
67324 2441 
67333 300 
67346 83 
67362 210 
67363 2176 
67370 1209 
67371 3950 
67382 607 
67400 1383 
67402 470 
67423 616 
67439 61 
67447 1640 
67448 67 
67454 1709 
67459 1010 
67470 140 
67470 190 
67489 489 
67517 584 
67544 518 
67549 691 
67574 1605 
67592 2066 
67607 359 
67625 2565 
67655 459 
67657 244 
67657 547 
67662 2358 
67663 1597 
67674 1378 
67680 643 
67684 3282 
67699 428 
67708 534 
67744 907 
67790 179 
67807 474 
67810 866 
67828 1921 
67847 566 
67848 648 
67857 2713 
67873 355 
67893 4447 
67893 182 
67919 636 
67921 746 
67923 302 
67929 297 
67933 1883 
67962 631 
68007 270 
68058 420 
68085 117 
68095 236 
68096 3760 
68123 386 
68126 457 
68133 742 
68172 7790 
68194 584 
68196 44 
68199 253 
68216 1478 
68221 249 
68222 257 
68225 836 
68239 868 
68255 140 
68256 380 
68275 286 
68275 526 
68287 990 
68317 298 
68324 13815 
68326 1049 
68354 23 
68360 247 
68368 1443 
68476 1304 
68479 287 
68485 787 
68503 898 
68526 1019 
68540 186 
68551 591 
68555 1179 
68590 991 
68590 467 
68640 2039 
68640 285 
68641 396 
68647 982 
68674 1432 
68689 197 
68730 1401 
68740 217 
68775 126 
68785 519 
68791 890 
68811 25 
68814 679 
68836 623 
68836 398 
68842 43 
68842 568 
68847 400 
68889 256 
68922 400 
68926 1762 
68943 8657 
68943 1163 
68945 5954 
68961 1603 
68966 388 
68971 853 
68973 41 
69008 3498 
69018 195 
69018 451 
69042 651 
69048 241 
69069 226 
69078 209 
69106 665 
69107 2572 
69120 725 
69120 148 
69156 413 
69162 1157 
69197 61 
69203 240 
69230 164 
69248 3625 
69287 836 
69290 1063 
69317 3297 
69318 1035 
69328 592 
69355 117 
69418 924 
69433 3342 
69434 3348 
69451 2578 
69467 137 
69482 485 
69486 229 
69490 310 
69514 1010 
69515 384 
69531 545 
69554 1062 
69587 52 
69687 2844 
69703 321 
69709 109 
69750 32 
69751 648 
69758 2227 
69782 1230 
69809 1218 
69846 1052 
69866 16135 
69884 106 
69885 237 
69904 251 
69950 257 
69956 1506 
69961 616 
69969 37 
69972 500 
69974 2081 
69986 251 
69997 6384 
70010 232 
70040 2129 
70064 0 
70091 1919 
70119 1407 
70190 199 
70192 4198 
70254 205 
70293 478 
70301 735 
70306 203 
70324 696 
70328 348 
70352 208 
70392 2508 
70396 722 
70412 1223 
70432 1532 
70474 70 
70474 379 
70526 796 
70538 380 
70591 434 
70591 6850 
70654 623 
70678 639 
70686 448 
70691 1299 
70697 383 
70697 140 
70715 974 
70732 971 
70823 3703 
70838 138 
70848 879 
70884 342 
70950 1353 
70986 342 
71050 399 
71053 1138 
71079 1110 
71104 516 
71196 1992 
71248 718 
71321 348 
71354 1033 
71362 882 
71374 2425 
71421 4200 
71445 506 
71450 276 
71451 884 
71496 742 
71521 1133 
71537 90 
71544 1368 
71552 1178 
71564 2976 
71596 383 
71610 212 
71647 88 
71653 499 
71706 0 
71715 1321 
71725 3140 
71728 800 
71738 1466 
71758 578 
71810 464 
71811 469 
71822 471 
71830 930 
71835 47 
71906 822 
71910 350 
71979 92 
72022 385 
72040 1837 
72043 834 
72053 230 
72067 24 
72141 997 
72168 624 
72181 1333 
72198 342 
72239 1352 
72250 1927 
72290 683 
72300 461 
72345 4514 
72367 253 
72368 55 
72442 934 
72466 372 
72498 134 
72506 1123 
72535 139 
72606 547 
72614 254 
72618 582 
72633 1159 
72634 2885 
72635 597 
72656 782 
72666 273 
72681 442 
72687 4489 
72719 2047 
72808 373 
72818 93 
72840 1616 
72848 3374 
72927 860 
72949 62 
72980 8 
73046 125 
73058 36 
73072 63 
73086 462 
73088 889 
73137 1216 
73171 316 
73202 149 
73236 142 
73290 3095 
73360 1176 
73369 4665 
73455 10153 
73468 412 
73473 41 
73482 91 
73488 1481 
73523 88 
73523 1356 
73548 1209 
73575 38 
73577 18 
73584 330 
73585 1324 
73600 354 
73625 215 
73637 752 
73652 1345 
73673 913 
73705 308 
73731 342 
73828 1279 
73829 3758 
73923 1177 
73932 1232 
73955 449 
73962 1083 
73965 943 
74075 732 
74082 5404 
74089 303 
74104 437 
74112 780 
74121 1701 
74166 281 
74202 485 
74329 989 
74343 344 
74373 186 
74389 227 
74408 2078 
74456 539 
74478 1024 
74496 56 
74558 432 
74601 764 
74650 240 
74774 7286 
74774 850 
74774 370 
74788 258 
74803 994 
74807 461 
74809 627 
74816 4029 
74826 104 
74839 795 
74897 607 
74987 118 
75003 496 
75012 1007 
75014 2133 
75066 770 
75073 291 
75096 1051 
75113 211 
75143 333 
75243 1379 
75245 76 
75259 1394 
75305 1362 
75335 5743 
75341 267 
75353 32 
75355 1906 
75361 3458 
75399 30 
75407 1711 
75442 787 
75505 206 
75514 237 
75573 754 
75600 844 
75656 317 
75717 246 
75755 487 
75789 35 
75790 2589 
75813 1425 
75848 420 
75861 109 
75904 235 
75914 360 
75919 1745 
75936 705 
75964 430 
75979 803 
75981 1313 
76024 2099 
76104 103 
76199 1538 
76219 222 
76255 223 
76270 1291 
76271 782 
76283 226 
76318 101 
76347 526 
76350 16 
76388 402 
76412 333 
76427 365 
76445 4030 
76450 264 
76501 312 
76502 6618 
76514 916 
76519 414 
76527 132 
76572 761 
76593 1619 
76598 1315 
76637 51 
76647 1061 
76820 427 
76971 247 
76987 2667 
76999 205 
77023 367 
77045 352 
77052 556 
77055 1297 
77075 268 
77173 1069 
77207 281 
77377 8720 
77411 250 
77419 1954 
77433 1889 
77557 208 
77567 1734 
77575 857 
77599 871 
77619 66 
77696 74 
77702 13 
77718 66 
77723 940 
77724 1932 
77725 365 
77826 204 
77827 353 
77899 2320 
77926 660 
77934 1012 
77944 172 
77948 4121 
77978 600 
77984 142 
77987 2160 
78015 33713 
78026 583 
78073 204 
78098 417 
78124 561 
78199 875 
78233 89 
78260 302 
78267 153 
78270 1203 
78304 1138 
78405 488 
78457 1124 
78457 213 
78504 1270 
78512 1452 
78566 118 
78737 1214 
78748 1027 
78788 331 
78806 5628 
78929 1979 
78944 197 
79144 1403 
79184 1413 
79271 119 
79278 767 
79288 2627 
79317 6839 
79383 14826 
79395 224 
79492 1458 
79542 588 
79599 836 
79665 101 
79705 189 
79762 602 
79768 515 
79841 458 
79873 387 
79883 97 
80061 133 
80089 24 
80173 237 
80254 780 
80264 48 
80336 203 
80443 2813 
80507 72 
80536 95 
80556 271 
80638 208 
80680 254 
80707 303 
80829 1027 
80864 610 
80948 125 
81001 765 
81004 1451 
81107 813 
81182 520 
81287 380 
81301 2424 
81347 2573 
81358 171 
81548 1554 
81590 276 
81611 458 
81672 731 
81687 562 
81729 4745 
81763 106 
81790 165 
81895 246 
81897 203 
81959 896 
81989 63 
81997 593 
82105 316 
82184 2103 
82192 65 
82245 1024 
82324 593 
82333 1379 
82334 998 
82691 2652 
82808 159 
82878 822 
82959 55 
83000 3121 
83120 723 
83125 916 
83129 191 
83137 5 
83146 460 
83182 1513 
83336 295 
83360 176 
83425 36 
83437 117 
83518 541 
83797 2140 
83954 20 
84216 755 
84287 2340 
84334 17283 
84482 1173 
84517 129 
84557 149 
84624 537 
84844 1089 
84896 685 
84920 5571 
84945 1488 
84998 652 
85018 663 
85121 230 
85761 644 
85772 134 
85813 562 
85894 498 
85918 252 
86059 154 
86170 252 
86183 752 
86329 303 
86431 1164 
86455 406 
86523 297 
86566 616 
86681 231 
86701 667 
86746 147 
86995 238 
86996 259 
87202 335 
87514 1735 
87760 9213 
87764 111 
87991 952 
87994 2702 
88085 143 
88116 416 
88159 437 
88187 1584 
88249 163 
88269 1236 
88386 421 
88408 778 
88449 3608 
88449 9 
88563 192 
88637 975 
88791 693 
88921 2114 
88992 2932 
89122 426 
89146 725 
89166 1070 
89278 1307 
89330 50 
89344 1273 
89388 783 
89590 953 
89736 118 
89779 459 
89895 2052 
89929 1933 
89999 110 
90050 274 
90071 683 
90088 2436 
90170 1229 
90273 614 
90322 97 
90333 497 
90381 344 
90393 528 
90401 3979 
90526 777 
90584 1235 
90693 443 
90703 412 
90771 1063 
90797 934 
90916 2487 
90916 2487 
90960 1949 
90960 1949 
91042 139 
91042 157 
91234 436 
91434 7029 
91436 1625 
91490 146 
91627 126 
91678 26 
91727 108 
91835 1004 
91836 1162 
91854 566 
92117 12 
92170 381 
92216 716 
92318 1430 
92321 2911 
92349 685 
92381 184 
92684 804 
92710 116 
92864 132 
93098 921 
93143 876 
93363 1058 
93376 322 
93432 157 
93663 1127 
93894 2609 
93895 695 
94002 751 
94022 3705 
94079 830 
94241 281 
94364 915 
94471 2072 
94530 1485 
94755 788 
95186 343 
95296 422 
95460 593 
95527 1000 
95687 171 
95704 557 
95882 1597 
96063 222 
96092 553 
96168 324 
96293 468 
96311 357 
96462 370 
96497 329 
96674 6590 
97089 159 
97149 1586 
97312 379 
97428 562 
97515 59 
97560 1509 
97733 52 
98090 154 
98497 399 
98516 337 
98553 964 
98568 1414 
99301 2521 
99752 638 
99978 596 
100275 1037 
100514 2359 
100520 1747 
100703 1435 
100837 433 
100844 1215 
100887 453 
100948 426 
101014 8989 
101795 14249 
101799 1369 
101992 317 
102421 445 
102450 951 
102687 3373 
102793 232 
103014 420 
103126 187 
103272 206 
103304 758 
103387 315 
103425 845 
105164 536 
105205 903 
105259 165 
105436 285 
105583 1267 
105691 84 
105709 1174 
105735 265 
105937 205 
105994 675 
106063 1182 
106171 834 
106229 439 
106297 206 
106467 29 
106700 3906 
106821 106 
106884 713 
106997 1010 
107047 704 
107155 849 
107245 15 
107338 824 
107486 592 
107785 377 
107911 2455 
107987 68 
108039 551 
108328 789 
108562 3497 
109025 321 
109041 2967 
109190 228 
109241 1148 
109286 717 
109473 434 
109793 549 
109880 1465 
109963 78 
110031 10107 
110283 527 
110417 3059 
110425 2790 
110565 4118 
110611 1147 
110658 23 
110747 447 
110812 2535 
111043 1474 
111044 286 
111178 671 
111217 570 
111228 319 
111304 345 
111380 655 
111418 4728 
111570 141 
111788 2666 
111814 491 
111909 142 
112122 913 
112195 172 
112254 2087 
112302 394 
112321 109 
112443 450 
112465 360 
112817 849 
112942 766 
112987 714 
113063 742 
113198 232 
113255 362 
113307 1511 
113524 742 
113702 1003 
113739 918 
113878 112 
113938 246 
113950 386 
113979 646 
114081 133 
114152 1259 
114339 129 
114609 2058 
114769 2618 
114771 78 
114977 3445 
115074 303 
115196 41 
115517 424 
115521 589 
115549 1023 
115554 536 
115612 465 
115652 1123 
115682 177 
115936 789 
116118 1191 
116266 535 
116299 1810 
116499 519 
116499 920 
116577 398 
116619 1319 
116742 439 
116742 50 
117157 256 
117374 1008 
117393 578 
117438 5683 
117611 675 
117649 780 
117679 951 
117692 197 
117694 83 
117709 8841 
118074 2148 
118205 4139 
118224 887 
118236 446 
118241 214 
118258 274 
118262 353 
118300 255 
118500 2413 
118539 1020 
118933 9056 
119225 570 
119237 204 
119248 789 
119303 777 
119381 711 
119580 289 
119841 970 
120040 2773 
120052 1601 
120347 3075 
120386 908 
120563 1911 
120586 3583 
120686 1002 
121160 2634 
121283 1390 
121336 417 
121611 446 
121669 8098 
121687 685 
121830 2769 
121873 986 
121888 332 
121983 95 
122022 83 
122166 155 
122278 3260 
122352 857 
122612 1476 
122619 948 
122641 273 
122871 1126 
122885 1439 
122997 2142 
123095 239 
123100 1635 
123165 305 
123191 1119 
123258 78 
123344 2739 
123555 784 
123769 2885 
123785 2493 
123895 292 
123927 1186 
123987 142 
124110 402 
124211 263 
124247 1536 
124266 1128 
124332 307 
124401 321 
124544 565 
124589 1853 
124767 3553 
124980 69 
125077 726 
125254 1075 
125315 268 
125423 530 
125566 334 
125723 708 
125819 2399 
125855 1916 
125898 833 
126248 502 
126454 2806 
126454 321 
126455 1461 
126465 217 
126486 1056 
126497 108 
126519 2405 
126877 698 
126882 154 
127010 188 
127167 412 
127241 1381 
127338 1354 
127397 3691 
127407 1571 
127429 10746 
127458 1641 
127556 39 
127657 1016 
127747 743 
128009 1940 
128065 651 
128300 184 
128333 3339 
128365 507 
128455 213 
128580 1500 
128690 1491 
128762 138 
128993 4034 
128994 89 
129071 2080 
129078 39 
129184 1105 
129192 648 
129212 577 
129217 260 
129241 1055 
129325 278 
129505 21052 
129545 129 
129643 329 
129785 1170 
129944 1108 
130262 47 
130415 1974 
130479 1088 
130618 925 
130813 2118 
130994 626 
131157 308 
131164 296 
131178 7422 
131260 238 
131380 542 
131385 171 
131598 1519 
131689 1094 
131753 1322 
131813 565 
131841 622 
132305 274 
132393 5026 
132395 3339 
132796 291 
132799 675 
132843 970 
132903 2696 
132906 980 
132999 578 
133084 205 
133135 2476 
133185 1014 
133206 555 
133499 2811 
133629 912 
133746 363 
133929 595 
133961 297 
134056 986 
134094 793 
134190 1199 
134299 832 
134404 158 
134613 1303 
134634 67 
134660 316 
134787 4197 
134791 449 
134888 1387 
135041 2356 
135085 526 
135133 552 
135224 153 
136052 1231 
136094 1631 
136235 781 
136259 20 
136331 876 
136436 440 
136524 1175 
136851 897 
137048 1089 
137189 630 
137324 708 
137465 806 
137568 5216 
137601 140 
137735 91 
137808 106 
137954 327 
137998 966 
138237 5551 
138259 274 
138423 122 
138576 596 
138631 268 
138674 7 
138689 4168 
138696 4882 
138960 5136 
138980 353 
139019 304 
139019 304 
139791 1824 
139803 1310 
139829 616 
139842 725 
139864 3150 
139935 1588 
140000 661 
140391 71 
140489 2745 
140543 774 
140550 857 
140572 428 
140657 1061 
140915 2072 
140978 3785 
141008 772 
141034 1426 
141078 374 
141097 849 
141293 1540 
141387 332 
141427 4357 
141453 1592 
141808 38 
141975 3517 
142020 228 
142030 880 
142034 293 
142206 169 
142508 885 
142547 506 
142637 102 
143042 92 
143100 334 
143131 415 
143155 1560 
143241 27 
143427 731 
143475 837 
143479 191 
143529 40 
143744 146 
143750 666 
144021 850 
144555 165 
144813 1052 
144893 2210 
144933 488 
145155 1931 
145190 729 
145231 2301 
145277 1530 
145364 248 
145375 718 
145713 371 
145730 748 
145741 361 
145869 430 
146226 2424 
146616 1067 
146720 4145 
146906 1125 
147645 490 
147725 1717 
147912 1186 
147968 383 
148090 1533 
148125 1943 
148211 831 
148524 1022 
148569 411 
148584 1763 
148726 129 
148787 4768 
148814 2293 
148841 1113 
148890 35 
148989 49 
149072 2610 
149097 1463 
149356 793 
149621 890 
150075 454 
150386 3061 
150397 2219 
150417 1089 
151002 521 
151014 129 
151029 3569 
151207 895 
151211 4686 
151279 3792 
151370 606 
151410 67 
151486 5731 
151488 251 
151502 1029 
151851 84 
152051 266 
152354 327 
152497 483 
152540 204 
152587 739 
152941 680 
153165 981 
153292 2282 
153447 239 
153566 510 
153568 217 
153909 1046 
153934 998 
154138 1081 
154163 4301 
154335 2591 
154626 681 
154628 1593 
154643 171 
154770 1838 
154999 107 
155553 650 
155707 47 
155733 690 
156084 2291 
156148 219 
156749 1146 
156897 137 
157113 200 
157357 355 
157445 291 
157600 4382 
157801 161 
157864 847 
157894 1264 
158047 3947 
158109 420 
158607 1959 
158616 757 
158638 195 
158668 374 
158685 7 
159034 635 
159327 67 
159403 1442 
159647 1134 
159653 914 
159811 1667 
159958 1422 
160002 270 
160572 1181 
160991 83 
161002 1596 
161682 1442 
161747 3421 
161850 688 
162356 309 
162541 1587 
162721 261 
163033 2232 
163234 346 
163287 164 
163723 518 
163820 1157 
164642 590 
165155 705 
165879 848 
165984 609 
166072 539 
166322 693 
166493 567 
166630 6000 
166684 1138 
167042 378 
167209 4356 
167408 893 
167424 732 
168825 856 
169086 294 
169129 378 
170816 646 
171764 198 
171960 246 
172093 273 
172114 180 
172218 93 
172356 1144 
172926 1135 
173035 298 
173181 507 
173295 1721 
173830 482 
174769 327 
174914 263 
175327 276 
175468 234 
175898 1640 
176017 333 
176153 1734 
176321 616 
177116 358 
177862 254 
178183 317 
179859 868 
180176 666 
180220 1549 
180323 501 
180476 77 
180758 75 
181066 832 
181727 188 
182467 45 
185203 1238 
188866 856 
190085 2475 
190590 1133 
191547 1247 
191702 515 
191853 779 
192354 632 
194744 70 
194864 334 
195693 2056 
195778 2531 
197249 1304 
197669 1286 
197877 304 
198025 1592 
198295 1730 
198380 171 
198630 27 
199408 946 
199532 430 
199652 464 
200251 565 
200291 439 
200406 580 
200653 1347 
201566 17 
201920 684 
202221 178 
202278 663 
202342 285 
202565 229 
202964 948 
203306 1054 
203693 1868 
203693 1868 
204092 841 
204533 778 
204981 34 
205028 561 
205092 651 
205350 803 
205921 33 
206506 3297 
206708 1167 
207361 133 
208023 1239 
208394 385 
208847 166 
208916 29 
209898 197 
210952 550 
211092 15911 
211183 336 
211375 769 
212003 1592 
212430 274 
212694 1447 
212842 279 
214682 128 
214807 31734 
214832 223 
214960 3767 
215072 381 
215639 377 
215665 610 
216054 2225 
216058 392 
217641 534 
218144 853 
218865 315 
218886 1969 
218895 880 
218902 398 
219068 522 
219450 231 
219610 268 
219893 402 
221362 1310 
221372 201 
222039 38 
222136 1452 
222331 1268 
222344 263 
222683 464 
223390 361 
223535 57 
224519 588 
225569 992 
226046 351 
226374 225 
226667 773 
227420 1375 
227805 40 
228586 1439 
228617 1511 
228701 746 
229833 967 
229868 1497 
230051 756 
230200 212 
230349 495 
230736 4074 
232046 1115 
232210 80 
233304 302 
233322 786 
235019 711 
235281 264 
235627 595 
235631 142 
235980 632 
236790 237 
236804 430 
237035 513 
237356 452 
238920 2003 
239110 277 
239340 2890 
239575 2869 
239842 2602 
241333 81 
243692 406 
245840 357 
245871 417 
245926 165 
246204 1437 
247017 244 
247718 546 
248907 418 
248969 706 
249408 218 
249412 842 
249563 1178 
249660 680 
252255 460 
252799 461 
254348 379 
254988 186 
256510 4315 
256561 340 
257160 82 
257303 751 
257618 381 
257794 441 
257830 1174 
258222 1177 
258295 79 
258843 386 
261434 304 
265049 2965 
266917 583 
267564 2974 
267588 1953 
267605 1045 
269626 362 
269630 148 
276448 258 
276567 686 
276939 1198 
277677 943 
278664 83 
279661 129 
282191 1783 
284648 173 
284648 173 
285661 1244 
287210 3912 
288929 1325 
292509 851 
295859 31 
295957 138 
296468 102 
296756 149 
297238 11048 
298224 316 
298881 133 
300872 208 
300874 709 
301391 818 
301834 1406 
302426 488 
302429 1113 
303873 3120 
304974 283 
305621 2001 
307606 1566 
307903 811 
308543 178 
308549 516 
308550 2963 
308594 866 
308619 367 
309255 522 
309273 2185 
309290 1259 
312037 431 
312232 1577 
318212 831 
320550 477 
322208 58 
324351 642 
325626 711 
327481 34 
330856 89 
330912 560 
332628 982 
333058 792 
338433 421 
338842 1588 
339472 1149 
343353 1003 
343383 1181 
343635 823 
343782 103 
344626 957 
347042 346 
350705 139 
353195 271 
356405 124 
356653 3252 
362753 672 
363762 237 
363975 765 
373522 208 
383069 826 
385677 65 
396730 959 
397054 556 
398236 116 
398745 63 
400277 430 
400981 1277 
403413 936 
406551 852 
407997 1111 
414155 22 
416909 395 
417812 400 
437388 492 
483758 445 
486370 4064 
490540 359 
512865 591 
532334 42 
548089 133 
552494 253 
556510 475 
561770 1487 
562218 2954 
565085 2567 
594351 154 
595675 5127 
600433 1242 
