4303 12.2842013889
0 3576721 
11 313 
16 328 
20 36 
20 542 
21 105 
21 238 
22 814 
23 151 
25 831 
25 105 
27 175 
31 38 
32 84 
35 86 
35 49 
36 224 
36 143 
40 588 
40 41 
41 1271 
41 143 
42 371 
45 69 
47 1533 
48 44 
48 689 
48 132 
49 20 
49 59 
50 984 
51 144 
51 360 
52 70 
54 17 
54 71 
55 41 
56 167 
56 105 
56 359 
57 54 
57 138 
57 106 
58 54 
58 68 
59 8 
59 2 
59 583 
59 46 
59 207 
60 44 
60 376 
61 69 
63 85 
63 532 
64 98 
64 97 
64 395 
64 1047 
65 60 
65 359 
65 244 
66 339 
66 71 
66 149 
66 181 
67 59 
67 70 
67 1354 
67 330 
67 6 
68 98 
69 317 
70 65 
70 2122 
70 230 
70 102 
70 67 
70 16 
71 350 
71 212 
72 24 
72 205 
72 77 
73 217 
73 555 
73 38 
73 134 
73 775 
73 455 
73 94 
74 276 
74 177 
74 267 
76 67 
76 523 
76 450 
77 170 
78 890 
78 111 
80 84 
80 123 
80 377 
80 259 
81 121 
81 11 
82 890 
82 838 
82 31 
83 127 
83 8 
84 55 
84 88 
84 3 
85 2808 
85 60 
86 325 
87 278 
87 60 
87 111 
87 98 
88 44 
88 191 
89 521 
89 302 
89 1144 
89 191 
90 256 
90 571 
91 48 
91 192 
91 230 
92 53 
92 348 
93 142 
93 129 
93 96 
93 202 
94 73 
94 237 
94 158 
94 31 
94 282 
95 29 
95 122 
95 80 
95 118 
95 1326 
96 50 
96 155 
96 101 
98 56 
98 325 
98 55 
100 292 
100 239 
100 189 
100 445 
100 1389 
101 346 
102 127 
102 251 
102 137 
102 43 
104 111 
104 117 
104 57 
105 59 
105 74 
105 209 
106 133 
107 171 
107 260 
107 47 
108 265 
108 205 
108 146 
108 688 
109 302 
109 2114 
109 323 
110 1276 
111 44 
112 41 
113 55 
113 48 
114 136 
114 103 
114 9 
114 103 
114 628 
115 102 
115 415 
116 222 
116 384 
118 207 
119 228 
119 541 
120 1674 
120 841 
120 75 
120 110 
122 174 
122 207 
123 290 
124 181 
124 90 
124 247 
124 145 
126 52 
127 149 
128 561 
128 130 
129 2146 
129 143 
129 90 
129 770 
130 188 
131 364 
131 105 
131 11 
131 90 
132 193 
132 579 
133 213 
133 243 
134 526 
134 604 
135 170 
135 27 
136 243 
136 226 
136 92 
136 78 
136 93 
136 159 
137 27 
138 550 
138 66 
139 127 
140 33 
140 191 
141 32 
141 196 
141 161 
142 121 
142 477 
142 419 
142 81 
142 155 
142 216 
143 68 
143 142 
143 110 
143 244 
143 130 
143 86 
143 36 
143 131 
144 121 
144 131 
144 152 
145 87 
145 127 
146 216 
146 751 
147 15 
148 108 
148 368 
149 326 
149 80 
149 120 
150 163 
150 2527 
150 1306 
150 34 
151 65 
151 447 
151 318 
151 48 
151 240 
152 165 
152 166 
153 232 
153 29 
153 1008 
153 5 
155 552 
155 324 
156 559 
156 86 
156 189 
156 65 
157 619 
157 905 
158 219 
158 75 
158 337 
158 113 
159 193 
160 75 
161 458 
161 63 
161 136 
162 209 
163 215 
163 90 
164 594 
164 293 
164 606 
164 89 
164 42 
164 209 
164 4 
165 72 
166 59 
168 62 
169 750 
169 237 
169 498 
171 117 
171 97 
171 261 
171 878 
171 387 
171 828 
172 85 
172 84 
173 102 
173 190 
174 17 
175 96 
175 751 
175 647 
175 79 
176 115 
176 312 
177 70 
177 195 
177 261 
178 188 
178 171 
179 25 
179 92 
180 196 
180 88 
180 168 
181 409 
182 127 
184 77 
184 618 
185 475 
185 107 
186 540 
186 140 
186 197 
186 72 
187 1491 
187 371 
187 2 
188 8 
188 213 
188 294 
189 157 
189 112 
189 60 
189 72 
190 233 
190 90 
190 92 
190 165 
191 55 
191 130 
193 141 
194 198 
194 58 
194 47 
195 281 
195 98 
195 0 
195 984 
196 53 
198 51 
198 135 
201 55 
201 17 
202 397 
203 54 
203 442 
204 119 
204 67 
204 180 
205 165 
205 255 
206 335 
206 1896 
206 892 
207 150 
207 795 
208 146 
208 175 
208 720 
208 93 
209 218 
209 143 
210 53 
211 242 
212 253 
212 43 
213 383 
214 205 
215 204 
215 226 
215 296 
216 315 
217 511 
220 302 
221 51 
222 582 
222 599 
223 177 
223 229 
223 34 
224 1027 
224 38 
225 117 
225 33 
226 13 
228 110 
228 167 
228 96 
229 36 
229 270 
229 48 
229 134 
230 10 
230 356 
230 643 
231 334 
231 30 
232 46 
234 137 
234 222 
234 143 
235 158 
236 217 
236 96 
237 510 
238 100 
238 152 
238 217 
239 52 
239 84 
239 227 
240 30 
241 141 
241 18 
241 409 
242 58 
243 1741 
243 177 
244 208 
244 241 
244 399 
245 267 
246 68 
246 121 
247 159 
247 92 
249 142 
251 107 
251 310 
253 95 
253 64 
253 52 
255 74 
255 1310 
256 91 
257 109 
257 36 
257 1445 
258 2033 
258 72 
258 54 
259 187 
260 428 
262 114 
262 62 
263 73 
263 105 
263 53 
264 483 
264 383 
265 188 
265 32 
266 272 
266 248 
266 110 
267 109 
268 81 
269 123 
269 132 
269 127 
269 215 
269 47 
270 944 
270 121 
271 23 
271 148 
272 41 
274 241 
275 327 
276 14 
276 54 
276 39 
277 52 
279 88 
280 201 
281 227 
281 108 
283 889 
283 105 
284 891 
284 176 
285 2012 
285 394 
286 774 
289 235 
290 615 
290 64 
291 81 
291 485 
292 346 
292 99 
292 251 
292 41 
293 949 
294 144 
294 80 
295 43 
295 157 
295 87 
296 1127 
297 221 
297 2057 
297 155 
299 81 
299 387 
300 46 
300 178 
301 383 
302 67 
304 42 
304 68 
304 255 
304 227 
305 43 
305 186 
305 207 
306 14 
306 662 
307 172 
307 71 
307 88 
309 67 
309 186 
310 80 
311 335 
311 412 
311 104 
312 161 
312 9 
313 56 
313 61 
314 300 
315 3 
315 126 
315 356 
316 227 
317 271 
317 209 
317 116 
317 417 
317 120 
319 324 
320 17 
320 289 
322 140 
322 213 
322 127 
323 623 
324 116 
324 49 
326 79 
327 145 
328 1067 
329 27 
329 1768 
330 209 
333 127 
334 5 
335 148 
335 77 
336 60 
336 76 
337 89 
339 169 
339 199 
341 35 
341 153 
343 216 
344 1140 
344 170 
345 85 
347 528 
347 631 
348 127 
349 46 
350 284 
352 64 
352 726 
353 56 
356 208 
356 134 
357 409 
359 602 
360 35 
360 147 
362 111 
362 177 
362 377 
363 2 
363 91 
366 38 
366 112 
366 91 
369 62 
369 87 
371 8 
371 120 
372 38 
373 187 
378 1276 
378 62 
379 164 
380 277 
382 146 
383 23 
384 360 
384 134 
385 202 
386 140 
387 36 
387 294 
387 74 
388 334 
389 178 
389 8 
390 136 
391 63 
395 130 
395 257 
399 411 
402 1224 
404 115 
405 366 
405 173 
407 158 
408 219 
410 186 
413 55 
415 104 
416 79 
416 97 
419 388 
422 36 
423 93 
426 233 
427 69 
427 154 
428 471 
429 82 
429 39 
432 493 
435 637 
436 389 
437 91 
437 25 
439 22 
442 625 
448 584 
449 608 
452 82 
452 256 
456 350 
456 214 
457 178 
459 21 
459 618 
461 17 
461 84 
463 56 
464 21 
466 36 
466 72 
467 36 
467 102 
467 143 
468 57 
468 333 
469 229 
470 87 
471 758 
474 85 
477 409 
478 20 
479 159 
482 347 
482 349 
483 92 
483 28 
484 52 
487 1869 
488 200 
489 18 
493 211 
496 96 
497 199 
498 54 
498 139 
498 96 
499 50 
502 12 
503 52 
505 107 
508 78 
508 67 
509 66 
509 63 
510 897 
513 25 
515 398 
516 39 
519 95 
522 6 
524 43 
527 39 
528 50 
532 23 
533 56 
535 96 
535 41 
537 267 
538 168 
538 105 
539 179 
540 479 
540 134 
541 106 
542 20 
542 163 
543 100 
543 163 
544 69 
545 171 
546 203 
547 202 
548 56 
548 13 
549 10 
550 38 
551 93 
551 417 
553 118 
553 272 
553 49 
554 82 
555 131 
556 65 
559 107 
560 122 
562 60 
562 81 
563 239 
566 36 
566 229 
567 76 
568 144 
568 269 
570 111 
570 41 
571 968 
572 88 
573 64 
573 95 
575 61 
578 35 
578 152 
580 69 
581 109 
581 162 
582 61 
584 118 
587 121 
587 108 
590 231 
591 70 
591 26 
591 1186 
594 18 
596 58 
596 1420 
597 313 
599 2051 
601 980 
602 173 
604 61 
606 78 
606 78 
608 110 
608 73 
612 44 
613 13 
613 304 
614 46 
616 168 
617 347 
617 103 
619 430 
619 105 
620 308 
620 782 
620 80 
621 423 
621 262 
625 145 
625 548 
625 122 
626 3 
631 37 
635 88 
637 53 
638 108 
639 110 
640 138 
640 23 
642 96 
642 180 
642 62 
644 69 
647 469 
652 175 
652 2787 
653 236 
654 138 
656 59 
657 463 
658 49 
659 37 
659 287 
661 125 
662 151 
666 608 
671 9 
671 176 
671 137 
673 121 
673 253 
674 66 
675 218 
677 109 
678 95 
679 210 
681 110 
681 7 
685 65 
686 22 
687 753 
688 59 
689 47 
692 21 
693 175 
695 244 
696 92 
697 210 
699 2 
702 217 
704 85 
706 50 
706 110 
706 106 
707 64 
708 627 
709 61 
710 155 
710 104 
725 93 
726 65 
726 20 
727 14 
728 41 
729 67 
730 75 
733 123 
734 2469 
737 126 
738 6 
738 300 
738 55 
744 152 
744 119 
746 85 
748 205 
750 223 
750 212 
751 320 
752 44 
752 654 
754 139 
755 78 
756 52 
756 169 
758 730 
759 258 
760 218 
761 2483 
762 406 
763 351 
764 549 
766 244 
766 152 
766 53 
767 54 
767 687 
769 229 
771 1044 
772 127 
774 194 
775 124 
777 85 
777 76 
780 83 
785 129 
786 234 
786 216 
787 50 
788 238 
791 387 
791 272 
791 82 
792 1309 
794 222 
796 1050 
796 33 
797 108 
798 183 
798 61 
800 972 
801 104 
803 492 
808 83 
808 113 
809 475 
813 68 
814 59 
814 197 
816 105 
821 1892 
822 100 
823 81 
826 237 
829 329 
829 18 
838 12 
838 48 
840 79 
840 43 
844 228 
844 31 
845 265 
845 37 
848 132 
851 35 
853 33 
853 101 
854 1762 
859 226 
860 57 
860 147 
861 14 
861 82 
862 96 
862 649 
873 250 
876 146 
876 273 
877 64 
878 218 
881 4 
887 172 
890 146 
893 193 
894 182 
894 118 
900 181 
901 19 
903 66 
905 1038 
907 206 
909 187 
909 92 
912 80 
923 156 
925 65 
925 54 
925 224 
927 218 
927 113 
930 64 
931 138 
931 282 
932 153 
934 123 
934 132 
936 112 
937 54 
939 77 
939 77 
944 89 
945 322 
946 57 
948 163 
949 138 
950 47 
950 187 
951 1316 
954 89 
956 159 
957 14 
964 563 
968 9 
970 17 
974 68 
975 34 
979 131 
984 104 
989 143 
991 86 
992 89 
993 323 
999 1541 
999 16 
1004 27 
1008 130 
1009 146 
1011 26 
1012 84 
1013 60 
1015 159 
1016 86 
1016 168 
1018 197 
1021 263 
1021 32 
1023 760 
1030 357 
1031 363 
1036 79 
1039 59 
1039 175 
1041 270 
1042 343 
1045 121 
1048 438 
1055 2067 
1058 68 
1059 159 
1062 186 
1063 206 
1066 101 
1066 46 
1069 29 
1069 74 
1070 79 
1080 33 
1086 110 
1087 53 
1089 302 
1090 60 
1091 82 
1094 86 
1099 274 
1103 25 
1105 374 
1110 480 
1112 79 
1114 81 
1116 83 
1121 174 
1121 267 
1121 442 
1128 13 
1128 86 
1141 86 
1146 11 
1148 213 
1149 163 
1153 62 
1154 328 
1154 335 
1156 88 
1156 82 
1161 13 
1161 415 
1163 105 
1164 290 
1171 162 
1177 181 
1178 16 
1178 43 
1191 150 
1192 272 
1192 108 
1194 55 
1195 2 
1199 59 
1201 86 
1205 301 
1210 327 
1212 578 
1214 77 
1214 134 
1220 37 
1221 17 
1221 415 
1223 47 
1223 25 
1234 963 
1234 606 
1237 406 
1237 465 
1244 33 
1249 69 
1250 54 
1254 67 
1262 66 
1267 40 
1267 24 
1271 36 
1281 0 
1284 164 
1286 134 
1287 41 
1293 54 
1296 62 
1297 76 
1306 17 
1312 117 
1316 239 
1318 62 
1321 250 
1324 32 
1325 142 
1326 312 
1327 7 
1328 81 
1328 107 
1329 71 
1329 51 
1329 15 
1331 54 
1333 56 
1333 19 
1334 6 
1338 58 
1338 242 
1342 35 
1356 151 
1361 49 
1361 243 
1362 72 
1363 85 
1366 17 
1367 193 
1367 73 
1368 47 
1370 43 
1370 355 
1373 230 
1374 123 
1377 45 
1378 69 
1385 163 
1389 153 
1390 35 
1392 64 
1399 40 
1402 80 
1405 100 
1406 24 
1408 136 
1413 126 
1418 169 
1419 31 
1421 89 
1424 128 
1428 236 
1435 116 
1436 158 
1437 22 
1447 232 
1447 47 
1450 60 
1455 113 
1457 64 
1461 64 
1462 163 
1471 193 
1473 13 
1478 247 
1479 211 
1490 100 
1493 31 
1496 58 
1498 220 
1499 95 
1503 69 
1513 857 
1514 529 
1514 171 
1522 27 
1523 91 
1523 91 
1523 60 
1525 174 
1529 36 
1531 65 
1531 122 
1532 452 
1542 609 
1542 430 
1543 197 
1556 381 
1556 65 
1559 13 
1559 125 
1566 133 
1567 81 
1568 173 
1569 52 
1572 29 
1573 16 
1577 78 
1580 111 
1581 1391 
1585 52 
1587 75 
1599 707 
1603 28 
1603 83 
1604 32 
1617 1166 
1621 105 
1626 182 
1631 358 
1634 45 
1639 28 
1640 645 
1643 172 
1646 273 
1649 35 
1653 68 
1655 718 
1656 946 
1658 116 
1658 38 
1663 30 
1663 214 
1672 159 
1673 411 
1679 247 
1681 74 
1688 13 
1690 463 
1696 103 
1698 147 
1707 67 
1714 54 
1725 75 
1733 189 
1733 388 
1737 40 
1742 317 
1743 47 
1746 56 
1751 79 
1752 76 
1759 528 
1761 66 
1761 456 
1768 173 
1770 3743 
1774 123 
1775 94 
1779 125 
1783 5 
1784 403 
1788 33 
1793 97 
1796 710 
1800 1353 
1800 72 
1801 253 
1801 56 
1802 22 
1805 175 
1806 308 
1815 153 
1819 855 
1822 613 
1824 15 
1828 49 
1835 251 
1837 37 
1840 450 
1843 85 
1844 25 
1849 106 
1852 36 
1856 143 
1857 36 
1862 108 
1865 48 
1873 12 
1875 76 
1876 83 
1877 100 
1881 43 
1881 15 
1882 9 
1882 137 
1886 88 
1889 32 
1890 335 
1899 64 
1905 2938 
1908 637 
1922 126 
1922 349 
1924 345 
1930 87 
1930 41 
1931 30 
1932 248 
1933 1442 
1935 45 
1947 113 
1950 428 
1952 247 
1955 308 
1959 83 
1969 13 
1973 119 
1981 221 
1983 460 
2004 75 
2011 64 
2018 42 
2019 258 
2020 190 
2020 46 
2021 72 
2029 1422 
2029 39 
2032 75 
2054 196 
2056 216 
2057 1292 
2068 163 
2074 129 
2077 114 
2080 81 
2081 194 
2082 116 
2085 113 
2097 24 
2097 60 
2100 593 
2101 38 
2109 297 
2121 78 
2121 128 
2124 179 
2125 95 
2128 134 
2130 54 
2137 91 
2142 140 
2143 64 
2152 24 
2160 84 
2166 31 
2167 45 
2169 172 
2172 63 
2173 79 
2178 491 
2182 32 
2193 175 
2196 85 
2197 11 
2199 264 
2200 35 
2201 270 
2204 59 
2208 45 
2212 90 
2213 30 
2223 81 
2223 424 
2224 195 
2236 102 
2238 34 
2242 13 
2244 137 
2247 77 
2251 251 
2278 121 
2282 80 
2289 15 
2291 51 
2292 223 
2299 81 
2299 475 
2304 86 
2311 93 
2316 341 
2320 54 
2327 476 
2335 107 
2342 41 
2343 49 
2345 113 
2349 21 
2351 182 
2352 32 
2353 75 
2356 85 
2359 106 
2360 15 
2366 20 
2374 1873 
2384 111 
2395 5 
2410 127 
2413 172 
2416 32 
2417 160 
2419 480 
2428 108 
2450 52 
2460 138 
2464 221 
2466 34 
2474 106 
2480 77 
2481 53 
2495 112 
2497 818 
2503 178 
2511 24 
2519 41 
2526 31 
2547 218 
2561 209 
2562 13 
2571 41 
2578 55 
2581 81 
2584 204 
2589 89 
2592 42 
2601 39 
2603 33 
2603 74 
2612 133 
2614 315 
2616 55 
2630 149 
2653 598 
2658 65 
2662 98 
2667 202 
2668 75 
2674 137 
2678 75 
2682 236 
2690 118 
2702 128 
2704 145 
2708 157 
2718 802 
2722 30 
2727 109 
2733 72 
2739 148 
2755 63 
2758 65 
2764 57 
2765 162 
2767 31 
2775 3139 
2782 149 
2787 21 
2793 26 
2808 48 
2811 177 
2825 0 
2830 41 
2832 40 
2842 110 
2846 74 
2854 33 
2860 49 
2865 199 
2878 262 
2889 24 
2902 95 
2923 24 
2927 0 
2940 148 
2952 250 
2953 156 
2958 210 
2959 28 
2967 83 
2970 11 
2977 120 
2995 681 
3014 45 
3019 170 
3025 102 
3033 274 
3045 254 
3049 422 
3050 132 
3055 39 
3079 91 
3098 65 
3111 62 
3120 111 
3122 383 
3124 52 
3130 47 
3150 452 
3152 37 
3164 105 
3168 143 
3193 202 
3205 71 
3219 1 
3221 20 
3230 67 
3250 1380 
3262 142 
3283 737 
3284 169 
3292 133 
3297 45 
3304 35 
3319 238 
3321 293 
3326 72 
3328 112 
3344 121 
3349 122 
3363 75 
3363 233 
3372 189 
3397 137 
3402 100 
3404 2638 
3418 212 
3423 153 
3429 93 
3438 25 
3448 67 
3454 81 
3464 200 
3466 95 
3470 41 
3482 309 
3495 205 
3518 38 
3539 160 
3541 177 
3570 77 
3584 91 
3591 67 
3594 48 
3598 14 
3612 87 
3621 85 
3640 198 
3653 59 
3669 111 
3675 165 
3678 16 
3698 68 
3713 155 
3719 3211 
3749 365 
3763 110 
3768 124 
3783 63 
3787 40 
3791 128 
3794 16 
3798 1095 
3803 76 
3807 48 
3807 19 
3833 4 
3835 96 
3837 65 
3854 234 
3857 80 
3884 56 
3889 22 
3898 1591 
3911 84 
3919 124 
3935 107 
3946 65 
3960 232 
3962 111 
3963 28 
3981 55 
3992 94 
4014 552 
4029 102 
4037 14 
4051 36 
4058 25 
4081 160 
4102 954 
4105 50 
4121 261 
4135 81 
4142 52 
4152 322 
4154 92 
4171 71 
4225 26 
4256 146 
4262 229 
4270 121 
4271 184 
4281 49 
4283 26 
4284 66 
4300 60 
4301 664 
4313 163 
4317 143 
4332 23 
4332 409 
4334 114 
4335 29 
4340 108 
4343 280 
4350 503 
4360 69 
4386 560 
4408 36 
4413 95 
4451 35 
4467 118 
4483 215 
4504 589 
4514 313 
4517 160 
4525 109 
4528 109 
4560 211 
4561 37 
4593 185 
4638 85 
4646 96 
4666 130 
4715 216 
4744 140 
4748 170 
4762 55 
4776 475 
4779 57 
4803 5 
4809 200 
4814 94 
4829 37 
4831 164 
4834 144 
4842 34 
4852 141 
4861 32 
4870 119 
4880 39 
4888 11 
4899 74 
4987 93 
4993 86 
5010 27 
5035 127 
5043 49 
5065 44 
5119 15 
5141 9 
5172 104 
5220 1049 
5245 20 
5249 213 
5257 87 
5257 118 
5258 80 
5277 57 
5280 30 
5286 27 
5300 32 
5312 51 
5343 132 
5375 15 
5401 42 
5407 160 
5408 323 
5411 22 
5416 508 
5428 947 
5488 44 
5491 295 
5515 25 
5523 63 
5525 59 
5560 1733 
5590 339 
5655 24 
5666 158 
5681 19 
5689 138 
5729 24 
5775 73 
5781 198 
5805 756 
5864 129 
5864 129 
5888 49 
5888 49 
5901 80 
5901 80 
5926 78 
5926 78 
5939 162 
5939 162 
5960 94 
5962 72 
6052 21 
6058 330 
6079 6824 
6103 62 
6129 126 
6199 2845 
6203 69 
6222 62 
6239 94 
6242 82 
6285 129 
6406 87 
6429 66 
6449 119 
6506 114 
6520 46 
6521 165 
6535 169 
6537 124 
6590 264 
6617 39 
6639 51 
6645 211 
6655 20 
6699 219 
6746 105 
6759 154 
6788 42 
6795 23 
6818 79 
6845 346 
6883 25 
6910 82 
6924 32 
6981 58 
7054 154 
7069 95 
7087 12 
7158 43 
7207 129 
7224 155 
7250 31 
7253 2 
7265 167 
7305 80 
7398 217 
7455 154 
7514 114 
7540 23 
7626 15 
7677 497 
7748 182 
7759 16 
7916 103 
7986 161 
8059 86 
8111 424 
8150 81 
8185 39 
8191 189 
8231 833 
8252 65 
8293 88 
8298 344 
8310 0 
8331 16 
8390 43 
8393 46 
8452 21 
8578 103 
8649 60 
8666 336 
8704 142 
8774 130 
8802 77 
8848 103 
8860 162 
8909 44 
8936 136 
9010 15 
9078 177 
9151 70 
9224 311 
9250 219 
9279 93 
9296 114 
9328 43 
9352 74 
9352 44 
9355 1693 
9388 14 
9411 29 
9426 82 
9446 74 
9465 390 
9467 27 
9530 102 
9574 165 
9630 0 
9714 72 
9760 1157 
9802 19 
9882 236 
9883 81 
9993 471 
10024 30 
10114 66 
10158 943 
10184 163 
10193 57 
10236 4732 
10304 1054 
10332 114 
10333 17 
10339 68 
10372 281 
10427 269 
10441 35 
10449 171 
10494 117 
10523 34 
10532 12 
10561 480 
10563 31 
10571 1091 
10596 247 
10610 74 
10610 715 
10673 63 
10726 82 
10732 49 
10745 142 
10801 70 
10823 131 
10845 10 
10862 404 
10941 263 
10970 66 
10995 117 
11048 35 
11051 8 
11067 68 
11068 38 
11072 72 
11111 58 
11136 140 
11139 121 
11156 160 
11157 467 
11216 141 
11227 79 
11229 68 
11289 35 
11409 216 
11414 215 
11444 182 
11620 160 
11639 66 
11654 19 
11658 144 
11669 137 
11696 1 
11708 332 
11708 69 
11761 41 
11862 118 
11910 72 
11937 13 
11941 37 
11952 148 
11956 106 
12018 108 
12024 22 
12032 166 
12054 151 
12071 16 
12095 356 
12103 388 
12139 143 
12184 185 
12222 86 
12226 141 
12254 76 
12266 275 
12287 95 
12314 159 
12326 106 
12341 70 
12344 149 
12381 60 
12423 108 
12435 159 
12448 636 
12485 141 
12518 52 
12547 132 
12550 114 
12560 228 
12562 70 
12583 211 
12626 121 
12673 124 
12674 741 
12742 190 
12769 45 
12779 97 
12780 67 
12800 142 
12808 128 
12833 182 
12860 118 
12895 51 
12896 28 
12951 68 
12975 283 
13013 133 
13025 108 
13044 309 
13045 72 
13051 114 
13056 592 
13069 17 
13110 189 
13156 117 
13228 8 
13230 131 
13232 14 
13236 75 
13274 109 
13281 27 
13305 162 
13332 81 
13352 108 
13376 489 
13396 103 
13448 43 
13462 205 
13476 120 
13480 23 
13482 101 
13483 285 
13498 117 
13499 17 
13504 50 
13523 158 
13563 158 
13565 309 
13586 388 
13587 72 
13589 32 
13605 189 
13616 40 
13616 53 
13620 834 
13630 276 
13632 17 
13687 62 
13696 94 
13715 152 
13725 93 
13729 163 
13751 168 
13751 26 
13774 5 
13790 21 
13799 237 
13805 112 
13819 249 
13819 80 
13846 175 
13857 21 
13877 48 
13889 171 
13910 105 
13932 150 
13968 204 
13969 23 
13970 107 
13977 379 
13978 82 
13997 163 
14000 64387 
14002 58 
14072 9 
14094 156 
14113 106 
14136 121 
14136 81 
14176 46 
14189 325 
14190 154 
14261 46 
14278 117 
14284 93 
14291 62 
14298 102 
14307 282 
14310 135 
14312 33 
14324 123 
14343 55 
14352 70 
14356 42 
14382 24 
14383 22 
14392 165 
14407 16 
14419 241 
14421 68 
14443 70 
14456 127 
14465 208 
14467 50 
14467 73 
14490 56 
14490 32 
14511 203 
14516 333 
14538 101 
14539 64 
14555 158 
14575 47 
14580 124 
14590 204 
14597 27 
14611 120 
14633 12 
14661 221 
14661 51 
14666 21 
14717 251 
14763 100 
14774 70 
14811 33 
14863 163 
14865 73 
14870 204 
14893 48 
14898 66 
14905 23 
14912 12 
14960 198 
14982 168 
14987 81 
15001 119 
15023 139 
15065 95 
15084 285 
15084 81 
15093 107 
15137 165 
15162 21 
15166 819 
15171 90 
15175 230 
15184 86 
15218 139 
15219 52 
15227 97 
15288 10 
15305 165 
15313 241 
15328 57 
15339 34 
15352 91 
15353 18 
15353 45 
15361 125 
15364 229 
15378 127 
15384 14 
15407 6 
15416 131 
15428 126 
15434 21 
15444 223 
15449 37 
15482 87 
15485 89 
15487 59 
15498 112 
15527 34 
15534 100 
15555 77 
15582 247 
15584 233 
15587 84 
15594 200 
15606 99 
15611 97 
15615 137 
15623 43 
15666 2 
15689 77 
15691 141 
15710 131 
15726 478 
15741 477 
15747 2 
15752 94 
15783 115 
15815 15 
15823 11 
15831 144 
15845 54 
15853 155 
15866 125 
15877 200 
15903 295 
15947 115 
15949 113 
15983 98 
15988 46 
15988 12 
15994 90 
16001 381 
16024 112 
16068 45873 
16071 93 
16077 66 
16088 372 
16093 52 
16112 86 
16119 151 
16121 50 
16132 52 
16167 166 
16168 26 
16172 129 
16194 315 
16198 144 
16215 15 
16218 85 
16242 140 
16243 18 
16243 401 
16274 255 
16274 130 
16274 319 
16288 138 
16302 667 
16317 55 
16337 27 
16344 173 
16349 4 
16388 45 
16428 66 
16456 83 
16459 309 
16474 167 
16476 45 
16537 25 
16569 71 
16571 8 
16593 49 
16628 179 
16656 242 
16675 44 
16676 8 
16681 23 
16714 77 
16719 491 
16754 134 
16757 164 
16758 167 
16767 24 
16788 208 
16797 65 
16800 68 
16801 33 
16809 30 
16855 169 
16877 49 
16891 109 
16900 114 
16916 108 
16918 41 
16927 293 
16968 21 
16992 192 
17009 304 
17012 35 
17036 70 
17069 82 
17076 91 
17079 58 
17095 255 
17109 632 
17115 15 
17122 120 
17155 78 
17167 97 
17186 208 
17188 145 
17203 192 
17216 164 
17218 193 
17228 16 
17230 38 
17232 122 
17234 43 
17298 54 
17315 159 
17336 25 
17350 35 
17359 24 
17376 1030 
17379 77 
17412 109 
17442 213 
17443 161 
17463 20 
17490 33 
17498 75 
17504 22 
17543 18 
17555 63 
17555 60 
17557 141 
17564 89 
17574 11 
17598 203 
17612 175 
17615 120 
17617 722 
17624 86 
17636 71 
17638 69 
17657 64 
17675 110 
17683 97 
17685 126 
17710 83 
17717 1293 
17736 155 
17741 68 
17751 24 
17767 173 
17791 48 
17821 27 
17830 679 
17833 42 
17843 87 
17853 33 
17857 85 
17861 70 
17894 102 
17896 205 
17907 48 
17919 86 
17923 171 
17925 97 
17930 98 
17953 234 
17957 113 
17959 79 
17996 264 
18015 50 
18050 312 
18069 108 
18077 128 
18112 136 
18135 118 
18161 53 
18196 54 
18197 569 
18198 123 
18199 119 
18200 115 
18222 120 
18240 193 
18314 227 
18316 36 
18335 6 
18345 111 
18384 38 
18386 259 
18397 75 
18405 58 
18411 139 
18414 30 
18421 80 
18429 172 
18466 48 
18467 247 
18524 188 
18534 60 
18567 6 
18623 135 
18629 82 
18672 274 
18678 79 
18693 11 
18731 164 
18738 144 
18745 156 
18746 58 
18755 42 
18767 64 
18784 58 
18798 82 
18805 503 
18806 11 
18806 292 
18811 121 
18814 138 
18815 45 
18821 94 
18821 55 
18828 93 
18848 5 
18848 182 
18875 80 
18877 154 
18883 64 
18921 56 
18991 56 
19021 172 
19056 44 
19084 41 
19085 80 
19121 420 
19122 144 
19135 376 
19140 583 
19142 85 
19167 57 
19170 0 
19183 47 
19185 65 
19189 103 
19205 60 
19212 96 
19222 84 
19230 241 
19248 242 
19255 50 
19272 133 
19284 99 
19295 118 
19302 413 
19334 69 
19342 48 
19351 263 
19367 451 
19407 36 
19408 45 
19416 66 
19430 56 
19432 226 
19452 383 
19471 99 
19519 116 
19524 909 
19531 3182 
19566 703 
19566 189 
19576 344 
19587 444 
19595 126 
19597 8 
19650 11 
19652 114 
19674 39 
19681 28 
19694 19 
19702 45 
19736 342 
19770 41 
19779 140 
19780 22 
19801 57 
19802 84 
19805 56 
19807 16 
19822 157 
19849 79 
19857 33 
19863 73 
19874 3 
19877 64 
19879 368 
19929 53 
19932 267 
19933 99 
19934 300 
19939 197 
19955 25 
20021 55 
20040 88 
20050 211 
20053 180 
20076 59 
20082 1465 
20089 61 
20094 11 
20103 31 
20106 29 
20107 78 
20150 41 
20160 94 
20165 61 
20198 128 
20202 24 
20225 37 
20297 8 
20299 57 
20333 108 
20349 78 
20352 248 
20363 47 
20368 53 
20369 341 
20401 86 
20404 138 
20414 76 
20495 36 
20523 1585 
20530 62 
20530 157 
20538 31 
20555 6 
20571 114 
20572 217 
20589 209 
20604 4 
20635 2 
20639 115 
20686 83 
20706 205 
20717 115 
20740 758 
20749 45 
20751 55 
20765 124 
20772 285 
20776 85 
20801 19 
20899 97 
20902 71 
20906 95 
20927 40 
20968 137 
20976 330 
21101 27 
21105 45 
21116 182 
21135 102 
21144 56 
21157 222 
21177 1079 
21183 55 
21200 739 
21202 63 
21206 157 
21206 341 
21216 52 
21218 162 
21254 59 
21265 97 
21276 18 
21276 189 
21279 43 
21289 41 
21308 7 
21308 296 
21337 184 
21390 111 
21407 216 
21430 83 
21433 8 
21434 167 
21493 259 
21521 65 
21524 39 
21545 26 
21600 103 
21617 116 
21636 23 
21730 251 
21752 384 
21763 161 
21770 33 
21783 25 
21802 106 
21872 56 
21880 45 
21881 80 
21882 73 
21908 5 
21952 69 
21955 38 
21957 82 
21962 44 
21995 8 
21999 105 
22001 77 
22024 118 
22043 152 
22079 24 
22105 207 
22131 6 
22139 88 
22177 28 
22297 56 
22303 60 
22318 116 
22348 494 
22350 83 
22359 37 
22374 204 
22397 6 
22411 192 
22415 101 
22453 24 
22455 50 
22469 90 
22469 48 
22478 243 
22499 50 
22527 154 
22548 283 
22569 206 
22594 115 
22620 234 
22629 46 
22631 72 
22636 78 
22658 203 
22658 20 
22670 77 
22672 34 
22677 51 
22683 217 
22688 8 
22714 129 
22735 54 
22750 14 
22767 51 
22789 196 
22803 47 
22843 43 
22845 44 
22914 70 
22922 43 
22936 206 
22949 289 
22982 176 
23025 165 
23032 59 
23098 226 
23111 165 
23138 168 
23242 5 
23329 170 
23350 16 
23361 92 
23363 78 
23383 93 
23410 186 
23432 1663 
23451 21 
23458 187 
23460 85 
23510 166 
23523 106 
23545 50 
23576 72 
23615 89 
23618 35 
23723 42 
23742 61 
23767 106 
23782 14 
23823 124 
23824 96 
23835 3646 
23856 282 
23856 50 
23874 68 
23877 47 
23886 15 
23892 589 
23923 26 
23948 110 
23996 119 
24036 44 
24105 43 
24211 28 
24212 88 
24222 31 
24232 34 
24246 36 
24327 554 
24327 105 
24396 107 
24414 59 
24422 113 
24422 113 
24463 154 
24470 420 
24482 145 
24489 1320 
24564 86 
24583 227 
24596 9 
24596 67 
24620 76 
24652 59 
24654 132 
24720 97 
24730 52 
24731 42 
24756 37 
24762 2188 
24766 68 
24766 121 
24783 151 
24793 157 
24859 44 
24871 48 
24963 71 
24983 47 
24984 27 
25013 178 
25040 81 
25044 88 
25048 158 
25058 551 
25067 156 
25069 187 
25072 33 
25106 60 
25120 111 
25120 24 
25121 320 
25129 87 
25138 112 
25149 57 
25319 38 
25337 68 
25371 32 
25395 357 
25414 114 
25432 14 
25458 57 
25495 49 
25516 148 
25586 127 
25611 65 
25618 147 
25642 54 
25642 285 
25652 61 
25654 76 
25673 332 
25679 34 
25679 97 
25681 59 
25742 67 
25754 180 
25762 53 
25803 2731 
25889 10 
25898 89 
25903 20 
25925 164 
25931 53 
25962 25 
25971 138 
26007 31 
26008 144 
26009 3 
26010 128 
26042 97 
26058 80 
26064 25 
26183 144 
26203 74 
26205 25 
26212 195 
26268 471 
26279 76 
26310 68 
26312 115 
26315 144 
26319 5 
26322 49 
26332 136 
26406 55 
26407 134 
26415 126 
26426 114 
26484 404 
26551 61 
26556 23 
26570 109 
26574 306 
26645 133 
26648 941 
26690 53 
26740 76 
26809 30 
26839 83 
26842 38 
26860 342 
26876 66 
26934 65 
26965 167 
27047 118 
27084 3039 
27095 74 
27116 131 
27142 141 
27164 150 
27177 221 
27192 74 
27203 219 
27209 51 
27209 197 
27219 108 
27227 119 
27271 67 
27353 59 
27360 1 
27378 52 
27393 85 
27420 41 
27449 79 
27473 60 
27500 49 
27548 156 
27579 145 
27658 14 
27675 15 
27695 177 
27697 52 
27743 25 
27754 141 
27793 13764 
27814 636 
27833 121 
27836 1033 
27838 117 
27840 42 
27845 318 
27867 629 
27888 135 
27959 418 
28017 170 
28027 14 
28056 622 
28112 300 
28113 5 
28127 68 
28283 27 
28313 84 
28319 364 
28389 136 
28402 109 
28432 57 
28481 33 
28496 115 
28498 88 
28503 107 
28509 142 
28517 826 
28571 427 
28573 23 
28586 29 
28598 35 
28608 105 
28679 18 
28685 106 
28697 44 
28738 148 
28752 107 
28776 284 
28869 128 
28895 155 
28910 72 
28941 1884 
28949 50 
28950 89 
28955 6 
28962 56 
29132 834 
29150 3 
29155 46 
29196 106 
29198 1190 
29201 79 
29211 287 
29231 22 
29242 223 
29256 642 
29270 68 
29272 94 
29284 53 
29291 40 
29294 101 
29297 36 
29307 346 
29384 703 
29396 72 
29422 29 
29435 34 
29453 101 
29474 79 
29483 230 
29633 39 
29642 37 
29666 475 
29671 101 
29683 44 
29693 59 
29708 102 
29763 80 
29792 64 
29856 2 
29866 55 
29869 186 
29887 21 
29893 67 
29896 771 
29934 65 
29936 77 
29949 29 
29975 105 
29997 7 
30005 79 
30022 96 
30025 40 
30035 169 
30038 194 
30043 1342 
30076 2056 
30135 976 
30143 40 
30230 59 
30264 770 
30281 46 
30287 80 
30380 130 
30383 37 
30403 112 
30407 34 
30450 93 
30453 79 
30561 6 
30571 482 
30606 96 
30650 84 
30681 846 
30898 349 
30966 98 
31040 179 
31052 21 
31062 35 
31083 40 
31098 94 
31101 147 
31158 185 
31178 36 
31202 166 
31212 80 
31222 110 
31334 125 
31340 55 
31350 6 
31365 19 
31373 3583 
31456 43 
31587 23 
31660 58 
31668 418 
31711 26 
31779 78 
31817 61 
31836 34 
31846 25 
31860 126 
31872 99 
31878 104 
31943 87 
31949 147 
31965 18 
31975 48 
31985 58 
32115 30 
32145 92 
32149 293 
32161 74 
32189 102 
32243 154 
32279 144 
32311 123 
32313 166 
32327 150 
32328 131 
32394 413 
32402 60 
32483 729 
32506 32 
32593 94 
32601 23 
32694 117 
32698 47 
32788 33 
32801 14 
32867 12 
32892 2639 
32921 1942 
32993 145 
33030 6 
33092 117 
33093 115 
33119 745 
33181 327 
33213 555 
33338 11 
33356 46 
33373 172 
33396 57 
33487 74 
33554 85 
33555 70 
33599 23 
33620 89 
33702 78 
33711 238 
33770 46 
33779 141 
33948 13 
33962 34 
33968 170 
34019 130 
34208 250 
34294 158 
34332 167 
34454 78 
34483 219 
34486 39 
34491 60 
34544 7 
34553 39 
34563 57 
34627 33 
34650 36 
34691 1938 
34728 12 
34742 148 
34785 109 
34792 211 
34879 101 
34885 33 
34892 998 
34911 15 
34943 70 
34955 63 
34982 247 
34998 424 
35013 96 
35041 436 
35045 54 
35049 110 
35059 253 
35060 1212 
35094 103 
35099 170 
35221 63 
35356 226 
35357 54 
35476 973 
35552 123 
35653 156 
35672 55 
35726 81 
35737 843 
35779 66 
35795 52 
35824 0 
35975 69 
36021 76 
36053 10 
36139 7 
36162 2 
36169 71 
36206 10 
36218 64 
36221 107 
36239 8 
36262 62 
36412 52 
36459 174 
36542 121 
36666 3 
36763 42 
36863 1882 
36896 12 
36909 24 
36925 27 
36966 17 
37276 329 
37321 96 
37371 105 
37374 90 
37476 60 
37488 623 
37575 99 
37577 8 
37677 123 
37705 214 
37736 24 
37760 410 
37828 309 
37861 181 
37948 22 
37987 32 
37994 366 
38003 109 
38040 4 
38083 454 
38101 14 
38195 9 
38221 23 
38225 209 
38343 55 
38374 118 
38425 269 
38569 36 
38691 84 
38731 163 
38749 251 
38769 291 
38770 49 
38855 150 
38956 38 
38990 122 
39004 30 
39011 56 
39012 332 
39025 869 
39056 10 
39061 3803 
39064 170 
39079 49 
39081 68 
39202 322 
39234 36 
39330 31 
39338 15 
39358 1050 
39370 112 
39401 24 
39414 878 
39419 590 
39444 643 
39529 53 
39578 372 
39687 22 
39740 23 
39819 43 
39833 427 
39836 500 
40124 488 
40160 137 
40164 133 
40293 28 
40339 61 
40386 102 
40778 103 
40791 6 
40870 160 
40930 15 
40988 171 
41025 108 
41085 233 
41152 102 
41175 36 
41311 6 
41432 47 
41595 356 
41617 644 
41652 0 
41686 324 
41771 13 
41880 334 
41892 42 
42046 90 
42067 5 
42067 257 
42075 538 
42091 1148 
42097 326 
42138 66 
42230 54 
42313 145 
42396 1673 
42471 9 
42772 20 
42928 114 
43236 27 
43239 22 
43314 8 
43324 537 
43388 104 
43593 212 
43687 176 
43687 132 
43867 90 
43908 121 
44099 22 
44251 105 
44551 121 
44616 58 
44642 3 
44643 31 
44719 35 
44783 1258 
44834 55 
45106 54 
45118 49 
45245 916 
45310 15 
45376 114 
45384 1110 
45448 55 
45451 378 
45572 16 
45648 189 
45850 50 
46043 9 
46354 608 
46386 8708 
46404 43 
46414 125 
46681 620 
46789 10 
46857 232 
47037 1865 
47085 11 
47196 91 
47332 245 
47438 4 
47484 243 
47583 2247 
47756 1191 
48325 21 
48400 1664 
48409 355 
48653 23 
48657 291 
48665 303 
48804 27 
48874 169 
49037 13 
49094 6 
49192 6873 
49194 39 
49228 10 
49233 919 
49280 953 
49424 22 
49442 16690 
49669 182 
49789 479 
49847 28 
49928 347 
49943 197 
49964 1261 
50062 442 
50066 595 
50182 5297 
50182 381 
50313 817 
50345 84 
50441 462 
50704 322 
50929 949 
50939 1074 
51105 331 
51139 383 
51163 31 
51269 591 
51283 79 
51291 1964 
51568 708 
51580 19 
51639 79 
51645 32 
51713 43 
51852 179 
51957 446 
52022 23 
52231 8 
52253 232 
52272 106 
52332 52 
52477 164 
52612 146 
52615 127 
52764 82 
52903 99 
53192 3 
53311 129 
53312 37 
53472 46 
53578 44 
54038 833 
54238 59 
54284 34 
54294 76 
54316 70 
54459 281 
54479 188 
54609 75 
54640 266 
55016 165 
55144 802 
55209 52 
55269 220 
55297 109 
55316 81 
55322 23 
55404 1155 
55582 11495 
55588 140 
55600 1056 
55605 195 
55609 1157 
55619 738 
55621 229 
55623 138 
55627 263 
55628 75 
55629 465 
55631 295 
55631 1594 
55633 163 
55634 167 
55642 1026 
55642 806 
55644 2342 
55646 134 
55649 341 
55652 248 
55655 90 
55671 126 
55672 249 
55673 132 
55685 85 
55687 1204 
55694 124 
55697 518 
55697 131 
55702 200 
55705 531 
55706 239 
55712 925 
55715 497 
55718 82 
55774 840 
55776 798 
55781 3176 
55815 153 
55822 187 
55836 1496 
55841 299 
55844 97 
55845 113 
55845 145 
55899 647 
55917 381 
55949 449 
56018 213 
56040 432 
56050 114 
56113 72 
56155 116 
56178 64 
56188 275 
56406 151 
56436 146 
56446 166 
56466 1325 
56467 262 
56486 6 
56608 1535 
56622 359 
56689 97 
56690 99 
56728 418 
56829 592 
56832 35 
56832 145 
56836 203 
56842 76 
56856 82 
56965 320 
56970 620 
57006 94 
57158 103 
57261 536 
57381 1015 
57430 145 
57658 110 
57677 140 
57699 1004 
57795 365 
57805 483 
57921 222 
58054 72 
58118 89 
58130 34 
58171 148 
58189 68 
58302 332 
58310 202 
58347 141 
58368 110 
58405 21 
58406 304 
58415 491 
58424 169 
58583 395 
58608 405 
58629 290 
58734 291 
58807 440 
58812 46 
58842 42 
58984 350 
58998 28 
59023 1556 
59136 62 
59152 93 
59241 3 
59259 451 
59336 3916 
59367 300 
59472 51 
59501 825 
59536 657 
59572 5 
59765 501 
59875 202 
59923 61 
59931 254 
60111 1756 
60119 144 
60213 44 
60228 2 
60271 1062 
60419 263 
60436 2751 
60482 139 
60495 40 
60525 120 
60667 92 
60705 1049 
60753 125 
60774 1462 
60891 223 
61023 10 
61110 456 
61121 764 
61346 248 
61668 458 
61677 951 
61768 116 
62011 17 
62049 133 
62469 460 
62539 0 
62742 1820 
63039 280 
63104 609 
63228 411 
63252 291 
63268 169 
63314 147 
63332 612 
63505 262 
63688 134 
63689 392 
63712 113 
63730 221 
63738 563 
63746 44 
63752 470 
63753 95 
63764 58 
63776 66 
63779 55 
63784 516 
63785 1145 
63798 326 
63800 416 
63801 82 
63834 460 
63835 420 
63836 27 
63838 625 
63909 956 
63911 921 
63913 56 
63917 1064 
63933 1002 
63935 33 
63964 873 
63973 284 
63982 438 
63991 474 
63992 412 
64010 341 
64011 54 
64017 56 
64022 911 
64027 547 
64132 263 
64141 952 
64143 28 
64143 1124 
64156 117 
64166 1467 
64187 430 
64189 307 
64206 399 
64207 123 
64207 110 
64221 175 
64223 41 
64248 277 
64331 304 
64362 166 
64376 101 
64425 91 
64428 116 
64443 49 
64452 1535 
64572 1211 
64586 308 
64620 114 
64627 1072 
64643 1016 
64678 21 
64759 36 
64772 851 
64793 345 
64841 79 
64874 28 
64884 369 
64919 119 
64978 40 
65067 701 
65123 1606 
65138 91 
65195 179 
65208 162 
65233 363 
65260 163 
65271 562 
65278 567 
65358 155 
65479 111 
65487 489 
65502 123 
65523 49 
65560 85 
65569 199 
65576 167 
65666 39 
65777 435 
65804 1049 
65889 198 
65908 10 
65919 1161 
65939 107 
66075 525 
66093 326 
66115 1064 
66222 31 
66350 545 
66416 334 
66437 202 
66458 16 
66497 49 
66530 436 
66589 301 
66686 166 
66713 340 
66862 23 
66890 582 
67114 207 
67288 349 
67375 1013 
67401 37 
67505 361 
67654 49 
67852 1421 
67875 1676 
67878 4516 
67897 480 
68091 139 
68263 1432 
68408 589 
68491 553 
68655 2560 
68828 179 
68935 148 
69172 560 
69235 127 
69374 883 
69409 414 
69487 154 
69677 175 
69885 371 
69901 144 
70118 23 
70305 1797 
70355 569 
70370 221 
70390 1190 
70473 153 
70515 81 
70530 1051 
70562 446 
70779 704 
70809 759 
70892 136 
70897 117 
70909 50 
71055 25695 
71086 298 
71093 1190 
71103 230 
71103 278 
71135 955 
71143 1614 
71167 473 
71191 1202 
71481 1081 
71623 177 
71653 8713 
71701 166 
72279 1080 
72285 209 
72575 212 
72675 27 
72759 13 
72793 656 
72825 62 
72854 473 
73072 1 
73155 52 
73184 38 
73254 413 
73262 238 
73769 2004 
73810 548 
73826 1158 
73853 345 
73985 77 
74061 238 
74247 117 
74311 96 
74396 235 
74615 86 
74949 1158 
75099 86 
75308 43 
75384 108 
75559 2 
75590 535 
75790 786 
75957 329 
75973 786 
76043 150 
76069 30 
76117 176 
76175 17 
76263 35 
76474 141 
76498 814 
76544 888 
76607 249 
76798 54 
76951 43 
77201 117 
77726 2 
77759 26 
77818 62 
78240 37 
78322 0 
78520 28 
78883 28 
78939 201 
79048 661 
79243 24363 
79401 52 
79590 353 
79651 184 
79981 23266 
80154 86 
80830 359 
81085 320 
81750 521 
81760 1772 
81890 2 
81915 267 
82087 417 
82399 33 
82510 516 
82903 445 
83274 58 
83801 103 
83821 97 
83824 848 
83931 47 
83973 784 
83984 60 
84153 559 
84460 233 
84479 511 
84524 171 
84550 2424 
84572 222 
84631 23 
84649 196 
84666 267 
84667 60 
84697 153 
84702 264 
84704 471 
84746 784 
84756 173 
84776 1223 
84871 178 
84902 138 
84945 1344 
84959 259 
85054 19 
85065 210 
85073 146 
85196 457 
85324 156 
85325 823 
85413 94 
85456 205 
85486 13 
85503 11 
85572 73 
85659 654 
85678 126 
85929 1195 
86003 249 
86355 574 
86394 20 
86501 276 
86611 375 
86679 734 
86873 44 
86877 273 
86928 394 
87490 40 
87940 295 
88146 132 
89840 331 
90121 231 
90169 20 
90231 50 
90286 28 
91700 117 
91990 94 
93448 11 
93908 286 
94073 183 
94481 370 
94523 2152 
95810 94 
97255 31 
97521 74 
99324 269 
99622 1009 
100403 49 
100694 23 
101176 304 
101431 8 
102233 101 
102371 129 
102862 30 
102862 30 
103707 31 
104298 52 
104553 171 
105056 9 
105640 192 
106142 58 
106683 955 
106706 527 
107044 396 
107148 240 
107423 173 
107804 89 
108383 140 
108981 27 
109632 268 
109787 113 
110862 1063 
111062 295 
111233 3100 
111830 332 
111890 171 
112346 834 
113094 139 
113134 356 
113135 399 
114416 771 
115362 38 
115755 123 
116019 3 
116172 396 
116278 32 
116537 695 
116603 760 
116938 93 
117740 267 
119011 260 
120484 645 
120857 641 
121029 604 
121203 594 
121392 45 
121831 49 
122055 351 
122555 992 
122866 219 
122881 1368 
123126 177 
123798 275 
124528 231 
124743 85 
125099 110 
126307 6 
127837 112 
128195 35 
129118 40 
129646 11 
129647 81 
129705 36 
129990 753 
130226 207 
130397 2513 
130653 324 
130847 3 
131341 279 
132232 80 
132811 211 
132860 1102 
133298 90 
133358 981 
134146 206 
134197 133 
135024 0 
135130 262 
135410 242 
135431 7 
135971 64 
136069 57 
136085 1257 
136266 168 
136488 246 
136608 181 
136612 5 
136889 118 
137079 198 
137534 469 
138499 40 
138835 3244 
139102 484 
139464 356 
141144 213 
141361 261 
141698 302 
142126 93 
142354 927 
142451 213 
142532 176 
142990 629 
143008 1033 
143463 220 
143780 641 
144283 1110 
144283 1861 
144346 127 
144643 490 
144676 1004 
144772 623 
144875 43 
145035 20 
145649 142 
145902 116 
145949 204 
146131 722 
146414 0 
146441 358 
146539 206 
146913 63 
147045 181 
147361 40 
147414 77 
147421 1182 
147446 105 
148157 163 
148682 120 
148693 78 
149421 105 
149443 11 
149538 2448 
149589 4199 
149657 45 
149720 945 
150333 527 
150485 296 
150749 0 
150952 149 
151007 467 
151549 54 
152082 1025 
152490 1436 
152676 2160 
152840 235 
153765 155 
154147 47 
155202 72 
155405 10 
156300 150 
156549 185 
158583 1126 
158688 545 
159092 646 
159240 106 
159818 434 
159820 441 
160750 391 
160967 342 
160970 58 
161031 367 
163016 322 
163242 216 
163519 1193 
163671 187 
164346 1275 
164433 195 
164912 26 
165110 144 
165855 63 
166078 238 
166121 40 
166313 499 
166663 22 
167005 79 
167005 79 
167816 330 
167907 4180 
167996 337 
168402 189 
168623 124 
168629 288 
168718 648 
168789 122 
169180 1091 
170964 254 
172047 360 
172357 548 
172509 424 
172554 108 
172874 65 
173770 917 
177992 472 
187372 195 
187962 187 
190863 0 
192378 1409 
194243 736 
196479 504 
196607 265 
197059 500 
197126 52 
197194 825 
197782 122 
200599 83 
200732 85 
201163 318 
201376 400 
202776 149 
203726 995 
204958 89 
206368 167 
206529 725 
207423 1437 
207865 276 
209094 14 
209226 226 
209226 71 
211285 129 
212028 33 
212238 3704 
212933 415 
214137 554 
214239 12 
214340 650 
214873 507 
215312 456 
216714 58 
217036 209 
217469 862 
217606 280 
218014 87 
219023 290 
219397 209 
219418 215 
220263 201 
220532 41 
221979 84 
223722 208 
224170 180 
224814 4771 
225052 492 
225695 384 
225828 561 
225861 565 
227054 543 
227321 921 
228552 132 
229379 872 
229607 4566 
230463 41 
230467 1 
231571 55 
232851 243 
233332 702 
233839 141 
234552 1308 
234804 120 
237380 1239 
238186 54 
238931 314 
240089 268 
241745 385 
242135 248 
242479 15 
243232 128 
243278 139 
243978 82 
244138 694 
244151 478 
244199 235 
244295 393 
244313 1968 
244379 678 
244396 578 
244447 129 
244471 1944 
244502 314 
244650 325 
244731 18 
244761 164 
244916 466 
245678 299 
245829 571 
245916 1124 
245919 1118 
245989 1054 
246167 212 
246722 569 
247200 192 
247294 176 
247862 63 
249410 127 
250281 180 
250444 117 
251998 240 
252853 416 
254027 66 
254188 3 
254440 142 
255817 81 
256205 190 
257024 1245 
258637 33 
260903 54 
261463 132 
262558 94 
262604 494 
262754 462 
262950 193 
263200 279 
263286 420 
263513 65 
263794 66 
263852 376 
264385 409 
264584 57 
264614 148 
264677 281 
265215 143 
265317 130 
265486 147 
266022 79 
266350 11 
266383 85 
266587 296 
266596 12 
267624 16 
268669 129 
271152 91 
273016 77 
274611 169 
276318 150 
276600 86 
276916 268 
278702 454 
282286 5532 
283879 1443 
285922 65 
285927 167 
286547 388 
286610 145 
286782 549 
287058 293 
287197 446 
287229 315 
287824 27 
292477 778 
292721 440 
292849 205 
295501 403 
295572 322 
295878 73 
296002 138 
296179 258 
296214 213 
297255 1267 
299702 348 
302540 296 
303464 331 
303917 287 
304001 254 
305533 92 
306440 146 
306569 146 
306594 287 
306935 233 
308160 1791 
308186 158 
308350 450 
310487 4094 
310791 100 
311698 28 
312547 632 
312834 122 
314018 548 
316985 610 
317784 250 
318729 189 
321163 263 
327299 175 
330052 140 
330230 177 
330284 1196 
330914 28 
332543 1186 
333310 272 
333782 95 
333783 14 
335852 68 
337371 82 
337637 559 
340059 88 
341011 96 
347182 22 
347362 471 
353377 167 
358011 78 
359519 38 
366083 244 
376661 84 
380290 292 
381957 93 
382910 70 
383943 732 
386370 290 
386723 124 
389090 12 
389631 55 
391070 88 
392760 153 
392806 251 
395956 488 
396530 477 
397942 30 
398557 181 
398601 276 
398851 309 
399083 3 
399167 59 
399796 437 
401282 163 
402943 204 
402968 88 
409303 183 
409996 95 
411787 160 
413839 79 
414319 1314 
415861 421 
417418 252 
420941 0 
421399 75 
421407 126 
421493 345 
421537 234 
421622 131 
421628 655 
421638 30 
421659 25 
421804 137 
421879 259 
421884 287 
422380 479 
422503 157 
422504 493 
422517 604 
422687 1950 
423465 6495 
424073 587 
424238 380 
424895 436 
424930 349 
425365 62 
425546 357 
425883 173 
426380 35 
426633 110 
426705 210 
426812 22 
426860 562 
426890 328 
431300 1550 
434800 44 
439931 251 
443971 1678 
447524 2012 
450065 104 
451410 871 
452259 344 
452417 206 
452975 24 
453286 252 
453994 308 
454798 41 
455291 1426 
455513 150 
456749 341 
457137 362 
457663 540 
457697 133 
457890 1331 
463973 281 
464979 390 
467306 31 
471343 225 
471437 5 
472943 141 
473360 933 
473987 32 
477314 152 
479438 126 
479664 469 
480213 481 
481265 90 
481603 95 
481620 268 
481988 90 
481989 268 
482618 203 
483741 56 
483995 78 
484087 551 
484453 58 
484716 956 
484794 15 
486117 735 
486141 1787 
486359 843 
486594 283 
489412 352 
491586 994 
491959 900 
492374 169 
495202 2 
495835 391 
497702 11328 
498174 569 
498756 300 
505725 933 
506907 45 
507963 302 
510771 545 
510979 146 
513988 276 
515311 46 
516413 407 
517006 127 
521322 430 
524606 128 
525205 188 
553490 328 
553962 112 
556711 2 
572971 284 
574230 459 
577248 223 
577910 54 
578177 278 
578555 235 
579284 231 
582591 45 
584722 131 
585151 16 
585245 195 
588007 39 
589292 30 
590507 62 
590531 200 
591542 257 
593377 273 
596398 17 
