3471 9.09166666667
0 13453342 
6 130 
9 952 
10 246 
10 180 
11 1371 
12 90 
13 874 
14 1167 
14 4600 
16 97 
17 547 
18 19 
18 190 
18 40 
18 877 
18 614 
19 991 
19 854 
19 435 
19 896 
20 55 
21 841 
21 2567 
22 300 
23 1378 
23 491 
23 1177 
24 171 
24 98 
25 287 
25 261 
26 361 
26 1036 
27 503 
27 77 
28 260 
28 757 
28 1185 
28 635 
28 308 
29 30 
29 2424 
29 520 
30 568 
30 73 
31 76 
31 859 
32 263 
32 2822 
32 37 
33 221 
33 953 
33 632 
35 188 
35 444 
35 275 
35 406 
35 287 
36 781 
36 3196 
37 704 
37 438 
37 776 
38 264 
38 1178 
38 36 
39 3430 
39 21 
39 87 
40 401 
41 5556 
41 72 
42 432 
42 186 
43 1088 
43 7 
43 146 
43 1158 
44 1581 
44 225 
44 3 
46 588 
46 2196 
46 3762 
48 478 
48 557 
48 915 
49 1117 
49 29 
50 331 
51 218 
51 4194 
53 821 
53 472 
54 310 
54 453 
55 735 
55 1174 
56 28 
56 1087 
57 117 
57 727 
57 612 
57 87 
57 323 
58 895 
58 423 
58 1211 
59 424 
59 2133 
59 298 
60 1986 
60 3335 
60 1178 
61 790 
62 407 
62 932 
63 334 
64 959 
65 160 
66 168 
68 103 
69 326 
69 1401 
70 321 
70 1144 
72 1312 
72 939 
73 266 
73 61 
73 504 
73 1500 
75 87 
76 786 
76 1136 
77 4715 
79 60 
79 568 
79 6 
80 386 
83 613 
83 404 
84 1082 
85 650 
85 537 
85 10 
86 6642 
87 1189 
87 2972 
90 529 
90 712 
95 681 
96 1114 
96 2846 
96 628 
97 319 
97 229 
98 692 
98 5595 
98 447 
98 1069 
98 124 
99 586 
99 2108 
100 550 
101 391 
101 2141 
101 872 
102 13 
105 892 
105 621 
106 434 
106 969 
107 294 
107 1579 
108 809 
109 593 
109 768 
109 598 
111 515 
113 490 
115 76 
115 828 
115 189 
117 738 
117 37 
118 778 
120 1857 
121 323 
122 324 
124 153 
124 248 
125 1718 
126 178 
126 210 
129 433 
131 1858 
134 33750 
135 661 
135 2062 
136 21 
136 5 
137 250 
139 540 
139 4 
139 92 
140 3219 
141 330 
144 660 
145 1151 
146 1281 
146 127 
146 200 
147 1901 
149 36 
152 262 
152 479 
155 646 
156 185 
157 1072 
157 1262 
158 228 
158 621 
159 93 
160 1765 
162 44 
164 271 
165 98 
168 189 
168 289 
169 1097 
171 357 
174 3319 
174 540 
177 13 
179 326 
182 34 
182 1586 
183 2713 
183 469 
184 693 
185 916 
186 4572 
186 148 
187 477 
193 301 
195 1984 
195 363 
196 763 
197 1592 
198 354 
200 602 
200 657 
203 1584 
205 972 
209 2626 
210 1567 
213 1047 
214 139 
215 450 
216 560 
222 195 
223 292 
224 46 
225 1203 
230 146 
231 964 
233 532 
233 306 
239 220 
239 1857 
239 1231 
239 3950 
240 72 
245 76 
246 998 
250 119 
250 706 
250 3460 
250 79 
250 2337 
251 994 
252 89 
253 451 
255 392 
256 1908 
257 530 
258 125 
260 301 
265 313 
270 1488 
271 1649 
272 617 
272 1392 
275 1069 
276 45 
279 273 
280 1097 
280 1029 
281 57 
283 2350 
283 119 
291 1675 
291 3947 
351 92 
352 367 
353 1617 
355 224 
360 1257 
361 1205 
363 419 
364 525 
365 349 
367 27 
374 242 
379 9793 
382 837 
382 1084 
386 833 
386 136 
386 224 
387 0 
388 432 
388 1400 
389 881 
392 550 
392 3091 
393 420 
393 823 
394 8129 
407 409 
410 2554 
411 521 
417 1653 
418 165 
418 490 
419 1268 
424 94 
424 197 
425 29 
426 799 
426 1654 
426 1483 
428 2388 
432 782 
434 893 
435 427 
436 509 
445 626 
449 2552 
456 259 
457 2693 
458 305 
459 275 
460 924 
461 30 
461 40 
461 1763 
462 1122 
464 745 
466 1764 
466 1603 
471 22 
471 1379 
476 1252 
484 221 
487 220 
490 465 
491 76 
498 145 
499 1885 
507 1095 
509 423 
521 2017 
529 803 
531 419 
535 556 
538 529 
540 154 
541 415 
549 6373 
563 116 
564 10084 
565 339 
566 325 
568 3183 
575 1248 
578 7931 
579 1773 
582 1898 
585 2564 
586 2057 
592 2058 
592 421 
593 906 
594 3337 
597 1264 
598 440 
606 1226 
616 261 
618 810 
622 2441 
625 284 
628 131 
638 429 
639 983 
642 47 
645 140 
653 1011 
660 2869 
671 306 
688 1237 
689 872 
693 996 
693 159 
695 124 
700 591 
706 924 
710 71 
719 1262 
727 320 
731 1544 
734 6818 
734 816 
738 5691 
741 392 
742 10288 
804 441 
809 1018 
811 59 
820 385 
826 1255 
827 1861 
831 346 
831 15201 
834 60 
838 92 
843 2173 
852 77 
853 1179 
854 440 
858 228 
866 2349 
868 325 
872 444 
884 1582 
888 181 
891 164 
891 49 
893 5414 
897 495 
898 41104 
903 1515 
905 443 
915 405 
924 244 
941 399 
967 130 
970 1309 
970 920 
973 1664 
978 4608 
997 147 
999 2391 
1006 348 
1010 83 
1014 43 
1015 1236 
1017 1958 
1018 125 
1021 49 
1025 740 
1026 99 
1028 134 
1032 622 
1032 409 
1038 10 
1041 216 
1045 312 
1055 1239 
1063 550 
1065 554 
1076 148 
1076 2369 
1086 261 
1089 50 
1102 6260 
1112 1434 
1116 328 
1117 1058 
1119 898 
1120 174 
1126 804 
1134 1001 
1135 146 
1139 1397 
1154 362 
1156 194 
1163 539 
1221 728 
1227 362 
1228 114 
1232 507 
1246 209 
1255 502 
1260 8354 
1264 1401 
1274 1211 
1281 1250 
1281 139 
1289 19 
1296 1391 
1297 4 
1304 470 
1307 199 
1308 342 
1308 398 
1310 1603 
1318 1508 
1320 627 
1328 135 
1329 488 
1341 178 
1342 1299 
1355 284 
1364 1170 
1368 363 
1369 245 
1372 542 
1378 221 
1386 218 
1399 2938 
1405 420 
1421 1069 
1423 1272 
1423 899 
1424 399 
1424 76 
1430 2063 
1438 219 
1441 244 
1442 417 
1443 575 
1456 440 
1462 6549 
1463 399 
1470 2495 
1472 243 
1482 2493 
1483 510 
1486 212 
1489 262 
1493 1683 
1493 753 
1511 2861 
1512 9 
1515 233 
1515 212 
1518 2269 
1520 283 
1524 62 
1524 264 
1534 182 
1556 446 
1556 2138 
1560 4047 
1562 21 
1571 178 
1572 688 
1578 36 
1578 832 
1583 358 
1588 31 
1597 188 
1601 1300 
1603 411 
1664 1348 
1673 22 
1678 2572 
1683 679 
1684 1214 
1684 213 
1687 20 
1689 624 
1691 758 
1694 6 
1697 451 
1704 547 
1709 18 
1715 552 
1717 2799 
1725 8 
1725 2891 
1728 42 
1735 1336 
1736 248 
1741 320 
1743 433 
1744 270 
1745 1021 
1746 215 
1751 153 
1752 974 
1766 393 
1767 1491 
1769 86 
1770 733 
1775 1245 
1779 335 
1806 1263 
1808 71 
1808 78 
1811 902 
1814 1505 
1841 192 
1844 1154 
1847 735 
1847 577 
1848 599 
1848 13 
1858 70 
1858 1138 
1873 1102 
1876 1178 
1884 546 
1891 927 
1894 372 
1902 229 
1904 301 
1908 779 
1920 997 
1920 430 
1931 411 
1935 1049 
1936 450 
1945 1148 
1949 104 
1955 59 
1959 3536 
1971 315 
1972 1334 
1976 9 
1978 967 
1988 1072 
1989 821 
1993 1299 
1999 822 
2009 204 
2020 1566 
2026 2078 
2032 93 
2103 603 
2111 806 
2119 350 
2136 854 
2140 559 
2152 612 
2154 560 
2155 1060 
2157 838 
2158 1218 
2174 363 
2175 4570 
2188 929 
2191 2278 
2195 1342 
2196 75 
2199 244 
2201 62 
2210 684 
2211 685 
2213 147 
2214 23 
2234 202 
2244 96 
2261 7081 
2276 275 
2279 247 
2281 368 
2282 643 
2283 830 
2297 185 
2297 150 
2303 381 
2309 1316 
2310 1129 
2322 823 
2328 15 
2332 1927 
2342 10907 
2349 346 
2368 3023 
2370 123 
2371 75 
2383 583 
2387 219 
2399 202 
2399 449 
2402 1712 
2425 540 
2433 206 
2471 888 
2478 597 
2488 360 
2494 325 
2495 690 
2558 1402 
2558 19 
2559 1988 
2567 83 
2568 106 
2571 261 
2599 1020 
2599 1468 
2621 338 
2627 3409 
2641 761 
2647 1482 
2652 340 
2653 73 
2675 83 
2676 577 
2684 6092 
2694 648 
2696 86 
2696 1293 
2696 5742 
2701 202 
2715 1660 
2718 695 
2721 2164 
2727 179 
2731 2968 
2733 270 
2736 395 
2736 238 
2739 531 
2749 885 
2750 1317 
2750 628 
2754 760 
2755 702 
2760 1584 
2775 915 
2776 693 
2795 67 
2796 213 
2809 17 
2828 1021 
2831 123 
2836 429 
2839 794 
2839 975 
2844 360 
2846 247 
2854 1206 
2879 38 
2886 555 
2886 260 
2968 41 
2974 1594 
2980 270 
3015 416 
3030 169 
3032 1837 
3052 585 
3065 1834 
3095 26 
3096 1091 
3110 1891 
3113 122 
3113 21 
3121 1368 
3128 516 
3135 1367 
3207 475 
3208 62 
3218 199 
3228 165 
3259 599 
3264 192 
3266 756 
3280 185 
3288 1 
3290 449 
3297 1 
3299 221 
3303 46 
3313 517 
3315 1025 
3328 251 
3328 759 
3329 149 
3357 565 
3369 125 
3409 228 
3417 8444 
3442 567 
3462 802 
3529 234 
3541 210 
3550 162 
3552 430 
3571 44 
3580 1798 
3585 735 
3587 765 
3597 508 
3600 1665 
3633 648 
3640 484 
3645 558 
3655 1743 
3665 145 
3667 36 
3675 1032 
3677 837 
3696 189 
3718 1987 
3724 1047 
3748 526 
3750 4678 
3757 317 
3772 1882 
3806 22 
3812 1804 
3880 109 
3897 3342 
3907 485 
3922 252 
3923 1914 
3927 535 
3950 1714 
3954 4 
3956 325 
3964 154 
3973 1035 
3976 6820 
3978 71 
3983 922 
4013 3472 
4016 1147 
4027 166 
4045 2411 
4045 603 
4046 12 
4046 527 
4058 125 
4070 3616 
4138 105 
4143 1294 
4165 154 
4187 118 
4194 541 
4210 158 
4225 131 
4225 305 
4232 1366 
4239 556 
4255 595 
4256 1421 
4268 98 
4343 374 
4382 365 
4388 74 
4400 1069 
4420 20 
4483 839 
4493 660 
4500 179 
4502 9196 
4510 1263 
4573 292 
4584 770 
4584 644 
4609 1307 
4632 75 
4634 97 
4662 297 
4670 384 
4694 598 
4698 178 
4699 306 
4721 130 
4727 193 
4730 559 
4737 128 
4766 665 
4793 330 
4823 402 
4877 269 
4891 4636 
4912 604 
4984 2535 
4986 1070 
4989 2517 
4992 50 
5067 2922 
5108 2894 
5132 552 
5148 342 
5161 79 
5162 88 
5186 1298 
5198 497 
5208 89 
5217 2187 
5225 1239 
5233 281 
5248 800 
5251 30 
5251 1186 
5261 614 
5280 24 
5297 4 
5306 3000 
5308 853 
5316 402 
5323 30 
5331 362 
5350 379 
5356 551 
5378 949 
5385 838 
5387 933 
5388 1532 
5417 943 
5418 982 
5423 527 
5475 714 
5482 131 
5490 66 
5544 5231 
5568 1626 
5576 322 
5582 1091 
5582 3350 
5595 13 
5598 1602 
5598 423 
5607 309 
5633 182 
5637 1557 
5733 1677 
5736 2022 
5748 257 
5749 374 
5757 1031 
5766 714 
5797 304 
5818 2254 
5822 339 
5865 209 
5888 418 
5923 1670 
5944 41 
5950 299 
5956 974 
6019 134 
6033 682 
6051 383 
6069 377 
6080 1182 
6084 46 
6089 729 
6093 101 
6101 1641 
6115 101 
6136 249 
6138 42 
6141 1230 
6159 520 
6164 1489 
6174 138 
6183 191 
6196 181 
6198 229 
6260 656 
6265 641 
6287 246 
6337 88 
6382 220 
6413 410 
6452 1230 
6461 49 
6480 352 
6536 1222 
6541 255 
6569 1103 
6592 1517 
6605 445 
6617 628 
6687 227 
6692 296 
6700 1496 
6703 381 
6731 307 
6740 13669 
6744 629 
6746 910 
6815 321 
6816 49 
6826 1494 
6829 328 
6861 165 
6864 954 
6878 1154 
6879 298 
6909 1629 
6920 98 
6951 43 
6972 339 
6979 126 
6981 5571 
7013 265 
7013 811 
7040 610 
7047 1368 
7087 30 
7090 179 
7124 685 
7143 2373 
7162 200 
7162 635 
7190 143 
7194 770 
7221 499 
7281 1005 
7305 1101 
7306 248 
7344 83 
7363 1212 
7365 135 
7390 890 
7394 80 
7434 1831 
7439 125 
7465 585 
7486 1267 
7495 419 
7500 546 
7519 23 
7532 114 
7533 433 
7542 4021 
7546 27 
7572 148 
7624 469 
7629 65 
7633 943 
7642 999 
7721 57 
7722 268 
7735 2515 
7741 263 
7745 22 
7757 1408 
7775 663 
7823 2033 
7845 73 
7916 638 
7926 1174 
7933 834 
7934 656 
7937 926 
7963 1534 
7981 265 
7999 408 
8007 36 
8011 1910 
8017 3299 
8060 384 
8070 15 
8077 1 
8078 232 
8081 74 
8084 194 
8114 1736 
8119 1205 
8130 139 
8141 113 
8148 960 
8148 5372 
8189 175 
8192 617 
8208 2033 
8231 489 
8244 131 
8281 233 
8318 1129 
8321 277 
8329 466 
8333 1265 
8337 1613 
8374 433 
8379 317 
8380 359 
8381 30 
8406 95 
8407 120 
8424 232 
8501 30 
8501 256 
8516 0 
8551 616 
8596 1409 
8659 193 
8691 2153 
8716 146 
8718 5900 
8796 212 
8816 229 
8821 204 
8831 830 
8833 60 
8852 593 
8858 2327 
8873 960 
8882 226 
8904 69 
8922 317 
8943 675 
8962 1317 
8968 804 
9018 928 
9030 274 
9031 1190 
9063 1612 
9081 1578 
9082 24 
9098 133 
9100 2593 
9119 8 
9154 858 
9189 341 
9203 92 
9204 3927 
9208 1976 
9225 1220 
9236 1576 
9236 1576 
9268 380 
9268 380 
9303 370 
9339 371 
9378 317 
9388 323 
9398 212 
9426 181 
9427 9052 
9429 114 
9462 9836 
9478 169 
9511 400 
9524 1440 
9525 931 
9552 43 
9562 945 
9660 147 
9661 597 
9693 223 
9725 3445 
9743 2250 
9758 656 
9778 11 
9840 816 
9843 298 
9856 60 
9859 723 
9863 1925 
9879 67 
9880 867 
9883 59 
9883 173 
9918 115 
9976 1228 
10050 4528 
10073 167 
10149 639 
10151 159 
10165 151 
10167 11 
10203 24 
10214 1504 
10230 308 
10248 19 
10309 86 
10335 538 
10345 2242 
10378 599 
10388 667 
10455 685 
10484 19 
10533 338 
10533 234 
10575 785 
10582 6618 
10590 1755 
10616 706 
10653 280 
10664 309 
10684 1970 
10694 238 
10702 164 
10729 1007 
10734 312 
10746 255 
10764 201 
10813 6534 
10818 1012 
10890 1578 
10894 166 
10895 189 
10934 261 
10944 1507 
10966 704 
11005 112 
11041 518 
11092 622 
11122 6151 
11125 5446 
11171 70 
11175 127 
11228 1583 
11342 261 
11362 1683 
11506 26985 
11518 1251 
11522 915 
11534 131 
11548 1537 
11555 73 
11609 147 
11618 1728 
11627 351 
11720 239 
11734 291 
11765 56 
11813 646 
11820 711 
11883 132 
11885 484 
11938 120 
11946 1159 
11992 509 
12005 448 
12017 793 
12031 56 
12039 321 
12043 261 
12096 1077 
12198 91 
12219 121 
12275 1759 
12275 118 
12307 19 
12318 64 
12414 589 
12470 21 
12476 3 
12649 584 
12775 286 
12784 476 
12804 2333 
12806 45 
12833 80 
12835 515 
12873 1835 
12940 937 
13026 788 
13064 149 
13101 1635 
13123 1162 
13149 2117 
13160 919 
13218 38 
13230 1452 
13259 309 
13263 1276 
13346 112 
13374 23 
13455 685 
13460 628 
13484 296 
13522 665 
13537 585 
13541 15702 
13601 2361 
13697 4321 
13699 172 
13701 417 
13707 2139 
13718 1690 
13737 389 
13777 239 
13810 3259 
13814 8085 
13916 242 
13957 82 
13970 305 
14067 438 
14080 1263 
14112 949 
14141 1092 
14161 1168 
14172 5518 
14174 2484 
14200 6765 
14316 535 
14399 2828 
14417 43 
14427 485 
14471 943 
14509 64 
14575 864 
14615 1019 
14645 903 
14653 83 
14790 1548 
14805 483 
14808 1221 
14823 8449 
14837 632 
14871 908 
14967 233 
14978 1487 
14985 1248 
15039 625 
15081 356 
15136 6919 
15164 359 
15165 6499 
15227 1876 
15336 1410 
15422 2898 
15484 145 
15568 826 
15575 196 
15594 688 
15722 286 
15735 1989 
15760 435 
15773 791 
15855 115 
16007 1076 
16135 59 
16189 477 
16214 302 
16223 1283 
16418 5146 
16427 2124 
16456 6351 
16466 2060 
16485 1024 
16539 71 
16553 978 
16567 1381 
16572 169 
16581 1451 
16611 66 
16631 58 
16644 35 
16668 359 
16679 32 
16688 562 
16715 1043 
16742 948 
16756 202 
16813 3978 
16816 972 
16818 594 
16854 1454 
16907 537 
16993 15747 
17009 557 
17096 35 
17108 445 
17194 1233 
17322 754 
17353 788 
17407 481 
17425 203 
17426 1323 
17452 509 
17457 499 
17536 3327 
17577 612 
17616 296 
17639 2783 
17644 385 
17708 162 
17808 719 
17815 3096 
17846 175 
17876 416 
17879 852 
17901 360 
17931 106 
17932 6132 
17935 1437 
18009 820 
18088 18 
18401 983 
18415 1950 
18468 794 
18526 11312 
18531 1411 
18548 834 
18570 642 
18656 180 
18730 1697 
18741 315 
18778 473 
18783 1230 
18794 544 
18795 1135 
18810 441 
18822 1513 
18827 1030 
18850 1242 
18916 78 
18949 550 
18980 921 
18983 767 
19031 373 
19053 184 
19094 2277 
19141 685 
19143 490 
19152 1236 
19176 1184 
19252 2081 
19262 361 
19293 3991 
19343 558 
19375 1597 
19375 727 
19445 1136 
19458 1476 
19461 674 
19654 212 
19674 3645 
19747 352 
19753 21 
19756 720 
19757 483 
19778 1052 
19820 1105 
19847 128 
19861 60 
19871 120 
19873 106 
19883 254 
19910 849 
19917 1211 
19926 125 
19933 129 
19988 147 
20022 1328 
20027 84 
20028 321 
20031 2092 
20043 492 
20058 757 
20088 2085 
20103 2063 
20145 143 
20147 180 
20173 666 
20186 926 
20224 521 
20226 2605 
20243 1398 
20252 1455 
20255 1266 
20334 1156 
20349 932 
20426 466 
20426 1186 
20463 2065 
20466 4159 
20491 164 
20511 918 
20541 505 
20584 482 
20603 155 
20629 2088 
20671 107 
20676 282 
20684 315 
20721 338 
20736 413 
20758 1379 
20760 42 
20831 204 
20870 2937 
20907 210 
20914 325 
20916 560 
20965 2408 
20972 1118 
21006 2079 
21048 162 
21190 409 
21222 637 
21245 2878 
21248 1063 
21336 609 
21337 1024 
21341 228 
21347 363 
21352 1398 
21399 528 
21404 223 
21438 1134 
21492 318 
21503 1065 
21520 581 
21534 1436 
21549 531 
21598 394 
21598 1835 
21606 662 
21629 788 
21633 365 
21637 751 
21730 850 
21753 4384 
21763 638 
21868 2621 
21880 343 
21932 312 
21941 359 
22000 827 
22108 1623 
22124 1045 
22154 340 
22165 857 
22179 16 
22232 768 
22234 564 
22318 165 
22331 338 
22363 836 
22377 155 
22420 185 
22429 1275 
22432 695 
22440 110 
22440 935 
22443 937 
22460 745 
22475 522 
22484 581 
22505 888 
22523 256 
22567 241 
22569 1416 
22579 2146 
22581 917 
22613 837 
22634 106 
22686 420 
22730 1279 
22730 561 
22811 1366 
22837 58 
22882 2826 
22888 1128 
22901 937 
22953 132 
22961 1442 
23012 126 
23030 1077 
23063 1704 
23075 1547 
23094 128 
23132 588 
23151 935 
23224 1277 
23240 731 
23245 863 
23281 888 
23287 453 
23297 607 
23297 2308 
23326 859 
23331 2358 
23390 6978 
23416 15 
23419 1137 
23455 687 
23460 1710 
23513 212 
23530 608 
23556 884 
23593 817 
23622 1992 
23668 1877 
23717 581 
23733 174 
23742 1109 
23763 904 
23770 831 
23780 1358 
23802 1141 
23805 255 
23848 521 
23851 743 
23884 852 
23904 834 
23905 560 
23916 966 
23921 279 
23952 802 
24266 1378 
24333 263 
24333 1191 
24412 270 
24434 4451 
24439 852 
24454 750 
24465 1114 
24470 335 
24492 420 
24494 103 
24534 394 
24553 2637 
24594 707 
24640 127 
24645 22 
24670 126 
24702 425 
24709 783 
24732 190 
24749 679 
24756 151 
24805 84 
24853 500 
24871 1504 
24882 1952 
24885 962 
24891 494 
24897 1052 
24918 378 
24966 1117 
25003 350 
25023 4130 
25029 943 
25045 803 
25048 637 
25066 1242 
25118 1417 
25130 1445 
25152 3252 
25255 1523 
25263 1287 
25308 1279 
25309 1314 
25321 879 
25334 1378 
25429 512 
25450 15 
25472 594 
25481 1623 
25492 1316 
25519 13906 
25535 745 
25539 363 
25568 655 
25684 1180 
25686 771 
25697 466 
25698 148 
25716 170 
25725 651 
25766 178 
25815 114 
25824 88 
25849 677 
25866 3888 
25921 1057 
25961 651 
25991 1169 
26018 2190 
26076 210 
26094 4641 
26096 4808 
26099 2174 
26103 431 
26104 4640 
26119 1171 
26157 561 
26186 60 
26189 420 
26198 5937 
26227 137 
26251 144 
26301 61 
26333 537 
26339 1020 
26385 276 
26426 349 
26464 25 
26517 132 
26531 1108 
26584 579 
26605 539 
26609 966 
26634 541 
26655 701 
26661 1209 
26663 87 
26670 860 
26695 252 
26741 1155 
26777 1187 
26787 333 
26803 1101 
26804 1396 
26821 829 
26824 256 
26832 712 
26838 1039 
26840 1015 
26857 980 
26869 668 
26887 815 
26900 1083 
26950 696 
26962 257 
26990 769 
26991 5 
27016 934 
27017 901 
27041 2125 
27062 815 
27071 1165 
27111 2037 
27173 1200 
27178 2395 
27199 820 
27204 857 
27210 352 
27331 544 
27345 4257 
27365 1986 
27452 802 
27479 1262 
27482 9261 
27503 368 
27525 254 
27548 1918 
27607 401 
27666 404 
27670 948 
27674 1268 
27695 617 
27695 617 
27791 183 
27822 1269 
27831 370 
27843 588 
27856 138 
27866 1361 
27884 2448 
27888 744 
27899 1046 
27926 862 
27929 70 
27936 110 
27979 344 
27998 1197 
28001 333 
28006 596 
28060 852 
28080 362 
28083 702 
28103 179 
28129 96 
28149 192 
28161 1116 
28166 1813 
28193 3652 
28199 1733 
28225 365 
28225 87 
28228 115 
28262 184 
29832 1586 
29851 652 
29870 859 
29882 1597 
29891 1256 
29901 100 
29958 629 
29986 1910 
29990 324 
29992 866 
29996 1454 
29997 1492 
30007 343 
30020 436 
30080 144 
30137 1019 
30177 1702 
30204 632 
30225 217 
30244 801 
30253 807 
30260 332 
30269 443 
30311 282 
30393 230 
30395 108 
30453 4972 
30483 919 
30536 1686 
30537 2843 
30555 1965 
30593 29 
30607 2772 
30617 406 
30643 8849 
30663 92 
30665 1168 
30689 1127 
30696 8652 
30737 1787 
30747 1186 
30775 4238 
30805 732 
30823 114 
30853 644 
30872 1998 
30885 251 
30901 181 
30920 228 
30929 1135 
30986 3740 
31010 2877 
31017 27 
31062 3134 
31091 2330 
31113 1192 
31125 916 
31129 2741 
31149 826 
31155 230 
31187 416 
31206 1314 
31219 329 
31242 300 
31274 1988 
31325 921 
31364 87 
31369 135 
31410 94 
31419 1912 
31468 2762 
31481 1175 
31504 680 
31591 169 
31594 689 
31621 1394 
31638 2172 
31706 607 
31710 124 
31711 69 
31767 298 
31809 47 
31820 548 
31845 1017 
31865 222 
31865 2519 
31872 1365 
31916 134 
31972 1191 
32099 1230 
32106 2084 
32143 57 
32210 146 
32220 719 
32238 2452 
32303 235 
32307 1183 
32308 228 
32349 31 
32352 185 
32367 1954 
32433 1439 
32434 51 
32444 11542 
32472 1133 
32492 2460 
32492 564 
32496 1084 
32496 1514 
32513 3076 
32528 1289 
32562 1226 
32566 326 
32689 588 
32692 597 
32728 7308 
32780 1136 
32797 350 
32866 519 
32887 81 
32940 2035 
32941 156 
32993 77 
33016 659 
33026 359 
33046 577 
33066 806 
33147 158 
33160 1558 
33183 587 
33214 772 
33233 276 
33257 722 
34151 634 
34154 1137 
34214 4056 
34217 565 
34227 1138 
34230 1627 
34290 1060 
34316 750 
34324 93 
34373 1227 
34386 269 
34395 344 
34437 2755 
34567 374 
34596 645 
34627 52 
34647 1325 
34684 492 
34693 157 
34702 46 
34704 2218 
34715 688 
34729 1391 
34743 2804 
34827 2664 
34921 811 
34927 2352 
34954 122 
34992 623 
35019 534 
35020 100 
35026 393 
35034 123 
35038 1039 
35058 53 
35071 953 
35105 832 
35111 317 
35125 312 
35128 943 
35154 668 
35168 774 
35179 836 
35204 237 
35239 2249 
35245 750 
35272 1849 
35274 1546 
35275 447 
35277 14 
35410 940 
35429 6565 
35456 975 
35493 620 
35499 521 
35512 545 
35519 768 
35539 536 
35544 871 
35554 1231 
35560 160 
35570 1789 
35581 4488 
35581 2277 
35598 52 
35602 1040 
35605 2732 
35609 1005 
35657 936 
35667 74 
35694 1183 
35732 306 
35754 546 
35776 1004 
35804 4564 
35813 3024 
35819 1752 
35843 2838 
35856 757 
35916 18 
35919 1476 
35934 214 
36003 467 
36096 198 
36113 949 
36117 300 
36128 662 
36145 2909 
36182 163 
36210 920 
36212 691 
36253 583 
36340 721 
36423 814 
36435 132 
36456 318 
36472 127 
36503 89 
36508 331 
36510 1242 
36533 347 
36543 95 
36567 24 
36641 297 
36642 1799 
36710 775 
36776 1644 
36779 540 
36799 721 
36857 767 
36894 186 
36905 1647 
37092 305 
37184 46094 
37196 2524 
37265 168 
37270 925 
37272 1772 
37297 208 
37321 840 
37327 196 
37330 6429 
37351 1605 
37430 19 
38741 404 
38746 327 
38757 378 
38867 2545 
38894 52 
38932 17 
39029 1074 
39031 106 
39039 2409 
39082 339 
39115 58 
39123 80 
39221 9 
39222 8049 
39233 1787 
39239 224 
39247 762 
39378 1253 
39379 248 
39511 328 
39517 1713 
39517 7434 
39534 611 
39538 655 
39586 2606 
39646 1244 
39647 498 
39757 506 
39764 663 
39773 424 
39788 287 
39801 34 
39843 1170 
39887 1654 
39891 25 
39895 147 
39907 3629 
39924 3263 
39981 753 
40004 110 
40114 1189 
40114 1189 
40139 1851 
40139 1851 
40151 2903 
40151 2903 
40164 1252 
40177 1090 
40183 244 
40198 16 
40206 170 
40224 5019 
40253 1288 
40257 82 
40264 55 
40279 981 
40293 861 
40332 1406 
40341 530 
40360 4326 
40369 948 
40403 52 
40411 291 
40444 2155 
40450 713 
40476 208 
40492 1053 
40499 99 
40513 393 
40518 1034 
40525 365 
40531 503 
40552 484 
40559 3404 
40615 644 
40654 486 
40659 191 
40743 383 
40827 216 
40831 1180 
40833 125 
40840 265 
40877 811 
40886 1659 
40888 662 
40898 2279 
40899 410 
40941 860 
40944 877 
40956 83 
40988 389 
40995 873 
41033 762 
41053 992 
41151 767 
41155 1275 
41178 3430 
41202 142 
41226 111 
41233 191 
41266 243 
41295 2721 
41334 66 
41340 1149 
41350 480 
41355 1850 
41480 201 
41505 11 
41511 149 
41513 114 
41653 583 
41667 498 
41770 17676 
41771 1136 
41775 1064 
41825 503 
41875 91 
41877 1614 
41928 39 
42058 879 
42086 205 
42093 99 
42099 2095 
42106 252 
42146 24 
42168 1025 
42171 992 
42245 434 
42538 275 
42625 607 
42628 346 
42657 1494 
42659 5229 
42659 7254 
42725 215 
42730 504 
42733 1073 
42739 448 
42747 239 
42761 114 
42771 173 
42901 194 
42907 2787 
42910 3757 
42969 1066 
42977 630 
42978 1583 
43084 418 
43085 1337 
43169 449 
43175 508 
43182 445 
43187 264 
43217 764 
43245 1096 
43264 1317 
43271 898 
43296 302 
43307 661 
43310 633 
43393 1603 
43394 214 
43408 834 
43409 1670 
43428 7605 
43450 1578 
43459 1358 
43485 189 
43570 1504 
43576 372 
43592 1604 
43618 425 
43628 649 
43644 194 
43653 300 
43676 45 
43693 79 
43701 251 
43738 1442 
43749 2593 
43773 1028 
43850 431 
43866 6368 
43904 69 
43906 482 
43932 1301 
43948 135 
43965 415 
43978 888 
43986 426 
44053 598 
44072 282 
44218 14222 
44238 331 
44240 2932 
44241 338 
44252 54 
44258 1119 
44308 870 
44309 450 
44379 12444 
44398 756 
44412 61 
44424 87 
44444 2357 
44444 364 
44454 1255 
44473 139 
44485 735 
44495 28 
44498 636 
44552 1127 
44571 1595 
44735 416 
44783 14 
44784 3305 
44788 1950 
44835 58 
44936 131 
44982 1038 
45028 61 
45062 1651 
45115 526 
45117 831 
45227 903 
45244 77 
45252 52 
45253 3419 
45280 5267 
45334 287 
45420 675 
45511 255 
45532 343 
45535 1094 
45553 398 
45557 229 
45564 105 
45577 535 
45642 1182 
45648 237 
45656 247 
45657 2945 
45681 7947 
45716 119 
45729 90 
45798 336 
45890 280 
45907 3529 
45926 20 
46059 277 
46117 1886 
46122 1883 
46154 2318 
46157 95 
46239 531 
46321 209 
46334 131 
46402 466 
46421 1506 
46431 532 
46434 1201 
46481 370 
46502 487 
46512 892 
46526 800 
46618 141 
46664 690 
46852 3566 
46859 8 
46869 476 
46873 522 
46894 664 
46898 240 
46965 56 
46994 1943 
47027 3583 
47044 1136 
47048 970 
47117 453 
47134 27 
47156 315 
47178 689 
47202 563 
47219 1824 
47222 586 
47324 1919 
47392 298 
47491 177 
47523 153 
47555 443 
47612 1172 
47708 1031 
47710 469 
47736 330 
47740 1228 
47742 8505 
47928 78 
47968 1280 
47976 381 
47986 67 
48044 1198 
48070 4042 
48073 1042 
48076 1068 
48081 6490 
48084 1310 
48099 319 
48124 2252 
48124 133 
48140 68 
48222 593 
48224 242 
48233 110 
48239 22 
48245 233 
48264 62 
48271 82 
48275 2575 
48298 701 
48395 1443 
48406 4383 
48413 453 
48415 205 
48442 23 
48454 157 
48471 371 
48486 1940 
48558 526 
48589 376 
48613 24 
48638 706 
48648 532 
48825 1204 
48842 543 
48963 4 
48998 1706 
49014 883 
49015 796 
49118 230 
49145 1092 
49347 38 
49385 848 
49484 101 
49485 1196 
49486 1123 
49488 279 
49509 0 
49537 275 
49542 305 
49552 602 
49558 2072 
49645 387 
49659 852 
49681 130 
49795 784 
49811 429 
49815 662 
49824 1550 
49840 860 
49856 679 
49902 251 
50025 1244 
50059 747 
50072 806 
50132 1304 
50149 557 
50155 24 
50203 733 
50213 367 
50319 1187 
50348 106 
50369 1302 
50403 412 
50490 83 
50494 817 
50593 245 
50611 512 
50626 378 
50647 61 
50656 1771 
50658 119 
50664 109 
50753 73 
50802 2394 
50803 341 
50841 23 
50926 331 
50944 92 
50945 17 
50972 25 
51042 642 
51122 794 
51135 4118 
51140 2325 
51165 1006 
51188 1470 
51217 707 
51224 237 
51243 648 
51311 591 
51316 366 
51342 84 
51350 162 
51373 549 
51412 1491 
51423 1722 
51431 665 
51452 440 
51453 505 
51520 1947 
51550 1411 
51586 165 
51615 555 
51663 870 
51723 375 
51746 632 
51786 1661 
51841 22 
51846 32 
51856 1377 
51954 3572 
51996 188 
51999 2233 
52026 1039 
52034 628 
52043 894 
52212 627 
52264 640 
52366 138 
52376 447 
52388 8761 
52463 52 
52468 320 
52494 312 
52496 2101 
52571 277 
52617 924 
52618 2774 
52629 1044 
52650 734 
52681 1730 
52690 1508 
52775 543 
52906 646 
52993 885 
53033 24 
53047 395 
53095 264 
53208 617 
53227 606 
53242 1129 
53269 1708 
53296 70 
53308 6 
53389 109 
53404 47 
53410 133 
53438 1985 
53448 184 
53467 235 
53469 146 
53516 365 
53590 1007 
53665 85 
53687 1175 
53714 270 
53832 622 
53854 2005 
53887 357 
53901 3219 
53916 663 
54031 859 
54038 486 
54048 385 
54060 136 
54061 92 
54089 562 
54181 1026 
54183 164 
54197 628 
54237 716 
54259 105 
54321 26 
54422 275 
54433 1252 
54439 812 
54450 827 
54469 308 
54474 728 
54484 785 
54486 1491 
54488 401 
54517 289 
54523 1106 
54542 427 
54587 56 
54711 785 
54726 167 
54797 243 
54850 796 
54854 508 
54919 25 
54998 3575 
55009 721 
55014 28 
55047 71 
55066 630 
55178 2962 
55180 1502 
55220 3 
55295 886 
55314 156 
55317 573 
55322 2398 
55326 1282 
55337 350 
55339 708 
55464 390 
55496 413 
55522 154 
55532 1190 
55536 1859 
55565 14 
55575 1440 
55594 549 
55710 1147 
55722 290 
55735 356 
55747 1466 
55750 153 
55756 999 
55760 738 
55779 845 
55780 323 
55817 36 
55833 1149 
55870 167 
55995 503 
56027 451 
56057 73 
56105 1219 
56137 12739 
56167 72 
56182 902 
56183 386 
56198 228 
56377 25 
56393 135 
56438 155 
56443 376 
56515 1408 
56605 200 
56614 190 
56663 113 
56669 115 
56700 182 
56772 3494 
56774 467 
56824 688 
56854 926 
56874 650 
57110 871 
57283 1268 
57488 656 
57494 3510 
57540 451 
57569 711 
57572 1297 
57600 4233 
57605 1803 
57607 554 
57692 289 
57725 1367 
57775 389 
57819 810 
57907 794 
57933 1074 
57948 99 
57951 877 
57959 242 
57991 1411 
58000 507 
58005 337 
58040 346 
58053 138 
58055 615 
58156 22 
58173 1185 
58270 787 
58397 1046 
58538 1181 
58591 617 
58773 237 
58801 792 
58810 192 
58813 347 
58814 1980 
58850 118 
58899 677 
58918 2325 
59004 1622 
59024 702 
59119 160 
59125 7444 
59310 562 
59351 1367 
59356 468 
59397 1186 
59482 488 
59504 877 
59648 162 
59679 271 
59680 825 
59692 571 
59733 905 
59736 70 
59775 81 
59788 2778 
59807 39 
59839 1280 
59903 928 
59903 282 
59932 581 
60003 1306 
60030 849 
60052 66 
60063 314 
60103 1452 
60184 167 
60199 537 
60220 662 
60222 237 
60295 481 
60301 1396 
60309 1658 
60336 1521 
60588 59 
60595 628 
60598 1398 
60607 851 
60619 8 
60643 193 
60729 7 
60733 5014 
60751 374 
60754 2023 
60798 948 
60941 670 
60964 1513 
60986 1441 
61086 1390 
61334 2247 
61400 213 
61405 574 
61427 240 
61431 73 
61456 816 
61466 95 
61541 1146 
61547 202 
61572 5 
61602 205 
61619 145 
61641 648 
61646 176 
61667 239 
61845 755 
61873 1719 
61910 978 
62001 174 
62058 6 
62071 192 
62082 433 
62082 16 
62083 1038 
62139 172 
62166 841 
62232 46 
62233 100 
62239 233 
62242 425 
62277 438 
62288 359 
62303 629 
62322 1065 
62347 38 
62352 136 
62496 1504 
62499 317 
62511 733 
62534 518 
62568 16 
62616 98 
62618 609 
62686 1855 
62687 1438 
62712 18 
62728 3651 
62767 0 
62775 334 
62792 866 
62793 450 
62810 1029 
62816 652 
62826 766 
62931 562 
62997 160 
63076 431 
63102 206 
63150 950 
63155 12 
63164 1057 
63168 336 
63255 267 
63296 2123 
63461 602 
63462 1259 
63473 254 
63563 1070 
63637 38 
63654 1780 
63659 392 
63665 845 
63749 518 
63855 3281 
64006 1367 
64008 1032 
64083 405 
64126 120 
64126 857 
64128 576 
64223 158 
64423 1161 
64429 41 
64474 69 
64556 115 
64640 13 
64642 2631 
64647 4893 
64718 149 
64799 507 
64960 280 
65017 473 
65046 1773 
65133 1369 
65212 755 
65270 2621 
65299 2979 
65322 3571 
65324 903 
65473 151 
65523 2115 
65533 749 
65557 15 
65654 863 
65703 1153 
65707 65 
65744 1529 
65787 207 
65818 842 
65847 138 
65871 1049 
65873 1083 
65880 972 
65953 141 
65988 144 
66052 929 
66118 1788 
66125 513 
66171 58 
66288 1485 
66364 156 
66370 6643 
66472 239 
66499 104 
66625 758 
66630 327 
66755 4193 
66760 357 
66890 469 
66897 1298 
66924 118 
66934 211 
66956 1590 
66970 1091 
66971 81 
67009 87 
67022 1550 
67076 2446 
67189 4828 
67245 1066 
67270 35 
67324 1335 
67337 863 
67359 1575 
67368 850 
67386 509 
67386 1052 
67435 32 
67447 139 
67585 52 
67633 388 
67641 416 
67680 972 
67839 1632 
67840 1044 
67923 407 
67928 195 
67975 983 
67981 737 
68016 153 
68187 1137 
68199 355 
68231 944 
68320 361 
68329 3806 
68370 98 
68539 280 
68540 590 
68558 1396 
68581 154 
68618 697 
68639 236 
68655 1266 
68657 169 
68687 1578 
68869 1476 
68966 2116 
69023 741 
69091 1214 
69096 3501 
69202 395 
69242 1585 
69247 3648 
69257 531 
69438 2925 
69439 2732 
69462 750 
69537 133 
69582 1532 
69583 818 
69689 775 
69776 418 
69960 440 
69976 2156 
69979 712 
70040 594 
70257 693 
70334 1308 
70444 191 
70449 31 
70561 648 
70567 4 
70631 180 
70664 1102 
70863 773 
70917 69 
71156 3350 
71238 1680 
71278 323 
71406 105 
71690 1441 
71750 150 
71758 752 
71774 225 
71815 1539 
71836 170 
71839 437 
71946 964 
71966 10 
72228 566 
72425 646 
72438 101 
72458 22 
72614 1871 
72631 208 
72634 289 
72647 540 
72751 997 
72821 721 
72900 909 
73100 344 
73192 130 
73214 563 
73311 27 
73379 486 
73653 592 
73679 1395 
73692 151 
73705 235 
73734 1050 
73783 378 
74118 688 
74141 39 
74252 557 
74255 58 
74293 354 
74329 181 
74459 250 
74608 1017 
74687 1596 
74741 2177 
74752 836 
74864 1058 
74908 770 
75076 68 
75097 326 
75111 70 
75112 358 
75264 231 
75431 1056 
75476 170 
75656 392 
75758 839 
75856 320 
75893 1551 
75965 324 
75969 64 
76111 84 
76130 175 
76274 842 
76320 1117 
76549 99 
76677 445 
76696 3904 
76758 195 
76960 10 
76998 1153 
77028 134 
77059 182 
77249 415 
77273 506 
77315 785 
77547 1357 
77645 525 
77900 92 
77901 192 
77955 1443 
78073 756 
78258 3090 
78419 512 
78439 13 
78491 1309 
78665 446 
78817 1013 
78922 883 
78954 535 
79036 55 
79069 1271 
79229 703 
79621 285 
79691 829 
79727 1237 
79730 140 
79745 926 
79761 196 
80045 20 
80163 57 
80368 254 
80564 703 
80600 1265 
80606 22 
80608 723 
80660 1143 
80703 111 
80742 511 
80817 158 
81065 98 
81218 922 
81354 975 
81395 769 
81406 1316 
81427 1967 
81653 1376 
81745 2901 
81767 1956 
81840 4202 
81847 122 
81869 285 
82174 1893 
82198 1960 
82219 278 
83215 751 
83250 207 
83259 157 
83371 91 
83404 22 
83586 119 
83600 176 
83618 96 
83662 471 
83671 3095 
83695 387 
83742 14 
84016 1240 
84101 169 
84116 712 
84159 1675 
84160 251 
84231 378 
84239 1917 
84489 416 
84761 811 
84991 415 
84993 27021 
85125 2415 
85135 5594 
85184 748 
85360 1155 
85899 857 
85915 362 
85989 2489 
86103 705 
86611 272 
86651 792 
86817 514 
86940 785 
86942 485 
87188 576 
87343 1630 
88004 831 
88319 39 
88350 816 
88538 1709 
88539 359 
88641 1538 
88659 2327 
88755 373 
89183 2113 
89364 588 
89795 797 
89883 27 
89914 810 
90520 912 
90620 491 
91088 382 
91144 145 
91730 333 
92023 498 
92068 279 
92369 132 
92369 860 
92406 566 
92541 47 
92985 1733 
93827 904 
94373 447 
94469 622 
94713 62 
94782 19 
94806 645 
94836 8667 
95071 370 
95428 236 
95669 25 
95939 251 
96639 86 
96971 105 
97272 1127 
97501 866 
97765 12 
98296 251 
98378 21 
98579 105 
98652 439 
98767 114 
98829 246 
98866 761 
99160 121 
99659 83 
99717 736 
99747 52 
99778 1365 
100062 22 
100220 722 
101489 3939 
101758 1001 
102092 229 
102104 1442 
102663 749 
103154 2338 
103663 1137 
104239 533 
104430 783 
105312 823 
105675 1649 
105763 469 
106440 263 
106848 1116 
107073 788 
107700 4300 
108892 3094 
108907 1211 
110938 129 
111151 387 
112157 267 
112325 1527 
112584 479 
112860 116 
113677 106 
113860 2685 
113945 745 
114172 764 
114710 147 
115158 268 
115190 146 
115238 832 
116867 577 
117062 862 
117112 181 
117192 644 
117591 96 
118008 909 
118038 1123 
118343 88 
119082 217 
120812 47 
120832 38 
120861 17 
121052 762 
121686 1150 
121719 332 
121959 147 
122264 898 
122315 119 
122526 7 
122978 2255 
123414 296 
123426 198 
124084 1418 
124501 806 
124953 1308 
125001 734 
125068 28 
125201 180 
125668 1049 
125827 2031 
126157 209 
126266 1367 
126289 676 
126395 275 
126874 2594 
126917 73 
127026 70 
127424 707 
127744 146 
127982 193 
128286 252 
128558 795 
128781 1005 
128786 1975 
128908 992 
128974 288 
129490 2519 
129622 1032 
129914 773 
129924 1089 
130178 280 
130998 822 
131014 442 
131032 93 
131051 680 
131552 7916 
131802 116 
132264 281 
132904 471 
133073 1629 
133228 1479 
133314 1420 
133837 140 
134002 413 
134106 1316 
134388 1210 
134411 1373 
134481 1044 
134644 20 
134795 168 
134980 319 
135142 1609 
135820 1210 
136076 31 
136277 593 
136408 581 
136411 311 
137024 199 
137607 542 
137662 1070 
137689 25 
137699 36 
138093 153 
138268 419 
138380 306 
138472 178 
138693 2786 
138788 450 
138849 1442 
139273 174 
139877 251 
139973 1523 
140063 856 
140123 1559 
140289 1447 
140291 2 
140441 831 
140447 606 
141285 534 
141664 475 
141849 419 
141897 56 
142126 89 
142206 4938 
142213 93 
142807 234 
142995 364 
143347 96 
143587 704 
143733 632 
143751 472 
144067 833 
144261 26 
144662 2080 
145016 2608 
145378 1310 
145530 931 
145553 231 
145658 588 
145731 308 
145775 1707 
145834 95 
145983 41 
145985 3 
146150 2617 
146282 1243 
146541 5 
147070 625 
147134 1781 
147565 183 
147630 27 
147840 585 
148281 928 
148418 777 
148590 93 
148937 1132 
149099 931 
149198 40 
149662 1118 
149678 211 
149933 197 
150065 2 
150438 1919 
151703 1260 
151709 599 
152005 807 
152061 46 
152063 468 
152117 1007 
152605 2225 
152965 637 
153547 584 
154308 1109 
154326 67 
154561 1138 
154704 433 
155141 31 
156011 1098 
156779 305 
156820 1479 
157313 573 
157397 1344 
157826 1446 
157844 45 
157885 177 
158210 111 
159473 433 
159571 204 
159843 779 
160297 26 
160417 1108 
160523 2846 
160732 15 
160837 1099 
161094 326 
161291 246 
161763 945 
161827 14 
162397 381 
162541 9 
163458 113 
164520 1079 
164542 159 
164807 1343 
164807 527 
165098 61 
165658 891 
165682 207 
166518 581 
166555 1869 
166835 284 
167506 1206 
168155 37 
168311 206 
168537 1230 
168697 700 
168915 629 
169005 219 
169077 137 
171526 785 
171798 360 
171936 67 
173578 211 
174056 326 
178460 45 
181793 7 
183144 133 
184137 1737 
189111 215 
189513 114 
192315 122 
193570 914 
195084 42 
195349 1957 
205753 1516 
205902 63 
210815 342 
211075 929 
212830 5716 
213534 1240 
214026 210 
214410 126 
214758 30 
215779 884 
216594 174 
217974 994 
218421 187 
219284 552 
221872 2813 
222111 1253 
222278 5490 
226425 436 
227953 10 
228018 747 
228706 491 
232655 1611 
232885 84 
233075 115 
235450 536 
236246 1073 
236563 2020 
236626 606 
236916 40 
237859 513 
238213 811 
239132 238 
239287 573 
240193 139 
240209 122 
240610 81 
240905 189 
242832 59 
243578 842 
245032 259 
245771 415 
247084 221 
248207 452 
250222 30 
252058 165 
252364 211 
252698 487 
252853 1437 
254226 1743 
254534 76 
257662 872 
257918 126 
258768 242 
262143 1922 
264169 1394 
265006 219 
265161 758 
266708 84 
270464 66 
286982 123 
289687 1162 
295454 31 
295913 48 
295972 471 
300273 691 
300512 1404 
306469 2666 
311128 1241 
311448 416 
318074 194 
319595 648 
322583 323 
327633 1761 
331353 772 
334097 76 
336287 243 
336868 160 
340947 1 
347861 477 
354426 1357 
355011 281 
388080 1198 
394885 709 
395705 598 
397136 15 
404676 1613 
415108 134 
420636 1069 
430033 789 
431559 21 
444207 126 
453579 179 
477030 268 
482390 63 
503420 839 
514865 64 
517199 539 
520071 1439 
521018 359 
527082 802 
550276 2492 
587579 256 
589055 10 
596511 166 
