5031 8.12726851852
0 3249759 
8 73 
9 1359 
9 1094 
10 45 
12 391 
13 21 
15 9 
15 384 
18 245 
20 1323 
20 312 
21 73 
21 18 
22 46 
24 62 
25 3 
26 64 
26 46 
26 214 
27 74 
28 87 
28 69 
30 148 
30 59 
30 64 
31 163 
31 40 
31 111 
31 86 
31 48 
33 33 
33 363 
33 106 
34 142 
34 14 
34 93 
35 47 
35 22 
35 36 
36 35 
36 82 
37 22 
37 57 
38 11 
38 184 
38 179 
38 65 
39 43 
39 150 
39 25 
39 459 
39 73 
40 90 
40 56 
40 90 
40 755 
41 145 
41 35 
41 47 
41 67 
41 91 
42 25 
42 46 
42 15 
43 14 
43 97 
43 51 
43 393 
43 76 
44 361 
45 112 
45 195 
45 56 
45 632 
46 93 
46 175 
46 173 
46 58 
47 101 
47 113 
47 365 
47 605 
47 276 
47 37 
47 14 
48 32 
48 321 
49 44 
49 41 
50 4 
50 146 
50 168 
50 4352 
50 54 
50 16 
51 120 
51 144 
51 94 
51 329 
51 10 
52 96 
52 104 
52 39 
52 63 
52 21 
52 92 
53 18 
53 104 
53 63 
53 98 
54 46 
54 11 
54 39 
54 55 
54 209 
54 252 
54 133 
55 117 
55 72 
55 48 
55 46 
55 47 
55 72 
55 106 
56 37 
56 6829 
56 151 
57 48 
57 134 
57 146 
57 110 
57 146 
57 113 
57 69 
57 357 
57 502 
58 306 
58 92 
58 249 
58 16 
58 104 
58 1167 
59 75 
59 70 
60 23 
60 234 
60 4 
60 157 
60 78 
60 47 
61 131 
61 120 
61 59 
62 24 
62 105 
62 135 
62 253 
63 14 
63 35 
63 62 
63 39 
63 174 
63 81 
64 61 
64 1251 
64 41 
64 102 
64 44 
65 18 
65 387 
65 135 
65 212 
65 149 
65 188 
65 17 
65 67 
66 113 
66 77 
66 401 
66 207 
66 49 
66 113 
66 158 
66 199 
67 333 
67 216 
67 19 
67 160 
67 158 
67 249 
67 42 
68 74 
68 122 
68 15 
69 34 
69 27 
69 219 
70 132 
70 525 
70 60 
70 103 
70 577 
70 104 
71 705 
71 80 
71 98 
71 12 
71 66 
71 39 
71 100 
71 40 
71 93 
72 190 
72 173 
72 48 
72 220 
72 148 
72 30 
73 33 
73 320 
73 88 
73 56 
74 53 
74 322 
74 194 
74 110 
75 9 
75 652 
75 153 
75 65 
75 59 
75 67 
76 200 
76 313 
76 342 
76 49 
76 170 
76 48 
77 143 
78 26 
78 36 
78 98 
78 89 
79 191 
79 398 
79 127 
79 2 
79 51 
79 434 
79 158 
80 206 
80 14 
80 63 
80 43 
80 46 
80 74 
80 206 
80 375 
81 233 
81 54 
81 306 
81 126 
81 43 
82 360 
82 33 
82 158 
82 127 
82 85 
82 165 
82 227 
82 88 
82 148 
82 0 
82 24 
83 183 
83 96 
83 81 
83 42 
83 77 
84 32 
84 57 
84 20 
84 120 
84 111 
84 1107 
85 429 
85 202 
85 142 
86 115 
86 89 
86 1166 
86 92 
87 139 
87 283 
87 327 
87 291 
87 42 
87 69 
87 183 
88 69 
88 66 
88 60 
88 81 
88 44 
88 150 
88 271 
89 51 
89 84 
89 104 
89 315 
89 112 
90 37 
90 208 
90 60 
90 203 
90 170 
90 59 
91 40 
91 219 
91 30 
91 85 
91 238 
91 11 
91 41 
92 69 
92 177 
92 32 
92 150 
92 422 
92 15 
92 86 
93 135 
93 31 
93 297 
93 142 
93 102 
93 55 
94 96 
94 42 
94 329 
94 89 
94 63 
95 61 
95 694 
95 409 
95 91 
95 126 
96 52 
96 117 
97 91 
97 68 
97 270 
97 113 
97 265 
97 41 
97 33 
97 44 
98 539 
98 60 
98 47 
98 105 
98 78 
98 24 
98 88 
98 151 
99 114 
99 136 
99 476 
99 59 
99 246 
99 271 
99 708 
100 43 
100 131 
100 90 
100 83 
100 30 
100 365 
101 91 
101 87 
102 112 
102 57 
103 44 
103 24 
103 223 
103 680 
103 261 
103 42 
104 82 
104 42 
104 131 
104 33 
104 137 
104 232 
104 138 
104 172 
105 269 
106 120 
106 70 
106 113 
107 67 
107 81 
107 196 
107 58 
107 342 
108 176 
108 43 
108 571 
108 111 
108 163 
108 141 
109 24 
109 47 
109 6 
109 61 
110 48 
110 52 
110 137 
110 141 
110 85 
110 95 
110 433 
111 130 
111 26 
111 21 
111 47 
111 50 
112 324 
112 135 
112 267 
112 54 
113 116 
113 178 
113 82 
113 62 
114 138 
114 90 
114 214 
114 82 
114 145 
115 1080 
115 553 
115 18 
115 146 
115 37 
115 159 
116 79 
116 43 
117 59 
117 108 
117 108 
117 211 
117 222 
117 347 
117 189 
117 528 
118 300 
118 219 
118 351 
118 142 
118 83 
118 65 
119 109 
119 35 
119 452 
119 163 
120 404 
120 110 
120 20 
120 34 
120 106 
121 20 
121 117 
121 123 
121 140 
121 46 
121 109 
121 411 
121 38 
121 24 
121 76 
121 119 
122 82 
122 109 
122 884 
122 179 
122 117 
122 111 
123 13 
123 94 
123 17 
123 38 
123 135 
123 128 
123 608 
123 147 
123 305 
124 154 
124 104 
124 374 
125 114 
125 1398 
125 848 
125 32 
125 83 
125 112 
125 110 
125 105 
126 68 
126 51 
126 126 
126 106 
126 487 
126 136 
127 156 
127 115 
128 153 
128 98 
128 235 
128 101 
129 94 
129 211 
129 87 
129 186 
129 56 
129 265 
130 258 
130 89 
130 105 
130 31 
130 633 
131 100 
131 86 
131 167 
131 188 
131 120 
132 119 
132 36 
132 112 
132 13 
132 43 
132 194 
133 164 
133 61 
133 107 
133 51 
133 31 
133 110 
133 61 
133 253 
134 86 
134 144 
134 63 
134 180 
134 27 
134 153 
135 82 
135 133 
135 52 
135 6 
135 149 
136 209 
136 468 
136 67 
136 41 
136 109 
136 132 
137 50 
137 162 
137 209 
137 164 
137 124 
137 154 
137 79 
137 112 
138 71 
138 263 
138 221 
138 46 
138 67 
139 79 
139 29 
139 24 
139 80 
139 237 
139 187 
140 38 
140 549 
140 21 
140 101 
140 127 
140 168 
141 710 
141 248 
141 109 
141 136 
141 278 
141 59 
141 185 
141 370 
141 948 
141 127 
142 723 
142 114 
142 194 
142 134 
142 548 
142 236 
143 244 
143 108 
143 82 
143 79 
144 70 
144 128 
144 91 
144 224 
144 97 
144 141 
144 12 
144 138 
145 463 
146 122 
146 194 
146 62 
146 99 
146 80 
147 127 
147 240 
147 123 
147 177 
147 61 
147 231 
147 255 
148 196 
148 676 
148 482 
148 70 
149 89 
149 95 
149 39 
149 85 
150 90 
150 234 
150 80 
150 94 
150 100 
150 113 
150 147 
150 24 
151 128 
151 107 
151 71 
151 135 
151 168 
152 143 
152 88 
152 107 
152 45 
152 242 
152 335 
152 87 
152 67 
153 172 
153 37 
153 87 
153 360 
153 66 
153 323 
153 28 
154 264 
154 87 
154 148 
154 384 
155 152 
155 211 
155 540 
155 102 
155 235 
155 236 
155 347 
155 461 
155 312 
155 204 
156 640 
156 216 
156 52 
156 73 
157 179 
157 245 
158 54 
158 89 
158 87 
158 53 
159 122 
159 80 
160 42 
160 184 
160 274 
160 89 
160 68 
161 83 
161 255 
161 58 
161 457 
161 236 
161 43 
162 64 
162 100 
162 112 
162 419 
163 353 
163 49 
163 97 
164 137 
164 84 
164 415 
164 321 
166 110 
166 18 
166 154 
166 173 
166 333 
167 58 
167 86 
167 61 
167 52 
167 134 
167 127 
167 47 
168 94 
168 232 
168 132 
168 44 
168 185 
168 14 
169 212 
170 51 
170 282 
170 109 
170 295 
170 28 
171 173 
171 104 
171 73 
171 100 
172 129 
172 59 
172 40 
172 190 
173 1546 
173 19 
173 62 
174 27 
174 248 
174 114 
174 220 
174 140 
174 261 
174 117 
174 542 
175 81 
175 66 
176 139 
176 36 
176 76 
176 133 
177 90 
177 262 
178 60 
178 113 
178 143 
178 60 
178 88 
179 21 
179 23 
179 155 
180 206 
180 159 
180 37 
180 159 
180 59 
180 70 
181 170 
181 217 
181 111 
181 72 
182 121 
182 21545 
182 1449 
182 21 
182 254 
182 182 
183 104 
183 23 
183 246 
183 52 
183 57 
184 8283 
184 64 
184 1189 
185 168 
185 33 
185 71 
185 166 
186 62 
186 434 
186 69 
186 149 
186 63 
187 168 
187 39 
187 118 
187 68 
187 41 
187 160 
187 1082 
187 68 
188 190 
188 31 
188 104 
189 329 
189 42 
189 10 
189 36 
189 128 
190 111 
190 538 
190 330 
190 67 
191 35 
191 80 
191 96 
191 10 
192 213 
192 26 
192 80 
192 260 
192 18 
192 48 
192 123 
193 272 
194 306 
194 22 
194 70 
194 56 
194 43 
194 45 
194 48 
195 408 
195 49 
195 56 
195 104 
196 923 
196 425 
197 201 
197 300 
197 34 
197 152 
198 30 
198 109 
199 226 
199 87 
199 31 
199 100 
200 217 
200 89 
200 75 
200 609 
200 67 
200 80 
201 183 
201 90 
201 118 
201 91 
201 163 
201 60 
202 15 
202 298 
202 753 
202 156 
202 144 
203 16 
203 134 
204 177 
204 100 
205 256 
205 130 
205 86 
205 207 
205 127 
205 101 
205 320 
205 338 
206 80 
207 60 
207 421 
207 64 
207 170 
208 394 
208 102 
208 112 
208 201 
209 20 
209 101 
209 57 
209 66 
209 56 
209 56 
210 174 
210 90 
210 96 
210 222 
210 92 
210 309 
211 77 
211 657 
211 34 
211 9 
211 281 
211 183 
212 169 
212 182 
212 48 
213 55 
213 409 
213 563 
213 22 
213 485 
213 57 
213 169 
213 67 
214 110 
214 414 
214 82 
214 78 
214 238 
215 271 
215 294 
215 31 
215 15 
215 134 
215 247 
215 115 
216 897 
216 11 
216 100 
217 139 
217 55 
217 58 
217 144 
218 33 
218 32 
218 126 
218 197 
218 46 
218 140 
218 137 
218 115 
218 121 
218 55 
219 129 
219 89 
219 85 
219 118 
219 105 
219 54 
219 35 
220 139 
220 461 
220 109 
220 43 
221 197 
222 258 
222 178 
222 54 
223 249 
223 53 
223 20 
224 22 
224 293 
225 51 
225 46 
225 60 
225 60 
225 107 
226 12 
226 38 
226 148 
227 375 
227 114 
227 12 
228 51 
228 79 
228 64 
228 93 
228 31 
228 613 
228 89 
229 224 
229 156 
229 38 
229 0 
229 1565 
230 326 
230 220 
230 190 
230 226 
231 187 
231 54 
231 31 
231 130 
231 65 
231 28 
231 101 
231 16 
232 150 
232 405 
232 302 
233 75 
233 256 
233 78 
233 459 
234 217 
234 107 
234 6 
234 12 
234 49 
235 60 
235 24 
235 126 
235 104 
235 76 
236 175 
236 328 
236 67 
236 42 
236 308 
236 215 
237 71 
238 119 
238 38 
239 128 
240 391 
241 76 
241 245 
242 49 
242 111 
242 48 
243 225 
243 214 
243 81 
243 15 
244 115 
244 31 
244 37 
244 42 
244 104 
244 78 
244 92 
244 123 
244 243 
245 162 
245 37 
245 51 
246 130 
246 78 
246 58 
247 236 
247 23 
247 8 
247 96 
248 133 
248 60 
249 102 
250 89 
250 210 
250 106 
250 143 
250 5 
251 76 
251 158 
251 218 
251 67 
252 105 
252 27 
252 380 
254 305 
254 169 
254 51 
255 89 
255 237 
255 180 
256 75 
256 211 
257 107 
257 94 
257 365 
258 103 
258 245 
259 76 
259 479 
259 182 
259 202 
260 270 
261 348 
261 120 
261 144 
262 34 
262 128 
263 116 
263 6 
263 221 
265 76 
265 128 
266 48 
267 107 
267 162 
267 69 
267 290 
267 118 
268 67 
268 61 
268 216 
268 214 
268 134 
268 30 
268 375 
269 86 
269 63 
269 230 
270 104 
270 62 
271 47 
272 483 
272 246 
273 29 
273 17 
273 208 
273 81 
273 155 
273 91 
274 333 
274 67 
275 149 
275 184 
275 175 
275 138 
275 190 
276 21 
276 141 
277 143 
277 243 
277 299 
278 106 
278 157 
279 314 
279 95 
279 183 
279 36 
280 229 
280 41 
281 156 
281 19 
281 45 
282 181 
282 20 
283 144 
283 183 
283 185 
283 147 
283 88 
284 137 
284 69 
285 296 
285 27 
285 87 
285 59 
286 45 
286 241 
286 67 
287 21 
287 310 
287 100 
287 62 
288 64 
288 153 
288 94 
289 1306 
289 358 
289 25 
290 434 
290 347 
290 49 
290 12 
290 26 
291 707 
291 141 
291 15 
291 14 
291 34 
292 89 
293 199 
293 93 
293 59 
294 118 
294 102 
294 80 
295 73 
296 70 
296 257 
296 135 
296 89 
296 30 
297 174 
297 318 
297 100 
298 210 
298 177 
298 180 
298 551 
298 110 
299 151 
299 55 
299 200 
300 85 
300 69 
300 55 
300 116 
300 44 
301 67 
302 48 
302 179 
302 12 
302 117 
302 127 
302 69 
302 156 
303 21 
304 10 
304 107 
304 50 
304 112 
304 15 
304 28 
305 24 
305 139 
306 54 
307 248 
307 17 
307 84 
307 170 
307 340 
308 69 
309 24 
309 84 
310 67 
310 144 
310 290 
311 169 
312 122 
313 148 
313 241 
313 72 
314 92 
315 93 
316 97 
316 437 
317 63 
317 822 
317 18 
317 270 
317 115 
318 321 
319 365 
319 1218 
320 168 
320 32 
320 183 
320 142 
320 172 
321 455 
321 172 
321 91 
321 371 
321 278 
322 127 
322 63 
322 41 
323 577 
324 207 
324 160 
325 29 
325 23 
326 388 
326 187 
327 106 
327 674 
328 169 
328 13 
328 40 
328 468 
328 19 
328 108 
329 212 
330 30 
330 306 
331 19 
332 57 
332 37 
332 185 
333 78 
333 35 
334 137 
335 52 
335 42 
335 109 
336 28 
337 101 
339 22 
339 62 
339 238 
340 124 
341 38 
341 80 
342 66 
342 114 
342 238 
342 103 
342 273 
343 220 
343 120 
343 147 
343 152 
344 45 
344 23 
345 58 
346 107 
346 105 
347 63 
347 54 
348 53 
348 60 
349 210 
349 128 
349 140 
350 43 
350 37 
351 87 
351 119 
351 63 
352 123 
352 200 
352 308 
353 49 
353 510 
353 164 
355 109 
355 33 
355 276 
356 182 
356 68 
357 412 
357 250 
357 138 
357 278 
358 269 
358 395 
359 99 
360 22 
360 17 
360 92 
360 113 
360 69 
362 214 
362 3 
362 155 
363 459 
363 122 
363 49 
364 59 
364 256 
364 110 
364 68 
364 115 
365 85 
365 40 
365 78 
366 629 
368 224 
369 58 
369 138 
369 127 
369 174 
370 175 
371 81 
371 7 
371 120 
372 53 
372 115 
373 35 
373 164 
373 83 
373 38 
373 196 
374 259 
374 125 
375 156 
375 46 
375 165 
376 148 
377 74 
377 57 
378 70 
378 123 
379 12 
379 95 
381 38 
381 94 
381 34 
384 90 
384 280 
384 33 
384 54 
385 50 
385 195 
386 104 
387 49 
387 218 
387 2 
389 103 
389 81 
389 96 
392 16 
392 85 
393 113 
393 102 
393 28 
393 105 
393 12 
394 368 
394 89 
394 74 
397 161 
397 421 
397 154 
398 70 
399 74 
399 170 
399 163 
399 122 
400 14 
400 334 
400 61 
402 46 
402 53 
402 20 
403 92 
403 206 
404 43 
404 102 
405 295 
405 272 
407 89 
407 51 
408 114 
408 40 
408 1002 
408 132 
408 195 
408 60 
408 90 
409 29 
410 214 
410 160 
411 698 
411 111 
412 326 
413 266 
414 82 
414 70 
414 447 
414 273 
415 87 
415 362 
415 33 
415 125 
416 116 
416 149 
416 52 
416 73 
416 441 
416 125 
417 201 
418 44 
419 84 
419 164 
420 41 
420 33 
420 94 
420 66 
422 105 
423 93 
423 47 
423 772 
423 384 
424 117 
425 75 
426 75 
426 411 
426 137 
427 168 
427 75 
427 25 
428 39 
428 119 
428 2 
429 83 
429 50 
431 222 
431 86 
432 36 
432 226 
432 52 
433 53 
434 100 
436 16 
436 95 
436 7 
438 12 
438 109 
439 180 
440 392 
440 35 
440 102 
441 96 
441 81 
441 288 
442 41 
442 521 
442 99 
443 29 
443 147 
444 36 
444 75 
444 207 
444 73 
446 211 
446 100 
446 35 
446 106 
446 145 
446 206 
446 149 
447 158 
449 97 
451 46 
451 94 
451 1525 
452 72 
452 22 
453 87 
453 106 
454 34 
454 105 
454 194 
454 134 
455 190 
455 35 
455 94 
455 46 
456 10 
456 94 
456 31 
456 201 
456 23 
457 117 
457 52 
457 7 
457 141 
458 37 
458 101 
459 144 
459 11 
459 235 
459 43 
459 75 
459 15 
459 162 
460 43 
461 114 
461 174 
461 69 
462 145 
462 88 
462 119 
462 5 
463 214 
464 61 
464 74 
464 177 
466 106 
466 108 
467 179 
467 62 
468 143 
468 194 
468 34 
468 33 
468 15 
469 82 
470 21 
470 1166 
470 123 
470 50 
472 129 
472 30 
472 25 
473 582 
473 43 
474 294 
475 99 
475 86 
476 43 
476 133 
476 45 
477 116 
477 237 
477 190 
533 14 
534 152 
535 501 
535 158 
535 127 
537 33 
537 124 
537 125 
538 98 
539 14 
539 199 
539 37 
540 7 
540 123 
541 38 
542 325 
544 720 
545 22 
545 172 
546 58 
546 209 
548 77 
548 35 
549 38 
549 312 
549 153 
551 13 
551 65 
552 61 
552 48 
553 74 
553 46 
554 286 
554 6 
554 18 
555 210 
555 103 
556 118 
556 37 
557 139 
558 251 
559 78 
559 161 
559 39 
560 47 
560 47 
561 46 
562 78 
562 9 
562 497 
562 8 
563 137 
564 28 
565 132 
566 126 
566 341 
567 114 
567 49 
568 79 
568 307 
568 96 
568 52 
568 71 
569 116 
569 119 
570 284 
570 233 
570 69 
572 77 
572 199 
572 143 
573 45 
574 123 
574 85 
575 45 
575 44 
576 119 
578 201 
578 91 
579 58 
581 392 
581 59 
581 21 
581 127 
581 146 
582 40 
582 49 
582 42 
583 224 
584 19 
585 38 
585 431 
585 62 
585 141 
586 399 
588 96 
588 40 
588 46 
590 115 
591 31 
592 192 
592 57 
592 104 
592 21 
593 140 
593 35 
595 69 
596 78 
596 97 
596 74 
598 373 
598 114 
598 19 
599 107 
601 145 
601 86 
602 90 
602 112 
603 76 
603 43 
603 66 
603 45 
605 48 
605 20 
606 52 
606 123 
607 63 
612 104 
612 93 
613 20 
614 19 
614 45 
616 114 
616 341 
619 54 
619 36 
619 273 
620 116 
620 109 
621 296 
622 106 
623 251 
624 175 
625 47 
625 47 
625 80 
626 110 
626 39 
626 235 
627 52 
627 86 
628 48 
628 151 
628 56 
630 70 
630 21 
630 178 
630 655 
630 310 
631 232 
631 109 
632 32 
632 45 
633 43 
633 21 
633 705 
634 33 
636 16 
636 88 
637 55 
637 30 
638 57 
638 62 
641 24 
642 98 
643 56 
644 40 
644 241 
645 357 
646 75 
646 16 
647 211 
647 100 
648 273 
648 27 
648 48 
649 58 
650 140 
650 299 
651 132 
651 154 
651 161 
652 131 
652 151 
652 36 
652 266 
653 41 
653 83 
653 62 
654 30 
654 107 
654 83 
655 138 
655 291 
655 70 
658 53 
659 24 
660 156 
661 6 
662 32 
663 37 
663 112 
663 72 
664 35 
664 121 
665 28 
665 115 
666 118 
666 49 
668 139 
669 140 
670 45 
670 23 
672 16 
673 3 
673 18 
673 104 
673 145 
674 151 
674 93 
674 74 
675 32 
676 25 
677 469 
678 13 
679 47 
679 93 
679 49 
680 140 
680 668 
680 91 
684 299 
684 79 
684 65 
685 114 
685 60 
685 44 
685 109 
685 47 
686 67 
686 39 
686 161 
687 144 
688 55 
688 69 
689 705 
689 49 
689 152 
691 210 
692 143 
692 20 
693 89 
694 82 
694 92 
695 26 
695 95 
695 130 
695 49 
696 8 
697 45 
697 256 
697 119 
697 13 
697 120 
698 484 
698 87 
698 134 
699 165 
700 51 
702 21 
703 14 
703 70 
704 297 
705 58 
708 25 
708 105 
708 61 
709 2 
709 24 
709 83 
710 142 
711 15 
712 165 
712 41 
713 50 
714 104 
714 80 
714 71 
718 75 
719 56 
719 3 
719 43 
720 139 
721 46 
722 236 
722 175 
723 82 
724 75 
724 2 
724 208 
724 52 
725 93 
729 318 
730 91 
730 36 
731 37 
731 133 
731 97 
733 60 
735 125 
735 49 
736 32 
737 290 
739 27 
739 42 
740 31 
741 273 
742 114 
742 30 
743 36 
744 7 
745 32 
746 57 
748 104 
748 932 
749 168 
749 11 
751 72 
753 132 
753 54 
753 245 
754 64 
754 208 
755 139 
755 17 
756 230 
756 78 
756 40 
756 79 
758 61 
758 21 
759 96 
759 81 
760 21 
761 23 
761 452 
761 16 
763 119 
766 95 
767 63 
767 35 
767 87 
768 126 
769 94 
772 483 
774 152 
774 95 
775 170 
776 30 
776 21 
777 39 
778 119 
778 23 
780 90 
782 132 
783 46 
783 9 
785 114 
786 118 
786 51 
789 45 
789 92 
790 43 
791 82 
791 61 
792 139 
792 129 
792 80 
792 82 
792 31 
792 72 
793 134 
795 428 
795 154 
796 546 
796 9 
800 122 
803 72 
804 34 
805 199 
806 99 
807 29 
809 236 
809 32 
812 762 
815 124 
815 272 
816 125 
816 193 
816 57 
820 78 
822 1509 
822 80 
822 130 
822 21 
824 158 
824 314 
824 54 
825 197 
826 84 
826 221 
827 32 
828 54 
829 66 
829 37 
830 297 
831 169 
832 28 
834 100 
834 13 
837 60 
837 131 
838 82 
839 246 
839 49 
839 89 
840 179 
841 166 
843 96 
845 157 
846 106 
846 34 
846 56 
846 58 
847 121 
847 66 
848 44 
848 18 
849 219 
850 89 
852 466 
852 121 
854 38 
854 131 
855 96 
856 22 
857 136 
858 427 
859 61 
859 111 
859 300 
860 219 
860 125 
860 335 
862 32 
863 108 
865 180 
865 15 
865 232 
867 58 
868 159 
869 90 
871 7 
871 125 
872 146 
873 107 
873 64 
874 52 
875 218 
875 22 
876 45 
878 2245 
880 264 
880 15 
881 9 
882 145 
883 60 
883 297 
886 84 
889 160 
893 42 
893 325 
894 25 
894 90 
894 376 
895 94 
895 128 
896 32 
897 76 
898 61 
899 64 
899 101 
901 215 
901 117 
902 46 
902 1371 
902 29 
903 520 
904 76 
905 193 
906 137 
907 78 
909 299 
911 78 
912 218 
913 60 
913 177 
913 51 
914 138 
918 239 
918 20 
919 47 
920 109 
922 76 
923 65 
924 312 
924 11 
925 17 
927 127 
928 46 
928 54 
930 26 
932 72 
932 38 
933 150 
933 70 
933 90 
934 57 
935 21 
935 69 
936 52 
936 79 
936 84 
938 102 
939 7 
941 175 
943 107 
944 46 
945 35 
949 188 
951 42 
952 90 
953 40 
954 165 
954 104 
954 133 
954 31 
954 155 
957 52 
960 73 
962 73 
962 139 
963 37 
965 88 
965 728 
967 32 
967 112 
970 5 
972 14 
974 219 
976 60 
982 62 
982 49 
983 247 
983 204 
985 431 
990 76 
990 29 
990 107 
991 297 
991 52 
992 60 
993 83 
994 24 
995 75 
995 56 
996 88 
996 88 
997 57 
998 111 
998 22 
1000 191 
1001 62 
1002 48 
1005 108 
1005 96 
1006 284 
1009 133 
1013 15 
1017 64 
1017 330 
1019 38 
1020 93 
1020 84 
1020 272 
1026 63 
1026 53 
1027 185 
1028 99 
1029 40 
1029 40 
1029 381 
1030 41 
1031 44 
1031 542 
1031 62 
1032 543 
1035 165 
1036 450 
1036 118 
1037 23 
1038 183 
1040 24 
1041 308 
1041 1645 
1042 120 
1042 243 
1042 437 
1043 91 
1044 164 
1045 102 
1047 500 
1049 32 
1051 39 
1051 274 
1053 54 
1054 95 
1055 22 
1055 30 
1057 93 
1058 15 
1058 163 
1059 258 
1061 100 
1062 66 
1062 54 
1062 98 
1064 52 
1064 84 
1064 157 
1064 129 
1065 84 
1065 133 
1067 135 
1069 48 
1070 229 
1070 139 
1074 71 
1077 192 
1079 18 
1081 157 
1082 22 
1089 45 
1092 129 
1092 140 
1092 15 
1093 208 
1094 218 
1096 63 
1097 25 
1098 143 
1099 16 
1106 62 
1108 117 
1109 79 
1109 63 
1111 186 
1111 31 
1115 255 
1115 10 
1117 104 
1118 68 
1119 74 
1122 46 
1123 224 
1123 36 
1124 280 
1125 56 
1125 56 
1125 50 
1126 154 
1126 132 
1126 163 
1127 151 
1127 58 
1127 126 
1130 86 
1132 75 
1132 79 
1133 36 
1134 21 
1135 175 
1135 207 
1136 327 
1136 616 
1137 67 
1139 86 
1143 75 
1143 205 
1144 80 
1144 448 
1145 232 
1145 120 
1146 46 
1146 68 
1146 54 
1147 246 
1147 81 
1148 55 
1148 28 
1149 112 
1151 92 
1155 99 
1156 128 
1157 33 
1157 257 
1158 184 
1164 193 
1164 28 
1170 121 
1173 68 
1178 171 
1179 16 
1179 22 
1180 167 
1181 77 
1181 27 
1181 80 
1181 276 
1183 206 
1184 48 
1185 77 
1185 101 
1188 91 
1188 86 
1190 68 
1191 142 
1191 90 
1192 11 
1195 223 
1196 74 
1197 93 
1198 76 
1200 47 
1200 79 
1200 72 
1201 132 
1201 87 
1201 22 
1203 51 
1203 99 
1207 114 
1208 127 
1208 26 
1209 142 
1210 98 
1210 209 
1213 398 
1214 101 
1214 8 
1215 79 
1215 98 
1216 46 
1219 17 
1221 153 
1221 124 
1226 61 
1226 42 
1227 119 
1227 61 
1228 44 
1229 280 
1229 285 
1231 145 
1233 23 
1233 235 
1237 115 
1238 59 
1240 2 
1240 117 
1241 29 
1242 56 
1244 26 
1245 43 
1248 121 
1248 50 
1250 170 
1252 154 
1253 92 
1255 132 
1256 13 
1256 95 
1256 30 
1261 147 
1261 241 
1262 295 
1264 30 
1265 269 
1269 93 
1271 26 
1271 34 
1273 68 
1273 50 
1274 31 
1274 65 
1274 125 
1279 30 
1280 207 
1281 27 
1283 20 
1285 181 
1286 174 
1288 145 
1289 67 
1289 118 
1294 112 
1295 20 
1296 20 
1297 0 
1297 26 
1299 149 
1302 108 
1304 66 
1304 122 
1307 65 
1309 420 
1310 45 
1310 149 
1316 72 
1316 75 
1320 55 
1324 187 
1325 135 
1326 1 
1327 160 
1328 38 
1332 73 
1336 103 
1337 224 
1337 52 
1338 97 
1340 112 
1340 234 
1341 128 
1341 246 
1341 38 
1341 42 
1342 33 
1343 77 
1343 262 
1347 119 
1348 119 
1348 203 
1351 36 
1352 27 
1352 92 
1353 39 
1353 31 
1354 29 
1357 34 
1358 67 
1359 104 
1360 51 
1361 12 
1363 125 
1363 176 
1366 149 
1369 8 
1369 62 
1370 115 
1370 19 
1372 144 
1374 83 
1374 138 
1375 83 
1375 27 
1375 37 
1376 128 
1378 69 
1378 88 
1378 22 
1380 132 
1383 56 
1384 71 
1384 48 
1384 166 
1385 3349 
1385 229 
1387 64 
1388 135 
1389 31 
1390 68 
1392 43 
1396 61 
1397 1432 
1398 67 
1400 34 
1400 26 
1401 188 
1404 33 
1405 308 
1405 31 
1406 81 
1407 79 
1408 329 
1408 37 
1408 372 
1411 136 
1417 420 
1418 119 
1421 10 
1421 45 
1426 38 
1427 16 
1429 233 
1431 151 
1432 158 
1433 109 
1434 192 
1438 171 
1440 57 
1441 47 
1444 81 
1444 158 
1445 64 
1445 216 
1446 6 
1448 220 
1451 120 
1451 89 
1452 134 
1452 244 
1453 7 
1460 60 
1462 119 
1465 39 
1466 62 
1467 37 
1467 219 
1469 22 
1478 75 
1479 54 
1479 145 
1481 114 
1482 54 
1483 38 
1485 30 
1486 122 
1487 90 
1487 99 
1488 79 
1492 89 
1494 8 
1495 180 
1497 104 
1498 63 
1498 167 
1499 69 
1503 133 
1505 2 
1505 99 
1512 150 
1513 218 
1516 48 
1518 85 
1518 19 
1519 49 
1520 52 
1524 238 
1524 29 
1525 16 
1525 21 
1527 14 
1529 25 
1529 84 
1534 133 
1537 103 
1537 77 
1538 68 
1539 24 
1543 49 
1545 32 
1547 105 
1548 174 
1549 152 
1550 61 
1550 192 
1551 52 
1552 104 
1555 313 
1557 32 
1557 73 
1557 265 
1560 73 
1561 124 
1562 15 
1567 81 
1567 42 
1569 14 
1570 10 
1571 6 
1572 46 
1575 23 
1575 162 
1576 53 
1580 44 
1581 194 
1583 15 
1584 189 
1586 161 
1592 188 
1593 30 
1593 6 
1596 46 
1598 24 
1599 33 
1599 44 
1601 116 
1601 28 
1602 146 
1602 69 
1608 29 
1609 98 
1610 194 
1612 120 
1614 5 
1621 108 
1625 49 
1626 64 
1627 101 
1633 68 
1634 149 
1636 59 
1636 69 
1637 186 
1637 1 
1640 166 
1645 28 
1645 97 
1645 103 
1656 79 
1658 61 
1658 149 
1658 132 
1661 53 
1667 26 
1668 89 
1668 35 
1670 7 
1671 67 
1671 49 
1673 341 
1674 54 
1676 238 
1677 36 
1678 226 
1681 92 
1681 16 
1684 141 
1684 7 
1686 146 
1686 46 
1687 31 
1687 31 
1688 227 
1688 77 
1690 47 
1691 37 
1692 87 
1701 128 
1702 72 
1702 5 
1703 88 
1706 55 
1706 103 
1708 78 
1709 45 
1714 210 
1717 28 
1719 68 
1721 72 
1724 157 
1724 64 
1725 60 
1731 50 
1732 85 
1733 138 
1736 18 
1738 127 
1741 56 
1750 196 
1751 205 
1755 114 
1759 93 
1760 60 
1761 78 
1769 163 
1772 145 
1772 79 
1774 130 
1779 116 
1783 953 
1789 106 
1792 153 
1794 307 
1795 27 
1796 20 
1797 68 
1797 186 
1799 24 
1804 281 
1809 1114 
1810 11 
1810 728 
1812 166 
1822 123 
1822 113 
1829 62 
1830 112 
1832 47 
1833 60 
1834 27 
1835 262 
1835 96 
1847 169 
1849 21 
1850 33 
1850 45 
1850 135 
1851 32 
1853 59 
1853 43 
1853 84 
1859 58 
1859 71 
1859 10 
1860 67 
1862 116 
1866 59 
1872 123 
1874 36 
1876 309 
1879 44 
1880 137 
1882 200 
1888 176 
1889 57 
1890 60 
1893 13 
1893 118 
1894 128 
1897 225 
1898 166 
1899 545 
1899 137 
1899 27 
1904 50 
1905 52 
1907 9 
1908 97 
1911 103 
1911 69 
1914 33 
1915 52 
1920 69 
1921 42 
1921 102 
1925 42 
1927 58 
1928 120 
1931 82 
1931 302 
1940 103 
1943 51 
1946 78 
1947 105 
1949 86 
1950 85 
1952 241 
1952 43 
1952 85 
1959 18 
1959 28 
1963 64 
1969 269 
1969 30 
1971 42 
1975 88 
1976 763 
1982 11 
1988 23 
1991 155 
1991 242 
1991 47 
1992 3 
1992 96 
1993 55 
1993 12 
1995 156 
1999 188 
2000 170 
2002 53 
2017 46 
2018 270 
2018 136 
2025 108 
2027 116 
2027 72 
2030 64 
2030 92 
2039 71 
2040 364 
2042 123 
2042 57 
2042 29 
2048 51 
2051 19 
2053 1899 
2055 277 
2060 108 
2062 34 
2064 117 
2067 20 
2067 57 
2067 146 
2068 119 
2068 226 
2071 67 
2071 38 
2073 123 
2074 162 
2074 43 
2075 155 
2076 17 
2076 45 
2076 140 
2083 59 
2084 975 
2085 127 
2088 121 
2095 9 
2099 9 
2107 425 
2109 143 
2115 137 
2117 66 
2117 175 
2118 80 
2118 91 
2120 239 
2120 36 
2129 85 
2130 231 
2134 51 
2137 86 
2140 253 
2142 87 
2143 54 
2146 176 
2146 243 
2147 47 
2148 50 
2150 349 
2155 33 
2160 23 
2161 34 
2165 104 
2165 85 
2166 217 
2172 223 
2175 451 
2176 69 
2177 106 
2178 86 
2179 142 
2179 54 
2204 37 
2205 77 
2205 77 
2207 82 
2209 74 
2209 100 
2210 27 
2214 181 
2216 53 
2219 62 
2221 184 
2221 80 
2222 108 
2238 15 
2241 178 
2247 59 
2247 78 
2247 150 
2249 81 
2261 13 
2272 32 
2275 123 
2277 23 
2277 78 
2278 115 
2280 106 
2290 43 
2291 90 
2294 11 
2295 143 
2298 80 
2299 760 
2300 76 
2303 39 
2303 106 
2308 1364 
2313 79 
2314 35 
2316 48 
2320 27 
2325 76 
2327 117 
2336 162 
2338 110 
2339 421 
2347 44 
2350 247 
2351 67 
2352 16 
2354 67 
2358 55 
2360 75 
2365 94 
2369 72 
2380 8 
2382 103 
2383 148 
2386 54 
2387 48 
2388 94 
2392 116 
2393 79 
2397 27 
2398 92 
2398 62 
2400 30 
2401 117 
2403 88 
2406 25 
2407 20 
2411 34 
2411 63 
2413 42 
2418 148 
2419 8 
2421 163 
2422 56 
2422 75 
2423 316 
2427 242 
2430 68 
2430 27 
2432 32 
2436 168 
2439 84 
2439 48 
2442 40 
2446 223 
2449 200 
2449 63 
2455 139 
2456 50 
2460 1 
2460 144 
2463 140 
2464 41 
2471 119 
2472 52 
2474 10 
2475 52 
2481 133 
2483 111 
2483 169 
2485 113 
2487 81 
2487 88 
2491 39 
2493 1 
2494 75 
2494 57 
2498 55 
2498 86 
2501 64 
2501 72 
2502 82 
2502 16 
2503 152 
2504 7 
2507 22 
2508 102 
2508 237 
2509 84 
2511 98 
2513 67 
2513 169 
2516 0 
2516 28 
2517 68 
2517 14 
2525 13 
2525 84 
2526 91 
2538 61 
2538 40 
2545 140 
2551 22 
2551 132 
2561 409 
2562 19 
2563 157 
2565 8 
2567 58 
2570 308 
2574 192 
2575 87 
2575 78 
2582 47 
2583 28 
2584 68 
2585 65 
2589 183 
2591 100 
2594 230 
2595 160 
2601 40 
2602 121 
2606 207 
2612 205 
2613 4 
2631 22 
2636 89 
2648 67 
2652 25 
2654 178 
2659 50 
2659 110 
2661 137 
2664 86 
2669 123 
2671 79 
2674 244 
2675 119 
2677 59 
2678 20 
2683 40 
2686 237 
2689 10 
2690 100 
2692 105 
2695 27 
2697 72 
2699 349 
2699 411 
2700 104 
2701 120 
2703 149 
2704 174 
2705 39 
2706 125 
2712 68 
2712 194 
2716 83 
2721 348 
2726 1527 
2726 65 
2727 73 
2731 161 
2732 0 
2733 37 
2733 55 
2734 27 
2737 23 
2742 566 
2743 58 
2745 244 
2745 70 
2748 201 
2752 87 
2754 105 
2755 73 
2756 76 
2757 18 
2759 178 
2763 83 
2765 103 
2770 84 
2772 202 
2774 17 
2784 57 
2786 51 
2787 37 
2795 6 
2798 204 
2799 197 
2801 80 
2802 100 
2803 163 
2819 13 
2821 160 
2824 2 
2826 144 
2829 39 
2831 104 
2831 60 
2832 120 
2832 160 
2834 79 
2844 115 
2845 121 
2846 22 
2846 48 
2852 22 
2855 20 
2861 30 
2871 176 
2874 198 
2881 90 
2882 165 
2883 133 
2886 237 
2891 60 
2892 32 
2901 63 
2902 93 
2902 470 
2903 85 
2907 75 
2910 163 
2910 22 
2927 380 
2931 116 
2933 40 
2937 325 
2940 51 
2944 33 
2946 59 
2949 32 
2954 55 
2954 16 
2957 23 
2958 122 
2964 115 
2975 58 
2980 204 
2983 110 
2983 56 
2984 131 
2987 33 
2987 98 
2990 88 
2994 32 
2998 0 
2999 10 
3001 2693 
3002 98 
3008 80 
3013 38 
3014 210 
3014 10 
3018 317 
3021 94 
3043 96 
3047 94 
3049 693 
3056 82 
3064 16 
3065 148 
3072 98 
3073 102 
3074 14 
3090 80 
3093 172 
3094 92 
3101 152 
3106 81 
3109 9 
3111 135 
3113 231 
3118 77 
3119 59 
3122 59 
3128 24 
3136 111 
3136 140 
3138 9 
3138 69 
3146 28 
3154 84 
3156 172 
3158 57 
3161 75 
3166 39 
3168 1049 
3168 131 
3168 29 
3181 40 
3183 63 
3193 57 
3196 28 
3216 82 
3218 1348 
3225 11 
3231 46 
3232 11 
3234 70 
3237 100 
3237 84 
3237 9 
3250 48 
3258 32 
3262 45 
3263 24 
3264 109 
3274 130 
3290 43 
3290 33 
3291 94 
3292 580 
3292 9 
3299 132 
3309 33 
3310 35 
3310 45 
3312 2 
3312 32 
3320 115 
3323 9 
3325 225 
3344 50 
3350 23 
3359 120 
3362 154 
3362 128 
3363 10 
3372 123 
3375 78 
3377 182 
3379 20 
3380 31 
3381 0 
3395 253 
3398 89 
3410 45 
3411 55 
3413 55 
3418 115 
3420 111 
3427 47 
3430 6 
3432 43 
3433 30 
3438 50 
3442 106 
3443 85 
3447 175 
3448 143 
3454 209 
3459 183 
3459 587 
3459 62 
3471 68 
3475 107 
3478 69 
3490 82 
3501 205 
3502 25 
3503 689 
3504 133 
3505 163 
3510 43 
3512 78 
3514 96 
3521 16 
3525 44 
3528 45 
3529 75 
3532 40 
3534 48 
3537 163 
3545 9 
3548 129 
3550 21 
3551 226 
3558 14 
3560 2560 
3564 33 
3564 63 
3566 39 
3576 100 
3583 220 
3588 73 
3591 63 
3600 106 
3600 128 
3605 257 
3605 17 
3624 118 
3630 43 
3634 18 
3636 676 
3636 40 
3640 76 
3641 13 
3643 48 
3643 78 
3643 98 
3648 171 
3651 51 
3656 10 
3665 135 
3668 12 
3676 13 
3678 71 
3678 13 
3679 13 
3680 4 
3686 1 
3698 121 
3700 78 
3700 112 
3706 122 
3713 63 
3717 228 
3718 95 
3723 34 
3728 40 
3731 119 
3733 537 
3745 96 
3746 161 
3763 49 
3767 62 
3768 63 
3768 111 
3771 43 
3787 55 
3789 56 
3792 102 
3800 112 
3801 57 
3802 46 
3812 16 
3822 113 
3832 8 
3837 86 
3837 203 
3845 73 
3850 125 
3855 56 
3865 41 
3873 370 
3879 112 
3880 83 
3892 222 
3892 961 
3893 31 
3910 16 
3924 28 
3925 378 
3929 68 
3936 8 
3937 199 
3959 93 
3963 48 
3973 107 
3986 61 
3987 15 
3987 76 
3993 177 
3999 70 
4008 86 
4009 127 
4010 25 
4013 131 
4020 80 
4026 103 
4035 42 
4037 101 
4039 43 
4045 55 
4059 42 
4066 69 
4073 63 
4076 43 
4085 5 
4085 71 
4086 37 
4094 70 
4097 33 
4097 35 
4103 224 
4106 40 
4110 125 
4110 67 
4112 33 
4116 57 
4118 70 
4131 67 
4132 35 
4140 32 
4147 50 
4158 110 
4164 141 
4174 56 
4177 110 
4179 39 
4207 54 
4217 44 
4221 57 
4234 41 
4236 9 
4237 75 
4244 101 
4244 105 
4250 71 
4251 45 
4253 203 
4256 34 
4261 195 
4267 48 
4271 812 
4285 18 
4287 23 
4302 5 
4307 171 
4310 18 
4310 18 
4311 83 
4311 83 
4315 48 
4315 48 
4318 12 
4318 12 
4321 53 
4321 53 
4343 73 
4343 73 
4350 98 
4350 98 
4352 65 
4352 65 
4355 89 
4355 89 
4362 36 
4362 36 
4364 23 
4364 85 
4364 23 
4364 85 
4368 56 
4368 56 
4404 23 
4405 513 
4411 30 
4413 51 
4414 341 
4415 69 
4421 60 
4430 1077 
4433 24 
4433 178 
4434 116 
4451 43 
4455 799 
4492 35 
4492 20 
4496 109 
4497 37 
4503 36 
4508 7 
4508 67 
4512 160 
4515 191 
4516 308 
4525 132 
4528 196 
4528 6 
4531 44 
4535 38 
4540 137 
4552 46 
4555 13 
4559 194 
4575 76 
4577 13 
4601 7 
4607 55 
4614 206 
4624 321 
4627 60 
4628 12 
4630 70 
4647 19 
4647 123 
4647 97 
4648 70 
4666 52 
4682 28 
4697 24 
4700 15 
4703 38 
4717 17 
4717 369 
4718 6 
4725 37 
4728 22 
4745 83 
4751 24 
4765 57 
4769 127 
4800 18 
4830 13 
4831 39 
4849 384 
4852 98 
4855 14 
4865 52 
4872 370 
4898 15 
4905 78 
4908 1182 
4912 16 
4918 157 
4923 29 
4934 49 
4938 61 
4955 22 
4956 192 
4958 1006 
4982 98 
4990 11 
5000 75 
5017 59 
5019 43 
5022 308 
5026 72 
5028 23 
5029 143 
5032 69 
5039 21 
5053 204 
5065 117 
5070 19 
5078 119 
5089 74 
5092 20 
5095 47 
5098 53 
5102 25 
5103 91 
5109 40 
5122 83 
5126 20 
5129 59 
5134 345 
5137 1340 
5148 50 
5184 105 
5190 9 
5191 1 
5191 92 
5204 14 
5223 112 
5227 45 
5234 68 
5240 90 
5240 35 
5247 58 
5257 155 
5259 13 
5274 52 
5281 60 
5285 91 
5305 18 
5308 25 
5337 83 
5342 74 
5352 102 
5355 8 
5355 231 
5359 158 
5372 77 
5393 127 
5418 104 
5422 51 
5424 135 
5436 30 
5464 17 
5466 7 
5471 87 
5476 72 
5478 79 
5482 31 
5487 57 
5509 67 
5510 59 
5517 88 
5519 324 
5531 69 
5535 106 
5544 38 
5545 99 
5556 40 
5566 52 
5579 103 
5615 106 
5642 126 
5642 22 
5646 47 
5647 67 
5654 35 
5674 44 
5691 20 
5694 57 
5713 38 
5713 33 
5717 74 
5722 101 
5731 38 
5733 43 
5734 17 
5736 11 
5737 121 
5739 179 
5745 16 
5790 46 
5791 56 
5793 236 
5808 148 
5815 521 
5816 130 
5819 39 
5820 131 
5826 67 
5827 73 
5834 21 
5835 71 
5839 24 
5848 27 
5852 71 
5881 1113 
5882 71 
5909 60 
5923 72 
5945 44 
5950 53 
5956 55 
6002 75 
6007 18 
6025 98 
6048 42 
6052 34 
6063 4 
6081 141 
6131 227 
6137 102 
6139 656 
6156 51 
6162 19 
6188 18 
6194 23 
6199 160 
6231 38 
6247 104 
6250 58 
6263 54 
6291 91 
6295 107 
6297 139 
6318 107 
6318 41 
6341 56 
6379 15 
6388 21 
6392 68 
6392 78 
6400 69 
6403 155 
6406 79 
6434 98 
6444 7 
6455 0 
6476 15 
6489 225 
6498 100 
6507 184 
6550 63 
6599 196 
6605 78 
6639 75 
6643 92 
6648 92 
6655 152 
6683 477 
6691 28 
6702 134 
6702 27 
6733 3 
6742 111 
6745 47 
6769 7 
6803 114 
6816 37 
6833 64 
6833 72 
6855 40 
6856 28 
6881 48 
6884 52 
6891 63 
6916 22 
6920 24 
6935 134 
6989 18 
6999 103 
7036 521 
7058 43 
7074 16 
7076 60 
7089 12 
7125 11 
7130 75 
7158 58 
7167 20 
7177 78 
7183 83 
7185 61 
7188 127 
7200 147 
7215 34 
7215 128 
7220 137 
7237 29 
7270 89 
7272 32 
7291 92 
7291 99 
7298 26693 
7299 21 
7343 70 
7354 2414 
7384 54 
7392 4 
7423 22 
7438 5 
7530 39 
7582 19 
7696 37 
7705 68 
7706 4 
7708 23 
7716 133 
7720 7 
7726 15 
7730 19 
7759 35 
7767 56 
7784 3 
7794 55 
7804 50 
7806 55 
7835 143 
7865 73 
7882 76 
7893 19 
7933 48 
7950 49 
7951 26 
7960 16 
7981 88 
8067 9 
8097 7 
8109 170 
8124 42 
8124 41 
8148 64 
8199 28 
8204 64 
8222 19 
8246 87 
8327 1 
8359 7 
8386 142 
8412 52 
8488 14 
8523 21 
8525 74 
8606 27 
8649 25 
8662 47 
8662 3 
8690 69 
8712 31 
8789 29 
8797 22 
8818 40 
8833 77 
8899 334 
8913 6 
8933 30 
8947 34 
8960 191 
8998 217 
9008 107 
9034 42 
9058 152 
9085 412 
9111 82 
9123 1856 
9133 81 
9148 51 
9149 16 
9155 4 
9197 81 
9220 50 
9223 38 
9239 50 
9259 29 
9329 783 
9351 74 
9363 73 
9372 53 
9420 85 
9501 11 
9566 6 
9619 106 
9620 35 
9633 57 
9635 66 
9646 76 
9647 39 
9653 23 
9719 412 
9728 174 
9729 28 
9742 40 
9751 18 
9767 67 
9819 102 
9844 13 
9887 48 
9945 24 
9984 38 
10000 26 
10001 53 
10004 14 
10026 39 
10035 68 
10038 34 
10057 66 
10061 64 
10069 12 
10092 143 
10140 2 
10188 3 
10204 61 
10217 76 
10227 28 
10234 198 
10235 30 
10307 20 
10312 17 
10330 107 
10338 85 
10355 331 
10456 254 
10471 22 
10531 64 
10538 69 
10586 34 
10592 133 
10657 47 
10673 48 
10700 22 
10714 47 
10728 11 
10739 1 
10760 75 
10817 69 
10883 37 
10898 17 
10899 63 
10929 21 
10934 31 
10954 41 
10968 26 
10976 115 
11003 43 
11032 71 
11037 75 
11038 25 
11053 39 
11063 135 
11069 35 
11230 41 
11278 9 
11282 46 
11365 105 
11370 33 
11373 13 
11391 33 
11463 91 
11517 101 
11528 47 
11544 18 
11554 180 
11556 26 
11572 267 
11576 42 
11621 157 
11671 22 
11696 22 
11739 78 
11792 11 
11824 117 
11896 51 
11899 137 
11922 40 
12040 56 
12052 41 
12084 13 
12085 18 
12109 54 
12113 82 
12120 51 
12148 86 
12155 107 
12155 8 
12157 39 
12161 9 
12197 39 
12244 58 
12327 192 
12332 48 
12349 35 
12380 14 
12398 46 
12405 30 
12405 216 
12447 37 
12447 113 
12466 76 
12471 37 
12557 22 
12658 141 
12658 73 
12689 15 
12699 99 
12751 189 
12767 1 
12773 53 
12891 42 
12900 29 
12905 39 
12919 21 
13043 107 
13063 19 
13067 142 
13097 32 
13125 108 
13162 807 
13175 107 
13251 0 
13288 99 
13307 76 
13316 26 
13350 29 
13350 122 
13403 74 
13411 43 
13487 83 
13771 110 
13822 43 
13892 76 
13904 39 
13982 23 
14136 1539 
14141 93 
14143 172 
14201 87 
14222 74 
14271 71 
14275 47 
14370 85 
14448 37 
14460 158 
14465 86 
14484 121 
14489 121 
14518 83 
14588 36 
14612 41 
14694 51 
14746 97 
14951 163 
14953 50 
14986 56 
15027 127 
15044 44 
15061 1289 
15111 42 
15125 18 
15134 40 
15192 17 
15242 215 
15313 36 
15346 7 
15362 185 
15364 71 
15431 128 
15607 141 
15650 83 
15652 18 
15688 8 
15897 110 
16003 18 
16015 109 
16130 28 
16163 26 
16202 16 
16233 1 
16263 125 
16272 15 
16315 56 
16415 27 
16458 48 
16535 93 
16559 102 
16698 46 
16709 89 
16750 21 
17147 54 
17192 12 
17415 2 
17448 51 
17540 113 
17685 43 
17716 16 
17717 43 
17773 71 
17815 27 
17853 82 
17880 67 
17937 98 
17980 16 
17995 21 
18136 36 
18205 35 
18260 24 
18659 125 
18756 692 
18821 462 
18851 49 
18980 80 
19053 166 
19070 191 
19130 58 
19230 122 
19251 3 
19293 48 
19311 130 
19325 77 
19441 92 
19455 106 
19653 140 
19674 38 
19694 89 
19699 13 
19856 21 
19856 21 
19945 145 
20015 106 
20052 746 
20209 55 
20239 103 
20325 45 
20380 93 
20391 21 
20466 59 
20582 5 
20623 70 
20697 11 
20757 37 
20860 100 
21041 52 
21144 65 
21214 86 
21264 331 
21265 15 
21466 3 
21560 44 
21709 57 
21834 5004 
21976 483 
21981 1 
22064 443 
22252 80 
22690 2 
22711 91 
22923 155 
22951 233 
23076 949 
23401 606 
23497 94 
23608 35 
23719 108 
24153 41 
24192 54 
24201 2 
24265 36 
24478 5 
24543 28 
24618 33 
24796 4 
24870 436 
24973 39 
24995 32 
25054 46 
25105 48 
25204 104 
25523 33 
25815 0 
25929 66 
25944 286 
26088 66 
26211 414 
26229 16 
26402 27 
26600 55 
26642 114 
26779 22 
26807 34 
26938 8 
26942 41 
26956 36 
26981 40 
27048 23 
27248 66 
27271 136 
27436 156 
28237 61 
28410 55 
28635 2711 
28721 24 
28724 59 
28751 77 
28869 9 
28898 214 
28914 77 
28919 35 
28945 25 
29071 38 
29207 102 
29228 136 
29288 36 
29330 51 
29520 331 
29528 45 
29736 50 
30087 24 
30544 94 
30549 83 
30603 1 
30609 61 
30671 61 
30809 11 
30885 62 
31193 29 
31354 2 
31489 19 
31558 26 
31788 8378 
32056 82 
32142 27 
32159 64 
32446 62 
32517 336 
32539 26 
32608 27 
32775 4 
32895 346 
32917 101 
32982 290 
33026 9 
33050 17 
33067 28 
33181 25 
33222 60 
33353 377 
33353 377 
33383 67 
33432 28 
33614 8 
33804 46 
33998 73 
34024 221 
34064 64 
34116 65 
34204 107 
34235 71 
34285 72 
34356 128 
34498 190 
34526 52 
34596 11 
34902 426 
35039 210 
35119 133 
35212 83 
35244 131 
35362 70 
35425 124 
35498 26 
35588 21 
35677 26 
35763 706 
35772 1601 
35789 15 
35843 78 
35934 15 
36180 61 
36308 182 
36353 38 
36454 15 
36499 125 
36531 72 
36638 14 
36666 49 
36734 101 
36806 139 
36935 61 
37051 18 
37060 16 
37095 48 
37311 111 
37400 80 
37499 98 
37733 24 
37742 192 
37832 28 
37834 74 
37887 6 
37889 46 
37926 1138 
37985 96 
38015 112 
38080 56 
38130 111 
38159 77 
38206 63 
38467 9277 
38538 45 
38623 48 
38686 16 
38692 29 
38732 47 
38732 34 
38863 78 
38878 167 
38994 28 
39196 194 
39383 34 
39676 62 
39716 11 
39806 24 
39841 41 
39882 50 
40024 94 
40026 74 
40028 105 
40047 67 
40133 73 
40140 0 
40168 22 
40240 15 
40242 24 
40381 149 
40382 112 
40421 92 
40506 191 
40508 242 
40543 6 
40559 524 
40562 27 
40625 72 
40686 26 
40783 52 
40811 302 
40855 80 
40980 20 
41055 2240 
41066 167 
41097 15 
41116 49 
41154 98 
41265 52 
41292 23 
41402 60 
41556 23 
41683 91 
41748 16 
41821 38 
41931 26 
42007 52 
42147 35 
42194 2 
42202 732 
42337 66 
42343 539 
42420 58 
42459 9 
42461 32 
42650 10 
42652 113 
42677 32 
42747 130 
42793 102 
42841 282 
42847 130 
42876 50 
42940 2 
43100 141 
43291 26 
43293 68 
43355 136 
43453 7 
43480 0 
43589 279 
43592 103 
43608 144 
43623 97 
43636 11 
43695 65 
43805 2 
43833 25 
43919 148 
43923 38 
43924 91 
43939 51 
43989 81 
44009 74 
44059 20 
44122 17 
44196 57 
44247 124 
44433 231 
44446 502 
44466 41 
44505 31 
44506 105 
44571 139 
44593 14 
44623 2 
44660 60 
44728 930 
44871 22 
45098 41 
45147 106 
45161 44 
45179 39 
45276 71 
45335 35 
45435 8 
45484 30 
45627 2 
45725 97 
45754 161 
45822 11 
45897 63 
45900 34 
45957 117 
46178 5 
46456 231 
46573 16 
46639 41 
46656 85 
46682 159 
46695 55 
46775 58 
46849 56 
46851 67 
46856 16 
46932 6 
46944 45 
46971 118 
47194 168 
47229 10 
47409 87 
47429 56 
47482 75 
47561 55 
47563 7 
47615 73 
47674 110 
47855 143 
47855 143 
47942 20 
48033 111 
48115 44 
48266 8 
48279 49 
48291 15 
48383 39 
48469 41 
48556 10458 
48611 6 
48615 59 
48621 68 
48622 1 
48729 158 
48836 212 
48854 92 
48865 212 
48902 22 
48905 322 
49037 267 
49048 117 
49055 60 
49069 2187 
49309 219 
49378 59 
49481 116 
49503 53 
49521 66 
49539 124 
49582 249 
49622 190 
49630 639 
49678 11 
49699 39 
49844 143 
49960 127 
49998 120 
50064 713 
50167 18 
50215 93 
50351 158 
50385 57 
50499 247 
50506 11 
50554 33 
50593 32 
50650 4 
50819 54 
50840 134 
50891 0 
50916 3 
50963 12 
51017 408 
51078 639 
51094 84 
51243 259 
51268 192 
51290 475 
51438 174 
51517 0 
51544 56 
51582 2061 
51690 53 
51695 18 
51838 514 
51886 129 
51970 279 
52001 1087 
52009 128 
52066 359 
52098 17 
52468 14 
52470 14 
52644 51 
52724 52 
52783 220 
52897 108 
52912 39 
52993 36 
53047 187 
53078 157 
53098 78 
53136 4544 
53178 3156 
53206 69 
53247 7 
53268 14 
53287 316 
53493 57 
53495 1 
53568 32 
53585 1132 
53605 202 
53624 158 
53728 173 
53812 256 
53816 2085 
53882 15 
53911 58 
53952 40 
53974 198 
53981 6 
54069 269 
54154 27 
54161 1203 
54162 169 
54295 223 
54430 23 
54434 402 
54633 16 
54671 239 
54706 59 
54784 515 
54847 113 
55011 343 
55057 315 
55073 1047 
55086 44 
55117 31 
55124 154 
55217 46 
55237 108 
55269 450 
55361 104 
55393 298 
55454 4596 
55600 978 
55632 13 
55737 11 
55777 11 
55792 35 
55993 0 
56098 23 
56135 371 
56145 40 
56236 139 
56266 139 
56317 10 
56496 171 
56513 78 
56528 181 
56609 77 
56613 643 
56633 138 
56759 85 
56838 522 
56856 76 
56881 366 
57050 70 
57052 80 
57060 33 
57110 50 
57150 127 
57273 18 
57300 96 
57350 66 
57459 66 
57504 25 
57638 80 
57711 15 
57734 62 
57926 5 
57927 457 
57935 272 
57966 275 
57971 237 
58267 41 
58718 44 
58969 40 
59259 25 
59526 44 
59819 62 
60357 30 
60494 11 
60595 27 
60595 153 
60675 341 
60696 40 
60707 286 
60711 7 
60773 26 
60887 196 
60914 337 
60960 54 
60965 72 
60978 361 
60984 131 
61001 27 
61016 41 
61023 164 
61026 28 
61027 285 
61184 65 
61201 106 
61205 25 
61244 362 
61262 38 
61291 102 
61313 61 
61373 221 
61391 238 
61395 505 
61405 86 
61463 118 
61493 26 
61528 374 
61536 169 
61659 79 
61662 777 
61678 786 
61683 99 
61744 847 
61793 95 
61850 29 
61897 271 
61917 657 
61972 222 
61978 485 
62033 105 
62109 163 
62126 62 
62315 153 
62358 46 
62358 46 
62379 204 
62379 204 
62461 530 
62500 40 
62726 2401 
62814 272 
62842 258 
62969 117 
63050 187 
63155 652 
63263 836 
63291 109 
63307 117 
63332 80 
63341 76 
63356 1221 
63377 104 
63384 23 
63394 131 
63450 315 
63460 126 
63464 113 
63501 188 
63510 436 
63554 38 
63582 284 
63674 741 
63762 60 
63773 4011 
63776 539 
63782 72 
63801 357 
63903 19 
63906 300 
63934 54 
64082 255 
64089 1946 
64089 475 
64185 88 
64207 6 
64223 77 
64421 298 
64489 106 
64498 1953 
64923 9 
65252 318 
65321 21 
65515 63 
66031 139 
66064 163 
66164 72 
66267 76 
66549 63 
66709 226 
66965 68 
67015 27 
67029 137 
67048 90 
67412 157 
67492 26 
67583 276 
67613 46 
67680 12 
67979 6 
68429 36 
68526 30 
68605 30 
68632 46 
68646 24 
68777 115 
69290 4 
69508 73 
69594 15 
69747 46 
70028 22 
70146 627 
70279 135 
70365 32 
70628 65 
70925 51 
70999 395 
71032 431 
71136 181 
71257 54 
71307 22 
71390 454 
71422 49 
71459 1245 
71472 457 
71588 97 
72037 1180 
72046 481 
72334 81 
72399 54 
72473 159 
72551 9 
73076 23 
73080 389 
73661 2 
74340 101 
74476 86 
74602 93 
74682 76 
75256 25 
75340 360 
75710 44 
76546 65 
76604 2550 
76630 143 
76716 22 
76748 267 
77204 166 
77852 67 
77859 40 
78092 185 
78703 52 
78752 9 
78865 68 
79518 103 
79670 0 
80396 20 
80662 143 
80855 15 
80921 4 
81108 4 
81128 31 
81523 17 
81839 178 
81972 227 
82039 5 
82625 81 
82896 34 
83122 51 
83166 35 
83408 120 
83459 144 
83785 521 
83830 65 
84752 32 
85035 180 
85044 122 
85293 294 
85810 80 
86287 180 
86414 37 
86631 1 
87368 68 
88140 1579 
88928 244 
89169 304 
89177 100 
89539 41 
89545 247 
90636 333 
91310 43 
91917 144 
92836 200 
92874 283 
92986 555 
93218 56 
94376 2 
94882 43090 
94900 169 
94973 192 
95021 47 
95076 85 
95134 479 
95850 6 
96627 102 
96975 471 
97138 76 
97148 2646 
97436 35 
101019 416 
101075 31 
103413 196 
103495 53 
104088 65 
104410 8 
108335 47 
110850 77 
119389 23 
120255 0 
124833 84 
126088 198 
126496 45 
127504 129 
128264 25 
129739 174 
130325 110 
131744 9 
133222 208 
135338 28 
136142 17 
138351 17 
141482 103 
141885 57 
143132 54 
146039 231 
147056 23 
148818 18 
150337 37 
151347 2 
151523 45 
155857 119 
157794 61 
157864 166 
158022 61 
158161 250 
158223 117 
158322 136 
158465 16 
158866 1 
159303 273 
159620 17 
160302 59 
160330 961 
160549 62 
160857 23 
164406 404 
166657 54 
171685 127 
175205 1 
175294 594 
176017 191 
176948 95 
179444 18 
181301 135 
183125 1065 
183155 7 
183303 9 
185064 102 
197946 1791 
200946 437 
201139 53 
201590 11 
201962 92 
202028 106 
206172 81 
206203 220 
210163 28 
220599 36 
221374 194 
225537 12 
226382 169 
226394 13 
227694 23 
228656 539 
232866 16 
235351 250 
240293 22 
244756 183 
247402 20 
255031 18 
262262 79 
270703 25 
272599 96 
275591 193 
292659 1045 
299733 44 
300191 54 
311723 228 
313379 49 
314210 1 
323100 15 
324370 13 
325558 56 
328974 380 
329307 55 
329766 241 
329970 22 
330063 363 
330083 119 
331177 17 
332774 4 
333032 41 
333244 3 
333666 3238 
333852 116 
335113 59 
338232 21 
340160 112 
343806 34 
347393 44 
347711 89 
350001 3 
357013 17 
359981 2469 
363919 0 
388108 34 
390092 1169 
390472 65 
392888 1 
401162 52 
405664 12 
410738 63 
415859 0 
418587 0 
423126 44 
423487 69 
427054 6 
428279 106 
431106 301 
431140 190 
435816 84 
438243 6 
447414 119 
447492 144 
447905 120 
455740 60 
458298 329 
466806 124 
471788 61 
475625 372 
476709 227 
478654 1 
479504 102 
488394 466 
489979 222 
490678 11 
492144 2 
504382 16 
505078 2357 
508047 75 
508157 14 
508206 11 
508728 15 
509418 412 
516582 1 
521469 326 
523389 354 
525235 61 
553938 96 
555254 39 
563390 425 
564609 196 
565806 41 
565846 45 
565904 81 
566235 222 
567753 22 
573705 236 
573947 123 
574155 109 
574515 259 
575596 61 
575698 408 
575744 159 
575784 324 
575952 307 
575974 616 
575975 48 
576176 456 
576438 13 
576544 280 
576677 92 
576925 98 
578101 11 
578277 396 
578342 921 
579508 13 
579540 182 
579739 6 
581268 1087 
588818 572 
589884 17 
593710 16 
