2751 14.7653009259
0 3345148 
8 210 
10 415 
12 558 
19 16 
21 147 
23 85 
24 88 
26 224 
30 68 
31 339 
31 57 
32 234 
32 384 
33 100 
33 110 
33 25 
34 73 
35 68 
35 59 
35 28 
36 47 
36 151 
36 174 
37 225 
42 78 
42 140 
43 9 
43 33 
44 23 
44 82 
44 44 
44 67 
44 262 
45 60 
47 1080 
49 26 
51 16 
51 159 
52 108 
53 250 
53 640 
53 50 
54 39 
55 47 
55 128 
55 217 
56 83 
56 119 
56 116 
59 15 
60 61 
60 3 
60 75 
61 245 
61 105 
62 30 
63 469 
63 121 
63 55 
63 143 
64 31 
65 66 
66 88 
66 24 
67 34 
68 126 
69 169 
69 26 
69 44 
70 63 
70 48 
70 42 
72 22 
72 62 
72 142 
73 162 
73 131 
74 76 
75 111 
75 75 
76 138 
76 753 
77 87 
77 59 
78 118 
78 80 
78 107 
79 167 
79 31 
81 275 
81 560 
81 150 
81 9 
82 104 
82 172 
82 114 
82 62 
83 426 
83 178 
84 183 
84 53 
85 90 
85 131 
86 188 
86 122 
86 209 
87 81 
87 118 
87 5 
88 33 
88 57 
88 73 
88 23 
89 65 
89 51 
90 148 
90 263 
91 157 
91 180 
91 246 
92 251 
92 46 
92 232 
92 319 
93 153 
93 75 
93 246 
93 76 
93 135 
93 114 
94 208 
94 121 
94 45 
95 59 
95 108 
95 232 
96 180 
96 161 
97 124 
97 34 
97 107 
97 104 
97 152 
98 163 
98 126 
98 254 
98 227 
99 934 
99 115 
99 207 
99 200 
100 124 
101 29 
101 328 
101 94 
101 80 
101 127 
101 70 
101 231 
102 9 
102 57 
102 109 
102 75 
102 155 
103 194 
103 113 
103 78 
104 117 
104 115 
104 280 
104 429 
105 29 
105 133 
105 184 
105 650 
106 335 
106 81 
106 329 
107 32 
107 113 
107 255 
108 783 
108 96 
108 195 
108 74 
108 84 
108 156 
110 200 
110 118 
110 199 
110 53 
110 123 
110 11 
112 39 
112 181 
112 38 
112 278 
113 23 
114 71 
114 25 
115 1345 
115 1069 
115 169 
116 86 
116 16 
116 126 
116 1530 
117 49 
117 337 
117 163 
118 208 
118 132 
119 52 
119 57 
120 590 
120 792 
120 41 
120 324 
120 177 
120 26 
120 164 
120 141 
121 54 
121 0 
121 81 
121 280 
121 678 
121 281 
122 111 
122 62 
122 129 
123 217 
123 67 
123 36 
123 56 
123 50 
124 101 
124 108 
125 70 
126 71 
126 243 
127 109 
127 132 
127 311 
128 131 
128 258 
128 316 
128 532 
129 223 
130 180 
131 490 
131 441 
131 412 
132 270 
133 160 
133 276 
133 20 
133 308 
134 48 
135 93 
135 80 
136 376 
136 98 
136 134 
138 89 
138 290 
138 611 
138 72 
138 711 
138 229 
138 990 
139 88 
139 99 
139 246 
140 137 
141 57 
141 76 
141 74 
141 65 
142 46 
142 577 
142 138 
142 127 
143 47 
143 446 
143 87 
143 70 
144 61 
144 124 
144 145 
144 121 
145 160 
146 238 
146 667 
146 30 
146 76 
147 115 
147 57 
147 151 
147 44 
148 41 
148 99 
148 193 
148 1327 
148 174 
149 301 
149 164 
149 61 
150 227 
150 337 
150 78 
151 221 
152 362 
152 75 
152 214 
153 125 
153 79 
154 63 
155 182 
155 415 
155 148 
155 427 
156 63 
156 155 
157 84 
158 51 
158 107 
158 139 
158 93 
159 152 
159 104 
159 168 
159 94 
160 142 
160 124 
160 35 
160 278 
161 102 
161 129 
161 370 
162 128 
162 184 
163 636 
163 157 
163 410 
163 901 
163 50 
163 174 
164 160 
164 77 
164 100 
164 225 
164 1396 
165 38 
166 135 
166 71 
167 51 
167 994 
167 538 
168 31 
169 80 
169 18 
169 120 
170 498 
170 26 
170 136 
171 98 
173 174 
173 51 
173 49 
173 82 
173 175 
174 51 
174 123 
174 100 
174 5156 
174 35 
175 67 
175 168 
175 49 
176 321 
177 136 
178 78 
178 152 
178 100 
179 144 
180 149 
180 409 
180 35 
181 122 
181 157 
182 22 
182 145 
182 226 
182 185 
183 182 
183 31 
183 71 
183 79 
183 646 
184 119 
184 133 
184 154 
184 169 
184 131 
185 12 
185 74 
186 224 
186 313 
187 131 
187 178 
187 46 
188 41 
188 101 
188 34 
188 130 
188 83 
189 81 
189 134 
189 95 
189 214 
189 158 
189 17 
192 14 
192 117 
193 680 
193 125 
193 33 
194 505 
194 69 
194 88 
194 104 
195 82 
195 137 
196 187 
196 209 
197 25 
198 135 
198 417 
199 44 
200 35 
200 210 
200 671 
202 170 
202 68 
202 73 
202 38 
204 103 
204 461 
205 125 
206 421 
207 401 
208 357 
208 56 
208 159 
209 28 
209 50 
210 5 
210 16 
210 69 
210 272 
210 143 
212 33 
213 485 
214 149 
215 70 
216 14 
216 119 
217 361 
217 551 
217 379 
217 109 
218 82 
219 122 
219 200 
219 124 
220 115 
220 104 
220 182 
221 278 
221 13 
221 644 
222 115 
222 12 
223 240 
224 70 
224 59 
225 433 
225 20 
225 281 
226 148 
226 640 
226 113 
227 106 
227 114 
227 163 
227 116 
227 366 
228 32 
228 15 
228 220 
229 84 
229 255 
230 341 
230 54 
231 167 
231 55 
231 179 
231 30 
231 89 
232 36 
232 44 
232 86 
232 328 
233 35 
234 88 
234 13 
235 768 
236 111 
237 253 
239 109 
239 279 
240 135 
241 97 
241 177 
241 591 
241 58 
242 82 
243 128 
243 188 
243 100 
243 175 
243 35 
244 70 
244 1196 
244 149 
245 50 
246 119 
246 175 
247 58 
248 147 
248 21 
248 161 
249 135 
250 273 
251 177 
253 152 
254 295 
255 36 
255 421 
256 49 
256 1135 
256 117 
256 243 
257 27 
257 44 
258 93 
258 1937 
259 60 
260 192 
262 122 
262 89 
263 51 
263 101 
263 89 
264 39 
266 69 
267 182 
267 175 
268 113 
269 370 
269 51 
269 237 
271 168 
271 80 
272 181 
273 62 
273 95 
274 85 
275 17 
275 42 
276 116 
276 28 
277 80 
277 415 
278 111 
278 162 
280 53 
282 184 
282 38 
282 371 
283 81 
283 76 
284 64 
285 92 
286 107 
286 296 
286 84 
287 151 
288 122 
289 126 
289 281 
290 184 
290 58 
290 144 
292 54 
292 55 
293 315 
294 174 
294 217 
294 297 
295 134 
295 511 
295 95 
296 66 
296 207 
296 75 
298 247 
298 125 
299 464 
299 328 
300 55 
301 32 
302 191 
302 94 
302 59 
302 147 
302 45 
303 93 
304 103 
304 485 
304 110 
305 116 
305 561 
305 51 
306 22 
306 251 
308 157 
309 165 
309 380 
309 82 
311 69 
312 120 
314 12 
315 141 
315 212 
315 85 
316 76 
317 208 
317 3493 
317 35 
317 32 
318 44 
319 256 
319 100 
320 94 
320 68 
320 260 
321 98 
321 113 
322 327 
323 43 
324 135 
324 247 
325 297 
327 123 
328 203 
328 5 
329 169 
330 611 
330 54 
331 106 
333 188 
333 178 
334 245 
336 8 
336 32 
338 55 
342 39 
343 102 
343 203 
344 83 
344 89 
344 287 
344 242 
345 70 
346 311 
346 41 
347 116 
347 55 
347 296 
348 231 
348 55 
349 196 
349 189 
351 165 
352 53 
353 45 
355 973 
355 22 
355 27 
356 179 
356 128 
357 106 
360 921 
360 84 
361 206 
362 29 
362 61 
363 304 
363 87 
364 569 
364 82 
364 56 
364 168 
366 258 
366 38 
366 93 
366 231 
367 132 
368 111 
368 31 
371 85 
372 181 
372 108 
372 152 
373 224 
373 283 
374 28 
375 59 
375 24 
376 85 
377 42 
378 46 
381 81 
382 79 
382 286 
382 251 
385 177 
385 321 
386 192 
386 88 
387 226 
388 45 
388 328 
389 84 
389 4677 
391 111 
391 84 
391 97 
391 40 
394 114 
394 74 
395 52 
395 127 
396 42 
397 51 
398 101 
399 452 
400 59 
400 396 
402 14 
402 195 
402 106 
403 37 
403 89 
404 45 
405 245 
405 84 
407 49 
408 32 
408 88 
409 89 
409 237 
410 99 
411 135 
411 227 
412 26 
412 390 
416 17 
417 117 
419 16 
421 80 
422 24 
423 112 
424 100 
424 223 
424 33 
425 286 
426 147 
427 45 
427 100 
428 120 
430 174 
430 12 
430 14 
431 83 
431 101 
432 60 
433 211 
434 15 
435 121 
435 29 
435 130 
435 42 
436 245 
436 38 
436 11 
437 68 
438 186 
440 69 
440 109 
441 74 
441 175 
441 39 
441 77 
444 38 
445 103 
446 566 
447 43 
448 79 
450 153 
450 1590 
451 241 
452 303 
453 94 
454 114 
456 22 
457 8 
457 48 
458 223 
459 174 
459 192 
461 364 
461 13 
461 95 
466 131 
467 303 
469 24 
469 89 
470 105 
471 84 
472 29 
474 135 
475 91 
475 202 
475 152 
475 105 
476 69 
477 35 
478 265 
479 232 
479 97 
479 40 
481 308 
481 747 
482 138 
482 319 
482 60 
483 104 
483 74 
485 298 
486 60 
490 13 
491 33 
493 233 
494 571 
495 116 
496 109 
496 16 
498 232 
502 112 
504 93 
504 94 
505 56 
505 24 
505 170 
507 192 
507 158 
508 211 
508 164 
511 16 
511 264 
512 19 
512 55 
515 31 
516 28 
517 92 
518 149 
518 104 
518 171 
523 760 
523 250 
523 154 
523 42 
525 81 
526 112 
526 27 
528 53 
529 58 
533 34 
533 135 
534 184 
539 71 
539 282 
541 226 
542 366 
544 32 
545 317 
545 177 
547 98 
547 102 
549 83 
550 218 
552 131 
552 46 
553 246 
554 102 
558 92 
559 88 
559 119 
560 6 
561 252 
561 844 
562 542 
562 71 
563 114 
563 82 
566 117 
567 208 
568 80 
569 202 
569 73 
573 43 
575 270 
579 73 
583 33 
585 142 
586 409 
590 92 
590 182 
591 525 
592 121 
593 230 
597 334 
599 44 
599 43 
600 412 
600 127 
600 1 
600 90 
601 141 
602 51 
604 81 
604 126 
604 386 
605 63 
607 160 
607 113 
610 37 
613 58 
614 24 
614 209 
614 62 
615 573 
615 89 
616 67 
619 66 
621 97 
622 11 
622 141 
623 136 
624 131 
627 147 
627 342 
629 53 
629 304 
632 175 
637 107 
638 145 
639 113 
640 361 
640 105 
645 111 
646 49 
647 23 
649 277 
649 21 
649 94 
650 83 
652 163 
653 14 
653 214 
653 46 
654 59 
654 80 
655 92 
656 156 
657 80 
660 571 
660 171 
661 50 
661 390 
662 112 
664 115 
665 16 
665 81 
669 330 
672 50 
674 148 
675 68 
675 90 
676 41 
676 381 
677 132 
679 594 
681 120 
682 142 
683 119 
683 21 
684 102 
685 340 
685 346 
687 258 
688 68 
689 265 
690 64 
691 155 
692 170 
692 123 
694 105 
694 103 
694 49 
696 132 
696 340 
697 157 
697 17 
698 99 
698 133 
700 169 
703 2639 
704 192 
704 48 
706 203 
709 253 
711 126 
711 126 
711 284 
711 167 
713 244 
713 83 
713 50 
713 244 
713 83 
713 50 
714 96 
714 96 
716 155 
716 89 
716 89 
716 155 
717 70 
717 70 
718 56 
718 56 
718 411 
718 411 
718 32 
718 32 
720 96 
720 133 
720 133 
720 96 
722 125 
722 125 
724 128 
724 128 
724 301 
724 92 
724 92 
724 301 
726 87 
726 87 
726 66 
726 66 
729 147 
729 120 
729 147 
729 120 
731 130 
731 33 
731 33 
731 130 
733 161 
733 161 
737 211 
737 211 
738 108 
738 108 
738 75 
738 75 
742 160 
742 160 
743 260 
743 260 
744 49 
744 49 
745 82 
745 52 
745 52 
745 147 
745 147 
745 82 
747 93 
747 93 
748 309 
748 108 
748 108 
748 309 
749 10 
749 10 
754 307 
754 307 
755 98 
755 98 
756 46 
756 231 
756 231 
756 46 
760 9 
760 9 
761 212 
761 212 
762 398 
762 398 
763 170 
763 268 
763 268 
763 170 
764 181 
764 181 
767 352 
767 54 
767 352 
767 25 
767 25 
767 54 
768 102 
768 102 
769 33 
769 120 
769 120 
769 33 
770 11 
770 11 
771 11 
771 11 
774 65 
774 65 
775 7 
776 52 
776 175 
779 47 
779 65 
782 95 
783 1452 
786 719 
786 32 
787 79 
792 70 
793 1520 
793 12 
796 163 
796 127 
797 19 
799 67 
800 471 
801 111 
801 108 
801 183 
801 111 
803 97 
806 67 
808 45 
809 81 
810 82 
813 84 
815 24 
818 161 
821 24 
821 77 
823 90 
824 175 
826 318 
827 75 
830 855 
835 37 
838 319 
840 12 
841 66 
841 78 
842 242 
846 438 
848 180 
848 57 
849 75 
849 70 
851 649 
851 139 
853 63 
853 23 
855 82 
855 305 
858 271 
861 325 
865 307 
867 98 
868 54 
869 47 
869 48 
870 101 
873 23 
875 48 
877 273 
878 179 
879 114 
885 2008 
888 86 
890 28 
891 91 
892 45 
892 23 
895 74 
897 99 
898 77 
900 106 
905 85 
908 420 
910 104 
911 209 
911 68 
912 52 
914 304 
916 22 
919 116 
920 116 
920 273 
922 303 
923 74 
928 197 
929 114 
930 102 
930 175 
931 206 
932 219 
934 23 
934 142 
935 29 
938 267 
941 19 
941 62 
942 205 
954 45 
954 67 
955 509 
959 22 
961 352 
962 56 
965 166 
966 55 
969 24 
969 29 
969 344 
970 102 
975 586 
978 40 
980 119 
986 96 
986 114 
991 57 
994 99 
994 99 
994 49 
996 17 
996 309 
996 483 
996 193 
999 74 
1002 58 
1004 172 
1004 118 
1005 78 
1006 132 
1006 181 
1007 251 
1010 193 
1010 8 
1011 62 
1014 127 
1018 31 
1018 41 
1023 114 
1025 14 
1025 34 
1025 34 
1032 33 
1032 106 
1035 67 
1039 282 
1041 116 
1045 33 
1046 82 
1047 128 
1048 96 
1049 92 
1058 132 
1060 124 
1064 346 
1066 141 
1072 30 
1079 87 
1085 49 
1086 69 
1094 91 
1100 71 
1103 255 
1103 74 
1104 182 
1105 34 
1105 167 
1108 3 
1111 204 
1112 16 
1114 35 
1117 36 
1120 103 
1121 20 
1125 39 
1125 121 
1127 48 
1127 214 
1129 181 
1129 75 
1130 107 
1133 220 
1135 132 
1137 104 
1138 176 
1140 47 
1140 75 
1145 44 
1146 140 
1151 199 
1154 16 
1156 43 
1157 194 
1157 48 
1159 136 
1160 51 
1160 79 
1161 134 
1165 69 
1166 91 
1167 136 
1176 81 
1180 126 
1181 40 
1183 91 
1183 30 
1183 753 
1184 151 
1188 47 
1189 72 
1189 149 
1192 55 
1194 333 
1196 91 
1198 110 
1199 53 
1201 41 
1202 270 
1206 52 
1207 82 
1208 372 
1209 97 
1212 210 
1212 44 
1212 17 
1213 268 
1218 94 
1223 52 
1224 147 
1226 80 
1226 138 
1228 251 
1228 7 
1229 40 
1233 127 
1234 9 
1236 50 
1236 36 
1239 263 
1241 25 
1242 31 
1242 105 
1246 64 
1248 43 
1249 54 
1250 169 
1251 45 
1254 31 
1254 59 
1255 243 
1256 95 
1264 83 
1265 169 
1265 124 
1268 243 
1270 135 
1271 92 
1271 102 
1273 35 
1274 27 
1277 37 
1278 120 
1279 151 
1281 309 
1282 15 
1285 57 
1287 69 
1288 47 
1288 24 
1291 14 
1301 31 
1302 67 
1304 20 
1305 383 
1306 62 
1306 103 
1307 30 
1308 129 
1312 131 
1312 70 
1313 189 
1314 83 
1315 187 
1316 367 
1316 94 
1319 793 
1320 143 
1321 41 
1322 66 
1322 23 
1323 212 
1324 136 
1325 269 
1326 58 
1326 179 
1331 84 
1332 440 
1334 192 
1335 33 
1342 107 
1343 79 
1344 350 
1345 89 
1345 125 
1351 153 
1352 41 
1357 24 
1361 176 
1367 93 
1367 74 
1371 207 
1380 142 
1381 49 
1387 188 
1387 83 
1391 57 
1393 81 
1395 28 
1397 59 
1397 32 
1398 26 
1399 97 
1399 38 
1400 31 
1401 55 
1403 9 
1405 245 
1406 49 
1409 94 
1410 66 
1412 73 
1422 38 
1423 106 
1424 289 
1425 211 
1425 267 
1429 488 
1430 81 
1433 334 
1435 92 
1436 82 
1439 176 
1442 180 
1446 10 
1448 74 
1453 249 
1458 118 
1459 79 
1459 17 
1461 65 
1467 84 
1471 4 
1473 125 
1474 34 
1475 90 
1477 110 
1478 33 
1480 47 
1480 275 
1481 44 
1483 32 
1484 105 
1484 23 
1487 59 
1493 208 
1495 148 
1496 309 
1497 72 
1497 19 
1499 51 
1504 59 
1504 78 
1509 158 
1509 97 
1510 255 
1511 116 
1512 237 
1513 183 
1514 118 
1515 54 
1520 85 
1522 120 
1524 12 
1527 90 
1528 35 
1532 138 
1538 78 
1542 53 
1542 34 
1546 109 
1549 420 
1550 141 
1550 316 
1554 349 
1555 164 
1555 107 
1557 171 
1560 61 
1561 93 
1563 153 
1565 170 
1567 112 
1567 61 
1572 66 
1579 147 
1580 66 
1583 110 
1583 332 
1584 38 
1586 156 
1590 266 
1596 31 
1599 17 
1599 175 
1603 501 
1605 138 
1605 58 
1606 389 
1613 10 
1615 73 
1616 12 
1618 236 
1618 45 
1623 340 
1624 107 
1628 57 
1630 68 
1631 13 
1633 61 
1642 106 
1646 113 
1650 30 
1653 13 
1655 92 
1657 15 
1660 418 
1662 352 
1671 86 
1672 14 
1676 70 
1677 57 
1681 32 
1682 56 
1683 61 
1684 43 
1686 62 
1688 106 
1700 88 
1701 58 
1705 143 
1714 191 
1719 70 
1722 70 
1726 77 
1732 44 
1734 221 
1734 12 
1735 124 
1736 23 
1742 184 
1743 325 
1744 2 
1748 185 
1753 13 
1755 9 
1757 62 
1758 350 
1758 95 
1758 101 
1759 85 
1765 87 
1768 55 
1779 43 
1779 350 
1779 52 
1787 35 
1788 254 
1795 55 
1803 117 
1804 97 
1815 105 
1816 68 
1823 182 
1826 108 
1829 242 
1840 131 
1843 38 
1855 16 
1861 60 
1869 55 
1874 19 
1876 95 
1891 78 
1892 250 
1893 160 
1902 18 
1903 77 
1906 25 
1908 53 
1908 149 
1915 81 
1915 178 
1916 154 
1916 403 
1921 56 
1926 47 
1942 194 
1942 94 
1943 157 
1945 146 
1953 210 
1954 133 
1961 109 
1964 411 
1966 77 
1974 50 
1975 24 
1977 158 
1979 116 
1982 97 
1985 210 
1986 45 
1986 58 
1988 15 
1990 735 
1991 190 
1993 844 
2004 12 
2006 64 
2012 93 
2016 73 
2023 227 
2027 179 
2034 15 
2034 713 
2035 824 
2037 62 
2038 65 
2042 87 
2051 251 
2055 167 
2059 162 
2072 119 
2086 465 
2092 51 
2094 132 
2097 81 
2098 111 
2100 476 
2103 69 
2104 47 
2104 65 
2122 44 
2136 88 
2146 16 
2155 44 
2162 18 
2162 27 
2172 108 
2175 8 
2176 80 
2177 32 
2181 16 
2192 94 
2192 291 
2193 23 
2197 81 
2206 59 
2208 32 
2224 69 
2230 60 
2235 66 
2244 107 
2263 32 
2263 198 
2263 44 
2268 87 
2272 94 
2275 214 
2275 203 
2275 40 
2277 49 
2279 58 
2280 96 
2314 27 
2316 48 
2317 42 
2321 270 
2326 81 
2333 122 
2335 63 
2340 372 
2343 38 
2345 75 
2362 25 
2365 202 
2365 105 
2370 55 
2370 91 
2380 32 
2385 13 
2385 33 
2401 22 
2418 776 
2425 72 
2426 76 
2429 80 
2443 101 
2444 42 
2444 64 
2447 83 
2449 87 
2452 19 
2453 499 
2457 64 
2461 30 
2480 15 
2483 129 
2488 39 
2490 92 
2492 104 
2492 108 
2493 205 
2496 59 
2499 117 
2503 295 
2507 7 
2508 106 
2513 59 
2514 37 
2518 155 
2533 161 
2542 95 
2544 47 
2547 96 
2548 66 
2551 90 
2552 168 
2555 60 
2557 117 
2557 38 
2562 567 
2565 155 
2566 60 
2594 49 
2601 138 
2607 200 
2619 60 
2622 862 
2634 40 
2640 50 
2642 34 
2654 63 
2661 50 
2663 127 
2665 119 
2692 198 
2698 98 
2706 338 
2717 298 
2723 43 
2725 44 
2727 23 
2739 39 
2762 108 
2767 213 
2771 343 
2776 107 
2790 215 
2792 138 
2811 58 
2812 31 
2817 85 
2830 15 
2832 23 
2833 230 
2835 92 
2838 122 
2861 93 
2864 21 
2866 146 
2876 380 
2878 99 
2878 113 
2890 39 
2901 82 
2912 255 
2912 55 
2917 83 
2926 139 
2931 91 
2933 134 
2940 144 
2941 92 
2948 102 
2965 110 
2978 106 
2982 7 
2983 13 
3006 213 
3015 109 
3022 72 
3022 6 
3025 142 
3027 45 
3041 107 
3045 24 
3048 62 
3063 104 
3063 66 
3074 40 
3075 63 
3082 278 
3096 90 
3111 247 
3116 61 
3127 120 
3144 12 
3158 59 
3162 20 
3162 49 
3171 484 
3183 252 
3185 61 
3186 42 
3193 137 
3217 132 
3218 133 
3229 28 
3232 13 
3238 195 
3239 86 
3255 332 
3273 49 
3276 155 
3293 38 
3297 32 
3300 148 
3301 149 
3305 39 
3309 18 
3322 51 
3327 65 
3336 151 
3339 73 
3348 119 
3356 123 
3366 28 
3378 104 
3378 121 
3381 158 
3391 49 
3392 68 
3435 108 
3439 8 
3439 378 
3443 147 
3444 45 
3451 247 
3464 91 
3469 69 
3477 28 
3487 86 
3488 161 
3504 140 
3510 262 
3519 163 
3534 484 
3534 153 
3539 154 
3556 138 
3557 48 
3559 149 
3562 191 
3576 81 
3583 1 
3586 416 
3588 77 
3645 9 
3650 13 
3664 131 
3665 146 
3666 29 
3676 237 
3696 72 
3702 104 
3727 186 
3729 115 
3734 41 
3744 83 
3758 85 
3759 130 
3762 89 
3771 86 
3780 65 
3815 156 
3831 223 
3838 63 
3839 111 
3842 15 
3843 255 
3859 83 
3867 186 
3868 47 
3868 164 
3879 159 
3905 52 
3921 150 
3924 121 
3945 37 
3961 26 
3961 15 
3969 104 
3971 199 
3976 122 
3981 65 
3984 81 
3984 102 
3990 61 
3996 90 
3997 52 
3998 21 
4007 7 
4019 184 
4024 86 
4046 151 
4050 89 
4089 112 
4092 338 
4094 122 
4094 24 
4102 110 
4103 73 
4120 25 
4135 10 
4141 95 
4142 104 
4150 62 
4162 51 
4165 161 
4165 36 
4180 240 
4184 14 
4206 27 
4216 19 
4230 20 
4232 173 
4239 88 
4248 181 
4249 60 
4250 62 
4256 58 
4267 65 
4276 193 
4281 100 
4286 146 
4301 124 
4323 22 
4373 101 
4380 64 
4386 176 
4390 54 
4394 180 
4404 52 
4405 172 
4408 78 
4415 85 
4427 34 
4429 54 
4431 262 
4455 74 
4469 1892 
4474 123 
4479 37 
4486 89 
4507 106 
4514 104 
4519 88 
4532 66 
4534 72 
4543 114 
4549 25 
4581 77 
4584 953 
4585 167 
4589 56 
4596 58 
4597 15 
4602 31 
4602 176 
4610 429 
4614 73 
4623 49 
4625 131 
4635 62 
4636 55 
4636 61 
4643 59 
4664 49 
4719 3 
4719 116 
4727 521 
4735 38 
4752 75 
4767 101 
4788 20 
4791 122 
4810 78 
4817 47 
4817 2512 
4828 39 
4842 51 
4845 52 
4851 12 
4857 54 
4861 47 
4870 316 
4882 124 
4883 65 
4888 324 
4899 165 
4907 158 
4928 50 
4934 67 
4942 1252 
4946 40 
4957 1276 
4962 43 
4967 48 
4992 63 
5000 71 
5005 47 
5007 21 
5034 53 
5050 185 
5054 14 
5060 79 
5070 244 
5108 12 
5120 187 
5142 70 
5155 10 
5164 46 
5227 131 
5247 99 
5262 41 
5283 33 
5321 113 
5325 63 
5340 139 
5364 48 
5367 70 
5371 57 
5378 90 
5418 12 
5418 3 
5418 163 
5429 9 
5465 391 
5472 12 
5475 34 
5478 147 
5490 14101 
5506 92 
5515 13 
5520 54 
5532 134 
5549 55 
5584 98 
5593 94 
5623 49 
5641 143 
5643 70 
5649 450 
5655 89 
5660 11 
5661 99 
5677 74 
5690 146 
5699 229 
5717 128 
5724 108 
5745 49 
5748 170 
5750 184 
5759 28 
5777 8 
5797 57 
5817 147 
5829 118 
5844 96 
5845 27 
5846 38 
5855 53 
5860 72 
5864 85 
5867 91 
5880 33 
5911 62 
5942 17 
5968 94 
5985 29 
5990 80 
5999 29 
6009 106 
6013 180 
6016 108 
6024 170 
6024 34 
6060 95 
6066 131 
6079 72 
6152 37 
6155 21 
6160 72 
6189 332 
6193 50 
6219 148 
6226 67 
6243 26 
6280 82 
6293 83 
6314 25 
6349 69 
6353 86 
6390 115 
6394 71 
6398 47 
6404 42 
6408 130 
6457 14 
6460 212 
6460 195 
6470 25 
6472 314 
6497 0 
6513 813 
6584 156 
6585 44 
6587 31 
6592 85 
6614 137 
6633 17 
6647 210 
6648 76 
6654 80 
6694 125 
6721 150 
6738 106 
6745 76 
6749 72 
6749 14 
6769 31 
6779 64 
6817 97 
6843 749 
6853 171 
6859 52 
6861 63 
6863 8 
6879 8 
6881 23 
6881 36 
6889 35 
6890 65 
6892 64 
6895 87 
6905 72 
6937 9 
6982 28 
6988 142 
7016 260 
7021 165 
7050 11 
7071 26 
7094 28 
7096 25 
7106 70 
7119 219 
7146 477 
7177 24 
7190 128 
7217 333 
7228 38 
7230 38 
7233 37 
7251 42 
7266 85 
7291 26 
7353 238 
7369 109 
7374 387 
7441 10 
7468 4 
7527 30 
7542 38 
7580 38 
7599 127 
7607 42 
7607 44 
7622 200 
7639 42 
7657 59 
7676 30 
7706 166 
7739 74 
7849 551 
7921 24 
7935 120 
7954 77 
7966 122 
7973 19 
7997 40 
8007 15 
8030 11 
8056 22 
8083 65 
8108 30 
8125 281 
8126 33 
8126 79 
8211 25 
8215 228 
8289 151 
8314 127 
8339 88 
8358 228 
8372 127 
8400 51 
8425 108 
8426 18 
8438 210 
8448 50 
8465 47 
8482 72 
8512 1641 
8520 81 
8522 380 
8553 70 
8570 96 
8600 66 
8619 463 
8647 14 
8647 160 
8720 64 
8766 52 
8874 39 
8887 20 
8935 102 
8947 18 
9025 654 
9028 128 
9030 66 
9135 70 
9161 28 
9212 144 
9223 53 
9251 13 
9254 162 
9268 142 
9275 16 
9311 3 
9322 60 
9349 21 
9397 65 
9412 5 
9462 65 
9522 86 
9555 65 
9562 25 
9566 314 
9592 79 
9599 48 
9702 42 
9704 303 
9736 528 
9755 83 
9798 55 
9960 166 
9997 93 
10000 111 
10038 10 
10106 27 
10119 58 
10134 126 
10155 27 
10183 19 
10225 48 
10276 81 
10284 5 
10317 56 
10333 100 
10354 125 
10360 153 
10362 36 
10372 30 
10392 97 
10442 161 
10478 64 
10509 1 
10520 8 
10524 114 
10550 214 
10553 163 
10562 304 
10563 59 
10583 61 
10599 46 
10614 50 
10745 50 
10746 181 
10754 40 
10754 130 
10801 51 
10810 45 
10822 134 
10823 61 
10858 30 
10934 124 
10954 35 
11003 29 
11037 59 
11084 59 
11101 27 
11101 59 
11122 74 
11252 17 
11253 248 
11290 107 
11299 20 
11321 75 
11340 292 
11340 39 
11370 111 
11405 223 
11411 1085 
11528 24 
11550 18 
11667 200 
11693 39 
11935 27 
12004 22 
12073 71 
12094 93 
12137 124 
12142 47 
12302 13 
12380 92 
12625 51 
12627 19 
12646 123 
12684 103 
12741 23 
12774 371 
12778 8 
12930 38 
12962 36 
13009 0 
13137 215 
13155 29 
13163 66 
13183 135 
13219 125 
13244 1021 
13395 77 
13503 140 
13654 740 
13706 108 
13870 26 
13875 34 
13892 214 
14004 521 
14066 141 
14071 177 
14120 26 
14168 31 
14177 175 
14355 47 
14437 15 
14719 46 
14737 13 
14857 131 
14934 611 
14938 45 
15278 51 
15291 21 
15403 25 
15467 168 
15635 36 
15643 43 
15746 186 
15867 314 
15946 185 
16180 61 
16305 297 
16322 246 
16378 16 
16632 10 
16635 45 
16964 11 
17097 22 
17116 6 
17136 1412 
17148 691 
17153 75 
17162 614 
17163 13 
17188 221 
17287 2 
17532 222 
17625 57 
17933 60 
17956 420 
17994 9 
18164 91 
18168 167 
18321 1 
18351 128 
18844 157 
18949 18 
19031 14 
19129 69 
19185 75 
19207 138 
19371 11 
19436 7 
19597 180 
19643 10 
19761 475 
20058 35 
20165 60 
20680 40 
20777 12 
20939 173 
21236 356 
21673 1216 
21796 1 
21797 29 
21797 40 
21851 51 
21974 370 
22155 26 
22278 464 
22341 92 
22463 13 
22539 14 
22835 53 
23001 76 
23039 73 
23334 35 
23690 68 
24106 157 
24170 14 
24632 19 
25004 0 
25023 41 
25138 107 
25289 184 
25616 370 
26312 38 
26507 49 
26947 168 
27270 140 
28005 163 
28723 32 
28779 38 
28888 93 
28956 3 
29099 34 
29243 39 
29481 100 
30061 75 
30101 53 
30272 20 
30689 0 
30949 83 
31504 41 
31665 177 
31748 106 
31927 4 
32225 8 
33016 21 
33769 16 
33917 504 
33999 65 
34053 138 
34139 35 
34967 95 
35421 552 
35623 623 
35693 47 
35779 70 
36700 146 
36940 137 
37126 33 
37246 99 
37678 295 
38706 2 
39153 328 
39438 44 
40287 92 
40778 259 
41310 141 
41611 25 
41824 83 
41849 1275 
42403 19 
42799 17 
43063 39 
43175 126 
43243 315 
44256 28 
44754 261 
45614 72 
46294 45 
46945 30 
48872 307 
51239 146 
52011 35 
54842 56 
59906 0 
61018 1147 
61987 443 
62114 5 
64504 220 
65273 8 
67972 223 
68645 53 
69626 150 
70023 37 
70153 10 
70835 177 
72250 5 
73371 9 
74557 17 
74964 329 
75200 171 
75399 464 
75659 75 
76426 17 
76898 82 
76923 72 
77344 1224 
77367 444 
77378 1124 
77552 233 
77577 34 
78020 198 
78309 218 
78312 42 
78637 10 
79179 28 
80634 45 
81062 91 
82561 32 
83406 17 
84721 541 
84970 172 
85052 26 
85335 105 
86073 330 
86736 754 
87200 105 
89688 534 
89805 397 
89823 661 
90781 1 
91356 253 
91380 14 
91748 16 
93966 254 
94569 14 
94714 43 
95556 23 
96968 1186 
97014 210 
97747 153 
98965 81 
99728 173 
101684 21 
102516 78 
102571 211 
103437 0 
103637 144 
103766 452 
104375 11 
105722 174 
106838 25 
107147 269 
108828 1 
110260 133 
111193 11 
115352 135 
115398 190 
115398 84 
115509 158 
115984 91 
116824 10 
118025 49 
118544 125 
119924 166 
121691 47 
128789 179 
129857 138 
133976 135 
154647 142 
157265 18 
168297 55 
168457 620 
170383 6 
171541 8 
173694 312 
175428 18 
177101 70 
179219 277 
179227 174 
182527 23 
182735 260 
182766 417 
189075 872 
203405 5 
206112 247 
206140 124 
206167 100 
206200 299 
206213 24 
206255 83 
207952 3 
208268 219 
208301 376 
208338 10 
214590 33 
219472 110 
221573 9 
238609 379 
245765 105 
248817 34 
253372 402 
255734 42 
257084 1258 
264462 248 
266132 230 
273701 1243 
275635 28 
280274 61 
280427 289 
284997 36 
287469 36 
290296 178 
291440 71 
291637 793 
296006 15 
296517 160 
296696 41 
299274 273 
308687 263 
321745 301 
329418 1 
333303 262 
337108 71 
337390 458 
338970 8 
348063 217 
359161 76 
360843 86 
364478 63 
372557 166 
382685 24 
383559 49 
395903 11 
415777 24 
417690 19 
438482 485 
457981 100 
461790 323 
464127 32 
487323 299 
491363 68 
535279 1498 
535881 5 
553430 30 
558343 453 
561970 150 
566009 327 
584905 24 
586242 154 
589269 26 
600886 10041 
