3231 8.75800925926
0 610381 
13 422 
13 75 
16 12 
17 105 
18 1457 
19 872 
19 384 
19 26 
20 1325 
20 144 
22 121 
22 150 
23 503 
23 359 
24 1735 
24 450 
24 732 
25 158 
25 180 
25 180 
25 487 
26 1619 
26 357 
26 111 
26 1693 
26 218 
26 63 
27 294 
27 575 
28 957 
28 1148 
28 58 
30 50 
30 636 
31 97 
31 55 
32 49 
33 347 
33 1566 
34 243 
34 371 
34 162 
34 270 
34 854 
34 201 
34 264 
35 269 
35 279 
37 631 
37 376 
37 1041 
37 203 
37 328 
37 345 
37 219 
38 162 
38 744 
38 965 
38 76 
38 42 
39 441 
39 106 
39 104 
39 2117 
39 164 
40 116 
40 88 
40 120 
40 3223 
40 224 
40 728 
41 1326 
41 103 
41 521 
41 117 
41 1377 
41 854 
41 506 
41 168 
43 1120 
43 169 
44 72 
44 114 
46 56 
46 364 
46 296 
46 247 
46 1480 
47 809 
47 739 
47 425 
47 1103 
47 56 
47 83 
48 241 
48 8340 
49 21 
50 957 
52 1798 
53 106 
53 231 
53 1981 
53 9 
53 225 
54 123 
55 178 
55 480 
56 281 
56 238 
56 25 
56 341 
56 367 
57 785 
57 241 
57 533 
58 221 
58 56 
59 420 
60 347 
61 64 
61 151 
62 1550 
62 224 
63 66 
63 174 
64 146 
65 356 
66 78 
66 49 
67 445 
67 155 
67 171 
68 282 
69 1750 
69 54 
69 191 
70 139 
70 143 
71 651 
71 214 
71 292 
72 232 
73 279 
74 21 
74 403 
74 1358 
75 176 
75 68 
75 2122 
75 173 
75 107 
76 62 
76 201 
76 354 
76 91 
77 245 
77 18 
78 785 
78 70 
78 33 
78 2175 
79 102 
80 91 
80 383 
80 102 
80 31 
80 159 
81 345 
81 152 
81 266 
81 831 
81 61 
82 236 
82 106 
83 119 
84 157 
84 180 
84 185 
85 48 
85 64 
86 370 
86 87 
86 47 
86 83 
88 70 
88 479 
88 983 
88 34 
88 3523 
89 62 
89 417 
89 29 
90 62 
91 28 
91 517 
91 80 
91 10 
92 766 
93 1383 
93 246 
94 73 
94 120 
95 266 
95 204 
95 416 
96 10 
96 118 
98 2030 
99 312 
99 144 
99 41 
99 58 
99 52 
100 864 
100 228 
100 57 
100 228 
102 252 
103 218 
103 972 
104 802 
104 967 
105 1990 
105 328 
106 37 
106 55 
106 66 
107 178 
107 397 
107 374 
108 83 
109 9 
109 195 
109 87 
110 100 
110 8 
110 13 
110 604 
110 189 
110 514 
111 265 
111 666 
112 1401 
112 336 
113 657 
114 222 
115 938 
118 111 
119 657 
119 43 
119 1069 
121 1123 
121 956 
121 144 
122 331 
122 177 
123 30 
123 92 
123 736 
124 1490 
126 363 
127 929 
127 28 
128 206 
128 66 
129 606 
129 166 
129 134 
130 184 
131 669 
133 172 
133 938 
133 24 
134 619 
135 93 
135 75 
136 128 
136 156 
136 975 
137 98 
137 37 
138 523 
139 94 
140 5518 
140 702 
141 155 
142 367 
142 126 
143 220 
143 150 
144 734 
144 82 
145 50 
146 113 
146 215 
147 89 
147 40 
148 11 
148 244 
148 66 
150 10 
150 5262 
151 297 
152 435 
152 56 
153 196 
155 123 
158 6 
159 487 
159 52 
162 118 
162 939 
162 714 
166 55 
166 185 
168 218 
170 352 
171 298 
172 143 
172 323 
173 161 
175 370 
175 75 
176 372 
176 224 
178 224 
179 158 
181 401 
182 37 
183 139 
184 40 
184 121 
186 305 
187 35 
189 1499 
190 98 
192 60 
193 38 
193 101 
193 179 
194 258 
194 847 
195 192 
195 25 
195 603 
195 168 
198 1389 
201 217 
203 85 
204 19 
204 96 
204 126 
205 44 
207 199 
208 1934 
209 153 
210 63 
212 1737 
213 117 
214 245 
215 392 
217 27 
220 160 
222 751 
223 536 
223 85 
227 612 
228 416 
229 1191 
230 362 
231 296 
232 596 
238 1071 
238 222 
246 1002 
249 126 
250 136 
254 26 
256 119 
257 177 
257 708 
265 1371 
267 358 
267 197 
270 247 
270 3 
271 130 
273 1082 
274 1057 
274 216 
279 177 
280 128 
280 28 
281 577 
285 950 
287 1223 
289 302 
290 823 
292 264 
292 1150 
292 35 
294 211 
295 89 
295 65 
296 72 
298 28 
301 1854 
301 8437 
304 278 
305 113 
307 308 
308 290 
312 636 
314 438 
316 59 
322 479 
323 504 
325 367 
325 325 
326 1013 
327 232 
330 73 
332 320 
332 712 
335 1295 
336 96 
349 56 
349 56 
350 993 
352 1635 
353 9 
353 107 
354 729 
355 541 
358 9 
359 646 
362 60 
375 47 
376 99 
377 108 
377 9574 
377 306 
381 192 
393 57 
400 64 
410 126 
423 195 
424 1665 
428 20 
428 114 
428 1218 
432 538 
436 4 
439 2743 
445 404 
446 851 
448 59 
460 218 
461 180 
464 197 
464 197 
471 115 
471 55 
474 188 
480 9 
485 19 
488 839 
489 153 
490 13 
498 35 
498 57 
500 425 
502 11 
505 348 
506 169 
511 44 
514 227 
532 811 
535 74 
544 1127 
547 1241 
548 133 
553 119 
555 113 
555 1398 
562 44 
565 573 
565 1711 
565 806 
572 7116 
583 755 
583 1173 
587 120 
589 833 
589 191 
608 34 
612 69 
623 38 
631 215 
632 226 
636 778 
646 925 
647 161 
654 274 
655 6430 
662 199 
666 223 
672 795 
678 233 
685 58 
693 1018 
695 1264 
702 15 
703 81 
704 18 
704 6 
713 1693 
734 13 
751 55 
751 2320 
751 253 
754 1067 
758 159 
758 3331 
759 348 
759 63 
761 6513 
763 412 
770 395 
779 335 
781 1418 
782 267 
788 2446 
794 285 
809 595 
822 189 
828 619 
828 637 
832 5262 
840 102 
844 76 
848 747 
850 94 
850 770 
851 78 
852 84 
866 55 
870 114 
875 23 
879 1189 
884 29 
888 15 
891 150 
896 2427 
912 156 
916 343 
925 12 
937 232 
945 166 
946 200 
954 1901 
966 144 
972 38 
976 88 
981 250 
997 5686 
999 1036 
1000 3209 
1014 55 
1022 1045 
1035 1426 
1039 625 
1043 5262 
1073 852 
1078 699 
1096 1453 
1104 333 
1112 331 
1129 962 
1150 169 
1188 329 
1193 59 
1196 100 
1197 373 
1198 199 
1213 3410 
1218 734 
1224 366 
1237 168 
1251 1833 
1253 86 
1253 170 
1255 925 
1257 1182 
1258 1405 
1259 1362 
1262 673 
1273 136 
1273 1172 
1280 772 
1291 4099 
1297 444 
1301 21 
1305 1628 
1313 274 
1316 127 
1322 915 
1323 1116 
1327 244 
1327 405 
1328 11744 
1330 941 
1334 216 
1335 1766 
1337 30 
1343 8022 
1344 2 
1346 932 
1347 158 
1348 5628 
1349 85 
1352 3977 
1352 956 
1353 1277 
1353 1246 
1356 531 
1357 562 
1359 498 
1365 325 
1370 17410 
1372 236 
1374 247 
1374 935 
1375 199 
1377 641 
1379 734 
1387 1170 
1388 1987 
1389 1525 
1391 843 
1399 339 
1400 3066 
1402 906 
1402 454 
1407 1069 
1411 458 
1415 166 
1422 273 
1424 274 
1425 2127 
1429 53 
1439 27 
1442 161 
1446 222 
1447 33 
1453 151 
1453 527 
1455 1396 
1464 2111 
1466 195 
1471 25 
1476 74 
1480 2603 
1480 577 
1481 253 
1483 99 
1492 246 
1493 53 
1495 434 
1496 234 
1500 1151 
1504 32 
1504 953 
1504 4387 
1507 1174 
1519 3449 
1524 4181 
1524 2161 
1524 3090 
1529 1254 
1532 335 
1533 240 
1537 443 
1538 1465 
1550 3645 
1552 3963 
1555 334 
1556 304 
1557 257 
1557 152 
1566 594 
1566 355 
1573 344 
1574 181 
1576 1102 
1586 1674 
1588 162 
1592 915 
1593 869 
1593 695 
1596 1370 
1597 884 
1599 571 
1606 821 
1606 1791 
1610 560 
1611 886 
1611 1360 
1611 167 
1611 1365 
1613 738 
1613 1210 
1616 295 
1620 351 
1628 161 
1628 1263 
1629 118 
1631 42 
1633 320 
1634 5442 
1636 113 
1640 1388 
1648 1197 
1656 135 
1657 627 
1658 70 
1665 608 
1667 133 
1673 1388 
1678 2330 
1679 207 
1686 984 
1689 2642 
1692 1488 
1697 817 
1701 859 
1709 21 
1711 1063 
1714 1012 
1716 282 
1717 929 
1730 1239 
1734 1199 
1739 795 
1744 621 
1750 36 
1751 1222 
1752 612 
1754 351 
1759 398 
1762 401 
1775 1254 
1785 314 
1786 62 
1818 21 
1822 431 
1829 440 
1837 15 
1841 25 
1844 246 
1847 809 
1855 426 
1863 743 
1866 257 
1896 2277 
1902 520 
1903 97 
1944 424 
1945 92 
1946 916 
1952 1634 
1980 629 
1982 133 
1985 1450 
2009 41 
2038 553 
2048 435 
2059 19 
2070 1055 
2072 107 
2078 1279 
2090 20 
2091 353 
2095 885 
2097 220 
2109 533 
2129 706 
2138 203 
2138 131 
2149 423 
2153 235 
2155 2297 
2158 290 
2161 2284 
2166 1927 
2170 95 
2181 659 
2191 1593 
2191 64 
2199 560 
2212 3759 
2213 1972 
2218 4821 
2219 1210 
2227 301 
2227 202 
2229 7938 
2250 921 
2256 988 
2262 1452 
2273 1210 
2276 1238 
2288 438 
2290 157 
2296 2439 
2297 338 
2301 16 
2302 949 
2315 709 
2319 675 
2329 2439 
2346 499 
2359 3661 
2372 120 
2380 1749 
2395 1187 
2411 3283 
2415 849 
2443 753 
2468 184 
2472 1985 
2507 1937 
2514 5683 
2515 153 
2527 184 
2547 245 
2555 77 
2564 25 
2570 1861 
2574 505 
2588 108 
2600 944 
2611 406 
2618 370 
2624 1116 
2632 33767 
2634 552 
2644 552 
2648 249 
2656 1019 
2657 756 
2696 13 
2697 272 
2703 252 
2706 1395 
2708 1036 
2710 1229 
2717 16777 
2719 1690 
2726 989 
2745 657 
2750 95 
2753 3362 
2779 736 
2781 1603 
2786 2771 
2792 420 
2793 531 
2805 130 
2818 1398 
2826 4591 
2845 76 
2846 610 
2853 338 
2855 81 
2907 643 
2912 60 
2917 911 
2933 1588 
2941 394 
2974 1316 
2982 212 
2988 944 
2991 3126 
3008 1542 
3020 288 
3023 1525 
3057 326 
3081 1318 
3100 679 
3101 1153 
3111 731 
3118 1249 
3126 446 
3134 305 
3161 682 
3193 2353 
3211 515 
3234 1307 
3252 750 
3288 2642 
3300 51 
3342 403 
3364 1045 
3375 1343 
3389 191 
3389 673 
3401 313 
3406 846 
3419 372 
3420 665 
3424 436 
3439 442 
3462 143 
3466 2614 
3482 1396 
3488 33 
3503 87 
3540 329 
3555 1139 
3555 170 
3625 770 
3647 135 
3658 2739 
3663 344 
3683 44 
3718 573 
3903 1287 
3911 33 
3994 1364 
4004 1016 
4059 369 
4274 242 
4383 1672 
4439 2691 
4506 27 
4518 608 
4593 289 
4659 1964 
4710 1015 
4797 955 
4953 80 
5426 70 
5520 96 
5806 288 
5950 516 
5993 96 
6009 1097 
6181 2811 
6182 1167 
6184 852 
6197 1644 
6231 876 
6245 305 
6262 1387 
6279 77 
6299 858 
6352 3635 
6364 37 
6369 11 
6413 1756 
6414 882 
6434 752 
6435 114 
6451 692 
6461 713 
6472 2442 
6473 694 
6473 765 
6487 536 
6488 754 
6489 1371 
6497 750 
6499 19 
6499 942 
6504 804 
6509 4452 
6512 1615 
6521 58 
6532 230 
6536 654 
6540 2003 
6550 1822 
6568 916 
6580 1101 
6580 1387 
6580 791 
6582 867 
6594 1309 
6596 1936 
6596 202 
6600 1123 
6601 3054 
6607 809 
6612 4411 
6622 185 
6626 600 
6628 1656 
6638 54 
6639 1187 
6649 343 
6719 438 
6720 700 
6723 303 
6733 679 
6755 1117 
6756 1511 
6765 993 
6773 419 
6778 460 
6793 198 
6805 108 
6807 7077 
6811 1115 
6817 1090 
6828 347 
6829 89 
6832 3671 
6838 1233 
6853 2143 
6857 13643 
6858 741 
6863 718 
6866 934 
6871 210 
6884 85 
6886 621 
6897 1295 
6903 1539 
6922 1456 
6927 2586 
6949 4259 
6955 590 
6955 691 
6984 670 
7016 1438 
7043 105 
7052 1010 
7070 13656 
7072 2305 
7100 353 
7102 2194 
7113 1820 
7114 130 
7125 722 
7142 490 
7148 436 
7194 941 
7203 770 
7241 164 
7263 7761 
7274 183 
7280 2867 
7299 1394 
7317 296 
7367 1625 
7371 48 
7379 573 
7383 500 
7389 673 
7392 225 
7395 1390 
7405 6351 
7412 1033 
7414 136 
7428 707 
7429 525 
7430 732 
7440 6281 
7440 924 
7441 1307 
7447 1049 
7450 860 
7464 2528 
7467 3 
7481 1088 
7486 1122 
7490 595 
7490 4719 
7499 176 
7524 366 
7525 586 
7532 1181 
7554 453 
7565 54 
7569 476 
7577 22 
7604 107 
7664 525 
7673 5110 
7684 876 
7690 716 
7701 252 
7702 2029 
7712 112 
7714 162 
7716 618 
7744 1021 
7761 976 
7780 216 
7819 193 
7830 1301 
7863 5230 
7863 5230 
7867 129 
7867 129 
7878 1169 
7878 1169 
7920 568 
7927 156 
7935 2152 
7955 562 
7956 883 
8013 1021 
8088 1240 
8099 1338 
8117 2604 
8125 708 
8126 870 
8130 2978 
8165 603 
8168 1058 
8169 2293 
8171 1025 
8179 1090 
8179 3217 
8187 1162 
8199 48 
8203 1154 
8216 830 
8222 502 
8236 413 
8238 1344 
8258 253 
8270 495 
8275 223 
8295 2184 
8333 623 
8352 1322 
8403 803 
8433 745 
8451 203 
8455 465 
8462 1108 
8466 1374 
8476 4521 
8508 1841 
8543 52 
8634 45 
8635 737 
8654 86 
8676 1433 
8705 821 
8735 2681 
8758 765 
8762 6414 
8777 979 
8808 859 
8821 1782 
8823 102 
8823 1374 
8829 1174 
8832 200 
8834 2809 
8843 471 
8850 1270 
8866 2844 
8885 750 
8892 566 
8926 272 
8959 15 
8975 1435 
8982 186 
9012 2289 
9025 2083 
9027 1504 
9052 327 
9060 945 
9061 474 
9114 660 
9116 787 
9119 35 
9122 1754 
9124 10 
9162 815 
9162 2571 
9184 403 
9210 440 
9293 2809 
9405 1790 
9475 1417 
9494 590 
9520 232 
9576 1085 
9622 705 
9679 615 
9687 474 
9707 1628 
9732 1301 
9732 441 
9790 357 
9836 178 
9847 387 
9864 7 
9903 1661 
9907 70 
9908 3208 
9924 2036 
9950 5199 
9952 40 
10008 436 
10021 357 
10022 552 
10026 1617 
10063 3206 
10064 1574 
10084 647 
10088 1407 
10115 1269 
10116 706 
10151 1247 
10178 233 
10238 1232 
10257 832 
10263 1225 
10281 93 
10282 191 
10288 776 
10300 215 
10341 537 
10365 912 
10368 1992 
10375 312 
10377 60 
10383 323 
10390 1647 
10408 3638 
10414 29 
10438 399 
10441 1818 
10464 185 
10500 475 
10504 297 
10505 141 
10510 1024 
10522 233 
10523 576 
10525 399 
10530 867 
10533 2247 
10567 3358 
10589 105 
10594 357 
10609 950 
10626 8508 
10645 1581 
10649 1369 
10673 8698 
10711 28 
10727 1357 
10765 520 
10774 391 
10811 487 
10812 309 
10826 129 
10831 1800 
10836 128 
10855 179 
10881 1634 
10891 2533 
10896 1087 
10898 157 
10950 330 
10977 2334 
10978 1103 
10985 997 
11004 397 
11027 67 
11074 75 
11108 2870 
11120 58 
11133 98 
11165 1357 
11166 571 
11167 187 
11170 441 
11179 476 
11235 240 
11308 2711 
11332 634 
11339 29 
11339 1237 
11341 401 
11343 1074 
11355 714 
11365 1140 
11365 44 
11382 331 
11386 156 
11404 295 
11418 229 
11483 294 
11634 1892 
11704 125 
11749 1463 
11752 1409 
11777 2399 
11814 135 
11816 1540 
11830 306 
11955 504 
11966 311 
12083 675 
12100 1255 
12148 268 
12151 68 
12153 991 
12156 316 
12170 166 
12175 700 
12184 572 
12201 1943 
12209 667 
12220 475 
12344 793 
12371 1596 
12383 921 
12423 440 
12423 602 
12447 3440 
12455 1086 
12457 2391 
12462 42 
12472 158 
12496 1618 
12564 838 
12608 118 
12715 411 
12729 45 
12761 801 
12764 1382 
12777 106 
12779 771 
12786 1299 
12806 3484 
12822 1362 
12855 931 
12870 1714 
12878 614 
12889 290 
12915 1084 
12931 742 
12934 312 
12942 421 
12948 137 
12970 1111 
12971 1936 
12971 231 
12976 1487 
12981 2523 
12981 621 
12986 708 
12993 205 
12996 1629 
13017 511 
13150 269 
13164 48 
13169 3850 
13174 167 
13205 489 
13260 3341 
13276 2540 
13329 497 
13344 1122 
13383 316 
13383 868 
13388 1074 
13423 882 
13424 1565 
13430 1023 
13431 352 
13452 781 
13453 2782 
13490 256 
13497 355 
13518 211 
13554 528 
13558 265 
13609 826 
13671 1584 
13693 743 
13702 566 
13706 355 
13759 817 
13785 2017 
13791 626 
13804 180 
13821 518 
13834 403 
13860 61 
13892 9 
13904 528 
13991 669 
13993 117 
14061 7504 
14078 2427 
14082 2429 
14125 504 
14132 1270 
14138 3232 
14150 4635 
14169 235 
14180 11903 
14207 591 
14208 463 
14209 918 
14211 521 
14233 163 
14234 134 
14238 334 
14243 389 
14283 376 
14287 995 
14300 749 
14316 612 
14323 1762 
14328 622 
14328 683 
14361 937 
14368 1268 
14396 1801 
14417 160 
14421 233 
14432 631 
14454 1345 
14458 713 
14467 3637 
14499 524 
14512 1522 
14516 262 
14534 1070 
14537 187 
14554 16119 
14562 101 
14570 1513 
14575 307 
14583 175 
14600 77 
14624 836 
14625 1308 
14642 129 
14645 2308 
14691 241 
14697 3065 
14701 560 
14711 47 
14721 86 
14725 1341 
14736 221 
14745 1458 
14762 190 
14832 225 
14947 1474 
14948 967 
14949 1517 
14970 108 
14979 1789 
15013 2116 
15023 635 
15026 754 
15053 1211 
15057 4594 
15073 1413 
15090 483 
15109 430 
15117 137 
15118 255 
15173 57 
15242 336 
15244 1568 
15260 1338 
15299 1154 
15332 31 
15340 1788 
15342 161 
15345 1936 
15350 312 
15378 228 
15415 751 
15463 1285 
15470 351 
15500 217 
15769 2189 
15770 772 
15784 283 
15786 2687 
15797 327 
15798 279 
15808 1137 
15828 2871 
15832 600 
15857 193 
15857 160 
15858 910 
15870 11251 
15898 960 
15898 1373 
15899 444 
15952 1198 
15953 491 
15989 272 
15991 994 
16022 876 
16039 457 
16120 351 
16151 594 
16167 599 
16178 256 
16230 605 
16249 1144 
16282 997 
16292 3087 
16293 15 
16315 644 
16332 2061 
16347 507 
16351 3493 
16361 2088 
16362 2458 
16377 1506 
16381 178 
16385 1994 
16414 1447 
16421 21 
16424 992 
16426 515 
16435 1191 
16453 436 
16471 223 
16476 2887 
16482 645 
16493 33 
16532 1762 
16534 597 
16551 1736 
16555 1226 
16607 528 
16613 1134 
16615 1404 
16622 191 
16659 1359 
16667 945 
16675 277 
16695 95 
16740 67 
16784 1038 
16845 953 
16859 5297 
16866 820 
17010 507 
17071 86 
17099 215 
17121 1949 
17216 3425 
17265 107 
17278 432 
17294 40 
17321 149 
17337 480 
17340 386 
17349 81 
17356 789 
17356 293 
17384 278 
17509 1003 
17528 115 
17547 421 
17608 207 
17666 586 
17698 3058 
17702 504 
17960 219 
18023 704 
18028 299 
18149 725 
18346 594 
18412 981 
18573 1193 
18688 1435 
18710 4 
18711 590 
19170 513 
19227 556 
19419 5314 
19433 1130 
19438 484 
19464 685 
19500 1386 
19573 2820 
19607 2141 
19645 87 
19663 593 
19671 968 
19689 357 
19697 127 
19704 72 
19717 974 
19732 247 
19783 31 
19788 2494 
19812 328 
19835 2428 
19843 1062 
19857 330 
19865 1268 
19883 672 
19949 822 
19975 475 
19980 556 
20023 365 
20043 440 
20070 25 
20117 401 
20130 1882 
20251 948 
20403 566 
20418 709 
20451 493 
20479 710 
20509 267 
20679 786 
20689 865 
20715 821 
20780 356 
20804 516 
20806 562 
21054 100 
21096 15 
21260 2756 
21314 281 
21382 162 
21400 391 
21420 2825 
21586 515 
21598 2278 
21682 6 
21789 12 
21908 554 
21953 1521 
21981 149 
22167 6 
22331 1456 
22357 1629 
22549 570 
22611 1022 
22733 56 
22755 674 
22755 1002 
22794 3021 
22800 106 
22811 571 
22849 4726 
22862 48 
22868 903 
22891 62 
22897 3523 
22901 506 
22910 2238 
22922 1117 
22955 405 
22958 1824 
22969 80 
22972 862 
22977 286 
22978 1067 
22980 1804 
22995 2468 
23019 312 
23058 125 
23109 231 
23115 612 
23139 215 
23204 498 
23207 1059 
23310 147 
23509 421 
23704 586 
23754 1507 
23765 124 
23799 229 
23899 61 
24194 444 
24280 1514 
24290 694 
24442 413 
24457 201 
24458 12430 
24471 220 
24527 911 
24533 801 
24549 43 
24550 606 
24551 446 
24606 236 
24610 359 
24622 3197 
24647 2520 
24650 923 
24662 184 
24672 711 
24698 37 
24698 956 
24726 117 
24727 195 
24773 336 
24786 732 
24955 189 
25065 179 
25076 1748 
25113 10151 
25126 8581 
25130 6265 
25140 283 
25142 1380 
25145 1340 
25148 2554 
25160 189 
25165 352 
25167 78 
25172 314 
25179 1460 
25202 387 
25206 833 
25210 178 
25222 180 
25222 482 
25241 230 
25256 204 
25259 3278 
25278 350 
25278 551 
25279 446 
25292 660 
25297 497 
25306 140 
25325 2108 
25380 1347 
25417 267 
25448 188 
25481 951 
25515 456 
25553 71 
25581 990 
25731 65 
25767 1138 
25832 185 
25849 308 
26031 918 
26103 92 
26125 1143 
26210 1225 
26279 29 
26324 667 
26357 220 
26381 252 
26383 667 
26420 59 
26442 301 
26512 260 
26521 1902 
26571 172 
26574 1341 
26594 900 
26596 1455 
26639 225 
26677 454 
26706 72 
26713 2366 
26805 689 
26861 1270 
26871 621 
26952 395 
26967 212 
26990 136 
27046 142 
27067 1218 
27134 349 
27176 1460 
27192 197 
27291 2379 
27335 3070 
27365 646 
27472 1273 
27481 129 
27517 692 
27546 433 
27564 108 
27581 396 
27693 604 
27704 144 
27776 192 
27783 116 
27786 1025 
27844 96 
27904 738 
27974 476 
28057 412 
28118 502 
28142 230 
28161 121 
28328 490 
28341 563 
28360 623 
28378 156 
28388 87 
28506 76 
28545 402 
28632 1528 
28637 983 
28677 1433 
28709 410 
28717 40 
28721 966 
28788 137 
28991 808 
29236 144 
29369 335 
29557 350 
30050 1958 
30131 94 
30183 60 
30367 29 
30590 2858 
30593 136 
30601 291 
30621 1261 
30623 137 
30669 1860 
30693 991 
30730 3520 
30737 363 
30746 186 
30755 4509 
30792 924 
30825 1375 
30831 531 
30841 1436 
30941 881 
30969 701 
30977 146 
30989 1632 
30997 777 
31013 405 
31093 364 
31100 330 
31153 63 
31299 171 
31398 650 
31440 284 
31622 91 
31794 695 
31841 514 
31849 87 
31850 1118 
31952 916 
31959 2510 
32050 1130 
32059 629 
32100 220 
32108 1073 
32123 1984 
32138 431 
32145 856 
32154 63 
32160 610 
32161 503 
32161 1187 
32183 948 
32202 428 
32202 363 
32226 997 
32229 578 
32238 1123 
32240 1385 
32263 2048 
32264 263 
32271 675 
32365 425 
32374 345 
32390 151 
32396 81 
32401 162 
32404 89 
32462 296 
32482 1619 
32510 84 
32528 728 
32539 400 
32541 621 
32583 149 
32600 855 
32609 416 
32724 557 
32734 1674 
32749 2238 
32766 1038 
32770 1850 
32797 409 
32883 3342 
32931 5058 
32936 2227 
32938 4292 
32943 813 
32953 3938 
32958 346 
32974 919 
32978 171 
33004 1212 
33006 2115 
33008 1809 
33011 212 
33026 65 
33043 497 
33057 259 
33070 330 
33076 3509 
33080 307 
33209 101 
33212 867 
33219 151 
33230 267 
33263 411 
33289 57 
33308 1011 
33318 5772 
33345 143 
33366 175 
33454 242 
33511 194 
33515 466 
33521 10638 
33534 937 
33541 183 
33546 426 
33551 470 
33552 2292 
33584 40 
33603 126 
33606 458 
33615 1312 
33644 248 
33716 175 
33718 84 
33744 1256 
33848 169 
33876 953 
33899 1427 
33902 99 
33916 1500 
33951 1419 
34082 229 
34096 298 
34192 106 
34204 1070 
34218 359 
34225 1619 
34261 266 
34310 123 
34426 714 
34428 314 
34434 107 
34439 203 
34531 840 
34574 306 
34595 228 
34640 61 
34681 1051 
34759 4435 
34760 1684 
34760 2243 
34784 1489 
34824 135 
34866 881 
34885 1540 
34887 1207 
34917 2164 
34952 174 
34959 6239 
34981 1139 
34989 2277 
34990 1606 
35004 377 
35007 796 
35026 364 
35077 1348 
35093 655 
35096 801 
35115 1047 
35237 2052 
35282 658 
35310 1265 
35337 308 
35388 58 
35402 83 
35409 292 
35437 10 
35514 1072 
35538 412 
35542 901 
35547 27 
35626 1595 
35635 636 
35653 348 
35665 277 
35670 786 
35675 3221 
35685 99 
35728 54 
35731 5571 
35765 243 
35768 415 
35769 134 
35774 961 
35782 96 
35807 256 
35817 3539 
35836 2391 
35851 1051 
35902 931 
36098 827 
36116 1612 
36273 1118 
36282 409 
36289 660 
36333 63 
36350 397 
36377 721 
36473 1244 
36518 373 
36614 466 
36635 3259 
36712 112 
36714 830 
36772 1222 
36802 1026 
36892 2041 
36894 1230 
36921 198 
36938 1855 
36953 1453 
36981 1815 
37006 1861 
37049 1344 
37077 735 
37094 136 
37096 339 
37108 83 
37111 3299 
37116 669 
37118 306 
37152 385 
37161 953 
37179 983 
37225 1100 
37265 2340 
37305 699 
37363 499 
37380 1455 
37394 208 
37428 1606 
37460 560 
37474 443 
37488 1098 
37520 1440 
37544 1896 
37553 203 
37554 175 
37564 627 
37603 2210 
37614 129 
37642 687 
37668 3451 
37717 79 
37729 1200 
37765 1057 
37769 157 
37772 535 
37805 172 
37831 92 
37871 335 
37913 617 
37913 65 
37917 111 
37926 284 
37944 908 
37968 105 
38008 1146 
38103 825 
38103 825 
38171 939 
38227 69 
38384 91 
38390 976 
38469 2338 
38496 96 
38504 2028 
38548 3107 
38552 2315 
38553 716 
38582 555 
38584 848 
38592 369 
38595 4330 
38600 273 
38612 795 
38619 227 
38631 251 
38633 1254 
38633 1528 
38636 316 
38641 476 
38694 613 
38725 3842 
38734 1381 
38741 1288 
38743 1000 
38767 280 
38801 161 
38833 2109 
38880 657 
38896 2830 
38917 451 
38949 578 
39012 34 
39096 1317 
39104 931 
39127 1400 
39170 249 
39173 389 
39241 158 
39338 646 
39374 421 
39422 954 
39426 1309 
39429 313 
39616 3146 
39670 76 
39708 77 
39718 675 
39764 570 
39886 85 
39886 71 
39929 390 
39940 118 
40014 259 
40084 805 
40105 127 
40184 2160 
40207 251 
40223 1083 
40332 821 
40429 160 
40455 1096 
40534 458 
40544 27 
40548 265 
40642 605 
40661 1051 
40674 2398 
40823 783 
40830 296 
40890 484 
40898 756 
40952 284 
40963 275 
41049 238 
41092 282 
41164 5546 
41191 333 
41223 865 
41275 522 
41359 487 
41364 1058 
41402 484 
41815 251 
41853 1782 
41888 1199 
41904 1026 
41907 779 
41915 691 
41953 1734 
41993 1713 
42004 452 
42007 193 
42029 1858 
42038 3412 
42054 1071 
42089 646 
42113 154 
42127 300 
42276 439 
42456 175 
42475 1835 
42487 125 
42534 881 
42561 600 
42579 1160 
42598 2384 
42615 220 
42703 935 
42715 1314 
42717 2623 
42813 1756 
42862 310 
42864 228 
42893 859 
42948 1098 
43058 109 
43318 703 
43324 881 
43343 912 
43438 2070 
43723 238 
44318 1080 
44590 143 
44614 2138 
44653 1553 
44766 5672 
44781 549 
44801 1144 
44804 120 
44881 418 
45171 740 
45300 84 
45396 373 
45460 784 
45463 1300 
47066 820 
47164 224 
48378 77 
49643 11313 
49750 485 
50410 518 
51202 184 
51307 1606 
51999 561 
52416 508 
52675 381 
53762 99 
54188 989 
54348 1733 
54365 155 
54684 449 
54693 814 
54799 173 
54994 315 
55062 710 
55706 1383 
55949 2585 
56008 1078 
56230 105 
56358 113 
57060 64 
57082 367 
60911 936 
61163 1591 
61273 864 
61285 1410 
61378 5236 
61400 250 
61443 522 
61470 496 
61523 1019 
61596 887 
61616 1065 
61622 70 
61735 2912 
64344 1571 
64387 4083 
64488 2167 
64533 853 
65528 143 
65876 1639 
65933 3716 
65971 139 
66005 912 
66009 1295 
66032 992 
66066 2582 
66101 477 
66139 34 
66147 724 
66169 125 
66233 89 
67773 418 
68022 1470 
68069 1573 
68076 1035 
68083 163 
68829 718 
68926 815 
68926 815 
68935 1265 
68935 1265 
68950 119 
68950 119 
68952 1671 
68952 1671 
68991 1307 
69045 626 
69048 1170 
69052 1270 
69052 16 
69058 900 
69091 11 
69098 2061 
69155 748 
69212 1295 
69263 305 
69296 1915 
69375 888 
69376 90 
69378 486 
69654 296 
69884 2539 
69925 33 
70255 1576 
70329 1094 
70466 2710 
70523 1302 
70532 4060 
70535 4389 
70548 1183 
70736 270 
70743 1676 
70749 475 
70881 153 
70886 869 
70921 5057 
70934 111 
71039 1126 
71165 242 
71341 403 
71436 276 
71500 1827 
71579 97 
71692 614 
71925 1008 
71996 837 
71999 669 
72247 797 
72476 559 
72519 1178 
72525 13 
72767 372 
72775 500 
72780 640 
72785 104 
72796 727 
72796 2156 
72819 818 
72860 747 
72881 470 
73020 197 
73087 624 
73091 483 
73342 347 
73354 37 
73390 834 
73484 725 
73494 2796 
73512 369 
73520 978 
73527 1653 
73541 98 
73553 751 
73574 1704 
73608 771 
73609 167 
73640 93 
73659 682 
73806 77 
73833 106 
73861 173 
74030 241 
74101 961 
74144 88 
74158 266 
74250 2133 
74301 908 
74314 181 
74376 21 
74512 2902 
74516 1877 
74533 1646 
74558 600 
74585 176 
74630 1122 
74747 466 
74810 237 
74923 947 
74949 700 
74966 771 
74985 258 
75162 268 
75313 730 
75358 2318 
75476 138 
75631 9125 
75707 220 
75976 315 
75981 690 
75990 28 
75993 257 
76033 690 
76555 4190 
76589 667 
76625 255 
76629 1898 
76726 788 
76791 164 
76880 1092 
76929 1410 
76944 1707 
77074 603 
77239 17 
77315 1066 
77319 572 
77320 602 
77419 120 
77462 363 
77567 1420 
77611 62 
77649 276 
77746 186 
77786 628 
77797 1458 
77949 398 
78105 262 
78284 1527 
78351 221 
78359 587 
78382 764 
78457 47 
78486 626 
78496 317 
78503 426 
78517 1660 
78616 1655 
78622 441 
78693 382 
78814 820 
78891 342 
78892 247 
78992 3242 
79010 893 
79015 3690 
79016 476 
79040 549 
79170 70 
79203 1638 
79204 489 
79233 700 
79311 1269 
79313 612 
79646 129 
79831 1030 
79872 456 
79977 13 
80052 767 
80274 1365 
80437 785 
80468 266 
80607 546 
80628 1367 
80634 1250 
80670 1123 
80692 627 
80702 3928 
80764 1127 
80776 65 
80782 529 
80795 953 
80835 182 
80843 863 
80873 200 
80995 934 
81024 12 
81027 3097 
81049 160 
81049 108 
81052 721 
81074 35 
81111 318 
81111 107 
81220 71 
81257 546 
81263 433 
81270 427 
81286 1358 
81294 1057 
81328 77 
81416 1783 
81434 125 
81451 10 
81462 1059 
81496 38 
81530 1417 
81532 1502 
81640 1044 
81691 599 
81715 498 
81824 65 
81846 659 
81933 92 
81950 652 
82224 3262 
82288 1944 
82310 633 
82464 106 
82469 748 
82561 1801 
82767 1399 
82892 726 
82907 21 
82921 1577 
82941 622 
83017 63 
83102 865 
83416 11 
83916 217 
84366 198 
84425 497 
84440 1118 
84465 1028 
84578 1771 
84585 3401 
84597 1143 
84706 63 
84834 435 
84853 1168 
84886 235 
84922 552 
84927 803 
85102 1220 
85136 2152 
85207 294 
85256 967 
85260 120 
85431 521 
85445 1212 
85635 151 
85706 765 
85995 2218 
86066 439 
86140 1350 
86168 542 
86365 3300 
86385 510 
86513 1881 
86642 470 
86957 60 
87041 989 
87048 334 
87309 1331 
87450 2006 
87542 960 
87554 128 
87632 524 
87703 658 
87738 448 
88115 3 
88220 448 
88254 451 
88278 1102 
88342 1137 
88433 299 
89229 2089 
89375 713 
89380 969 
89382 189 
89404 271 
89574 2045 
89600 1010 
89610 1716 
89619 1072 
89639 1566 
89639 730 
89644 366 
89653 278 
89768 384 
89812 105 
89975 714 
89987 898 
90169 547 
90205 173 
90375 452 
90435 374 
90661 126 
90914 278 
90940 897 
90992 237 
90995 2967 
91379 85 
91397 1318 
91557 25 
91605 1105 
91618 234 
91630 357 
92116 23 
92542 625 
92673 559 
92708 1244 
92739 128 
92848 362 
92858 937 
93024 211 
93055 747 
93077 2674 
93152 545 
93383 885 
93528 1941 
93533 1110 
93539 2229 
93566 11804 
93571 112 
93579 1279 
93602 537 
93607 1339 
93611 1951 
93631 402 
93646 550 
93734 470 
93761 269 
93851 531 
93955 1198 
94005 169 
94007 697 
94034 36 
94124 454 
94135 322 
94215 49 
94221 1340 
94313 401 
94556 2132 
94707 1199 
94831 751 
95268 1521 
95339 154 
95450 2719 
95529 112 
95599 211 
95707 102 
95742 615 
95749 785 
96053 823 
96086 314 
96117 33 
96134 1288 
96164 157 
96267 1544 
96422 306 
96435 106 
96535 716 
96763 151 
96789 698 
96891 173 
97035 1002 
97098 111 
97116 687 
97141 1092 
97223 1259 
97327 3457 
97371 668 
97384 1398 
97402 1608 
97453 856 
97483 68 
97495 639 
97515 244 
97720 320 
98010 30 
98731 20 
99535 197 
99573 318 
99733 413 
99976 24 
100013 2099 
100036 12238 
100051 670 
100060 786 
100061 1124 
100079 470 
100098 1336 
100115 674 
100117 269 
100238 1061 
100380 50 
100759 9 
100846 527 
101059 1679 
101132 61 
101148 495 
101185 160 
101352 1297 
101377 51 
101377 50 
101599 591 
101619 1007 
101650 1114 
101710 267 
101730 1550 
101732 35 
101875 1506 
102251 1266 
102256 323 
102326 1665 
102365 1336 
102628 233 
102846 3363 
102873 3933 
102900 82 
102939 107 
102947 2079 
103061 689 
104090 1132 
104099 1283 
105147 144 
105562 616 
105797 1470 
106051 1285 
106312 195 
106314 313 
106519 240 
106647 1751 
106703 1692 
106723 1320 
106744 1726 
107004 61 
107017 627 
107073 32 
107209 47 
107303 3075 
107330 857 
107347 2380 
107348 1762 
107380 354 
107474 421 
107518 1155 
107559 52 
107621 1113 
107764 62 
107812 1023 
108044 67 
108122 175 
108744 1934 
108838 559 
109176 104 
109179 3501 
109249 235 
109321 1529 
109351 1816 
109390 386 
109425 158 
109595 173 
110101 261 
110126 175 
110754 151 
110854 575 
111008 2299 
112147 1658 
112361 37 
112538 132 
112720 14 
112934 290 
113305 88 
113606 360 
113769 752 
113934 1760 
114207 454 
114282 59 
114307 1052 
114560 705 
115093 1529 
115160 88 
115179 647 
115273 2069 
115353 5595 
115364 986 
115369 687 
115444 118 
115623 875 
115695 202 
115753 794 
116002 147 
116054 1260 
116199 114 
116218 4611 
116226 99 
116240 382 
116244 1367 
116250 499 
116259 750 
116269 167 
116309 765 
116316 83 
116327 90 
116333 157 
116416 174 
116434 189 
116458 1517 
116735 66 
116788 793 
116849 633 
117030 81 
117153 61 
117158 8555 
117197 374 
117225 1061 
117242 360 
117332 732 
117469 52 
117665 504 
117691 1065 
118517 703 
119319 1067 
119504 31 
119686 4095 
119796 117 
119805 81 
119809 141 
120517 2051 
120780 371 
120831 288 
121158 1846 
121172 23006 
121188 1291 
121188 2004 
121198 143 
121199 1363 
121200 571 
121210 262 
121211 166 
121218 513 
121230 1002 
121235 743 
121240 404 
121243 506 
121254 903 
121263 204 
121277 1092 
121291 248 
121307 743 
121321 1182 
121329 249 
121342 628 
121353 66 
121368 295 
121375 210 
121410 180 
121423 1294 
121508 270 
121539 1311 
121687 80 
121727 1190 
122306 1119 
122412 398 
122545 108 
122590 106 
124189 84 
124838 538 
125100 455 
129729 1086 
143540 922 
144297 846 
146753 1860 
148300 1624 
148717 1076 
148728 1280 
149608 1886 
149768 27 
150515 87 
151370 2064 
151568 1823 
151844 859 
152094 625 
153497 1360 
154477 772 
156148 2116 
156161 258 
156205 587 
156210 5127 
156268 1361 
156278 1847 
156396 645 
156430 1504 
156452 1120 
156495 357 
156531 119 
156612 29 
156899 394 
158258 1214 
158663 163 
160923 183 
161106 194 
162420 245 
164450 690 
164979 1106 
165546 400 
166480 438 
166951 141 
166952 46 
167051 696 
167087 327 
167667 794 
167705 171 
167969 2265 
168020 450 
168779 212 
168839 103 
169345 163 
169672 279 
171415 684 
171599 1202 
171868 766 
172172 113 
172773 179 
172825 356 
172894 960 
173069 330 
173241 1031 
175215 1282 
175230 1113 
175360 258 
175427 785 
175987 8145 
176447 2665 
176496 168 
176958 2601 
177107 917 
178012 1262 
178877 1442 
178888 1330 
179339 840 
179406 1017 
179458 3298 
179860 933 
180044 1455 
180502 415 
180534 849 
181537 404 
181637 664 
181651 2453 
182271 26 
182539 34 
182570 370 
182672 153 
182696 158 
183555 503 
184034 870 
185621 63 
185652 242 
185675 98 
185704 902 
185965 644 
186256 108 
186897 117 
188699 112 
188877 1351 
188878 645 
189370 438 
189489 864 
189814 876 
190305 3506 
190691 1452 
191255 876 
191349 587 
191359 382 
191390 1387 
191506 324 
191546 407 
191915 575 
192294 247 
192327 326 
192400 1296 
192732 828 
192929 38 
192935 269 
192961 1374 
192965 1206 
192986 79 
193127 254 
193621 2208 
193925 216 
193938 420 
196190 1083 
196336 4203 
196337 785 
196496 52 
196503 772 
196538 193 
196596 2345 
196675 292 
196749 275 
196751 3689 
196756 465 
196800 1227 
196862 1313 
197169 980 
197224 1174 
197532 793 
197532 228 
199124 38 
199296 102 
199751 222 
199923 527 
199927 1277 
199933 173 
199993 6 
199998 554 
200021 314 
200027 1830 
200138 59 
200140 541 
201783 380 
201804 805 
201959 123 
202225 503 
203016 11 
203049 284 
203052 104 
203067 786 
203079 1444 
203127 92 
203262 293 
203313 645 
203351 158 
204049 151 
204507 33 
205654 558 
207073 143 
207811 1021 
208482 199 
209033 368 
209104 457 
212070 984 
227112 123 
233094 643 
245524 358 
246194 2300 
246364 518 
248372 1337 
254505 903 
255646 48 
257248 805 
258031 975 
261619 1299 
262019 4 
262448 83 
263254 1231 
263291 1338 
263414 602 
263859 510 
263956 1109 
263977 70 
264089 993 
264884 190 
267377 1089 
267545 183 
267590 791 
268254 1186 
271433 848 
271838 1738 
271893 1608 
271906 3456 
271962 190 
271986 382 
271989 539 
271996 673 
272302 493 
272468 1291 
272835 7423 
272941 759 
272994 4602 
273007 794 
273483 761 
274928 1093 
274986 1217 
276169 511 
277758 288 
277821 518 
278297 1260 
278760 533 
279073 863 
279693 174 
281746 674 
281980 90 
285034 1241 
285151 207 
285164 2260 
286433 122 
287258 132 
287546 437 
287605 1088 
287633 1070 
287740 133 
287801 142 
287817 1246 
288299 104 
288912 1377 
290213 47 
290927 193 
291239 798 
291319 1776 
291572 2251 
291589 2873 
291612 673 
291728 317 
292010 227 
292154 201 
292163 68 
303855 771 
323046 724 
325689 2463 
331836 187 
334888 235 
335459 192 
339705 203 
342711 266 
349219 641 
350970 6015 
350991 2161 
351034 118 
352023 279 
352363 100 
352444 1514 
352446 1331 
352966 820 
353011 467 
353046 626 
353176 208 
355382 26 
355612 5991 
355946 37 
357419 2061 
357459 111 
358949 3184 
359289 4014 
361084 227 
362337 779 
363225 749 
365519 637 
365626 186 
366250 324 
366360 906 
366448 487 
366461 1412 
366523 125 
366559 25276 
366625 160 
366639 75 
366641 76 
367157 113 
367196 948 
367399 3735 
369670 2294 
369694 1007 
369726 299 
369777 1072 
370012 153 
370019 222 
370804 23 
372664 330 
375555 403 
376684 603 
378914 1204 
379010 961 
379120 372 
384350 1230 
406333 227 
412898 652 
416579 237 
421195 686 
423333 1041 
429543 559 
431608 415 
431781 926 
431810 2794 
435584 11 
436860 35 
438852 271 
439110 364 
440071 702 
442185 1055 
443735 430 
446781 276 
451875 63 
452059 31 
452092 1164 
452126 585 
452167 250 
452256 132 
452278 554 
452295 851 
453508 169 
453535 84 
454818 14109 
457603 184 
462243 836 
465742 603 
465777 380 
473767 106 
503082 974 
514546 113 
519699 1387 
525595 408 
531687 324 
536579 1458 
539971 3967 
540021 805 
540270 83 
549308 325 
555224 1683 
566674 2330 
579062 2415 
598990 1277 
599007 2179 
599064 3122 
599192 486 
599291 474 
602737 65 
