2137 8.06400462963
0 355779 
11 1886 
14 130 
16 78 
16 76 
18 130 
20 211 
21 43 
21 67 
23 466 
25 321 
25 105 
25 24 
26 40 
28 161 
30 245 
30 68 
31 262 
32 292 
33 631 
41 78 
44 835 
44 312 
44 443 
46 147 
48 251 
49 211 
49 109 
52 140 
52 271 
53 564 
54 173 
55 50 
55 251 
56 262 
56 187 
56 386 
58 106 
60 226 
61 106 
63 108 
64 303 
65 67 
65 470 
66 135 
67 73 
69 290 
69 105 
72 382 
72 202 
73 82 
74 68 
74 18 
74 570 
76 255 
77 163 
79 338 
79 212 
79 314 
81 78 
81 51 
81 346 
85 213 
85 130 
86 402 
87 35 
88 662 
88 137 
89 44 
90 47 
93 89 
95 344 
98 98 
106 204 
107 259 
114 149 
116 43 
120 213 
122 133 
125 81 
126 162 
129 196 
129 80 
130 83 
136 229 
141 183 
144 722 
144 113 
148 232 
152 144 
153 193 
158 139 
162 288 
168 129 
168 88 
169 166 
170 574 
173 215 
174 60 
175 178 
181 283 
182 81 
183 829 
186 37 
188 44 
189 103 
189 153 
190 478 
194 19 
194 64 
197 564 
199 93 
199 128 
202 1224 
202 467 
202 22 
202 219 
203 60 
205 285 
225 89 
226 602 
230 98 
230 97 
232 115 
236 31 
242 91 
256 67 
258 110 
258 180 
259 189 
269 887 
276 94 
283 234 
287 180 
292 82 
293 101 
294 0 
295 767 
308 15 
308 142 
323 251 
326 272 
363 77 
404 15 
404 60 
416 316 
424 558 
430 303 
435 308 
436 474 
440 350 
441 54 
449 115 
451 221 
455 140 
458 342 
459 53 
463 79 
468 1400 
473 23 
474 381 
474 243 
477 408 
481 56 
487 39 
490 287 
490 110 
499 84 
503 221 
511 47 
536 172 
541 0 
544 159 
548 46 
556 24 
566 30 
588 434 
590 31 
598 459 
604 112 
607 204 
635 33 
653 26 
672 116 
677 153 
678 11 
685 459 
692 37 
692 83 
721 134 
772 140 
774 219 
785 16 
792 142 
807 188 
813 252 
825 39 
825 39 
826 51 
836 42 
837 97 
839 247 
841 168 
861 542 
869 133 
870 636 
877 67 
892 457 
893 473 
899 123 
908 50 
911 61 
915 1168 
920 64 
921 107 
930 185 
933 159 
939 53 
947 193 
956 1637 
958 213 
959 7 
978 159 
985 206 
992 175 
1018 486 
1027 554 
1036 186 
1048 58 
1053 77 
1066 58 
1085 99 
1096 34 
1108 30 
1119 166 
1126 81 
1153 244 
1220 4368 
1228 175 
1232 19 
1245 31 
1250 62 
1317 100 
1326 234 
1331 42 
1335 110 
1345 73 
1347 200 
1424 28 
1425 73 
1431 142 
1431 77 
1440 165 
1449 61 
1500 93 
1503 73 
1512 58 
1519 1210 
1530 71 
1556 191 
1559 64 
1565 2177 
1581 174 
1583 89 
1590 848 
1606 96 
1612 61 
1649 73 
1659 114 
1666 1783 
1669 194 
1674 116 
1677 251 
1692 28 
1693 35 
1701 41 
1722 21 
1724 39 
1748 95 
1761 45 
1772 389 
1773 225 
1775 12 
1778 153 
1806 88 
1814 538 
1818 1516 
1827 95 
1829 544 
1831 80 
1843 177 
1846 143 
1848 216 
1859 132 
1864 583 
1867 123 
1868 52 
1897 74 
1902 188 
1946 455 
1966 18 
1967 74 
1996 105 
2003 213 
2006 67 
2021 170 
2024 78 
2058 134 
2082 136 
2162 31 
2177 39 
2197 101 
2218 38 
2225 89 
2252 86 
2259 21 
2273 240 
2276 885 
2282 146 
2326 216 
2328 60 
2350 5 
2389 2228 
2403 110 
2413 173 
2418 0 
2450 402 
2467 80 
2493 70 
2520 94 
2524 91 
2525 508 
2528 302 
2570 480 
2578 798 
2581 12 
2582 55 
2604 91 
2606 258 
2639 239 
2645 160 
2692 100 
2696 20 
2720 56 
2730 44 
2738 293 
2738 2103 
2812 84 
2814 136 
2818 17 
2853 48 
2853 83 
2892 866 
2893 276 
2901 121 
2908 257 
2917 69 
2950 119 
2968 43 
2974 899 
2990 113 
2998 1277 
3013 562 
3053 12 
3071 92 
3086 268 
3099 170 
3164 9 
3169 194 
3172 8233 
3188 463 
3190 28 
3213 219 
3224 221 
3266 514 
3288 1090 
3292 65 
3305 1216 
3309 30 
3340 1560 
3352 636 
3353 202 
3361 58 
3376 41 
3390 71 
3415 366 
3434 118 
3441 278 
3444 29 
3444 249 
3448 167 
3458 49 
3463 188 
3464 222 
3479 1383 
3496 34 
3510 312 
3535 72 
3560 784 
3565 40 
3593 23 
3600 1494 
3637 236 
3658 22 
3672 75 
3672 624 
3682 27 
3711 190 
3718 56 
3755 446 
3773 405 
3778 117 
3779 73 
3834 400 
3852 861 
3867 30 
3904 42 
3920 140 
3937 836 
3953 20 
3963 28 
3980 202 
3985 71 
3986 209 
4012 1038 
4012 44 
4030 44 
4041 16 
4041 239 
4054 97 
4058 1125 
4147 374 
4172 12 
4177 3 
4192 180 
4202 98 
4204 113 
4209 154 
4215 1786 
4220 83 
4222 5 
4225 173 
4235 16 
4258 569 
4266 53 
4267 457 
4270 57 
4275 328 
4282 60 
4283 2531 
4330 1392 
4340 419 
4411 175 
4469 50 
4478 220 
4503 140 
4518 147 
4543 2062 
4545 13 
4572 97 
4578 17 
4597 108 
4600 97 
4606 29 
4610 105 
4673 37 
4686 116 
4740 35 
4766 749 
4772 5 
4772 487 
4788 144 
4821 116 
4860 696 
4860 40 
4881 23 
4911 68 
4961 2528 
4972 289 
5055 324 
5058 2511 
5215 151 
5236 201 
5316 1665 
5344 1353 
5362 49 
5385 36 
5426 95 
5483 24 
5494 121 
5554 14 
5562 2741 
5572 4 
5651 1043 
5651 13 
5658 238 
5694 151 
5731 315 
5827 513 
5830 195 
5880 183 
5888 326 
6022 84 
6032 114 
6033 87 
6142 20 
6188 68 
6248 343 
6261 5 
6276 1545 
6337 28 
6367 54 
6487 30 
6500 887 
6522 127 
6526 1731 
6561 57 
6563 351 
6607 733 
6618 756 
6634 45 
6647 31 
6661 608 
6685 737 
6741 25 
6773 19 
6840 64 
6844 12 
6897 99 
6933 509 
6961 23 
6965 233 
6977 107 
7027 1572 
7030 130 
7065 125 
7077 139 
7085 62 
7103 122 
7107 695 
7117 25 
7123 8 
7123 127 
7179 26 
7184 220 
7229 9 
7233 171 
7246 120 
7303 541 
7305 76 
7308 345 
7358 66 
7396 204 
7423 88 
7436 44 
7500 1145 
7571 69 
7738 1331 
7743 33 
7746 1255 
7768 84 
7830 753 
7835 104 
7866 19 
7903 5 
7918 37 
7933 692 
7945 1056 
7971 722 
8073 60 
8078 8327 
8096 1932 
8107 31 
8126 602 
8161 246 
8170 57 
8175 254 
8187 129 
8203 1216 
8210 10 
8210 582 
8221 36 
8222 352 
8228 993 
8238 207 
8261 34 
8320 62 
8329 51 
8341 268 
8353 50 
8416 726 
8437 160 
8473 73 
8495 161 
8509 803 
8602 277 
8612 58 
8617 1433 
8620 123 
8680 1261 
8754 956 
8795 484 
8800 226 
8818 13 
8825 1639 
8842 17 
8891 63 
8931 42 
8947 173 
8985 81 
8995 49 
9007 64 
9017 66 
9064 190 
9100 17 
9132 35 
9133 236 
9137 207 
9157 117 
9170 149 
9176 376 
9248 137 
9251 586 
9256 92 
9318 1113 
9344 120 
9376 261 
9379 24 
9400 820 
9439 21 
9480 836 
9490 37 
9499 117 
9507 254 
9514 196 
9550 151 
9586 56 
9593 620 
9621 180 
9684 62 
9750 68 
9768 24 
9781 11 
9781 11 
9790 73 
9790 73 
9811 90 
9811 90 
9831 40 
9831 40 
9894 183 
9918 1007 
9967 387 
10053 40 
10116 149 
10150 58 
10216 681 
10225 156 
10297 2333 
10359 82 
10382 228 
10384 672 
10487 112 
10537 313 
10590 32 
10594 1313 
10601 201 
10674 166 
10685 77 
10699 59 
10727 235 
10770 447 
10865 417 
11006 17 
11007 12 
11037 57 
11065 178 
11103 358 
11126 9 
11156 531 
11161 164 
11208 28 
11217 26 
11227 149 
11228 41 
11253 38 
11263 31 
11286 207 
11319 124 
11324 980 
11331 105 
11366 440 
11367 53 
11381 108 
11384 52 
11406 638 
11469 17 
11478 10 
11541 270 
11622 81 
11644 190 
11650 79 
11666 85 
11712 264 
11712 66 
11720 46 
11789 2334 
11804 8 
11825 35 
11871 187 
11876 44 
11895 655 
11928 81 
11947 971 
11994 1536 
11995 205 
12003 294 
12056 111 
12056 287 
12089 21 
12137 347 
12152 260 
12202 166 
12214 405 
12279 214 
12313 32 
12360 63 
12390 290 
12434 142 
12437 350 
12475 179 
12577 380 
12634 36 
12643 153 
12658 88 
12674 151 
12680 588 
12698 145 
12701 545 
12772 85 
12802 100 
12806 1411 
12834 156 
12924 101 
12928 2035 
12960 41 
13035 50 
13054 144 
13151 130 
13226 93 
13237 55 
13255 25 
13397 63 
13417 121 
13500 47 
13663 140 
13729 254 
13772 62 
13788 6980 
13811 225 
13829 50 
13829 51 
13852 52 
13877 2761 
13912 58 
14023 360 
14040 9 
14159 210 
14208 67 
14237 17 
14239 22 
14292 2523 
14303 154 
14305 61 
14309 108 
14318 83 
14363 27 
14391 36 
14402 397 
14422 558 
14461 180 
14494 17 
14561 281 
14587 106 
14587 383 
14621 294 
14672 209 
14712 18 
14823 538 
14861 303 
14863 40 
14904 89 
15118 13 
15127 1 
15149 3 
15173 68 
15227 43 
15232 123 
15281 712 
15479 46 
15553 231 
15607 202 
15628 81 
15707 322 
15794 245 
15846 158 
15888 50 
15965 56 
15986 261 
16054 933 
16113 83 
16133 15 
16160 12161 
16262 426 
16334 598 
16405 285 
16487 210 
16754 2990 
16824 627 
16846 1794 
16920 122 
17013 73 
17075 103 
17110 135 
17126 22 
17142 462 
17165 106 
17325 30 
17333 110 
17404 52 
17440 67 
17542 249 
17588 17 
17652 97 
17663 185 
17696 150 
17738 28 
17773 71 
17783 117 
17855 572 
17975 141 
17981 58 
18017 29 
18063 311 
18098 60 
18186 159 
18315 89 
18407 2 
18412 108 
18558 19 
18564 35 
18580 269 
18620 143 
18662 159 
18684 39 
18732 4340 
18732 70 
18820 129 
18877 574 
19032 194 
19149 138 
19201 144 
19202 38 
19274 464 
19289 93 
19301 1327 
19324 48 
19349 3749 
19378 444 
19381 157 
19413 36 
19423 692 
19459 25 
19476 118 
19502 25 
19504 144 
19589 300 
19590 135 
19594 111 
19662 602 
19680 157 
19704 35 
19709 98 
19725 10 
19760 105 
19767 350 
19791 96 
19796 492 
19809 509 
19812 423 
19827 17 
19846 509 
19847 226 
19923 510 
19981 140 
19999 207 
20084 375 
20186 66 
20192 9 
20198 373 
20202 190 
20212 168 
20289 18 
20335 495 
20336 100 
20398 48 
20400 212 
20417 54 
20423 130 
20424 226 
20435 1090 
20476 172 
20543 339 
20629 273 
20659 152 
20690 139 
20716 89 
20720 98 
20775 614 
20780 291 
20818 260 
20915 139 
20978 12 
21012 18 
21053 521 
21087 267 
21132 323 
21162 431 
21168 471 
21187 49 
21254 485 
21258 199 
21313 57 
21359 60 
21363 239 
21374 20 
21380 28 
21541 73 
21587 231 
21788 264 
21852 110 
21892 193 
21896 143 
21913 1320 
21941 96 
21945 27 
21966 25 
22045 1425 
22063 25 
22111 529 
22220 65 
22240 936 
22282 73 
22332 2508 
22356 805 
22405 291 
22446 3652 
22526 16 
22560 1508 
22583 152 
22595 137 
22631 197 
22636 72 
22646 182 
22679 587 
22778 91 
22806 185 
22853 795 
22918 2832 
22931 152 
22959 116 
22987 64 
22989 104 
23099 184 
23133 109 
23156 143 
23224 179 
23245 152 
23280 1082 
23288 20 
23311 99 
23352 310 
23407 294 
23486 208 
23489 150 
23543 487 
23544 129 
23581 239 
23735 80 
23783 98 
23785 148 
23795 375 
23799 234 
23828 31 
23834 464 
23836 30 
23895 80 
23914 437 
24015 447 
24084 57 
24122 2597 
24218 61 
24255 3843 
24316 24 
24429 9 
24463 6 
24498 635 
24503 597 
24538 828 
24562 21 
24582 52 
24842 8 
24887 230 
24891 72 
24925 208 
24954 133 
24955 649 
25011 29 
25058 326 
25125 21 
25132 9 
25182 11 
25273 85 
25273 85 
25365 28 
25398 1038 
25434 136 
25568 152 
25947 157 
26462 310 
26605 236 
26612 48 
26758 1340 
26763 377 
26812 152 
26867 134 
26874 524 
26933 179 
26948 254 
27027 3149 
27061 84 
27068 142 
27070 54 
27159 37 
27198 698 
27311 161 
27346 67 
27416 463 
27425 597 
27446 937 
27457 70 
27503 714 
27779 11 
27779 36 
27819 61 
27852 80 
27923 83 
27934 66 
27962 1 
27986 58 
28020 63 
28058 12 
28186 59 
28205 188 
28217 12 
28265 503 
28266 105 
28298 788 
28361 24 
28432 800 
28482 226 
28494 596 
28529 58 
28530 64 
28595 28 
28662 23 
28825 270 
28921 8 
28929 826 
29043 335 
29113 119 
29195 30 
29217 330 
29274 3287 
29369 12 
29406 192 
29451 162 
29472 201 
29507 256 
29604 45 
29614 14 
29698 761 
29704 100 
29743 97 
29903 1837 
29918 57 
30130 95 
30150 30 
30259 4231 
30296 180 
30296 203 
30299 1205 
30597 107 
30618 97 
30768 702 
30796 50 
30907 27 
31271 285 
31303 11 
31318 33 
31363 1854 
31414 162 
31509 711 
31523 214 
31539 20 
31687 117 
31709 113 
31742 1704 
31812 495 
31901 87 
31995 103 
32080 45 
32091 5596 
32131 634 
32136 331 
32141 1782 
32238 931 
32246 50 
32257 23 
32310 33 
32319 27 
32403 2 
32426 109 
32496 84 
32561 70 
32564 107 
32641 128 
32659 671 
32661 8 
32887 10275 
32948 72 
32963 2640 
32992 56 
33001 22 
33097 698 
33142 4 
33153 1986 
33169 50 
33221 16 
33295 2130 
33393 731 
33410 85 
33425 27 
33495 191 
33591 2347 
33649 52 
33670 103 
33716 351 
33734 285 
33747 326 
33756 16 
33768 1276 
33785 538 
33890 193 
33980 11 
33989 701 
33992 171 
34034 263 
34260 2 
34267 27 
34278 100 
34314 246 
34349 179 
34370 138 
34388 94 
34427 46 
34463 736 
34472 45 
34510 80 
34627 61 
34635 38 
34752 146 
34752 513 
34886 342 
34888 187 
34987 126 
35140 409 
35141 923 
35154 84 
35229 172 
35363 841 
35391 173 
35481 110 
35539 77 
35595 5 
35620 40 
35623 707 
35672 1399 
35706 89 
35723 295 
35760 104 
35789 186 
35790 724 
35793 20 
35796 1118 
35816 891 
35836 0 
35838 574 
35847 193 
35977 167 
35988 98 
36063 0 
36122 28 
36379 247 
36397 238 
36454 42 
36479 73 
36501 45 
36538 171 
36611 110 
36638 920 
36675 218 
36759 72 
36818 11 
36821 10 
36854 240 
36899 249 
36922 284 
36923 194 
36953 398 
37019 147 
37145 1856 
37219 22 
37302 1658 
37333 578 
37360 2 
37457 17 
37523 111 
37539 23 
37548 149 
37550 122 
37563 207 
37588 130 
37598 352 
37655 487 
37664 224 
37714 134 
37727 215 
37782 89 
37796 371 
37797 405 
37847 4 
37899 85 
37960 285 
37961 360 
37995 112 
38005 613 
38009 2009 
38044 150 
38051 6773 
38062 133 
38119 51 
38120 20 
38126 82 
38165 160 
38166 39 
38303 76 
38338 492 
38354 307 
38367 43 
38386 170 
38451 43 
38486 2204 
38498 133 
38537 249 
38550 220 
38566 842 
38624 290 
38632 150 
38664 26 
38670 21 
38720 124 
38723 397 
38730 309 
38810 1948 
38810 1948 
38823 59 
38836 96 
38955 42 
38977 229 
38978 294 
39006 56 
39051 656 
39070 122 
39117 492 
39120 24 
39208 78 
39211 2079 
39219 211 
39240 1334 
39342 45 
39395 9 
39426 175 
39498 449 
39525 342 
39538 86 
39575 5 
39576 3137 
39583 78 
39683 240 
39693 138 
39698 129 
39718 92 
39722 23 
39764 86 
39810 886 
39885 66 
39908 20 
39963 22 
40046 34 
40110 36 
40195 501 
40230 145 
40345 205 
40361 0 
40374 11 
40422 4 
40428 115 
40456 180 
40550 121 
40557 175 
40619 1032 
40675 65 
40680 924 
40707 422 
40728 15 
40738 138 
40763 146 
40771 68 
40773 3435 
40802 126 
40804 150 
40805 82 
40828 133 
40838 152 
40873 116 
40880 145 
40893 922 
40911 204 
40925 330 
41011 85 
41057 86 
41062 321 
41064 510 
41071 378 
41152 239 
41168 198 
41182 81 
41182 57 
41190 21 
41210 1011 
41242 426 
41286 308 
41294 24 
41321 108 
41322 569 
41372 1 
41446 4 
41473 18 
41527 159 
41551 136 
41565 447 
41665 201 
41678 32 
41719 108 
41747 206 
41794 298 
41800 459 
41813 130 
41822 282 
41856 208 
41924 256 
41934 125 
41961 30 
41980 161 
42001 775 
42002 114 
42002 187 
42004 1140 
42015 83 
42017 39 
42061 82 
42112 1220 
42118 97 
42137 257 
42179 191 
42187 15 
42189 106 
42219 187 
42224 539 
42225 47 
42254 22 
42272 517 
42304 103 
42334 97 
42338 55 
42358 77 
42411 209 
42459 1151 
42472 112 
42492 232 
42552 7 
42582 47 
42620 5 
42627 112 
42628 640 
42631 8 
42633 143 
42636 227 
42716 60 
42724 882 
42766 405 
42808 16 
42836 240 
42845 96 
42880 285 
42911 142 
42965 18 
42968 186 
42982 12 
42989 132 
43002 128 
43006 327 
43009 148 
43012 939 
43015 1028 
43031 44 
43071 12 
43144 51 
43173 15 
43220 72 
43224 24 
43245 396 
43279 177 
43389 730 
43411 355 
43430 52 
43458 635 
43462 146 
43567 3 
43578 100 
43713 93 
43798 46 
43800 1 
43889 28 
43917 85 
43963 83 
44003 557 
44013 164 
44016 255 
44068 584 
44068 1778 
44103 178 
44148 986 
44177 198 
44213 448 
44247 17 
44296 70 
44322 114 
44334 14 
44377 88 
44428 172 
44539 115 
44599 174 
44655 41 
44660 30 
44682 334 
44683 164 
44726 112 
44785 33 
44792 899 
44806 1758 
44811 4 
44816 1044 
44829 201 
44836 290 
44898 656 
44961 6 
44998 7 
45039 34 
45123 251 
45149 103 
45155 27 
45181 115 
45204 574 
45204 144 
45237 151 
45239 61 
45333 864 
45333 372 
45371 56 
45434 4 
45536 5 
45559 284 
45602 444 
45607 231 
45624 163 
45663 124 
45674 7 
45695 99 
45734 34 
45786 38 
45820 224 
45823 6 
45838 84 
45842 124 
45885 286 
45899 140 
45904 136 
45941 5 
45982 232 
45997 582 
46000 213 
46026 430 
46065 10 
46097 553 
46139 84 
46237 547 
46255 38 
46314 329 
46316 28 
46340 75 
46386 60 
46396 39 
46406 1297 
46410 69 
46440 2185 
46498 445 
46511 486 
46564 83 
46584 26 
46603 210 
46612 1146 
46637 834 
46664 436 
46665 300 
46689 539 
46702 69 
46716 67 
46716 119 
46721 170 
46739 161 
46753 538 
46791 450 
46816 212 
46820 110 
46847 312 
46867 220 
46993 1629 
47044 109 
47160 132 
47176 13 
47200 129 
47219 66 
47251 1767 
47287 276 
47291 1330 
47325 86 
47338 394 
47402 42 
47412 122 
47480 69 
47554 222 
47626 2838 
47636 216 
47642 1177 
47677 293 
47707 8 
47708 627 
47726 35 
47756 8 
47806 232 
47860 387 
47925 17 
47954 9 
48026 157 
48038 478 
48111 1329 
48143 129 
48171 93 
48200 712 
48219 235 
48248 48 
48265 446 
48267 247 
48304 88 
48334 78 
48376 227 
48377 168 
48378 113 
48385 190 
48391 584 
48431 33 
48487 313 
48492 27 
48493 111 
48496 20 
48499 222 
48527 77 
48553 211 
48608 121 
48615 561 
48654 437 
48693 402 
48706 43 
48719 53 
48733 491 
48775 157 
48781 807 
48781 2482 
48789 208 
48800 40 
48833 232 
48844 1371 
48885 337 
48892 225 
48920 310 
48920 103 
49004 57 
49035 301 
49038 28 
49074 274 
49081 673 
49083 168 
49092 303 
49107 829 
49115 38 
49115 1082 
49115 1003 
49222 139 
49286 584 
49294 321 
49309 10 
49325 697 
49339 279 
49348 175 
49369 234 
49388 805 
49404 447 
49433 214 
49435 163 
49537 152 
49566 52 
49589 35 
49590 86 
49621 59 
49628 143 
49665 28 
49679 312 
49696 2225 
49704 236 
49714 259 
49725 94 
49738 80 
49749 11 
49762 700 
49773 210 
49777 92 
49789 122 
49825 176 
49833 106 
49876 651 
49903 498 
49925 759 
49941 112 
49954 30 
50028 69 
50068 121 
50131 314 
50149 278 
50177 680 
50180 1326 
50297 60 
50313 166 
50337 199 
50370 9082 
50373 86 
50386 88 
50419 177 
50486 51 
50515 94 
50517 945 
50553 30 
50555 54 
50595 24 
50596 29 
50754 564 
50767 68 
50943 1528 
50973 203 
50979 75 
50981 412 
50983 180 
51031 1535 
51032 39 
51043 580 
51043 122 
51077 386 
51114 28 
51129 571 
51146 55 
51150 386 
51155 4 
51159 159 
51193 1045 
51194 157 
51238 748 
51254 320 
51273 227 
51278 316 
51301 243 
51328 233 
51329 1161 
51386 136 
51393 44 
51412 347 
51450 66 
51493 81 
51543 72 
51567 55 
51581 168 
51588 116 
51589 1 
51593 15 
51614 75 
51641 18 
51703 253 
51711 49 
51719 20 
51746 97 
51797 1572 
51883 283 
51892 159 
51897 7 
51930 0 
51942 133 
51952 156 
51997 156 
52005 50 
52010 829 
52063 422 
52095 78 
52251 459 
52272 2925 
52288 1531 
52290 80 
52315 64 
52366 42 
52392 148 
52399 1287 
52429 85 
52436 131 
52527 22 
52542 299 
52545 130 
52552 85 
52649 274 
52662 175 
52683 12 
52725 119 
52757 387 
52758 48 
52787 91 
52792 188 
52792 40 
52806 69 
52890 258 
52922 2 
52991 43 
53114 33 
53138 19 
53174 580 
53209 7 
53222 131 
53238 227 
53257 0 
53264 89 
53347 144 
53374 17 
53407 5 
53471 177 
53520 175 
53575 312 
53607 132 
53615 262 
53657 182 
53664 15 
53670 183 
53691 97 
53748 84 
53752 99 
53789 763 
53814 3338 
53854 19 
53863 1 
53900 19 
53945 34 
53951 51 
54062 113 
54069 194 
54070 0 
54151 133 
54152 2207 
54166 1650 
54186 82 
54213 19 
54213 8 
54249 273 
54254 407 
54264 62 
54347 899 
54369 107 
54411 9 
54458 84 
54501 118 
54507 224 
54521 840 
54525 128 
54549 85 
54584 270 
54700 102 
54716 181 
54720 26 
54729 193 
54743 466 
54745 178 
54747 117 
54760 32 
54774 18 
54811 81 
54812 53 
54822 98 
54829 57 
54844 200 
54865 221 
54905 107 
54912 1241 
54971 78 
54993 208 
55028 66 
55054 464 
55074 623 
55084 52 
55116 37 
55133 87 
55133 169 
55170 151 
55225 109 
55251 82 
55264 67 
55276 138 
55284 542 
55349 176 
55352 90 
55374 151 
55384 325 
55413 67 
55429 42 
55517 18 
55552 893 
55646 44 
55686 298 
55692 70 
55734 192 
55781 104 
55800 283 
55820 76 
55852 140 
55890 562 
55971 276 
56038 55 
56215 120 
56227 257 
56268 17 
56314 172 
56335 72 
56344 61 
56398 439 
56402 95 
56449 118 
56603 328 
56694 14 
56712 253 
56714 293 
56737 104 
56767 7 
56851 10 
56948 552 
57046 184 
57110 127 
57129 207 
57130 797 
57140 113 
57156 167 
57174 226 
57233 243 
57293 127 
57376 295 
57500 111 
57626 159 
57687 327 
57726 3785 
57768 121 
57782 135 
57854 94 
57936 616 
57958 1352 
58008 177 
58077 1195 
58078 113 
58182 1099 
58200 127 
58233 391 
58248 461 
58254 504 
58343 33 
58368 190 
58492 100 
58525 1219 
58547 198 
58598 387 
58615 95 
58619 398 
58683 43 
58695 143 
58871 26 
58871 288 
58951 41 
59019 158 
59028 118 
59033 25 
59143 39 
59200 10 
59233 209 
59247 94 
59282 39 
59307 120 
59314 133 
59318 54 
59342 183 
59345 309 
59347 131 
59354 83 
59380 86 
59420 116 
59489 62 
59576 487 
59610 1873 
59623 115 
59674 55 
59696 20 
59698 61 
59719 61 
59722 11 
59822 2035 
59852 89 
59866 79 
59878 133 
59907 1345 
59908 872 
59916 853 
59918 91 
59941 250 
59946 1536 
59966 4 
59966 220 
60011 269 
60041 241 
60046 415 
60117 710 
60195 9 
60205 206 
60218 42 
60249 209 
60286 2767 
60290 20 
60313 50 
60375 554 
60395 10 
60412 589 
60442 240 
60458 7 
60471 414 
60516 2997 
60558 70 
60587 139 
60621 256 
60671 1284 
60772 331 
60891 175 
61119 539 
61207 1634 
61336 149 
61343 134 
61353 50 
61485 159 
61550 253 
61622 5 
61878 350 
61879 62 
61907 10 
61930 799 
61966 1738 
61996 134 
62018 10 
62120 132 
62124 5085 
62143 343 
62209 292 
62222 33 
62227 220 
62261 255 
62261 114 
62402 1 
62466 184 
62510 300 
62530 103 
62546 17 
62639 8 
62680 133 
62767 211 
62775 46 
62777 521 
62797 224 
62817 152 
62832 285 
62893 20 
63055 53 
63080 17 
63100 281 
63178 66 
63238 32 
63261 538 
63313 223 
63367 480 
63379 41 
63425 167 
63439 190 
63479 3483 
63491 13 
63494 107 
63495 192 
63502 297 
63509 57 
63525 53 
63531 80 
63574 69 
63595 276 
63615 11 
63648 169 
63663 178 
63924 48 
64031 138 
64091 72 
64256 20 
64407 79 
64631 42 
64655 125 
64671 134 
64918 191 
65252 725 
65277 38 
65468 193 
66793 28 
67027 97 
67170 53 
68428 53 
68438 126 
69318 545 
69700 22 
71985 22 
73351 75 
73994 127 
74865 195 
76404 152 
79488 36 
81874 54 
84519 120 
86179 302 
93421 2417 
100224 20 
100408 179 
100604 6 
102413 1121 
102954 269 
110220 89 
111802 774 
114442 184 
116106 110 
116288 24 
119884 1328 
120323 4 
120381 49 
123098 181 
123378 3 
124112 31 
124800 582 
124989 313 
129120 1011 
129431 255 
129502 77 
130195 58 
131800 259 
134934 40 
135079 58 
137456 160 
137550 37 
137637 47 
137706 127 
137722 532 
137780 623 
137910 217 
146763 160 
146995 260 
147218 378 
150824 109 
153287 2 
160711 8 
171067 170 
175146 33 
184322 123 
186943 161 
189888 330 
194663 239 
245397 58 
348510 28 
430938 64 
472442 331 
