2016 9.25123842593
0 616191 
8 412 
9 124 
9 742 
9 214 
9 36 
13 14 
16 333 
18 79 
19 556 
19 266 
20 90 
21 238 
21 209 
22 192 
24 313 
25 80 
26 149 
27 117 
27 1186 
27 197 
27 823 
27 119 
28 101 
29 112 
30 92 
30 168 
31 314 
32 128 
35 843 
36 515 
36 112 
37 456 
37 44 
37 183 
37 54 
38 667 
38 252 
39 185 
40 173 
42 33 
42 173 
43 534 
43 290 
43 3228 
43 302 
46 141 
46 103 
47 580 
48 84 
49 95 
49 210 
49 238 
50 172 
50 758 
51 136 
52 327 
52 368 
53 718 
54 94 
54 132 
55 233 
55 143 
57 296 
57 766 
57 774 
58 112 
59 570 
60 274 
61 507 
62 168 
63 248 
64 281 
64 748 
64 616 
64 145 
65 53 
66 347 
67 99 
68 152 
69 92 
69 264 
70 42 
71 129 
72 298 
74 220 
75 1162 
75 111 
75 208 
76 413 
77 575 
77 154 
77 125 
78 210 
78 238 
79 2333 
79 297 
80 274 
80 1022 
80 223 
81 234 
81 477 
81 212 
81 137 
81 388 
82 143 
83 199 
83 255 
84 514 
84 232 
85 260 
85 114 
86 375 
86 38 
87 43 
88 118 
88 109 
89 252 
90 311 
90 222 
91 90 
91 113 
92 5246 
92 210 
92 816 
93 79 
93 167 
94 283 
94 102 
96 403 
96 490 
96 76 
98 160 
98 13 
99 282 
100 372 
100 892 
101 406 
101 120 
101 130 
102 10465 
102 218 
104 193 
105 498 
105 165 
106 1067 
106 787 
107 174 
108 251 
108 141 
110 118 
111 117 
111 189 
111 666 
113 909 
113 261 
114 216 
116 179 
116 316 
116 349 
117 3674 
118 463 
119 409 
119 267 
119 183 
119 581 
120 250 
120 893 
120 127 
121 440 
121 235 
122 388 
123 188 
123 154 
123 1391 
127 177 
128 232 
128 115 
128 384 
129 62 
131 1046 
133 862 
133 577 
134 55 
134 151 
134 454 
134 74 
135 102 
135 1184 
136 147 
136 146 
137 233 
137 135 
138 622 
139 308 
140 9 
140 4822 
140 356 
142 655 
144 294 
145 120 
146 788 
147 115 
147 451 
147 33 
149 222 
149 507 
152 16 
153 29 
154 591 
155 12 
158 116 
159 58 
159 81 
159 145 
160 344 
161 1519 
161 453 
163 350 
163 261 
164 118 
165 599 
166 254 
166 255 
166 113 
166 351 
167 70 
169 294 
169 241 
174 70 
174 295 
175 82 
177 209 
177 93 
178 493 
178 128 
178 95 
178 339 
179 218 
180 8 
181 49 
182 133 
183 363 
183 3081 
183 793 
184 338 
185 145 
185 1133 
186 21 
187 110 
187 3 
187 200 
188 31 
189 367 
190 122 
191 145 
193 233 
196 136 
197 299 
197 340 
197 1101 
197 245 
197 338 
198 54 
199 128 
199 137 
200 297 
200 191 
200 767 
201 256 
203 401 
204 194 
205 276 
206 83 
207 34 
207 43 
208 137 
209 34 
210 175 
210 257 
212 429 
213 410 
214 135 
214 711 
214 703 
215 378 
216 45 
217 592 
218 605 
218 49 
219 198 
220 70 
220 127 
221 251 
222 702 
224 642 
224 42 
225 572 
226 288 
227 260 
228 283 
229 507 
230 314 
230 167 
230 580 
231 40 
232 163 
232 32 
233 110 
233 597 
236 119 
237 56 
238 1032 
238 486 
239 305 
240 120 
240 31 
243 426 
243 403 
244 620 
244 29 
245 104 
246 309 
247 601 
249 709 
251 26 
251 317 
252 215 
254 43 
258 210 
260 216 
261 208 
261 102 
262 65 
264 161 
264 1286 
264 119 
265 1250 
266 28 
266 192 
267 419 
270 98 
270 205 
273 140 
273 262 
274 298 
274 51 
275 209 
276 216 
276 79 
276 232 
276 691 
277 582 
277 479 
278 87 
278 120 
279 234 
279 429 
280 307 
280 128 
282 176 
282 327 
283 297 
284 164 
285 1226 
285 406 
286 182 
288 929 
289 268 
290 335 
290 36 
290 91 
291 461 
292 110 
293 9 
294 24 
294 301 
300 144 
302 4448 
302 311 
303 283 
303 94 
304 446 
306 224 
308 1841 
308 192 
310 186 
312 260 
313 68 
314 121 
316 697 
320 301 
320 454 
320 184 
321 190 
321 356 
321 455 
322 309 
324 149 
324 116 
325 372 
328 91 
329 502 
331 96 
334 198 
335 47 
335 49 
336 204 
338 371 
340 398 
340 2219 
340 131 
340 627 
342 111 
343 84 
343 200 
343 693 
344 13 
345 88 
345 145 
345 583 
346 47 
347 178 
348 216 
349 509 
349 96 
352 366 
353 269 
353 382 
353 1138 
354 1224 
355 209 
355 660 
356 69 
356 1188 
358 110 
358 444 
360 89 
360 102 
362 424 
363 215 
365 589 
367 252 
370 286 
371 320 
372 255 
373 286 
375 317 
375 140 
376 215 
377 170 
377 181 
378 184 
378 217 
379 42 
379 285 
381 203 
381 245 
385 143 
388 461 
389 431 
389 374 
390 237 
390 343 
392 158 
393 123 
394 936 
394 491 
395 58 
396 36 
396 193 
397 288 
405 126 
405 151 
406 52 
407 144 
408 530 
411 1176 
412 62 
412 24 
414 335 
414 50 
415 216 
416 98 
416 121 
416 114 
419 217 
419 266 
421 247 
424 219 
425 385 
427 118 
429 413 
429 179 
432 350 
432 289 
432 77 
435 147 
436 441 
437 446 
438 1143 
440 131 
445 177 
445 513 
446 322 
447 350 
450 431 
451 55 
451 200 
452 152 
455 115 
461 140 
464 458 
466 817 
466 1245 
467 90 
470 165 
470 119 
470 296 
471 21 
473 364 
476 142 
477 7 
479 221 
480 177 
481 568 
483 348 
484 133 
484 150 
485 83 
486 273 
488 575 
488 166 
490 359 
490 147 
491 121 
492 102 
493 127 
497 82 
501 673 
501 177 
509 209 
510 155 
516 151 
519 125 
521 260 
521 147 
521 475 
524 12 
524 348 
524 30 
526 25 
529 320 
534 211 
536 85 
539 213 
540 1001 
540 330 
542 232 
542 148 
543 28 
545 43 
547 223 
549 522 
550 79 
550 530 
553 95 
555 365 
559 1745 
560 431 
561 193 
562 114 
566 487 
568 264 
568 211 
571 243 
573 101 
574 610 
575 154 
576 185 
580 105 
585 105 
585 253 
586 289 
591 333 
594 417 
597 40 
601 223 
608 61 
608 184 
613 362 
615 337 
619 203 
622 76 
624 183 
626 128 
627 341 
631 149 
631 225 
631 68 
634 210 
634 287 
636 174 
638 1037 
640 54 
640 95 
644 151 
645 46 
648 266 
656 116 
658 113 
658 351 
660 641 
660 89 
664 123 
665 99 
667 434 
668 35 
670 236 
670 240 
672 192 
672 122 
676 276 
677 150 
679 171 
679 559 
680 276 
682 11 
682 248 
683 291 
683 360 
686 93 
686 187 
691 33 
692 868 
694 95 
702 105 
707 193 
710 419 
711 177 
713 198 
717 103 
718 111 
721 564 
722 116 
728 663 
728 172 
729 118 
730 117 
730 650 
732 41 
734 774 
734 217 
735 506 
735 55 
738 183 
744 198 
744 53 
744 255 
746 183 
748 458 
748 121 
749 861 
753 95 
761 327 
762 155 
765 136 
767 299 
774 243 
774 80 
777 509 
777 154 
781 121 
786 306 
789 265 
795 294 
796 286 
799 145 
816 343 
816 43 
824 266 
824 555 
827 586 
829 696 
830 159 
836 74 
837 177 
840 1040 
841 72 
842 123 
843 123 
848 86 
852 718 
857 50 
858 1088 
862 149 
866 84 
870 76 
871 994 
874 306 
887 396 
890 1230 
891 49 
891 332 
895 1893 
896 111 
898 324 
901 531 
903 42 
903 228 
904 260 
905 259 
907 165 
916 594 
916 187 
921 297 
922 99 
922 231 
925 720 
925 554 
925 126 
927 181 
938 477 
942 77 
944 231 
944 147 
945 104 
948 288 
948 100 
951 1433 
952 444 
954 85 
956 95 
956 305 
958 23 
958 127 
962 2283 
963 198 
967 749 
968 39 
972 852 
973 385 
973 37 
974 464 
974 88 
974 66 
977 380 
991 140 
991 143 
992 1037 
993 195 
997 161 
1002 621 
1003 30 
1006 49 
1007 221 
1007 283 
1007 459 
1009 223 
1009 229 
1010 113 
1010 1344 
1012 260 
1015 70 
1021 249 
1025 330 
1029 209 
1029 108 
1031 66 
1035 34 
1037 1090 
1038 58 
1040 258 
1041 142 
1048 332 
1050 279 
1050 538 
1053 455 
1054 859 
1055 197 
1056 745 
1065 1052 
1066 119 
1072 288 
1073 479 
1074 68 
1075 240 
1076 248 
1079 889 
1080 126 
1080 123 
1080 14 
1082 163 
1083 306 
1085 255 
1086 442 
1087 64 
1087 237 
1088 611 
1089 455 
1093 1673 
1094 178 
1095 45 
1095 206 
1098 278 
1098 449 
1106 472 
1107 472 
1110 126 
1111 193 
1118 334 
1119 368 
1121 299 
1122 324 
1124 170 
1125 232 
1126 130 
1126 843 
1126 311 
1128 467 
1132 422 
1134 257 
1134 367 
1139 106 
1140 196 
1145 1751 
1145 531 
1149 518 
1149 603 
1151 1098 
1153 85 
1154 341 
1159 346 
1160 164 
1161 574 
1162 609 
1167 573 
1172 359 
1173 347 
1175 174 
1175 295 
1183 670 
1184 2024 
1186 74 
1192 271 
1194 264 
1197 863 
1203 119 
1204 94 
1205 242 
1206 134 
1210 284 
1212 417 
1214 704 
1217 621 
1222 893 
1223 132 
1224 87 
1224 327 
1233 164 
1234 187 
1239 707 
1243 526 
1243 383 
1244 73 
1245 179 
1249 521 
1251 77 
1255 65 
1256 391 
1258 34 
1265 395 
1269 286 
1272 554 
1276 480 
1276 130 
1276 783 
1276 138 
1277 454 
1282 228 
1282 123 
1288 137 
1289 1548 
1291 40 
1294 130 
1297 450 
1309 1128 
1310 319 
1318 134 
1318 251 
1319 66 
1320 606 
1324 29 
1326 86 
1327 417 
1328 262 
1331 130 
1335 279 
1335 403 
1338 116 
1343 102 
1348 161 
1361 166 
1362 319 
1363 457 
1365 315 
1368 831 
1370 139 
1370 176 
1372 494 
1377 180 
1377 23 
1382 185 
1385 241 
1390 123 
1391 86 
1399 409 
1400 767 
1401 351 
1403 224 
1410 226 
1412 91 
1414 927 
1417 315 
1418 187 
1419 202 
1423 278 
1423 406 
1424 219 
1428 556 
1432 147 
1435 141 
1448 375 
1448 375 
1452 115 
1458 172 
1462 148 
1465 290 
1470 216 
1471 222 
1472 420 
1473 140 
1479 118 
1483 127 
1484 189 
1489 157 
1491 78 
1508 578 
1508 730 
1510 115 
1513 148 
1516 739 
1517 113 
1536 230 
1536 225 
1540 62 
1541 206 
1541 123 
1550 170 
1559 212 
1560 400 
1561 307 
1571 186 
1576 174 
1577 115 
1577 15 
1577 139 
1581 237 
1588 12 
1588 349 
1592 528 
1597 63 
1603 96 
1604 118 
1607 138 
1609 282 
1610 181 
1612 475 
1616 222 
1618 105 
1624 237 
1626 53 
1629 414 
1635 137 
1641 66 
1648 272 
1657 235 
1659 303 
1681 794 
1690 67 
1694 291 
1704 46 
1715 345 
1717 217 
1717 938 
1721 11014 
1723 26 
1737 347 
1740 60 
1746 254 
1747 224 
1753 245 
1757 430 
1768 955 
1771 309 
1784 37 
1790 435 
1795 481 
1801 294 
1801 547 
1811 336 
1812 73 
1818 128 
1820 377 
1821 112 
1823 276 
1842 37 
1843 360 
1850 204 
1853 409 
1853 57 
1853 359 
1855 164 
1866 93 
1872 134 
1898 100 
1901 154 
1907 100 
1908 638 
1911 745 
1920 32 
1921 139 
1924 41 
1925 44 
1927 445 
1930 336 
1936 57 
1955 264 
1957 289 
1964 194 
1964 37 
1981 118 
1992 178 
1994 252 
2001 1582 
2001 334 
2006 111 
2015 16 
2023 32 
2027 91 
2036 643 
2044 142 
2071 42 
2084 4 
2095 77 
2105 312 
2114 46 
2119 299 
2129 200 
2150 148 
2152 222 
2155 90 
2157 155 
2165 260 
2167 28 
2171 117 
2171 191 
2177 83 
2198 60 
2202 71 
2213 814 
2229 593 
2234 25 
2236 190 
2238 161 
2278 45 
2280 8 
2287 126 
2303 87 
2309 50 
2311 70 
2315 67 
2332 195 
2341 58 
2353 261 
2367 65 
2379 188 
2381 625 
2385 249 
2396 360 
2417 142 
2418 549 
2421 114 
2426 29 
2430 106 
2454 9 
2472 107 
2473 386 
2478 43 
2491 129 
2508 259 
2517 168 
2533 207 
2544 208 
2552 144 
2555 518 
2569 76 
2577 253 
2579 128 
2599 339 
2608 27 
2618 538 
2621 25 
2646 446 
2649 105 
2649 803 
2665 601 
2689 47 
2701 659 
2703 251 
2704 322 
2704 49 
2706 406 
2753 8 
2755 3121 
2760 7 
2765 183 
2775 217 
2777 153 
2800 203 
2807 10 
2824 308 
2831 233 
2836 183 
2842 154 
2842 305 
2886 89 
2923 595 
2940 185 
2945 62 
2979 48 
2997 263 
3018 19 
3036 114 
3045 52 
3051 674 
3071 125 
3089 86 
3096 199 
3124 91 
3126 23 
3140 52 
3195 3689 
3197 1135 
3209 101 
3210 1357 
3230 286 
3233 47 
3244 37 
3246 66 
3259 130 
3260 169 
3261 142 
3274 81 
3274 125 
3283 102 
3295 303 
3296 351 
3297 90 
3301 207 
3307 69 
3326 1662 
3333 151 
3339 444 
3348 186 
3380 597 
3383 277 
3384 73 
3415 451 
3416 82 
3417 168 
3443 543 
3467 350 
3543 289 
3544 82 
3567 338 
3578 43 
3579 111 
3591 612 
3601 167 
3618 250 
3624 296 
3631 92 
3632 533 
3644 87 
3689 107 
3691 474 
3697 487 
3700 451 
3702 259 
3745 56 
3749 50 
3755 389 
3755 308 
3772 91 
3773 121 
3808 46 
3809 143 
3812 15 
3816 431 
3850 172 
3855 296 
3861 38 
3895 337 
3941 40 
3980 493 
3985 461 
3986 265 
3995 80 
4008 117 
4015 9584 
4033 252 
4038 92 
4061 65 
4076 56 
4084 696 
4110 299 
4131 335 
4134 457 
4134 118 
4140 41 
4203 218 
4241 238 
4249 100 
4264 44 
4275 63 
4276 493 
4291 295 
4309 244 
4315 103 
4330 511 
4360 735 
4374 67 
4404 1851 
4430 111 
4431 304 
4474 178 
4507 376 
4525 213 
4531 1221 
4563 131 
4563 379 
4579 75 
4608 1519 
4612 42 
4647 95 
4690 111 
4691 169 
4710 37 
4755 198 
4762 186 
4803 321 
4814 141 
4829 160 
4852 206 
4869 106 
4900 524 
4963 52 
4973 474 
4974 417 
4978 292 
5020 71 
5063 190 
5123 336 
5137 607 
5149 13 
5179 468 
5187 332 
5211 60 
5271 41 
5285 507 
5334 243 
5378 156 
5456 108 
5534 54 
5534 98 
5552 32 
5561 820 
5611 107 
5637 2156 
5669 4 
5685 194 
5746 73 
5851 90 
5855 182 
5861 281 
5888 62 
5932 283 
5966 102 
6035 2 
6069 962 
6112 91 
6114 432 
6141 246 
6258 363 
6280 193 
6296 319 
6378 56 
6458 457 
6545 45 
6555 1385 
6610 112 
6612 23 
6624 233 
6688 955 
6801 140 
6837 41 
6856 263 
6865 443 
6878 1496 
6884 126 
6888 95 
6909 273 
6910 361 
6913 188 
6924 410 
6944 469 
6964 770 
6965 319 
6965 1102 
6991 187 
6999 127 
7015 491 
7027 357 
7041 511 
7042 75 
7049 355 
7049 445 
7050 232 
7072 390 
7073 706 
7081 179 
7083 262 
7087 921 
7092 156 
7107 307 
7117 3332 
7119 223 
7134 222 
7135 777 
7135 371 
7136 35 
7147 177 
7152 86 
7155 82 
7167 107 
7190 15 
7193 431 
7208 90 
7210 30 
7213 204 
7228 48 
7236 64 
7240 55 
7262 1310 
7265 80 
7270 469 
7274 443 
7288 36 
7295 327 
7314 5 
7320 851 
7332 497 
7338 599 
7340 1046 
7351 3062 
7365 308 
7383 340 
7387 148 
7393 497 
7408 2283 
7410 1786 
7452 49 
7454 401 
7457 113 
7458 933 
7473 195 
7479 415 
7505 1093 
7516 165 
7522 143 
7524 238 
7528 274 
7529 309 
7548 173 
7555 130 
7566 119 
7570 162 
7599 171 
7600 1140 
7600 127 
7632 169 
7652 500 
7719 83 
7734 96 
7764 70 
7768 100 
7784 53 
7818 163 
7822 162 
7848 518 
7878 446 
7888 127 
7926 397 
7940 3228 
7977 80 
8008 156 
8011 200 
8029 142 
8052 47 
8076 83 
8141 53 
8155 93 
8160 291 
8194 263 
8214 1381 
8246 6 
8276 702 
8294 255 
8295 487 
8348 571 
8356 560 
8371 80 
8433 608 
8434 106 
8448 113 
8459 132 
8479 102 
8523 81 
8537 552 
8580 122 
8592 227 
8604 79 
8616 73 
8703 2020 
8714 178 
8724 477 
8736 79 
8739 234 
8751 136 
8753 104 
8766 145 
8811 48 
8813 89 
8860 193 
8911 72 
8932 383 
8982 533 
9053 67 
9071 324 
9073 16 
9147 264 
9172 89 
9274 796 
9316 142 
9331 948 
9345 169 
9409 735 
9432 6 
9443 203 
9444 106 
9471 120 
9473 227 
9543 27 
9568 190 
9601 124 
9642 139 
9645 44 
9652 209 
9785 75 
9788 353 
9885 43 
9949 55 
9990 15 
10027 687 
10085 417 
10087 156 
10456 398 
10475 280 
10500 391 
10554 229 
10583 83 
10604 307 
10677 333 
10710 757 
10768 936 
10786 364 
10822 82 
10830 881 
10903 6086 
10911 9757 
10957 440 
10994 2183 
11025 399 
11072 1714 
11086 1777 
11101 124 
11133 479 
11145 390 
11195 628 
11201 1056 
11272 125 
11313 489 
11323 278 
11325 69 
11335 1287 
11336 390 
11459 318 
11469 160 
11497 252 
11517 657 
11538 21 
11557 495 
11588 252 
11634 188 
11684 15 
11696 422 
11702 112 
11719 180 
11767 435 
11792 411 
11799 79 
11835 71 
11863 1459 
11871 1138 
11887 51 
11888 538 
11889 793 
11942 334 
11945 369 
11992 371 
11994 64 
12030 66 
12032 883 
12041 1792 
12047 554 
12067 452 
12115 601 
12272 579 
12274 86 
12303 667 
12347 359 
12427 164 
12640 127 
12673 510 
12696 639 
12722 53 
12788 878 
12795 424 
12814 424 
12851 130 
12873 61 
13016 15 
13115 3 
13162 357 
13274 116 
13331 315 
13377 611 
13489 186 
13495 2670 
13511 22 
13528 73 
13630 178 
13699 109 
13703 143 
13731 174 
13856 794 
13959 16 
13959 16 
14040 2 
14122 448 
14138 70 
14217 389 
14261 1302 
14332 63 
14368 103 
14384 117 
14421 30 
16205 29 
16230 233 
16244 11 
16335 59 
16354 108 
16515 1670 
16604 105 
16665 385 
16726 436 
16835 271 
16864 540 
16883 410 
16945 32 
17068 127 
17140 22 
17167 793 
17238 1494 
17339 304 
17419 80 
17473 39 
17612 66 
17752 938 
17754 44 
17839 332 
17858 107 
17926 128 
18088 132 
18186 33 
18246 75 
18644 36 
18659 98 
18785 76 
19205 196 
19212 126 
19215 70 
19282 99 
19392 315 
19395 608 
20594 55 
20971 183 
20975 10 
21051 273 
21478 288 
21488 785 
21602 242 
21966 60 
21988 1280 
22102 2059 
22151 382 
22172 33 
22197 291 
22331 28 
22346 485 
22481 257 
23136 68 
23250 6 
23373 118 
23607 27 
24168 640 
24946 193 
25084 195 
25103 199 
25300 157 
25403 6 
25410 9 
25659 54 
25714 9 
25738 361 
25802 268 
25912 252 
25966 211 
26059 344 
26069 144 
26106 1977 
26717 515 
26727 648 
26727 170 
26748 155 
26755 413 
26769 167 
26836 164 
26837 134 
26887 420 
26910 210 
26913 331 
26942 143 
26962 32 
26964 361 
26970 366 
26983 142 
27006 397 
27069 284 
27090 335 
27146 255 
27180 245 
27185 125 
27212 302 
27215 266 
27218 280 
27310 73 
27317 97 
27323 255 
27333 342 
27428 182 
27433 294 
27438 74 
27466 73 
27538 189 
27545 140 
27564 79 
27568 278 
27582 328 
27588 192 
27941 411 
27978 330 
28022 567 
28033 52 
28084 352 
28136 295 
28151 344 
28234 35 
28472 70 
28484 264 
28869 24 
28984 663 
29054 14 
29180 4 
29203 273 
29220 283 
29282 309 
29702 85 
29777 1798 
29783 97 
29890 6343 
30211 129 
30256 95 
30634 264 
30969 33 
31062 801 
31322 67 
31414 113 
31540 380 
31656 130 
31887 243 
32146 45 
33202 50 
33255 433 
33348 124 
34112 89 
34648 177 
34707 234 
34707 311 
34805 380 
34823 319 
34837 3 
36206 331 
36234 325 
36278 288 
36348 618 
37995 157 
39211 162 
39234 2031 
39336 401 
40030 21 
40642 741 
40949 184 
42354 31 
42887 226 
43919 223 
46282 143 
46756 93 
50973 247 
51866 13 
56699 1087 
57047 257 
58435 341 
64607 632 
65469 243 
66138 7 
66671 152 
68002 540 
68269 560 
68619 468 
73280 649 
77802 294 
80016 265 
81470 548 
84760 59 
86856 94 
86867 573 
86880 438 
87138 501 
88399 21 
92130 228 
92518 341 
92519 4652 
92559 381 
92564 1533 
92964 113 
94268 440 
94424 77 
94425 308 
94488 331 
94686 143 
94937 241 
95063 1550 
95105 31 
95299 517 
95917 794 
96046 260 
96099 225 
97126 41 
98011 43 
99110 209 
99121 1132 
99347 1544 
99382 766 
100101 153 
100504 350 
100537 342 
100640 47 
100912 78 
101006 393 
101057 285 
101226 1580 
101233 25 
101928 34 
101928 34 
102157 59 
102216 167 
102359 190 
102540 3057 
103782 921 
105191 38 
105193 6 
105388 114 
105618 332 
105846 1332 
105931 343 
105947 871 
106046 728 
106102 1057 
106263 367 
106297 191 
106956 46 
107026 206 
107224 432 
107461 511 
107690 127 
107883 120 
107967 572 
108115 664 
108128 1216 
108153 183 
108200 434 
108324 1471 
108381 574 
108692 2173 
108695 173 
109636 518 
109832 126 
110153 98 
110296 402 
112408 236 
112567 195 
112717 150 
113941 77 
115135 34 
116828 673 
119802 199 
120320 354 
125315 151 
127834 359 
131304 587 
135748 100 
135751 440 
140191 209 
140748 3 
149376 159 
156031 906 
157380 174 
158792 619 
159844 439 
168808 116 
169506 152 
173193 36 
177850 231 
178899 29 
179699 1214 
182294 126 
182451 242 
183955 263 
185890 470 
187327 149 
189850 176 
192952 14 
195448 108 
195999 333 
196765 481 
196771 185 
199708 323 
200094 313 
200227 540 
200975 304 
201598 56 
201939 165 
205086 10 
206615 60 
206722 117 
212061 337 
218517 77 
229871 115 
229894 105 
233480 1067 
234195 118 
250913 75 
251482 562 
262043 692 
262982 229 
264802 16 
264845 760 
269435 237 
269586 224 
271554 432 
271781 241 
272165 872 
272339 43 
274546 58 
276564 219 
276582 265 
279270 229 
279507 180 
279519 158 
280369 171 
282594 83 
283015 443 
284594 19 
284844 327 
286902 193 
287109 228 
293222 164 
293727 253 
297791 373 
297811 213 
331989 63 
345324 720 
351194 91 
354083 133 
359488 521 
367715 126 
368947 352 
368966 622 
368968 436 
369043 1378 
369218 515 
370514 140 
371529 127 
371541 320 
372653 394 
372807 569 
374003 77 
375641 109 
376212 392 
377782 212 
379523 565 
379850 302 
379963 68 
409244 131 
418951 291 
433842 158 
436511 109 
450259 448 
454270 187 
456846 568 
459180 346 
460467 113 
460565 391 
460613 202 
460630 323 
460983 241 
470210 100 
470940 334 
475591 788 
475757 694 
491031 334 
496800 658 
516594 352 
516987 118 
519087 234 
522344 96 
525069 39 
525405 111 
530526 2808 
530616 614 
530617 188 
530745 333 
531113 162 
531139 162 
531253 836 
531336 308 
531462 626 
531534 2710 
531539 1700 
531597 92 
531632 110 
531677 1404 
531771 158 
531795 168 
532116 1860 
532183 220 
532253 253 
532272 376 
532272 376 
532296 2097 
532465 408 
533097 783 
540006 31 
543463 329 
549450 65 
549450 65 
558201 159 
583890 250 
587230 131 
587553 85 
591633 325 
592463 351 
592643 109 
594725 9 
603027 147 
