3944 11.881712963
0 3306443 
9 23 
9 225 
10 155 
12 393 
12 937 
13 228 
13 551 
15 200 
15 1123 
15 117 
16 400 
17 74 
18 73 
19 749 
19 38 
20 33 
20 171 
21 62 
22 18 
24 37 
24 402 
24 80 
25 3 
25 148 
27 29 
27 172 
29 351 
29 203 
29 95 
30 62 
30 193 
31 95 
31 173 
31 92 
32 50 
32 17 
34 453 
34 65 
35 131 
36 11 
36 165 
37 183 
37 145 
38 27 
38 41 
38 123 
40 634 
40 179 
40 236 
41 47 
42 109 
42 474 
43 94 
43 21 
44 148 
44 81 
44 52 
45 202 
46 221 
46 748 
47 2067 
47 11 
47 33 
47 280 
48 86 
48 254 
49 16 
49 62 
49 19 
50 81 
50 147 
50 346 
50 31 
50 604 
51 88 
52 80 
52 51 
52 103 
52 128 
53 431 
53 146 
53 107 
53 216 
53 313 
54 99 
54 4 
54 160 
54 77 
54 1059 
55 37 
55 82 
55 73 
55 182 
56 70 
56 3 
57 62 
57 165 
57 319 
58 85 
58 74 
58 10 
58 101 
58 16 
58 193 
58 305 
59 212 
59 72 
59 26 
59 33 
59 60 
59 302 
60 58 
60 166 
60 75 
60 111 
61 41 
61 66 
61 153 
61 352 
62 18 
62 73 
63 125 
63 1789 
63 16 
63 128 
64 36 
64 23 
64 29 
64 73 
64 52 
64 65 
64 77 
65 310 
65 161 
65 162 
66 48 
66 145 
66 112 
66 124 
66 160 
67 212 
67 247 
67 203 
67 499 
67 36 
68 57 
68 301 
68 88 
69 144 
69 142 
69 60 
69 182 
69 50 
69 96 
70 19 
70 462 
70 447 
70 29 
71 252 
71 182 
71 21 
72 31 
73 1206 
73 170 
73 70 
74 119 
74 96 
74 339 
74 23 
75 40 
75 97 
75 340 
75 82 
75 62 
75 332 
76 40 
76 140 
76 42 
77 183 
77 123 
77 1585 
78 150 
78 48 
78 170 
79 207 
80 15 
80 162 
80 661 
80 17 
80 65 
81 66 
81 247 
81 71 
81 134 
81 11 
82 3118 
82 48 
82 403 
82 75 
83 44 
83 213 
83 143 
83 39 
83 137 
84 103 
84 99 
84 315 
84 220 
84 3387 
85 65 
85 203 
85 72 
85 81 
85 115 
85 130 
85 60 
85 1416 
85 177 
86 396 
86 31 
86 48 
86 171 
86 132 
86 102 
87 211 
87 83 
87 15 
88 151 
88 77 
88 94 
88 175 
88 105 
89 51 
89 120 
90 159 
90 97 
90 174 
91 186 
91 26 
91 74 
91 275 
92 98 
92 79 
92 110 
92 118 
92 153 
92 50 
93 138 
93 118 
93 110 
93 238 
93 192 
94 134 
94 203 
94 42 
94 289 
94 115 
95 433 
95 74 
95 28 
95 1140 
95 58 
95 142 
95 151 
96 42 
96 323 
96 111 
96 212 
96 74 
96 254 
96 219 
97 74 
97 120 
97 80 
97 36 
97 39 
97 129 
98 121 
98 395 
98 80 
98 182 
98 319 
98 190 
99 50 
99 130 
100 92 
100 1106 
100 552 
100 773 
100 294 
100 107 
100 89 
101 482 
101 188 
101 19 
101 80 
101 200 
101 87 
102 121 
102 145 
102 304 
102 44 
102 235 
103 157 
103 39 
103 65 
103 87 
104 65 
104 18 
104 225 
105 15 
105 176 
105 328 
105 18 
105 297 
105 195 
105 80 
106 196 
106 195 
106 217 
106 86 
106 175 
106 59 
107 156 
107 64 
107 187 
107 10 
108 403 
108 167 
108 168 
108 39 
108 239 
109 516 
109 120 
109 9 
109 238 
109 117 
109 110 
109 144 
110 146 
110 104 
110 120 
110 60 
110 27 
110 458 
110 65 
110 89 
110 179 
110 750 
111 197 
111 56 
111 70 
111 132 
111 65 
111 47 
112 431 
112 20 
112 56 
113 168 
113 99 
113 156 
113 30 
113 163 
113 60 
114 24 
114 813 
114 168 
114 101 
114 127 
114 630 
114 2082 
114 73 
115 511 
115 52 
115 22 
115 90 
115 212 
115 186 
115 115 
115 85 
116 73 
116 139 
116 18 
116 224 
116 39 
116 320 
117 199 
117 1 
117 935 
117 273 
117 52 
118 100 
118 78 
118 78 
118 187 
118 56 
118 306 
119 100 
119 106 
119 230 
119 54 
119 117 
119 608 
119 493 
120 77 
120 71 
120 196 
120 451 
120 296 
120 78 
120 102 
120 195 
121 87 
121 66 
121 191 
121 83 
121 22 
121 24 
121 359 
122 1847 
122 72 
122 131 
123 72 
123 383 
123 180 
123 122 
123 81 
123 518 
123 288 
123 134 
123 83 
123 512 
123 13 
123 188 
123 229 
124 197 
124 162 
124 191 
124 74 
124 205 
124 185 
124 147 
125 29 
125 164 
125 140 
125 34 
125 536 
125 36 
126 68 
126 199 
126 203 
126 89 
126 63 
126 97 
127 17 
127 20 
127 137 
128 25 
129 221 
129 113 
129 47 
129 41 
130 190 
130 408 
130 21 
130 110 
130 106 
130 56 
131 97 
131 135 
132 199 
132 113 
132 415 
132 150 
132 9 
133 327 
133 49 
133 58 
133 203 
134 97 
134 154 
134 49 
134 72 
134 124 
134 176 
134 43 
134 158 
134 124 
134 178 
135 418 
135 137 
135 89 
135 117 
136 123 
136 225 
137 430 
137 133 
138 6 
138 24 
138 181 
138 110 
138 85 
138 70 
138 68 
138 89 
139 594 
139 581 
139 117 
139 49 
139 40 
139 168 
139 200 
139 26 
139 89 
139 61 
139 143 
140 124 
140 96 
140 111 
140 226 
141 86 
141 158 
142 389 
142 120 
142 11 
143 144 
143 176 
143 105 
143 98 
143 356 
143 11 
143 144 
143 1226 
144 184 
144 68 
144 477 
144 125 
144 76 
144 186 
144 34 
144 473 
145 163 
145 102 
145 650 
145 46 
145 20 
146 80 
146 97 
146 7 
146 126 
146 112 
146 379 
146 93 
147 265 
147 774 
147 1123 
147 53 
147 279 
148 273 
148 150 
148 183 
148 239 
148 39 
148 334 
149 446 
149 71 
149 394 
149 247 
149 3033 
150 216 
150 291 
150 207 
150 45 
151 146 
151 189 
151 125 
151 70 
152 193 
152 69 
152 97 
152 159 
152 1013 
152 469 
153 70 
153 157 
153 80 
153 91 
153 1256 
153 27 
153 218 
153 327 
154 104 
154 22 
154 64 
154 113 
154 71 
154 32 
154 237 
154 523 
155 713 
155 269 
156 532 
156 126 
156 31 
157 9 
157 164 
157 60 
157 36 
158 70 
158 2217 
158 24 
158 318 
158 301 
158 183 
158 581 
159 68 
159 338 
159 436 
159 48 
160 131 
160 513 
160 73 
160 380 
160 484 
160 361 
161 366 
161 81 
162 9 
162 160 
162 534 
162 105 
162 54 
162 310 
163 140 
163 121 
163 145 
163 42 
163 229 
164 86 
164 237 
164 708 
165 732 
165 115 
165 76 
166 69 
166 58 
166 376 
166 471 
167 649 
167 587 
167 170 
167 126 
167 122 
168 167 
168 578 
168 117 
169 8 
169 113 
169 174 
169 155 
170 401 
170 28 
170 120 
170 176 
170 25 
170 107 
171 131 
171 76 
171 69 
171 718 
171 26 
171 768 
172 104 
172 135 
172 51 
172 44 
173 77 
173 26 
173 55 
173 421 
174 398 
174 360 
174 324 
174 171 
174 96 
175 154 
175 541 
176 71 
176 123 
176 330 
177 137 
177 136 
177 120 
177 75 
177 137 
177 29 
178 496 
178 63 
178 83 
178 125 
179 197 
179 151 
179 113 
179 268 
179 89 
179 86 
179 57 
179 506 
180 114 
180 165 
180 32 
180 299 
180 133 
180 111 
181 185 
182 48 
182 130 
183 22 
183 380 
183 337 
183 236 
183 53 
184 336 
184 445 
184 340 
184 71 
184 115 
184 111 
184 330 
185 150 
185 109 
185 32 
185 71 
185 104 
185 199 
186 69 
186 128 
187 1379 
187 288 
187 87 
187 65 
246 161 
247 90 
247 72 
248 435 
248 234 
248 218 
249 698 
249 110 
250 311 
251 243 
251 291 
251 30 
251 194 
251 71 
251 26 
251 77 
251 80 
251 69 
252 20 
252 107 
252 369 
253 343 
253 146 
253 217 
253 186 
253 325 
254 190 
255 360 
255 122 
255 31 
255 263 
256 37 
256 107 
256 17 
256 20 
256 61 
257 426 
257 64 
258 18 
259 291 
259 4 
260 247 
260 14 
260 547 
260 69 
260 5 
260 140 
260 1708 
261 100 
261 473 
261 207 
261 294 
262 85 
262 119 
262 23 
262 149 
263 380 
264 52 
264 140 
265 121 
265 162 
265 307 
266 104 
266 78 
266 119 
266 35 
266 82 
266 12 
266 338 
266 125 
266 103 
268 57 
269 65 
269 161 
269 351 
269 55 
270 76 
270 20 
271 78 
271 159 
271 132 
272 341 
272 198 
273 28 
275 127 
275 71 
275 48 
275 381 
275 111 
275 38 
276 104 
277 213 
277 67 
278 192 
278 123 
278 351 
278 302 
278 136 
279 174 
279 675 
279 640 
281 72 
281 107 
281 161 
281 108 
282 315 
283 117 
283 97 
283 66 
283 189 
284 52 
284 597 
284 71 
284 216 
284 113 
285 127 
285 180 
285 2 
286 122 
286 830 
287 230 
287 54 
287 25 
287 86 
288 30 
288 51 
288 622 
289 260 
289 178 
290 213 
290 142 
291 11 
292 46 
292 59 
292 72 
292 56 
293 178 
293 137 
293 40 
293 1109 
294 140 
295 94 
295 18 
295 100 
296 38 
296 132 
296 68 
296 329 
297 91 
298 120 
298 60 
298 148 
299 73 
299 139 
299 314 
299 219 
300 194 
300 32 
300 64 
301 161 
301 176 
301 47 
301 512 
302 352 
303 293 
303 135 
303 23 
304 152 
304 90 
305 165 
305 132 
305 1256 
306 141 
307 240 
308 413 
308 17 
309 120 
310 171 
310 225 
310 128 
310 286 
311 18 
311 215 
311 37 
313 89 
313 83 
313 80 
314 44 
314 83 
314 274 
315 229 
315 246 
315 146 
315 114 
316 132 
316 81 
316 163 
316 53 
317 31 
317 49 
317 93 
318 263 
318 10 
318 81 
318 320 
319 66 
319 143 
319 159 
320 139 
320 477 
320 286 
321 213 
321 59 
321 107 
323 11 
324 92 
324 827 
324 57 
324 520 
324 233 
324 412 
325 116 
325 166 
326 166 
327 647 
328 127 
328 692 
329 212 
330 22 
330 24 
331 252 
332 25 
332 138 
332 99 
332 87 
332 451 
333 32 
334 283 
334 23 
334 387 
334 82 
334 112 
335 52 
335 138 
335 86 
335 210 
335 64 
337 291 
338 121 
338 88 
338 94 
339 292 
339 86 
339 683 
339 587 
340 262 
341 119 
341 26 
342 20 
342 258 
342 348 
342 43 
342 195 
342 73 
342 22 
342 95 
342 242 
344 354 
344 188 
346 51 
346 43 
346 213 
347 23 
347 176 
347 223 
347 82 
347 464 
347 296 
348 35 
348 24 
349 221 
349 187 
349 0 
349 80 
350 10 
350 104 
351 95 
351 547 
351 647 
352 712 
352 539 
352 175 
353 102 
353 428 
353 601 
353 108 
354 710 
354 135 
356 5 
356 120 
356 116 
356 137 
357 104 
357 86 
358 159 
358 192 
359 255 
359 32 
359 347 
360 199 
360 137 
361 63 
361 350 
361 38 
361 629 
362 46 
362 87 
362 76 
362 130 
363 134 
364 89 
365 175 
366 17 
367 159 
367 39 
367 207 
368 215 
368 147 
368 119 
369 55 
369 191 
370 331 
370 321 
370 354 
371 332 
371 77 
372 84 
372 289 
373 96 
373 8 
374 220 
374 383 
375 247 
375 534 
376 27 
376 5 
376 114 
377 104 
378 100 
378 42 
378 60 
380 759 
380 572 
382 1 
383 38 
383 250 
383 265 
383 253 
383 42 
384 6 
384 30 
384 65 
385 58 
386 61 
386 217 
386 112 
386 191 
386 53 
387 70 
387 48 
388 399 
388 95 
388 173 
389 60 
389 13 
389 372 
390 69 
392 59 
392 70 
392 117 
392 28 
393 63 
393 106 
393 236 
394 228 
394 121 
394 116 
394 148 
395 185 
395 324 
396 3 
396 72 
396 290 
396 160 
397 37 
397 74 
397 71 
397 276 
398 180 
399 101 
400 327 
400 20 
401 372 
401 273 
401 31 
402 681 
403 117 
404 58 
405 64 
405 72 
406 218 
406 217 
406 268 
407 293 
408 239 
408 72 
408 92 
410 109 
410 84 
411 154 
411 48 
411 54 
411 32 
412 1311 
413 171 
413 627 
413 37 
414 76 
416 278 
416 167 
418 459 
418 63 
419 288 
419 15 
420 262 
420 157 
421 133 
421 84 
423 96 
423 240 
423 84 
423 17 
425 108 
425 368 
425 113 
426 19 
426 222 
426 63 
427 223 
427 33 
428 74 
428 31 
429 204 
430 200 
431 46 
432 519 
432 25 
433 122 
433 167 
433 132 
433 35 
434 57 
434 98 
435 359 
435 485 
436 376 
436 65 
437 114 
437 118 
439 313 
439 566 
439 205 
441 402 
441 133 
442 656 
442 69 
442 588 
442 73 
443 717 
443 312 
444 150 
505 143 
506 251 
507 8 
508 127 
508 82 
508 92 
509 94 
510 83 
511 191 
511 611 
512 15 
512 327 
513 65 
513 130 
515 127 
516 31 
516 2 
517 83 
517 136 
518 44 
518 191 
520 237 
520 70 
520 115 
523 20 
523 39 
524 13 
524 104 
526 276 
528 48 
529 74 
530 153 
531 25 
531 122 
532 159 
533 574 
534 138 
535 131 
535 68 
535 61 
536 138 
536 130 
537 44 
537 89 
537 116 
538 114 
539 112 
539 211 
540 25 
540 112 
542 202 
543 132 
543 708 
543 200 
543 112 
544 90 
544 29 
545 65 
545 295 
546 552 
546 55 
547 564 
547 192 
547 46 
547 8140 
547 29 
549 414 
549 620 
550 14 
551 82 
552 326 
553 47 
553 55 
553 216 
554 47 
554 423 
556 1397 
557 56 
557 229 
558 87 
562 236 
562 172 
562 224 
563 2560 
564 256 
564 86 
564 320 
564 42 
564 394 
564 46 
564 513 
565 322 
565 162 
567 72 
567 202 
569 938 
570 105 
571 38 
572 163 
574 75 
574 223 
574 71 
574 20 
577 103 
577 158 
577 153 
578 97 
578 12 
579 51 
579 331 
580 288 
583 112 
585 45 
586 252 
586 314 
587 485 
589 260 
589 525 
589 163 
590 29 
591 150 
592 163 
592 114 
593 33 
594 8 
594 225 
595 61 
595 46 
596 91 
597 74 
597 10 
597 106 
597 261 
600 2156 
600 47 
601 113 
601 38 
602 59 
602 67 
602 264 
603 79 
604 201 
606 65 
606 61 
608 10 
609 109 
609 226 
611 125 
611 130 
612 50 
612 11 
615 84 
615 73 
616 26 
616 29 
616 155 
619 214 
620 57 
621 68 
621 63 
623 104 
623 199 
623 89 
624 126 
625 138 
626 155 
626 50 
628 52 
629 29 
632 56 
632 250 
633 169 
635 19 
635 56 
636 328 
637 221 
638 167 
639 123 
640 721 
641 16 
641 55 
643 128 
643 23 
644 161 
645 63 
646 85 
646 236 
647 630 
647 698 
648 46 
648 53 
649 514 
649 137 
650 139 
651 48 
651 22 
651 49 
652 12 
652 104 
652 100 
653 130 
654 40 
654 105 
655 17 
655 32 
657 54 
657 140 
658 120 
658 136 
658 54 
659 78 
660 123 
661 143 
662 181 
663 223 
664 19 
664 62 
665 117 
665 258 
666 233 
670 116 
670 73 
671 107 
672 69 
672 398 
672 116 
673 32 
673 114 
673 153 
675 170 
676 55 
677 47 
678 12 
680 150 
680 66 
681 80 
681 16 
682 75 
683 41 
683 125 
683 248 
684 91 
684 113 
685 20 
685 212 
688 209 
690 156 
691 23 
692 54 
694 203 
695 67 
697 164 
697 36 
698 61 
698 44 
698 28 
699 97 
701 131 
702 147 
702 102 
702 77 
703 59 
708 434 
708 117 
709 201 
709 14 
710 93 
711 174 
712 113 
713 805 
713 1714 
713 44 
714 40 
716 137 
716 39 
717 15 
717 64 
717 67 
717 133 
718 68 
719 177 
719 46 
720 45 
721 35 
721 13 
722 397 
723 175 
723 241 
724 117 
724 209 
724 111 
724 286 
724 31 
724 200 
725 74 
726 44 
726 39 
727 208 
727 111 
728 109 
729 75 
730 394 
731 42 
731 180 
732 176 
733 142 
797 106 
798 43 
798 131 
799 28 
801 111 
802 58 
802 29 
803 60 
803 195 
805 40 
805 748 
805 234 
806 37 
806 58 
807 204 
807 393 
808 56 
810 529 
813 26 
814 30 
814 192 
815 205 
816 59 
817 116 
818 47 
819 28 
821 118 
822 144 
822 55 
823 356 
823 19 
824 25 
824 185 
826 91 
827 432 
827 27 
827 123 
828 40 
828 17 
829 103 
829 394 
829 110 
831 219 
834 15 
834 81 
835 68 
837 47 
837 315 
839 18 
839 72 
839 62 
842 94 
842 16 
843 65 
844 286 
844 26 
846 63 
847 227 
848 72 
849 26 
849 146 
851 16 
852 655 
854 42 
855 168 
856 151 
857 12 
858 28 
862 88 
862 253 
870 381 
871 171 
872 223 
873 119 
875 96 
876 34 
877 178 
877 28 
878 2631 
879 198 
879 83 
879 58 
880 18 
881 22 
881 231 
882 124 
883 102 
884 4 
885 143 
887 651 
889 37 
892 287 
893 174 
894 100 
894 152 
895 23 
896 89 
897 73 
898 170 
898 451 
899 84 
899 43 
900 55 
901 227 
903 99 
903 21 
903 51 
904 78 
904 230 
907 220 
908 131 
909 152 
911 180 
912 555 
916 529 
917 138 
917 98 
918 157 
918 451 
920 98 
920 20 
923 265 
923 299 
926 658 
926 92 
927 179 
930 133 
930 457 
931 30 
932 307 
932 7 
932 1471 
933 3 
934 111 
935 35 
935 19 
936 84 
936 52 
936 218 
939 65 
939 86 
940 77 
941 78 
942 41 
943 124 
944 375 
944 21 
944 20 
948 199 
948 12 
949 73 
951 256 
952 139 
953 182 
953 28 
954 5 
959 8 
959 323 
973 159 
973 88 
975 320 
976 175 
978 154 
980 78 
980 118 
982 285 
983 60 
990 300 
990 130 
991 15 
992 488 
994 554 
996 2787 
998 226 
1001 83 
1003 341 
1003 174 
1004 96 
1004 93 
1005 18 
1065 152 
1066 4227 
1067 180 
1067 99 
1067 80 
1068 45 
1068 39 
1070 149 
1071 60 
1071 68 
1072 50 
1073 73 
1077 78 
1077 811 
1077 80 
1079 24 
1080 66 
1081 223 
1082 161 
1082 88 
1083 83 
1083 25 
1083 132 
1083 26 
1085 41 
1087 390 
1090 136 
1090 278 
1092 253 
1093 1589 
1094 465 
1095 17 
1095 173 
1096 68 
1096 17 
1098 296 
1102 135 
1102 52 
1102 267 
1102 93 
1104 42 
1104 48 
1106 179 
1107 486 
1109 97 
1111 49 
1116 188 
1118 137 
1119 48 
1120 53 
1120 137 
1122 96 
1125 121 
1126 168 
1127 44 
1128 13 
1128 18 
1129 55 
1130 168 
1131 5 
1132 79 
1134 38 
1134 197 
1135 78 
1135 151 
1135 227 
1137 311 
1139 49 
1141 27 
1144 112 
1148 97 
1148 172 
1150 82 
1153 31 
1155 79 
1156 118 
1157 84 
1158 113 
1162 156 
1163 102 
1164 471 
1165 167 
1170 160 
1172 26 
1173 2994 
1174 154 
1179 206 
1181 18633 
1183 123 
1186 44 
1186 481 
1188 63 
1190 18 
1191 104 
1192 165 
1193 730 
1193 124 
1194 158 
1194 310 
1194 496 
1194 5614 
1195 72 
1196 44 
1197 83 
1199 677 
1201 139 
1202 230 
1204 167 
1205 145 
1206 89 
1208 49 
1211 165 
1211 41 
1214 273 
1214 440 
1216 147 
1216 79 
1216 46 
1217 39 
1220 184 
1221 109 
1221 643 
1221 63 
1224 134 
1225 125 
1226 31 
1227 36 
1228 406 
1231 58 
1233 42 
1234 20 
1237 43 
1239 61 
1239 95 
1239 18 
1239 455 
1240 142 
1240 412 
1243 422 
1244 61 
1245 17 
1246 8 
1247 33 
1247 161 
1247 59 
1248 124 
1249 72 
1250 125 
1250 64 
1251 26 
1255 116 
1256 387 
1260 238 
1262 161 
1262 105 
1263 159 
1264 60 
1269 253 
1270 283 
1270 96 
1277 23 
1278 75 
1278 26 
1283 344 
1283 303 
1283 419 
1284 43 
1284 525 
1286 36 
1289 79 
1290 247 
1291 56 
1350 184 
1351 97 
1353 2153 
1354 231 
1354 215 
1359 22 
1363 104 
1365 167 
1366 237 
1366 126 
1366 1594 
1367 73 
1368 93 
1371 49 
1371 72 
1371 85 
1374 215 
1375 797 
1375 128 
1376 53 
1378 184 
1379 102 
1382 50 
1383 15 
1385 24 
1387 84 
1388 62 
1392 42 
1392 42913 
1395 13 
1397 30 
1397 51 
1400 40 
1400 87 
1403 88 
1404 54 
1404 352 
1405 105 
1407 116 
1408 179 
1408 160 
1409 61 
1409 37 
1409 49 
1410 39 
1410 82 
1417 225 
1419 292 
1421 79 
1422 116 
1422 262 
1425 72 
1426 97 
1426 127 
1427 68 
1428 122 
1429 56 
1438 252 
1438 89 
1440 532 
1443 218 
1443 386 
1444 119 
1446 54 
1448 0 
1451 74 
1461 37 
1461 252 
1462 93 
1462 44 
1463 365 
1465 94 
1465 270 
1466 45 
1470 48 
1475 32 
1475 61 
1476 186 
1478 69 
1478 378 
1479 100 
1481 36 
1481 25 
1483 163 
1485 409 
1486 184 
1486 22 
1487 155 
1488 44 
1493 49 
1493 101 
1493 132 
1494 43 
1494 73 
1494 28 
1496 253 
1502 53 
1505 306 
1509 110 
1510 35 
1510 72 
1512 22 
1512 42 
1514 5 
1515 103 
1516 207 
1525 155 
1525 163 
1527 44 
1528 52 
1528 221 
1528 166 
1529 46 
1529 34 
1533 99 
1533 126 
1538 209 
1539 119 
1540 119 
1541 63 
1541 3 
1542 84 
1543 102 
1544 18 
1547 222 
1547 64 
1550 53 
1552 58 
1553 139 
1554 60 
1557 142 
1557 60 
1561 40 
1561 29 
1565 85 
1565 23 
1566 127 
1569 85 
1570 571 
1630 95 
1632 68 
1633 126 
1633 34 
1635 240 
1635 176 
1635 14 
1639 60 
1640 136 
1642 21 
1642 30 
1642 299 
1643 94 
1645 39 
1646 127 
1647 169 
1648 55 
1650 13 
1652 72 
1653 655 
1654 49 
1656 33 
1658 29 
1660 178 
1661 6 
1663 93 
1663 61 
1664 140 
1665 145 
1666 126 
1668 258 
1669 321 
1669 33 
1670 125 
1672 54 
1673 45 
1681 123 
1681 210 
1681 76 
1684 135 
1686 383 
1693 22 
1693 64 
1694 67 
1695 180 
1695 87 
1696 50 
1696 212 
1698 173 
1702 35 
1705 17 
1708 135 
1708 232 
1710 70 
1710 27 
1719 822 
1720 102 
1721 54 
1723 127 
1726 62 
1728 172 
1729 109 
1732 30 
1733 217 
1734 156 
1735 137 
1737 99 
1738 77 
1739 17 
1739 9 
1744 141 
1747 77 
1753 110 
1753 323 
1755 101 
1757 161 
1758 107 
1759 99 
1762 116 
1762 14 
1765 140 
1768 424 
1769 33 
1771 63 
1773 29 
1779 7 
1782 114 
1789 36 
1789 30 
1791 45 
1797 14 
1797 130 
1802 53 
1803 91 
1810 42 
1812 87 
1816 150 
1819 76 
1819 32 
1820 270 
1822 23 
1823 150 
1824 156 
1826 263 
1826 19 
1827 17 
1829 16 
1830 46 
1831 30 
1831 129 
1840 600 
1846 39 
1853 47 
1854 120 
1856 67 
1857 80 
1858 26 
1864 90 
1864 18 
1867 179 
1869 306 
1872 268 
1942 51 
1943 227 
1944 187 
1945 16 
1950 176 
1951 71 
1953 18 
1954 109 
1954 144 
1956 209 
1961 398 
1963 159 
1963 217 
1964 122 
1966 66 
1968 33 
1970 104 
1972 207 
1978 629 
1979 72 
1981 14 
1982 79 
1984 111 
1985 188 
1987 80 
1987 179 
1988 123 
1989 72 
1994 185 
1996 117 
1997 20 
1997 80 
1998 60 
2000 103 
2000 85 
2002 127 
2008 112 
2010 106 
2013 100 
2016 113 
2019 139 
2023 170 
2026 36 
2026 41 
2029 71 
2030 180 
2031 24 
2032 84 
2033 133 
2042 89 
2044 67 
2051 4 
2053 134 
2053 271 
2064 107 
2065 497 
2068 64 
2068 68 
2071 27 
2077 118 
2078 49 
2079 17 
2082 98 
2082 105 
2086 93 
2086 23 
2088 80 
2089 15 
2089 1 
2091 235 
2096 37 
2098 340 
2099 303 
2100 229 
2100 83 
2101 47 
2109 21 
2120 142 
2135 21 
2141 134 
2141 98 
2141 19 
2143 4 
2143 63 
2208 34 
2210 17 
2211 357 
2213 67 
2216 18 
2216 16 
2220 171 
2222 16 
2223 183 
2224 82 
2226 38 
2229 73 
2231 105 
2238 55 
2241 66 
2242 33 
2243 19 
2246 200 
2246 125 
2248 18 
2249 17 
2251 47 
2256 104 
2258 55 
2260 316 
2265 93 
2266 243 
2267 99 
2267 116 
2273 30 
2278 180 
2278 17 
2280 125 
2281 144 
2283 51 
2296 120 
2305 12 
2306 739 
2306 25 
2311 139 
2312 75 
2324 43 
2331 79 
2334 103 
2336 237 
2337 75 
2337 81 
2341 108 
2342 111 
2343 154 
2343 53 
2352 99 
2352 43 
2354 138 
2354 41 
2358 118 
2359 387 
2360 131 
2366 53 
2374 135 
2375 113 
2377 115 
2379 107 
2379 97 
2379 129 
2386 215 
2389 283 
2391 121 
2394 118 
2394 236 
2399 118 
2401 88 
2402 134 
2404 85 
2415 64 
2418 175 
2419 306 
2424 40 
2429 7 
2431 57 
2432 134 
2498 58 
2502 23 
2503 106 
2509 40 
2514 31 
2515 242 
2517 28 
2521 16 
2536 23 
2545 93 
2546 268 
2548 259 
2550 75 
2550 28 
2550 34 
2551 118 
2552 40 
2558 38 
2560 101 
2566 167 
2568 84 
2572 238 
2575 222 
2575 146 
2582 121 
2590 42 
2591 240 
2591 51 
2598 112 
2606 143 
2616 58 
2619 79 
2632 70 
2638 157 
2645 182 
2646 146 
2646 41 
2646 122 
2650 44 
2654 52 
2656 142 
2657 199 
2659 58 
2662 63 
2666 115 
2666 85 
2667 212 
2675 111 
2680 34 
2681 45 
2682 235 
2684 63 
2692 758 
2692 69 
2696 81 
2697 26 
2702 111 
2707 83 
2707 87 
2770 94 
2773 113 
2774 81 
2779 79 
2781 4144 
2783 28 
2783 14 
2787 103 
2788 48 
2788 136 
2791 46 
2793 426 
2793 66 
2794 94 
2795 112 
2798 102 
2800 22 
2800 43 
2822 277 
2832 94 
2832 270 
2836 46 
2841 37 
2843 41 
2848 87 
2849 85 
2857 57 
2864 859 
2864 284 
2866 160 
2870 100 
2872 94 
2872 97 
2874 219 
2887 136 
2890 42 
2901 60 
2905 50 
2908 95 
2908 169 
2912 58 
2914 46 
2918 162 
2918 9 
2921 50 
2921 27 
2923 107 
2936 136 
2937 37 
2939 34 
2948 66 
2951 922 
2952 155 
2953 115 
2957 265 
2958 115 
2958 83 
2961 42 
2963 37 
2965 227 
3024 190 
3026 132 
3039 27 
3039 140 
3049 71 
3058 76 
3061 28 
3065 59 
3068 86 
3069 6 
3071 169 
3073 39 
3074 35 
3088 219 
3094 35 
3094 24 
3094 32 
3097 134 
3101 1 
3101 60 
3107 15 
3107 5 
3112 135 
3114 47 
3115 103 
3116 190 
3118 47 
3129 155 
3132 181 
3133 46 
3141 1283 
3144 17 
3151 21 
3164 346 
3165 88 
3167 296 
3229 259 
3236 113 
3242 102 
3244 122 
3265 26 
3273 2 
3275 107 
3275 81 
3283 100 
3286 69 
3288 98 
3302 31 
3303 79 
3312 103 
3318 84 
3318 234 
3320 116 
3321 11 
3334 28 
3349 85 
3354 124 
3355 67 
3358 24 
3358 295 
3365 75 
3370 40 
3370 113 
3371 58 
3383 161 
3383 63 
3388 170 
3450 4 
3453 28 
3497 129 
3497 70 
3500 17 
3517 120 
3524 39 
3528 92 
3530 129 
3530 97 
3535 60 
3539 53 
3541 133 
3544 72 
3546 146 
3546 139 
3567 177 
3571 3 
3581 199 
3581 16 
3582 60 
3591 79 
3591 92 
3600 78 
3668 52 
3668 12 
3669 70 
3679 65 
3694 348 
3695 33 
3704 37 
3704 99 
3706 44 
3723 182 
3723 22 
3746 55 
3746 3 
3747 265 
3751 93 
3753 372 
3754 298 
3755 87 
3756 167 
3765 12 
3767 144 
3768 18 
3775 15 
3779 80 
3785 63 
3787 109 
3793 145 
3809 56 
3810 289 
3810 259 
3811 32 
3877 142 
3882 68 
3888 429 
3892 15 
3896 25 
3905 13 
3913 105 
3915 104 
3919 125 
3920 126 
3926 183 
3929 89 
3935 81 
3949 82 
3957 139 
3966 607 
3971 239 
3978 335 
4021 201 
4021 115 
4022 39 
4023 37 
4028 79 
4094 63 
4096 98 
4099 303 
4102 89 
4112 168 
4123 19 
4135 64 
4146 32 
4157 168 
4166 50 
4168 38 
4171 34 
4173 8 
4179 49 
4201 70 
4210 515 
4211 36 
4219 93 
4224 329 
4226 46 
4235 66 
4242 67 
4305 146 
4332 140 
4335 57 
4344 60 
4344 79 
4354 200 
4355 246 
4357 50 
4373 50 
4384 51 
4385 41 
4390 74 
4391 61 
4411 6 
4418 83 
4420 124 
4443 51 
4458 158 
4463 60 
4463 114 
4545 255 
4547 29 
4549 14501 
4553 115 
4555 95 
4565 104 
4579 129 
4588 14 
4591 27 
4593 117 
4602 28 
4604 3 
4604 964 
4610 380 
4615 100 
4619 181 
4620 43 
4625 124 
4629 546 
4630 39 
4635 369 
4648 55 
4669 99 
4669 66 
4693 891 
4703 38 
4708 174 
4711 29 
4719 17 
4722 22 
4723 79 
4730 36 
4802 131 
4823 27 
4829 0 
4830 12 
4838 47 
4840 110 
4846 19 
4860 78 
4861 27 
4872 203 
4875 34 
4882 39 
4892 39 
4893 43 
4895 3 
4896 3 
4905 59 
4911 350 
4914 131 
4917 257 
4920 45 
4939 16 
4943 103 
4943 114 
5004 39 
5012 11 
5014 234 
5016 82 
5019 291 
5022 16 
5022 146 
5046 116 
5069 44 
5077 44 
5083 219 
5094 114 
5094 19 
5097 36 
5114 87 
5124 51 
5127 121 
5143 47 
5149 24 
5149 49 
5154 145 
5229 154 
5233 123 
5243 186 
5246 111 
5257 21 
5267 158 
5272 313 
5277 49 
5277 167 
5283 273 
5294 329 
5296 49 
5298 90 
5300 290 
5305 67 
5309 65 
5317 863 
5319 4 
5336 48 
5345 111 
5357 79 
5357 15 
5360 90 
5363 7 
5363 8524 
5376 709 
5378 181 
5380 83 
5382 26 
5445 80 
5464 141 
5465 106 
5474 77 
5490 154 
5495 46 
5496 85 
5500 132 
5516 115 
5522 471 
5528 117 
5530 32 
5534 89 
5539 22 
5545 78 
5575 85 
5576 34 
5585 80 
5587 45 
5595 111 
5677 225 
5679 29 
5682 73 
5705 28 
5711 82 
5719 48 
5721 5 
5723 165 
5747 25 
5757 305 
5760 68 
5760 16 
5770 111 
5875 12 
5880 6560 
5910 53 
5915 28 
5928 90 
5930 52 
5941 3 
5948 45 
5951 15 
5974 122 
5982 176 
5997 8 
6009 169 
6012 227 
6015 73 
6020 72 
6094 218 
6135 28 
6141 16 
6146 16 
6149 147 
6184 159 
6207 27 
6294 370 
6304 283 
6319 3 
6326 980 
6343 17 
6359 37 
6372 88 
6384 63 
6388 80 
6390 26 
6408 145 
6421 155 
6423 77 
6425 33 
6538 64 
6552 58 
6553 121 
6567 114 
6584 120 
6586 39 
6591 196 
6593 57 
6622 262 
6633 37 
6708 612 
6712 40 
6722 87 
6728 101 
6766 31 
6798 26 
6801 148 
6915 354 
6916 49 
6978 93 
6985 123 
7033 15 
7107 63 
7136 170 
7139 1 
7151 203 
7156 134 
7160 57 
7174 123 
7180 928 
7182 6 
7203 99 
7211 74 
7211 57 
7299 102 
7312 56 
7340 45 
7391 28 
7392 288 
7452 51 
7462 233 
7463 7 
7496 30 
7501 71 
7510 29 
7510 154 
7526 466 
7526 809 
7532 118 
7627 75 
7645 269 
7646 9 
7662 49 
7681 83 
7684 136 
7698 53 
7703 67 
7708 38 
7719 88 
7726 55 
7738 569 
7750 111 
7752 7 
7840 436 
7882 25 
7882 9 
7884 96 
7906 35 
7908 24 
7937 79 
8001 1097 
8008 32 
8028 352 
8033 55 
8043 4 
8055 218 
8061 66 
8062 708 
8066 113 
8089 11 
8119 11 
8207 2302 
8223 100 
8229 80 
8233 570 
8256 56 
8261 11 
8276 119 
8281 2446 
8284 120 
8295 27 
8302 210 
8310 157 
8318 127 
8322 49 
8412 7 
8414 262 
8433 482 
8439 122 
8458 70 
8474 4 
8502 70 
8516 93 
8586 44 
8597 113 
8601 19 
8652 36 
8653 43 
8654 109 
8662 23 
8665 137 
8672 80 
8694 52 
8724 137 
8726 29 
8801 0 
8809 58 
8822 106 
8833 18 
8844 10 
8847 13 
8862 46 
8888 53 
8891 89 
8898 106 
9000 163 
9006 32 
9021 87 
9030 19 
9035 60 
9038 35 
9056 180 
9062 283 
9063 22 
9086 74 
9155 203 
9174 63 
9207 148 
9220 33 
9236 45 
9268 19 
9269 30 
9287 6260 
9372 67 
9374 25 
9389 1368 
9419 253 
9431 84 
9437 47 
9445 48 
9458 6 
9460 203 
9471 23 
9498 78 
9597 153 
9625 64 
9648 16 
9654 299 
9659 10 
9759 55 
9771 209 
9793 156 
9827 114 
9828 30 
9853 29 
9962 144 
9963 4582587 
9966 22 
9985 43 
9994 84 
10000 41 
10003 13 
10004 94 
10016 304 
10019 16 
10022 36 
10029 48 
10033 157 
10036 6 
10046 1 
10053 143 
10059 511 
10060 46 
10063 57 
10071 172 
10076 288 
10077 65 
10084 256 
10087 32 
10089 450 
10090 95 
10094 162 
10155 514 
10158 13 
10159 253 
10162 7 
10165 3 
10167 154 
10170 312 
10173 12 
10178 215 
10180 474 
10183 74 
10186 1098 
10186 50 
10189 254 
10190 97 
10192 654 
10195 132 
10196 13 
10199 15 
10200 243 
10208 158 
10212 226 
10222 63 
10226 2524 
10226 141 
10226 42 
10227 5 
10227 139 
10232 58 
10234 39 
10236 216 
10236 126 
10240 21 
10244 97 
10252 186 
10255 68 
10264 32 
10270 31 
10274 57 
10276 123 
10278 21 
10278 66 
10283 195 
10286 65 
10357 263 
10372 35 
10375 304 
10377 21 
10378 33 
10380 1502 
10381 268 
10381 268 
10387 296 
10389 117 
10394 388 
10399 114 
10404 617 
10406 52 
10409 77 
10413 360 
10418 19 
10418 457 
10420 275 
10425 110 
10427 490 
10431 18 
10434 74 
10440 23 
10454 253 
10469 174 
10478 442 
10536 21 
10542 128 
10552 841 
10555 84 
10566 436 
10570 222 
10572 1979 
10585 59 
10587 1406 
10588 40 
10597 202 
10613 551 
10622 196 
10624 71 
10627 355 
10628 692 
10633 212 
10643 75 
10644 579 
10648 101 
10649 57 
10657 14 
10722 137 
10741 92 
10750 157 
10753 20 
10756 1412 
10777 518 
10777 91 
10783 84 
10785 26 
10828 31 
10902 19 
10908 61 
10912 37 
10913 33 
10918 8 
10949 63 
10950 453 
10953 106 
10957 2 
10963 23 
10991 647 
10996 17 
11009 330 
11018 60 
11082 24 
11090 20 
11113 126 
11121 185 
11146 71 
11234 26 
11255 81 
11293 1157 
11315 86 
11331 333 
11349 47 
11355 32 
11366 31 
11430 18 
11433 112 
11436 25 
11457 6 
11532 53 
11606 424 
11614 28 
11625 108 
11650 35 
11667 94 
11668 266 
11686 124 
11691 111 
11716 13 
11730 35 
11808 263 
11850 1650 
11859 22 
11866 74 
11874 41 
11917 113 
11937 67 
11940 428 
12003 214 
12005 38 
12018 141 
12029 27 
12037 167 
12071 1243 
12090 19 
12195 67 
12215 102 
12262 72 
12276 96 
12301 215 
12399 68 
12447 55 
12459 1305 
12470 537 
12534 96 
12729 21 
12765 91 
12780 173 
12780 61 
12822 22 
12831 106 
12890 27 
12909 28 
12932 77 
12950 150 
13063 52 
13151 145 
13200 10 
13263 144 
13265 31 
13284 127 
13359 109 
13369 66 
13447 129 
13494 37 
13530 1 
13618 44 
13658 264 
13800 40 
13814 58 
13815 76 
13822 36 
13868 44 
13883 154 
13891 168 
14032 2 
14127 35 
14131 114 
14169 612 
14451 29 
14464 12 
14486 62 
14552 116 
14636 54 
14749 26 
14772 45 
14791 10 
14805 18 
14829 35 
14917 87 
14931 24 
15029 192 
15091 171 
15102 71 
15148 49 
15252 1270 
15259 36 
15302 73 
15306 32 
15345 47 
15436 283 
15461 166 
15490 85 
15491 272 
15606 50 
15637 251 
15675 34 
15686 24 
15699 2 
15768 117 
15831 61 
15945 7 
15966 11 
15984 32 
16011 84 
16044 314 
16045 38 
16186 44 
16334 132 
16344 89 
16352 6 
16387 93 
16397 252 
16401 9868 
16437 307 
16497 1211 
16529 113 
16536 44 
16599 1575 
16622 134 
16706 138 
16711 9 
16899 20 
16905 126 
16933 182 
16967 4 
17086 307 
17134 901 
17160 291 
17165 740 
17334 117 
17370 67 
17440 274 
17660 205 
17997 78 
18075 86 
18185 15 
18219 713 
18336 1 
18378 128 
18400 117 
18438 260 
18534 31 
18553 38 
18647 29 
18678 70 
18788 572 
18840 57 
18842 386 
18849 56 
19018 6 
19198 132 
19257 70 
19411 71 
19683 35 
19939 18 
20002 118 
20049 0 
20201 17 
20567 43 
20611 86 
20705 28 
20871 62 
20884 114 
20895 41 
21026 148 
21027 6 
21092 243 
21152 1386 
21258 67 
21297 74 
21335 6 
21375 60 
21385 1407 
21397 1823 
21432 364 
21438 37 
21724 334 
21729 121 
21954 21 
22205 1 
22272 43 
22291 80 
22293 121 
22301 75 
22556 122 
22620 33 
22735 46 
22811 152 
22960 149 
22999 18 
23013 62 
23014 55 
23220 57 
23294 62 
23379 5 
23443 3 
23566 6 
23566 6 
23587 228 
23699 244 
23831 116 
23904 125 
24108 424 
24126 9 
24169 7 
24324 189 
24547 25 
24801 169 
24840 14 
24992 7 
25027 93 
25216 22 
25279 166 
25442 135 
25483 76 
25552 77 
25748 11 
25752 2 
26044 56 
26172 11 
26493 66 
26574 178 
26780 2 
26805 130 
26820 257 
26848 83 
26936 1 
27007 134 
27132 9 
27214 116 
27289 34 
27392 95 
27788 112 
27800 156 
27872 817 
27949 80 
28158 1565 
28203 575 
28206 538 
28229 1068 
28246 2114 
28264 55 
28444 400 
28474 205 
28503 406 
28724 36 
28825 15 
28924 20 
28951 107 
29537 83 
29594 142 
29826 12 
29903 611 
30001 96 
30404 386 
30443 3 
30908 35 
31075 318 
31083 6 
31241 55 
31321 61 
31405 75 
31467 107 
31530 32 
31988 328 
32135 13 
32160 22 
32162 6 
32512 60 
32513 60 
32773 15 
32884 189 
32988 126 
33055 387 
33134 3 
33342 120 
33417 1 
33810 749 
33899 1067 
33915 47 
34081 134 
34086 1773 
34125 169 
34289 4 
34334 27 
34518 38 
34609 116 
34659 32 
34796 200 
35915 276 
35970 75 
36024 576 
36253 98 
37067 141 
37180 243 
37190 1 
37467 34 
37682 37 
38032 63 
38367 39 
38423 191 
38429 130 
38434 4 
38508 150 
38572 55 
38628 23 
38668 53 
38933 134 
38965 164 
38998 35 
39041 165 
39079 130 
39122 101 
39242 269 
39382 82 
39722 24 
39819 26 
39884 225 
40273 26 
41649 60 
43197 157403 
43216 690 
43220 823 
43237 409 
43244 116 
43254 225 
43257 405 
43263 212 
43267 433 
43273 273 
43275 1402 
43277 87 
43284 283 
43284 78 
43292 88 
43293 131 
43299 552 
43317 526 
43323 385 
43327 86 
43329 77 
43332 409 
43371 868 
43377 326 
43383 369 
43391 1159 
43429 763 
43444 507 
43455 481 
43468 206 
43471 126 
43480 882 
43525 1061 
43530 140 
43541 79 
43566 153 
43571 104 
43587 520 
43617 429 
43624 115 
43639 79 
43642 115 
43664 80 
43699 94 
43735 108 
43764 282 
43783 213 
43868 375 
43879 339 
43933 86 
43934 37 
43973 318 
43984 131 
43994 162 
44101 117 
44145 128 
44187 281 
44195 86 
44386 50 
44428 331 
44481 157 
44486 135 
44499 67 
44608 310 
44631 63 
44702 7208 
44753 854 
44759 26667 
44792 379 
44803 56 
44832 132 
44835 1452 
44904 1162 
45043 209 
45174 585 
45241 15 
45257 374 
45292 135 
45330 66 
45374 133 
45431 61 
45475 122 
45595 9529 
45641 1288 
45713 271 
45838 2562 
45843 243 
45863 156 
45868 818 
45874 54 
46244 69 
46297 165 
46540 1197 
46572 138 
46586 1872 
46654 137 
46745 555 
46914 198 
46980 117 
47010 1 
47034 113 
47054 128 
47067 325 
47086 148 
47096 178 
47446 375 
47476 36 
47478 674 
47553 362 
47658 209 
47697 491 
47705 41 
47987 609 
48130 484 
48161 257 
48237 165 
48267 27 
48377 747 
48407 130 
48481 652 
48844 12 
48864 15 
48974 224 
49051 186 
49235 77 
49387 261 
49673 99 
49780 57 
49820 180 
49862 82 
49959 27 
50128 307 
50342 30 
50829 12 
51018 99 
51023 164 
51058 53 
51122 92 
51178 157 
51235 146 
51357 161 
51386 58 
51414 39 
51437 419 
51541 69 
51544 147 
51608 38 
51808 5 
51895 198 
51969 167 
52075 32 
52083 101 
52223 204 
52243 770 
52294 213 
52361 97 
52569 192 
52598 99 
52672 42 
52995 182 
53184 379 
53202 202 
53687 173 
53706 267 
53961 68 
54216 71 
54335 194 
54355 50 
54387 215 
54830 4 
54833 80 
54959 62 
54980 149 
54984 50 
56102 489 
56206 94 
56214 9 
56337 246 
56810 146 
57848 6 
58003 27 
58057 122 
58386 39 
58526 124 
58687 289 
58901 137 
59027 363 
60221 22 
60289 10 
60833 63 
61066 407 
61091 365 
62150 196 
62432 30 
62611 7 
62802 67 
63226 90 
63281 152 
64043 34 
64244 1 
64315 6 
64372 0 
64959 458 
65461 73 
65612 14 
65650 1169 
66237 98 
67056 1 
67336 38 
67941 12 
67959 105 
68042 69 
68678 78 
68948 37 
68981 17 
69320 76 
69600 11625 
69609 65 
69683 190 
69734 1355 
69766 243 
69768 654 
69773 1280 
69804 5119 
69809 717 
69874 750 
69975 33 
69986 611 
70007 429 
70041 428 
71150 112 
71164 239 
71230 79599 
71244 472 
71249 363 
71249 451 
71249 92 
71256 347 
71258 106 
71259 131 
71260 584 
71264 345 
71269 107 
71270 125 
71272 1709 
71274 204 
71275 189 
71276 350 
71276 375 
71280 937 
71280 626 
71283 384 
71283 800 
71283 634 
71288 358 
71289 818 
71293 155 
71294 335 
71297 738 
71305 772 
71305 40 
71309 522 
71310 382 
71311 226 
71313 184 
71313 242 
71316 298 
71316 345 
71317 146 
71319 305 
71322 74 
71327 107 
71328 191 
71339 418 
71342 235 
71344 148 
71344 161 
71345 414 
71349 106 
71350 257 
71354 309 
71361 152 
71363 78 
71369 505 
71373 71 
71373 194 
71374 544 
71382 1368 
71385 334 
71389 146 
71390 174 
71391 304 
71398 107 
71405 784 
71425 218 
71428 662 
71431 44 
71435 127 
71441 465 
71443 375 
71452 149 
71458 528 
71477 153 
71483 148 
71484 191 
71493 220 
71493 553 
71496 276 
71524 93 
71532 640 
71557 21 
71568 117 
71572 112 
71576 141 
71578 106 
71594 113 
71597 541 
71638 682 
71687 697 
71705 771 
71713 354 
71721 35 
71737 1053 
71740 4 
71749 52 
71760 256 
71777 439 
71782 91 
71798 378 
71801 243 
71819 156 
71833 87 
71966 112 
71995 295 
72007 381 
72011 207 
72031 163 
72035 584 
72059 173 
72068 207 
72077 69 
72154 168 
72160 135 
72183 213 
72200 43 
72222 125 
72271 47 
72350 272 
72378 312 
72452 32 
72506 407 
72514 72 
72531 537 
72606 76 
73004 219 
73097 57 
73149 43 
73192 172 
73252 68 
73378 245 
73401 205 
74303 156 
74401 31 
74410 205 
74423 643 
74440 1932 
74441 415 
74595 140 
74607 1022 
74907 275 
74924 75 
75633 333 
75636 82 
75863 503 
75892 207 
75927 751 
76028 111 
76260 1144 
76343 159 
76733 51 
76964 196 
77175 110 
77381 419 
77416 108 
78235 116 
78597 143 
80339 198 
80991 235 
81086 59 
81935 0 
82836 99 
83148 72 
83758 18 
84248 116 
85801 175 
85875 49 
86036 4420 
86792 26 
87460 5 
88329 39 
88360 258 
89349 252 
89677 1117 
89770 722 
90674 1496 
90870 217 
90905 250 
91397 4 
91418 244 
91874 593 
92195 571 
92713 38 
92864 277 
93365 324 
93486 898 
93755 46 
94040 1156 
94262 0 
94719 88 
95070 60 
95126 7 
95200 37 
96975 11 
97437 88 
97609 79 
97859 37 
97923 294 
99128 223 
99329 2 
100788 1053 
103088 245 
105236 783 
105275 3165 
106077 402 
106096 217 
107829 127 
108432 11 
110969 269 
111250 77 
113443 500 
115989 6 
117490 5 
119293 270 
119394 12 
122594 223 
122607 86 
122787 125 
123250 476 
123297 683 
124796 130 
124822 106 
126639 0 
127660 137 
131140 259 
131257 176 
136800 491 
140651 86 
141409 370 
142493 33 
143838 351 
146191 364 
150418 105 
152617 337 
155000 467 
155759 170 
158964 164 
160294 83 
160320 136 
161458 144 
162227 169 
170101 683 
170711 64 
172038 241 
172038 241 
176075 162 
176144 36 
179117 898 
181587 261 
184606 80 
190885 190 
192475 113 
193504 55 
196572 212 
196795 95 
199102 354 
199126 2888 
200723 61 
217249 12 
223869 549 
231287 1457 
231425 722 
232362 2 
232915 224 
246781 3304 
258286 116 
258852 54 
261174 69 
262136 105 
289993 10 
319394 10 
325720 1052 
341648 62 
351802 211 
358004 1 
418509 58 
455304 311 
539127 54 
539441 176 
