2600 8.99612268519
0 723449 
8 226 
12 2240 
14 98 
15 16 
15 436 
15 134 
15 162 
15 296 
16 1635 
16 1099 
17 435 
17 303 
18 163 
18 93 
19 771 
19 243 
19 109 
20 2314 
20 81 
21 1207 
21 440 
21 190 
22 345 
22 863 
23 304 
23 413 
23 856 
23 258 
23 309 
24 727 
24 597 
25 134 
26 87 
26 126 
26 178 
26 156 
27 349 
27 746 
27 52 
29 18 
29 150 
29 48 
29 218 
30 82 
30 10 
30 146 
30 78 
30 389 
31 26 
31 358 
31 507 
32 627 
32 39 
32 124 
32 136 
33 187 
33 23 
34 751 
34 136 
34 71 
35 192 
35 216 
35 274 
35 468 
36 1798 
36 851 
37 203 
37 1234 
37 883 
37 444 
37 342 
37 165 
37 467 
37 560 
37 2430 
39 436 
39 905 
39 1203 
39 21278 
39 271 
40 124 
40 421 
40 779 
41 259 
41 49 
41 40 
42 3335 
42 8 
42 48 
42 99 
43 24 
43 64 
43 439 
43 198 
43 215 
44 2138 
44 2903 
45 465 
45 673 
45 358 
45 103 
46 179 
46 1254 
46 273 
46 110 
46 38 
47 163 
47 185 
47 326 
47 777 
47 291 
47 179 
48 314 
48 428 
49 1865 
49 900 
49 115 
49 133 
49 219 
50 83 
50 513 
51 290 
51 243 
52 29 
52 426 
53 96 
53 126 
54 214 
54 44 
54 232 
54 688 
54 230 
54 43 
54 64 
54 1269 
55 185 
55 1854 
56 2391 
57 371 
57 39 
57 57 
57 249 
57 12997 
58 234 
58 21 
58 247 
58 405 
59 125 
59 846 
60 738 
60 161 
60 255 
60 118 
62 307 
62 300 
63 480 
64 54 
64 195 
64 166 
65 516 
65 153 
65 834 
66 71 
66 361 
67 66 
67 248 
68 377 
68 244 
68 54 
68 16 
68 362 
68 113 
69 2139 
69 618 
69 29 
69 121 
69 560 
70 98 
70 91 
70 1741 
70 470 
70 227 
71 503 
71 278 
71 409 
72 983 
72 437 
72 510 
73 270 
73 462 
73 1080 
73 228 
74 1589 
74 508 
75 42 
75 56 
76 81 
77 61 
77 303 
78 3138 
78 3763 
78 5115 
79 2404 
79 251 
79 106 
79 180 
80 298 
80 85 
80 178 
80 1991 
80 989 
80 92 
81 108 
81 584 
81 384 
82 83 
83 429 
83 434 
83 106 
84 272 
87 435 
87 598 
87 293 
88 72 
88 108 
88 26 
88 205 
89 352 
89 146 
89 49 
89 19 
91 54 
91 397 
92 303 
93 56 
93 112 
94 258 
94 665 
95 105 
95 2119 
97 1725 
97 1141 
97 4 
97 202 
99 35 
99 1030 
99 99 
100 262 
100 86 
102 13 
102 186 
103 326 
104 1151 
104 185 
105 616 
105 701 
105 88 
105 8 
106 287 
106 255 
108 1043 
108 216 
108 0 
108 200 
111 432 
111 1087 
112 415 
112 901 
112 15 
113 1097 
114 77 
114 524 
114 635 
114 99 
115 656 
115 45 
117 396 
117 182 
117 1607 
118 26 
118 637 
118 122 
118 372 
118 139 
119 93 
120 1032 
120 205 
120 122 
121 220 
122 637 
122 316 
122 93 
123 152 
123 169 
123 6983 
123 325 
125 277 
125 51 
126 208 
126 159 
127 483 
128 408 
129 196 
130 157 
130 432 
131 202 
132 375 
132 8202 
133 11 
133 80 
133 658 
133 100 
133 171 
134 490 
135 4244 
136 118 
137 29 
138 11 
138 877 
139 92 
139 456 
140 148 
141 718 
141 1062 
142 67 
144 312 
145 254 
145 1325 
145 15813 
146 1011 
147 74 
148 817 
149 837 
150 201 
151 61 
151 1389 
151 249 
151 66 
151 67 
151 192 
151 696 
151 360 
152 559 
152 27 
154 1313 
154 416 
154 111 
154 42 
155 543 
156 61 
156 109 
156 1009 
157 706 
157 98 
158 580 
160 191 
161 102 
161 90 
162 369 
163 4994 
163 20 
165 178 
169 294 
169 79 
169 1240 
170 590 
170 67 
170 1237 
172 85 
172 829 
172 401 
172 264 
173 453 
174 72 
174 118 
174 831 
174 2218 
176 124 
177 280 
178 1546 
179 92 
179 393 
179 460 
180 152 
180 397 
180 753 
181 2820 
182 536 
182 1143 
182 123 
182 1058 
183 83 
185 196 
186 119 
186 705 
187 11643 
187 2672 
187 667 
187 298 
189 2797 
189 197 
190 2973 
190 5 
191 197 
191 1015 
193 1017 
193 71 
195 178 
195 369 
196 99 
196 370 
197 1994 
198 24 
198 875 
198 36 
199 73 
200 2523 
200 1858 
203 1182 
204 35 
205 225 
205 458 
207 91 
207 163 
208 261 
209 29 
209 41 
209 44 
212 478 
212 79 
213 2397 
214 12 
217 163 
217 20 
217 349 
220 24 
220 141 
221 2981 
222 1916 
223 1359 
225 94 
225 159 
226 911 
227 153 
228 1982 
229 32 
229 55 
230 674 
231 27 
232 451 
233 18 
235 37 
235 1635 
236 433 
238 274 
238 185 
238 328 
239 884 
240 304 
241 276 
242 965 
244 323 
245 31 
246 13 
250 1873 
250 728 
250 245 
251 6030 
252 773 
252 163 
257 118 
257 178 
258 106 
258 370 
259 318 
264 108 
264 675 
265 270 
265 478 
266 145 
266 372 
267 151 
270 55 
270 100 
271 357 
272 176 
274 1998 
276 1773 
277 408 
277 342 
279 384 
280 560 
280 16 
281 166 
281 113 
282 561 
282 249 
283 109 
286 192 
287 337 
292 634 
293 471 
295 150 
296 58 
296 3360 
297 4 
298 262 
300 2317 
304 2963 
304 23 
305 341 
305 217 
306 1149 
306 237 
307 55 
307 167 
308 6878 
309 125 
310 413 
311 2657 
312 147 
314 159 
314 271 
317 278 
318 3427 
318 12228 
320 103 
320 820 
321 704 
321 586 
322 896 
323 2489 
325 2968 
326 11622 
330 232 
332 1924 
333 469 
335 470 
338 200 
339 105 
340 447 
341 585 
342 2370 
349 15 
350 75 
350 911 
351 482 
352 10767 
352 170 
356 530 
366 3907 
368 223 
374 257 
374 111 
375 308 
376 235 
379 1441 
381 824 
388 561 
388 177 
389 67 
390 187 
390 1185 
390 681 
392 165 
392 1861 
393 84 
396 123 
398 558 
399 57 
400 406 
403 1030 
403 119 
404 1142 
406 140 
406 76 
406 530 
407 144 
407 1630 
407 113 
408 608 
411 48 
414 555 
415 457 
418 124 
420 2282 
420 49 
421 10 
423 1855 
424 11 
425 446 
426 452 
426 8931 
426 3065 
432 36 
435 1160 
435 165 
436 40 
438 1296 
439 22 
441 261 
441 877 
442 1777 
445 310 
446 30 
450 99 
451 302 
451 338 
455 93 
456 323 
459 1270 
461 852 
463 34 
464 7940 
464 377 
465 79 
472 150 
478 12 
479 354 
480 518 
480 284 
482 3474 
483 301 
485 419 
487 985 
489 49 
494 341 
498 781 
499 33 
505 63 
505 152 
507 467 
512 117 
513 774 
514 229 
514 1800 
523 176 
525 2551 
526 5371 
528 2750 
528 44 
535 226 
543 1470 
544 678 
547 90 
552 324 
552 36 
559 236 
564 906 
564 288 
573 1731 
576 3216 
577 1764 
577 676 
579 889 
580 468 
583 0 
586 88 
590 130 
591 316 
596 17 
596 612 
599 5707 
603 478 
604 202 
605 3222 
610 18 
616 436 
619 135 
620 25 
621 204 
625 401 
626 305 
632 1802 
639 443 
639 780 
640 1016 
641 250 
642 502 
643 226 
646 142 
647 2183 
648 467 
653 2069 
654 74 
657 972 
658 7 
658 163 
662 585 
663 78 
669 139 
689 41 
694 144 
695 247 
696 1376 
700 2036 
707 570 
710 26 
713 576 
719 1 
720 887 
721 187 
734 65 
738 482 
740 97 
744 319 
747 3244 
752 61 
758 897 
770 820 
771 422 
781 2071 
793 487 
798 2428 
809 372 
833 64 
840 1194 
850 355 
851 144 
852 40 
854 80 
856 403 
857 694 
857 116 
859 940 
860 366 
866 186 
871 192 
872 188 
886 451 
894 394 
895 182 
896 486 
905 241 
905 781 
906 1718 
907 859 
929 202 
942 396 
946 183 
947 762 
948 7080 
950 1151 
951 85 
952 10 
953 741 
956 3079 
956 328 
962 105 
970 818 
972 345 
975 224 
982 147 
991 226 
992 150 
994 4 
996 1096 
1003 37 
1008 2651 
1011 744 
1017 513 
1025 24 
1026 330 
1034 1279 
1048 628 
1061 117 
1080 39 
1095 25 
1100 723 
1104 86 
1130 322 
1136 248 
1137 2909 
1138 34 
1144 10 
1161 18 
1177 2284 
1191 328 
1194 5742 
1207 162 
1215 2883 
1263 51 
1267 1174 
1268 96 
1276 69 
1277 140 
1291 1516 
1311 433 
1350 110 
1374 1077 
1394 50 
1408 32 
1424 189 
1471 169 
1471 3 
1472 12 
1488 71 
1493 552 
1493 58 
1523 7341 
1545 143 
1553 151 
1558 8 
1559 486 
1559 125 
1568 333 
1586 874 
1593 69 
1643 5 
1652 352 
1652 83 
1657 197 
1670 46 
1676 1771 
1714 310 
1721 6781 
1727 108 
1733 32 
1738 338 
1756 63 
1770 707 
1811 30 
1850 203 
1864 489 
1867 34 
1920 155 
1959 3391 
1969 76 
1974 2248 
1980 1941 
1990 331 
2030 986 
2045 138 
2058 14550 
2078 93 
2096 923 
2107 556 
2114 4956 
2120 180 
2129 38 
2144 39 
2155 551 
2159 114 
2197 415 
2230 55 
2239 26 
2272 59 
2323 166 
2331 43 
2331 365 
2372 228 
2402 479 
2410 202 
2414 240 
2424 8306 
2450 462 
2479 286 
2480 319 
2491 1804 
2508 106 
2534 850 
2546 61 
2567 137 
2594 2478 
2605 319 
2607 259 
2652 589 
2667 65 
2670 195 
2684 943 
2739 292 
2794 592 
2821 31 
2821 31 
2850 193 
2850 193 
2863 56 
2863 56 
2923 1382 
2958 746 
2974 48 
2992 229 
2995 372 
2999 738 
3048 16 
3064 412 
3076 1262 
3124 606 
3137 10 
3138 24 
3151 570 
3152 634 
3179 907 
3255 1380 
3258 9 
3293 113 
3300 415 
3314 369 
3384 16 
3421 495 
3463 4 
3479 66 
3489 4 
3558 2372 
3580 506 
3590 371 
3602 1145 
3615 1391 
3617 1753 
3666 1221 
3686 1306 
3694 55 
3747 1271 
3854 2822 
3974 27 
4012 908 
4086 6642 
4118 953 
4143 11 
4156 134 
4160 164 
4172 122 
4197 339 
4223 25 
4306 235 
4316 35 
4326 427 
4339 46 
4378 7 
4396 87 
4420 111 
4437 1526 
4480 87 
4489 16 
4550 238 
4587 411 
4615 660 
4851 383 
4885 107 
4980 601 
5010 287 
5018 741 
5056 1917 
5071 5767 
5144 3757 
5159 126 
5161 1241 
5168 1559 
5169 1777 
5169 299 
5189 232 
5191 146 
5191 17 
5213 1600 
5218 2501 
5225 1264 
5228 19 
5236 414 
5249 956 
5262 1169 
5270 622 
5271 2062 
5274 432 
5284 491 
5291 335 
5293 111 
5333 976 
5341 1113 
5341 411 
5373 15 
5383 175 
5384 292 
5395 1021 
5400 262 
5404 608 
5409 590 
5415 840 
5423 666 
5429 229 
5492 991 
5494 3053 
5547 516 
5550 167 
5553 1769 
5570 523 
5571 644 
5581 1151 
5606 178 
5691 281 
5696 593 
5698 197 
5770 79 
5788 3592 
5790 5549 
5790 4194 
5798 539 
5800 1679 
5822 353 
5825 542 
5831 197 
5835 1154 
5884 747 
5899 180 
5902 1188 
5910 95 
5979 197 
5981 2366 
6006 330 
6028 1225 
6252 1129 
6269 287 
6293 2118 
6308 80 
6366 161 
6456 1021 
6474 1533 
6502 61 
6548 302 
6643 1545 
6673 61 
6676 175 
6732 17 
6891 604 
6913 158 
6919 135 
6950 368 
6959 51 
6966 123 
7221 566 
7225 1874 
7231 108 
7258 39 
7328 558 
7337 1025 
7350 9792 
7371 165 
7378 278 
7403 29376 
7420 312 
7448 607 
7462 292 
7482 512 
7486 11113 
7495 406 
7517 645 
7565 73 
7596 104 
7655 2674 
7675 181 
7746 330 
7752 344 
7803 1038 
7804 890 
7851 853 
8071 200 
8128 916 
8134 231 
8356 8 
8454 51 
8731 1357 
8736 784 
8757 443 
8789 460 
9283 130 
9314 264 
9526 1475 
9547 361 
9741 754 
9744 9 
9792 2343 
9800 431 
9822 215 
9824 1578 
9858 263 
9861 1115 
9942 901 
10029 35 
10126 112 
10219 528 
10266 839 
10431 50 
10513 1129 
10702 115 
10820 261 
10830 466 
11010 72 
11014 712 
11027 492 
11028 157 
11146 696 
11234 721 
11244 2715 
11279 709 
11306 995 
11312 74 
11314 425 
11335 522 
11380 741 
11483 125 
11507 381 
11544 218 
11546 137 
11572 420 
11596 93 
11640 1073 
11664 1342 
11707 97 
11716 117 
11725 360 
11812 291 
11827 103 
11996 3951 
11997 634 
12175 502 
12179 742 
12213 108 
12226 1070 
12276 496 
12279 127 
12318 127 
12353 169 
12375 351 
12400 5564 
12401 153 
12436 794 
12441 120 
12461 186 
12504 176 
12690 433 
12695 1214 
12711 1399 
12715 857 
12716 154 
12732 1909 
12739 1468 
12740 230 
12750 1594 
12770 10288 
12780 334 
12821 690 
12852 521 
12873 94 
12891 1620 
12961 823 
12987 1548 
12988 243 
13027 8 
13044 120 
13099 336 
13118 209 
13126 538 
13127 182 
13283 893 
13329 318 
13338 1402 
13370 1256 
13372 1624 
13393 853 
13455 341 
13484 251 
13507 1596 
13523 1392 
13529 441 
13530 154 
13597 457 
13657 793 
13734 622 
13854 2607 
13975 732 
13977 140 
14099 657 
14111 636 
14162 343 
14192 1051 
14215 116 
14225 1459 
14279 1540 
14294 76 
14346 329 
14402 16 
14442 686 
14541 679 
14816 1494 
15102 244 
15150 4609 
15202 2165 
15213 139 
15232 1235 
15238 928 
15250 1619 
15254 2555 
15256 1420 
15349 1594 
15353 648 
15451 1035 
15492 562 
15500 193 
15630 186 
15766 172 
15808 256 
15882 526 
15924 283 
15953 2770 
15975 972 
16004 174 
16058 197 
16090 320 
16141 7509 
16145 404 
16176 1631 
16301 1882 
16318 685 
16344 94 
16606 932 
16830 242 
16896 5407 
16913 335 
17004 1901 
17084 104 
17111 2141 
17118 1098 
17183 644 
17205 283 
17361 192 
17373 174 
17386 3454 
17418 8 
17436 159 
17444 818 
17447 418 
17517 2315 
17517 2315 
17569 1308 
17585 983 
17593 16041 
17620 340 
17626 100 
17637 309 
17641 1629 
17648 64 
17678 277 
17704 558 
17718 104 
17727 528 
17733 136 
17753 476 
17899 60 
17971 3964 
17977 3542 
18033 87 
18062 788 
18166 93 
18325 357 
18336 5906 
18342 1898 
18349 1336 
18352 297 
18374 913 
18379 267 
18388 335 
18409 200 
18409 867 
18432 274 
18433 235 
18473 251 
18493 167 
18536 218 
18590 419 
18973 3298 
18995 188 
19015 1383 
19034 627 
19048 4024 
19050 1182 
19318 227 
19342 732 
19380 483 
19424 1046 
19576 643 
19632 16193 
19643 955 
19665 1160 
19687 276 
19688 1954 
19691 71 
19722 170 
19758 2387 
19764 172 
19818 1577 
19836 27 
19953 1030 
20117 90 
20558 246 
20679 623 
20902 821 
21181 3490 
21197 2497 
21203 2160 
21259 399 
21276 87 
21585 382 
21664 161 
21749 437 
21765 570 
21836 40 
21856 1 
22255 1314 
22262 1134 
22424 583 
22496 19 
22649 1039 
22859 117 
22999 1272 
23069 194 
23326 1404 
23337 1736 
23557 1343 
24259 1123 
24435 832 
25297 784 
25348 2828 
25433 1284 
25505 750 
25534 10 
25664 313 
25981 516 
26187 5518 
26244 352 
26299 6689 
26376 999 
26467 843 
26709 224 
27176 287 
27842 796 
28701 180 
30664 172 
30799 309 
31083 2618 
35009 802 
35448 616 
35595 168 
36326 84 
38131 3402 
41290 19 
42737 380 
42927 735 
43057 252 
44216 741 
48709 204 
49198 191 
49528 1880 
49826 2710 
49921 5672 
49932 2106 
49972 306 
50001 1294 
50062 3631 
50130 316 
50937 658 
51141 1001 
52281 918 
52401 1231 
52404 113 
52695 1183 
52915 1168 
52990 458 
53073 686 
53084 1656 
53444 8 
53512 1877 
53583 685 
53670 2506 
53683 457 
53739 1028 
53759 470 
53759 272 
53764 270 
53770 945 
53780 1087 
53821 2063 
53828 1319 
53828 628 
53927 189 
53987 457 
53993 223 
54195 151 
54228 430 
54543 501 
54682 244 
54683 651 
54699 50 
54710 784 
54750 1090 
54777 60 
54785 3 
54788 5379 
54848 126 
54852 803 
54862 1471 
54881 443 
54886 498 
54891 790 
54895 188 
54934 375 
54940 822 
54956 98 
55125 433 
55233 26 
55241 73 
55397 1979 
55454 571 
55466 274 
55512 567 
55952 894 
56147 722 
56357 1529 
56378 306 
56534 135 
56710 51 
57355 263 
57359 1494 
57368 169 
57375 1529 
57377 3201 
57380 407 
57387 376 
57395 64 
57402 599 
57402 272 
57409 211 
57409 222 
57421 86 
57427 211 
57439 202 
57457 217 
57537 2837 
57546 1737 
57574 1351 
57581 433 
57582 129 
57595 63 
57597 148 
57613 1044 
57623 317 
57706 141 
57710 2219 
57716 377 
57718 18 
57731 821 
57763 3265 
58064 281 
58110 73 
58500 24 
59058 271 
59183 4684 
59196 693 
59206 1286 
59276 1744 
59280 335 
59308 863 
59316 1118 
59476 155 
59478 3084 
59483 670 
59562 815 
59624 608 
59648 1328 
59799 21 
60266 901 
60287 80 
60312 682 
60321 769 
60417 1578 
60642 1096 
60644 67 
60699 868 
60715 323 
60825 243 
60899 667 
60937 1680 
61460 123 
61474 111 
61651 186 
61655 315 
61687 159 
61714 1119 
62469 130 
62944 1007 
62950 2264 
62984 1968 
62987 182 
62997 479 
63016 207 
64065 1039 
64119 252 
64133 348 
64164 1111 
64435 508 
64586 271 
64586 282 
64596 1400 
64623 3959 
64630 2020 
64661 508 
64887 55 
64945 1292 
65297 90 
65382 418 
65393 350 
65624 7295 
65730 53 
65757 258 
66026 106 
66498 5958 
66511 1123 
66714 319 
66811 3737 
67358 222 
67851 6572 
67868 3155 
67887 519 
67894 226 
67920 241 
67931 1062 
67957 83 
67980 187 
68017 304 
68226 864 
68428 994 
68539 223 
68577 284 
68620 54 
68753 331 
68960 238 
68968 177 
68978 2309 
68981 56 
69002 319 
69012 92 
69077 128 
69096 519 
69110 364 
69287 63 
69445 470 
69462 102 
69897 374 
70012 561 
70019 1250 
70303 209 
70790 904 
71158 714 
71251 1425 
71268 5859 
71347 563 
71351 147 
71411 695 
71577 37 
71694 1785 
71764 2215 
71777 166 
71912 1979 
71922 36 
72150 1015 
72253 187 
73144 132 
73151 771 
73440 2674 
73482 328 
73489 850 
73511 172 
73521 149 
73554 1465 
73993 1268 
74000 179 
74030 854 
74208 376 
74229 1322 
74260 17 
74303 1187 
74342 33 
74631 246 
74919 2671 
75016 588 
75162 925 
75185 15809 
75204 572 
75223 53 
75276 4828 
75281 1034 
75292 2026 
75320 202 
75334 112 
75349 1551 
75470 177 
75500 2182 
75532 208 
75610 564 
75630 5 
75651 215 
75679 369 
75702 187 
75710 156 
75784 322 
75788 371 
75794 3768 
75957 1168 
76135 1903 
76243 2034 
76284 1164 
76321 372 
76461 377 
76467 307 
76566 627 
76567 151 
76654 298 
76761 294 
77399 81 
77553 286 
77769 694 
78049 149 
78735 222 
78745 507 
79133 80 
79297 99 
79892 411 
80601 660 
80694 885 
80717 276 
81073 490 
81190 1364 
81632 588 
81727 666 
81861 4 
82296 316 
82311 947 
82329 474 
82379 3094 
82396 23 
82401 71 
82716 299 
82720 1402 
82792 324 
82851 84 
82898 612 
82907 1750 
82917 557 
83410 402 
83452 394 
83961 238 
84113 118 
84213 47 
84707 4718 
84720 1719 
84804 577 
85101 1665 
85170 1208 
85281 31 
85330 682 
85703 201 
86791 799 
86933 3054 
86967 49 
86996 452 
87043 1343 
87085 4 
87088 164 
87217 462 
87240 576 
87491 785 
87505 619 
87793 191 
87838 1134 
87997 11 
88128 360 
88296 1139 
88317 13 
88375 3226 
88448 1285 
88622 150 
88842 149 
88962 114 
89243 573 
89275 228 
89312 335 
89707 127 
89751 152 
89820 106 
89911 3141 
91577 1939 
92176 599 
92234 947 
92266 528 
92273 1571 
92400 197 
92436 1042 
92447 3945 
92491 1533 
92609 1073 
92621 1371 
92678 67 
92772 554 
94134 744 
94153 2848 
94182 3212 
94195 139 
94267 280 
94688 251 
94781 29 
94927 54 
95493 234 
95627 907 
96615 480 
98554 1107 
98713 240 
98775 102 
98818 102 
99924 35 
100318 35 
100999 1226 
101116 249 
102309 1482 
102455 2410 
103563 306 
104152 839 
105252 83 
107111 2117 
119075 140 
120451 1172 
122816 196 
125091 566 
127468 797 
127498 1147 
127552 605 
129412 239 
129415 736 
129490 645 
130660 486 
131370 227 
132555 884 
133564 439 
133662 7010 
133681 56 
133709 58 
135129 1192 
140644 140 
141020 65 
142977 228 
143663 386 
144984 291 
145345 122 
145787 33 
145861 141 
148133 3635 
148159 191 
148547 270 
148569 642 
148596 1939 
148615 577 
148666 294 
148721 135 
148755 103 
148762 368 
148988 57 
149119 83 
149335 244 
149652 257 
150022 1443 
150105 1633 
150396 488 
150602 532 
150710 68 
151498 1138 
151538 979 
152002 1395 
152419 409 
152899 402 
152949 181 
152976 632 
152995 508 
153055 74 
153649 1173 
153717 627 
153910 1386 
156171 383 
156352 859 
156395 84 
156513 1363 
156604 541 
156642 188 
156644 500 
156692 1258 
156865 617 
156960 402 
157909 181 
157921 1389 
158678 1269 
158940 3196 
158948 592 
158954 278 
158954 222 
158955 1212 
158956 283 
158956 1718 
158965 92 
158968 218 
158972 61 
158975 127 
158978 358 
158989 263 
158989 399 
158993 426 
158998 609 
159212 287 
159681 586 
159773 336 
160347 194 
160582 43 
160685 251 
161335 2282 
161350 7236 
161606 57 
161750 106 
161894 549 
161900 355 
161904 1052 
161907 151 
161912 1556 
161917 109 
161924 439 
161928 140 
161932 216 
161933 3369 
161941 377 
161946 573 
161953 485 
161954 259 
161966 1167 
161970 205 
161973 177 
161976 556 
161982 973 
161984 300 
161994 26 
162066 344 
162068 770 
162091 105 
162120 120 
162132 519 
162330 251 
162334 411 
162760 80 
163024 2380 
163052 39 
163055 621 
163242 1290 
163277 1135 
163417 503 
163627 139 
163667 545 
163687 157 
163709 430 
164039 5701 
164070 10247 
164178 374 
164202 311 
164284 562 
164484 459 
164701 135 
164752 863 
164782 69 
164803 393 
164848 689 
165028 2651 
165229 197 
165304 3281 
165350 203 
166994 78 
167192 56 
167539 7626 
167696 239 
167738 470 
167911 518 
168091 346 
168170 2073 
168202 202 
168298 86 
168539 208 
168550 122 
168591 175 
168958 982 
169014 2860 
169297 520 
169529 27 
170420 53 
170617 1452 
170849 324 
170942 248 
170972 378 
171172 2073 
171518 283 
171545 473 
171953 1453 
172463 290 
173070 253 
173248 1789 
173319 194 
173320 3 
173337 1772 
173351 478 
173363 63 
173387 117 
173957 444 
176208 118 
176262 123 
176415 630 
178114 155 
178346 6 
178612 68 
179543 118 
179547 910 
179557 121 
179567 138 
179597 88 
179704 364 
179758 0 
179805 222 
179912 168 
180355 100 
181048 193 
181058 751 
181089 259 
181096 163 
181214 144 
181254 117 
181325 1103 
181338 8559 
181342 137 
181353 183 
181367 408 
181431 649 
181525 739 
181541 315 
181548 81 
181556 120 
181566 812 
181579 247 
181588 233 
181618 974 
181656 9728 
181658 1157 
181679 211 
181683 194 
181751 236 
181767 367 
181805 185 
181817 1369 
181820 391 
181841 1718 
181858 671 
181896 10 
181899 415 
181965 609 
182042 837 
182049 86 
182234 4693 
182241 238 
182299 1957 
182432 578 
182439 196 
182454 902 
182733 1366 
182787 155 
182977 52 
183013 625 
183024 175 
183074 2962 
183074 500 
183233 310 
183265 30 
183284 1377 
183624 543 
184366 1904 
184654 426 
184746 161 
184811 432 
184833 248 
184834 787 
184898 99 
184913 4747 
184932 2057 
184969 143 
185009 220 
185078 270 
185113 1950 
185125 466 
185127 783 
185182 247 
185253 49 
185257 522 
185271 409 
185333 45 
185461 142 
185495 1202 
185513 280 
185643 188 
185816 36 
185892 145 
185923 852 
185960 355 
186003 532 
186117 152 
186152 839 
186357 385 
187264 151 
187556 8 
189384 131 
190261 218 
190863 807 
192431 42 
194133 2393 
194482 56 
195821 930 
205456 222 
205841 967 
213378 60 
214715 966 
215104 72 
216471 10 
216617 293 
217861 481 
217933 1224 
218117 54 
219079 2184 
219622 175 
220367 2803 
220409 473 
220424 391 
220506 5242 
220534 816 
220542 442 
220552 29 
221181 86 
224329 7 
226328 745 
227658 1063 
227813 1075 
228440 3961 
228620 891 
228932 500 
228971 259 
229073 221 
229088 125 
229110 7968 
229126 1684 
229128 1014 
229135 10278 
229141 46 
229157 1635 
229212 506 
229232 821 
229238 281 
229588 543 
229931 1161 
231978 1622 
232063 201 
233159 169 
234225 478 
234414 357 
234792 33 
235625 97 
235823 183 
236047 849 
236142 30 
236156 558 
236175 1032 
236198 2517 
236250 110 
236258 712 
236273 281 
236282 117 
236522 261 
237488 151 
237907 4321 
237930 1780 
237950 69 
237954 44 
237969 807 
238050 48 
238053 86 
238105 1454 
238587 240 
239580 224 
241337 22 
241901 180 
241956 412 
242773 122 
242979 477 
243082 940 
243093 119 
243102 565 
243163 45 
243191 3395 
243294 518 
243379 921 
243718 231 
244144 1140 
244386 752 
245328 247 
246380 217 
247385 94 
247840 308 
248157 4208 
248455 427 
249164 301 
249623 1303 
250112 698 
250448 1612 
251138 356 
251404 71 
251457 25 
251914 1308 
251938 248 
252699 355 
253000 421 
253043 9 
253117 1053 
253328 157 
253428 189 
254017 160 
254025 1186 
255518 1609 
255891 354 
257381 120 
257389 26 
260082 922 
263473 292 
264342 143 
264424 259 
264815 291 
264827 211 
264833 986 
265548 514 
265741 112 
265887 1488 
267251 12577 
267379 154 
268531 757 
271692 3447 
271832 930 
272407 166 
275339 201 
278293 1990 
284651 771 
285193 390 
285221 938 
289351 44 
301193 131 
302694 2539 
308175 116 
313142 85 
315613 469 
317585 109 
322206 204 
322239 3424 
322274 905 
322274 663 
322286 1209 
322290 193 
322290 252 
322301 254 
322345 1378 
322359 483 
322381 32 
322552 18 
324648 222 
324699 557 
325009 115 
325012 226 
325062 223 
325065 482 
325082 2374 
325089 1135 
325259 133 
325353 165 
325394 399 
325466 6 
325527 232 
326372 43 
328061 2780 
328966 641 
329421 520 
329446 229 
329453 193 
329488 179 
330472 77 
330474 211 
331117 613 
331153 528 
331327 411 
331562 2049 
333677 2995 
333987 723 
334141 158 
334250 2364 
334268 276 
334438 487 
334672 1178 
334796 29 
334802 1645 
334820 1077 
334847 311 
334865 526 
334877 374 
334890 330 
334899 824 
334900 9144 
334911 801 
334918 1706 
334919 1591 
334922 70 
334922 317 
334929 237 
334949 131 
334969 33729 
334973 194 
334990 740 
335024 328 
335063 59 
335067 4 
335284 434 
335294 1169 
335305 268 
335308 664 
335309 113 
335375 789 
335466 267 
335477 102 
335626 383 
335692 82 
335781 125 
335787 133 
335861 1243 
335862 636 
336022 2747 
336152 1272 
336180 476 
336282 711 
336286 766 
336393 573 
336417 40 
336824 13248 
336885 30 
336893 190 
337006 490 
337111 323 
337177 140 
337194 582 
337210 375 
337303 206 
337319 890 
337337 147 
337506 404 
337539 615 
337552 4436 
337573 95 
337573 97 
337573 596 
337577 640 
337582 275 
337591 89 
337599 113 
337603 125 
337605 225 
337621 38 
337630 6 
337632 37 
337635 148 
337669 215 
337685 115 
337691 83 
337695 27 
337706 535 
337710 2250 
337722 39 
337752 96 
337793 580 
337798 2646 
337909 509 
337950 632 
338130 73 
338134 34 
338268 666 
338278 1170 
338327 144 
338524 161 
338823 1008 
339046 23 
339116 705 
339334 1364 
339359 1863 
339381 2796 
339395 543 
339397 139 
339553 97 
340048 1407 
340291 178 
340679 561 
340698 487 
340804 163 
341048 748 
341260 795 
341295 617 
341457 248 
341982 1497 
341995 1213 
342022 483 
342035 336 
342038 882 
342038 294 
342042 532 
342044 230 
342115 223 
342122 158 
342148 396 
342155 212 
342168 568 
342195 80 
342249 1791 
342259 21 
342268 1752 
342270 297 
342292 781 
342365 120 
342370 136 
342382 292 
342398 481 
342426 546 
342432 1127 
342456 1775 
342616 496 
342664 398 
343351 827 
344342 136 
344593 33 
344623 205 
344702 425 
344935 98 
345196 864 
345299 641 
345328 181 
345430 61 
345482 827 
345736 1291 
345791 1219 
345877 213 
345887 1567 
345889 130 
345900 1508 
345915 22 
345917 324 
345964 41 
345971 13178 
345978 1001 
345985 254 
345997 1317 
346058 431 
346059 276 
346065 319 
346117 188 
346176 121 
346196 157 
346607 848 
346775 388 
347130 194 
347403 825 
347602 268 
347647 125 
347698 4697 
347715 170 
347723 8420 
347777 357 
347848 422 
347899 185 
347906 64 
348003 173 
348308 459 
348644 816 
348858 939 
348874 223 
349195 1136 
350577 1192 
350960 3481 
351021 426 
351027 1363 
351059 805 
351191 101 
351302 413 
351703 121 
352074 1720 
352290 6240 
352780 160 
353099 5970 
353282 156 
353466 3086 
353485 1784 
353742 236 
354141 107 
354398 125 
354937 69 
356822 248 
356945 1446 
356999 1132 
357104 130 
359659 1016 
359768 3649 
359797 2075 
359799 2338 
359802 380 
359814 887 
359833 822 
359890 1129 
359894 579 
360010 383 
360115 677 
360591 48 
361924 5 
362721 1491 
363677 343 
365003 872 
367363 673 
368320 1456 
368513 413 
370229 1067 
371127 450 
381562 684 
381618 216 
386657 1857 
386697 309 
387137 109 
388206 95 
390274 582 
391554 313 
393369 121 
393847 128 
398885 2112 
399022 1024 
401611 656 
402380 375 
403340 937 
403384 880 
403583 872 
403763 640 
404196 7997 
404231 1802 
405361 553 
405441 33 
405482 457 
405759 1045 
405844 645 
405860 1651 
406343 1241 
406487 1401 
406508 992 
406608 59 
406799 190 
407574 354 
408225 6678 
408241 9604 
408255 249 
408285 590 
408346 364 
408455 59 
408647 486 
408703 183 
409246 97 
409259 26 
410609 1050 
410879 90 
410922 401 
410932 2243 
411122 1233 
411263 1399 
411380 31 
411780 182 
412372 570 
412428 1677 
413636 480 
413863 730 
413909 509 
414250 655 
415058 156 
415263 296 
415308 212 
416634 313 
416896 590 
417043 209 
417761 1326 
420491 264 
420640 70 
420676 482 
421004 102 
421100 56 
421333 1060 
421333 1060 
421701 231 
422230 1041 
422318 1652 
422337 335 
422545 104 
422683 267 
422847 190 
422975 1623 
424820 185 
424898 239 
425093 228 
425229 1204 
425583 1077 
427436 218 
427449 790 
427466 2464 
427499 2853 
427533 390 
427694 110 
427978 7273 
427991 869 
428022 106 
428064 1350 
428138 141 
428155 254 
428156 1413 
428723 21 
433497 860 
433661 364 
433954 1088 
435211 70 
435333 545 
435344 435 
435378 620 
436191 63 
436232 569 
436646 714 
438561 4576 
438803 391 
438923 243 
439663 444 
441190 616 
441485 99 
442711 998 
443715 179 
444619 63 
444623 59 
444823 113 
449012 105 
467813 572 
471417 60 
476734 105 
499433 1354 
503412 1321 
503467 2486 
508450 2688 
508502 528 
509008 242 
511036 2126 
511057 1493 
511090 1041 
511099 2330 
511117 156 
511809 421 
519155 1671 
521737 732 
525309 269 
525333 921 
531130 1994 
532088 110 
532822 183 
534655 55 
538186 702 
538273 313 
571720 1407 
571801 1518 
571920 5754 
571939 1589 
571992 137 
575694 160 
579274 3345 
579304 1046 
579550 2039 
581259 1152 
581280 12402 
581308 5429 
581318 265 
581333 273 
581385 26 
581406 136 
581407 521 
583146 51 
585605 31 
593918 5 
597504 1400 
604718 774 
