3628 10.3134722222
0 597009 
9 570 
9 1571 
9 734 
10 284 
12 56 
12 271 
12 85 
13 516 
15 44 
15 172 
16 232 
17 759 
17 220 
18 504 
20 861 
20 126 
21 36 
21 123 
21 786 
21 129 
22 218 
22 467 
23 300 
23 1004 
23 175 
24 83 
25 235 
25 192 
25 244 
26 175 
27 218 
27 179 
27 370 
27 431 
27 177 
28 200 
28 539 
28 245 
29 242 
29 647 
29 869 
30 189 
30 276 
31 67 
31 1480 
31 77 
31 257 
32 348 
32 64 
32 504 
32 1228 
32 214 
33 233 
33 339 
34 280 
34 2555 
34 1419 
34 186 
34 153 
34 1699 
34 491 
35 179 
35 151 
35 531 
35 213 
35 230 
36 100 
36 111 
37 220 
37 549 
37 451 
37 943 
37 33 
37 303 
37 192 
37 352 
38 152 
38 72 
38 53 
39 174 
39 596 
39 191 
39 287 
39 132 
40 172 
40 225 
40 2216 
40 221 
41 1480 
41 269 
42 253 
42 539 
42 341 
42 53 
43 1438 
43 1093 
43 138 
43 193 
43 1452 
44 228 
44 358 
44 421 
45 689 
45 402 
46 131 
46 638 
46 242 
46 118 
46 229 
46 153 
46 1561 
46 681 
47 417 
47 124 
47 517 
48 139 
48 471 
48 218 
48 221 
49 373 
49 201 
49 123 
49 111 
49 732 
49 149 
49 221 
50 552 
51 280 
51 131 
51 562 
52 384 
52 77 
52 398 
52 1186 
52 178 
52 232 
53 1998 
53 432 
53 164 
53 254 
53 924 
54 231 
54 4472 
54 191 
54 75 
55 2663 
55 123 
55 579 
55 250 
55 20 
56 760 
56 453 
56 385 
56 78 
56 83 
57 389 
57 112 
57 320 
58 625 
58 177 
58 79 
58 372 
58 435 
59 1400 
59 156 
59 133 
59 3826 
60 91 
60 1057 
60 336 
60 589 
60 167 
60 416 
61 375 
61 95 
62 666 
62 88 
62 540 
62 204 
62 81 
63 244 
63 203 
63 177 
63 306 
63 688 
63 241 
63 1230 
63 68 
64 309 
64 153 
65 396 
65 203 
65 147 
65 409 
65 160 
65 178 
66 202 
66 478 
66 419 
67 121 
67 119 
67 47 
67 474 
67 725 
67 405 
67 471 
67 77 
68 266 
68 481 
69 162 
69 134 
70 221 
70 386 
70 288 
70 78 
70 327 
70 693 
70 71 
70 1264 
70 143 
70 58 
71 184 
71 833 
71 771 
72 26 
72 2550 
73 152 
73 325 
73 109 
73 432 
73 260 
73 271 
74 647 
75 534 
75 588 
75 42 
75 48 
75 75 
75 126 
76 92 
76 807 
76 677 
77 1470 
77 99 
77 149 
77 154 
77 352 
79 329 
79 346 
79 52 
80 2554 
80 471 
80 115 
80 515 
81 101 
81 277 
81 156 
82 128 
82 4578 
82 353 
82 563 
83 132 
83 359 
83 6196 
83 172 
83 350 
84 185 
84 446 
84 518 
85 251 
85 187 
85 169 
85 272 
85 297 
86 2566 
86 92 
87 287 
87 19 
87 295 
88 449 
88 277 
89 207 
89 166 
90 63 
90 301 
90 222 
90 432 
90 268 
91 78 
91 580 
91 330 
92 444 
92 37 
93 260 
93 55 
93 303 
94 1472 
94 440 
94 698 
94 163 
94 237 
94 566 
96 76 
96 147 
97 383 
97 1420 
97 76 
97 187 
98 342 
98 131 
98 490 
99 76 
99 641 
99 245 
99 108 
99 357 
100 996 
100 461 
100 246 
100 56 
100 190 
101 308 
101 77 
101 197 
102 1499 
102 148 
102 109 
102 124 
102 741 
102 100 
102 85 
103 73 
103 962 
104 194 
104 345 
104 125 
104 174 
105 113 
105 265 
105 52 
105 1383 
105 309 
106 620 
106 975 
106 106 
106 195 
108 1793 
108 874 
109 230 
109 92 
109 688 
110 95 
110 47 
110 217 
110 148 
110 198 
111 177 
112 668 
112 623 
113 1725 
113 216 
113 2894 
113 220 
114 99 
114 39 
114 410 
115 59 
115 92 
115 453 
115 207 
115 545 
116 907 
116 189 
116 77 
116 217 
117 904 
117 794 
118 711 
118 67 
119 596 
119 1217 
120 512 
120 359 
120 21 
120 372 
120 208 
120 821 
121 347 
121 414 
121 382 
121 167 
122 1020 
123 225 
123 820 
123 287 
124 75 
124 618 
124 210 
125 281 
125 718 
125 259 
126 118 
126 359 
126 67 
127 378 
127 229 
127 203 
127 33 
127 217 
127 144 
128 29 
128 704 
129 340 
129 594 
130 74 
132 150 
132 278 
133 224 
133 720 
133 171 
134 834 
135 1081 
136 82 
136 199 
136 128 
137 334 
137 565 
137 341 
138 190 
138 254 
138 701 
138 19893 
138 491 
139 1206 
139 176 
140 155 
141 829 
141 1722 
141 81 
141 246 
141 946 
142 132 
142 550 
142 460 
143 124 
143 119 
144 453 
144 93 
144 865 
144 334 
144 102 
145 814 
147 239 
148 168 
148 355 
149 1705 
149 1 
149 694 
149 111 
150 184 
151 690 
151 138 
152 104 
153 716 
153 499 
153 219 
154 49 
154 157 
154 506 
154 36 
154 67 
155 544 
156 63 
156 247 
157 483 
158 383 
159 179 
161 107 
162 150 
163 276 
163 620 
164 77 
164 153 
165 257 
165 387 
165 119 
166 88 
166 779 
167 788 
167 1162 
167 1231 
168 257 
169 252 
169 456 
170 355 
170 367 
170 178 
171 123 
171 147 
171 32 
171 1286 
172 41 
173 23 
173 746 
175 662 
175 4175 
176 2465 
176 249 
176 729 
177 261 
178 292 
178 445 
179 483 
179 1067 
179 487 
180 230 
180 112 
180 555 
181 135 
181 190 
182 406 
182 390 
183 1792 
183 226 
183 294 
185 241 
185 25 
185 1218 
186 557 
187 269 
187 240 
188 91 
188 1380 
188 196 
189 236 
191 418 
192 166 
192 116 
192 408 
192 5918 
194 45 
194 95 
195 675 
196 262 
197 49 
198 1147 
199 79 
199 269 
200 499 
200 49 
201 438 
201 443 
202 161 
202 38 
202 760 
202 352 
202 10376 
203 191 
204 190 
205 349 
206 267 
206 730 
206 178 
207 119 
207 54 
208 212 
209 197 
209 185 
210 99 
211 109 
212 160 
213 276 
215 727 
215 14 
215 486 
216 183 
216 457 
216 21488 
216 586 
216 253 
217 647 
218 214 
218 25 
219 249 
220 183 
220 135 
221 459 
222 79 
222 276 
223 51 
223 2121 
225 107 
226 144 
226 339 
226 605 
226 56 
228 878 
229 50 
229 114 
229 204 
230 611 
231 512 
231 901 
231 1221 
233 200 
235 179 
236 134 
236 823 
237 204 
237 485 
238 394 
239 258 
239 429 
239 603 
241 244 
242 1191 
243 317 
244 225 
244 327 
244 1353 
245 117 
250 160 
251 18 
251 899 
251 567 
253 442 
254 115 
254 33 
255 137 
255 110 
256 79 
256 59 
257 450 
258 190 
258 73 
259 137 
260 269 
260 315 
261 171 
262 368 
266 207 
266 237 
266 90 
267 315 
269 247 
270 174 
270 2121 
271 135 
272 108 
273 292 
274 47 
275 2467 
276 103 
278 139 
279 750 
280 225 
281 198 
281 787 
283 1190 
283 177 
284 1104 
285 214 
285 141 
288 166 
288 1356 
289 680 
291 278 
292 450 
292 191 
295 174 
297 108 
298 369 
299 118 
300 426 
304 690 
307 904 
310 153 
310 154 
311 1097 
313 374 
313 117 
314 356 
314 369 
315 607 
316 962 
317 2176 
318 62 
318 132 
319 3128 
319 305 
319 205 
320 290 
321 1210 
321 120 
322 359 
323 1754 
323 266 
324 138 
325 584 
326 550 
327 63 
328 200 
330 143 
330 208 
331 3730 
331 142 
332 106 
332 383 
332 223 
334 1408 
334 108 
334 211 
336 806 
338 224 
338 3193 
338 333 
339 363 
342 761 
343 62 
344 299 
344 96 
344 89 
347 621 
348 62 
351 1883 
351 107 
352 69 
354 173 
354 130 
354 1642 
355 2322 
356 27 
358 276 
358 326 
359 266 
359 35 
361 116 
361 128 
362 562 
362 1112 
363 127 
363 649 
364 66 
371 33 
372 233 
375 254 
377 73 
380 75 
384 112 
384 131 
385 448 
386 215 
386 112 
388 139 
388 275 
388 562 
392 467 
393 286 
396 1367 
396 53 
397 284 
397 262 
397 340 
400 195 
401 309 
402 176 
403 238 
403 78 
404 12853 
408 278 
409 782 
409 425 
411 466 
412 295 
414 159 
414 509 
415 99 
417 142 
417 138 
419 231 
422 25 
422 484 
422 384 
422 81 
422 16 
423 219 
424 120 
428 233 
431 386 
432 741 
434 1180 
434 661 
435 259 
438 95 
442 95 
443 148 
445 686 
446 385 
447 253 
449 142 
450 629 
451 162 
452 180 
453 273 
463 412 
463 137 
463 46 
465 326 
465 163 
465 83 
466 95 
466 259 
466 411 
470 1642 
470 120 
474 116 
474 311 
475 89 
475 91 
476 284 
477 183 
478 272 
478 139 
480 124 
481 165 
481 179 
481 163 
484 192 
486 214 
487 487 
487 425 
491 420 
493 392 
494 68 
498 205 
499 1144 
500 197 
505 167 
507 138 
509 162 
510 67 
510 372 
511 99 
512 605 
514 157 
514 899 
514 145 
524 387 
525 60 
526 272 
526 127 
528 149 
529 1339 
529 266 
530 799 
531 111 
533 14 
535 46 
541 277 
541 144 
541 325 
543 246 
547 150 
551 435 
552 252 
552 565 
555 173 
557 376 
558 125 
561 1489 
561 1123 
562 83 
562 1722 
562 130 
564 370 
565 459 
565 206 
567 35 
570 94 
570 1003 
575 217 
576 187 
577 188 
581 259 
582 1229 
586 190 
595 3409 
595 632 
597 77 
598 642 
603 205 
604 87 
604 2116 
605 343 
611 19 
611 536 
611 143 
614 475 
615 375 
617 247 
621 216 
624 131 
631 198 
631 244 
631 283 
639 91 
640 87 
642 2 
642 449 
644 1461 
645 433 
654 608 
658 152 
663 156 
668 13295 
668 632 
674 111 
677 895 
680 833 
684 1238 
688 96 
689 135 
689 414 
690 139 
693 1077 
697 68 
701 81 
705 136 
705 162 
707 94 
709 0 
715 99 
721 163 
724 173 
729 248 
732 427 
733 66 
735 493 
743 75 
749 154 
750 78 
754 82 
756 471 
757 284 
758 363 
759 65 
760 13124 
765 67 
766 639 
767 411 
767 373 
770 159 
770 572 
771 246 
773 850 
774 1382 
776 563 
777 53 
778 31 
780 436 
783 153 
784 171 
784 319 
790 106 
791 240 
791 695 
795 148 
796 24 
797 85 
798 35 
801 8 
801 6538 
801 61 
806 93 
807 785 
807 2201 
809 69 
810 148 
812 49 
813 90 
814 781 
818 905 
819 984 
821 316 
824 185 
829 92 
832 97 
834 270 
841 3048 
842 198 
844 276 
853 55 
855 172 
855 695 
862 170 
866 127 
868 764 
870 104 
871 1264 
872 3141 
873 223 
875 539 
878 269 
881 633 
882 57 
884 90 
887 93 
888 1038 
905 304 
908 241 
909 117 
909 1358 
910 78 
914 206 
917 3072 
918 317 
918 136 
931 193 
932 211 
944 305 
952 240 
956 113 
965 72 
977 385 
980 200 
984 90 
984 437 
985 362 
990 468 
992 183 
997 103 
997 100 
1001 89 
1004 1009 
1009 186 
1009 40 
1011 495 
1017 125 
1018 331 
1021 235 
1023 151 
1023 98 
1024 157 
1027 142 
1028 154 
1030 195 
1030 330 
1039 150 
1046 121 
1053 87 
1053 231 
1056 121 
1056 378 
1060 209 
1072 220 
1072 118 
1073 94 
1075 499 
1084 60 
1096 180 
1098 146 
1104 395 
1114 14 
1118 387 
1121 456 
1124 376 
1127 243 
1128 1349 
1129 120 
1130 480 
1131 159 
1131 275 
1136 99 
1136 183 
1140 81 
1140 241 
1145 155 
1157 153 
1160 22 
1164 191 
1168 248 
1175 124 
1184 177 
1196 165 
1200 68 
1205 117 
1206 231 
1215 602 
1217 280 
1231 1233 
1236 209 
1240 232 
1243 556 
1247 195 
1251 10390 
1253 10163 
1254 243 
1264 177 
1269 763 
1275 90 
1276 137 
1276 272 
1277 202 
1287 370 
1288 109 
1303 1887 
1313 804 
1314 221 
1316 645 
1326 133 
1330 172 
1330 71 
1339 234 
1347 234 
1355 753 
1364 195 
1368 1702 
1368 253 
1386 84 
1387 189 
1400 171 
1400 204 
1405 1471 
1419 255 
1425 198 
1429 41 
1432 52 
1434 41 
1437 166 
1439 184 
1442 283 
1445 39 
1460 154 
1463 1485 
1477 360 
1491 142 
1502 216 
1512 262 
1513 65 
1516 109 
1520 70 
1529 1120 
1534 591 
1541 322 
1548 175 
1551 112 
1566 267 
1573 97 
1594 247 
1601 102 
1602 203 
1618 96 
1629 347 
1645 433 
1645 677 
1651 22 
1652 133 
1658 120 
1673 708 
1673 661 
1697 141 
1697 1119 
1709 419 
1709 46 
1711 1002 
1715 5 
1725 535 
1736 133 
1750 204 
1756 66 
1776 926 
1791 99 
1805 108 
1836 294 
1842 429 
1843 266 
1844 48 
1885 101 
1886 100 
1910 53 
1951 464 
1971 211 
1990 301 
1998 350 
1998 163 
2026 406 
2053 18 
2064 216 
2086 1566 
2156 53 
2196 1054 
2199 106 
2212 427 
2263 431 
2279 1082 
2292 214 
2301 122 
2305 1326 
2327 117 
2331 224 
2335 384 
2351 228 
2371 157 
2379 126 
2380 91 
2381 50 
2430 215 
2465 212 
2502 833 
2517 322 
2567 304 
2570 204 
2571 239 
2646 122 
2690 149 
2693 180 
2710 14 
2732 251 
2777 540 
2835 102 
2857 69 
2873 163 
2874 56 
3009 77 
3073 34 
3116 207 
3124 315 
3129 210 
3171 90 
3224 89 
3235 216 
3339 231 
3400 160 
3524 239 
3599 119 
3700 37 
3714 267 
3735 1236 
3760 30 
3804 99 
3832 70 
3834 1364 
3836 70 
3892 23 
3985 189 
4026 2931 
4029 512 
4033 171 
4143 913 
4267 140 
4580 608 
4665 376 
4675 496 
4778 32 
4847 58 
4913 233 
4926 704 
5003 192 
5080 179 
5140 1135 
5225 364 
5278 218 
5336 267 
5557 134 
5559 20 
5757 93 
5895 195 
5923 109 
5975 643 
6033 23 
6114 251 
6160 264 
6270 136 
6461 128 
6504 99 
6540 167 
6682 283 
6770 2163 
6839 99 
7023 324 
7477 66 
7947 154 
8091 131 
8177 251 
8306 145 
8526 120 
8538 135 
8557 605 
8794 134 
8831 1181 
8957 669 
9078 241 
9093 181 
9139 168 
9277 44 
9316 246 
9434 108 
9513 402 
9539 163 
9719 11 
9774 854 
9978 122 
9996 257 
10114 232 
10114 232 
10265 240 
10320 2154 
10404 184 
10475 353 
10477 71 
10555 191 
10722 116 
11084 374 
11125 1572 
11189 712 
11329 243 
11357 106 
11556 148 
11719 63 
11722 127 
11794 76 
11877 4754 
11919 255 
11923 1020 
12264 1050 
12306 911 
12306 241 
12648 56 
12716 486 
12879 160 
12903 349 
12937 229 
12938 135 
12996 50 
13066 1175 
13170 612 
13352 54 
13373 91 
13425 141 
13453 171 
13548 87 
13564 201 
13596 646 
13788 536 
13884 293 
13968 153 
14094 111 
14260 110 
14484 1680 
14514 47 
14519 104 
14573 189 
14606 161 
14793 296 
14815 130 
14924 86 
15071 64 
15244 13 
15402 161 
15438 1860 
15445 749 
15617 68 
15694 34 
15733 351 
15799 62 
15800 68 
15958 336 
16095 307 
16114 359 
16144 74 
16148 179 
16255 389 
16325 82 
16746 1416 
16809 463 
16822 3970 
16829 787 
16935 554 
16945 25 
17011 159 
17068 83 
17074 57 
17175 360 
17210 565 
17907 2458 
17921 74 
17925 78 
17946 444 
18185 49 
18261 335 
18348 229 
18430 135 
18603 31 
18786 3491 
18800 530 
18839 3701 
18922 64 
19056 328 
19081 135 
19225 80 
19371 76 
19395 53 
19447 328 
19649 101 
19926 663 
19949 81 
19969 182 
20310 173 
20317 1210 
20353 98 
20385 43 
20421 486 
20442 132 
20465 175 
20501 165 
20687 180 
20751 80 
20795 60 
20900 133 
21005 141 
21121 122 
21139 1048 
21269 19 
21350 243 
21393 2117 
21399 132 
21542 60 
21693 407 
21694 42 
21728 217 
21734 30 
21774 212 
21910 136 
22030 107 
22063 172 
22067 168 
22272 56 
22273 54 
22285 54 
22420 173 
22851 1031 
23150 677 
23164 56 
23198 202 
23256 3524 
23256 390 
23388 2152 
23435 409 
23509 89 
23546 733 
23791 159 
23916 290 
23930 134 
24092 73 
24255 125 
24354 36 
24417 125 
24717 531 
24735 244 
24757 131 
24775 1105 
24783 16 
24888 392 
24900 305 
24928 196 
24950 585 
25040 1314 
25180 151 
25188 200 
25315 1486 
25338 454 
25375 944 
25377 1125 
25488 23 
25564 1054 
25603 34 
25744 827 
25848 92 
26130 91 
26177 446 
26230 54 
26283 105 
26390 58 
26436 229 
26512 308 
26636 289 
26643 310 
26666 33 
26778 96 
26798 1433 
26799 243 
26803 155 
26812 80 
26835 4553 
26843 411 
26940 555 
26970 502 
27054 564 
27137 591 
27272 795 
27378 1010 
27390 59 
27422 4116 
27514 1182 
27532 584 
27624 279 
27637 200 
27649 151 
27654 276 
27796 612 
27887 1606 
28122 442 
28255 293 
28377 2 
28558 66 
28696 515 
29069 146 
29235 195 
29365 631 
29422 372 
29536 771 
29710 407 
29822 130 
29992 480 
30028 909 
30194 394 
30248 178 
30281 544 
30350 240 
30464 263 
30610 362 
30667 1021 
30929 839 
31144 239 
31153 102 
31449 244 
31480 90 
31535 1212 
31563 40 
31693 489 
31731 1349 
31743 1349 
31793 693 
31855 301 
31858 454 
31946 114 
31965 654 
31974 81 
31975 302 
31977 398 
32003 132 
32010 18 
32014 57 
32091 365 
32096 958 
32223 74 
32248 625 
32272 78 
32310 254 
32346 640 
32405 805 
32493 280 
32504 22 
32806 310 
32860 652 
33259 229 
33299 330 
33372 462 
33387 341 
33388 517 
33427 1072 
33434 611 
33464 764 
33567 90 
33584 1071 
33628 307 
33711 220 
33740 176 
33794 349 
33936 194 
33981 216 
33997 246 
34077 93 
34124 216 
34162 3251 
34236 101 
34324 911 
34361 198 
34368 267 
34400 290 
34485 989 
34846 141 
35616 130 
36082 702 
36098 58 
36295 466 
36348 228 
36621 324 
36780 537 
36931 63 
37027 401 
37440 208 
37492 246 
37560 1541 
37639 115 
37869 64 
37969 473 
38002 217 
38043 158 
38173 163 
38176 451 
38223 533 
38239 697 
38287 552 
38290 71 
38302 282 
38373 131 
38456 525 
38456 200 
38607 389 
38773 139 
38881 1231 
38883 656 
38883 155 
39056 356 
39158 206 
39394 716 
40101 581 
40574 77 
40679 69 
40783 63 
40864 1081 
40959 545 
40984 162 
41305 229 
41318 77 
41404 568 
41520 800 
41541 93 
41604 49 
41726 185 
41881 388 
41902 457 
41963 371 
41992 665 
41995 421 
42045 4159 
42077 203 
42094 309 
42103 246 
42133 250 
42242 129 
42286 467 
42343 266 
42424 291 
42493 419 
42587 119 
42692 198 
42780 1942 
42816 233 
42837 478 
42839 690 
42843 216 
42888 201 
42892 729 
42911 940 
42914 337 
42932 439 
42940 318 
42950 537 
42955 805 
43039 321 
43045 154 
43050 491 
43129 53 
43133 476 
43156 279 
43191 61 
43219 234 
43245 228 
43516 374 
43530 800 
43539 178 
43549 130 
43571 301 
43604 406 
43647 464 
43655 51 
43703 634 
43865 228 
43906 38 
43938 806 
43964 322 
43975 244 
43992 392 
44077 396 
44078 449 
44084 244 
44101 267 
44144 89 
44345 724 
44387 445 
44458 1769 
44597 177 
44618 248 
44746 458 
44749 205 
44825 140 
44835 85 
44976 1099 
45011 335 
45084 321 
45124 619 
45163 529 
45289 1791 
45503 1007 
45504 197 
45606 275 
45622 324 
45659 1213 
45698 1091 
45719 475 
45727 483 
45731 207 
45733 1191 
45796 747 
45807 488 
45809 612 
45833 66 
45862 1378 
45906 874 
46046 674 
46068 454 
46119 216 
46128 305 
46185 206 
46210 215 
46226 527 
46255 437 
46262 145 
46353 420 
46358 679 
46362 469 
46362 68 
46377 186 
46382 541 
46390 484 
46417 151 
46422 722 
46433 485 
46436 156 
46443 434 
46461 1789 
46462 1349 
46467 74 
46474 438 
46479 113 
46482 247 
46491 240 
46523 2115 
46573 2559 
46588 541 
46598 448 
46600 144 
46610 334 
46755 916 
46758 291 
46779 269 
46799 259 
46820 247 
46848 449 
46852 3126 
46867 541 
46872 48 
46875 455 
46877 2418 
46889 145 
46893 37 
46898 370 
46906 708 
46913 908 
46921 65 
46939 220 
47046 65 
47083 173 
47112 248 
47116 169 
47127 39 
47154 304 
47168 531 
47178 2097 
47192 569 
47215 190 
47222 280 
47230 482 
47230 431 
47239 353 
47256 167 
47257 172 
47307 117 
47335 315 
47470 136 
47492 120 
47559 610 
47575 698 
47576 365 
47590 281 
47610 74 
47621 642 
47624 134 
47653 605 
47654 170 
47737 53 
47770 230 
47772 373 
47821 275 
47825 61 
47892 245 
47895 517 
47900 454 
47910 265 
47933 111 
48001 272 
48146 1077 
48151 885 
48227 269 
48234 517 
48249 1135 
48251 166 
48276 4445 
48292 574 
48314 1092 
48314 666 
48318 460 
48329 103 
48334 866 
48345 1229 
48414 808 
48440 246 
48442 1258 
48448 165 
48465 952 
48468 301 
48493 316 
48494 938 
48503 403 
48505 139 
48532 301 
48544 151 
48595 243 
48615 277 
48650 137 
48666 104 
48667 231 
48669 852 
48730 135 
48730 523 
48740 556 
48741 321 
48743 620 
48749 167 
48752 199 
48752 371 
48753 294 
48761 264 
48777 380 
48795 193 
48810 149 
48812 122 
48826 26 
48833 202 
48852 220 
48867 247 
48878 1161 
48909 874 
48922 146 
48934 258 
48936 119 
48954 484 
48957 344 
48958 93 
48960 167 
48978 242 
49089 254 
49093 224 
49101 488 
49104 247 
49110 514 
49134 235 
49143 397 
49144 1398 
49163 954 
49181 990 
49187 177 
49199 361 
49202 82 
49204 438 
49206 1166 
49208 962 
49252 675 
49260 272 
49263 44 
49339 251 
49355 105 
49359 507 
49363 80 
49364 270 
49393 311 
49396 542 
49405 1005 
49421 473 
49430 469 
49438 129 
49438 89 
49446 665 
49462 1112 
49468 239 
49473 1152 
49474 221 
49478 2437 
49541 1089 
49546 348 
49558 48 
49566 21 
49567 151 
49575 437 
49576 167 
49578 648 
49584 1123 
49587 926 
49592 375 
49600 134 
49613 689 
49620 226 
49634 562 
49636 157 
49647 1971 
49665 402 
49666 256 
49666 162 
49668 1046 
49671 90 
49678 959 
49686 577 
49690 71 
49693 370 
49697 155 
49714 399 
49716 316 
49801 164 
49824 93 
49825 200 
49839 1925 
49846 260 
49850 1026 
49858 152 
49874 293 
49880 226 
49880 113 
49884 119 
49886 1842 
49892 191 
49900 375 
49902 985 
49916 203 
49917 1306 
49918 238 
49928 161 
49932 115 
49939 1358 
49941 377 
49948 166 
49949 628 
49949 157 
49959 198 
49973 250 
49984 107 
49988 2221 
49990 184 
49990 108 
50004 123 
50020 131 
50084 201 
50085 452 
50087 84 
50091 132 
50092 112 
50092 322 
50094 209 
50097 201 
50103 890 
50106 403 
50106 418 
50117 90 
50129 204 
50133 481 
50141 367 
50143 549 
50156 1821 
50159 244 
50174 832 
50174 182 
50178 574 
50191 340 
50194 305 
50197 369 
50227 128 
50230 185 
50234 226 
50235 243 
50236 58 
50239 128 
50246 109 
50249 287 
50255 133 
50280 178 
50282 171 
50353 434 
50353 719 
50358 163 
50370 166 
50393 454 
50400 335 
50410 346 
50417 2534 
50422 2214 
50425 263 
50434 951 
50457 182 
50460 518 
50467 868 
50467 116 
50469 194 
50502 195 
50517 256 
50576 1196 
50614 270 
50630 87 
50644 159 
50648 757 
50657 312 
50758 421 
50775 5 
50781 3382 
50861 1097 
50865 179 
50868 139 
50890 233 
50897 216 
50901 161 
50908 381 
50918 183 
50942 0 
50950 685 
50971 345 
50971 1175 
50980 98 
50984 263 
50988 60 
50990 376 
51017 192 
51023 167 
51039 176 
51045 3049 
51121 390 
51124 248 
51146 81 
51147 1409 
51147 2130 
51171 650 
51172 802 
51179 466 
51180 641 
51190 168 
51202 70 
51206 390 
51208 450 
51211 206 
51211 773 
51222 461 
51226 418 
51233 30 
51241 348 
51249 569 
51256 488 
51262 900 
51264 226 
51272 354 
51303 546 
51311 832 
51381 837 
51395 148 
51402 90 
51411 1068 
51438 489 
51460 570 
51473 602 
51476 993 
51499 86 
51501 74 
51505 2573 
51508 550 
51509 568 
51512 1049 
51532 437 
51535 899 
51543 88 
51549 678 
51556 178 
51566 550 
51569 339 
51572 238 
51575 121 
51581 161 
51581 146 
51592 943 
51598 481 
51601 404 
51667 240 
51676 242 
51703 181 
51704 366 
51721 723 
51737 2282 
51748 156 
51752 1129 
51755 447 
51791 179 
51799 1704 
51801 436 
51812 293 
51820 472 
51824 454 
51824 116 
51831 841 
51852 534 
51866 910 
51929 483 
51943 206 
51946 1836 
51989 655 
52004 484 
52011 277 
52028 213 
52039 566 
52046 178 
52079 374 
52093 453 
52114 152 
52118 356 
52122 295 
52137 887 
52138 232 
52196 382 
52203 922 
52231 1912 
52249 337 
52258 360 
52268 808 
52301 120 
52319 408 
52330 275 
52353 437 
52363 317 
52370 365 
52460 87 
52477 49 
52493 1569 
52496 581 
52510 376 
52513 432 
52526 170 
52532 267 
52536 78 
52541 172 
52559 360 
52564 165 
52567 96 
52580 195 
52587 799 
52676 572 
52681 352 
52682 126 
52691 858 
52692 841 
52700 116 
52707 71 
52729 73 
52750 1140 
52767 692 
52768 2486 
52771 22 
52795 545 
52797 69 
52798 1120 
52801 464 
52805 333 
52866 198 
52891 293 
52895 179 
52909 604 
52937 155 
52962 413 
52972 38 
52975 151 
53068 115 
53088 172 
53096 866 
53134 129 
53137 322 
53167 1052 
53197 56 
53199 1253 
53200 2172 
53240 129 
53241 588 
53326 302 
53337 94 
53347 229 
53358 17 
53367 298 
53403 239 
53405 3 
53429 150 
53436 201 
53461 196 
53525 175 
53540 214 
53551 550 
53554 324 
53555 607 
53557 60 
53558 377 
53560 272 
53583 215 
53593 200 
53595 103 
53601 433 
53605 120 
53610 486 
53620 68 
53623 187 
53633 554 
53639 438 
53675 330 
53682 954 
53717 189 
53717 2742 
53724 244 
53811 6 
53840 933 
53851 56 
53945 814 
54013 259 
54022 236 
54023 10 
54033 390 
54040 369 
54055 201 
54056 114 
54069 218 
54100 528 
54105 6 
54116 472 
54163 226 
54229 323 
54240 18 
54253 331 
54261 126 
54265 231 
54266 949 
54285 86 
54289 423 
54321 119 
54324 1290 
54331 221 
54338 400 
54343 505 
54358 152 
54360 452 
54367 202 
54368 264 
54374 327 
54379 199 
54385 1438 
54462 361 
54478 351 
54483 265 
54485 331 
54486 130 
54533 122 
54538 657 
54544 235 
54561 734 
54564 55 
54574 47 
54578 151 
54588 316 
54590 45 
54653 1904 
54662 1353 
54665 97 
54665 651 
54669 83 
54673 305 
54677 218 
54678 179 
54681 579 
54681 7 
54686 471 
54700 150 
54703 207 
54704 2033 
54704 126 
54713 217 
54723 109 
54748 139 
54754 1054 
54759 374 
54765 57 
54765 371 
54768 492 
54790 502 
54795 164 
54796 448 
54854 294 
54856 567 
54862 885 
54878 174 
54888 406 
54892 269 
54906 393 
54915 155 
54922 91 
54928 366 
54932 551 
54939 210 
54953 287 
55001 446 
55069 176 
55075 107 
55085 260 
55096 50 
55097 21 
55139 140 
55149 762 
55156 10 
55158 350 
55168 107 
55185 70 
55196 215 
55200 140 
55215 579 
55280 97 
55289 252 
55300 1715 
55301 95 
55315 24 
55361 278 
55389 66 
55399 679 
55400 508 
55400 180 
55405 143 
55407 1006 
55487 358 
55496 408 
55498 10109 
55505 277 
55524 440 
55525 236 
55532 188 
55538 537 
55567 238 
55567 930 
55575 67 
55599 383 
55605 462 
55620 485 
55692 300 
55701 61 
55702 129 
55708 599 
55717 1179 
55737 185 
55757 296 
55760 840 
55763 301 
55764 669 
55787 86 
55814 621 
55883 297 
55883 132 
55884 746 
55896 1279 
55907 147 
55933 682 
55934 180 
55937 211 
55952 74 
55961 860 
55974 446 
55980 450 
55981 834 
55999 294 
56011 246 
56065 51 
56134 297 
56150 327 
56150 147 
56276 1000 
56298 84 
56299 186 
56315 95 
56316 94 
56327 314 
56329 447 
56338 37 
56349 5 
56361 715 
56371 243 
56371 686 
56383 129 
56443 273 
56450 205 
56458 68 
56464 249 
56470 95 
56509 167 
56528 105 
56529 3 
56538 12 
56540 298 
56603 139 
56626 335 
56637 48 
56648 136 
56649 386 
56689 262 
56702 36 
56769 141 
56784 13 
56786 339 
56794 68 
56804 250 
56809 216 
56822 1333 
56838 493 
56939 595 
56941 1938 
56949 602 
56958 45 
56966 465 
56970 1270 
56989 240 
56990 461 
57014 206 
57016 3 
57018 270 
57022 203 
57028 566 
57029 135 
57035 803 
57101 309 
57107 2023 
57114 130 
57147 893 
57152 14 
57162 5034 
57180 919 
57187 289 
57233 127 
57304 558 
57315 432 
57367 793 
57370 89 
57373 61 
57392 254 
57416 266 
57445 1529 
57448 6 
57517 307 
57522 5 
57537 92 
57544 103 
57588 371 
57592 145 
57599 122 
57603 639 
57603 3008 
57608 152 
57614 3441 
57619 451 
57628 203 
57628 74 
57705 392 
57712 1179 
57714 183 
57719 226 
57730 705 
57749 280 
57759 332 
57761 212 
57769 1004 
57777 885 
57784 108 
57804 1216 
57805 61 
57817 313 
57892 1396 
57903 484 
57906 390 
57960 37 
58028 145 
58035 1 
58042 120 
58112 236 
58115 520 
58124 922 
58133 246 
58137 195 
58149 31 
58159 778 
58168 181 
58170 905 
58176 236 
58194 24 
58203 96 
58208 141 
58210 116 
58212 93 
58228 1090 
58228 778 
58230 298 
58231 233 
58309 842 
58312 28 
58319 254 
58341 483 
58355 479 
58376 773 
58397 69 
58412 1433 
58493 96 
58511 1370 
58546 706 
58553 544 
58556 751 
58556 184 
58557 181 
58562 786 
58565 239 
58569 441 
58569 1011 
58583 701 
58588 457 
58588 321 
58594 1276 
58599 2221 
58610 539 
58611 449 
58613 501 
58613 244 
58621 498 
58623 254 
58652 287 
58659 56 
58717 468 
58717 269 
58733 713 
58737 318 
58745 484 
58753 180 
58756 896 
58759 405 
58762 62 
58765 402 
58772 196 
58781 1015 
58792 666 
58796 160 
58802 117 
58810 378 
58838 153 
58848 136 
58862 359 
58952 65 
58958 48 
58969 553 
58981 112 
58981 162 
58983 107 
58998 555 
59018 216 
59035 349 
59037 788 
59039 366 
59040 4 
59058 157 
59165 9 
59211 425 
59221 849 
59235 130 
59260 189 
59264 255 
59346 321 
59347 573 
59348 269 
59369 209 
59378 92 
59379 488 
59382 266 
59390 209 
59418 224 
59422 589 
59429 33 
59499 1198 
59505 151 
59511 370 
59566 33 
59571 144 
59601 79 
59607 204 
59673 222 
59706 235 
59712 271 
59726 240 
59741 127 
59745 76 
59748 228 
59765 101 
59772 293 
59774 1951 
59781 176 
59866 217 
59872 608 
59873 421 
59890 786 
59892 379 
59895 818 
59904 455 
59908 151 
59919 1149 
59920 205 
59922 322 
59954 275 
59962 119 
59963 357 
59981 142 
59982 187 
59985 142 
59991 490 
60047 185 
60059 917 
60072 547 
60079 1048 
60103 173 
60108 1170 
60109 803 
60117 29 
60142 414 
60146 79 
60207 588 
60256 310 
60257 261 
60262 6 
60279 309 
60287 240 
60288 265 
60289 215 
60308 335 
60309 888 
60321 131 
60325 183 
60326 1258 
60399 343 
60425 72 
60427 461 
60433 73 
60452 163 
60473 291 
60491 453 
60508 1132 
60508 416 
60511 83 
60511 268 
60525 37 
60533 1335 
60537 310 
60605 631 
60608 160 
60616 225 
60627 363 
60645 237 
60652 105 
60664 135 
60665 109 
60677 80 
60687 231 
60689 248 
60759 53 
60762 102 
60764 336 
60766 195 
60773 287 
60797 171 
60797 108 
60810 105 
60820 243 
60824 306 
60850 39 
60850 304 
60960 433 
60986 588 
61004 245 
61019 257 
61030 300 
61036 158 
61055 493 
61074 804 
61079 222 
61159 227 
61202 92 
61203 499 
61209 99 
61236 284 
61237 55 
61244 180 
61259 209 
61271 741 
61374 91 
61383 86 
61386 796 
61389 136 
61396 112 
61418 203 
61422 14 
61422 343 
61428 177 
61450 160 
61451 123 
61543 166 
61548 696 
61561 2106 
61568 504 
61574 133 
61575 1985 
61585 88 
61596 1349 
61599 28 
61605 418 
61609 605 
61612 117 
61615 953 
61619 755 
61621 217 
61684 253 
61684 553 
61697 612 
61700 294 
61706 813 
61726 184 
61726 609 
61736 158 
61738 127 
61741 67 
61743 509 
61745 89 
61750 3174 
61756 448 
61767 68 
61772 114 
61786 22 
61796 141 
61799 111 
61883 236 
61885 642 
61896 188 
61899 225 
61919 261 
61924 675 
61937 223 
61970 775 
61976 1330 
61983 135 
62049 198 
62052 334 
62065 346 
62066 38 
62088 1020 
62098 41 
62116 678 
62198 1118 
62208 383 
62241 66 
62258 1016 
62267 282 
62276 405 
62286 302 
62307 544 
62371 965 
62381 99 
62395 23 
62404 696 
62430 277 
62466 87 
62532 1367 
62555 312 
62562 109 
62563 267 
62588 333 
62596 105 
62618 283 
62618 1021 
62622 277 
62629 98 
62631 152 
62633 174 
62643 877 
62732 137 
62738 224 
62750 310 
62751 23 
62753 459 
62766 159 
62768 91 
62771 225 
62781 344 
62783 689 
62801 32 
62810 37 
62811 101 
62820 471 
62827 529 
62831 307 
62911 128 
62951 268 
62958 275 
62967 535 
62970 112 
63005 366 
63014 191 
63068 7 
63117 16 
63139 390 
63158 161 
63236 44 
63237 208 
63238 508 
63249 37 
63301 203 
63326 57 
63336 195 
63431 245 
63464 407 
63466 2017 
63504 59 
63511 370 
63519 375 
63620 85 
63648 329 
63662 313 
63798 321 
63818 1047 
63838 857 
63851 957 
64172 571 
64188 381 
64334 36 
64425 269 
64486 737 
64486 109 
64487 831 
64527 345 
64531 184 
64814 31 
64874 111 
64880 233 
64897 416 
64970 243 
64997 143 
65018 78 
65036 189 
65046 56 
65079 204 
65085 127 
65088 700 
65208 42 
65219 182 
65394 353 
65433 153 
65583 212 
65624 232 
65712 36 
65748 103 
65926 1187 
65961 1004 
65997 102 
65997 479 
66087 208 
66363 112 
66597 186 
66695 20 
66850 104 
66877 116 
66982 272 
67085 229 
67149 2912 
67180 186 
67373 654 
67713 101 
67734 296 
67738 133 
67749 93 
67759 559 
67760 40 
67775 749 
67858 1111 
67862 433 
67867 955 
67928 168 
67931 43 
67936 1876 
67947 383 
67979 908 
68000 58 
68002 18 
68024 378 
68040 506 
68162 384 
68274 189 
68361 532 
68472 260 
68474 723 
68618 235 
68619 28 
68651 43 
68722 73 
68728 258 
68757 28 
68823 166 
68844 1110 
68880 1115 
68902 195 
68935 651 
68968 511 
69080 557 
69125 158 
69176 496 
69177 1051 
69238 104 
69258 191 
69259 1087 
69395 34 
69446 67 
69498 44 
69610 446 
69670 908 
69777 517 
69808 1017 
69926 14 
69941 228 
69961 663 
69993 564 
70016 350 
70018 285 
70031 236 
70039 346 
70059 359 
70064 550 
70069 180 
70089 526 
70090 251 
70097 109 
70102 78 
70123 352 
70240 612 
70315 431 
70318 447 
70362 493 
70637 83 
70699 88 
70838 3 
70858 327 
70894 254 
71192 86 
71273 292 
71277 405 
71281 52 
71294 120 
71419 216 
71602 206 
71616 245 
71619 1184 
71657 18 
71658 326 
71667 623 
71697 426 
71697 39 
71703 82 
71721 660 
71725 9 
71735 68 
71775 190 
71779 301 
71787 482 
71978 52 
72033 158 
72068 109 
72085 33 
72200 1522 
72229 229 
72292 182 
72483 205 
72611 186 
72716 90 
73219 632 
73306 24 
73414 82 
73576 116 
73953 16 
74065 91 
74085 192 
74169 1331 
74767 62 
74788 102 
74842 272 
74911 93 
75032 310 
75101 200 
75302 1133 
75335 74 
75512 364 
75621 38 
75695 10 
75759 212 
75899 120 
76002 20 
76042 520 
76109 176 
76200 45 
76304 186 
76319 86 
77394 67 
77429 1331 
77498 676 
77563 256 
77757 117 
77838 1340 
79239 14 
79340 143 
79402 190 
79752 138 
80279 733 
80831 52 
80841 202 
80880 990 
81053 674 
81682 108 
82784 212 
82791 429 
83119 212 
84715 67 
87118 187 
97690 316 
97836 2721 
98042 849 
98108 195 
98683 939 
101650 213 
104444 708 
104540 67 
104580 182 
104580 1030 
104605 701 
107309 1104 
107688 1349 
107868 55 
108938 194 
109142 85 
110492 7 
111962 362 
111982 463 
112138 271 
112259 1608 
112876 307 
112959 53 
113112 1421 
113397 262 
113809 55 
114166 541 
115331 85 
116920 379 
119051 99 
119220 37 
119587 296 
119726 333 
120832 122 
121106 62 
121356 66 
121451 295 
121620 52 
121802 613 
121830 241 
121945 39 
122213 148 
122486 1164 
122666 838 
123167 103 
126576 354 
126775 551 
127248 162 
128263 226 
128840 109 
128904 155 
128955 1415 
129026 256 
129060 50 
129256 483 
129310 284 
129352 109 
129419 69 
129622 139 
130071 171 
130178 74 
130183 407 
130304 28 
130972 167 
131534 103 
131619 282 
131630 88 
131646 508 
131750 37 
131936 210 
131985 567 
131990 376 
132004 96 
132008 72 
132010 374 
132014 1818 
132059 8129 
132151 308 
132169 472 
132177 187 
132178 149 
132188 494 
132211 317 
132250 297 
132429 145 
132430 301 
132439 478 
132460 686 
132508 260 
132640 5 
132699 371 
132732 201 
132955 255 
132982 93 
132982 382 
133283 62 
133294 222 
133418 269 
133481 73 
134379 4093 
134482 2275 
134615 95 
134716 179 
134763 320 
134965 57 
135096 71 
135212 1240 
135281 169 
135304 226 
135323 150 
135381 12 
135661 318 
135679 92 
135827 541 
135848 1414 
135865 306 
135898 570 
136003 770 
136065 234 
136190 149 
136212 200 
136326 567 
136337 57 
136942 81 
137305 42 
137374 156 
137449 20 
137499 263 
137638 228 
137997 36 
138332 830 
138984 131 
139023 343 
139450 144 
139480 285 
140721 79 
141181 115 
141218 58 
142022 34 
142104 688 
142110 243 
142126 1398 
142421 1069 
142439 626 
142496 1001 
142504 351 
142516 30 
142635 111 
142640 323 
142841 462 
143368 50 
143554 77 
143560 253 
143900 224 
143962 492 
143978 30 
144191 486 
144193 509 
144204 28 
144209 469 
144227 175 
144285 430 
144366 591 
144409 64 
144500 121 
144916 655 
145261 697 
145310 80 
145356 578 
145471 833 
145520 450 
145573 361 
145862 217 
146147 993 
146782 73 
146960 17 
147876 96 
148116 185 
148291 91 
148397 558 
148438 378 
148457 533 
148457 68 
148469 387 
149041 201 
149164 614 
149507 170 
149825 101 
150430 58 
150466 1113 
150750 951 
150849 76 
151711 57 
151870 28 
151895 398 
152049 259 
152217 366 
152284 792 
152292 212 
152407 359 
152551 1096 
152555 178 
152788 37 
152809 539 
152836 317 
152849 162 
152864 163 
152932 551 
152940 343 
152972 298 
152978 188 
152983 94 
152997 332 
153018 296 
153157 245 
153360 920 
153384 50 
153398 515 
153512 126 
153518 50 
153540 310 
153679 212 
153744 1196 
153878 142 
154105 318 
154116 235 
154167 96 
154235 297 
154256 388 
154303 284 
154312 1878 
154327 54 
155169 77 
155382 278 
156033 16392 
156048 381 
156050 368 
156055 614 
156064 133 
156065 870 
156085 567 
156105 3266 
156191 72 
156194 150 
156301 95 
156395 561 
156577 280 
156595 287 
157609 75 
158931 278 
159314 55 
160554 7 
160944 534 
160955 590 
161524 1432 
162924 292 
164466 90 
165524 404 
165564 153 
165758 298 
165821 551 
166434 166 
167436 230 
168961 339 
170831 123 
179101 38 
180570 821 
181149 1947 
181191 1505 
183841 150 
184709 338 
185755 95 
187153 151 
189675 52 
192117 189 
192781 15 
193780 930 
194010 292 
194217 574 
194278 47 
194399 111 
194561 3 
195329 182 
195616 265 
197693 110 
197701 131 
197811 735 
200153 253 
201069 195 
201098 333 
201204 292 
201388 196 
201857 210 
203385 56 
203517 76 
204189 325 
205928 857 
211142 143 
211224 3250 
211247 3093 
211262 383 
211276 50 
211374 814 
212064 72 
212198 1010 
212915 138 
213404 1100 
213449 198 
213766 139 
214380 114 
214507 479 
214785 36 
216079 251 
216415 52 
216921 166 
217977 318 
219022 40 
220329 167 
220334 32 
220533 135 
220568 17 
220802 1438 
221026 1906 
221553 329 
221590 82 
221607 57 
221852 407 
222922 827 
223165 73 
223722 472 
223731 152 
223844 575 
225963 86 
226320 1443 
226732 1020 
230713 37 
231940 254 
231956 787 
232338 270 
232365 247 
232372 498 
232498 1975 
232515 973 
232566 1611 
232731 259 
232952 132 
233095 34 
233305 11 
233533 259 
233612 1138 
233731 257 
234654 34 
234827 444 
234941 423 
235157 318 
235473 24 
235508 852 
235554 145 
235784 390 
235992 226 
236036 59 
237817 67 
237881 105 
238124 88 
238234 285 
238507 17 
238779 173 
238881 1354 
239282 106 
239449 30 
239691 184 
240071 85 
240353 366 
240930 384 
240996 1169 
241050 139 
241070 181 
241100 300 
241117 59 
241252 190 
241283 862 
241303 86 
241305 213 
241434 601 
241607 111 
241773 137 
242080 599 
242138 63 
242177 1046 
242244 207 
242270 533 
242312 178 
242330 359 
242360 18 
242480 272 
242558 143 
243400 104 
243989 1038 
244009 413 
244443 2922 
244490 231 
244533 160 
244982 641 
245142 131 
246092 260 
246144 17 
246576 465 
246629 1268 
246844 300 
246873 268 
246899 471 
247528 91 
248106 102 
248179 25 
248201 45 
248312 96 
248371 175 
248419 157 
249372 516 
250158 136 
250158 136 
250389 14 
251285 372 
251424 49 
252903 190 
254612 57 
258008 1204 
258196 570 
259314 125 
261007 56 
261798 128 
266097 61 
273565 1576 
275163 279 
275356 1654 
279140 289 
290648 193 
290807 126 
292592 284 
293512 428 
293997 238 
295454 580 
295612 264 
295892 100 
295977 308 
296059 151 
296232 111 
297173 36 
297525 324 
300486 304 
300688 129 
301341 294 
301421 852 
301523 64 
301865 76 
302051 248 
303186 233 
303605 178 
304136 51 
304683 292 
305371 76 
306069 143 
306560 126 
309888 12 
311479 82 
312052 85 
312340 159 
312433 321 
314627 262 
314721 324 
316919 171 
317019 403 
318499 138 
318570 393 
319856 56 
320002 110 
320474 21 
320930 292 
321649 52 
322002 155 
324646 199 
325287 491 
325343 372 
325699 1999 
325750 976 
326816 697 
326913 738 
326960 1502 
327179 122 
327257 1928 
327310 221 
327320 230 
327382 124 
327439 1899 
327632 166 
327797 1083 
329056 156 
329344 27 
329546 2373 
330381 234 
331036 230 
331934 677 
332510 1416 
332591 357 
332619 229 
333294 81 
334018 140 
334271 1159 
334388 152 
334895 164 
336066 487 
337394 129 
338170 379 
338353 113 
339546 22 
340467 110 
355058 15 
357742 210 
359270 259 
368997 614 
371141 102 
371279 251 
379667 98 
380769 130 
386085 32 
386406 371 
386984 260 
387534 297 
388641 230 
388897 1442 
390139 57 
390202 23 
390273 13 
392536 21 
393953 239 
394521 55 
395189 72 
396331 66 
396352 902 
399166 424 
403217 28 
406909 356 
411738 125 
411758 175 
466212 16 
467963 303 
468066 61 
470164 714 
485863 135 
494304 124 
494361 142 
494366 132 
494896 71 
495785 409 
495822 488 
502071 165 
502175 598 
502278 93 
502358 444 
506452 262 
507182 55 
554761 57 
584739 49 
584812 35 
