4372 8.00060185185
0 940622 
10 130 
10 130 
11 144 
11 144 
14 15 
14 1164 
14 25 
14 25 
14 1164 
14 15 
17 85 
17 122 
17 85 
17 122 
19 202 
19 63 
19 63 
19 202 
20 86 
20 469 
20 69 
20 58 
20 103 
20 210 
20 210 
20 103 
20 58 
20 69 
20 469 
20 86 
21 349 
21 139 
21 9 
21 9 
21 9 
21 349 
21 9 
21 139 
23 35 
23 335 
23 35 
23 335 
24 173 
24 173 
25 338 
25 338 
27 344 
27 344 
28 61 
28 131 
28 131 
28 61 
29 191 
29 191 
30 27 
30 97 
30 1314 
30 43 
30 43 
30 1314 
30 97 
30 27 
31 37 
31 106 
31 106 
31 37 
32 215 
32 215 
33 73 
33 80 
33 34 
33 34 
33 80 
33 73 
34 83 
34 131 
34 556 
34 556 
34 83 
34 131 
35 241 
35 400 
35 219 
35 185 
35 185 
35 219 
35 400 
35 241 
36 36 
36 36 
36 91 
36 91 
37 19 
37 126 
37 56 
37 69 
37 77 
37 59 
37 314 
37 77 
37 69 
37 56 
37 126 
37 19 
37 314 
37 59 
38 83 
38 22 
38 63 
38 29 
38 98 
38 33 
38 125 
38 125 
38 33 
38 98 
38 29 
38 63 
38 22 
38 83 
39 28 
39 14 
39 40 
39 28 
39 14 
39 40 
40 60 
40 116 
40 60 
40 116 
41 73 
41 60 
41 225 
41 225 
41 60 
41 73 
42 139 
42 136 
42 111 
42 240 
42 55 
42 55 
42 55 
42 55 
42 240 
42 111 
42 136 
42 139 
43 52 
43 132 
43 12 
43 12 
43 132 
43 52 
44 12 
44 171 
44 94 
44 113 
44 234 
44 57 
44 216 
44 94 
44 171 
44 12 
44 216 
44 57 
44 234 
44 113 
45 72 
45 59 
45 86 
45 75 
45 131 
45 161 
45 174 
45 174 
45 161 
45 131 
45 75 
45 86 
45 59 
45 72 
46 30 
46 11 
46 26 
46 11 
46 26 
46 86 
46 30 
46 86 
47 44 
47 128 
47 15 
47 78 
47 78 
47 15 
47 44 
47 128 
48 107 
48 107 
49 103 
49 89 
49 38 
49 103 
49 89 
49 38 
50 113 
50 113 
51 26 
51 21 
51 99 
51 116 
51 262 
51 271 
51 167 
51 26 
51 21 
51 99 
51 116 
51 262 
51 271 
51 167 
52 23 
52 141 
52 91 
52 178 
52 23 
52 141 
52 91 
52 178 
53 83 
53 21 
53 119 
53 472 
53 190 
53 83 
53 21 
53 119 
53 472 
53 190 
54 112 
54 73 
54 64 
54 141 
54 340 
54 41 
54 112 
54 73 
54 23 
54 64 
54 141 
54 340 
54 41 
54 23 
55 45 
55 112 
55 151 
55 45 
55 112 
55 85 
55 85 
55 296 
55 964 
55 151 
55 296 
55 964 
56 569 
56 38 
56 569 
56 97 
56 38 
56 97 
57 60 
57 60 
57 16 
57 16 
57 83 
57 34 
57 83 
57 34 
58 204 
58 167 
58 204 
58 167 
58 72 
58 108 
58 159 
58 79 
58 72 
58 108 
58 159 
58 79 
59 25 
59 25 
59 198 
59 198 
60 50 
60 83 
61 309 
61 352 
61 63 
62 28 
63 52 
63 274 
63 119 
63 118 
63 30 
64 78 
64 100 
65 49 
65 179 
65 31 
66 34 
66 86 
66 308 
66 91 
67 823 
67 23 
67 111 
67 152 
68 92 
68 65 
68 41 
68 110 
69 355 
69 410 
69 59 
69 427 
70 55 
70 40 
70 105 
70 134 
71 58 
71 9 
71 31 
72 59 
72 19 
72 46 
72 58 
72 12 
72 124 
73 48 
73 82 
73 22 
73 237 
73 6 
74 99 
74 61 
74 379 
74 162 
75 65 
75 376 
76 81 
76 59 
76 225 
76 52 
76 46 
76 87 
76 47 
76 156 
76 25 
77 34 
77 303 
77 84 
78 221 
78 29 
78 67 
78 67 
78 131 
78 143 
79 43 
79 42 
79 25 
80 85 
80 70 
80 75 
80 145 
81 467 
81 69 
81 86 
81 29 
81 56 
82 108 
82 32 
82 100 
83 89 
83 56 
83 108 
83 19 
83 105 
84 93 
84 49 
85 171 
85 61 
85 34 
85 128 
86 47 
86 835 
86 103 
87 230 
87 128 
87 51 
89 9 
89 122 
89 73 
89 182 
90 40 
90 154 
90 43 
91 110 
91 235 
91 116 
91 54 
92 2 
92 49 
92 80 
92 239 
92 61 
94 96 
94 19 
94 7 
94 226 
94 42 
94 23 
94 94 
95 118 
95 241 
96 107 
96 168 
96 543 
96 131 
96 90 
96 189 
97 117 
97 129 
97 84 
98 73 
98 147 
98 97 
99 22 
99 35 
99 103 
99 102 
100 75 
100 68 
100 113 
101 163 
101 141 
101 135 
101 3 
101 164 
101 168 
101 42 
101 137 
102 92 
102 122 
102 81 
103 33 
104 153 
104 72 
106 87 
106 27 
106 216 
106 245 
107 75 
107 811 
108 26 
109 31 
110 57 
110 42 
110 56 
111 55 
112 109 
112 65 
112 104 
113 126 
114 166 
114 199 
114 113 
115 166 
115 93 
116 39 
116 104 
118 163 
118 74 
119 1538 
120 79 
121 498 
121 298 
121 32 
122 17 
122 118 
122 541 
123 129 
123 114 
123 71 
123 11 
124 61 
124 7 
124 50 
124 94 
124 65 
125 246 
125 54 
126 17 
126 126 
126 63 
127 77 
127 77 
128 56 
128 104 
128 76 
128 48 
128 46 
129 172 
130 21 
130 69 
130 81 
130 176 
131 132 
131 1338 
133 94 
134 39 
134 139 
135 61 
135 163 
136 42 
136 97 
136 62 
137 74 
137 16 
137 114 
137 70 
138 52 
139 696 
139 168 
139 49 
140 352 
140 48 
140 105 
141 153 
141 126 
141 64 
141 29 
141 134 
141 30 
141 316 
144 109 
145 39 
146 57 
146 319 
146 262 
146 157 
147 106 
147 3 
148 47 
148 67 
148 91 
149 296 
149 71 
149 47 
149 111 
150 89 
151 59 
151 93 
152 21 
152 112 
152 131 
153 89 
153 2005 
154 27 
155 63 
155 120 
155 110 
156 152 
156 194 
159 64 
159 342 
159 64 
160 44 
161 16 
161 81 
161 170 
162 157 
163 34 
163 67 
163 34 
164 133 
164 45 
166 190 
166 112 
167 84 
168 52 
169 55 
169 33 
170 88 
170 341 
171 24 
171 47 
171 188 
172 70 
172 82 
175 37 
175 99 
175 24 
175 11 
175 58 
176 23 
176 62 
177 49 
177 53 
179 134 
180 138 
181 445 
181 10 
184 53 
185 63 
186 45 
187 253 
189 175 
190 135 
191 43 
192 243 
193 63 
193 52 
196 26 
196 1878 
196 563 
197 109 
197 10 
199 71 
201 89 
202 21 
202 27 
202 606 
203 566 
203 119 
203 228 
204 16 
204 129 
205 96 
207 5417 
208 68 
208 31 
210 258 
210 86 
210 85 
210 157 
213 58 
213 238 
213 70 
214 16 
215 89 
215 27 
216 74 
217 67 
217 44 
218 31 
219 73 
219 820 
219 115 
220 84 
220 8 
221 120 
222 36 
222 93 
224 44 
225 236 
226 26 
227 130 
227 80 
227 142 
229 88 
230 192 
231 56 
232 100 
233 54 
233 132 
234 5 
234 103 
234 95 
234 230 
237 40 
238 60 
239 282 
240 46 
240 9 
241 31 
241 464 
241 17 
243 129 
243 36 
244 53 
244 46 
245 37 
245 45 
245 209 
246 346 
247 195 
248 158 
248 72 
251 7 
253 96 
253 78 
254 44 
254 175 
255 1394 
255 11 
255 67 
257 121 
258 22 
258 91 
258 132 
258 444 
258 138 
258 76 
259 45 
259 90 
259 28 
260 92 
261 167 
263 452 
264 41 
265 80 
265 88 
267 24 
271 26 
272 266 
274 90 
276 218 
278 111 
281 113 
281 269 
283 112 
283 105 
283 41 
285 79 
286 73 
288 103 
289 7 
290 3 
290 61 
291 89 
292 39 
292 49 
292 45 
293 158 
293 326 
294 18 
294 110 
299 118 
301 134 
302 29 
302 245 
302 12 
303 784 
304 95 
305 217 
306 63 
307 99 
307 56 
308 14 
309 13 
316 69 
317 77 
317 11 
318 85 
322 13 
324 52 
327 69 
327 115 
330 87 
330 29 
331 44 
331 131 
334 22 
334 92 
334 168 
335 81 
338 275 
339 177 
345 179 
346 153 
346 132 
346 67 
346 43 
349 43 
350 48 
354 57 
354 41 
354 135 
355 107 
361 86 
363 64 
363 55 
366 40 
369 63 
371 54 
374 76 
376 116 
378 87 
390 308 
390 22 
390 65 
392 120 
396 113 
398 35 
404 24 
406 9 
408 60 
411 741 
412 7 
413 350 
414 48 
417 57 
419 25 
419 13 
419 26 
419 59 
424 89 
427 139 
427 89 
428 26 
428 163 
433 11 
434 14 
438 108 
439 97 
439 66 
445 190 
448 23 
450 88 
453 12 
461 147 
462 11 
467 29 
469 28 
469 99 
470 41 
471 402 
474 100 
475 64 
477 22 
478 137 
480 43 
482 22 
483 16 
483 152 
484 53 
487 132 
489 49 
490 101 
491 94 
492 111 
492 260 
501 22 
501 30 
502 27 
506 114 
507 19 
511 169 
516 57 
517 77 
520 75 
522 60 
523 171 
525 38 
528 80 
529 77 
531 141 
531 38 
532 230 
532 233 
532 112 
535 60 
536 34 
537 12 
538 53 
539 91 
541 72 
546 38 
546 24 
546 86 
546 239 
547 38 
547 265 
547 17 
554 58 
555 76 
557 6 
565 192 
565 39 
570 140 
573 11 
577 100 
579 90 
579 139 
582 210 
582 146 
585 93 
587 66 
589 140 
590 50 
591 163 
594 30 
597 29 
597 82 
598 40 
602 229 
602 62 
605 180 
606 46 
608 170 
609 71 
612 23 
615 170 
618 19 
623 10 
626 131 
627 811 
628 11 
629 64 
630 126 
633 31 
636 41 
636 188 
639 261 
642 42 
644 87 
644 56 
645 574 
649 50 
650 133 
651 36 
657 67 
659 99 
660 64 
666 66 
667 20 
667 29 
667 80 
673 90 
675 105 
680 679 
680 120 
683 100 
683 1 
684 238 
685 206 
690 20 
697 14 
699 140 
699 113 
701 98 
704 21 
705 58 
711 60 
715 93 
715 9 
717 22 
722 115 
722 3 
736 76 
739 20 
743 276 
749 44 
751 8 
752 14 
756 187 
756 159 
760 12 
762 66 
764 56 
766 77 
768 286 
769 109 
771 99 
776 204 
781 29 
783 54 
787 15 
789 45 
790 113 
790 96 
792 117 
793 240 
793 560 
799 10 
801 22 
803 35 
812 132 
814 30 
820 836 
822 217 
827 132 
829 35 
830 53 
833 31 
834 154 
837 71 
840 22 
845 141 
854 48 
859 19 
863 36 
893 25 
895 43 
896 11 
897 34 
898 112 
900 47 
907 53 
910 149 
912 5 
917 189 
921 51 
925 41 
929 86 
932 41 
938 152 
940 27 
941 18 
942 32 
950 162 
954 21 
956 49 
957 41 
968 6 
970 73 
971 75 
971 12 
971 15 
976 183 
977 58 
977 233 
979 16 
984 17 
984 24 
988 156 
992 77 
995 29 
999 76 
1001 232 
1003 79 
1004 115 
1004 95 
1005 37 
1012 39 
1013 69 
1013 56 
1015 2 
1025 69 
1026 55 
1027 31 
1034 125 
1041 61 
1047 31 
1049 27 
1052 55 
1054 260 
1063 128 
1064 97 
1065 12 
1069 206 
1070 52 
1073 9 
1073 73 
1082 51 
1083 17 
1085 45 
1086 27 
1088 85 
1094 92 
1099 90 
1101 24 
1111 41 
1124 317 
1124 11 
1131 10 
1132 43 
1148 50 
1151 810 
1153 103 
1154 35 
1161 58 
1171 12 
1186 79058 
1188 55 
1190 148 
1203 26 
1221 113 
1223 83 
1250 28 
1257 12 
1260 34 
1272 28 
1272 34 
1275 80 
1277 102 
1281 14 
1281 32 
1282 80 
1282 69 
1285 102 
1286 174 
1299 6 
1300 51 
1303 80 
1306 35 
1313 196162 
1320 1831 
1327 109 
1332 154 
1334 258 
1335 57 
1339 1802 
1342 26 
1342 62 
1346 159 
1348 23 
1351 60 
1353 764 
1356 72 
1356 39 
1358 62 
1363 145 
1365 25 
1366 79 
1366 2 
1369 34 
1369 19 
1371 364 
1382 543 
1384 75 
1388 110 
1394 1009 
1395 18 
1399 46 
1400 91 
1404 308 
1408 106 
1408 25 
1410 45 
1411 83 
1414 6 
1416 48 
1418 20 
1427 19 
1430 184 
1431 56 
1432 77 
1436 46 
1442 4079 
1448 33 
1451 32 
1451 158 
1452 77 
1453 99 
1454 25 
1461 62 
1461 106 
1474 83 
1476 693 
1481 295 
1481 319 
1486 102 
1492 36 
1498 156 
1499 88 
1499 86 
1500 34 
1501 34 
1501 3 
1506 159 
1507 26 
1507 104 
1509 47 
1511 29 
1520 25 
1534 16 
1534 32 
1537 87 
1544 87 
1548 66 
1561 12 
1564 33 
1578 152 
1580 4 
1598 125 
1599 32 
1601 170 
1602 146 
1602 3093 
1607 4 
1622 8 
1626 113 
1628 471 
1630 51 
1635 8 
1636 33 
1645 2025 
1647 38 
1663 45 
1663 62 
1681 11 
1682 138 
1686 26 
1698 4 
1701 131 
1706 71 
1713 55 
1717 31 
1723 16 
1739 93 
1742 75 
1752 103 
1753 13 
1754 14 
1776 44 
1784 74 
1785 81 
1803 55 
1803 2 
1807 74 
1807 47 
1807 87 
1819 49 
1819 24 
1823 79 
1827 298 
1836 52 
1840 24 
1844 32 
1862 46 
1863 18 
1866 65 
1870 83 
1870 55 
1882 28 
1883 59 
1889 69 
1889 34 
1899 31 
1901 301 
1901 31 
1907 52 
1908 37 
1913 19 
1916 25 
1933 208 
1934 29 
1947 48 
1950 17 
1951 47 
1957 35 
1986 27 
1986 162 
1998 70 
2011 307 
2024 30 
2087 139 
2091 11 
2092 19 
2099 85 
2099 111 
2107 154 
2123 93 
2138 189 
2148 499 
2157 19 
2185 40 
2192 32 
2207 184 
2213 26 
2220 73 
2224 15 
2245 28 
2248 46 
2269 4 
2281 102 
2286 44 
2286 90 
2323 87 
2325 44 
2327 16 
2335 55 
2345 76 
2351 18 
2355 74 
2359 16 
2376 59 
2390 28 
2415 55 
2420 39 
2421 21 
2427 23 
2431 34 
2464 3 
2468 34 
2481 202 
2503 38 
2508 36 
2512 53 
2517 40 
2524 15 
2525 63 
2551 10 
2557 108 
2561 123 
2573 231 
2589 41 
2599 21 
2600 91 
2621 107 
2628 85 
2651 16 
2655 11 
2676 12 
2688 56 
2689 130 
2715 126 
2715 9 
2737 61 
2803 76 
2828 20 
2829 1 
2832 6 
2834 1 
2849 132 
2893 13 
2907 3 
2911 93 
2916 39 
2924 16 
2924 53 
2925 44 
2943 12 
2946 63 
2956 77 
2986 93 
3001 63 
3004 14 
3006 127 
3036 40 
3043 22 
3054 56 
3065 51 
3075 236 
3081 86 
3088 309 
3091 271 
3107 28 
3191 24 
3217 5 
3224 25 
3244 5 
3248 45 
3259 20 
3269 36 
3274 36 
3294 29 
3315 34 
3329 33 
3357 16 
3363 50 
3367 14 
3382 10 
3419 40 
3430 62 
3461 61 
3476 6 
3531 67 
3531 33 
3584 8 
3611 81 
3617 37 
3631 46 
3639 3 
3653 1987 
3656 242 
3666 342 
3669 46 
3674 12 
3677 54 
3681 730 
3682 325 
3683 312 
3691 480 
3700 623 
3720 43 
3722 35 
3722 24 
3725 266 
3738 91 
3765 145 
3781 20 
3805 165 
3809 1296 
3809 32 
3830 1349 
3837 33 
3841 98 
3842 61 
3858 81 
3867 33 
3877 236 
3880 94 
3884 186 
3886 32 
3901 28 
3942 216 
3947 151 
3962 58 
3976 1356 
4019 44 
4048 38 
4088 89 
4121 42 
4158 40 
4170 33 
4213 21 
4214 44 
4231 27 
4232 9 
4248 585 
4251 40 
4257 118 
4270 6 
4289 132 
4291 12 
4294 6 
4313 74 
4322 129 
4335 52 
4350 26 
4350 85 
4370 96 
4382 24 
4399 17 
4427 112 
4458 9 
4470 381 
4488 10 
4494 156 
4505 173550 
4516 11 
4524 35 
4533 64 
4556 191 
4571 42 
4575 283 
4578 28 
4578 170 
4582 27 
4587 64 
4588 28 
4594 41 
4594 88 
4599 52 
4600 105 
4602 192 
4613 44 
4622 57 
4628 149 
4638 71 
4656 30 
4693 2 
4695 17 
4719 22 
4740 24 
4742 153 
4753 45 
4758 151 
4782 7 
4787 31 
4787 86 
4788 14 
4804 64 
4818 226 
4834 103 
4952 57 
4986 108 
4991 133 
4994 60 
5007 42 
5010 21 
5065 21 
5099 61 
5153 29 
5165 36 
5193 16 
5197 66 
5198 35 
5199 8 
5228 35 
5249 96 
5328 8 
5334 56 
5343 130 
5376 14 
5378 42 
5380 122 
5393 60 
5414 17 
5431 93 
5435 40 
5448 22 
5487 55 
5497 224 
5498 91 
5501 15 
5535 52 
5558 25 
5590 525 
5622 199 
5642 158 
5654 119 
5658 2415 
5659 539 
5659 41 
5662 5138 
5667 230 
5671 615 
5671 190 
5679 40 
5686 457 
5692 93 
5694 326 
5697 149 
5698 510 
5700 33 
5701 157 
5711 380 
5718 19 
5721 102 
5727 130 
5728 138 
5737 80 
5743 776 
5760 1235 
5760 36 
5774 23 
5775 199 
5778 33 
5780 111 
5787 36 
5790 244327 
5793 73 
5799 14 
5799 746 
5801 66 
5801 73 
5802 28 
5805 324 
5808 34 
5815 96 
5817 48 
5817 537 
5823 216 
5826 299 
5827 74 
5830 92 
5831 19 
5844 11 
5851 35 
5853 220 
5853 68 
5854 255 
5855 455 
5857 287 
5858 29 
5860 99 
5860 31 
5861 62 
5867 62 
5874 135 
5880 294 
5883 88 
5889 40 
5896 35 
5896 114 
5898 73 
5901 125 
5903 24 
5903 977 
5903 180 
5929 24 
5930 201 
5935 1686 
5936 23 
5938 503 
5942 65 
5947 126 
5964 566 
5966 69 
5975 770 
5983 36 
5984 381 
5984 15 
5984 99 
5987 423 
5989 29 
5995 12 
6002 217 
6004 29 
6012 28 
6026 773 
6036 50 
6039 12 
6052 75 
6054 32 
6055 19 
6055 17 
6056 0 
6083 16 
6110 374 
6112 330 
6142 78 
6162 145 
6166 40 
6166 209 
6166 45 
6195 12 
6210 76 
6244 19 
6249 51 
6251 135 
6262 41 
6268 583 
6307 32 
6309 89 
6316 248 
6319 19 
6332 38 
6332 92 
6350 368 
6355 1784 
6355 360 
6363 29 
6366 32 
6369 36 
6376 77 
6421 38 
6437 572 
6442 11 
6491 28 
6538 94 
6543 8 
6548 6 
6566 373 
6583 0 
6610 8 
6614 26 
6632 12 
6694 167 
6713 100 
6797 18 
6799 78 
6803 42 
6816 32 
6820 33 
6889 25 
6899 315 
6917 105 
6930 11 
6947 74 
6997 40 
7002 241408 
7018 135 
7018 226 
7025 136 
7027 76 
7028 100 
7028 91 
7037 1280 
7038 16 
7039 77 
7042 73 
7043 234 
7044 113 
7045 53 
7048 55 
7049 127 
7049 29 
7050 901 
7050 86 
7050 135 
7052 635 
7053 81 
7054 99 
7058 126 
7060 998 
7062 33 
7064 1161 
7065 23 
7067 48 
7068 19 
7068 24 
7071 252 
7072 952 
7073 71 
7074 65 
7085 875 
7087 104 
7087 70 
7087 90 
7093 88 
7099 17 
7099 26 
7101 67 
7101 199 
7104 260 
7105 136 
7106 256 
7113 105 
7113 474 
7121 54 
7122 216 
7128 139 
7130 66 
7134 196 
7136 81 
7138 114 
7139 236 
7145 82 
7155 29 
7169 77 
7170 75 
7175 104 
7203 59 
7209 47 
7215 163 
7220 21 
7223 82 
7248 70 
7261 104 
7272 18 
7291 27 
7299 7 
7316 173 
7320 356 
7320 198 
7330 364 
7333 135 
7339 67 
7392 230 
7395 71 
7407 409 
7412 28 
7428 191 
7431 301 
7432 92 
7437 76 
7454 23 
7486 171 
7522 12 
7522 32 
7642 129 
7643 69 
7647 222 
7651 120 
7658 51 
7662 470 
7676 31 
7690 795 
7709 118 
7721 139 
7728 42 
7733 15 
7744 43 
7748 118 
7785 197 
7786 24 
7802 96 
7804 19 
7884 41 
7928 18 
7947 17 
7956 56 
7977 204 
7987 96 
8032 1540 
8038 120 
8070 39 
8078 24 
8095 86 
8127 18 
8136 72 
8203 14 
8224 61 
8225 100 
8285 44 
8325 61 
8334 11 
8337 5 
8375 15 
8380 10 
8417 84 
8428 25 
8576 9 
8578 10 
8607 54 
8615 56 
8624 56 
8689 115 
8731 23 
8752 5 
8766 66 
8846 492 
9010 50 
9027 8 
9069 17 
9071 32 
9110 53 
9201 15 
9250 34 
9404 76 
9431 212 
9440 215 
9477 27 
9501 173 
9741 26 
9758 7 
9763 19 
9832 25 
9855 7 
9892 47 
9905 59 
9920 91 
9995 91 
10036 47 
10080 17 
10219 60 
10224 22 
10243 10 
10262 22 
10275 30 
10320 65 
10394 17 
10420 139 
10421 31 
10440 20 
10542 38 
10652 31 
10853 0 
10950 69 
10965 32 
11066 51 
11077 130 
11080 97 
11153 40 
11169 192 
11184 308 
11205 185 
11291 72 
11341 3 
11401 49 
11493 150 
11498 15 
11507 70 
11537 7 
11618 39 
11636 27 
11706 35 
11712 2235 
11714 78 
11740 36 
11829 246 
11941 110 
11967 48 
11973 58 
12030 38 
12040 39 
12144 45 
12194 99 
12217 3 
12329 230 
12363 13 
12458 24 
12473 113 
12488 6 
12563 12 
12724 127 
12738 38 
12755 96 
13139 302 
13197 14 
13207 141 
13284 3 
13328 71 
13372 32 
13381 45 
13386 147 
13564 46 
13579 494 
13580 1008 
13614 64 
13634 17 
13743 23 
13774 44 
13786 14 
13835 26 
13908 47 
13931 5 
13958 52 
13960 72 
13965 32 
13974 14 
13978 105 
13979 28 
14018 62 
14035 45 
14069 0 
14166 18 
14195 189 
14285 42 
14350 962 
14436 121 
14455 9 
14473 20 
14491 11 
14550 73 
14812 13 
14837 3 
14952 159 
15178 22 
15195 27 
15276 29 
15276 29 
15363 55 
15462 17 
15608 66 
15636 9 
15656 45 
15943 40 
15943 194 
16000 52 
16044 24 
16138 12 
16190 71 
16262 19 
16376 24 
16485 21 
16500 68 
16567 124 
16661 37 
16691 470 
16814 36 
16822 89 
16958 169 
16979 37 
17214 8 
17288 100 
17293 11 
17305 17 
17357 58 
17773 33 
17864 177 
18056 182 
18056 63 
18260 36 
18319 226 
18503 257 
18545 9 
18583 2 
18624 29 
18718 10 
18918 24 
18975 46 
19414 508 
19570 42 
19594 33 
19635 49 
19649 5 
20059 45 
20114 219 
20202 24 
20213 40 
20472 24 
20523 175 
20552 9 
20763 102 
20779 5 
21017 68 
21383 142 
21426 77 
21470 44 
21545 142 
21636 46 
21645 55 
21808 99 
21834 70 
22251 65 
22255 17 
22288 13 
22315 4 
22327 167 
22441 13 
22574 10 
22789 715 
22853 28 
23209 10 
23231 26 
23252 33 
23281 43 
23339 21 
23997 19 
24062 29 
24154 9 
24492 23 
25200 51 
25738 16 
25956 36 
26097 143 
26278 79 
26462 6 
26471 91 
26720 124 
27116 18 
27154 179 
27297 60 
27414 84 
27551 256 
27768 35 
27839 92 
28015 24 
28077 62 
28099 28 
28129 56 
28348 30 
28369 71 
28489 24 
28563 23 
28645 76 
28754 10 
29125 53 
29167 20 
29622 34 
29833 84 
29845 57 
30384 72 
30452 63 
30522 21 
30792 49 
30792 49 
30913 30 
30939 13 
31016 33 
31171 37 
31199 37 
31245 51 
31274 36 
31356 6 
31365 40 
31609 17 
31644 28 
31720 17 
31764 8 
31928 172 
32005 5 
32025 16 
32170 16 
32341 60 
32342 48 
32654 32 
32744 63 
32800 27 
33290 11 
33411 23 
33426 32 
33757 7 
34101 29 
34172 19 
34187 19 
34228 73 
34393 49 
34568 1 
34818 23 
35191 6 
35539 173 
35560 66 
35625 117 
35922 30 
35963 41 
36108 14 
36200 58 
36358 26 
36521 18 
36546 27 
36562 40 
36772 30 
37035 9 
37110 12 
37242 27 
37282 38 
37456 45 
37613 71 
37639 6 
37769 1 
37970 5 
38234 4 
38420 44 
38839 45 
39042 35 
39048 23 
39212 37 
39282 131 
39439 604 
39601 34 
39624 283 
40068 7 
40332 25 
40590 113 
40750 29 
41274 13 
41393 13 
41732 42 
42119 11 
42442 28 
42756 13 
42888 17 
42937 349 
42943 145 
42965 3422 
42967 104 
42967 73 
42973 217 
42983 130 
42984 260 
42995 1367 
43014 640 
43017 47 
43018 716 
43020 106 
43031 405 
43043 211 
43049 69 
43051 814 
43057 47 
43076 212 
43088 275 
43129 83 
43129 856 
43137 77 
43149 306 
43164 241 
43178 285 
43185 91 
43203 42 
43234 166 
43244 47 
43245 132 
43247 457 
43256 65 
43263 116 
43265 6 
43269 85 
43280 129 
43321 165 
43340 279 
43408 301 
43424 198 
43432 117 
43487 163 
43493 463 
43509 141 
43556 111 
43568 45 
43571 62 
43640 223 
43698 221 
43779 230 
43792 183 
43874 247 
43906 88 
44055 97 
44110 70 
44117 23 
44167 18 
44215 93 
44242 73 
44242 73 
44344 176 
44425 127 
44457 115 
44472 395 
44477 32 
44553 59 
44556 145 
44615 31 
44616 35 
44636 8 
44699 184 
44726 65 
44745 28 
44820 47 
44977 50 
45017 13 
45095 286 
45215 41 
45259 307 
45318 92 
45328 270 
45330 102 
45357 186 
45464 76 
45551 221 
45557 45 
45599 219 
45787 314 
45787 88 
45801 134 
45848 224 
45851 174 
45871 131 
45886 26 
45894 80 
45947 34 
46026 515 
46043 233 
46046 15 
46248 203 
46287 15 
46302 59 
46380 128 
46415 96 
46644 216 
46675 255 
46688 97 
46737 22 
46739 136 
46777 50 
46885 114 
46974 66 
47075 39 
47094 238 
47098 13 
47330 60 
47415 16 
47531 49 
47610 105 
47861 475 
47916 313 
47974 27 
48008 3235 
48013 6 
48123 32 
48228 469 
48324 87 
48605 12 
48620 52 
48670 2 
48743 16 
48768 73 
48773 508 
48821 25 
48843 28 
49114 1406 
49607 144 
49784 3277 
49824 118 
49852 600 
49856 328 
49862 87 
49873 445 
49873 190 
49895 56 
49923 179 
49937 38 
49944 39 
49972 67 
50045 1114 
50084 50 
50128 40 
50129 241 
50167 414 
50178 149 
50217 28 
50262 107 
50298 308 
50317 221 
50323 37 
50392 0 
50526 435 
50526 25 
50535 134 
50548 267 
50549 294 
50760 22 
50760 290 
50791 19 
50809 6 
50813 232 
50829 126650 
50854 38 
50862 66 
50866 157 
50883 125 
50884 74 
50885 24 
50888 414 
50890 1071 
50894 82 
50902 347 
50904 58 
50904 315 
50930 83 
50938 105 
50945 183 
50963 164 
50972 8 
50972 121 
50984 40 
50987 165 
50990 127 
50992 198 
50994 100 
50996 37 
51004 1339 
51008 60 
51010 18 
51026 131 
51029 118 
51047 74 
51048 222 
51049 62 
51054 99 
51063 29 
51072 80 
51110 24 
51128 456 
51177 224 
51205 12321 
51205 49 
51206 5258 
51206 121 
51218 780 
51224 59 
51242 301 
51262 504 
51267 118 
51279 109 
51284 175 
51285 14 
51295 617 
51316 116 
51378 76 
51390 53 
51432 189 
51453 201 
51476 215 
51498 89 
51527 7 
51564 64 
51628 101 
51696 9 
51766 31 
51772 269 
51789 38 
51862 27 
51881 98 
51900 146 
52011 151 
52064 23 
52071 193 
52086 52 
52128 30 
52243 32 
52287 107 
52317 51 
52398 312 
52412 28 
52523 101 
52594 22 
52640 26 
52650 184 
52662 165 
52702 32 
52707 165 
52708 293 
52738 708 
52765 14 
52785 223 
52814 248 
52815 90 
52824 16 
52833 318 
52942 1081 
52978 35 
52988 13 
52993 19 
53119 171 
53149 429 
53286 92 
53544 150 
53588 41 
53591 109 
53607 261 
53615 136 
53657 12 
53699 20 
53707 41 
53795 60 
53813 167 
53815 0 
53818 19 
53966 6 
54344 32 
54382 741 
54605 10 
54685 5 
54910 58 
54938 388 
54963 1141 
54972 149 
54985 320 
55001 142 
55009 155 
55010 105 
55013 532 
55031 9 
55043 699 
55044 91 
55069 261 
55075 97 
55076 151 
55091 293 
55095 150 
55097 56 
55103 1118 
55121 498 
55129 489 
55131 9 
55169 211 
55207 68 
55227 355 
55235 44 
55250 324 
55251 185 
55257 396 
55264 2209 
55267 56 
55271 91 
55272 69 
55276 110 
55301 13 
55356 26 
55358 60 
55368 693 
55417 100 
55440 24 
55456 26 
55503 119 
55564 56 
55588 533 
55657 38 
55657 371 
55683 142 
55787 10 
55979 60 
56004 20 
56428 67 
56468 102 
56604 139 
56698 163 
56754 130 
56872 75 
56893 45 
56942 108 
57141 211 
57210 18 
57247 79 
57290 19 
57406 72 
57768 152 
57802 15 
57832 19 
57867 93 
57868 20 
57877 77 
57959 26 
57967 189 
57993 75 
58008 223 
58022 251 
58034 154 
58056 293 
58083 32 
58100 19 
58131 89 
58153 318 
58221 23 
58235 84 
58347 72 
58458 108 
58484 155 
58504 100 
58543 77 
58553 9 
58603 163 
58626 13 
58628 270 
58645 88 
58649 93 
58698 22 
58704 160 
58730 39 
58764 54 
58764 54 
58803 238 
58803 238 
58837 211 
58888 133 
58944 522 
59006 224 
59017 44 
59019 196 
59058 179 
59187 80 
59330 192 
59698 44 
59938 227 
59980 29 
60070 116 
60405 120 
60562 339 
60710 4 
60828 0 
60898 9993 
60910 20 
60914 1343 
60952 2092 
60957 84 
60990 873 
61019 717 
61082 241964 
61093 213 
61099 105 
61099 17 
61102 1032 
61104 244 
61104 183 
61106 96 
61109 65 
61122 95 
61124 105 
61126 142 
61130 31 
61130 300 
61131 443 
61133 18 
61136 10 
61140 113 
61143 60 
61146 22 
61146 107 
61148 97 
61148 187 
61149 43 
61152 105 
61155 46 
61160 98 
61164 35 
61164 172 
61169 3 
61175 102 
61202 137 
61211 85 
61214 319 
61221 26 
61223 189 
61224 121 
61241 531 
61255 113 
61258 91 
61263 113 
61272 109 
61279 60 
61315 58 
61318 91 
61319 1111 
61321 80 
61334 27 
61346 61 
61350 91 
61352 173 
61373 34 
61379 134 
61394 40 
61410 396 
61422 130 
61423 66 
61424 106 
61424 102 
61432 34 
61441 73 
61444 71 
61445 22 
61446 93 
61452 54 
61458 107 
61465 137 
61480 44 
61499 69 
61533 160 
61536 35 
61549 75 
61560 1288 
61563 139 
61575 102 
61607 40 
61642 27 
61651 146 
61657 36 
61674 90 
61692 79 
61705 117 
61714 67 
61715 90 
61756 13 
61805 370 
61810 59 
61835 7 
61839 5 
61859 39 
61962 33 
61976 95 
62028 56 
62030 25 
62041 28 
62103 121 
62142 19 
62147 15 
62162 64 
62364 78 
62501 5 
62520 174526 
62539 1747 
62540 65 
62541 31 
62550 28 
62559 121 
62566 188 
62568 201 
62571 48 
62574 112 
62574 48 
62575 101 
62579 251 
62580 344 
62584 193 
62587 182 
62599 447 
62601 109 
62603 68 
62603 93 
62605 106 
62622 247 
62623 103 
62641 279 
62647 58 
62649 27 
62657 75 
62657 218 
62659 20 
62671 152 
62676 46 
62678 24 
62685 136 
62717 33 
62730 72 
62737 471 
62752 49 
62821 126 
62848 36 
62849 90 
62879 54 
62894 16 
62904 137 
62927 79 
62932 33 
62958 57 
62972 216 
62998 61 
63015 73 
63031 48 
63063 35 
63111 135 
63120 60 
63143 28 
63199 1093 
63223 510 
63246 56 
63271 193 
63498 17 
63519 146 
63552 37 
63661 55 
63706 28 
63910 44 
63962 150 
64037 48 
64039 105 
64277 201 
64295 199 
64377 29 
64391 973 
64496 237 
64573 781 
64644 195 
64645 10 
65182 173 
65367 17 
65376 77 
65391 84 
65851 4 
65891 169 
65946 132 
66039 40 
66139 1125 
66470 173 
66483 4 
66710 62 
66823 7 
67355 497 
67575 27 
67603 21 
67694 145 
67871 43 
68221 50 
68907 61 
69005 22 
69054 39 
69305 43 
71774 109 
71804 97 
71992 80 
72178 50 
72416 316 
72432 845 
73009 676 
73024 122 
73085 1188 
73207 199 
73293 190 
73293 190 
73429 254 
73464 91 
73469 166 
73565 40 
73570 462 
73640 23 
73844 398 
73900 1588 
73902 66 
73916 54 
73951 153 
74152 1 
74441 37 
74571 84 
74683 139 
75110 47 
75122 91 
75127 220 
75127 735 
75130 73 
75135 695 
75135 333 
75136 188 
75136 112 
75136 106 
75139 229 
75140 127 
75142 325 
75144 282 
75145 182 
75146 1025 
75151 412 
75154 323 
75159 106 
75160 202 
75163 298 
75164 202 
75165 712 
75165 268 
75166 337 
75168 118 
75168 115 
75170 463 
75171 127 
75174 635 
75175 124 
75177 580 
75179 91 
75179 333 
75179 72 
75180 69 
75183 118 
75183 328 
75185 40 
75186 175 
75187 63 
75188 331 
75188 50 
75193 42 
75196 104 
75197 48 
75198 195 
75199 519 
75199 21 
75205 256 
75205 1342 
75210 182 
75211 56 
75213 95 
75215 71 
75217 72 
75218 20 
75219 738 
75222 54 
75222 39 
75225 179 
75226 119 
75227 171 
75234 70 
75235 679 
75240 23 
75243 93 
75250 158 
75250 168 
75252 484 
75267 229 
75270 247 
75278 116 
75279 74 
75284 203 
75286 1119 
75306 126 
75307 73 
75311 34 
75317 207 
75320 232 
75329 176 
75333 169 
75343 166 
75347 107 
75349 479 
75354 317 
75355 166 
75359 230 
75360 84 
75382 127 
75421 161 
75448 108 
75449 232 
75450 190 
75453 210 
75454 35 
75492 181 
75494 162 
75504 184 
75505 72 
75506 169 
75509 125 
75516 342 
75528 279 
75531 263 
75541 921 
75548 993 
75570 83 
75585 325 
75591 149 
75592 175 
75605 225 
75629 144 
75637 48 
75645 17 
75684 2183 
75693 254 
75744 64 
75758 45 
75767 94 
75796 256 
75807 159 
75811 32 
75859 313 
75902 420 
75975 243 
76016 36 
76043 419 
76079 49 
76103 33 
76141 100 
76255 90 
76263 41 
76351 404 
76666 405 
76673 35 
76835 112 
76839 119 
76919 138 
76936 35 
76964 61 
76979 49 
76989 70 
77001 15 
77082 96 
77142 28 
77216 37 
77217 30 
77249 107 
77384 14 
77395 132 
77403 23 
77449 188 
77531 13 
77637 397 
77724 14 
77953 10 
78014 4 
78042 59 
78231 12 
78806 16 
78889 7 
78911 27 
79545 45 
79588 8 
79601 1588 
79721 13 
79737 24 
79967 106 
80032 336 
80091 149 
80543 11 
80647 39 
80733 24 
80834 41 
80898 204 
80976 64 
81180 25 
81405 47 
81725 126 
81791 23 
81906 24 
82221 172 
82258 5 
82590 57 
82804 98 
82962 90 
83163 38 
83284 1031 
83284 27 
83302 39 
83355 37 
83505 8 
83633 1 
83671 80 
83694 42 
83695 7 
83774 27 
83851 121 
84060 24 
84063 688 
84064 1200 
84114 90 
84138 126 
84152 17 
84166 0 
84247 118 
84384 40 
84703 28 
84769 41 
84784 88 
84861 484 
84953 85676 
84963 82 
84975 217 
84981 115 
84993 44 
84993 410 
84998 624 
85002 82 
85002 179 
85003 322 
85046 79 
85046 251 
85054 709 
85063 210 
85070 747 
85108 143 
85118 548 
85142 277 
85163 209 
85183 258 
85188 36 
85189 81 
85238 177 
85243 61 
85249 270 
85276 440 
85279 32 
85325 390 
85330 159 
85349 111 
85485 168 
85585 51 
85698 85 
85756 841 
85784 207 
85854 75 
85873 503 
85903 70 
85964 32 
86005 49 
86112 37 
86577 35 
86660 96 
86901 647 
87246 28 
87286 1913 
87570 4 
87573 187 
87633 295 
87918 41 
88022 40 
88035 77 
88096 15 
88116 18 
88123 135 
88315 97 
88357 38 
88374 34 
88467 168 
88656 7 
88740 1 
88774 26 
88955 67 
88982 42 
89111 195 
89177 36 
89245 120 
89416 20 
89837 24 
89895 17 
89926 44 
90043 123 
90066 13 
90087 34 
90180 240 
90229 40 
90908 14 
91526 43 
91567 131 
91775 39 
91975 48 
92307 264 
92387 21 
92519 19 
92789 77 
93491 99 
93920 1 
94066 207 
94280 74 
94290 83 
94377 18 
95332 871 
95351 776 
95604 7 
96060 181 
96507 126 
97507 93 
97707 222 
97843 1007 
98296 302 
98550 203 
98836 107 
99490 72 
99616 223 
100334 13 
100396 156 
100704 55 
100729 34 
101007 30 
101052 12 
102058 332 
102189 34 
102447 505 
102531 35 
103475 72 
103575 65 
103822 19 
104144 13 
104532 13 
105211 629 
106232 3 
106716 865 
106767 84 
107235 88 
108135 7 
108714 17 
108715 308 
108780 564 
109571 44 
110375 66 
111018 29 
111140 24 
111964 1703 
113772 24 
113784 16 
114057 158 
115613 4 
116565 20 
116778 17 
121376 6 
121956 87 
121956 87 
124633 9 
125137 7 
125248 3 
125995 357 
126091 237 
126161 1001 
127293 23 
129857 25 
130211 36 
130664 12 
130718 163 
133771 95 
133958 34 
134133 20 
134178 2 
134195 758 
134276 91 
134344 386 
134432 37 
134455 633 
134508 739 
134726 39 
134773 638 
134777 481 
134796 1038 
134865 84 
134867 630 
134960 158 
135084 25 
135117 2035 
135118 787 
135128 194 
135234 192 
135462 604 
135629 184 
135902 112 
135904 311 
135923 36 
136087 123 
136144 4 
136180 562 
136450 780 
136466 62 
136501 90 
136557 109 
136601 110 
136665 52 
137143 31 
137176 2 
137199 46 
137265 617 
137538 61 
137663 3 
138566 50 
138737 415 
139388 159 
140001 2 
140891 126 
140895 560 
140897 110 
140911 121 
141068 122 
141070 308 
141107 29 
141225 145 
141233 92 
141422 79 
141489 376 
141775 692 
142007 83 
142057 47 
142197 8799 
142696 72 
143014 224 
143114 51 
143440 66 
143802 74 
143905 176 
143905 86 
144675 64 
144957 61 
145117 173 
146408 222 
146483 31 
146515 22 
147045 26 
147124 161 
147146 27 
147261 37 
147320 69 
147348 122 
147368 74 
147450 334 
147491 174 
147491 75 
147557 276 
147563 797 
147564 187 
147691 97 
147734 53 
147917 286 
147986 167 
147989 79 
148090 55 
148231 9 
148808 1710 
148845 128 
149288 306 
149480 1224 
149489 81 
149593 27 
149738 47 
149864 140 
149867 161 
150039 248 
150283 71 
150848 320 
151588 477 
152298 3 
152449 18 
152983 8 
153432 71 
153707 8 
153949 178259 
153970 286 
153970 327 
153975 45 
153977 149 
153979 31 
153980 85 
153981 55 
153982 14 
153982 185 
153984 146 
153985 105 
153986 14 
153987 149 
153987 86 
153988 139 
153989 467 
153991 188 
153994 52 
154000 89 
154001 357 
154002 169 
154002 123 
154005 88 
154008 236 
154009 66 
154010 44 
154012 41 
154013 60 
154013 112 
154016 257 
154020 53 
154026 93 
154027 50 
154029 196 
154032 59 
154034 104 
154036 137 
154036 132 
154037 220 
154055 298 
154057 182 
154058 250 
154060 161 
154066 295 
154070 80 
154074 183 
154075 117 
154076 75 
154077 23 
154078 31 
154078 79 
154080 103 
154081 81 
154090 93 
154092 24 
154095 29 
154097 159 
154098 18 
154108 38 
154110 8 
154110 713 
154185 133 
154188 43 
154189 31 
154205 11 
154208 140 
154259 11 
154261 51 
154262 74 
154267 67 
154280 84 
154293 44 
154304 164 
154310 161 
154323 184 
154330 180 
154335 49 
154335 153 
154342 125 
154349 172 
154350 41 
154379 113 
154483 148 
154492 43 
154548 465 
154568 21 
154574 48 
154583 381 
154595 395 
154634 141 
154844 38 
154903 55 
155225 174 
155225 4831 
155265 334 
155283 182 
155299 4110 
155335 1104 
155522 172 
155684 229 
155713 21 
155860 40 
155908 11 
155928 133 
156149 5 
157986 150 
158020 9 
158464 425 
158694 12 
158816 153 
158948 58 
158978 34 
158978 34 
158986 92 
158991 23 
159072 130 
159166 709 
159529 36 
159555 79 
160126 382 
160131 40 
160258 318033 
160269 53 
160270 3165 
160278 886 
160283 390 
160284 24 
160289 72 
160290 60 
160292 64 
160294 82 
160294 80 
160296 20 
160299 24 
160300 388 
160301 146 
160307 106 
160308 882 
160309 296 
160310 55 
160319 75 
160321 44 
160323 37 
160326 84 
160326 178 
160328 322 
160329 307 
160330 48 
160331 573 
160334 24 
160335 462 
160337 60 
160341 47 
160342 286 
160342 121 
160343 47 
160346 56 
160349 157 
160350 237 
160351 63 
160354 133 
160354 89 
160355 114 
160358 1674 
160359 23 
160359 46 
160361 152 
160361 46 
160362 210 
160367 33 
160368 32 
160368 206 
160370 13 
160370 25 
160371 13 
160374 201 
160375 578 
160376 163 
160384 5 
160390 45 
160392 136 
160394 147 
160396 115 
160396 41 
160407 40 
160409 19 
160411 195 
160413 27 
160416 950 
160417 95 
160421 2 
160421 1166 
160422 127 
160423 390 
160424 1378 
160424 10 
160425 56 
160426 99 
160427 128 
160427 22 
160433 241 
160437 188 
160441 505 
160442 266 
160447 49 
160451 286 
160464 299 
160469 46 
160482 202 
160483 71 
160484 19 
160485 68 
160489 58 
160555 155 
160555 144 
160557 70 
160567 65 
160576 158 
160580 102 
160582 6 
160583 470 
160587 29 
160596 25 
160600 20 
160602 53 
160606 64 
160609 56 
160620 70 
160631 54 
160632 91 
160632 148 
160636 134 
160649 39 
160649 73 
160656 1131 
160664 137 
160668 44 
160670 48 
160681 40 
160682 27 
160705 114 
160715 423 
160721 95 
160756 297 
160767 52 
160772 57 
160788 52 
160790 50 
160875 34 
160886 26 
160912 22 
160920 34 
160947 29 
160964 69 
160965 215 
160999 115 
161037 61 
161214 90 
161214 220 
161243 133 
161290 24 
161535 356 
161618 26 
161681 1876 
161794 23 
161811 271 
161903 11 
161974 72 
162011 33 
162111 203 
162116 417 
162126 277 
162143 1101 
162170 18 
162212 57 
162219 57 
162239 47 
162362 130 
162487 40 
162599 10 
162802 72 
162813 81 
162851 2 
162859 272 
162906 744 
163238 3 
163603 8 
163704 36 
163724 294 
163739 12 
163780 749 
163788 156 
163841 5 
163926 103 
164082 8 
164135 17 
164233 13 
164590 116 
164910 21 
164963 100 
165082 59 
165259 54 
165263 88 
165368 38 
165478 67 
165534 181 
166264 14 
166304 61 
166453 77 
166893 229 
166910 143 
167067 48 
167685 23 
167755 68 
169620 91 
169935 503 
170020 4 
170157 118 
170569 73 
170938 634 
171149 52 
171411 3 
171428 96 
171520 159 
171622 47 
171768 31 
171792 2302 
171851 53 
172060 2781 
172079 60 
172099 271 
172231 28 
172446 50 
172552 41 
172700 98 
172706 57 
172984 141 
173058 50 
174122 101 
174184 768 
174325 30 
174567 60 
175624 99 
175738 39 
175765 7 
176016 39 
176781 346 
178422 203 
178500 1583 
178550 11 
178700 305 
178995 11 
179024 87 
179405 57 
179430 16 
179671 36 
180399 3 
181251 505 
181329 81 
182327 36 
183762 113 
186437 50 
186545 26 
187602 8 
187647 53 
188430 6 
188431 293 
188791 69 
188879 47 
189563 87 
190167 8 
190167 28 
190235 32 
190260 29 
192469 47 
194331 41 
194760 437 
194760 437 
198519 13 
199707 14 
200794 187 
205251 18 
209919 12 
209919 12 
217365 166 
217521 61 
218179 6 
222696 127 
222989 11 
225436 122 
225618 132 
225715 31 
225719 158 
225938 14 
226835 497 
226927 60 
228114 203 
228874 215 
229197 81 
229583 281 
230117 21 
231411 93 
231623 19 
231779 69 
232066 75 
232344 45 
232474 22 
232495 50 
232508 313764 
232527 218 
232530 189 
232532 19 
232532 309 
232534 55 
232536 46 
232537 90 
232541 643 
232543 63 
232546 30 
232546 20 
232546 112 
232550 43 
232552 107 
232566 85 
232567 29 
232569 10 
232570 91 
232631 17 
232637 52 
232640 73 
232642 17 
232643 99 
232643 80 
232643 22 
232646 209 
232648 63 
232650 19 
232651 41 
232653 58 
232655 60 
232656 234 
232657 130 
232665 361 
232665 138 
232666 55 
232666 38 
232673 93 
232674 84 
232681 43 
232682 69 
232686 80 
232686 165 
232691 25 
232692 36 
232693 92 
232693 5 
232695 12 
232700 51 
232701 154 
232702 34 
232704 29 
232714 46 
232715 79 
232720 51 
232721 17 
232728 85 
232735 7 
232750 1 
232752 29 
232757 3 
232771 725 
232777 68 
232780 1 
232788 18 
232813 131 
232818 58 
232820 55 
232837 92 
232857 493 
232887 36 
232890 200 
232893 22 
232904 49 
232916 464 
232930 96 
232943 126 
232960 182 
233098 24 
233106 65 
233112 166 
233134 79 
233154 26 
233185 49 
233259 56 
233429 34 
233462 57 
233516 2 
233541 215 
233545 209 
233572 1 
233592 19 
233666 11 
233835 29 
233879 21 
234102 1372 
234200 45 
234242 29 
234342 150 
234586 120 
234870 64 
234943 166 
235020 32 
235144 12 
235563 3 
235692 12 
236188 14 
236779 96 
237573 20 
238403 15 
238637 3 
238721 28 
239912 348 
240088 18 
241259 54 
241393 47 
241674 76 
241734 39 
242309 134 
242353 150 
242610 348 
242747 33 
242878 3 
243188 37 
243412 15 
243934 301 
245321 99 
245654 129 
245942 85 
247459 25 
247635 4 
248082 221 
248356 437 
249199 9 
249375 17 
249430 19 
249511 241 
250246 746 
250344 211 
250465 211 
250484 22 
250520 10 
250562 99 
250569 52 
250578 4 
250609 80 
250683 942 
250700 70 
250722 55 
250871 240 
250993 71 
251054 80 
251347 53 
251392 89 
251547 59 
251969 56 
252362 201 
253478 10 
254069 487 
254379 429 
254704 270 
254726 137 
254824 50 
254969 43 
255747 585 
256031 45 
256288 3 
256779 91 
256858 143 
257380 203 
257653 4 
257656 21 
260874 330 
262400 2954 
263247 49 
263498 63 
263616 24 
263628 76 
263753 103 
264368 15 
264470 17 
264849 13 
266872 623 
267171 1052 
267371 134 
268483 71 
269004 87 
269020 108 
269301 19 
269471 228 
269527 39 
269748 229 
270632 65 
271920 16 
272572 261 
272896 68 
272914 99 
273785 81 
273915 3 
275339 41 
275369 56 
275864 69 
275982 2 
276767 42 
277264 6 
278057 31 
280599 34 
285606 90 
287647 29 
288974 825 
294461 212 
295428 11 
297567 11 
299497 40 
300477 305 
300494 96 
302227 18 
305703 110 
305980 236 
306063 30 
306132 48 
306178 23 
306610 89 
306853 16 
307062 6 
307063 74 
307720 23 
307849 387 
310155 67 
310222 48 
310951 22 
311070 17 
311424 27 
311564 68 
313485 28 
313632 33 
313674 69 
314011 258 
314029 9 
314521 316 
314970 1132 
315072 52 
315152 34 
315294 40 
315395 29 
315490 1 
315608 124 
315810 82 
316724 410 
317623 42 
318111 542 
318187 102 
318305 15 
318403 23 
318421 82 
318463 26 
318486 17 
318907 32 
319174 55 
319281 21 
319353 165 
319457 40 
319863 54 
320110 83 
320250 71 
320805 3 
321028 32 
321245 360 
321273 29 
321281 224 
321528 195 
321558 266 
321703 265 
321839 14 
321867 65 
322440 643 
322584 220 
322854 1715 
322870 8 
323087 478 
323143 44 
323384 41 
323678 150 
323685 9 
323748 18 
323804 62 
323875 13 
323897 80 
324074 66 
324295 41 
324626 150 
325145 280 
325191 5 
325486 25 
325513 33 
325661 26 
325664 46 
326025 138 
326111 39 
327626 6 
327734 59 
327982 40 
328047 130 
328376 6 
328682 65 
329264 31 
329530 13 
330210 129 
330487 61 
330698 62 
330721 120 
330761 57 
330780 37 
330797 442 
330841 154 
331049 580 
331254 102 
332024 356 
332241 1716 
332305 130 
332321 55 
332372 9 
333020 51 
333300 23 
333338 121 
333340 404 
333851 178 
333896 37 
333962 648 
334045 570 
335402 23 
335480 35 
335509 122 
335761 22 
336179 448 
336189 116 
336399 217 
336492 3037 
338105 18 
338253 19 
338284 32 
339310 34 
339442 33 
339961 4 
341060 35 
341485 49 
341675 9 
341685 8 
341925 198 
342148 87 
342813 75 
343199 186 
343350 42 
343395 36 
343710 25 
344146 20 
344617 74 
345077 203 
345123 757 
345128 222 
345144 177 
345193 106 
345272 13 
345345 82 
345359 101 
345423 81 
345497 210 
345500 196 
345919 354 
345937 58 
345945 48 
346147 1 
347893 22 
347947 100 
348271 2 
349343 313 
349370 73 
349371 40 
349493 30 
349616 23 
349994 63 
350613 92 
351390 10 
351491 13 
351703 126 
351760 49 
352311 94 
352832 7 
353180 17 
353333 37 
353354 36 
353436 49 
353685 34 
353788 187 
354083 54 
354616 64 
354794 172 
354852 36 
355408 125 
355576 17 
355614 22 
355733 8 
356036 0 
356504 19 
356640 43 
357526 31 
357546 8 
357596 198 
357690 83 
358173 98 
358323 88 
359306 9 
360004 340 
360034 159 
360142 94 
360244 110 
360389 23 
360823 82 
361827 2 
362443 49 
362521 1 
365976 286 
373762 273 
374146 42 
374337 68 
377250 35 
383697 25 
385530 11 
388075 448 
388961 278 
389510 823 
390812 218 
394233 331 
395285 9 
396063 12 
396446 13 
396597 36 
397353 152 
398828 1 
402861 16 
403195 34 
403349 87 
403438 69 
403583 284 
403847 60 
404877 43 
405600 161 
405757 28 
406714 633 
407748 248 
408294 175 
408494 174 
408599 698 
408717 7 
408899 315 
408913 36 
409342 73 
409555 53 
409687 85 
409895 183 
409933 79 
410324 185 
410781 447 
410899 442 
410935 23 
412220 98 
412400 105 
413166 47 
414483 1364 
414597 159 
414788 11 
414984 121 
415264 54 
416786 20 
418654 2253 
419220 100 
419284 74 
419913 137 
420521 145 
421686 138 
421737 125 
422468 16 
422485 134 
422912 7 
423297 375 
423347 2789 
423366 594 
423613 454 
423626 160 
423951 81 
424335 114 
424349 47 
424385 39 
424512 208 
424849 138 
425233 129 
425727 410 
425788 261 
426282 123 
426479 3 
426544 39 
426706 96 
426770 81 
426818 74 
426948 94 
426988 40 
427568 89 
428508 197 
430804 57 
431107 4 
431503 60 
432833 332 
434119 110 
436033 57 
438710 187 
440054 289 
440492 59 
441408 29 
442548 8 
442997 44 
443258 71 
444763 45 
444879 45 
445744 93 
446082 178 
449982 15 
449982 15 
451302 293 
456956 96 
457389 46 
469873 21 
473416 63 
474569 86 
474632 76 
479585 143 
480488 148 
481193 99 
481589 184 
482671 89 
484861 196 
486425 41 
486566 64 
487516 100 
487521 81 
487596 46 
487909 59 
487961 277 
489289 0 
489294 247 
489305 69 
489799 455 
489939 39 
490063 117 
491221 175 
491313 6 
491374 106 
491395 20 
491711 78 
491863 17 
492015 9 
492122 142 
492241 166 
492353 57 
494402 257 
496392 34 
498516 29 
498574 170 
499635 27 
500677 20 
500852 31 
500984 770 
501044 358 
501120 73 
501172 39 
502135 46 
503017 133 
503226 44 
503913 27 
504750 29 
504782 83 
504926 35 
504962 189 
505061 128 
505468 79 
505736 4 
505908 24 
506003 94 
506007 74 
506070 156 
506215 1083 
506520 48 
506910 6 
507060 185 
507305 107 
507408 71 
507554 477 
507586 115 
508088 673 
508185 110 
508650 51 
508691 118 
508712 37 
508780 47 
509227 67 
509707 8 
511171 28 
511494 44 
512860 50 
513007 25 
513194 7 
513400 14 
513981 349 
514298 32 
514777 40 
514813 47 
515223 341 
516300 19 
516525 28 
516595 469 
517149 80 
517630 335 
517639 419 
518494 737 
518500 459 
518719 379 
519426 12 
522147 13 
522459 81 
522640 192 
523384 87 
523823 610 
524023 5 
524790 38 
524884 188 
525031 28 
525075 80 
525123 87 
525503 4995 
525709 105 
526010 671 
526035 4 
526055 144 
526056 601 
526506 167 
526592 27 
526619 41 
526708 36 
526848 16 
527053 7 
527766 73 
527871 140 
527878 66 
528090 36 
528183 109 
528193 10 
528362 87 
528408 107 
528686 78 
529027 15 
530478 82 
530514 4550 
530541 1053 
530544 1728 
530555 357 
530951 660 
531452 187 
531460 46 
531827 3 
533982 127 
540947 102 
549556 105 
556746 1476 
564995 191 
565756 64 
565779 209 
565991 169 
567539 942 
567845 17 
568168 149 
568260 552 
569215 306 
569215 140 
569522 103 
569580 163 
569868 164 
569978 1002 
570605 1526 
570647 251 
570806 61 
576404 337 
576459 82 
576551 111 
576847 60 
577123 102 
577846 12 
577905 89 
578529 5 
579222 55 
580296 83 
580760 26 
581316 29 
581684 12 
582761 718 
583009 69 
584638 66 
585716 64 
585947 405 
586582 52 
588245 13 
588668 276 
590690 748 
595747 13 
595788 70 
596311 9 
596327 33 
598343 35 
598751 149 
599510 120 
601595 32 
602838 18 
603491 87 
603778 67 
604352 73 
