3209 10.935
0 3022097 
8 99 
11 98 
18 4610 
18 557 
19 385 
19 69 
25 203 
82 14 
82 95 
82 8 
82 52 
83 124 
83 137 
83 127 
83 291 
83 1209 
83 95 
84 555 
84 70 
84 281 
84 28 
84 619 
84 5 
84 24 
86 576 
86 190 
87 121 
88 475 
88 799 
89 778 
89 1353 
89 753 
89 201 
89 27 
89 47 
90 873 
90 185 
90 329 
90 33 
90 25 
91 410 
91 80 
92 400 
92 208 
93 157 
93 222 
93 65 
93 593 
94 89 
94 1223 
95 81 
95 98 
96 1 
96 197 
97 12 
97 61 
97 3879 
98 125 
98 36 
98 161 
98 1379 
98 95 
99 486 
100 39 
100 31 
100 220 
100 54 
100 108 
101 11 
101 283 
102 330 
102 2237 
103 187 
103 124 
103 38 
103 50 
104 95 
104 152 
104 169 
105 393 
105 5129 
105 468 
106 83 
106 85 
106 95 
106 533 
106 51 
106 277 
106 349 
107 1334 
107 101 
108 376 
108 111 
108 80 
109 112 
109 429 
110 136 
110 7 
110 93 
110 5006 
110 616 
110 162 
111 1140 
111 422 
111 49 
112 695 
113 2320 
113 40 
114 40 
114 114 
114 3 
114 3 
114 51 
114 211 
114 2 
114 195 
115 130 
115 162 
115 119 
116 0 
116 273 
116 159 
116 195 
116 31 
116 269 
117 360 
117 174 
117 2330 
117 239 
118 59 
118 1219 
119 903 
119 394 
119 154 
120 184 
120 55 
120 77 
121 464 
121 648 
122 127 
122 142 
122 140 
122 120 
123 277 
123 425 
123 112 
124 132 
124 37 
124 984 
124 863 
124 103 
124 43 
125 357 
125 104 
125 171 
125 474 
125 35 
126 218 
126 80 
127 249 
129 300 
129 79 
130 205 
130 243 
130 128 
131 37 
131 226 
131 152 
131 30 
131 789 
132 1344 
134 36 
134 121 
135 370 
136 65 
137 55 
137 140 
137 12132 
138 21 
139 307 
139 134 
139 23 
140 3 
141 163 
141 63 
141 783 
142 343 
143 135 
144 294 
144 857 
145 144 
145 552 
145 197 
145 218 
146 165 
146 241 
148 1010 
149 57 
150 492 
152 47 
153 68 
153 36 
153 1181 
155 187 
155 5 
155 129 
156 7 
156 32 
157 31 
157 256 
157 96 
158 20 
158 350 
158 586 
158 142 
159 243 
159 399 
159 224 
160 56 
160 29 
160 760 
160 0 
161 169 
162 36 
162 77 
163 259 
163 66 
163 1 
164 539 
164 550 
164 430 
165 31 
165 91 
165 23 
166 326 
167 44 
167 858 
168 66 
168 1619 
168 152 
170 932 
170 94 
170 1807 
171 39 
171 1818 
171 124 
171 217 
173 53 
173 78 
173 33 
173 1461 
174 98 
174 68 
175 222 
176 33 
176 28 
176 11 
176 119 
176 2656 
177 209 
179 0 
179 140 
180 142 
180 366 
181 18 
182 33 
182 41 
183 580 
183 436 
184 49 
185 162 
185 227 
185 146 
185 62 
187 1345 
187 98 
189 97 
190 79 
190 227 
190 16 
191 700 
191 243 
192 140 
193 167 
193 44 
195 38 
195 410 
195 115 
195 415 
195 134 
197 175 
198 5501 
198 1784 
198 233 
198 507 
199 78 
199 54 
199 44 
201 16 
201 22 
201 1232 
202 195 
203 363 
203 224 
203 348 
203 225 
203 410 
205 71 
205 2916 
206 582 
206 170 
207 221 
207 1005 
207 27 
207 759 
209 116 
209 200 
210 38 
210 332 
211 213 
212 347 
213 377 
214 107 
215 420 
215 141 
215 20 
215 81 
217 106 
217 1959 
217 225 
217 42 
218 564 
218 4 
218 651 
218 382 
220 96 
220 160 
221 84 
221 2 
222 188 
222 1792 
224 41 
225 653 
226 591 
226 41 
226 27 
227 2 
228 31 
230 1039 
231 155 
231 110 
231 88 
233 3264 
234 236 
234 67 
234 1239 
234 141 
234 41 
236 42 
236 13 
238 49 
239 256 
239 811 
241 124 
241 130 
241 55 
243 112 
244 501 
245 385 
245 303 
246 139 
247 277 
247 844 
248 46 
248 254 
305 969 
307 38 
307 96 
309 42 
309 457 
310 762 
311 228 
312 88 
313 38 
314 113 
315 153 
315 478 
322 1674 
323 102 
323 13 
327 144 
330 132 
332 1 
332 10 
332 644 
333 2961 
333 459 
334 86 
336 115 
336 5199 
340 1271 
340 23 
341 147 
342 82 
346 162 
347 35 
350 23 
351 42 
351 607 
352 61 
354 380 
355 20 
355 35 
356 547 
356 1485 
359 0 
360 123 
360 56 
368 103 
368 171 
371 240 
372 1870 
373 2 
374 338 
374 2 
375 18 
383 11 
389 86 
389 668 
390 37 
390 834 
391 905 
392 31 
393 92 
396 671 
396 1595 
396 104 
398 216 
398 123 
398 2 
399 658 
399 166 
400 173 
403 74 
404 313 
408 833 
414 274 
415 154 
417 120 
418 0 
422 57 
422 522 
426 127 
426 641 
427 56 
427 153 
428 101 
429 33 
431 225 
432 1623 
432 8 
433 235 
438 871 
439 160 
441 662 
444 67 
446 166 
447 71 
447 1016 
449 71 
450 564 
450 655 
453 298 
454 20 
454 290 
455 1012 
457 39 
457 229 
458 185 
464 26 
465 25 
466 127 
470 3193 
471 585 
472 122 
472 80 
532 78 
534 105 
536 23 
537 2855 
539 34 
541 289 
551 2129 
556 737 
557 208 
558 149 
560 0 
560 133 
561 489 
565 311 
576 103 
576 265 
581 171 
581 156 
586 205 
587 1658 
587 75 
597 201 
601 343 
604 79 
605 59 
606 1352 
608 6 
610 154 
613 219 
615 178 
625 180 
625 361 
626 139 
631 242 
631 233 
633 305 
633 1145 
634 938 
637 1403 
639 160 
640 1594 
640 90 
644 1353 
648 1159 
648 64 
651 94 
653 1184 
654 53 
657 192 
659 476 
667 1139 
670 519 
670 45 
676 413 
684 62 
691 1959 
691 598 
755 148 
756 115 
759 1390 
759 1231 
761 125 
766 104 
768 184 
770 1462 
770 882 
771 609 
775 0 
776 39 
779 299 
785 686 
791 225 
792 21 
793 3196 
798 846 
800 385 
800 126 
801 186 
802 23 
802 2251 
803 2070 
808 664 
808 362 
812 2794 
815 1596 
818 147 
818 237 
823 0 
824 1117 
826 1561 
828 94 
838 406 
840 294 
843 1587 
845 151 
846 258 
850 105 
855 1872 
857 173 
862 1260 
862 57 
867 327 
870 1907 
871 254 
874 4459 
882 27 
883 214 
887 41 
887 1164 
887 538 
888 274 
891 506 
954 1698 
957 2216 
960 1200 
965 146 
968 2138 
969 229 
971 479 
973 4 
982 103 
989 55 
1004 786 
1006 756 
1007 65 
1007 248 
1008 98 
1008 950 
1015 516 
1016 254 
1028 340 
1030 128 
1040 749 
1061 79 
1063 1092 
1063 98 
1064 560 
1065 243 
1066 171 
1069 301 
1080 94 
1083 101 
1084 150 
1088 122 
1099 105 
1164 98 
1179 1659 
1188 146 
1190 237 
1190 18 
1201 39 
1202 3880 
1205 144 
1212 83 
1221 1142 
1226 1189 
1226 92 
1230 17 
1231 26 
1232 27 
1251 147 
1265 220 
1267 61 
1289 168 
1299 17 
1299 652 
1302 203 
1305 977 
1380 333 
1381 1035 
1392 157 
1399 7 
1404 2 
1415 174 
1415 46 
1419 510 
1420 50 
1421 35 
1423 81 
1425 40 
1434 106 
1447 1163 
1450 14 
1452 472 
1453 802 
1455 35 
1466 80 
1473 126 
1474 12 
1482 89 
1482 23 
1483 142 
1489 1248 
1492 9 
1494 10 
1495 1134 
1500 54 
1502 119 
1502 139 
1517 93 
1578 121 
1585 4957 
1599 50 
1605 90 
1610 21 
1617 251 
1622 310 
1623 170 
1623 70 
1636 168 
1640 365 
1640 16 
1642 1375 
1649 130 
1654 861 
1657 40 
1662 330 
1665 22 
1670 21 
1671 120 
1671 416 
1672 170 
1674 17 
1676 817 
1682 202 
1683 47 
1684 27 
1684 174 
1695 528 
1699 95 
1699 1661 
1721 577 
1779 15 
1785 304 
1789 64 
1790 1326 
1798 340 
1806 26 
1809 119 
1812 119 
1816 3200 
1817 155 
1817 1126 
1829 17 
1831 376 
1837 69 
1837 647 
1848 117 
1853 1717 
1856 570 
1859 4712 
1870 175 
1872 101 
1875 3658 
1879 4 
1881 1738 
1884 11 
1902 1112 
1916 158 
1923 745 
1925 255 
1927 632 
1986 117 
1989 225 
1993 12 
1994 353 
2014 1544 
2014 397 
2044 62 
2051 547 
2059 71 
2072 865 
2086 699 
2092 180 
2093 9 
2100 346 
2110 269 
2114 210 
2167 121 
2171 1221 
2183 334 
2186 361 
2210 150 
2214 247 
2230 4 
2243 76 
2264 671 
2268 23 
2272 130 
2278 1075 
2295 105 
2304 10 
2309 7 
2368 1069 
2379 12160 
2396 30 
2401 17 
2405 131 
2424 10224 
2424 8025 
2425 41 
2429 301 
2437 1614 
2443 2895 
2443 34010 
2449 99 
2451 88 
2452 152 
2469 1554 
2480 515 
2484 877 
2486 95 
2490 96 
2559 108 
2574 27 
2588 0 
2611 118 
2614 183 
2621 136 
2625 729 
2625 112 
2627 93 
2651 347 
2654 121 
2654 31 
2657 2562 
2658 2105 
2665 636 
2681 1444 
2752 106 
2755 228 
2773 606 
2776 2247 
2786 331 
2795 71 
2801 303 
2808 169 
2817 1860 
2838 579 
2902 0 
2907 4569 
2920 827 
2935 9 
2947 1105 
2956 3624 
2960 169 
2976 54 
2983 959 
2985 51 
2995 52 
2997 3190 
3003 90 
3010 4 
3073 2915 
3074 3401 
3077 579 
3104 272 
3119 162 
3129 70 
3132 575 
3132 215 
3136 665 
3176 224 
3178 210 
3183 3 
3258 0 
3261 2023 
3262 245 
3268 4675 
3272 86 
3273 4725 
3288 1875 
3292 1351 
3314 544 
3318 16 
3324 1673 
3334 1240 
3339 32 
3345 21590 
3348 1090 
3404 48 
3456 233 
3464 1109 
3469 26 
3469 779 
3470 1960 
3484 236 
3485 51 
3514 104 
3610 484 
3619 1663 
3621 59 
3636 3604 
3636 132 
3644 23 
3665 5065 
3673 97 
3673 1155 
3675 82 
3682 19 
3694 1 
3696 30 
3701 1270 
3706 1106 
3706 38 
3721 4294 
3733 9659 
3740 14 
3748 136 
3749 1186 
3756 184 
3818 134 
3835 2022 
3864 41 
3870 114 
3875 174 
3879 48 
3892 767 
3893 19 
3911 265 
3932 783 
3934 150 
3999 312 
4024 1516 
4029 87 
4036 1003 
4051 7 
4074 2465 
4185 78 
4190 808 
4196 1389 
4241 151 
4267 1 
4293 1662 
4298 147 
4310 2796 
4318 380 
4318 213 
4339 1758 
4398 118 
4409 177 
4410 271 
4420 3 
4432 1279 
4438 188 
4445 343 
4449 105 
4450 308 
4453 769 
4481 43 
4481 26 
4510 1950 
4525 41 
4533 106 
4542 1246 
4545 8 
4602 528 
4620 320 
4634 2573 
4635 648 
4642 2087 
4648 36 
4661 453 
4689 28 
4698 97 
4709 116 
4715 839 
4720 90 
4730 136 
4736 1539 
4794 70 
4811 7850 
4812 49 
4814 578 
4814 1468 
4830 457 
4837 241 
4839 1048 
4842 535 
4856 27 
4878 5 
4902 311 
4916 78 
4918 689 
4953 413 
5022 15 
5039 14 
5050 277 
5051 0 
5051 9 
5057 1719 
5061 9 
5061 3067 
5063 145 
5067 13 
5069 671 
5071 9 
5073 9 
5079 53 
5084 446 
5107 6602 
5114 38 
5121 2872 
5122 1124 
5126 159 
5131 174 
5139 91 
5148 1367 
5155 70 
5169 2339 
5233 3020 
5240 177 
5240 405 
5243 1469 
5253 612 
5254 1815 
5272 222 
5274 1251 
5280 5321 
5282 1058 
5284 225 
5294 227 
5296 877 
5319 317 
5327 1200 
5337 1031 
5340 22 
5353 22 
5358 4 
5421 484 
5440 101 
5446 2038 
5449 829 
5463 949 
5477 1407 
5482 1600 
5487 40 
5494 152 
5497 15 
5499 346 
5499 1859 
5515 1973 
5523 6559 
5539 704 
5547 399 
5548 44 
5558 2266 
5558 69 
5559 2042 
5563 2852 
5658 949 
5658 552 
5666 153 
5687 67 
5692 4 
5710 177 
5726 141 
5813 2130 
5824 952 
5835 1503 
5838 419 
5838 461 
5856 186 
5873 831 
5899 782 
5912 2391 
5978 634 
5988 2749 
5999 1676 
5999 2726 
6027 26 
6033 5014 
6044 274 
6070 3358 
6073 175 
6075 71 
6090 120 
6166 576 
6200 407 
6201 149 
6212 1051 
6214 329 
6216 4074 
6242 170 
6249 403 
6268 91 
6283 1944 
6382 933 
6419 151 
6444 714 
6447 548 
6501 803 
6521 1053 
6547 234 
6559 208 
6563 160 
6566 243 
6567 1136 
6582 422 
6607 586 
6709 105 
6765 4146 
6783 1594 
6792 880 
6926 174 
6947 500 
6958 510 
6961 3400 
6965 216 
6978 325 
6981 4376 
6981 2301 
6990 514 
7004 764 
7057 706 
7060 201 
7060 2260 
7060 567 
7061 50 
7074 47 
7080 1010 
7092 313 
7093 75 
7097 10249 
7144 256 
7156 88 
7165 4905 
7171 97 
7172 512 
7180 38 
7182 1309 
7189 135 
7197 1604 
7254 13 
7271 210 
7310 4519 
7335 29 
7352 1254 
7375 877 
7396 473 
7457 280 
7494 813 
7524 0 
7529 21770 
7546 131 
7628 245 
7661 331 
7662 11 
7663 771 
7667 106 
7733 124 
7742 1395 
7756 802 
7858 848 
7867 134139 
7871 2571 
7887 1130 
7896 214 
7899 785 
7899 76 
7905 2 
7916 144 
7986 541 
7996 813 
7998 1074 
8014 273 
8028 179 
8060 1428 
8165 59 
8182 661 
8188 242 
8239 404 
8339 114 
8349 268 
8352 939 
8380 25 
8382 2422 
8403 158 
8428 76 
8429 1055 
8503 10 
8529 2 
8547 613 
8569 69 
8582 592 
8602 1854 
8663 595 
8669 63 
8676 1456 
8689 132 
8724 74 
8726 22281 
8728 9 
8734 228 
8737 817 
8740 849 
8757 1047 
8773 1250 
8838 490 
8843 291 
8883 879 
9019 44 
9024 83 
9040 1425 
9069 1019 
9078 1862 
9086 2547 
9092 3814 
9113 581 
9136 1937 
9142 38 
9144 235 
9222 351 
9223 1236 
9259 1283 
9261 2 
9261 354 
9378 0 
9401 800 
9406 113 
9415 215 
9435 535 
9435 78 
9438 145 
9452 816 
9469 56 
9535 850 
9557 1125 
9596 864 
9646 475 
9711 952 
9764 353 
9778 44 
9782 246 
9784 398 
9797 113 
9828 412 
9960 447 
10007 31 
10093 23 
10094 1219 
10099 833 
10105 967 
10105 1502 
10133 176 
10247 1269 
10261 470 
10299 281 
10301 334 
10397 325 
10424 235 
10444 1995 
10457 89 
10557 40 
10561 2 
10564 1045 
10579 1480 
10606 2 
10618 384 
10790 2577 
10821 467 
10899 123 
10923 1098 
10977 6 
11013 1051 
11092 626 
11097 289 
11109 568 
11109 568 
11118 237 
11155 71 
11159 553 
11200 1353 
11201 197 
11205 2538 
11302 13 
11308 10 
11309 1182 
11311 97 
11354 754 
11383 900 
11459 1140 
11459 30 
11459 1539 
11470 107 
11485 682 
11496 128 
11499 99 
11533 510 
11568 180 
11573 53 
11642 504 
11673 1708 
11678 103 
11687 138 
11697 4890 
11712 307 
11718 1852 
11756 115 
11854 143 
11859 1725 
11898 204 
11898 1375 
11909 211 
11938 62 
12083 1608 
12091 1631 
12203 706 
12223 359 
12229 167 
12232 166 
12246 794 
12259 86 
12262 677 
12264 3 
12277 1303 
12409 1175 
12413 1369 
12445 1969 
12532 1478 
12535 3 
12547 461 
12553 2351 
12583 2085 
12584 294 
12586 600 
12596 70 
12597 1722 
12613 680 
12622 79 
12643 1225 
12678 5198 
12761 1036 
12772 367 
12774 229 
12834 39 
12904 641 
12910 2083 
12935 2 
12941 17433 
12941 949 
12942 485 
12962 344 
12965 1608 
12988 643 
12991 98 
12994 255 
13023 3116 
13090 157 
13127 1296 
13147 1475 
13175 916 
13293 15 
13301 155 
13334 708 
13366 506 
13367 57 
13389 265 
13450 1429 
13458 132 
13459 75 
13460 183 
13493 162 
13502 81 
13504 31 
13505 115 
13527 269 
13541 1015 
13646 38 
13877 434 
13881 133 
13903 384 
13943 189 
13948 94 
14046 1467 
14158 551 
14281 1146 
14441 27 
14446 9128 
14450 106 
14493 18 
14547 16 
14549 1242 
14576 93 
14582 4200 
14764 83 
14903 4 
14971 1070 
15032 188 
15041 0 
15047 69 
15057 6711 
15171 18 
15298 191 
15302 773 
15304 123 
15399 862 
15408 787 
15480 52 
15533 10637 
15545 3203 
15560 299 
15560 1308 
15647 3814 
15658 893 
15672 162 
15675 933 
15693 1856 
15708 649 
15742 649 
15785 83 
15788 292 
15800 1617 
15805 2435 
15809 4314 
15818 265 
15843 369 
15913 489 
15935 6449 
16011 582 
16050 1915 
16078 1028 
16112 168 
16138 135 
16214 1756 
16411 33 
16659 451 
16676 24268 
16700 218 
16712 497 
16783 91 
16809 167 
16912 369 
16914 815 
16926 628 
16938 702 
16955 160 
16978 2210 
17008 123 
17014 505 
17083 31 
17092 2336 
17118 481 
17133 1841 
17156 1569 
17172 1725 
17196 1685 
17386 1333 
17396 0 
17410 92 
17426 572 
17432 2 
17466 1037 
17740 106 
17753 1619 
17888 62 
17911 16 
17933 213 
17961 241 
17970 940 
17989 7957 
18018 677 
18021 300 
18044 544 
18046 1432 
18069 40 
18110 262 
18120 1935 
18151 26 
18287 4984 
18392 99 
18402 172 
18560 3100 
18575 301 
18597 424 
18789 5328 
18814 542 
18841 702 
18906 12 
18968 242 
18992 45 
19050 237 
19083 562 
19127 565 
19174 12419 
19261 604 
19304 620 
19328 432 
19479 124 
19501 578 
19529 1185 
19580 1249 
19597 300 
19728 1588 
19767 92 
19786 1746 
19880 720 
19961 0 
20084 0 
20092 614 
20097 10 
20112 315 
20123 20 
20251 9362 
20264 11127 
20282 2026 
20378 603 
20422 417 
20503 1647 
20514 80 
20574 543 
20614 2267 
20729 1665 
20938 628 
20941 6 
20962 99 
20975 11 
20978 1660 
20997 202 
21016 822 
21053 413 
21058 1143 
21142 4731 
21184 136 
21406 61 
21456 73 
21539 1173 
21565 1040 
21572 12943 
21613 290 
21614 253 
21721 323 
21771 2612 
21783 120 
21934 3209 
21994 45 
22120 210 
22211 835 
22228 580 
22401 36 
22409 710 
22418 913 
22465 665 
22782 5469 
22849 491 
23018 103 
23070 960 
23209 1326 
23239 149 
23360 4 
23526 268 
23772 1337 
23807 808 
23813 1149 
23874 4 
23953 17 
23980 11 
24020 1405 
24092 748 
24146 68 
24297 207 
24366 8722 
24437 5204 
24492 1157 
24770 519 
24874 34 
24887 211 
24979 1048 
25183 498 
25220 1965 
25230 306 
25250 4 
25272 54 
25291 11427 
25312 11349 
25327 165 
25357 654 
25365 439 
25385 910 
25397 7 
25482 577 
25538 687 
25652 16 
25762 18682 
25766 325 
25876 74 
26019 357 
26035 282 
26044 769 
26045 21070 
26052 3 
26121 0 
26132 137 
26153 1204 
26198 721 
26291 21 
26354 2 
26372 128 
26403 41 
26651 56 
26665 21 
26725 346 
26992 756 
26996 2093 
27254 388 
27387 131 
27449 249 
27465 557 
27517 1117 
27547 1635 
27635 238 
27809 500 
27819 1 
27835 501 
27951 2666 
27961 32 
28091 411 
28275 1782 
28293 1040 
28303 2228 
28369 3 
28440 1730 
28611 4498 
28635 1 
28637 130 
28709 6 
29041 93 
29125 626 
29152 350 
29168 546 
29259 3 
29366 739 
29420 25 
29528 2506 
29564 19 
29602 628 
29664 4058 
29742 857 
29773 514 
29774 397 
29785 8 
29965 3171 
29979 1165 
30001 309 
30200 201 
30396 484 
30427 916 
30505 13 
30542 1400 
30788 2278 
30800 7281 
30846 216 
30879 236 
31083 3132 
31129 1324 
31291 741 
31291 741 
31488 386 
31510 946 
31559 153 
31713 0 
31824 66 
31910 5 
32275 797 
32383 205 
33268 1457 
33473 111 
33503 47 
33506 936 
33525 647 
33537 151 
33542 394 
33759 26 
33849 19 
33982 636 
34035 1412 
34057 5565 
34068 1219 
34200 261 
34212 382 
34223 75 
34468 16 
34849 283 
34934 1204 
34951 53 
34986 4767 
35026 507 
35113 1072 
35161 2953 
35250 7 
35495 50 
35640 1604 
36017 24346 
36078 1864 
36188 511 
36194 1 
36245 1185 
36284 1054 
36288 155 
36349 1856 
36365 1126 
36374 2092 
36625 2187 
36817 4405 
36818 433 
36931 2232 
36966 1086 
36980 3869 
37007 275 
37127 2043 
37180 167 
37202 82 
37238 135 
37315 561 
37411 318 
37759 5 
37912 1154 
37913 618 
37938 333 
38185 95 
38232 5264 
38396 80 
38774 7231 
38790 2146 
38934 10 
39071 73 
39395 521 
39463 1609 
39621 927 
39733 38 
39786 582 
39841 116 
39935 158 
39993 286 
40123 0 
40180 1375 
40207 958 
40225 260 
40268 2182 
40315 2002 
40321 566 
40329 0 
40418 433 
40467 1204 
40474 240 
40492 3795 
40588 4123 
40614 1132 
40710 909 
40793 1 
40884 922 
40886 1807 
40965 133 
41031 1641 
41212 2763 
41276 35 
41440 836 
41568 815 
41728 121 
41763 370 
41794 103 
41823 372 
41840 1859 
41918 187 
42122 6 
42165 2539 
42192 63 
42278 11046 
42299 611 
42329 1002 
42480 456 
42524 235 
42529 1 
42541 122 
42578 789 
42604 1 
42657 714 
42674 252 
42735 565 
42761 1350 
42977 633 
43007 379 
43104 4 
43382 306 
43489 1146 
43605 137 
43787 2 
43789 889 
43811 131 
43864 851 
43937 243 
43938 367 
43961 1409 
44013 113 
44202 12 
44210 1126 
44296 2815 
44380 2337 
44665 1009 
44811 15 
44954 59 
45117 805 
45149 352 
45240 19330 
45311 224 
45391 53 
45422 270 
45758 720 
45762 606 
45855 267 
45888 65 
46073 1123 
46187 275 
46420 678 
46429 174 
46488 1020 
46526 6227 
46589 844 
46612 1010 
46691 56 
46707 553 
46707 973 
46773 74 
46787 1375 
46809 164 
46852 517 
46871 87 
46989 1133 
47308 4 
47388 38 
47388 38 
47569 344 
47602 48 
47629 3014 
47664 861 
47683 1878 
47701 921 
47736 1625 
47762 1028 
47771 95 
47799 138 
47860 931 
47909 2003 
48109 61 
48144 223 
48146 53 
48150 59 
48194 674 
48197 312 
48238 954 
48309 10 
48312 428 
48370 1828 
48507 8109 
48526 334 
48614 132 
48634 50 
48639 2035 
48660 400 
48814 1487 
48906 1325 
48920 1068 
48998 380 
49019 197 
49025 569 
49053 8 
49117 1087 
49121 211 
49170 1336 
49183 3135 
49331 12 
49362 145 
49468 297 
49528 724 
49532 1442 
49549 54 
49558 50 
49623 349 
49639 1517 
49647 619 
49679 462 
49688 588 
49791 662 
49899 172 
50032 1102 
50189 1261 
50208 453 
50316 597 
50333 1617 
50358 573 
50564 1498 
50685 3867 
50693 1265 
50709 216 
50741 395 
50794 365 
50814 162 
50902 703 
50931 1129 
50941 80 
50989 662 
51055 133 
51081 28 
51086 847 
51141 883 
51185 103 
51212 405 
51256 179 
51329 1936 
51334 61 
51391 286 
51415 354 
51418 795 
51536 8 
51743 30 
51810 415 
51817 456 
51874 7718 
51929 2794 
51995 854 
52014 183 
52226 655 
52232 290 
52301 422 
52323 789 
52342 859 
52368 825 
52528 2204 
52710 54 
52753 250 
52779 487 
52805 274 
52893 1273 
52950 531 
53011 148 
53122 17 
53183 230 
53194 181 
53264 212 
53317 235 
53323 152 
53344 1182 
53457 2 
53494 124 
53618 733 
53629 1746 
53655 356 
53785 1062 
53798 1702 
53827 2440 
53884 1051 
53950 57 
53990 503 
53993 807 
54015 442 
54033 582 
54079 485 
54092 1771 
54181 871 
54199 606 
54225 110 
54244 368 
54251 143 
54256 909 
54264 75 
54289 95 
54319 759 
54328 37 
54342 507 
54403 6 
54413 385 
54513 4234 
54537 335 
54818 1028 
54890 252 
55074 836 
55097 26 
55132 178 
55159 580 
55255 1733 
55280 379 
55463 25 
55466 36 
55552 1146 
55576 0 
55609 170 
55659 1566 
55758 815 
55760 1287 
55807 2060 
56061 431 
56171 7405 
56231 5600 
56554 765 
56857 10 
56880 500 
56966 1 
57129 89 
57132 23 
57151 96 
57440 1243 
57445 16 
57455 2340 
57569 3104 
57594 197 
57740 495 
57753 1656 
57865 402 
57878 81 
57939 1355 
58052 250 
58099 215 
58233 385 
58288 6 
58401 1853 
58456 838 
58513 488 
58556 455 
58572 2220 
58594 223 
58672 3832 
58700 340 
58850 566 
58969 294 
59006 274 
59025 268 
59028 467 
59038 135 
59145 25 
59282 1253 
59388 1336 
59424 335 
59541 340 
59550 1153 
59594 393 
59722 164 
59749 1254 
59855 47 
59866 384 
59947 388 
60141 932 
60254 1 
60385 166 
60492 913 
60623 0 
60668 8 
60677 1449 
60694 570 
60793 1878 
60819 2794 
60921 779 
60945 429 
61000 418 
61060 92 
61115 857 
61120 258 
61225 185 
61278 357 
61300 63 
61468 294 
61607 1479 
61617 89 
61621 85 
61621 2086 
61640 652 
61779 277 
61881 286 
61931 1634 
62064 181 
62075 1669 
62090 3 
62203 13 
62254 203 
62277 326 
62407 234 
62411 194 
62558 22 
62570 605 
62750 149 
62866 622 
62889 875 
62889 98 
62898 1512 
62936 320 
63020 4 
63026 77 
63066 4197 
63079 57 
63105 141 
63274 2842 
63341 156 
63374 58 
63398 1020 
63515 753 
63548 4820 
63551 2515 
63558 136 
63558 1754 
63594 417 
63681 0 
63775 80 
63816 331 
63927 233 
64050 59 
64071 368 
64082 1122 
64085 862 
64144 127 
64147 54 
64245 857 
64253 1283 
64303 33 
64312 12128 
64334 781 
64347 166 
64352 378 
64477 591 
64508 566 
64647 2046 
64671 1063 
64767 325 
64860 1159 
64916 209 
64923 921 
64947 244 
64974 340 
64991 57 
65002 701 
65078 434 
65090 43 
65102 281 
65298 1607 
65338 1979 
65339 300 
65358 577 
65415 391 
65564 335 
65733 4 
65898 1367 
65984 450 
65992 1594 
66071 2164 
66091 51 
66138 125 
66235 291 
66269 694 
66297 300 
66357 80 
66386 2678 
66419 1542 
66441 644 
66466 372 
66550 743 
66579 2419 
66616 229 
66626 28 
66628 468 
66645 718 
66646 199 
66671 1830 
66672 1043 
66724 128 
66828 54 
66847 9948 
66853 748 
66857 67 
66964 98 
66975 220 
66975 446 
66980 795 
67004 606 
67012 998 
67091 828 
67105 212 
67139 46 
67152 188 
67155 163 
67195 1033 
67203 110 
67261 1182 
67418 482 
67419 5670 
67466 171 
67478 1018 
67493 4722 
67646 281 
67732 1118 
67738 623 
67742 3 
67748 1807 
67763 747 
67793 348 
67799 246 
67954 114 
67989 775 
67998 4770 
68098 176 
68104 6489 
68122 878 
68254 32 
68279 0 
68322 247 
68336 56 
68363 1103 
68375 3149 
68520 10 
68522 643 
68615 30 
68687 441 
68702 1528 
68729 747 
68767 559 
68985 0 
69078 2356 
69097 35 
69099 66 
69107 1225 
69163 141 
69170 922 
69177 126 
69185 415 
69360 132 
69373 296 
69480 177 
69555 423 
69577 149 
69730 622 
69731 677 
69755 546 
69758 0 
69878 3940 
69925 224 
70186 234 
70191 497 
70224 123 
70310 1081 
70327 1876 
70375 247 
70388 3701 
70570 131 
70635 1422 
70774 131 
70777 1 
70793 1442 
70962 1535 
70995 30 
71051 2352 
71088 232 
71125 0 
71313 2910 
71405 795 
71405 1050 
71484 790 
71494 1465 
71495 1250 
71577 191 
71655 267 
71671 373 
71796 40 
71887 110 
71910 549 
71913 256 
71917 32 
71932 49 
71984 430 
71992 1256 
72032 356 
72059 2421 
72097 65 
72268 186 
72358 308 
72424 337 
72486 610 
72528 597 
72615 1794 
72665 1663 
72728 2782 
72747 214 
72782 1661 
72881 202 
72908 194 
72926 78 
72997 145 
73006 23 
73027 0 
73059 860 
73126 1024 
73142 580 
73364 2717 
73395 1737 
73440 1096 
73484 467 
73487 387 
73502 147 
73543 1746 
73567 779 
73624 302 
73645 431 
73655 463 
73811 129 
73926 1281 
73986 2403 
74016 903 
74022 1056 
74065 1138 
74077 1105 
74127 268 
74198 1196 
74355 1113 
74379 238 
74388 101 
74438 361 
74469 947 
74504 257 
74592 109 
74618 1042 
74708 421 
74935 2733 
74955 1120 
75099 3079 
75214 338 
75261 1291 
75359 2176 
75378 104 
75483 1648 
75555 2718 
75606 599 
75624 87 
75777 683 
75851 321 
75904 1577 
75954 381 
76048 52 
76112 7653 
76134 1260 
76186 632 
76202 1505 
76217 2400 
76225 66 
76230 131 
76369 2990 
76397 1915 
76467 1588 
76490 120 
76502 80 
76508 1030 
76650 665 
76828 244 
76832 144 
76882 2525 
76885 1911 
76952 1917 
76999 604 
77000 11 
77110 360 
77154 260 
77156 643 
77171 418 
77189 973 
77228 2282 
77228 280 
77297 320 
77305 450 
77327 80 
77337 321 
77403 80 
77417 4528 
77521 34 
77568 222 
77595 563 
77643 715 
77678 924 
77680 640 
77702 499 
77712 1168 
77793 405 
77821 1 
77902 2060 
78179 282 
78251 100 
78265 71 
78268 683 
78280 20 
78282 506 
78367 485 
78485 149 
78493 483 
78500 394 
78527 1092 
78534 191 
78577 250 
78743 68 
78744 94 
78755 511 
78867 160 
78895 883 
78902 255 
78929 14 
78951 140 
78968 1448 
78990 210 
79005 81 
79024 1560 
79035 841 
79043 218 
79144 178 
79159 78 
79164 1905 
79175 1134 
79187 315 
79193 216 
79194 77 
79234 293 
79285 193 
79318 1317 
79341 778 
79342 70 
79477 2000 
79520 412 
79532 444 
79586 130 
79600 233 
79688 84 
79748 1219 
79797 2223 
79817 15 
79866 755 
79889 43 
79893 273 
79932 865 
79932 956 
80029 891 
80042 406 
80150 251 
80166 88 
80170 1256 
80326 181 
80334 3391 
80343 2490 
80355 3514 
80411 734 
80456 156 
80585 820 
80598 2225 
80617 1368 
80628 1220 
80650 437 
80940 272 
81060 1292 
81088 1110 
81120 13 
81359 6730 
81578 1038 
81653 1410 
81666 601 
81891 714 
81939 594 
82156 1416 
82156 3 
82332 307 
82401 913 
82434 1175 
82439 61 
82619 284 
82672 1418 
82754 1019 
82865 559 
82898 172 
82938 562 
82974 848 
82978 2308 
82989 2493 
83070 183 
83198 258 
83546 1105 
83550 406 
83629 31 
83774 72 
83886 183 
83888 294 
83904 94 
84060 2394 
84067 81 
84415 241 
84427 1051 
84694 2886 
84739 1012 
84762 0 
84922 1154 
85093 884 
85126 77 
85330 350 
85490 315 
85522 403 
85562 599 
85578 118 
85670 206 
85778 2453 
85910 416 
86009 401 
86012 282 
86172 154 
86256 1205 
86336 2113 
86357 86 
86386 891 
86448 660 
86503 203 
86621 0 
86827 802 
86865 3026 
87022 1954 
87332 96 
87463 538 
87482 94 
87483 0 
87676 660 
87767 119 
87941 408 
87946 690 
88183 712 
88398 2609 
88559 177 
88607 646 
88754 351 
88892 646 
89025 856 
89095 235 
89120 987 
89145 543 
89170 721 
89511 148 
89512 491 
89647 33 
89991 33 
90084 488 
90467 1477 
90484 258 
90602 270 
90833 92 
90942 160 
91065 1093 
91195 2109 
91207 582 
91218 1446 
91221 927 
91238 1250 
91251 6240 
91445 2667 
91662 191 
91823 725 
91877 484 
92363 1309 
92700 2170 
92793 6268 
93505 676 
93530 34 
93621 532 
93850 10 
93899 1723 
94367 453 
94618 919 
94759 155 
95102 1067 
95106 356 
95280 1468 
95993 633 
96016 299 
96534 233 
96544 457 
96596 803 
96736 3206 
96737 472 
96786 1248 
97401 462 
97490 490 
97642 3543 
97658 1768 
97983 124 
98000 395 
98586 848 
99307 2451 
99349 1102 
99619 382 
99821 75 
100330 1444 
100770 61 
100812 836 
100847 3477 
101212 2796 
101442 852 
102021 485 
103919 261 
104029 1483 
104035 231 
104129 1561 
104265 1405 
104754 124 
104864 3533 
104873 1874 
104948 5404 
105698 1247 
105742 3236 
105791 912 
107116 67 
107163 1157 
108250 1738 
109137 2 
109168 107 
109228 1450 
109681 185 
109894 851 
110116 96 
110538 4 
113444 211 
113521 1095 
113601 2145 
114216 1345 
114313 2358 
116147 1127 
116686 6273 
117448 156 
119920 359 
120063 154 
120074 122 
120174 2577 
121230 124 
121239 2210 
121503 1136 
123535 409 
124250 1212 
125359 330 
125499 2263 
125569 10791 
125894 349 
126067 22 
126331 830 
126867 47 
127547 182 
127663 335 
128016 414 
128069 202 
128699 10098 
128772 733 
130013 4410 
130741 1101 
132089 69 
132362 287 
132507 216 
133098 29 
133995 963 
134125 60 
134278 580 
134814 178 
135261 224 
135656 154 
135730 573 
135896 144 
136442 109 
136569 397 
136672 1335 
136697 406 
137040 72 
137144 5548 
137379 386 
137549 1586 
137560 365 
137562 808 
137603 675 
138000 2264 
138369 112 
138488 69 
139105 1937 
139654 337 
140003 572 
140134 585 
140416 1420 
140896 691 
140967 513 
141337 715 
141448 302 
141900 115 
142344 908 
142476 644 
143006 21 
143134 3 
143481 761 
143512 484 
143662 100 
143662 637 
143837 10807 
143858 211 
143989 37 
144005 176 
144268 166 
144383 447 
144622 641 
144791 980 
145146 574 
145701 1907 
145842 584 
145858 114 
145958 527 
146001 1720 
146252 4047 
146352 380 
146602 142 
146839 544 
147091 5394 
147173 467 
148851 8 
149513 37 
150593 67 
150811 319 
150821 9854 
150907 116 
150934 1302 
151523 124 
151836 16 
152181 215 
152397 49 
152455 690 
153166 1299 
153194 5450 
153524 2097 
153615 664 
153624 148 
153783 1102 
153955 797 
153971 2460 
154071 4669 
154106 1193 
154148 3670 
154405 1133 
155020 108 
155333 325 
155644 1673 
155676 322 
155817 3844 
155828 564 
156044 1014 
156162 1647 
156653 198 
156752 56 
156762 1760 
156855 135 
156873 2223 
158105 30 
158538 51 
158573 61 
158622 2610 
158641 751 
159297 243 
159404 568 
159425 999 
159426 249 
159712 862 
159989 4443 
160253 132 
160281 23 
160851 67 
161138 16 
161187 2663 
161417 49 
161740 1516 
161758 216 
162023 15 
162104 205 
162343 259 
162698 2193 
162751 290 
162773 1056 
162849 217 
163085 381 
163248 460 
163612 561 
163754 65 
163966 2616 
164037 756 
164281 299 
164450 1443 
164890 95 
165091 422 
165229 1285 
165233 91 
165355 87 
165439 27 
165445 904 
165692 7288 
165727 1317 
165776 7 
166590 622 
166944 28 
167055 337 
167427 169 
167508 837 
167837 1071 
168175 656 
168191 759 
168226 193 
168416 278 
168597 1920 
168622 362 
169306 1703 
169636 2335 
170013 467 
170131 0 
171322 17 
171520 11 
171529 2679 
171870 67 
172191 54 
172456 18 
172507 892 
172891 609 
172984 2840 
173205 1765 
173227 1244 
173251 709 
173482 211 
173535 1766 
173566 1170 
174294 520 
174482 306 
174492 1262 
174598 2191 
174608 970 
175164 137 
175328 558 
175405 2125 
175546 1826 
175555 318 
176147 863 
176339 114 
176460 191 
177324 0 
177746 398 
177808 904 
178257 530 
178584 2185 
178839 311 
178878 1417 
178973 2203 
179876 447 
180040 1854 
180301 2963 
180611 640 
180971 127 
181356 1471 
183448 10121 
183677 2348 
183787 1098 
185097 2684 
185311 1406 
185472 1156 
186031 968 
186217 214 
186272 391 
188097 4617 
188680 1824 
191518 2134 
191815 266 
192538 490 
193232 1076 
193361 976 
194191 14 
194224 112 
194768 191 
195345 131 
195867 1261 
199905 111 
201044 963 
201180 116 
202469 729 
203156 323 
205179 254 
207132 9841 
207229 0 
207244 258 
210207 34 
211945 1480 
212638 9 
212994 47 
213662 3416 
216516 376 
218525 259 
219315 199 
219602 1598 
219684 804 
219893 3125 
220883 545 
223156 4094 
223197 245 
224182 1057 
224817 599 
225135 296 
225242 31 
225874 11 
226052 759 
227357 412 
227727 2745 
227833 1577 
228446 13 
228889 6031 
228921 643 
229478 572 
230458 1150 
230928 11637 
232197 290 
233854 2 
233856 0 
234978 1682 
234995 4519 
235012 532 
235014 1147 
235203 1 
235331 514 
237096 0 
237747 3866 
237961 0 
237999 2838 
238010 2859 
238027 674 
238039 1144 
238044 525 
238134 1141 
238219 887 
238419 2069 
238495 1308 
238763 50 
239788 369 
239852 1252 
241888 3505 
242874 40 
244367 4 
244472 1902 
244477 2129 
244822 155 
247058 1039 
247332 478 
247624 730 
247819 1 
247878 260 
248258 590 
248453 1185 
248819 1426 
249103 1430 
249275 0 
249489 1755 
249527 1438 
249552 333 
249655 200 
249777 34 
249797 100 
249800 69 
250353 431 
250363 370 
250448 22 
251027 796 
251193 61 
251233 113 
252293 108 
252993 252 
253581 16 
254311 196 
254443 907 
254667 2255 
254987 0 
256201 1767 
256255 1007 
256536 1279 
256695 589 
256758 244 
256810 110 
256851 157 
256855 86 
256888 320 
257185 1491 
257515 703 
257865 0 
259966 1138 
261473 2155 
261859 6346 
261870 1016 
261880 1058 
262529 1095 
262845 424 
263208 131 
263355 0 
264666 5060 
266235 259 
266475 28 
267268 25611 
267316 66 
267557 102 
267728 1826 
268398 14 
269101 220 
269434 115 
269781 1583 
269825 25 
270302 196 
270878 788 
271265 499 
271629 373 
271788 753 
272487 334 
272591 694 
273584 124 
274180 545 
274997 889 
275101 946 
275415 197 
275670 27 
276065 16 
276280 1701 
279116 287 
281950 654 
292429 83 
293509 306 
302681 709 
303079 2478 
305671 328 
306279 2568 
306366 36 
308598 1201 
309546 159 
310142 272 
311423 357 
312468 767 
315028 1518 
316231 1910 
316258 1345 
316861 1801 
319189 1250 
320959 0 
321635 0 
323744 161 
326102 4 
326503 2462 
326625 2598 
327210 3270 
327366 2169 
327382 1657 
329529 229 
329606 169 
329814 228 
331098 104 
333849 25 
334150 194 
334217 460 
334969 285 
336540 7 
336778 291 
337035 3768 
338405 2578 
338405 2578 
338438 2046 
338774 50 
340532 1154 
341440 48 
341456 745 
341484 17 
342387 1351 
342599 883 
343276 130 
343939 1934 
343981 28 
344647 649 
345114 1376 
345128 2650 
345168 812 
345225 607 
345235 179 
347549 460 
347729 62 
348007 560 
349363 1 
351168 228 
351986 473 
352359 709 
352686 1194 
353090 1293 
354650 0 
355208 125 
356161 3453 
358406 2007 
358738 154 
360593 36 
361667 499 
361823 490 
362886 2830 
362903 2774 
362933 1674 
363157 392 
363506 6 
363763 89 
364054 5082 
364089 270 
364096 706 
364285 1174 
366756 245 
371334 172 
376045 183 
378247 543 
382266 173 
392625 259 
393490 761 
393581 468 
395865 58 
396303 1502 
396303 1502 
396494 421 
397452 1930 
398487 2358 
399519 1345 
400326 642 
400708 1314 
403341 684 
403685 39 
403771 28 
404502 277 
405615 1240 
405696 2774 
406554 241 
407298 340 
407328 362 
407496 158 
407552 349 
411993 1935 
412168 276 
414128 1325 
414141 91 
414405 532 
414429 821 
414461 123 
414611 1331 
414825 217 
415167 0 
416060 1669 
416437 287 
416587 56 
417758 35 
419851 356 
420194 1823 
420230 1028 
422704 671 
423113 519 
423468 0 
423817 48 
426135 369 
427274 70 
427834 701 
429064 5005 
429087 2689 
429238 265 
429502 1269 
429795 171 
430572 494 
430679 420 
434250 454 
434410 1254 
435888 1814 
444686 143 
445956 792 
446837 1247 
448810 0 
449396 0 
456759 1697 
457933 439 
458563 60 
463932 992 
475900 138 
476086 167 
476155 1294 
486760 139 
486760 139 
492217 0 
494620 517 
496689 0 
502911 1770 
504695 196 
507477 3471 
509396 506 
510542 462 
511165 1182 
518424 78 
518973 0 
520166 723 
520190 0 
522628 42 
524286 56 
524509 986 
524536 105 
526375 1 
528344 664 
533088 30 
538364 791 
539330 324 
543228 97 
543335 72 
550809 69 
551612 2194 
551655 56 
552229 26 
562342 1235 
562792 0 
566155 2 
577869 2254 
580848 322 
581412 350 
581630 309 
584687 225 
586721 30 
588390 1719 
595660 643 
597550 804 
601839 0 
602268 262 
602434 674 
602749 1 
603208 1315 
604303 142 
