2414 13.7159375
0 131885 
7 152 
10 365 
11 131 
12 196 
12 70 
13 178 
13 282 
14 507 
15 282 
16 133 
17 174 
17 1860 
21 1011 
23 1115 
23 122 
24 222 
25 6190 
28 39 
29 11 
29 31 
30 32 
30 25 
30 328 
30 39 
33 67 
33 94 
34 225 
35 326 
36 64 
37 554 
37 197 
37 1932 
37 665 
38 48 
39 331 
40 196 
40 224 
42 177 
42 114 
42 148 
44 59 
44 167 
47 46 
47 243 
50 871 
51 571 
53 484 
54 99 
55 300 
55 76 
55 99 
56 333 
56 55 
57 40 
58 139 
60 29 
60 189 
62 13 
64 218 
65 229 
66 2494 
69 985 
70 107 
71 14 
71 53 
72 29 
73 272 
74 22 
74 219 
75 94 
77 554 
81 60 
82 354 
83 495 
83 45 
83 44 
83 228 
83 252 
85 72 
87 31 
87 146 
88 175 
90 900 
91 216 
91 111 
91 236 
91 29 
93 154 
94 240 
95 286 
96 262 
101 374 
103 755 
103 110 
105 1015 
108 34 
108 302 
110 80 
112 97 
112 49 
112 341 
114 244 
114 192 
114 236 
115 217 
115 766 
116 92 
120 36 
122 394 
123 2951 
123 1061 
126 116 
128 24 
128 382 
128 154 
129 226 
129 292 
130 123 
131 263 
132 301 
134 173 
136 205 
136 81 
137 35 
137 68 
137 338 
137 70 
141 651 
145 402 
147 595 
149 63 
150 539 
150 478 
152 45 
153 134 
153 173 
153 25 
153 88 
155 120 
156 88 
156 80 
158 75 
159 300 
160 312 
162 336 
164 44 
166 31 
168 32 
171 420 
173 1472 
174 10 
174 424 
178 188 
178 50 
179 46748 
182 53 
183 33 
184 129 
185 54 
187 207 
187 205 
188 108 
191 135 
192 27 
193 87 
194 20 
198 116 
199 23 
208 102 
209 50 
209 198 
211 17 
212 241 
213 299 
213 45 
214 24 
214 30 
214 164 
215 324 
218 124 
221 102 
221 190 
223 152 
227 750 
228 35 
229 165 
233 148 
233 49 
236 78 
237 138 
238 14 
241 103 
243 81 
243 134 
244 432 
244 125 
244 23 
246 77 
246 30 
247 566 
250 42 
258 96 
260 248 
263 35548 
265 58 
266 189 
266 124 
268 157 
268 194 
268 52 
269 984 
269 200 
272 61 
272 55 
274 74 
275 1649 
278 163 
280 2181 
283 92 
285 26 
286 29 
286 103 
287 14 
287 16 
288 512 
289 329 
294 85 
298 65 
299 495 
302 45 
302 176 
305 40 
305 233 
305 359 
306 118 
308 90 
310 30 
310 41 
314 523 
315 44 
316 178 
317 241 
318 10 
320 75 
321 57 
322 58 
322 103 
323 28 
327 39 
327 11 
328 118 
328 85 
329 90 
329 62 
329 52 
331 18008 
336 224 
338 320 
340 114 
340 41 
341 199 
342 1011 
342 253 
345 140 
346 257 
349 11183 
350 592 
352 290 
352 378 
354 102 
354 120 
355 56 
356 1729 
357 21 
357 151 
359 17 
359 111 
363 132 
368 275 
369 63 
370 189 
370 10 
374 116 
374 309 
375 61 
377 340 
384 102 
384 473 
384 109 
395 93 
396 36 
401 24 
405 1248 
406 24 
410 1219 
414 15 
414 244 
415 107 
416 78 
418 253 
427 329 
432 123 
435 959 
436 2814 
437 13 
440 184 
441 159 
442 816 
442 91 
449 20 
451 71 
452 39 
452 6096 
454 340 
454 460 
455 319 
456 22 
463 107 
467 34 
468 101 
468 14 
470 2897 
472 39 
473 250 
473 84 
475 237 
478 13 
483 22 
485 54 
485 75 
491 117 
492 36 
493 36 
497 453 
497 63 
498 99 
499 247 
504 43 
505 210 
505 58 
508 87 
510 26 
519 937 
520 836 
520 44 
521 18 
523 189 
531 242 
531 150 
533 110 
534 592 
535 2250 
538 344 
543 36 
545 133 
551 361 
552 1186 
552 4 
555 21 
557 1444 
567 192 
568 28 
568 41 
570 86 
571 111 
572 160 
573 39 
575 516 
577 536 
577 356 
580 620 
582 280 
582 71 
584 122 
586 67 
591 676 
592 83 
595 70 
597 96 
601 16 
602 500 
603 95 
603 324 
603 96 
604 46 
605 37 
609 196 
611 116 
611 6 
611 216 
620 63 
622 128 
623 25 
623 143 
628 101 
628 220 
629 7 
630 319 
642 107 
651 307 
653 228 
656 14 
657 93 
658 142 
662 513 
665 83 
665 87 
666 51 
668 912 
671 142 
671 12 
672 358 
676 59 
677 195 
679 47 
679 21 
681 2440 
682 225 
683 45 
690 589 
692 39 
695 170 
695 437 
698 181 
701 11 
702 222 
704 264 
707 3 
710 25 
713 33 
714 30 
721 142 
722 31 
728 12 
729 37 
739 32 
741 67 
745 2440 
750 77 
751 148 
752 26 
753 973 
756 188 
756 396 
767 30 
770 44 
773 13 
776 17 
778 65 
780 226 
780 233 
781 14 
785 72 
787 905 
791 150 
791 94 
792 24 
792 30 
795 962 
795 335 
796 106 
798 4 
801 13 
801 148 
803 48 
804 814 
804 86 
805 138 
806 999 
806 21 
808 62 
809 146 
812 101 
817 121 
819 420 
820 533 
822 73 
823 57 
831 185 
833 323 
834 406 
834 8 
835 46 
836 49 
838 262 
846 5 
846 18 
848 34 
849 215 
849 63 
857 945 
858 157 
862 585 
865 185 
865 50 
870 376 
884 162 
895 41 
896 47 
896 659 
898 643 
902 269 
906 86 
907 21 
908 18 
909 599 
911 20 
918 898 
923 28 
923 48 
925 86 
926 25 
928 77 
934 209 
940 2901 
943 1023 
944 40 
949 240 
952 46 
956 107 
956 215 
957 1397 
958 73 
962 1300 
962 20 
964 263 
965 15 
968 622 
987 28 
988 139 
990 379 
992 160 
994 215 
1000 169 
1000 43 
1003 2 
1003 2 
1004 599 
1004 57 
1005 26 
1011 81 
1016 117 
1016 185 
1017 1260 
1018 180 
1023 285 
1026 97 
1027 12 
1028 13 
1028 1115 
1036 87 
1038 27 
1038 5 
1038 68 
1040 53 
1043 84 
1045 29 
1045 152 
1046 366 
1050 231 
1053 610 
1059 130 
1065 698 
1071 159 
1071 63 
1072 260 
1076 1328 
1077 59 
1082 77 
1086 61 
1087 172 
1088 442 
1098 222 
1100 131 
1100 144 
1104 302 
1115 91 
1120 155 
1127 894 
1127 16 
1131 302 
1132 187 
1134 45 
1135 181 
1140 26 
1146 333 
1150 198 
1152 187 
1154 42 
1156 99 
1156 41 
1161 20 
1162 785 
1162 57 
1168 62 
1173 46 
1190 198 
1193 102 
1195 109 
1202 58 
1208 114 
1208 157 
1208 7 
1211 27 
1214 106 
1214 3 
1222 1233 
1226 128 
1230 20 
1231 52 
1243 457 
1244 36 
1251 150 
1251 32 
1252 17 
1252 45 
1257 40 
1258 255 
1264 70 
1265 236 
1274 2 
1277 237 
1287 35 
1288 168 
1297 220 
1297 69 
1300 385 
1302 57 
1302 176 
1304 423 
1304 42 
1310 1275 
1313 18 
1318 371 
1319 13 
1320 122 
1322 913 
1327 762 
1330 171 
1331 71 
1334 126 
1342 56 
1345 81 
1358 1173 
1359 46 
1361 43 
1365 97 
1370 425 
1374 524 
1386 23 
1386 138 
1387 26 
1391 166 
1393 895 
1393 347 
1395 69 
1396 56 
1398 67 
1405 16 
1408 92 
1433 2171 
1441 51 
1443 568 
1447 123 
1449 500 
1450 418 
1457 109 
1458 35 
1459 266 
1459 95 
1460 139 
1464 143 
1469 62 
1476 128 
1480 130 
1481 67 
1484 1286 
1489 61 
1492 62 
1500 35 
1501 398 
1505 165 
1507 809 
1510 102 
1514 38 
1517 361 
1519 92 
1521 113 
1526 1068 
1544 47 
1551 29 
1553 44 
1557 11 
1558 204 
1566 742 
1568 272 
1572 60 
1573 41 
1590 152 
1591 62 
1602 14 
1605 322 
1618 203 
1622 7 
1626 255 
1626 275 
1627 143 
1631 38 
1632 5 
1633 161 
1645 620 
1649 250 
1652 49 
1654 465 
1664 104 
1679 118 
1680 88 
1685 177 
1687 119 
1687 14 
1688 579 
1692 24 
1695 40 
1700 73 
1703 2 
1704 373 
1719 144 
1723 354 
1727 72 
1728 111 
1734 113 
1736 306 
1736 137 
1736 73 
1741 330 
1754 56 
1755 112 
1755 77 
1757 153 
1759 26 
1766 143 
1777 141 
1778 24 
1780 50 
1784 730 
1796 18 
1810 211 
1816 206 
1829 89 
1831 44 
1833 165 
1854 242 
1855 704 
1858 108 
1861 299 
1866 18 
1883 190 
1887 9192 
1890 25 
1900 31 
1901 90 
1906 114 
1907 133 
1920 86 
1921 90 
1925 383 
1925 31 
1928 112 
1928 326 
1929 135 
1933 74 
1934 287 
1936 91 
1937 153 
1938 97 
1941 22 
1945 219 
1953 512 
1956 199 
1964 16 
1967 62 
1968 131 
1971 21 
1976 120 
1980 87 
1986 66 
1987 7 
1990 74 
1990 54 
1999 136 
2004 29 
2019 135 
2022 117 
2025 261 
2025 189 
2027 67 
2039 200 
2040 34 
2040 39 
2041 244 
2043 11 
2055 26 
2056 341 
2058 31 
2072 107 
2077 64 
2080 478 
2084 8 
2087 392 
2093 36 
2095 135 
2097 111 
2112 282 
2122 401 
2122 24 
2124 63 
2134 62 
2135 41 
2140 62 
2140 121 
2141 96 
2146 26 
2149 169 
2149 52 
2150 157 
2156 53 
2177 33 
2195 318 
2195 56 
2196 19 
2205 46 
2207 40 
2216 263 
2217 172 
2233 81 
2234 39 
2241 6 
2242 18 
2245 128 
2252 40 
2252 14 
2256 30 
2259 2768 
2259 53 
2262 979 
2263 104 
2267 127 
2269 88 
2270 4261 
2281 82 
2288 53 
2306 37 
2307 57 
2309 140 
2310 34 
2310 286 
2310 30 
2312 48 
2313 59 
2314 34 
2315 16 
2315 93 
2316 12 
2317 63 
2320 72 
2320 71 
2328 484 
2334 693 
2342 56 
2346 209 
2349 64 
2350 45 
2354 82 
2356 209 
2358 31 
2360 39 
2360 185 
2360 60 
2376 69 
2386 283 
2392 562 
2395 9 
2401 56 
2402 9 
2409 105 
2412 970 
2414 202 
2425 115 
2432 58 
2439 34 
2447 17 
2450 74 
2450 1620 
2453 108 
2463 24 
2466 63 
2486 34 
2497 125 
2498 49 
2506 167 
2517 16 
2518 159 
2519 57 
2523 74 
2540 362 
2541 1170 
2542 25 
2543 95 
2545 66 
2552 62 
2569 3 
2574 14 
2578 282 
2588 139 
2593 126 
2598 389 
2609 28 
2611 1423 
2611 78 
2612 356 
2613 71 
2614 216 
2617 248 
2627 11 
2630 156 
2632 101 
2633 95 
2635 159 
2648 216 
2664 16 
2668 192 
2675 8 
2675 101 
2682 9 
2689 92 
2697 29 
2697 211 
2705 41 
2712 17 
2722 11 
2722 5828 
2730 20 
2739 38 
2740 115 
2741 166 
2751 53 
2751 87 
2754 30 
2762 144 
2762 166 
2769 108 
2804 87 
2831 20 
2834 101 
2851 70 
2855 16 
2856 155 
2858 177 
2862 227 
2869 91 
2874 1139 
2874 31 
2889 154 
2900 5 
2908 25 
2924 12 
2925 64 
2927 703 
2927 119 
2939 7 
2948 9 
2953 44 
2962 67 
2964 150 
2977 28 
2984 11 
3003 198 
3007 34 
3007 49 
3020 347 
3021 221 
3036 197 
3050 24 
3053 250 
3067 235 
3072 186 
3079 70 
3088 172 
3092 99 
3093 119 
3097 154 
3097 228 
3106 1604 
3111 10 
3126 338 
3145 161 
3147 22 
3150 75 
3152 56 
3179 566 
3190 21 
3196 458 
3202 49 
3202 226 
3214 29 
3224 14 
3228 89 
3232 10 
3237 108 
3240 213 
3241 57 
3247 5 
3258 156 
3265 11 
3269 34 
3272 37 
3273 9 
3276 33 
3282 215 
3286 39 
3288 102 
3294 153 
3296 236 
3297 16 
3300 52 
3302 17 
3314 46 
3317 14 
3317 37 
3318 147 
3333 33 
3338 345 
3341 95 
3349 337 
3350 47 
3359 79 
3366 193 
3382 26 
3384 19 
3384 50 
3387 162 
3399 94 
3405 34 
3407 31 
3430 72 
3440 11 
3441 20 
3447 107 
3447 90 
3450 20 
3456 27 
3457 19 
3462 435 
3475 151 
3480 141 
3523 32 
3524 124 
3524 149 
3531 22 
3535 7 
3561 46 
3562 596 
3566 892 
3566 18 
3568 460 
3573 84 
3581 133 
3587 85 
3606 354 
3612 2274 
3617 423 
3635 23 
3637 213 
3642 11 
3648 65 
3655 124 
3669 396 
3683 18 
3708 97 
3719 48 
3726 158 
3729 59 
3736 68 
3742 168 
3748 59 
3751 48 
3754 67 
3765 893 
3777 266 
3778 106 
3783 82 
3787 68 
3792 29 
3793 407 
3803 217 
3816 23 
3817 100 
3820 891 
3821 545 
3824 70 
3836 15 
3845 220 
3865 18 
3879 189 
3882 12 
3888 41 
3890 799 
3900 119 
3912 35 
3915 12 
3918 198 
3924 15 
3926 163 
3935 33 
3939 730 
3945 220 
3960 46 
3964 53 
3975 18 
3976 142 
3993 265 
3998 55 
4001 27 
4012 159 
4022 103 
4043 81 
4049 261 
4054 63 
4068 11 
4079 45 
4083 247 
4093 7 
4103 18 
4104 39 
4108 45 
4116 73 
4116 274 
4119 51 
4121 98 
4121 477 
4124 9 
4127 48 
4137 63 
4138 87 
4149 145 
4158 507 
4180 13 
4183 78 
4185 69 
4197 92 
4199 243 
4204 31 
4211 107 
4214 27 
4220 246 
4221 72 
4233 7 
4244 75 
4256 96 
4260 10 
4274 138 
4274 91 
4280 167 
4288 1648 
4292 146 
4292 313 
4300 31 
4311 22 
4318 25 
4322 51 
4335 105 
4345 11 
4349 41 
4350 330 
4354 43 
4354 30 
4356 114 
4387 29 
4394 31 
4423 76 
4423 1203 
4436 95 
4449 1479 
4455 79 
4468 418 
4481 313 
4487 70 
4488 1161 
4490 46 
4493 12 
4500 7 
4503 6 
4511 193 
4517 53 
4523 71 
4524 175 
4526 117 
4532 90 
4532 68 
4534 370 
4536 144 
4538 19 
4563 98 
4580 125 
4582 32 
4583 94 
4586 189 
4588 20 
4590 1147 
4596 22 
4605 205 
4617 43 
4618 152 
4638 364 
4647 271 
4648 18 
4659 15 
4663 47 
4670 130 
4686 77 
4694 12 
4709 34 
4714 98 
4717 16 
4730 91 
4735 176 
4735 445 
4761 111 
4769 173 
4773 138 
4785 45 
4799 39 
4804 356 
4807 21 
4815 81 
4831 8 
4833 31 
4836 13 
4848 92 
4868 178 
4872 49 
4878 83 
4884 1452 
4886 17 
4902 10 
4909 128 
4917 160 
4931 13 
4944 296 
4946 90 
4965 53 
4966 11 
4969 52 
4984 91 
4986 13 
5008 37 
5010 112 
5011 6 
5017 61 
5024 49 
5042 160 
5069 350 
5084 13 
5099 2 
5109 218 
5115 210 
5120 4 
5122 15 
5126 16 
5134 102 
5137 83 
5161 51 
5170 39 
5170 71 
5174 42 
5194 117 
5251 14 
5264 126 
5273 145 
5291 20 
5296 155 
5302 10 
5311 97 
5318 113 
5340 58 
5348 83 
5354 73 
5393 28 
5400 41 
5412 87 
5414 15 
5425 49 
5429 325 
5433 16 
5437 93 
5458 1189 
5490 32 
5494 483 
5497 75 
5499 293 
5531 55 
5563 63 
5586 90 
5596 79 
5610 21 
5639 68 
5649 54 
5650 51 
5654 49 
5798 67 
5820 29 
5852 6 
5853 14 
5854 28 
5862 50 
5880 23 
5893 43 
5915 13 
5919 126 
5921 101 
5930 30 
5941 414 
5942 55 
5946 183 
5962 225 
5974 68 
5978 5 
6040 112 
6042 134 
6047 94 
6048 41 
6069 122 
6076 29 
6077 50 
6100 41 
6109 11 
6127 28 
6135 55 
6157 47 
6163 174 
6166 48 
6210 14 
6228 28 
6259 25 
6261 209 
6286 312 
6307 107 
6311 43 
6316 80 
6325 90 
6336 143 
6351 91 
6361 9 
6369 86 
6378 49 
6401 166 
6403 25 
6417 31 
6418 63 
6447 35 
6455 49 
6460 39 
6463 89 
6478 34 
6481 117 
6523 71 
6528 121 
6622 65 
6641 134 
6655 883 
6657 20 
6664 95 
6667 83 
6706 24 
6716 16 
6723 98 
6751 416 
6761 72 
6830 78 
6834 35 
6841 216 
6857 13 
6929 1845 
6969 8 
6978 80 
6993 132 
6999 84 
7003 118 
7014 130 
7042 187 
7089 2 
7101 38 
7105 48 
7109 69 
7124 148 
7124 30 
7154 24 
7154 11 
7172 22 
7174 33 
7223 109 
7245 147 
7283 194 
7287 75 
7316 166 
7380 59 
7395 10 
7402 179 
7412 54 
7420 19 
7450 40 
7497 19 
7536 80 
7546 63 
7546 84 
7569 41 
7569 411 
7601 23 
7649 49 
7655 151 
7661 88 
7675 54 
7689 171 
7702 111 
7734 205 
7741 26 
7758 192 
7765 92 
7789 50 
7801 610 
7802 129 
7842 6 
7851 53 
7860 69 
7862 51 
7862 51 
7864 748 
7887 278 
7907 64 
7985 20 
7986 43 
8009 131 
8117 11 
8144 76 
8182 265 
8204 34 
8212 95 
8297 42 
8395 840 
8403 57 
8409 282 
8419 163 
8453 42 
8495 94 
8506 13 
8532 17 
8575 121 
8579 68 
8595 253 
8608 15 
8608 126 
8655 158 
8663 478 
8669 304 
8671 4 
8683 56 
8724 233 
8726 57 
8728 55 
8756 107 
8767 24 
8767 36 
8804 17 
8805 66 
8817 68 
8866 76 
8882 94 
8884 60 
8897 24 
8927 78 
9015 304 
9023 75 
9024 72 
9040 31 
9074 11 
9098 35 
9168 38 
9174 142 
9175 40 
9186 332 
9203 236 
9206 21 
9245 27 
9297 37 
9344 296 
9358 75 
9375 20 
9416 213 
9489 136 
9494 38 
9499 5 
9541 50 
9558 74 
9585 37 
9647 39 
9795 210 
9920 34 
9921 12 
9930 39 
9958 76 
9960 49 
9963 11 
10031 26 
10045 173 
10074 199 
10087 72 
10088 57 
10089 169 
10094 89 
10096 26 
10113 8 
10120 62 
10223 23 
10232 101 
10253 361 
10269 290 
10297 23 
10325 52 
10328 76 
10351 112 
10374 14 
10384 13 
10387 131 
10401 17 
10410 102 
10411 68 
10459 18 
10485 45 
10497 250 
10502 56 
10502 42 
10560 94 
10603 19 
10607 60 
10613 107 
10719 467 
10727 17 
10764 396 
10853 60 
10887 341 
10894 16 
10919 97 
10954 27 
11064 237 
11162 84 
11170 2 
11177 256 
11179 54 
11200 1 
11289 188 
11302 201 
11336 17 
11412 43 
11426 395 
11442 28 
11511 104 
11527 40 
11663 98 
11667 82 
11714 36 
11760 15 
11787 17 
11801 23 
11848 27 
11852 55 
11858 8 
11862 88 
11900 193 
11979 78 
12003 41 
12012 44 
12096 2 
12254 206 
12255 4 
12264 28 
12297 5 
12326 170 
12379 189 
12413 30 
12434 452 
12463 13 
12590 11 
12634 12085 
12650 481 
12669 67 
12678 13 
12688 234 
12699 215 
12717 33 
12728 48 
12741 54 
12741 38 
12746 74 
12750 21 
12755 8 
12774 202 
12775 34 
12776 8 
12780 100 
12782 69 
12804 45 
12808 27 
12809 3095 
12813 149 
12815 25 
12820 209 
12832 604 
12840 19 
12849 326 
12853 136 
12855 51 
12866 98 
12884 25 
12888 12 
12896 140 
12901 22 
12926 50 
12927 182 
12957 87 
12986 3 
13015 14 
13024 19 
13045 36 
13055 194 
13080 120 
13106 54 
13108 76 
13131 85 
13137 77 
13176 46 
13187 38 
13217 26 
13238 47 
13271 412 
13300 33 
13342 66 
13352 40 
13356 40 
13361 40 
13368 82 
13389 106 
13445 14 
13448 235 
13449 570 
13455 2 
13465 57 
13472 37 
13496 95 
13509 20 
13524 15 
13524 15 
13529 6 
13529 6 
13547 21 
13547 21 
13548 90 
13548 90 
13581 4 
13606 1254 
13650 50 
13655 10 
13663 214 
13680 37 
13685 128 
13696 41 
13751 63 
13756 161 
13775 95 
13781 19 
13786 49 
13789 45 
13792 77 
13799 68 
13799 44 
13807 95 
13870 326 
13925 257 
13928 6 
13930 131 
13933 69 
13974 97 
13976 10 
14025 40 
14030 22 
14053 604 
14071 32 
14087 5 
14093 110 
14223 127 
14245 27 
14251 1632 
14264 68 
14287 63 
14308 53 
14420 25 
14434 135 
14436 2 
14445 190 
14449 26 
14515 36 
14539 21 
14577 209 
14640 320 
14799 37 
14831 628 
14915 553 
14918 16 
14929 85 
14973 7 
15044 308 
15131 887 
15165 80908 
15181 154 
15182 25 
15187 14 
15193 83 
15195 113 
15195 115 
15195 777 
15195 178 
15199 68 
15203 96 
15205 197 
15206 121 
15207 174 
15207 263 
15207 13 
15210 21 
15212 199 
15214 41 
15214 127 
15221 29 
15226 15 
15230 49 
15235 27 
15237 68 
15239 27 
15239 210 
15240 433 
15259 77 
15266 258 
15270 120 
15271 66 
15272 314 
15275 43 
15287 608 
15291 30 
15292 27 
15310 26 
15313 151 
15313 223 
15318 468 
15319 28 
15334 12 
15344 244 
15352 206 
15363 47 
15364 11 
15367 135 
15368 62 
15373 131 
15393 8 
15393 127 
15402 73 
15409 39 
15414 56 
15431 196 
15446 235 
15458 96 
15463 348 
15495 64 
15495 2453 
15506 42 
15508 55 
15519 466 
15535 225 
15535 128 
15546 122 
15547 140 
15549 54 
15567 1163 
15584 161 
15603 120 
15622 146 
15626 92 
15647 265 
15652 77 
15664 37 
15671 439 
15690 389 
15692 14 
15695 76 
15698 231 
15699 217 
15701 490 
15712 67 
15728 29 
15735 117 
15749 315 
15753 44 
15756 83 
15757 22 
15759 172 
15786 247 
15789 83 
15833 200 
15836 17 
15836 266 
15849 351 
15850 160 
15875 29 
15883 28 
15900 166 
15909 69 
15921 135 
15930 8 
15931 17 
15932 104 
15943 30 
15954 151 
15975 133 
15993 89 
15998 195 
16007 56 
16029 931 
16038 15 
16040 25 
16054 34 
16060 260 
16073 102 
16074 9 
16101 213 
16123 16 
16125 70 
16139 89 
16147 372 
16147 53 
16160 29 
16182 38 
16224 11 
16240 47 
16267 71 
16278 20 
16279 54 
16293 41 
16319 157 
16329 31 
16392 22 
16393 26 
16413 38 
16415 117 
16441 62 
16465 3 
16470 121 
16476 88 
16490 6 
16507 70 
16519 25 
16532 157 
16588 219 
16588 45 
16637 100 
16649 11 
16662 122 
16679 14 
16679 16 
16697 41 
16711 130 
16718 261 
16723 25 
16741 45 
16764 64 
16783 92 
16804 12 
16818 21 
16820 39 
16822 36 
16832 86 
16833 9 
16833 403 
16834 12 
16838 219 
16871 232 
16921 210 
16933 40 
16938 51 
16979 160 
16981 4 
17101 71 
17118 335 
17120 31 
17145 25 
17163 59 
17204 21 
17212 6 
17242 25 
17266 62 
17268 51 
17284 172 
17286 6 
17308 264 
17346 37 
17354 42 
17358 1268 
17397 20 
17402 146 
17429 75 
17449 16 
17473 29 
17481 82 
17485 114 
17493 354 
17499 1106 
17507 465 
17532 19 
17577 36 
17585 642 
17598 15 
17602 417 
17610 176 
17624 2255 
17631 71 
17653 68 
17659 3 
17666 230 
17734 22 
17739 26 
17762 65 
17836 48 
17862 94 
17865 56 
17867 8 
17888 121 
17966 76 
17968 49 
17984 115 
18008 195 
18031 90 
18039 110 
18059 9 
18082 38 
18095 38 
18188 11 
18207 48 
18211 154 
18225 95 
18243 30 
18326 181 
18399 354 
18420 168 
18482 1 
18492 745 
18548 167 
18548 788 
18577 3 
18595 219 
18607 96 
18662 107 
18662 230 
18667 5 
18673 63 
18678 15 
18696 21 
18741 56 
18791 126 
18891 72 
18901 61 
18904 10 
18954 43 
19004 55 
19009 31 
19012 71 
19022 124 
19022 12 
19083 11 
19088 100 
19175 11 
19221 220 
19234 1 
19242 129 
19332 7 
19346 36 
19365 15 
19496 78 
19519 147 
19519 19 
19623 29 
19629 29 
19734 19 
19770 37 
19805 129 
19845 85 
19851 58 
19856 3 
19913 44 
19921 87 
19972 48 
20004 116 
20038 17 
20040 6 
20075 41 
20167 3 
20208 137 
20309 107 
20314 111 
20321 54 
20324 117 
20343 608 
20426 1018 
20436 170 
20524 20 
20544 7 
20557 28 
20572 87 
20585 38 
20601 51 
20640 338 
20692 41 
20724 13 
20724 148 
20859 41 
20884 114 
20886 100 
20927 467 
20948 46 
20976 26 
21057 67 
21086 307 
21176 15 
21263 67 
21327 28 
21345 4093 
21353 1 
21367 17 
21442 246 
21494 497 
21497 33 
21504 29 
21554 47 
21555 20 
21582 6 
21596 99 
21609 39 
21626 151 
21628 354 
21651 47 
21684 34 
21695 863 
21805 225 
21811 3 
21906 133 
21980 68 
22185 33 
22241 21 
22398 205 
22453 44 
22532 38 
22577 269 
22578 188 
22594 19 
22604 41 
22611 14 
22627 189 
22696 48 
22715 1787 
22750 1 
22824 11 
22881 38 
22923 90 
23011 29 
23142 259 
23143 47 
23173 52 
23175 28 
23178 13 
23236 6 
23343 189 
23358 6 
23360 568 
23494 46 
23498 23 
23532 92 
23538 10 
23552 19 
23578 51 
23613 619 
23728 18 
23749 50 
23819 6 
23981 55 
24013 12 
24080 26 
24187 228 
24251 4 
24312 1333 
24390 49 
24394 22 
24658 35 
24736 12 
24756 50 
24969 105 
25009 124 
25069 24 
25408 142 
25410 146 
25411 96 
25425 8 
25486 311 
25601 27 
25619 34 
25656 71 
25687 78 
25854 84 
26081 56 
26148 142 
26168 33 
26191 7 
26211 49 
26219 22 
26223 56 
26293 11 
26307 126 
26473 41 
26530 6 
26541 1 
26603 57 
26778 106 
26855 6 
26875 39 
27023 91 
27076 170 
27105 10 
27505 179 
27531 19 
27614 99 
27668 42 
27785 24 
27873 37 
27916 134 
28423 33 
28480 24 
28513 114 
28628 57 
28669 32 
28745 259 
28850 51 
28912 83 
29238 31 
29326 12 
29383 39 
29426 52 
29613 7 
29753 23 
29847 23 
29883 121 
29941 56 
30031 93 
30045 23 
30092 10 
30202 125 
30246 18 
30319 40 
30482 6 
30494 19 
30646 6 
30719 48 
31128 20 
31135 20 
31145 21 
31148 95 
31154 11 
31221 84 
31273 3 
31284 72 
31529 26 
31542 8 
31679 46 
31860 186 
32189 15 
32198 18 
32494 73 
32529 25 
32567 142 
32815 55 
32848 32 
32905 15 
33084 55 
33147 12 
33252 180 
33388 21 
33408 48 
33594 21 
33942 20 
33995 19 
34014 705 
34035 8 
34049 113 
34067 716 
34105 3 
34276 28 
34378 2057 
34403 477 
34462 810 
34491 303 
34540 389 
34541 252 
34564 545 
34698 35 
34979 36 
35043 35 
35070 1116 
35080 42 
35172 16 
35220 599 
35228 28 
35407 40 
35515 487 
35641 2830 
35821 541 
35879 420 
35880 628 
35892 39 
35905 507 
35978 200 
36037 34 
36379 250 
36406 66 
36421 123 
36590 77 
36705 431 
36759 156 
36876 28 
37002 8 
37553 126 
37731 53 
38020 3 
38175 58 
38314 9 
38693 88 
39020 4 
39114 36 
39119 1481 
39232 10 
39255 768 
39793 12 
40132 2 
40547 24 
40559 641 
40910 20 
41561 50 
41613 48 
41652 120 
41764 82 
41783 170 
41854 29 
41874 10 
42423 77 
42462 82 
42965 294 
43012 107 
43027 80 
43584 2253 
43793 70 
44195 42 
44560 43 
45548 278 
45550 48 
47007 140 
47178 22 
47198 331 
47278 154 
47291 414 
48523 2 
48790 4 
49197 43 
49692 55 
49701 55 
51871 14 
52075 84 
54147 60 
54472 28 
55609 650 
59558 44 
59979 8 
63486 2 
65051 44 
66324 60 
67810 805 
68163 22 
68270 112 
69153 22 
69576 3444 
69825 990 
70222 760 
70570 85 
70993 84 
71648 7 
71946 14 
72541 21 
72731 33 
73383 29 
74086 6 
74227 89 
75093 11 
75203 31 
75259 135 
76176 12 
76350 70 
76487 10 
77921 9 
78037 106 
79690 16 
80689 221 
80764 375 
80775 23 
80877 16 
82061 80 
83476 39 
83827 236 
83943 321 
84036 124 
84181 8 
85088 40 
86417 3 
87235 114 
87824 31 
89568 820 
89599 109 
89982 702 
90073 1462 
90531 15 
91538 112 
91746 163 
91893 326 
91896 115 
92360 14 
92749 452 
92911 167 
93466 386 
93557 79 
94527 29 
94628 29 
95117 130 
95515 61 
96491 51 
97373 7 
98889 8 
98978 27 
101787 19 
102730 11 
102865 423 
104126 16 
105836 10 
105873 125 
106332 143 
108639 52 
110305 8 
110951 70 
116419 1077 
116676 17 
120283 37 
120829 65 
121293 46 
121875 460 
124588 84 
128354 30 
147413 12 
149789 107 
150927 67 
164430 12 
183381 101 
199814 33 
199862 12 
199911 1405 
203338 1897 
203567 254 
205167 65 
207662 70 
207696 42 
207892 217 
209885 156 
211906 20 
215348 63 
246420 42 
248316 76 
252955 18 
273405 187 
285701 183 
296461 105 
297340 0 
302086 38 
302888 38 
303747 0 
308021 30 
336587 5 
353207 833 
373186 86 
374010 14 
375314 54 
375476 13 
391422 34 
472016 8 
525130 70 
554301 38 
