3390 13.1164236111
0 11066736 
12 416 
12 693 
13 736 
14 184 
14 1535 
14 313 
18 146 
26 16 
28 120 
29 187 
40 3 
42 83 
42 646 
45 18 
49 31 
50 1377 
52 248 
54 21 
55 15 
65 321 
66 63 
68 77 
70 144 
70 135 
73 45 
77 130 
78 32 
81 87 
85 5 
89 109 
90 43 
92 5256 
92 1906 
93 78 
96 3 
100 1117 
101 103 
102 151 
102 24 
104 1288 
109 153 
111 106 
112 185 
116 368 
117 906 
117 23 
118 187 
118 36 
120 914 
121 72 
122 793 
124 12 
128 59 
129 236 
130 144 
131 853 
134 8 
140 56 
141 125 
145 74 
145 544 
147 1806 
148 60 
164 42 
166 171 
167 222 
170 32 
171 42 
176 136 
177 76 
177 72 
180 77 
180 11 
182 442 
183 793 
184 55 
184 384 
186 188 
189 213 
190 180 
190 62 
192 32 
193 809 
193 426 
195 80 
196 74 
201 1414 
207 48 
208 88 
210 395 
215 1122 
216 44 
217 68 
221 40 
221 921 
231 335 
233 288 
234 697 
296 130 
297 78 
298 221 
299 115 
302 56 
306 304 
308 95 
309 11 
311 69 
320 543 
321 58 
321 99 
322 36 
323 1312 
323 1903 
324 220 
327 13080 
328 354 
330 68 
330 9 
331 121 
331 1480 
332 328 
338 9 
343 699 
346 1732 
348 1562 
350 343 
352 501 
361 78 
362 61 
367 41 
369 1064 
370 2113 
375 108 
382 460 
392 40 
400 125 
402 609 
402 74 
404 18757 
409 99 
410 89 
412 330 
417 2435 
417 48 
422 3 
423 873 
423 17892 
423 204 
424 20 
425 30 
429 129 
430 26 
431 93 
437 498 
440 290 
441 53 
443 175 
446 2 
452 864 
453 584 
461 675 
464 693 
465 198 
470 1520 
476 21 
477 354 
478 1550 
478 1401 
484 621 
493 288 
495 93 
495 780 
496 125 
496 45 
497 11 
499 198 
499 797 
499 3503 
501 1302 
502 939 
504 31 
504 167 
504 1174 
505 172 
507 298 
510 118 
511 3886 
515 926 
517 446 
518 3985 
521 114 
526 78 
528 120 
530 155 
535 471 
535 1257 
538 823 
539 92 
548 761 
549 2779 
560 97 
561 25 
561 800 
573 167 
577 4525 
587 30 
589 1519 
592 30 
597 119 
597 30987 
598 710 
598 331 
599 123 
601 291 
601 169 
603 6 
606 863 
607 471 
609 4016 
611 3549 
611 361 
611 35 
613 21 
616 86 
622 72 
623 128 
623 102 
627 2229 
631 599 
633 199 
635 294 
645 4175 
645 1051 
645 40 
646 3897 
648 894 
648 618 
651 69 
651 87 
662 158 
667 33 
677 95 
679 3390 
747 222 
749 101 
750 273 
751 405 
753 2444 
753 10 
754 436 
755 914 
757 2333 
757 118 
760 186 
768 25 
774 385 
777 290 
782 663 
791 744 
791 1619 
802 596 
805 985 
807 40 
808 689 
808 40 
808 17 
816 110 
828 92 
831 3735 
838 652 
849 22 
849 234 
853 48 
865 185 
866 1061 
870 911 
882 2 
884 76 
891 210 
894 34 
895 50 
903 1460 
912 3486 
923 1411 
924 138 
924 3668 
929 6209 
931 304 
932 11 
934 62 
942 24 
944 963 
946 92 
949 339 
953 69 
957 91 
962 247 
963 1411 
967 499 
971 42 
982 1536 
987 112 
996 130 
1002 1555 
1005 40 
1006 461 
1010 401 
1011 70 
1026 284 
1026 19559 
1033 76 
1035 295 
1094 138 
1100 1682 
1123 137 
1135 987 
1151 275 
1156 206 
1161 698 
1165 204 
1167 1166 
1167 125 
1171 642 
1183 109 
1184 111 
1192 71 
1199 2047 
1201 768 
1209 418 
1211 388 
1250 69 
1252 444 
1254 94 
1266 1022 
1268 132 
1268 137 
1282 403 
1287 164 
1306 139 
1311 311 
1321 1423 
1324 39 
1326 239 
1327 194 
1329 256 
1347 250 
1352 2284 
1356 359 
1358 303 
1359 261 
1369 154 
1378 37 
1396 118 
1398 43 
1425 541 
1435 12 
1441 89 
1444 355 
1445 195 
1449 184 
1450 245 
1454 69 
1455 492 
1459 227 
1460 26 
1461 125 
1534 181 
1544 260 
1549 4886 
1552 198 
1566 257 
1566 30 
1589 327 
1590 50 
1597 346 
1602 281 
1602 18 
1605 1864 
1619 95 
1620 1027 
1641 116 
1647 618 
1648 264 
1653 4 
1658 516 
1661 413 
1662 862 
1668 782 
1674 199 
1675 55 
1750 553 
1754 12296 
1778 1911 
1780 673 
1781 1726 
1787 155 
1788 151 
1794 137 
1795 3723 
1798 460 
1801 874 
1805 69 
1820 229 
1822 1837 
1830 542 
1865 160 
1866 300 
1868 1535 
1868 928 
1883 699 
1923 208 
1924 109 
1928 240 
1933 446 
1954 348 
1954 625 
1963 7426 
1969 2 
1972 2166 
1972 76 
1980 110 
2005 261 
2028 624 
2031 1129 
2043 190 
2043 293 
2054 13594 
2064 243 
2066 36 
2073 3962 
2092 93 
2097 2372 
2098 14 
2116 300 
2125 1506 
2146 43 
2151 180 
2165 1369 
2175 1603 
2195 64 
2273 891 
2299 374 
2300 14 
2321 1031 
2321 64 
2330 672 
2331 46 
2358 2344 
2374 27 
2389 101 
2402 35 
2454 54 
2455 77 
2457 170 
2458 139 
2498 677 
2502 124 
2518 50 
2526 943 
2529 27 
2536 122 
2549 250 
2559 191 
2566 19406 
2566 170 
2598 1304 
2601 1065 
2604 1016 
2609 76 
2616 801 
2617 15 
2634 2 
2635 725 
2636 27 
2636 1353 
2675 47 
2684 2325 
2688 10640 
2692 67 
2720 11 
2725 92 
2751 3416 
2764 1313 
2768 26611 
2771 24 
2801 3759 
2821 1294 
2827 330 
2827 138 
2829 183 
2845 1502 
2846 2454 
2848 101 
2857 397 
2959 1713 
3002 22 
3015 839 
3017 206 
3038 645 
3050 55 
3050 2151 
3058 719 
3076 262 
3085 159 
3095 323 
3095 131 
3129 360 
3138 130 
3148 226 
3152 58 
3155 169 
3161 264 
3181 1410 
3186 158 
3194 260 
3210 1813 
3213 819 
3225 1410 
3236 2754 
3254 8367 
3261 5 
3287 939 
3300 387 
3312 979 
3357 663 
3374 2103 
3376 1183 
3396 660 
3397 1104 
3403 87 
3481 67 
3492 152 
3502 42 
3508 1612 
3514 9476 
3527 188 
3529 984 
3562 69 
3565 165 
3587 2352 
3589 9649 
3600 44 
3629 471 
3669 535 
3708 1094 
3713 188 
3728 481 
3747 1175 
3760 359 
3764 3853 
3779 90 
3781 396 
3797 1083 
3844 235 
3865 594 
3866 69 
3895 142 
3984 348 
3996 153 
3997 30 
4121 62 
4129 1584 
4129 492 
4171 668 
4189 291 
4201 5977 
4207 46 
4250 83 
4306 15 
4321 785 
4322 2205 
4326 644 
4363 72 
4370 51 
4380 12 
4403 34 
4454 1395 
4459 62 
4503 3294 
4577 813 
4598 110 
4653 164 
4663 22 
4678 441 
4690 13 
4694 1410 
4702 130 
4766 36 
4776 82 
4817 100 
4853 46 
4854 486 
4893 285 
4926 7972 
4952 302 
4953 1641 
4990 10 
5001 181 
5003 1572 
5010 696 
5039 227 
5043 113 
5062 4194 
5063 221 
5065 976 
5068 10051 
5073 492 
5075 103 
5086 1529 
5088 1734 
5099 355 
5103 1184 
5109 78 
5110 400 
5111 6744 
5113 155 
5113 33 
5117 1441 
5119 127 
5122 494 
5124 178 
5136 502 
5146 424 
5148 15 
5149 72 
5170 364 
5175 48 
5180 331 
5194 646 
5203 239 
5205 879 
5207 118 
5208 76 
5211 395 
5212 389 
5220 1201 
5220 35 
5222 76 
5232 85 
5239 277 
5258 213 
5270 61 
5273 474 
5273 434 
5285 101 
5288 263 
5288 1246 
5289 783 
5299 31 
5303 514 
5305 106 
5309 241 
5314 201 
5328 273 
5335 15 
5345 780 
5381 317 
5385 699 
5391 47 
5398 136 
5402 93 
5413 340 
5419 730 
5423 681 
5424 685 
5429 1656 
5434 346 
5449 378 
5468 275 
5483 60 
5486 682 
5487 3994 
5499 1394 
5503 1315 
5507 905 
5513 1607 
5520 62 
5530 807 
5532 92 
5536 41 
5548 599 
5552 297 
5568 487 
5579 429 
5587 199 
5590 191 
5595 93 
5629 459 
5639 47336 
5646 290 
5659 13 
5681 7520 
5697 1493 
5725 150 
5731 107 
5756 33 
5762 7124 
5778 435 
5780 56 
5789 292 
5789 140 
5794 117 
5799 665 
5814 529 
5827 95 
5853 81 
5861 223 
5880 10028 
5925 178 
5931 1214 
5955 132 
5989 39 
5997 138 
6018 454 
6057 24847 
6083 65 
6097 2514 
6104 6847 
6214 722 
6225 114 
6230 1367 
6265 2656 
6289 1 
6298 425 
6358 2109 
6380 276 
6385 3727 
6393 1235 
6401 1106 
6436 160 
6483 608 
6497 291 
6501 1262 
6548 1074 
6591 4804 
6611 1272 
6622 1055 
6643 52 
6658 2777 
6698 164 
6700 3087 
6720 213 
6731 247 
6747 512 
6763 23 
6775 135 
6860 128 
6911 102 
6923 1264 
6937 130 
6944 787 
6946 50 
6975 675 
6988 349 
7002 120 
7118 1260 
7126 138 
7131 51 
7141 188 
7147 195 
7169 47 
7251 114 
7256 131 
7369 100 
7372 18 
7509 332 
7526 1733 
7550 352 
7559 1218 
7566 230 
7574 6602 
7579 1619 
7606 531 
7620 233 
7664 664 
7677 9 
7691 42 
7765 833 
7768 1304 
7806 8 
7840 2209 
7854 50 
7859 99 
7885 1433 
7888 2382 
7993 369 
7993 369 
8014 197 
8014 197 
8015 567 
8015 567 
8041 1633 
8058 96 
8129 515 
8246 1094 
8294 1299 
8321 129 
8360 39 
8365 18 
8407 42 
8422 296 
8427 43 
8522 546 
8590 14 
8597 86 
8619 160 
8626 123 
8645 7 
8667 67 
8694 31 
8700 592 
8752 1313 
8762 1552 
8770 1301 
8784 271 
8800 127 
8809 1204 
8887 65 
9072 93 
9102 9279 
9150 1823 
9167 269 
9182 130 
9282 1223 
9388 302 
9449 23 
9459 688 
9469 1102 
9501 200 
9514 41 
9598 868 
9598 1747 
9606 331 
9651 155 
9652 5154 
9657 54 
9666 212 
9698 299 
9715 1302 
9732 170 
9733 167 
9743 124 
9753 264 
9775 10 
9777 36 
9778 855 
9787 37 
9797 1904 
9812 4 
9817 65 
9820 551 
9834 773 
9854 6 
9859 485 
9926 407 
9944 2 
9988 128 
10008 1112 
10009 970 
10046 26 
10155 239 
10194 167 
10196 2797 
10289 911 
10395 1624 
10417 130 
10463 511 
10630 8 
10634 2 
10646 162 
10656 1076 
10730 1983 
10806 697 
10895 88 
10898 723 
10918 110 
10941 34 
10966 1139 
10975 1031 
10996 309 
11039 159 
11048 44 
11067 188 
11127 588 
11302 10280 
11338 143 
11441 1595 
11447 2677 
11582 1784 
11675 220 
11699 246 
11730 480 
11743 9357 
11747 117 
11777 2310 
11852 489 
11866 765 
12022 62 
12086 262 
12193 125 
12238 1166 
12265 43 
12266 456 
12304 171 
12422 682 
12430 4676 
12447 1221 
12469 203 
12511 11027 
12516 1053 
12535 103 
12543 442 
12557 1291 
12585 104 
12588 526 
12590 54 
12623 109 
12666 1452 
12701 1212 
12738 2088 
12765 4284 
12787 104 
12789 6 
12836 177 
12938 496 
12940 360 
12950 3771 
12956 51 
13053 447 
13082 17 
13211 293 
13316 86 
13380 777 
13462 162 
13590 2524 
13619 120 
13675 3572 
13677 52 
13763 5254 
13880 903 
13902 1384 
13930 1120 
13978 102 
13998 74 
14015 496 
14118 558 
14164 257 
14337 12 
14351 242 
14355 900 
14377 595 
14518 236 
14558 278 
14820 483 
15039 108 
15172 8288 
15218 560 
15326 933 
15382 3632 
15452 5682 
15464 5318 
15477 461 
15547 9 
15591 870 
15665 378 
15734 649 
15744 2055 
15919 228 
15937 948 
15953 117 
15962 128 
16043 8 
16061 1745 
16077 137 
16094 7 
16116 84 
16136 399 
16140 3109 
16167 169 
16179 655 
16198 1904 
16258 7 
16338 1421 
16345 34 
16381 137 
16553 2263 
16582 485 
16600 126 
16636 5629 
16687 160 
16716 1120 
16751 1376 
16851 2250 
16863 3069 
16922 6173 
16949 69 
16989 885 
17139 1 
17178 36 
17316 4650 
17506 1252 
17552 391 
17601 75 
17676 281 
17730 14 
17969 488 
18019 346 
18116 65 
18124 1252 
18210 515 
18299 202 
18354 3608 
18573 134 
18683 513 
18856 948 
18910 922 
18980 146498 
19245 94 
19259 266 
19344 938 
19346 613 
19372 650 
19417 117 
19483 8430 
19624 2413 
19789 117 
19892 379 
19954 125 
20117 490 
20155 233 
20178 729 
20190 110 
20202 170 
20205 1262 
20254 1238 
20386 484 
20606 5306 
20615 788 
20616 1718 
20733 431 
20741 2041 
20866 7854 
20888 140 
21033 1903 
21042 155 
21043 101 
21051 259 
21063 142 
21075 267 
21310 398 
21399 111 
21461 78 
21475 478 
21479 134 
21537 1433 
21556 1491 
21616 7798 
21683 39 
21688 399 
21865 348 
21991 39 
22125 233 
22155 37 
22218 658 
22258 217 
22266 51 
22284 1212 
22288 816 
22331 10 
22356 146 
22379 710 
22512 36 
22513 970 
22626 1700 
22675 47 
22744 2912 
22990 1169 
22997 591 
23262 14 
23266 128 
23359 232 
23387 321 
23552 10 
23559 491 
23604 909 
23627 2852 
23720 1939 
23742 1069 
23776 30 
23814 1553 
23872 518 
23878 1137 
23882 99 
23884 9353 
24035 7410 
24058 4117 
24113 152 
24273 111 
24313 1917 
24325 1391 
24359 697 
24482 185 
24673 162 
24758 1351 
24771 1704 
24882 964 
24896 199 
24949 559 
24969 156 
24992 389 
25091 247 
25133 197 
25137 289 
25207 21 
25218 27582 
25243 800 
25321 88 
25349 692 
25394 783 
25435 535 
25468 4153 
25485 452 
25496 1372 
25566 10 
25570 814 
25777 84 
25778 313 
25813 1278 
25844 1686 
26215 9042 
26235 520 
26331 7552 
26355 2599 
26392 631 
26419 734 
26428 245 
26438 72 
26469 430 
26529 39 
26542 100 
26557 801 
26574 111 
26693 287 
26837 653 
26904 730 
26948 6985 
27041 489 
27044 1212 
27101 1493 
27233 2054 
27262 264 
27281 524 
27288 338 
27310 4083 
27349 966 
27364 330 
27406 949 
27434 840 
27457 374 
27498 67 
27641 246 
27697 172 
27701 174 
27725 2357 
27747 528 
27755 479 
27775 1293 
27787 1701 
27796 1683 
27844 414 
27867 575 
28000 1305 
28004 263 
28049 1291 
28054 84 
28165 16 
28181 8565 
28186 223 
28204 1075 
28221 1207 
28310 826 
28357 832 
28382 3924 
28399 540 
28449 11 
28678 120 
28737 8600 
28806 47 
28812 369 
28830 797 
28879 6744 
28954 29 
29031 2685 
29077 972 
29080 198 
29082 111 
29084 1852 
29197 133 
29220 7791 
29361 45 
29380 245 
29452 411 
29506 1370 
29540 1196 
29556 534 
29577 8269 
29627 428 
29673 959 
29769 75 
29777 400 
29820 1062 
29854 3120 
29866 1891 
29909 682 
29991 17 
29995 126 
30127 481 
30157 265 
30157 9177 
30220 130 
30229 977 
30421 2611 
30437 57 
30442 1498 
30475 568 
30559 31 
30596 106 
30661 131 
30687 66 
30709 1717 
30772 1577 
30774 91 
30792 15604 
30802 136 
30843 341 
30890 1657 
30891 58 
30923 17 
30939 545 
30987 1384 
30994 367 
31020 551 
31124 3073 
31211 235 
31223 413 
31315 4363 
31329 953 
31360 346 
31368 100 
31380 1020 
31390 1985 
31392 265 
31393 914 
31394 1972 
31402 88 
31423 1153 
31432 362 
31471 130 
31492 1583 
31521 2521 
31536 192 
31538 406 
31566 225 
31580 4625 
31630 296 
31631 10194 
31658 613 
31667 1638 
31685 55 
31688 644 
31731 171 
31736 286 
31745 1592 
31746 15 
31746 734 
31780 21 
31782 165 
31798 316 
31816 1087 
31845 6163 
31867 10060 
31893 1727 
31899 235 
31902 76 
31913 335 
31996 1287 
32013 5 
32019 45 
32056 933 
32082 395 
32276 153 
32306 1475 
32309 685 
32317 2112 
32323 449 
32435 432 
32480 832 
32526 2216 
32661 603 
32682 229 
32696 287 
32710 5131 
32718 803 
32722 32142 
32734 220 
32745 142 
32782 2954 
32812 764 
32874 257 
32888 153 
32911 1519 
32916 733 
32926 6265 
33142 306 
33146 248 
33156 47 
33164 2437 
33222 589 
33252 501 
33268 3501 
33320 407 
33326 851 
33349 352 
33356 235 
33364 41158 
33378 993 
33384 757 
33389 1336 
33456 1523 
33492 515 
33530 3717 
33572 148 
33582 257 
33584 1299 
33633 42 
33669 811 
33804 47 
33827 1088 
33830 722 
33837 4363 
33841 200 
33938 1459 
33941 89 
33944 340 
33961 165 
33978 273 
33984 206 
34041 539 
34046 1632 
34060 37 
34105 582 
34198 203 
34253 1818 
34283 2250 
34284 2028 
34288 793 
34317 655 
34373 2014 
34408 472 
34411 1812 
34412 148 
34444 166 
34449 1079 
34494 1426 
34555 6 
34565 66 
34573 290 
34578 1171 
34647 293 
34666 842 
34676 219 
34712 316 
34720 412 
34804 650 
34938 69 
34958 323 
34968 855 
35089 946 
35145 1721 
35224 5 
35244 159 
35274 7486 
35344 1006 
35355 1119 
35371 201 
35417 285 
35485 108 
35499 1436 
35515 408 
35528 210 
35622 402 
35760 402 
35779 2304 
35797 1222 
35866 4441 
35867 2181 
35893 390 
35918 582 
35924 110 
36011 706 
36012 23 
36018 145 
36021 208 
36156 146 
36156 146 
36163 318 
36163 318 
36393 926 
36404 2552 
36440 648 
36450 4146 
36453 3187 
36495 77 
36508 4405 
36537 374 
36561 6190 
36596 587 
36616 278 
36616 1085 
36633 184 
36644 128 
36724 7410 
36735 1222 
36743 10291 
36779 2940 
36793 214 
36811 104 
36838 2029 
36854 140 
36866 4167 
36866 1234 
36877 90 
36878 4816 
36957 534 
36995 148 
37020 123 
37025 207 
37027 233 
37039 293 
37051 1459 
37058 183 
37117 1666 
37122 3107 
37219 222 
37304 1622 
37408 1883 
37424 6281 
37527 538 
37539 97 
37563 11 
37578 1520 
37618 1876 
37651 901 
37738 73 
37775 366 
37793 224 
37796 446 
37813 131 
37847 2838 
37888 689 
37897 165 
37960 1042 
38038 1969 
38038 584 
38069 189 
38089 518 
38379 649 
38448 140 
38457 186 
38463 553 
38481 1622 
38578 114 
38584 3046 
38605 251 
38688 3792 
38743 416 
38751 85 
38777 488 
38794 131 
38814 533 
38876 150 
39073 180 
39134 3757 
39327 1858 
39345 609 
39360 347 
39364 3004 
39437 34 
39449 508 
39483 55 
39506 356 
39608 2905 
39609 96 
39843 552 
39865 461 
39903 22 
39919 41 
39930 7451 
39947 18 
39950 378 
40020 2006 
40039 543 
40080 968 
40151 294 
40340 6209 
40414 1138 
40456 617 
40500 1024 
40550 721 
40664 2573 
40720 63 
40723 443 
40725 642 
40785 81 
40789 541 
40840 620 
40844 8141 
40900 418 
40903 626 
40926 3320 
40998 98 
41004 820 
41034 1982 
41060 4333 
41085 33 
41095 87 
41113 298 
41118 732 
41149 1353 
41151 1687 
41160 421 
41162 1108 
41179 170 
41218 670 
41240 5356 
41265 1184 
41272 819 
41340 597 
41369 51 
41415 243 
41473 623 
41489 4411 
41559 671 
41559 332 
41585 181 
41597 94 
41657 856 
41663 346 
41695 464 
41697 80 
41703 1379 
41722 10457 
41735 1844 
41743 315 
41765 390 
41781 226 
41805 120 
41853 1417 
41883 415 
42051 442 
42138 187 
42160 37 
42214 19 
42269 537 
42288 287 
42291 5476 
42389 52128 
42403 1746 
42404 1070 
42410 277 
42417 985 
42427 1028 
42455 2035 
42458 1082 
42467 486 
42467 143 
42483 470 
42500 448 
42515 1219 
42564 5279 
42598 2572 
42634 326 
42641 348 
42762 218 
42809 80 
42830 2456 
42867 1419 
42883 188 
42961 893 
43041 146 
43063 507 
43069 604 
43071 94 
43137 1390 
43153 262 
43220 71 
43236 1142 
43259 1667 
43319 116 
43338 4 
43340 19 
43364 517 
43371 107 
43419 416 
43440 2786 
43443 18 
43446 71 
43475 1114 
43485 603 
43559 4533 
43572 136 
43596 369 
43599 260 
43611 5322 
43622 1473 
43664 520 
43706 1700 
43750 898 
43755 1075 
43778 226 
43790 194 
43836 253 
43858 2168 
43933 0 
43962 944 
44043 1278 
44043 469 
44048 1094 
44229 13095 
44244 1098 
44244 460 
44369 1072 
44387 179 
44388 81 
44413 454 
44449 342 
44462 10967 
44554 590 
44579 607 
44615 144 
44685 109 
44858 574 
45085 626 
45162 8902 
45205 163 
45240 1510 
45261 458 
45450 1442 
45451 85 
45457 831 
45471 1059 
45475 365 
45496 585 
45502 38 
45545 2836 
45571 1097 
45601 2919 
45685 681 
45824 3265 
45842 65 
45983 2180 
45986 2068 
46011 761 
46155 16 
46241 263 
46260 1916 
46261 626 
46300 2710 
46301 922 
46313 194 
46327 268 
46339 6288 
46348 262 
46351 1369 
46377 362 
46393 1003 
46399 2399 
46456 565 
46456 649 
46478 929 
46478 192 
46481 1250 
46482 23 
46515 404 
46679 1387 
46684 88 
46695 196 
46701 1839 
46738 1013 
46757 753 
46771 304 
46776 1983 
46881 1040 
46903 1035 
46944 494 
46965 230 
46998 173 
46999 1472 
47033 6417 
47074 247 
47089 102 
47105 1037 
47122 1442 
47170 63 
47203 311 
47208 264 
47275 2134 
47290 143 
47313 4373 
47346 115 
47347 983 
47352 412 
47355 3206 
47357 653 
47417 1462 
47542 818 
47556 925 
47560 819 
47590 1840 
47614 259 
47616 430 
47624 1683 
47648 1393 
47659 1470 
47701 1411 
47710 307 
47769 1203 
47833 20540 
47877 126 
47882 18 
47945 18 
47957 955 
48008 908 
48033 426 
48041 2261 
48091 795 
48093 257 
48133 659 
48147 130 
48266 1614 
48281 2530 
48297 3324 
48328 1194 
48394 149 
48438 1008 
48460 802 
48479 7997 
48547 2191 
48566 419 
48589 650 
48589 269 
48632 259 
48834 963 
48859 5490 
48895 249 
48930 628 
48970 481 
48995 1164 
49035 606 
49073 1331 
49077 778 
49230 2570 
49253 15060 
49254 1183 
49262 483 
49294 28 
49303 73 
49316 7381 
49316 19284 
49333 259 
49359 2494 
49401 1000 
49434 468 
49447 524 
49467 83 
49532 904 
49534 530 
49555 196 
49604 124 
49618 821 
49631 980 
49707 62 
49731 292 
49744 107 
49764 159 
49779 261 
49799 1597 
49828 29 
49865 328 
49927 2691 
49945 11644 
49947 163 
49988 255 
49994 710 
50013 4180 
50031 484 
50060 4394 
50119 2257 
50141 253 
50219 82 
50229 687 
50253 4233 
50304 202 
50321 54 
50360 2560 
50363 546 
50367 379 
50380 842 
50482 466 
50494 8200 
50495 2212 
50578 147 
50614 115 
50703 338 
50737 1383 
50746 407 
50756 321 
50791 1016 
50826 728 
50884 348 
50889 296 
50905 174 
50985 947 
51055 1015 
51061 427 
51088 576 
51092 215 
51100 2225 
51209 658 
51211 2845 
51315 406 
51383 601 
51428 2051 
51594 99 
51608 1152 
51637 307 
51860 113 
51883 472 
51892 814 
51917 2139 
51993 120 
52020 371 
52085 124 
52119 200 
52226 126 
52284 1590 
52344 254 
52385 669 
52392 6333 
52396 368 
52413 246 
52421 1351 
52448 900 
52456 830 
52481 6478 
52484 158 
52552 1032 
52554 446 
52599 59 
52630 106 
52775 429 
52775 3059 
52788 341 
52951 33 
52961 484 
53109 792 
53141 525 
53154 424 
53222 8049 
53233 4806 
53258 419 
53307 256 
53318 794 
53319 3402 
53336 3919 
53337 82 
53359 976 
53360 585 
53372 284 
53402 2846 
53412 62 
53443 269 
53559 1125 
53571 320 
53617 2156 
53644 99 
53725 671 
53763 62 
53792 3376 
53859 564 
53999 3364 
54034 500 
54060 156 
54139 227 
54142 453 
54208 1665 
54256 1790 
54264 68 
54311 895 
54344 482 
54367 365 
54369 870 
54394 475 
54450 97 
54462 158 
54472 642 
54484 548 
54516 244 
54552 1215 
54562 1671 
54584 295 
54603 1181 
54603 1001 
54623 807 
54630 75 
54630 1113 
54729 9700 
54751 173 
54782 95 
54814 788 
54825 28 
54963 2749 
55003 258 
55020 837 
55138 417 
55221 299 
55272 93 
55353 72 
55485 302 
55488 1162 
55508 3568 
55535 10828 
55595 66 
55604 73 
55605 1138 
55615 113 
55641 564 
55685 245 
55702 571 
55733 5683 
55738 82 
55745 476 
55760 2430 
55783 796 
55801 568 
55847 1311 
55871 435 
55876 2065 
55883 243 
55891 458 
55960 119 
55966 36271 
55974 181 
55976 1185 
55989 0 
56007 213 
56121 450 
56164 235 
56231 688 
56247 204 
56287 150 
56319 412 
56374 17 
56389 779 
56486 182 
56529 764 
56551 1278 
56580 446 
56646 119 
56742 806 
56799 169 
56814 3147 
56877 73 
56923 1429 
57144 847 
57164 1269 
57170 285 
57176 1269 
57227 22 
57229 757 
57366 344 
57372 1271 
57377 1467 
57384 1890 
57394 768 
57409 805 
57424 101 
57496 505 
57525 261 
57588 6670 
57652 240 
57658 351 
57712 636 
57809 76 
57846 384 
57854 1286 
57878 661 
57893 479 
57906 2420 
57921 676 
57934 1038 
57942 686 
57964 14636 
58074 743 
58079 1453 
58086 1768 
58108 4521 
58147 555 
58169 277 
58174 66 
58200 2875 
58247 37 
58309 673 
58341 980 
58476 1039 
58561 746 
58606 5443 
58632 10863 
58689 101 
58694 33713 
58765 1811 
58797 791 
58802 860 
58848 958 
58864 1175 
58872 804 
58920 6085 
58948 721 
59031 259 
59052 368 
59210 1665 
59231 396 
59354 28 
59456 1292 
59464 174 
59470 1752 
59478 40 
59484 633 
59496 295 
59525 1322 
59612 200 
59710 812 
59720 148 
59793 360 
59799 109 
59848 5050 
59861 1370 
59941 3123 
59953 629 
59971 2706 
60095 593 
60097 2602 
60109 2339 
60143 907 
60317 480 
60321 244 
60354 2126 
60384 25 
60393 720 
60405 152 
60490 739 
60690 471 
60704 1299 
60722 12 
60742 3135 
60770 6317 
60782 203 
60798 372 
60801 217 
60801 723 
60895 1968 
60898 414 
60930 177 
60947 629 
60959 432 
60984 82 
61002 73 
61073 913 
61078 632 
61082 589 
61112 14577 
61122 81 
61133 12085 
61153 1309 
61173 256 
61180 1401 
61188 807 
61192 405 
61197 938 
61202 2690 
61205 1755 
61216 665 
61252 166 
61269 1186 
61294 1522 
61314 673 
61339 141 
61353 732 
61419 331 
61439 896 
61466 1438 
61467 3448 
61497 293 
61524 733 
61540 1908 
61577 268 
61622 868 
61663 8561 
61666 55 
61682 6033 
61702 671 
61706 3377 
61720 1057 
61747 9419 
61758 864 
61772 1824 
61790 550 
61802 811 
61803 1782 
61806 2591 
61815 2841 
61826 867 
61835 3105 
61844 643 
61914 136 
61923 1139 
61962 391 
61985 589 
62011 432 
62030 163 
62074 894 
62148 607 
62164 234 
62251 1179 
62305 42 
62364 7193 
62435 3127 
62477 120 
62502 403 
62543 644 
62549 2230 
62580 1829 
62613 6622 
62616 649 
62620 872 
62633 261 
62639 1676 
62640 304 
62648 112 
62676 61 
62697 1336 
62714 1694 
62776 308 
62792 270 
62901 3159 
62918 819 
62968 1200 
62978 2288 
63060 1432 
63108 65 
63198 1238 
63212 261 
63226 126 
63259 1437 
63322 663 
63341 492 
63391 379 
63398 133 
63419 1482 
63428 1542 
63441 1337 
63503 242 
63700 4074 
63706 2140 
63773 89 
63794 1464 
63897 167 
63925 567 
63956 784 
63982 25 
63985 119 
64006 479 
64016 425 
64045 31 
64055 27 
64091 281 
64135 219 
64174 1498 
64310 236 
64377 312 
64428 117 
64449 2599 
64474 804 
64478 616 
64549 598 
64609 218 
64715 1864 
64717 323 
64752 275 
64881 29 
64899 1038 
64922 43 
64941 457 
65050 716 
65087 461 
65202 514 
65203 374 
65232 431 
65299 1115 
65299 123 
65305 9169 
65342 1275 
65342 1275 
65401 3585 
65411 3229 
65442 4531 
65523 22 
65525 1970 
65557 901 
65623 173 
65627 21 
65635 741 
65639 335 
65665 341 
65757 656 
65807 901 
65833 376 
65846 145 
65855 1950 
65963 292 
66048 71 
66070 62 
66091 259 
66095 1162 
66129 60 
66147 842 
66177 560 
66241 3464 
66250 662 
66372 461 
66378 1212 
66379 914 
66437 160 
66572 554 
66612 555 
66772 78 
66831 6 
66905 242 
66913 410 
66948 779 
66956 466 
66983 12731 
67006 586 
67032 583 
67043 1267 
67049 171 
67067 802 
67083 594 
67108 191 
67175 623 
67183 473 
67227 190 
67268 26 
67318 456 
67373 85 
67384 544 
67425 173 
67439 802 
67538 453 
67580 1426 
67648 717 
67651 82 
67698 2872 
67782 475 
67851 534 
67944 89 
68019 209 
68022 9 
68208 408 
68219 1494 
68288 328 
68314 197 
68515 3646 
68533 1007 
68624 387 
68655 1969 
68674 142 
68716 405 
68716 1645 
68725 2330 
68784 778 
69018 1425 
69051 318 
69067 1502 
69151 234 
69154 402 
69287 2 
69317 328 
69384 587 
69440 1538 
69458 1550 
69562 33 
69611 563 
69745 2536 
69816 0 
69867 76 
69873 1050 
69903 1931 
69919 10725 
69927 584 
69954 41 
69965 613 
69977 318 
70094 130 
70147 1322 
70157 934 
70166 430 
70197 390 
70268 671 
70378 1154 
70425 1200 
70439 912 
70449 1642 
70482 27 
70539 2392 
70549 4 
70550 332 
70575 11 
70584 107 
70648 109 
70661 820 
70713 511 
70725 47 
70738 1186 
70759 212 
70763 380 
70773 462 
70777 393 
70781 388 
70804 9043 
70880 409 
70883 261 
70947 961 
71030 139 
71041 1672 
71046 1048 
71074 1452 
71094 309 
71145 356 
71259 2 
71274 1310 
71309 148 
71330 96 
71353 771 
71408 349 
71469 1401 
71548 551 
71764 725 
71866 539 
71905 1043 
71938 1588 
71968 370 
72147 428 
72308 186 
72392 276 
72470 131 
72502 242 
72808 393 
72817 6865 
72854 920 
72878 702 
72879 18 
72978 168 
73226 715 
73236 221 
73242 487 
73300 103 
73353 32 
73354 995 
73414 176 
74145 48 
74203 282 
74431 157 
74450 86 
74599 750 
74630 252 
74794 869 
74807 1766 
74818 787 
74839 2527 
74879 782 
75024 3729 
75150 538 
75173 192 
75315 204 
75366 720 
75402 221 
75463 1361 
75684 257 
75744 759 
75750 884 
75783 694 
75883 5135 
75913 517 
76087 270 
76279 719 
76287 653 
76299 1056 
76312 276 
76577 129 
76597 421 
76702 947 
76758 210 
76783 790 
76840 12798 
76997 1099 
77004 182 
77011 232 
77026 115 
77107 273 
77133 133 
77189 2940 
77223 334 
77364 3705 
77384 1409 
77432 1029 
77452 996 
77525 1108 
77748 53 
77758 967 
77764 1582 
77797 305 
77825 1541 
77914 1065 
77924 406 
77989 239 
78185 469 
78307 327 
78385 2194 
78422 770 
78425 1301 
78531 576 
78554 280 
78593 345 
78602 807 
78614 3419 
78616 1616 
78644 1359 
78657 989 
78701 306 
78720 3310 
78764 162 
78876 1258 
78988 545 
79008 5 
79036 138 
79043 1290 
79075 440 
79083 299 
79100 1176 
79198 307 
79255 510 
79294 1411 
79305 1859 
79329 702 
79518 105 
79539 4 
79549 2376 
79564 339 
79599 1025 
79612 122 
79624 472 
79664 405 
79679 121 
79792 229 
79874 1079 
79992 2935 
79997 1058 
80027 4543 
80211 327 
80267 88 
80388 594 
80403 340 
80404 329 
80490 18 
80620 1301 
80679 515 
80955 2842 
80961 794 
80971 749 
81018 366 
81110 316 
81130 237 
81437 8719 
81582 2347 
81596 203 
81600 3204 
81621 1402 
81639 224 
81769 653 
81891 303 
82029 2036 
82033 232 
82065 67 
82098 532 
82114 973 
82128 831 
82173 707 
82173 642 
82499 332 
82602 1598 
82684 451 
82936 50 
82944 422 
83049 4120 
83108 11 
83363 1258 
83459 130 
83721 400 
83833 2147 
83849 1551 
83866 997 
83882 4556 
83897 742 
83936 222 
83945 24 
83964 255 
83983 891 
84014 893 
84106 389 
84118 1043 
84266 49 
84440 39 
84484 3434 
84642 1106 
84704 470 
84794 1326 
84834 557 
85133 53 
85290 14 
85397 3460 
85409 827 
85465 62 
85567 370 
85576 4 
85921 1716 
85958 1259 
85959 3059 
86045 411 
86124 485 
86291 805 
86386 252 
87026 80 
87285 913 
87443 255 
87574 93 
87624 1 
87740 137 
87753 76 
87855 1178 
88145 1801 
88454 838 
89374 316 
89388 240 
89613 199 
89620 786 
90346 402 
90477 650 
91160 3351 
91242 232 
91299 48 
91685 235 
91722 36 
91723 79 
91868 346 
91904 66 
92777 1533 
92856 720 
92906 438 
93132 72 
93433 952 
93787 19 
93949 276 
94074 1149 
94101 1742 
94413 2113 
94575 1187 
94622 108 
95464 42 
95512 220 
95782 3165 
95826 382 
96022 89 
96210 1563 
96214 556 
96279 345 
96413 687 
96420 231 
96717 503 
97192 208 
97205 273 
97827 87 
99370 2173 
100324 726 
100878 277 
100979 352 
101311 917 
102633 298 
102679 36 
102691 216 
104769 497 
105459 130 
105633 100 
105774 941 
106510 2457 
106804 400 
107269 524 
107815 384 
109802 249 
110463 235 
110523 996 
110925 517 
110961 280 
112249 1708 
112689 1339 
113022 321 
113128 189 
113389 237 
114235 175 
115439 823 
115657 978 
116160 104 
116776 185 
117251 1140 
117823 962 
117874 14 
118025 999 
118100 44 
118247 731 
118452 1787 
119125 159 
119661 221 
119712 6926 
120028 1857 
120429 89 
120570 1770 
120633 770 
120660 798 
120729 233 
120732 165 
120766 1159 
120975 1031 
121598 166 
121631 388 
122046 1419 
122162 1839 
122178 40 
122376 502 
122389 337 
122857 219 
123535 4460 
123560 124 
123577 779 
123619 151 
123628 613 
124230 1327 
124531 420 
124724 720 
124879 397 
125177 220 
125366 105 
125490 643 
126545 170 
126551 105 
127177 1420 
127773 112 
128033 812 
128219 13497 
128254 1038 
128550 287 
128678 98 
129425 2277 
129551 127 
129651 40 
129658 647 
131034 1359 
131309 1429 
132772 167 
132794 39 
132954 816 
133371 495 
134148 1450 
134423 561 
134725 133 
134743 210 
134937 226 
134980 841 
135043 324 
135085 610 
135244 2703 
135274 15 
135391 4507 
135407 1564 
135419 11 
135455 419 
135467 1306 
135477 352 
135487 414 
135512 202 
135555 428 
135907 33 
136002 124 
136364 1328 
137099 1925 
137507 1743 
137525 845 
137875 363 
137925 27360 
137947 664 
137968 2270 
137976 657 
138460 11 
138671 232 
140273 774 
140310 90 
140381 585 
140385 774 
140511 196 
140635 1811 
140824 1455 
140863 2460 
142151 1184 
142626 675 
142792 272 
143043 254 
143121 3717 
143134 6131 
143240 62 
143245 296 
143293 335 
143337 748 
143496 1147 
143605 16 
143666 77 
143819 30 
144599 905 
144657 1579 
144846 114 
145871 197 
146316 533 
146327 118 
146720 1110 
147264 152 
147354 2074 
147387 369 
147412 136 
147485 725 
147746 2665 
147875 1467 
147928 1034 
148689 438 
149386 2301 
149655 1570 
149705 238 
150220 305 
150336 498 
150444 301 
150594 443 
150660 208 
150670 198 
150804 10460 
150832 1875 
150850 2041 
150864 2394 
150913 369 
150923 2124 
150931 1147 
151014 2685 
151135 652 
151139 873 
151634 206 
151815 1064 
152268 1177 
152679 2549 
152691 148 
152754 772 
152986 776 
153158 5061 
153266 5306 
153531 1026 
153557 2188 
153633 367 
153704 485 
153804 204 
153983 5449 
154047 323 
154083 430 
154200 2404 
154225 725 
154383 56 
154469 270 
154469 624 
154485 394 
154513 1666 
155504 47 
155790 4008 
155812 1495 
156087 29368 
156128 793 
156195 133 
156219 240 
156222 163 
156234 597 
156238 253 
156250 1532 
156522 243 
156953 710 
157033 1051 
157209 155 
157460 376 
157503 1300 
158294 4117 
158330 672 
158367 61 
158375 824 
158446 298 
159238 539 
159354 362 
159626 782 
159812 707 
160233 69 
160265 956 
160287 1648 
160348 173 
160645 386 
160750 277 
160985 572 
161236 411 
161276 944 
161767 85 
161952 1654 
162056 2 
162224 281 
163773 30 
163939 1892 
164064 198 
165515 320 
166559 793 
166806 151 
167216 893 
168451 1828 
168516 144 
168939 903 
169402 2465 
169433 766 
169547 920 
169564 15268 
169580 90 
169593 1640 
169633 62 
169634 63 
169747 250 
169758 23 
170279 3328 
170377 490 
170428 601 
170672 350 
170882 955 
172631 9497 
172670 453 
172709 3304 
172780 390 
172792 277 
172955 2907 
173110 755 
173226 474 
173590 40 
173763 46 
174468 123 
174690 130 
175696 371 
175759 88 
176198 162 
176281 288 
177055 326 
177580 742 
179400 132 
179631 4930 
179775 147 
180512 276 
180761 2300 
183237 172 
184853 4978 
184908 1097 
185183 539 
186952 890 
187105 555 
188893 69 
193151 1807 
194944 572 
195006 108 
195150 4870 
196481 1006 
196554 859 
196578 306 
197301 1390 
197399 1409 
197428 3091 
197465 620 
197496 295 
197711 548 
198104 139 
198580 366 
198811 267 
199045 267 
199667 528 
200157 230 
200433 423 
200604 262 
200655 7545 
201528 64 
201826 248 
202359 598 
202802 708 
202856 133 
203996 514 
204085 580 
204152 1251 
205698 2488 
205777 185 
205970 756 
206165 1896 
208470 374 
208471 844 
208790 977 
209224 169 
210072 1448 
210595 322 
210746 103 
210966 626 
211135 1314 
211184 607 
211248 510 
211443 371 
211489 2245 
212640 295 
214144 1445 
214178 1414 
214239 1495 
214306 206 
215250 206 
215354 1957 
215488 837 
215877 332 
216152 175 
216597 830 
217020 2205 
217125 8103 
217154 888 
217504 515 
217707 1940 
217778 405 
217778 405 
217778 405 
217856 65 
218500 230 
218971 65 
219233 2421 
219319 305 
220111 51 
220244 1467 
220268 116 
220319 167 
220948 612 
220952 644 
220983 226 
221036 299 
221098 199 
221169 294 
221610 296 
221816 187 
222438 382 
222629 77 
222777 7154 
222801 1156 
222831 486 
222850 486 
222912 2272 
222927 2040 
223888 1204 
223911 797 
223991 2593 
225031 2013 
225080 132 
226059 1128 
227234 654 
227272 141 
227880 541 
227998 778 
228039 989 
228063 16 
228069 36 
228318 188 
228391 2370 
230024 153 
230625 2 
231250 67 
231400 1390 
231474 150 
231533 7300 
231636 3407 
231723 113 
231781 189 
231805 5802 
231938 119 
232473 184 
232694 245 
232742 2056 
232962 242 
233024 1434 
233237 710 
233594 218 
233733 16 
233823 392 
233848 1618 
233853 310 
233926 854 
234005 1277 
234079 1112 
234234 1539 
234292 926 
234336 1332 
234545 201 
234897 373 
235071 1453 
235384 52 
236641 154 
236740 527 
236749 316 
236803 574 
237830 341 
238020 109 
238175 419 
238900 323 
239026 262 
239154 846 
239604 25 
239693 770 
240722 441 
240916 5005 
241311 1092 
241936 773 
242643 498 
242657 575 
242687 2180 
242697 238 
242736 267 
243450 940 
243662 907 
244161 41 
244327 33 
244905 150 
245885 1308 
246231 123 
246797 1925 
246901 152 
247076 92 
247402 331 
248712 12 
248742 650 
249203 242 
249546 304 
250486 16 
251111 499 
251600 538 
252167 688 
252450 1145 
253358 3520 
253418 1376 
254043 500 
254440 152 
254447 81 
255754 1277 
255903 401 
256597 6986 
256606 1044 
256691 699 
258479 843 
258663 24 
260132 279 
260565 780 
263357 1725 
263528 295 
263636 870 
264605 2098 
269933 1713 
270510 610 
272433 711 
273954 1482 
277300 1441 
277534 149 
277902 142 
282252 1255 
287393 175 
290730 1240 
290835 1154 
291003 2895 
291012 154 
291049 1079 
293335 62 
293381 724 
295481 2872 
295517 1263 
295533 115 
296565 1621 
296565 229 
296639 655 
297909 820 
300127 1464 
300208 303 
300536 2076 
302571 697 
303071 1759 
303589 146 
303849 57 
303920 1329 
303955 488 
303962 152 
304637 1263 
304931 18 
307629 8 
308370 193 
309758 417 
309831 2406 
310569 2084 
313838 702 
313924 184 
314013 33 
314064 426 
314158 1577 
314193 2059 
314245 384 
316140 119 
316490 465 
316683 53 
316707 366 
319468 315 
321882 1168 
321905 1218 
322095 959 
322118 578 
322863 121 
323085 862 
323217 251 
324113 702 
324476 3613 
324496 722 
324519 870 
324523 1243 
325095 3990 
325231 998 
325247 831 
325780 750 
327592 1469 
327670 952 
329541 108 
329671 250 
330555 240 
332813 988 
332940 372 
332961 80 
335190 162 
336344 87 
340458 527 
343426 1439 
344835 219 
345962 85 
346665 131 
351614 679 
358600 1183 
360938 146 
361512 2090 
361915 226 
362205 1690 
366181 302 
366595 348 
367009 267 
367531 584 
369021 228 
369116 248 
369449 1258 
370910 867 
371123 11 
371515 982 
372265 70 
373808 1628 
376032 24 
376269 54 
376500 350 
376511 1862 
377727 696 
378585 231 
380990 483 
382146 207 
382851 431 
383644 303 
384151 421 
386761 98 
388781 27 
391199 392 
393484 94 
393994 32 
394000 32 
398942 329 
399322 396 
401144 620 
407574 3657 
407711 2258 
408720 54 
409897 680 
412334 416 
412406 2 
413126 66 
414346 412 
415384 4927 
415536 310 
416049 1149 
418374 954 
418836 1322 
419378 873 
419515 1289 
420922 1811 
421161 942 
421454 1275 
421476 393 
421488 320 
421494 142 
422596 140 
422708 1033 
422872 1155 
422961 93 
423874 911 
424388 84 
425759 2139 
425952 308 
430336 613 
436122 242 
436466 1068 
436859 310 
437424 2454 
438171 480 
438367 492 
439004 152 
439287 4 
441352 842 
442617 714 
442641 97 
443340 477 
445526 98 
448589 467 
448967 492 
450109 11 
452159 1040 
452197 2747 
452285 506 
452370 95 
452674 155 
452688 641 
452807 1371 
453984 1061 
455599 307 
456098 236 
456594 404 
457739 439 
457747 255 
457912 618 
458296 1202 
458469 1649 
458600 1430 
458600 1430 
458922 838 
459024 1130 
459288 348 
459294 329 
459608 543 
459655 311 
461070 439 
461605 452 
461866 113 
462237 227 
462383 2232 
464853 85 
465396 5768 
465576 616 
466832 864 
467297 369 
467318 184 
468680 3292 
468961 6072 
469552 21 
470919 216 
471607 1088 
471609 3199 
471647 1198 
473603 462 
477081 300 
477503 4505 
477891 1279 
478021 678 
478159 94 
478362 590 
478523 170 
478661 949 
479203 214 
479704 132 
480176 115 
482933 618 
483003 1133 
484773 231 
484969 1165 
484982 1448 
484986 1482 
485448 1073 
487325 119 
487823 1174 
488342 1 
491230 13 
491553 74 
492266 227 
493860 534 
495467 26 
495920 129 
496604 235 
496835 3995 
496869 1324 
497901 1738 
498310 384 
498437 11 
498510 618 
498774 1053 
498794 1805 
501615 466 
502461 492 
503161 441 
503359 738 
504137 320 
507589 2278 
508496 1754 
508497 709 
509324 406 
510711 633 
512166 1791 
512445 6700 
512474 153 
513205 427 
514075 236 
514424 7 
519506 153 
521837 3225 
521886 137 
522501 449 
527725 210 
539339 179 
540461 51 
542366 378 
542401 2693 
542591 739 
542683 1011 
550074 4210 
550184 859 
550531 2 
550765 1028 
551289 531 
554031 133 
556691 464 
560915 1359 
570552 227 
572104 319 
572193 88 
572337 164 
573375 856 
579885 382 
584065 122 
588778 3662 
591127 182 
592109 700 
592287 1714 
596569 1380 
598543 226 
599253 88 
