2599 12.9923726852
0 48370 
15 2287 
18 395 
32 1437 
41 294 
127 26 
163 41 
171 277 
187 107 
189 65 
211 46 
245 1719 
279 248 
281 182 
462 28 
479 46 
512 192 
784 35 
786 201 
826 117 
1053 429 
2015 100 
3196 44 
4555 28 
4702 6 
5562 40 
7600 5 
7752 23 
14015 44 
20985 216 
21415 1687 
21643 1003 
23403 25 
34999 170 
38645 9 
42116 31 
47698 1705 
48505 348 
49187 43 
49653 24 
50821 73 
50840 176 
52561 11 
54996 303 
55759 6 
57218 78 
57846 80 
62672 1773 
63210 142 
64378 29 
68716 361 
69475 40 
69749 111 
70817 50 
70836 45 
72421 58 
72708 169 
72958 257 
73392 1996 
73883 145 
74134 308 
77136 235 
77176 279 
77687 23 
78927 19 
79171 58 
79789 45 
80028 771 
80049 2329 
80105 1534 
80231 333 
80278 140 
80286 118 
80490 181 
80504 20 
80542 749 
80572 41 
80585 1124 
80629 223 
80639 57 
80650 47 
80758 375 
80767 113 
80776 90 
80826 97 
80849 141 
80993 228 
81061 168 
81064 51 
81341 40 
81449 159 
81575 78 
81715 97 
81770 10 
82003 118 
82007 80 
82093 663 
82095 869 
82383 10 
82407 43 
82474 139 
82520 35 
82571 11 
83185 73 
83553 32 
83580 140 
83915 588 
84017 449 
84045 9341 
84267 125 
84334 173 
84377 38 
84387 72 
84393 404 
84417 233 
84593 219 
84600 4 
84722 57 
84752 92 
84805 325 
84876 77 
84996 282 
85086 47 
85185 35 
85209 8 
85224 61 
85375 76 
85569 314 
85643 32 
85794 123 
85839 22 
85903 118 
86015 15 
86052 106 
86202 129 
86469 376 
86523 21 
86549 150 
86734 324 
86797 181 
86847 28 
87018 418 
87124 160 
87126 164 
87165 8 
87167 230 
87517 3023 
87604 36 
87730 61 
88211 177 
88420 70 
88451 212 
88761 5 
88898 5 
88966 90 
89359 80 
89444 60 
89629 1243 
89684 181 
89949 261 
90018 12 
90721 169 
91221 46 
91245 558 
91414 37 
91521 15 
91871 25 
92026 698 
92182 235 
92273 1048 
92276 183 
92404 92 
92428 41 
92459 157 
92842 894 
93145 348 
93171 274 
93509 326 
94394 896 
94481 955 
94486 14546 
94517 65 
94618 317 
94620 576 
94657 229 
94677 389 
94730 415 
94914 276 
94980 4351 
95038 8 
95065 168 
95154 244 
95192 1034 
95218 183 
95228 323 
95357 90 
95419 457 
95489 21 
95600 503 
95638 57 
95734 721 
95781 23 
95805 299 
95807 378 
95867 60 
95917 161 
96002 124 
96090 78 
96105 327 
96166 585 
96251 39 
96457 684 
96512 109 
96524 1232 
96667 185 
96811 426 
96825 10 
97134 814 
97153 272 
97551 1944 
97718 100 
97833 25 
97892 0 
98104 1012 
98136 33 
98148 101 
98171 20 
98228 116 
98235 62 
98252 150 
98316 246 
98318 345 
98320 419 
98373 124 
98379 200 
98426 99 
98542 132 
98553 457 
98579 12 
98584 6 
98638 1386 
98670 196 
98845 546 
98976 464 
99092 127 
99158 228 
99213 205 
99217 102 
99231 1857 
99308 153 
99333 187 
99402 169 
99403 42 
99404 95 
99427 77 
99475 399 
99485 744 
99489 7426 
99526 544 
99569 262 
99579 399 
99769 280 
99803 327 
99912 312 
99925 127 
99963 203 
99963 207 
100008 55 
100157 220 
100234 158 
100253 14 
100264 71 
100292 7 
100342 81 
100392 441 
100414 139 
100447 143 
100454 30 
100482 1453 
100506 35 
100517 164 
100556 74 
100629 33 
100670 70 
100679 10924 
100785 58 
100852 241 
101158 146 
101372 230 
101440 404 
101470 472 
101675 48 
101797 219 
101844 42 
101895 86 
101896 382 
101900 182 
102138 70 
102239 50 
102264 3372 
102309 645 
102346 3132 
102417 76494 
102431 1227 
102471 59 
102534 156 
102552 114 
102580 28 
102648 209 
102716 55 
102758 292 
102758 292 
102774 174 
102907 60 
102945 58 
102948 195 
102999 122 
103158 425 
103198 1058 
103268 148 
103406 802 
103473 161 
103667 229 
103710 281 
103711 172 
103884 331 
103917 41 
103918 78 
104130 356 
104221 145 
104286 440 
104382 4581 
104396 52 
104486 603 
104636 241 
104642 78 
104675 221 
104685 804 
104807 145 
104807 305 
104954 234 
105000 383 
105063 1328 
105129 38 
105145 53 
105213 353 
105257 109 
105267 570 
105292 116 
105318 188 
105332 3056 
105393 667 
105414 92 
105416 30 
105498 132 
105515 17 
105989 468 
106069 95 
106131 152 
106135 722 
106152 67 
106165 218 
106174 46 
106245 347 
106268 9 
106279 103 
106382 38 
106389 449 
106447 330 
106477 1784 
106489 346 
106530 136 
106532 855 
106532 206 
106591 81 
106599 939 
106615 221 
106615 322 
106667 186 
106840 1285 
107072 268 
107105 208 
107134 59 
107171 1121 
107188 117 
107200 226 
107254 188 
107417 97 
107620 130 
107695 228 
107751 313 
107788 930 
107878 72 
107913 75 
107965 102 
108010 336 
108019 112 
108125 180 
108197 118 
108233 260 
108573 740 
108583 126 
108608 333 
108652 1525 
108658 137 
108714 165 
108729 276 
108795 28 
108861 190 
108867 344 
108883 4 
108978 850 
108998 168 
109091 60 
109293 15 
109362 120 
109365 18 
109455 818 
109474 114 
109609 87 
109619 3955 
109638 234 
109663 168 
109664 1286 
109689 101 
109695 133 
109701 208 
109749 381 
109756 3751 
109757 80 
109846 329 
109864 1692705 
109885 340 
109909 1168 
109932 267 
109935 385 
109948 140 
109954 187 
109968 301 
109968 191 
109969 402 
109970 417 
109971 122 
109973 426 
109973 40 
109977 84 
109980 84 
109984 151 
109986 48 
109988 88 
109992 629 
109997 245 
110002 120 
110011 110 
110018 69 
110032 29 
110032 50 
110053 9 
110057 190 
110061 181 
110065 410 
110079 528 
110084 51 
110090 98 
110091 160 
110092 245 
110097 12 
110105 242 
110115 3655 
110128 36 
110132 64 
110150 92 
110169 37 
110183 53 
110188 33 
110210 41 
110216 1454 
110220 146 
110223 233 
110223 76 
110235 166 
110236 263 
110236 23 
110237 40 
110241 66 
110246 119 
110254 139 
110256 198 
110287 304 
110294 124 
110305 87 
110316 502 
110318 204 
110338 185 
110366 220 
110376 1253 
110380 794 
110409 166 
110421 38 
110445 171 
110446 49 
110449 27 
110453 42 
110492 346 
110514 211 
110543 119 
110553 72 
110572 183 
110574 149 
110582 104 
110661 147 
110687 52 
110706 806 
110713 68 
110715 930 
110715 31 
110722 4 
110745 55 
110748 61 
110750 218 
110763 170 
110775 28 
110775 38 
110791 110 
110795 10021 
110799 17 
110822 3240 
110827 1380 
110834 107 
110835 37 
110857 522 
110867 177 
110884 52 
110890 146 
110890 88 
110904 46 
110911 95 
110969 45 
110970 89 
110984 64 
110987 407 
110993 161 
110997 300 
111044 93 
111055 15 
111058 247 
111090 74 
111093 90 
111093 102 
111107 256 
111159 52 
111177 81 
111244 34 
111251 54 
111275 638 
111292 30 
111300 39 
111310 30 
111313 54 
111314 5767 
111322 83 
111363 28 
111363 422 
111367 93 
111374 1369 
111401 1403 
111464 1393 
111489 224 
111500 184 
111511 69 
111555 711 
111602 76 
111618 92 
111643 38 
111656 171 
111657 3141 
111660 130 
111661 247 
111704 162 
111706 56 
111724 545 
111739 68 
111754 70 
111793 302 
111806 82 
111822 82 
111840 175 
111892 27 
111918 7 
111934 76 
111971 58 
112045 12 
112151 39 
112208 14 
112275 26 
112288 227 
112293 331 
112323 153 
112333 39 
112371 119 
112379 104 
112414 54 
112431 409 
112480 415 
112481 164 
112484 727 
112485 227 
112493 35 
112514 126 
112524 109 
112600 107 
112627 9 
112659 112 
112731 289 
112753 158 
112779 198 
112787 383 
112794 677 
112821 117 
112829 98 
112834 29 
112868 187 
112881 27 
112885 104 
112902 110 
112904 55 
112922 142 
112960 776 
112980 77 
113005 20 
113008 174 
113076 280 
113090 73 
113102 92 
113116 500 
113117 44 
113167 73590 
113229 239 
113230 69 
113233 10 
113239 273 
113242 881 
113271 266 
113285 27 
113289 233 
113300 112 
113312 24 
113315 159 
113338 32 
113343 78 
113343 45 
113361 13 
113367 315 
113382 60 
113388 216 
113399 252 
113409 112 
113426 698 
113427 31 
113447 171 
113449 12 
113510 65 
113574 82 
113587 205 
113601 454 
113671 39 
113738 250 
113760 52 
113765 51 
113788 736 
113789 138 
113793 512 
113796 175 
113816 967 
113821 603 
113841 58 
113880 141 
113906 663 
113917 20 
113919 42 
113932 4 
113932 54 
113953 177 
113973 74 
114023 6 
114042 287 
114065 170 
114068 108 
114083 87 
114088 46 
114100 51 
114109 553 
114176 190 
114199 117 
114202 112 
114207 130 
114211 1089 
114238 25 
114307 23 
114311 68 
114410 16 
114461 1097 
114466 583 
114467 198 
114546 525 
114596 206 
114636 256 
114661 38 
114738 78 
114841 3571 
114847 51 
114889 1916 
114890 46 
114896 62 
114903 18 
114905 252 
114937 161 
114944 8 
114952 271 
114964 306 
114981 95 
115001 64 
115013 178 
115022 105 
115032 48 
115033 250 
115052 115 
115072 910 
115074 35 
115081 242 
115087 47 
115120 17 
115145 88 
115146 73 
115168 393 
115248 27 
115250 80 
115252 71 
115254 81 
115325 1045 
115330 85 
115356 706 
115380 224 
115409 407 
115503 225 
115511 33 
115528 88 
115551 80 
115643 22 
115647 1877 
115647 1100 
115740 248 
115753 116 
115785 106 
115805 28 
115809 147 
115825 20 
115920 49 
115927 62 
115970 142 
116017 67 
116085 816 
116154 44 
116176 9 
116179 45 
116181 141 
116193 195 
116204 48 
116291 47 
116301 29 
116320 52 
116368 138 
116369 73 
116388 161 
116389 335 
116409 117 
116457 832 
116461 154 
116489 297 
116498 305 
116542 184 
116636 318 
116649 148 
116657 49 
116664 55 
116713 76 
116755 126 
116848 33 
116933 32 
116933 696 
116976 65 
116989 225 
117010 32 
117030 157 
117036 31 
117044 207 
117066 32 
117145 254 
117160 204 
117182 707 
117198 57 
117211 140 
117296 69 
117309 558 
117339 46 
117348 6 
117380 133 
117477 400 
117493 1497 
117523 105 
117653 26 
117731 49 
117748 154 
117759 32 
117774 7886 
117822 554 
117966 157 
117987 133 
118180 2 
118273 875 
118283 16 
118333 21 
118359 40 
118368 310 
118376 128 
118479 2 
118516 457 
118520 153 
120009 84 
120022 89 
120073 110 
120073 1424 
120099 82 
120128 53 
120137 149 
120173 172 
120177 185 
120224 332 
120275 465 
120288 412 
120343 50 
120459 118 
120485 3422 
120672 16 
120684 27 
120689 1371 
120727 240 
120778 1645 
120815 28 
120844 543 
120878 88 
120964 241 
121110 59 
121131 938 
121146 384 
121224 38 
121228 2515 
121230 48 
121285 29 
121285 132 
121309 51 
121383 4 
121444 327 
121503 258 
121553 852 
121588 49 
121609 128 
121647 93 
121661 1330 
121711 343 
121739 815 
121745 44 
121764 110 
121840 41 
121878 120 
121920 472 
121940 80 
121980 54 
121992 51 
122003 47 
122004 22 
122036 185 
122078 68 
122082 34 
122240 15 
122259 2211 
122306 75 
122308 106 
122445 521 
122503 113 
122509 20 
122518 57 
122545 205 
122561 22 
122626 79 
122644 143 
122673 14 
122675 389 
122728 1771 
122795 153 
122812 39 
122858 490 
122889 144 
122915 1288 
122931 317 
122954 644 
122956 64 
122986 12 
122989 37 
123074 257 
123105 105 
123108 349 
123177 3811 
123210 11 
123216 246 
123273 12 
123316 29 
123329 16 
123360 29 
123401 184 
123411 936 
123419 76 
123427 2105 
123438 37 
123455 143 
123474 269 
123586 886 
123596 250 
123605 359 
123653 221 
123653 116 
123670 102 
123702 158 
123768 58 
123790 282 
123926 430 
123927 16 
123932 512 
124048 184 
124048 184 
124063 113 
124063 113 
124096 152 
124124 665 
124139 14 
124149 84 
124154 281 
124270 137 
124281 66 
124281 208 
124437 158 
124493 447 
124579 15 
124598 1860 
124636 1049 
124677 44 
124680 240 
124713 49 
124736 22 
124784 34 
124987 151 
124992 247 
125011 595 
125064 174 
125128 2809 
125134 11 
125156 530 
125197 25 
125314 114 
125367 24 
125388 66 
125491 142 
125501 35 
125502 406 
125531 91 
125604 1231 
125640 531 
125654 641 
125742 15768 
125772 76 
125898 1013 
125923 120 
125977 61 
125985 45 
125996 62 
126033 89 
126041 25 
126052 175 
126054 51 
126062 426 
126083 435 
126092 309 
126106 27 
126120 1 
126222 34 
126290 87 
126296 82 
126385 738 
126393 8 
126519 47 
126536 45 
126537 142 
126557 109 
126562 372 
126569 92 
126581 33 
126611 510 
126618 201 
126649 204 
126745 29 
126777 139 
126810 112 
126839 167 
126920 245 
126961 850 
127032 51 
127041 58 
127100 78 
127179 23 
127202 231 
127221 124 
127239 147 
127256 75 
127257 357 
127295 291 
127309 5 
127318 32 
127322 301 
127390 96 
127407 187 
127524 209 
127556 172 
127593 189 
127599 1083 
127600 586 
127653 25 
127694 76 
127730 129 
127731 12 
127834 52 
127887 186 
127919 289 
127960 8 
127961 1652 
128013 47 
128090 113 
128095 0 
128116 285 
128140 79 
128144 3075 
128148 156 
128157 12 
128190 87 
128192 368 
128200 242 
128206 30 
128253 192 
128285 127 
128311 56 
128313 958 
128414 253 
128435 23 
128461 518 
128462 158 
128527 245 
128531 124 
128540 69 
128569 14 
128574 43 
128574 35 
128658 68 
128704 29 
128788 864 
128792 219 
128845 81 
128857 239 
128923 52 
128926 201 
128937 211 
128979 100 
129051 85 
129183 175 
129184 102 
129186 16 
129201 117 
129207 17 
129243 61 
129276 193 
129282 91 
129290 935 
129303 9 
129327 334 
129369 119 
129403 524 
129430 818 
129461 18 
129491 24 
129510 208 
129603 28 
129680 228 
129718 1003 
129721 120 
129751 60 
129785 36 
129807 38 
129819 4 
129826 99 
129839 73 
129882 90 
129898 16 
129904 650 
129911 12 
129932 228 
129960 167 
129964 140 
130005 252 
130007 532 
130046 90 
130066 64 
130106 144 
130107 187 
130111 279 
130124 193 
130164 323 
130193 81 
130259 117 
130309 108 
130314 63 
130347 84 
130357 204 
130412 229 
130435 3155 
130466 83 
130479 562 
130503 396 
130517 135 
130554 655 
130579 46 
130668 180 
130703 120 
130743 883 
130772 83 
130842 343 
130869 165 
130917 26 
130923 218 
130943 122 
130991 24 
130992 38 
130995 23 
131008 19 
131043 34 
131052 2702 
131053 181 
131060 433 
131081 831 
131085 156 
131089 2141 
131090 62 
131096 26 
131145 656 
131147 63 
131150 63 
131217 102 
131229 183 
131264 377 
131297 3 
131310 23 
131362 151 
131381 241 
131385 1699 
131395 268 
131409 38 
131422 418 
131438 424 
131444 674 
131456 8 
131496 42 
131500 1623 
131513 94 
131535 409 
131548 76 
131578 281 
131587 65 
131589 85 
131663 480 
131739 977 
131761 132 
131781 78 
131803 432 
131825 157 
131843 725 
131865 152 
131925 22 
131940 231 
131962 993 
131980 280 
131992 26 
132053 144 
132084 15 
132098 94 
132124 34 
132163 878 
132178 188 
132233 341 
132244 268 
132262 54 
132320 264 
132347 434 
132360 273 
132381 40 
132382 33 
132414 714 
132461 146 
132474 68 
132500 159 
132571 453 
132610 247 
132629 92 
132646 115 
132671 2149 
132793 237 
132803 296 
132806 271 
132847 175 
132850 305 
132913 264 
132927 189 
132937 342 
132952 144 
132960 58 
132971 47 
133017 427 
133042 30 
133055 13 
133124 118 
133137 244 
133143 251 
133144 46 
133145 75 
133195 38 
133219 668 
133243 97 
133252 53 
133281 709 
133325 390 
133356 22 
133406 309 
133448 212 
133486 79 
133488 102 
133526 206 
133531 163 
133602 49 
133623 378 
133640 46 
133655 1396 
133736 46 
133741 307 
133772 499 
133786 51 
133811 321 
133819 2453 
133873 111 
133883 4 
133884 61 
133888 714 
133906 614 
133907 58 
133982 68 
134003 147 
134094 953 
134097 569 
134133 16 
134162 85 
134167 250 
134331 54 
134401 625 
134436 19 
134442 70 
134481 85 
134491 117 
134670 164 
134712 142 
134732 319 
134772 564 
134836 90 
134844 23 
134855 17 
134874 852 
134900 333 
134907 10 
134924 104 
134931 84 
135037 3041 
135069 88 
135115 115 
135162 116 
135219 27 
135229 197 
135231 30 
135239 180 
135243 83 
135264 240 
135268 38 
135314 97 
135370 29 
135396 106 
135403 44 
135420 0 
135460 121 
135468 151 
135491 27 
135590 60 
135607 374 
135617 177 
135676 116 
135678 73 
135718 232 
135728 53 
135764 192 
135814 213 
135816 38 
135840 2539 
135872 229 
135901 156 
135904 418 
135973 2 
135980 297 
135985 206 
136017 390 
136053 64 
136152 171 
136173 814 
136245 141 
136300 524 
136327 264 
136355 551 
136366 113 
136384 18 
136402 747 
136405 45 
136427 39 
136440 45 
136544 95 
136673 11 
136692 241 
136744 182 
136774 108 
136775 0 
136796 17 
136818 62 
136822 590 
136856 477 
137007 298 
137080 41 
137104 405 
137108 28 
137137 2 
137159 2262 
137199 100 
137209 77 
137240 468 
137242 163 
137350 225 
137360 32 
137360 174 
137428 139 
137463 14 
137507 34 
137513 289 
137518 54 
137534 50 
137550 46 
137601 116 
137667 566 
137714 111 
137737 5 
137741 87 
137762 782 
137797 117 
137816 87231 
137849 902 
137881 2112 
137905 28 
138008 14 
138026 2423 
138086 1560 
138105 110 
138124 96 
138142 399 
138223 210 
138269 21 
138291 791 
138329 26 
138343 1217 
138348 55 
138369 165 
138385 2456 
138424 20 
138477 26 
138484 164 
138489 109 
138505 883 
138523 76 
138556 165 
138563 770 
138571 391 
138574 744 
138585 225 
138669 207 
138697 42 
138740 217 
138742 77 
138782 231 
138797 2284 
138919 2 
138929 288 
138964 132 
138967 352 
139066 742 
139068 27 
139069 112 
139107 36 
139131 3158 
139149 140 
139150 294 
139252 189 
139306 137 
139315 41 
139361 3 
139367 667 
139426 127 
139470 214 
139481 1216 
139485 48 
139485 98 
139487 4070 
139495 55 
139565 26 
139581 290 
139582 55 
139604 1401 
139667 252 
139680 240 
139700 157 
139709 379 
139733 172 
139741 80 
139743 79 
139814 180 
139816 311 
139834 302 
139877 24 
139877 382 
139898 61 
139921 215 
139939 57 
139955 28 
140011 8754 
140111 130 
140118 1754 
140143 23 
140146 6 
140153 26 
140167 118 
140171 306 
140207 161 
140262 168 
140319 23 
140325 49 
140329 18 
140368 8 
140376 46 
140432 435 
140432 17 
140435 36 
140450 161 
140526 696 
140554 497 
140573 546 
140639 931 
140709 125 
140723 101 
140734 218 
140736 290 
140736 290 
140747 5 
140755 139 
140786 1104 
140805 1133 
140820 558 
140888 128 
140897 106 
140962 18 
141116 91 
141134 19 
141147 1224 
141154 167 
141271 72 
141291 26 
141330 74 
141369 80 
141370 114 
141390 139 
141405 26 
141449 165 
141530 456 
141560 39 
141635 9 
141642 36 
141651 139 
141722 777 
141723 152 
141724 197 
141727 2312 
141744 116 
141752 119 
141754 87 
141756 33 
141858 2839 
141885 29 
141887 209 
141894 187 
141903 27 
141913 554 
141919 50 
141988 6033 
141994 157 
142005 216 
142028 202 
142155 66 
142156 13 
142180 1252 
142187 13 
142223 151 
142294 309 
142295 67 
142366 17 
142367 82 
142370 248 
142504 155 
142519 66 
142525 885 
142535 78 
142605 156 
142686 269 
142701 63 
142729 421 
142737 59 
142751 136 
142780 377 
142793 158 
142846 139 
142970 633 
143001 309 
143004 20 
143024 94 
143035 94 
143039 311 
143226 760 
143243 153 
143268 1063 
143294 2086 
143320 10 
143332 197 
143356 112 
143364 260 
143482 45 
143487 382 
143508 768 
143526 507 
143528 4594 
143551 521 
143625 10 
143681 85 
143692 1940 
143842 53 
143846 159 
143874 123 
143932 427 
143936 433 
143937 32 
143939 92 
143953 6 
143997 143 
144032 534 
144043 22 
144138 43 
144239 53 
144272 53 
144305 329 
144330 38 
144432 5 
144500 309 
144536 488 
144565 1 
144575 119 
144775 586 
144808 58 
144831 87 
144878 0 
144880 662 
144936 1621 
144961 109 
144964 272 
144981 214 
144981 161 
144983 153 
145055 38 
145081 528 
145124 17 
145191 55 
145219 62 
145262 19 
145280 631 
145290 12 
145302 201 
145366 858 
145454 116 
145456 22 
145498 5 
145509 50 
145511 199 
145540 1000 
145564 120929 
145660 60 
145674 603 
145696 36 
145701 361 
145726 62 
145746 77 
145781 174 
145782 101 
145784 822 
145798 49 
145825 1009 
145859 54 
145859 8 
145862 341 
145866 165 
145878 331 
145962 555 
146078 18 
146090 149 
146173 223 
146204 542 
146208 93 
146212 250 
146233 118 
146236 8196 
146240 2 
146254 202 
146279 71 
146288 1417 
146297 181 
146299 162 
146306 104 
146307 148 
146315 124 
146322 109 
146334 22 
146335 1344 
146371 38 
146380 815 
146381 4 
146427 13163 
146433 173 
146442 89 
146448 30 
146466 575 
146467 7 
146496 225 
146501 511 
146543 223 
146559 0 
146581 108 
146585 142 
146602 341 
146616 128 
146621 562 
146667 136 
146673 106 
146762 717 
146778 298 
146783 182 
146792 44 
146888 983 
146902 209 
146910 148 
146921 1026 
146944 95 
147084 170 
147121 5 
147127 316 
147132 20 
147140 67 
147143 157 
147208 111 
147216 180 
147229 982 
147250 162 
147254 564 
147286 66 
147290 75 
147312 133 
147319 33 
147345 29 
147454 111 
147466 12 
147504 4563 
147579 40 
147614 82 
147631 85 
147649 171 
147657 167 
147699 20 
147845 87 
147855 115 
147901 121 
147927 22 
147977 44 
148005 109 
148037 6 
148037 47 
148052 217 
148058 519 
148073 227 
148100 1079 
148110 45 
148157 171 
148199 291 
148224 13 
148229 135 
148259 158 
148296 735 
148377 655 
148433 89 
148450 3 
148630 1648 
148646 258 
148703 8784 
148750 318 
148776 118 
148790 39 
148799 38 
148823 39 
148823 133 
148824 20 
148826 16 
148859 250 
148892 58 
148919 28 
148931 791 
148963 39 
148986 23 
149007 54 
149008 1356 
149024 515 
149030 112 
149034 47 
149053 23 
149103 264 
149115 62 
149125 64 
149230 125 
149341 146 
149373 83 
149384 8 
149458 102 
149490 21 
149569 531 
149582 1192 
149592 12 
149604 150 
149607 393 
149627 20 
149633 147 
149639 34 
149641 80 
149646 78 
149762 1661 
149785 397 
149819 825 
149890 122 
149898 356 
149915 51 
149935 28 
149939 177 
149989 90 
149993 40 
150016 28 
150018 88 
150102 133 
150103 500 
150128 9 
150140 1571 
150170 311 
150204 167 
150208 103 
150221 159 
150240 24 
150241 827 
150269 1668 
150280 1313 
150306 132 
150313 112 
150346 1905 
150386 469 
150404 15536 
150486 1753 
150527 361 
150535 4 
150553 160 
150657 54 
150674 47 
150723 74 
150724 440 
150827 9 
150850 46 
150859 11640 
150897 205 
150915 64 
150920 64 
150932 33 
150961 136 
150962 1 
150993 191 
151001 209 
151034 113 
151067 56 
151079 77 
151083 179 
151096 22 
151151 118 
151190 71 
151195 182 
151218 113 
151221 17 
151252 480 
151265 207 
151305 51 
151390 282 
151418 84 
151424 37 
151517 17 
151536 2050 
151570 498 
151576 96 
151607 70 
151613 400 
151617 184 
151621 154 
151653 29 
151697 763 
151708 12 
151733 32 
151801 217 
151801 136 
151856 63 
151871 89 
151906 20 
151917 25 
151947 1465 
151953 149 
151980 2 
151991 26 
151994 37 
152060 1110 
152069 63 
152098 24 
152118 2065 
152126 17 
152128 26 
152157 20 
152170 257 
152267 83 
152288 1090 
152296 20 
152420 141 
152434 404 
152453 61 
152474 300 
152482 72 
152486 77 
152571 79 
152572 254 
152603 132 
152610 1177 
152613 6 
152622 45 
152633 2775 
152697 1769 
152718 53 
152757 322 
152791 10 
152803 1145 
152808 128 
152828 189 
152832 208 
152852 75 
152884 26 
152888 153 
152896 48 
152900 65 
152990 31 
153066 177 
153075 59 
153084 36 
153100 51 
153124 2779 
153125 19 
153140 66 
153174 221 
153226 40 
153236 538 
153248 669 
153275 33 
153283 21 
153295 1230 
153342 87 
153435 21 
153443 18 
153490 68 
153534 250 
153592 74 
153597 645 
153624 239 
153651 16 
153654 89 
153662 129 
153673 76 
153702 23 
153762 141 
153775 797 
153802 181 
153826 171 
153854 20 
153859 43 
153866 469 
153869 137 
153898 54 
153898 54 
153900 17 
153900 17 
153948 5 
153948 5 
153964 120 
153985 97 
154019 41 
154077 149 
154079 795 
154120 580 
154150 43 
154156 55 
154174 50 
154176 1022 
154234 0 
154235 233 
154247 363 
154258 100 
154314 127 
154449 97 
154488 80 
154507 1163 
154510 79 
154520 32 
154532 2190 
154538 1394 
154553 76 
154604 74 
154621 151 
154633 24 
154650 227 
154650 1023 
154656 148 
154669 741 
154670 341 
154677 122 
154762 3 
154762 6 
154772 101 
154793 26 
154805 1996 
154814 358 
154856 2237 
154885 336 
154901 104 
154917 45 
154960 182 
154972 97 
154989 73 
154999 9780 
155028 116 
155036 92 
155069 397 
155074 170 
155078 126 
155114 56 
155134 42 
155190 20 
155193 34 
155193 77 
155332 226 
155366 446 
155439 101 
155484 149 
155516 63 
155573 112 
155644 19 
155690 38 
155712 250 
155723 72 
155777 104 
155793 26 
155844 723 
155912 114 
155915 15 
155964 109 
155978 26 
156100 360 
156125 119 
156248 143 
156251 32 
156320 38 
156381 215 
156412 9 
156421 98 
156451 127 
156473 12 
156475 20 
156479 100 
156480 726 
156498 136 
156522 208 
156550 52 
156560 612 
156577 30 
156597 111 
156603 685 
156608 349 
156623 493 
156641 1378 
156657 11 
156668 24 
156672 235 
156673 41 
156765 245 
156767 146 
156798 83 
156825 456 
156826 105 
156831 668 
156862 10639 
156886 759 
156894 1223 
156901 14 
156911 28 
156922 354 
156956 42 
157047 427 
157054 181 
157105 37 
157192 40 
157303 8 
157319 11 
157319 58 
157322 12 
157368 816 
157418 25 
157450 26 
157503 106 
157508 1205 
157515 88 
157575 74 
157669 112 
157689 124 
157689 49 
157704 1248 
157739 150 
157774 179 
157790 17 
157819 399 
157838 449 
157856 1023 
157865 81 
157898 387 
157909 164 
157909 127 
157927 58 
157951 189 
157955 127 
158003 157 
158042 58 
158066 423 
158087 398 
158089 428 
158099 40 
158125 678 
158147 119 
158160 1923 
158178 1 
158208 46 
158255 1316 
158290 142 
158309 662 
158336 1558 
158348 11 
158352 25 
158382 80 
158392 59 
158409 240 
158409 57 
158411 91 
158537 1537 
158544 342 
158566 160 
158578 34 
158626 30 
158644 41 
158687 162 
158703 50 
158733 43 
158788 123 
158808 169 
158818 63 
158843 1926 
158849 11 
158850 177 
158887 584 
158889 2702 
158943 1153 
158967 58 
159031 94 
159033 488 
159036 54 
159040 58 
159057 94 
159089 778 
159109 449 
159118 149 
159139 154 
159140 67 
159150 52 
159174 1245 
159233 55 
159233 1149 
159293 1116 
159300 73 
159338 108 
159365 272 
159408 18 
159425 149 
159470 200 
159478 286 
159532 88 
159533 447 
159546 846 
159596 693 
159612 238 
159614 361 
159651 609 
159694 30 
159726 74 
159736 120 
159745 1017 
159816 7 
159871 237 
159879 85 
159920 66 
159933 180 
159946 34 
159951 1127 
159979 6 
159991 28 
159993 964 
160001 295 
160021 52 
160053 60 
160055 16 
160074 9 
160085 50 
160123 119 
160162 280 
160207 80 
160225 311 
160236 29 
160334 290 
160372 14 
160471 139 
160477 1770 
160625 10 
160674 344 
160697 2 
160708 69 
160710 758 
160742 175 
160779 130 
160793 1330 
160837 88 
160894 94 
160938 555 
160951 1100 
161018 359 
161041 127 
161055 59 
161070 1292 
161097 13 
161106 34 
161133 103 
161138 127 
161250 534 
161263 110 
161325 950 
161337 6 
161342 1843 
161347 538 
161375 111 
161426 743 
161451 990 
161469 167 
161476 94 
161491 181 
161535 596 
161569 27 
161598 17 
161604 241 
161609 77 
161634 81 
161669 2 
161670 93 
161684 15 
161765 48 
161775 143 
161785 85 
161965 59 
161971 41 
161977 23 
161995 89 
162048 354 
162069 440 
162099 65 
162209 28 
162257 122 
162266 29 
162349 145 
162353 123 
162396 61 
162410 271 
162419 525 
162432 125 
162434 28 
162462 53 
162518 238 
162552 117 
162572 70 
162594 27 
162627 95 
162632 1577 
162637 103 
162664 248 
162731 32 
162768 21 
162780 403 
162781 217 
162840 1866 
162900 15 
162908 356 
162914 9 
162943 172 
163016 671 
163053 530 
163065 390 
163066 134 
163081 260 
163188 235 
163191 91 
163199 18 
163229 16 
163308 506 
163312 66 
163349 75 
163396 760 
163408 832 
163452 106 
163537 35 
163550 1107 
163572 719 
163593 224 
163595 53 
163630 250 
163648 3 
163739 45 
163804 329 
163867 339 
163911 241 
163935 41 
164005 227 
164009 97 
164054 42 
164072 150 
164095 71 
164163 15 
164165 948 
164176 109 
164198 889 
164208 217 
164221 152 
164226 184 
164226 102 
164293 35 
164348 76 
164380 109 
164430 3161 
164433 181 
164447 88 
164474 150 
164475 115 
164530 1068 
164538 8 
164539 1527 
164569 14 
164575 97 
164603 210 
164656 422 
164658 9 
164658 100 
164669 4094 
164691 174 
164699 540 
164747 8 
164749 122 
164754 90 
164775 90 
164780 29 
164795 1532 
164797 1796 
164841 52 
164941 47 
164967 0 
164991 47 
165133 7 
165231 748 
165698 9 
166956 2747 
166994 64 
167874 30 
168075 265 
168158 19 
168263 1221 
168643 174 
169383 131 
170175 39182 
170302 69 
170357 111 
170687 70 
170743 38 
170747 1230 
171112 85 
171263 620 
171450 150 
173419 19 
173441 799 
173490 344 
175115 256 
175706 146 
175750 59 
176915 150 
177440 45 
177527 66 
177982 228 
178970 62 
180671 32 
180744 116 
180967 9 
181950 45 
182413 255 
182440 23 
182570 451 
182669 517 
182817 360 
182849 99 
183082 32 
183189 145 
183559 445 
183624 290 
183678 112 
183678 112 
183792 93 
183918 140 
184469 150 
184568 699 
185138 284 
185612 6 
186071 147 
186270 17 
186387 637 
187290 101 
187363 37 
187481 200 
187793 141 
188018 6 
188928 28 
188990 181 
189941 105 
190557 431 
191303 84 
191728 316 
192164 463 
192582 427 
192796 475 
192897 1125 
192952 44 
193315 109 
195279 109 
195433 78 
197341 61 
197465 1583 
198526 116 
199515 3 
199968 111 
200060 0 
202746 18 
203914 274 
206808 1157 
208038 150 
208609 65 
209712 361 
211632 62 
212238 49 
213281 89 
213357 203 
213663 272 
213719 67 
214045 40 
214622 170 
215170 61 
216081 1051 
216283 157 
216303 3599 
216468 59 
216723 43 
218985 40 
220100 1786 
220426 97 
220444 1210 
221583 62 
221969 2 
222702 111 
222851 51 
223014 289 
223418 19 
223660 307 
224252 173 
224424 21 
225121 956 
225206 3 
225428 35 
225889 49 
226920 189 
228549 990 
230209 45 
231016 1389 
231950 115 
232459 88 
235356 667 
236148 119 
237779 311 
238521 240 
239070 518 
239432 10 
239590 1221 
239674 35 
240815 74 
242373 7 
243286 1704 
243573 89 
243613 159 
244155 7 
244710 1911 
244882 187 
245127 14 
245322 7 
245403 91 
245656 87 
245857 51 
247277 14 
247308 331 
247331 29 
248049 204 
248193 252 
248208 110 
249133 542 
250583 278 
251762 288 
252024 61 
253464 89 
253643 58 
254008 28 
256643 50 
256664 78 
257794 18 
258313 187 
260309 188 
260429 12 
261865 209 
262623 499 
266616 60 
266864 83 
268609 306 
269141 1782 
272318 95 
272447 926 
273750 39 
273813 122 
274659 189 
275200 101 
275602 85 
276363 214 
277588 579 
278328 1710 
278410 82 
280341 12 
280385 1558 
280539 373646 
280598 207 
280682 159 
281476 219 
281624 1187 
281642 197 
283012 12 
283857 36 
284348 491 
284409 1310 
284669 912 
284724 64 
284740 237 
284787 107 
284789 473 
285161 294 
288879 11 
289369 32 
292980 44 
294639 623 
296624 75 
298385 64 
300724 15 
302605 99 
303480 61 
305885 0 
311249 372 
316332 96 
317633 46 
319733 548 
324512 58 
327443 178 
328431 206 
330208 1412 
332311 71 
342915 723 
349599 61 
350593 466 
350793 360 
351575 50 
352500 140 
353410 122 
353509 34 
355888 230 
359167 1488 
364420 493 
364718 352 
366479 30 
366561 174 
366985 16 
368563 1 
369949 117 
371901 0 
388681 6981 
388772 172 
408491 98 
409729 40 
410562 60 
418781 863 
419428 1263 
420378 112 
423259 382 
423715 555 
427690 148 
428288 169 
437881 17 
441634 64 
466452 354 
491465 91 
510687 31 
526501 384 
527177 38 
532260 388 
561164 569 
563202 99 
574470 42 
