2463 14.5915625
0 2857741 
11 130 
14 565 
16 1305 
16 193 
17 26 
18 395 
22 1485 
22 1382 
24 911 
25 15 
26 10 
33 609 
33 2534 
35 71 
35 632 
38 29 
41 402 
42 13 
48 729 
48 887 
50 183 
50 4 
53 1388 
53 119 
54 134 
55 61 
55 332 
55 358 
56 661 
56 85 
56 95 
57 150 
57 477 
58 311 
58 77 
59 306 
59 390 
60 1953 
60 196 
62 673 
62 381 
63 438 
63 372 
63 72 
64 162 
64 155 
68 421 
68 50 
69 52 
69 114 
71 194 
71 1152 
71 493 
72 65 
73 214 
73 90 
75 1066 
75 1909 
77 366 
78 320 
81 1686 
81 17 
81 143 
83 79 
83 618 
83 244 
84 740 
84 434 
85 116 
85 96 
85 877 
85 1155 
86 455 
86 260 
87 74 
88 250 
88 84 
89 272 
90 106 
91 206 
92 355 
93 234 
93 10 
95 429 
96 791 
97 181 
98 28 
99 569 
99 270 
100 2000 
100 601 
100 492 
100 1721 
100 269 
101 362 
101 455 
102 70 
102 254 
104 270 
105 250 
105 244 
105 77 
106 169 
106 298 
108 468 
109 180 
109 118 
110 618 
110 7 
110 497 
111 133 
111 199 
111 49 
111 402 
111 256 
112 126 
112 285 
113 256 
113 1949 
115 42 
115 5 
117 304 
118 132 
118 60 
118 467 
120 232 
120 501 
121 123 
121 973 
122 72 
122 1364 
122 101 
123 333 
124 326 
126 102 
126 118 
126 65 
127 3272 
127 863 
128 157 
128 625 
129 101 
130 161 
130 108 
130 158 
131 1781 
135 215 
137 47 
138 283 
139 54 
139 171 
139 181 
139 60 
140 5297 
140 486 
141 72 
142 243 
142 147 
143 241 
143 894 
145 43 
146 32 
148 142 
150 814 
150 244 
151 95 
152 519 
152 618 
154 115 
155 81 
155 300 
156 1109 
156 206 
156 120 
157 133 
158 251 
158 505 
158 37 
159 113 
159 42 
160 236 
160 1240 
161 179 
162 354 
163 307 
164 317 
165 147 
165 791 
166 91 
166 428 
168 580 
168 357 
169 339 
170 161 
170 461 
172 109 
172 2847 
172 151 
174 314 
174 295 
175 123 
176 384 
177 202 
178 42 
178 93 
179 415 
179 1091 
180 146 
180 55 
181 240 
182 87 
182 67 
183 165 
184 127 
184 360 
184 416 
186 1307 
186 1045 
187 23 
189 184 
190 366 
192 1129 
192 249 
192 184 
193 181 
193 84 
193 247 
194 56 
196 374 
198 242 
200 394 
200 711 
200 303 
201 732 
201 599 
203 19 
203 39 
205 4085 
209 273 
211 252 
211 61 
211 376 
211 323 
213 191 
214 670 
216 427 
219 219 
221 256 
221 85 
224 558 
224 519 
226 268 
229 111 
230 39 
232 347 
234 1087 
237 3 
239 377 
240 185 
241 365 
241 458 
243 208 
248 17 
250 116 
251 214 
252 654 
253 46 
254 189 
255 130 
258 20 
261 120 
262 110 
265 159 
266 655 
266 214 
267 50 
267 310 
268 577 
268 79 
274 1155 
274 212 
275 39 
277 416 
277 217 
281 176 
282 261 
283 23641 
284 1623 
286 331 
289 671 
290 113 
291 3180 
291 167 
295 989 
297 81 
300 179 
301 42 
301 256 
301 121 
303 59 
305 1024 
305 304 
306 36 
306 121 
313 90 
313 29 
314 258 
314 89 
314 185 
321 1562 
323 43 
324 241 
326 28 
326 11371 
327 458 
328 93 
331 200 
331 121 
334 650 
335 75 
337 294 
338 297 
338 252 
338 65 
339 91 
340 351 
341 23 
342 139 
343 5937 
343 1354 
344 92 
345 1203 
346 76 
349 81 
354 24 
354 25 
356 172 
357 361 
359 506 
361 164 
361 169 
362 149 
362 329 
364 164 
369 836 
376 57 
380 1298 
386 180 
387 60 
388 371 
388 190 
389 229 
391 148 
391 4179 
394 304 
400 128 
400 2170 
410 293 
412 587 
412 414 
412 1114 
414 57 
470 5 
475 88 
475 77 
476 212 
477 886 
478 99 
478 142 
480 620 
482 706 
489 199 
489 13235 
494 285 
496 220 
498 347 
502 174 
502 2248 
510 254 
520 720 
520 485 
525 6 
527 282 
528 313 
531 244 
535 147 
538 616 
545 291 
547 327 
547 830 
548 1086 
551 60 
553 97 
556 182 
557 177 
568 39 
572 451 
574 285 
577 15 
580 976 
583 257 
585 814 
585 562 
595 84 
598 1471 
598 458 
602 328 
611 683 
613 47 
615 1095 
615 546 
620 61 
624 94 
626 93 
629 228 
631 232 
633 911 
638 203 
639 255 
639 649 
642 1726 
642 259 
644 49 
645 150 
655 181 
666 166 
668 35 
668 114 
668 28 
674 64 
675 130 
680 82 
688 402 
693 294 
695 163 
705 264 
708 438 
708 652 
717 88 
731 1498 
736 30 
739 549 
740 372 
745 319 
747 43 
755 123 
756 208 
762 638 
771 551 
773 112 
774 131 
776 240 
776 259 
781 1775 
783 194 
794 434 
797 25 
797 363 
818 816 
841 6948 
842 96 
842 71 
847 323 
850 219 
855 78 
857 111 
859 24 
860 60 
867 3 
881 109 
891 275 
903 194 
907 300 
908 233 
911 205 
912 58 
919 392 
921 2775 
921 296 
929 40 
929 546 
930 140 
937 891 
939 821 
941 160 
960 291 
960 49 
966 1273 
975 153 
979 326 
988 117 
994 34 
1000 88 
1059 1693 
1061 5 
1068 109 
1071 42 
1077 661 
1078 78 
1086 273 
1097 839 
1101 1486 
1114 132 
1128 1333 
1137 157 
1139 117 
1145 414 
1149 77 
1161 67 
1181 5828 
1184 33 
1192 326 
1192 187 
1199 130 
1202 94 
1213 203 
1242 295 
1255 606 
1274 94 
1278 120 
1284 92 
1304 187 
1306 223 
1308 81 
1317 397 
1317 433 
1323 145 
1329 115 
1347 690 
1362 438 
1364 21 
1366 3087 
1372 78 
1378 697 
1385 289 
1389 457 
1389 11 
1396 166 
1397 370 
1404 367 
1412 274 
1427 344 
1438 36 
1496 230 
1496 183 
1502 33 
1518 297 
1521 1010 
1538 1293 
1551 433 
1561 108 
1568 374 
1569 548 
1578 477 
1580 397 
1584 93 
1592 12 
1594 88 
1599 116 
1621 415 
1631 114 
1636 100 
1641 614 
1647 232 
1654 57 
1659 164 
1674 463 
1681 674 
1691 35 
1692 221 
1692 69 
1697 264 
1700 37 
1703 3624 
1713 1602 
1722 882 
1723 134 
1789 163 
1802 184 
1802 115 
1819 200 
1819 200 
1830 7 
1837 148 
1838 144 
1843 93 
1856 6279 
1914 464 
1929 398 
1937 1672 
1956 44 
1959 222 
1963 414 
1970 569 
1977 403 
1981 105 
1993 1097 
2003 121 
2004 2324 
2008 179 
2014 314 
2015 860 
2025 175 
2049 310 
2086 115 
2090 203 
2090 1362 
2098 390 
2099 84 
2107 1542 
2107 155 
2121 230 
2137 466 
2140 4043 
2146 472 
2147 364 
2178 219 
2179 47 
2180 1 
2201 51 
2216 174 
2219 159 
2222 22 
2227 4488 
2227 251 
2245 544 
2255 181 
2258 113 
2262 1210 
2279 209 
2285 70 
2392 1124 
2415 366 
2453 162 
2455 174 
2460 793 
2475 131 
2507 50 
2542 130 
2557 30 
2564 145 
2574 34 
2575 2354 
2587 71 
2612 275 
2612 380 
2619 20 
2623 251 
2628 205 
2636 92 
2653 346 
2660 125 
2663 320 
2669 48 
2674 208 
2681 380 
2696 246 
2711 161 
2724 878 
2725 289 
2803 619 
2809 408 
2818 276 
2818 72 
2820 579 
2821 77 
2823 369 
2845 372 
2851 56 
2868 1921 
2869 162 
2875 25 
2875 822 
2917 33 
2925 61 
2933 508 
2966 267 
2974 370 
2974 20 
3002 575 
3004 43 
3075 68 
3116 411 
3136 334 
3157 76 
3183 112 
3204 192 
3205 136 
3214 1 
3216 807 
3222 120 
3241 911 
3243 315 
3244 153 
3248 305 
3276 117 
3279 160 
3286 157 
3295 79 
3302 859 
3367 963 
3378 28 
3379 180 
3379 279 
3414 181 
3474 38 
3475 35 
3489 785 
3490 160 
3502 18 
3510 633 
3533 188 
3542 275 
3569 152 
3574 689 
3584 162 
3591 160 
3614 531 
3614 299 
3666 187 
3671 28 
3679 214 
3687 168 
3693 161 
3702 112 
3725 59 
3740 427 
3765 302 
3770 133 
3779 692 
3789 306 
3799 1 
3800 390 
3803 9082 
3809 981 
3813 383 
3823 876 
3826 655 
3835 186 
3835 326 
3840 614 
3848 563 
3864 195 
3867 575 
3879 943 
3881 453 
3892 367 
3895 371 
3896 83 
3901 38 
3922 514 
3972 4 
3977 450 
3979 628 
3981 27 
4022 134 
4023 264 
4046 359 
4051 101 
4073 859 
4090 341 
4101 363 
4115 3434 
4123 1403 
4126 627 
4126 437 
4133 114 
4142 166 
4149 17 
4156 114 
4178 1368 
4186 1011 
4188 176 
4196 3317 
4199 596 
4202 306 
4210 2500 
4213 39 
4216 183 
4218 156 
4227 295 
4282 488 
4301 179 
4319 235 
4321 290 
4326 78 
4336 167 
4337 89 
4344 17 
4375 258 
4377 31 
4378 49 
4399 46 
4406 7125 
4406 183 
4412 273 
4413 579 
4417 59 
4430 123 
4486 206 
4487 753 
4502 1037 
4503 155 
4513 781 
4513 1528 
4558 314 
4577 300 
4581 1071 
4588 108 
4599 595 
4612 311 
4719 172 
4734 648 
4741 68 
4746 305 
4752 337 
4752 28 
4780 98 
4781 168 
4790 100 
4793 136 
4799 156 
4802 412 
4828 2218 
4838 404 
4846 375 
4851 2242 
4874 315 
4883 401 
4888 113 
4980 595 
4987 79 
4997 475 
5002 391 
5013 104 
5034 265 
5039 723 
5076 94 
5079 429 
5083 139 
5125 40 
5126 180 
5131 514 
5131 560 
5137 181 
5141 361 
5179 1272 
5197 12 
5240 2115 
5249 650 
5312 1084 
5373 152 
5395 1118 
5399 83 
5418 1834 
5427 465 
5433 291 
5437 108 
5464 108 
5466 401 
5473 2416 
5473 271 
5489 172 
5492 144 
5503 489 
5509 6 
5513 1043 
5514 119 
5546 384 
5549 7 
5563 97 
5580 420 
5598 88 
5606 5428 
5663 6735 
5684 218 
5692 140 
5697 663 
5712 397 
5714 29 
5721 75 
5733 224 
5739 130 
5774 229 
5819 363 
5828 396 
5849 229 
5880 365 
5910 312 
5937 0 
5939 242 
5946 98 
5979 338 
6157 167 
6160 123 
6164 1236 
6166 1231 
6168 146 
6220 69 
6220 560 
6221 84 
6224 69 
6243 0 
6281 1641 
6307 1370 
6339 723 
6360 548 
6416 915 
6495 49 
6501 213 
6519 275 
6545 374 
6546 164 
6567 95 
6587 580 
6592 1211 
6596 2002 
6604 556 
6605 991 
6606 241 
6631 39 
6667 68 
6667 228 
6679 330 
6682 39 
6714 417 
6729 26 
6738 101 
6771 197 
6780 176 
6801 151 
6812 12 
6815 344 
6875 785 
6878 1182 
6889 187 
6905 208 
6913 1060 
6951 2534 
6958 2534 
6959 273 
6965 1247 
6965 353 
6975 167 
7011 45 
7016 68 
7020 156 
7055 205 
7081 400 
7108 108 
7127 59 
7133 345 
7151 314 
7204 50 
7227 98 
7227 872 
7229 1003 
7233 7 
7233 154 
7246 3099 
7251 49 
7254 679 
7290 148 
7300 119 
7321 750 
7341 66 
7384 247 
7452 642 
7468 681 
7477 641 
7490 994 
7494 87 
7494 266 
7497 310 
7503 232 
7510 225 
7586 791 
7623 1200 
7652 244 
7658 319 
7666 306 
7672 37 
7713 457 
7724 277 
7739 191 
7762 221 
7789 884 
7814 36 
7816 569 
7891 193 
7900 60 
7904 1152 
7910 187 
7928 65 
7952 1862 
8013 137 
8014 121 
8049 178 
8049 292 
8054 475 
8095 635 
8107 727 
8114 154 
8190 95 
8213 2078 
8230 166 
8239 31 
8253 394 
8262 300 
8263 180 
8277 348 
8280 20 
8302 159 
8334 3280 
8382 339 
8398 207 
8439 330 
8480 357 
8520 460 
8527 195 
8569 180 
8571 284 
8592 8433 
8602 269 
8616 619 
8642 315 
8742 278 
8760 434 
8794 444 
8813 55 
8850 415 
8883 142 
8895 192 
8929 196 
8933 1 
8952 332 
8971 98 
8993 370 
8994 17176 
9001 222 
9025 2141 
9037 970 
9044 616 
9120 255 
9120 52 
9140 610 
9149 1049 
9159 149 
9161 1133 
9163 109 
9183 506 
9194 1338 
9206 186 
9208 77 
9236 234 
9266 151 
9277 689 
9309 90 
9311 120 
9347 114 
9350 267 
9359 5686 
9363 61 
9371 231 
9390 62 
9449 42 
9453 666 
9453 1195 
9458 0 
9484 173 
9492 437 
9512 374 
9541 170 
9551 263 
9574 133 
9582 8151 
9620 205 
9624 958 
9642 419 
9680 938 
9697 516 
9726 844 
9779 2685 
9784 305 
9785 892 
9791 915 
9792 251 
9797 383 
9854 246 
9913 284 
9932 50 
9952 79 
9955 455 
9961 37 
10001 50 
10019 52 
10027 349 
10032 258 
10037 1867 
10044 15 
10069 328 
10087 187 
10117 441 
10148 12 
10185 863 
10191 10 
10246 1014 
10263 256 
10319 35 
10345 2111 
10347 458 
10379 170 
10379 281 
10429 190 
10458 557 
10462 310 
10489 543 
10516 225 
10539 660 
10540 227 
10549 263 
10552 511 
10597 10 
10603 21 
10623 680 
10643 174 
10662 343 
10669 145 
10699 408 
10730 1126 
10732 1090 
10764 189 
10771 95 
10837 300 
10957 242 
10987 321 
11031 531 
11039 229 
11041 597 
11088 1608 
11190 1007 
11201 255 
11227 451 
11244 13 
11247 6772 
11287 3498 
11323 1073 
11336 294 
11354 677 
11368 65 
11371 1597 
11425 1772 
11430 148 
11435 252 
11475 585 
11486 209 
11499 576 
11499 298 
11499 181 
11510 547 
11510 20 
11514 172 
11518 281 
11557 822 
11560 219 
11633 247 
11640 76 
11651 267 
11690 822 
11690 195 
11709 427 
11759 920 
11779 447 
11801 2023 
11813 30 
11819 755 
11825 72 
11898 1107 
11904 263 
11917 356 
11919 59 
11955 113 
11964 422 
11983 805 
12003 195 
12008 1983 
12036 278 
12044 241 
12070 146 
12073 72 
12123 397 
12137 215 
12141 198 
12156 258 
12186 120 
12203 154 
12216 177 
12232 569 
12235 71 
12243 275 
12266 252 
12284 524 
12287 585 
12303 897 
12344 139 
12345 99 
12402 153 
12423 182 
12464 109 
12507 969 
12508 30 
12543 60 
12552 106 
12567 36 
12603 51 
12613 102 
12615 459 
12648 323 
12797 7 
12832 559 
12838 169 
12900 239 
12901 710 
12995 428 
13070 138 
13101 149 
13242 211 
13294 273763 
13297 66 
13331 92 
13339 667 
13436 8 
13470 304 
13592 343 
13599 140 
13635 218 
13658 307 
13725 587 
13730 3438 
13766 456 
13796 490 
13821 41 
13884 200 
13900 218 
13911 328 
13932 29 
13965 1219 
13991 18 
14016 259 
14047 202 
14066 530 
14072 540 
14107 128 
14115 599 
14122 270 
14127 129 
14132 89 
14140 282 
14161 580 
14167 2112 
14213 346 
14216 158 
14249 698 
14264 1564 
14266 294 
14280 149 
14292 42 
14294 303 
14314 202 
14358 1001 
14382 484 
14393 205 
14399 349 
14410 72 
14419 981 
14434 69 
14457 538 
14520 158 
14524 132 
14552 255 
14570 167 
14592 69 
14595 23 
14608 189 
14621 410 
14695 268 
14700 108 
14731 387 
14739 206 
14782 132 
14789 151 
14822 895 
14917 65 
14939 1106 
14957 117 
15012 506 
15026 467 
15040 527 
15050 697 
15147 612 
15147 612 
15156 1427 
15157 1509 
15173 131 
15202 428 
15202 310 
15229 146 
15251 39 
15291 86 
15311 643 
15324 190 
15327 100 
15355 36 
15412 235 
15424 55 
15430 233 
15445 114 
15526 1640 
15528 2243 
15571 353 
15780 102 
15780 102 
15787 59 
15825 910 
15851 76 
15913 187 
16087 152 
16096 553 
16144 512 
16184 580 
16263 66 
16343 252 
16355 256 
16368 1 
16391 488 
16401 70 
16414 129 
16445 286 
16453 202 
16457 39 
16518 701 
16527 371 
16565 666 
16569 291 
16570 234 
16657 938 
16668 147 
16738 2716 
16759 411 
16763 51 
16794 680 
16865 34 
16872 44 
16923 157 
16982 762 
16990 151 
16996 157 
17014 2777 
17038 230 
17068 230 
17096 838 
17121 1125 
17164 16 
17180 469 
17201 259 
17203 22 
17337 249 
17365 833 
17392 85 
17416 7 
17425 9 
17429 15237 
17431 99 
17468 570 
17480 393 
17487 313 
17487 876 
17488 213 
17498 644 
17508 102 
17509 55 
17512 62 
17515 656 
17524 337 
17568 1350 
17619 562 
17621 729 
17672 377 
17691 441 
17697 1232 
17803 327 
17859 313 
17875 12 
17904 122 
17934 134 
17951 239 
18009 316 
18017 181 
18032 1669 
18064 1 
18150 67 
18192 389 
18234 481 
18303 533 
18350 208 
18385 62 
18434 368 
18527 342 
18537 24 
18558 612 
18625 119 
18635 2731 
18662 1194 
18662 220 
18729 1072 
18785 3438 
18812 4161 
18821 129 
18827 70 
18860 10 
18861 0 
18903 175 
18928 1254 
18984 417 
19060 455 
19080 300 
19094 37 
19095 456 
19161 699 
19170 1950 
19179 151 
19232 762 
19257 284 
19287 249 
19333 175 
19359 472 
19397 150 
19474 762 
19496 404 
19547 274 
19548 716 
19567 118 
19568 296 
19708 116 
19730 42 
19735 121 
19746 8 
19786 263 
19823 202 
19856 849 
19864 53 
19951 714 
19969 384 
20145 2626 
20206 391 
20227 1576 
20241 106 
20242 263 
20279 942 
20293 116 
20319 123 
20324 76 
20352 1746 
20400 837 
20426 322 
20430 31 
20459 224 
20463 77 
20464 414 
20548 398 
20690 183 
20713 870 
20724 961 
20767 223 
20798 9 
20854 427 
20954 734 
20986 107 
21001 126 
21021 381 
21053 1728 
21133 159 
21164 8341 
21173 1263 
21208 42 
21224 303 
21225 213 
21250 1236 
21255 144 
21314 310 
21327 1373 
21347 27 
21352 205 
21390 407 
21469 187 
21511 190 
21552 174 
21566 102 
21633 18 
21647 347 
21678 744 
21686 912 
21720 263 
21734 163 
21746 224 
21793 656 
21886 491 
21916 512 
21984 234 
21994 224 
22040 263 
22051 639 
22126 213 
22146 82 
22149 228 
22167 1813 
22183 493 
22184 132 
22216 540 
22251 439 
22386 63 
22394 62 
22395 168 
22420 60 
22451 957 
22506 193 
22562 255 
22682 170 
22693 156 
22787 816 
22806 1149 
22810 246 
22824 276 
22835 764 
22898 56 
22901 275 
22932 974 
22983 2 
23009 49 
23233 57 
23255 252 
23319 1150 
23327 53 
23352 974 
23457 2822 
23497 67 
23589 2200 
23593 235 
23603 190 
23625 174 
23700 23 
23723 681 
23751 2354 
23757 351 
23757 98 
23761 399 
23767 577 
23775 266 
23795 1153 
23797 442 
23798 205 
23873 80 
23882 257 
23888 127 
23942 565 
23987 102 
24025 182 
24033 1310 
24042 222 
24042 167 
24051 73 
24063 345 
24065 976 
24073 180 
24104 135 
24107 1460 
24119 0 
24141 1897 
24148 69 
24156 251 
24170 195 
24181 248 
24215 164 
24218 3666 
24235 444 
24247 81 
24256 1433 
24274 83 
24288 153 
24296 996 
24300 568 
24307 237 
24321 238 
24325 80 
24338 433 
24370 274 
24381 63 
24390 488 
24392 228 
24458 100 
24466 556 
24483 86 
24494 630 
24505 364 
24514 508 
24520 392 
24521 415 
24529 397 
24538 146 
24554 3 
24578 390 
24585 348 
24594 1797 
24605 174 
24612 114 
24644 155 
24658 208 
24679 72 
24688 18 
24745 735 
24777 136 
24797 26 
24799 147 
24812 118 
24838 420 
24939 278 
24950 170 
24953 177 
24992 275 
25047 77 
25089 110 
25091 487 
25109 696 
25160 142 
25161 6 
25212 586 
25213 128 
25246 332 
25278 91 
25301 618 
25303 226 
25339 547 
25342 306 
25457 620 
25459 45 
25481 663 
25584 1330 
25602 603 
25629 49 
25654 183 
25668 884 
25682 1658 
25682 442 
25725 499 
25728 443 
25736 1364 
25756 57 
25766 355 
25790 83 
25824 85 
25853 349 
25905 98 
25910 105 
25963 143 
25973 670 
26094 129 
26123 16 
26129 73 
26130 280 
26135 465 
26202 214 
26236 266 
26249 229 
26252 3967 
26294 114 
26312 145 
26331 441 
26365 255 
26370 447 
26374 233 
26413 109 
26437 1152 
26555 52 
26692 3186 
26718 270 
26741 997 
26777 246 
26791 1321 
26839 637 
26846 353 
26873 212 
26978 313 
26979 271 
26982 392 
27084 751 
27337 176 
27364 1121 
27480 100 
27520 179 
27650 535 
27658 239 
27706 1012 
27728 256 
27744 603 
27765 159 
27784 308 
27888 218 
27893 825 
27922 231 
27944 285 
27947 181 
27977 22 
28033 195 
28091 118 
28092 697 
28102 1846 
28104 274 
28142 179 
28219 296 
28221 36 
28287 106 
28292 310 
28307 168 
28353 375 
28353 76 
28380 160 
28445 63 
28454 81 
28538 141 
28610 207 
28717 111 
28798 303 
28852 153 
28882 214 
28918 279 
29003 488 
29012 339 
29062 260 
29081 233 
29099 17 
29111 285 
29121 434 
29162 484 
29189 23 
29218 766 
29238 596 
29252 131 
29269 2744 
29279 189 
29320 63 
29343 414 
29368 122 
29378 878 
29427 236 
29514 525 
29545 195 
29599 119 
29628 37 
29650 1262 
29650 560 
29653 390 
29697 170 
29851 121 
29891 2044 
29903 112 
29904 229 
29930 408 
29937 249 
29956 1368 
29962 281 
29983 250 
30019 622 
30034 311 
30035 586 
30046 44 
30120 378 
30148 255 
30224 59 
30291 2106 
30299 259 
30384 591 
30415 88 
30633 119 
30636 482 
30730 1197 
30786 214 
30813 1235 
30816 26 
30827 189 
30833 1711 
30864 444 
30877 75 
30929 459 
30964 76 
30993 197 
30994 1789 
30995 105 
30998 3141 
31012 206 
31040 1059 
31067 539 
31107 694 
31208 259 
31278 476 
31296 115 
31300 746 
31300 440 
31302 400 
31384 128 
31390 149 
31417 545 
31424 249 
31434 272 
31453 904 
31456 584 
31511 214 
31526 458 
31552 1298 
31576 248 
31592 71 
31624 21 
31661 247 
31722 283 
31827 63 
31871 97 
31990 41 
32019 197 
32104 158 
32129 225 
32161 122 
32167 97 
32179 64 
32189 467 
32347 8 
32427 10360 
32470 151 
32605 2635 
32616 309 
32729 558 
32762 61 
32776 238 
32861 1093 
32901 238 
32952 150 
32976 634 
32983 353 
33067 85 
33093 63 
33155 757 
33183 208 
33274 97 
33396 153 
33414 0 
33421 159 
33498 1973 
33522 625 
33526 348 
33546 142 
33565 135 
33584 853 
33591 1570 
33630 111 
33639 258 
33667 121 
33678 68 
33722 149 
33785 4124 
33971 660 
34019 237 
34056 206 
34129 144 
34131 522 
34182 89 
34271 167 
34353 177 
34459 132 
34496 51 
34535 31 
34543 158 
34568 730 
34612 249 
34619 555 
34656 884 
34736 341 
34854 54 
34929 211 
34998 94 
35073 139 
35106 229 
35113 689 
35125 275 
35159 196 
35168 73 
35181 81 
35181 127 
35248 208 
35250 1815 
35250 491 
35273 240 
35273 355 
35275 413 
35278 250 
35282 3327 
35287 267 
35287 3635 
35287 355 
35291 505 
35291 244 
35291 283 
35292 232 
35294 524 
35294 257 
35295 521 
35297 35 
35298 183 
35300 309 
35305 208 
35307 227 
35312 149 
35320 270 
35321 625 
35326 239 
35326 126 
35326 161 
35327 217 
35329 646 
35331 100 
35337 195 
35341 83 
35342 81 
35345 52 
35347 289 
35348 1195 
35349 196 
35349 164 
35352 127 
35359 327 
35362 1085 
35364 130 
35364 324 
35367 53 
35367 337 
35368 17 
35368 491 
35369 84 
35369 475 
35370 256 
35371 33 
35379 165 
35382 1684 
35382 540 
35383 29 
35385 469 
35388 189 
35404 292 
35407 56 
35438 146 
35440 337 
35445 219 
35447 230 
35456 208 
35469 166 
35470 200 
35475 450 
35476 109 
35483 345 
35532 92 
35539 202 
35557 622 
35561 199 
35564 251 
35614 217 
35643 282 
35645 1430 
35657 359 
35664 333 
35670 382 
35708 454 
35718 474 
35723 260 
35741 502 
35744 49 
35744 239 
35755 152 
35772 346 
35775 1672 
35790 120 
35986 707 
36045 1315 
36161 424 
36163 529 
36165 153 
36181 868 
36185 21 
36206 88 
36276 136 
36305 80 
36328 504 
36339 239 
36436 217 
36439 43 
36468 1084 
36486 362 
36543 26 
36568 51 
36570 872 
36656 285 
36657 719 
36757 124 
36760 154 
36835 322 
36855 57 
36862 397 
37023 309 
37075 168 
37128 215 
37181 248 
37186 576 
37244 27 
37256 117 
37288 351 
37380 190 
37476 153 
37579 472 
37628 296 
37657 17 
37684 62 
37800 712 
37838 461 
37847 71 
37867 181 
37878 167 
37901 139 
37911 156 
37955 217 
38022 57 
38043 315 
38095 427 
38107 436 
38148 103 
38222 40 
38292 273 
38373 128 
38449 245 
38477 203 
38501 40 
38533 1677 
38544 392 
38567 647 
38575 741 
38760 229 
38764 1281 
38793 767 
38799 562 
38905 311 
38939 133 
38942 1665 
39032 320 
39145 703 
39157 928 
39184 81 
39207 124 
39299 180 
39335 303 
39347 43 
39360 965 
39375 1 
39421 422 
39541 33 
39599 157 
39609 391 
39655 174 
39717 242 
39737 769 
39979 1288 
40087 60 
40282 87 
40283 163 
40285 242 
40306 458 
40349 103 
40509 542 
40671 59 
40704 406 
40712 173 
40731 196 
40776 72 
40786 317 
40943 230 
40982 493 
41063 162 
41070 270 
41073 409 
41126 57 
41181 1666 
41187 190 
41275 491 
41278 666 
41292 376 
41296 2554 
41442 190 
41477 241 
41510 406 
41519 245 
41557 1109 
41560 447 
41562 849 
41569 486 
41578 534 
41620 335 
41736 298 
41767 1686 
41855 361 
41968 477 
42106 94 
42136 135 
42181 290 
42216 106 
42289 424 
42328 220 
42410 435 
42561 137 
42684 131 
43373 197 
43400 320 
43503 119 
43545 1315 
43583 20 
43626 45 
43705 156 
43847 574 
43914 499 
44010 48 
44142 469 
44289 441 
44334 332 
44335 79 
44460 132 
44661 754 
44726 37 
44779 496 
44809 131 
44814 105 
44852 406 
44978 48 
45348 110 
45467 528 
45810 265 
45843 123 
45847 286 
45915 99 
45968 100 
46113 427 
46217 158 
46229 1626 
46255 26 
46340 36 
46456 28 
46510 130 
46567 105 
46653 17 
46654 247 
46700 109 
46849 406 
46905 539 
46945 139 
46986 1275 
47062 495 
47406 474 
47484 450 
47559 57 
48058 2050 
48157 142 
48376 68 
48411 7 
48455 136 
48928 117 
48930 429 
49003 183 
49405 72 
49431 418 
49906 109 
50334 39 
50449 239 
50891 505 
51179 1302 
51304 608 
51842 267 
51846 366 
52491 283 
52890 705 
53025 941 
54205 9 
54856 347 
55134 139 
55307 373 
55330 64 
55343 232 
55352 102 
55466 183 
55480 338 
55638 41 
55680 1601 
55813 1843 
55921 940 
56173 617 
56334 421 
56700 1707 
60337 124 
61256 1082 
64278 705 
65551 11898 
66375 693 
66821 418 
67875 184 
68736 457 
69978 160 
70196 1064 
70358 49 
70586 164 
70813 1165 
71078 1926 
71522 614 
71816 609 
71910 164 
72006 1202 
72354 313 
73671 101 
75182 547 
75445 72 
75616 431 
75782 1144 
75897 431 
76733 245 
77778 636 
77848 333 
78225 233 
78411 935 
79113 53 
79500 110 
80894 2186 
80924 412 
82820 397 
82838 558 
83106 161 
83191 114 
83990 217 
85550 746 
85790 0 
85861 687 
85954 2166 
85999 253 
86536 291 
86968 1464 
87188 140 
87194 227 
87252 121 
87827 693 
88021 1195 
89800 405 
90520 832 
90778 433 
91845 746 
92294 140 
92605 253 
93301 517 
93771 22 
94023 2547 
94998 669 
95672 72 
95963 85 
95985 394 
96859 230 
96965 633 
96978 1 
97027 471 
97061 697 
97068 414 
97995 109 
98471 393 
98782 463 
99153 613 
99436 345 
99915 1637 
100238 761 
100281 6 
100456 428 
100467 391 
101059 375 
101339 659 
101899 1 
102277 786 
102341 226 
102350 73 
103201 519 
103405 330 
103536 41 
104642 238 
104789 31 
104988 188 
106038 1929 
106054 117 
106235 127 
106380 58 
106698 940 
106741 164 
107647 2 
109050 485 
109659 568 
109781 144 
110787 175 
111343 360 
111353 448 
111703 143 
112926 76 
112948 239 
113246 177 
113460 211 
113991 538 
114399 172 
114656 86 
115363 1257 
115695 612 
116388 244 
117362 363 
117841 488 
117925 137 
117944 212 
118425 165 
119138 162 
119203 524 
120044 149 
120270 20 
120525 133 
120969 1059 
121150 42 
121975 36 
122285 53 
122501 44 
122916 582 
123379 233 
123425 532 
124018 235 
124286 613 
124426 66 
124429 1801 
125220 381 
125484 71 
127347 231 
127396 22 
128883 120 
130126 393 
130356 1115 
131133 249 
133635 111 
133901 1735 
133943 663 
134127 169 
134149 124 
134671 389 
135145 264 
137064 241 
137299 205 
140527 565 
141046 226 
142852 289 
144118 476 
148195 119 
149800 226 
153679 97 
156379 630 
156442 444 
156987 34 
157340 6 
162879 1204 
164626 198 
165098 13 
165546 328 
166223 51 
166323 136 
167735 263 
170713 761 
172392 169 
180046 370 
180338 194 
180507 629 
183381 4523 
184412 210 
187600 210 
188948 3586 
190085 468 
190260 292 
190622 210 
190851 840 
191017 3892 
191472 98 
191826 1 
195178 469 
196298 495 
196894 75 
197256 595 
197870 52 
198116 134 
198143 83 
206396 115 
207609 287 
209213 159 
210888 53 
211766 272 
211945 298 
216405 314 
218037 87 
219596 146 
224017 408 
225965 116639 
226018 338 
226217 155 
226347 155 
233309 218 
255646 547 
261017 210 
266088 233 
267681 118 
273540 1481 
274173 102 
277706 186 
281298 94 
283374 136 
284899 38 
285769 244 
288218 97 
292965 200 
293118 94 
298344 398 
298854 436 
299749 949 
302054 193 
305361 904 
319492 46 
323898 229 
325894 65 
330657 184 
336128 128 
341502 218 
356217 306 
356715 754 
357066 193 
360498 251 
361996 560 
362108 20 
376594 596 
379846 302 
390423 258 
392875 0 
395353 1520 
438328 336 
451974 173 
454120 966 
461103 267 
469678 1016 
524804 1081 
533237 134 
539207 311 
