2050 10.1528703704
0 147784 
5 1698 
5 411 
6 355 
6 828 
7 671 
7 362 
8 104 
8 288 
8 211 
8 400 
9 195 
9 450 
10 1024 
10 437 
10 546 
11 73 
11 148 
11 65 
12 1836 
12 394 
13 605 
13 142 
14 124 
14 86 
14 209 
14 185 
14 321 
15 521 
15 291 
15 327 
15 233 
16 168 
16 275 
16 53 
17 102 
17 564 
17 261 
17 544 
18 368 
18 184 
18 100 
18 52 
19 161 
19 518 
19 777 
20 46 
20 45 
20 60 
20 124 
21 141 
21 263 
21 900 
21 386 
22 261 
22 550 
22 664 
22 268 
23 631 
23 146 
23 698 
23 302 
23 161 
24 1737 
24 465 
24 115 
25 359 
25 258 
25 1205 
25 349 
25 1444 
26 455 
26 365 
26 137 
27 294 
27 266 
27 3136 
28 469 
28 2249 
28 177 
28 496 
29 75 
29 183 
29 232 
30 464 
30 848 
31 415 
31 185 
32 113 
32 859 
32 57 
32 334 
33 362 
33 137 
33 851 
33 381 
34 129 
34 111 
34 133 
34 1088 
34 243 
35 484 
35 995 
35 889 
36 62 
36 684 
36 631 
36 294 
36 82 
37 584 
37 149 
38 60 
38 981 
38 91 
38 555 
38 1969 
38 973 
38 549 
39 375 
39 650 
39 143 
39 522 
39 230 
40 545 
40 853 
40 268 
40 385 
40 54 
41 2424 
41 93 
41 137 
41 34 
41 306 
41 801 
41 669 
41 131 
42 473 
42 214 
42 2401 
43 70 
43 333 
43 64 
43 618 
43 183 
43 71 
43 394 
44 1398 
44 182 
45 565 
45 222 
46 225 
47 415 
47 268 
47 111 
47 643 
47 184 
48 638 
48 129 
48 170 
48 111 
49 386 
49 58 
49 158 
49 729 
49 356 
49 965 
49 466 
49 161 
50 2382 
50 53 
50 133 
50 78 
50 4194 
50 86 
50 746 
50 307 
51 54 
51 91 
51 187 
51 997 
51 143 
52 592 
52 282 
52 156 
52 337 
52 120 
52 65 
53 230 
53 127 
53 23 
53 206 
53 422 
53 98 
54 119 
54 131 
54 427 
54 492 
54 345 
55 419 
55 69 
55 613 
55 314 
56 132 
56 315 
57 676 
57 76 
57 213 
58 1712 
58 230 
58 250 
58 431 
59 174 
59 252 
59 233 
60 496 
60 262 
60 94 
60 40 
60 382 
60 176 
61 341 
61 240 
61 146 
61 198 
62 322 
62 1516 
62 80 
62 283 
62 187 
63 736 
63 669 
63 261 
63 423 
63 195 
63 283 
63 526 
63 371 
64 816 
64 79 
64 713 
66 316 
66 225 
67 91 
67 145 
67 564 
67 155 
67 221 
67 136 
68 247 
69 122 
69 147 
69 233 
69 557 
69 348 
70 251 
70 168 
70 192 
71 332 
72 180 
72 150 
73 40 
73 414 
73 30 
73 414 
74 41 
74 268 
74 74 
75 261 
75 409 
75 110 
76 569 
76 387 
76 627 
76 457 
77 210 
77 388 
77 415 
77 82 
78 84 
78 38 
79 149 
79 621 
79 140 
79 96 
80 265 
80 1338 
81 277 
82 71 
82 171 
82 182 
83 1844 
84 882 
84 613 
84 300 
84 99 
85 488 
85 330 
86 268 
86 266 
86 327 
86 183 
86 65 
87 89 
87 131 
87 170 
87 247 
87 85 
88 303 
88 98 
88 2339 
89 375 
89 189 
89 87 
89 346 
90 1683 
90 233 
91 1149 
91 202 
92 316 
92 349 
92 371 
92 191 
92 195 
93 120 
94 94 
94 158 
94 341 
95 37 
95 100 
96 314 
96 112 
97 307 
99 234 
100 67 
100 226 
100 276 
100 151 
100 187 
101 173 
101 137 
101 171 
102 238 
102 90 
103 74 
103 100 
104 771 
105 130 
105 113 
105 64 
107 135 
107 234 
107 81 
107 192 
107 144 
109 115 
109 214 
109 375 
109 777 
109 71 
109 38 
110 178 
110 40 
110 134 
111 252 
111 83 
112 125 
112 335 
112 263 
112 138 
114 571 
114 47 
115 224 
115 165 
115 1097 
115 621 
115 472 
115 79 
116 160 
116 38 
116 313 
116 360 
117 342 
118 255 
119 123 
119 78 
119 71 
119 235 
120 308 
120 572 
120 105 
121 44 
121 220 
121 84 
121 181 
121 83 
121 162 
122 534 
124 109 
124 96 
124 203 
125 79 
125 139 
125 180 
125 754 
126 77 
126 58 
127 797 
127 621 
128 133 
128 190 
128 311 
129 299 
129 382 
130 316 
130 59 
131 154 
132 260 
133 250 
134 26 
134 435 
135 365 
136 44 
138 534 
138 129 
139 163 
139 211 
139 121 
140 119 
140 284 
140 105 
141 293 
141 259 
141 571 
142 306 
142 439 
142 297 
142 1268 
142 125 
144 1128 
144 348 
145 696 
146 652 
147 332 
148 203 
148 86 
148 682 
149 106 
149 128 
149 388 
149 250 
149 118 
149 49 
150 34 
150 254 
150 88 
150 344 
152 1384 
152 337 
152 745 
153 334 
154 669 
155 339 
155 316 
155 49 
155 66 
156 77 
160 896 
160 79 
160 333 
160 92 
162 393 
162 218 
163 522 
163 200 
163 88 
164 116 
164 27 
167 630 
168 277 
168 192 
169 90 
169 115 
170 167 
170 345 
170 311 
171 106 
171 195 
174 438 
174 132 
175 1289 
175 210 
176 118 
176 147 
177 180 
179 314 
180 305 
180 288 
181 287 
181 70 
182 135 
183 67 
183 274 
184 218 
184 41 
184 1861 
184 40 
185 110 
185 544 
186 84 
186 259 
187 102 
187 260 
187 144 
187 242 
187 133 
188 121 
189 155 
190 152 
190 341 
192 49 
192 1914 
192 10 
192 151 
192 384 
194 200 
195 214 
195 870 
196 81 
197 78 
197 434 
197 100 
199 109 
199 209 
199 132 
200 432 
201 228 
201 118 
202 119 
202 184 
203 9787 
203 38 
204 94 
205 202 
205 40 
205 43 
206 116 
206 48 
206 509 
206 70 
208 473 
208 100 
208 250 
209 152 
209 498 
210 594 
210 99 
210 378 
211 248 
211 225 
212 64 
214 37 
215 57 
216 131 
217 266 
217 601 
219 30 
219 239 
219 178 
219 236 
219 291 
222 116 
222 68 
223 109 
224 959 
225 270 
226 200 
228 368 
228 180 
228 326 
229 27 
229 220 
231 137 
232 50 
232 1113 
232 158 
235 195 
235 81 
236 88 
237 1231 
238 187 
238 225 
239 402 
240 1104 
243 164 
243 290 
243 228 
245 107 
246 20 
248 284 
251 493 
252 262 
253 136 
256 91 
256 683 
257 311 
259 370 
259 483 
260 537 
261 171 
263 54 
263 261 
264 659 
265 41 
265 218 
266 428 
267 318 
267 1283 
269 589 
269 165 
270 283 
270 219 
270 303 
270 52 
273 146 
274 1428 
274 95 
275 93 
276 324 
277 153 
277 240 
277 147 
278 245 
278 49 
279 200 
280 333 
282 279 
282 120 
283 465 
285 147 
285 221 
287 183 
287 184 
288 74 
290 133 
292 85 
292 323 
292 513 
294 517 
294 69 
295 226 
297 138 
297 1274 
298 561 
299 193 
302 209 
303 82 
304 243 
306 57 
306 370 
307 643 
310 75 
310 23 
312 120 
315 75 
315 306 
317 185 
318 65 
318 144 
319 419 
326 363 
326 66 
327 54 
331 190 
333 159 
333 212 
334 313 
335 288 
335 148 
337 422 
343 45 
343 127 
346 14 
346 293 
346 29 
347 62 
349 97 
350 289 
353 328 
354 169 
355 1243 
355 118 
356 69 
359 374 
360 448 
361 115 
361 447 
362 76 
363 134 
365 157 
366 162 
368 339 
368 1183 
369 775 
371 140 
372 1838 
372 38 
374 415 
376 583 
378 205 
378 339 
379 227 
379 139 
384 225 
384 92 
385 126 
386 313 
387 663 
388 225 
390 137 
390 152 
391 71 
391 211 
391 416 
392 53 
398 306 
398 46 
399 1459 
401 730 
401 760 
402 249 
403 43 
403 146 
405 178 
405 128 
410 127 
410 2800 
410 225 
411 192 
413 22 
413 164 
414 157 
421 266 
423 2714 
426 40 
431 162 
434 116 
435 125 
439 513 
440 42 
440 287 
444 283 
444 183 
449 68 
449 76 
450 234 
450 305 
451 842 
452 56 
456 57 
460 664 
466 57 
466 109 
467 45 
467 103 
468 38 
474 644 
474 182 
477 247 
478 81 
479 621 
480 253 
480 1531 
480 151 
481 10810 
482 80 
483 231 
485 354 
488 58 
492 601 
494 63 
496 376 
499 123 
499 123 
502 230 
503 33 
583 918 
585 119 
592 193 
592 411 
593 201 
597 594 
598 259 
600 478 
600 195 
601 592 
601 247 
602 209 
605 264 
605 249 
607 464 
607 148 
610 384 
610 120 
610 242 
610 159 
613 105 
613 129 
614 132 
616 144 
620 22 
620 199 
622 807 
622 209 
624 306 
628 136 
630 263 
634 205 
636 52 
641 334 
646 95 
650 445 
650 178 
652 392 
654 917 
654 348 
655 284 
663 34 
666 341 
670 116 
675 245 
676 8 
681 75 
681 105 
681 304 
685 280 
685 82 
690 607 
694 339 
695 62 
697 168 
697 30 
698 30 
701 286 
701 338 
701 74252 
702 185 
705 71 
706 77 
709 211 
714 174 
729 87 
736 206 
740 358 
741 93 
742 51 
745 273 
749 121 
752 553 
754 89 
756 60 
761 324 
761 160 
761 103 
767 694 
770 153 
776 94 
776 90 
778 149 
790 796 
794 194 
799 112 
804 235 
812 35 
814 90 
816 55 
820 145 
823 179 
826 404 
828 135 
829 612 
835 88 
835 48 
837 83 
851 67 
854 36 
858 20 
859 155 
861 239 
864 116 
865 218 
868 134 
869 455 
877 18 
879 117 
893 264 
896 301 
899 42 
905 757 
906 277 
916 176 
918 340 
924 83 
925 2007 
927 47 
932 216 
941 186 
942 879 
943 62 
946 10 
949 43 
957 139 
966 113 
970 144 
978 153 
979 175 
981 508 
987 929 
990 117 
994 27 
994 163 
996 405 
998 157 
998 205 
1000 179 
1001 340 
1024 261 
1025 130 
1032 127 
1036 57 
1036 61 
1040 195 
1060 491 
1062 43 
1069 149 
1072 269 
1077 528 
1078 183 
1079 77 
1079 216 
1079 591 
1083 94 
1085 94 
1095 279 
1097 38 
1097 115 
1102 601 
1103 446 
1103 215 
1104 285 
1105 550 
1107 268 
1107 49 
1111 60 
1112 86 
1125 395 
1129 45 
1132 112 
1136 2034 
1142 79 
1143 80 
1143 985 
1147 192 
1148 167 
1150 127 
1152 168 
1156 346 
1160 90 
1161 129 
1162 104 
1163 145 
1168 402 
1170 77 
1174 341 
1174 109 
1179 163 
1181 380 
1187 70 
1193 379 
1200 132 
1201 65 
1208 162 
1212 41 
1217 1258 
1218 412 
1219 157 
1230 95 
1239 86 
1245 43 
1250 67 
1253 122 
1257 62 
1262 725 
1262 253 
1262 128 
1263 743 
1264 595 
1268 211 
1269 78 
1271 211 
1274 13 
1280 392 
1280 13 
1286 152 
1287 98 
1288 42 
1289 71 
1290 137 
1292 54 
1294 134 
1302 62 
1308 131 
1314 57 
1314 309 
1319 180 
1320 48 
1321 441 
1321 34 
1322 73 
1327 26 
1332 435 
1332 85 
1334 53 
1352 96 
1356 415 
1356 167 
1365 1224 
1374 1338 
1379 203 
1380 81 
1381 53 
1390 128 
1392 297 
1404 153 
1412 25 
1414 636 
1417 2662 
1418 17 
1419 105 
1421 66 
1422 46 
1422 290 
1428 77 
1430 131 
1431 956 
1431 80 
1435 85 
1438 1192 
1440 34 
1441 141 
1444 424 
1455 87 
1455 42 
1460 1695 
1461 47 
1472 52 
1475 332 
1479 214 
1486 29 
1488 95 
1490 50 
1503 256 
1572 309 
1587 149 
1617 98 
1619 45 
1629 39 
1640 73 
1646 182 
1648 246 
1668 113 
1669 371 
1691 126 
1691 107 
1694 145 
1702 40 
1708 1720 
1717 94 
1728 142 
1739 26 
1753 143 
1755 240 
1773 159 
1774 171 
1777 85 
1778 39 
1780 106 
1792 1088 
1796 508 
1806 475 
1834 1292 
1836 105 
1843 379 
1848 7 
1857 75 
1860 424 
1868 577 
1875 45 
1920 34 
1943 165 
1963 74 
1970 585 
1983 18 
1993 175 
2064 67 
2074 168 
2079 50 
2083 212 
2083 120 
2107 212 
2108 411 
2109 134 
2120 240 
2130 227 
2139 82 
2151 441 
2155 112 
2158 27 
2193 34 
2198 3034 
2204 165 
2229 105 
2233 30 
2249 4237 
2253 74 
2272 26 
2274 58 
2279 96 
2280 405 
2287 136 
2294 5 
2296 12 
2308 20 
2312 68 
2313 29 
2320 71 
2324 43 
2330 62 
2334 168 
2335 110 
2336 712 
2342 517 
2357 10 
2377 296 
2383 311 
2387 80 
2390 80 
2390 91 
2391 82 
2405 47 
2412 618 
2416 20 
2419 835 
2436 8 
2438 646 
2450 167 
2451 601 
2457 663 
2463 560 
2464 22 
2467 46 
2470 32 
2477 50 
2482 288 
2491 1322 
2500 1445 
2505 127 
2512 179 
2519 104 
2524 339 
2529 96 
2531 80 
2531 106 
2532 87 
2540 199 
2542 145 
2543 437 
2551 1383 
2574 125 
2581 208 
2586 149 
2590 952 
2591 231 
2596 166 
2599 276 
2603 2420 
2609 627 
2611 71 
2611 96 
2613 267 
2626 88 
2636 63 
2641 106 
2642 584 
2653 1911 
2662 339 
2668 432 
2693 120 
2697 288 
2702 112 
2712 57 
2714 1698 
2757 10 
2771 208 
2774 196 
2780 353 
2798 236 
2801 646 
2841 80 
2845 228 
2861 216 
2885 93 
2898 84 
2914 86 
2917 129 
2921 41 
2924 342 
2936 502 
2940 79 
2944 649 
2947 123 
2957 31 
2971 79 
2992 131 
2998 96 
3008 215 
3014 290 
3035 188 
3046 19 
3049 403 
3061 366 
3085 82 
3094 79 
3116 23 
3124 78 
3126 103 
3140 55 
3154 4 
3171 4 
3174 681 
3179 239 
3184 243 
3186 391 
3212 137 
3248 46 
3254 217 
3263 156 
3264 644 
3274 23 
3283 200 
3284 290 
3290 175 
3303 1490 
3303 309 
3311 101 
3337 358 
3346 33 
3348 505 
3349 1019 
3351 35 
3372 253 
3394 200 
3436 467 
3449 109 
3454 164 
3470 1311 
3476 85 
3478 300 
3484 462 
3486 657 
3509 268 
3542 195 
3547 118 
3562 16 
3562 149 
3566 73 
3570 160 
3579 72 
3582 52 
3584 62 
3597 74 
3597 19 
3607 111 
3612 44 
3632 98 
3642 796 
3642 15 
3648 89 
3670 107 
3679 49 
3683 402 
3683 227 
3695 170 
3716 35 
3726 607 
3754 432 
3763 190 
3780 570 
3785 109 
3787 90 
3787 175 
3791 63 
3791 206 
3813 36 
3844 9 
3857 736 
3859 45 
3861 340 
3882 338 
3890 86 
3907 196 
3938 216 
3948 33 
3950 69 
3966 288 
3982 21 
4017 26 
4019 236 
4019 168 
4030 244 
4032 1376 
4066 455 
4082 533 
4096 20 
4109 175 
4132 39 
4142 8 
4146 225 
4155 865 
4160 31 
4174 437 
4181 179 
4197 99 
4202 1401 
4206 110 
4209 95 
4211 45 
4213 73 
4223 145 
4229 107 
4245 57 
4252 210 
4252 142 
4272 35 
4272 30 
4295 311 
4303 241 
4317 191 
4319 114 
4329 122 
4347 48 
4356 147 
4403 53 
4422 1382 
4428 172 
4438 316 
4454 117 
4489 681 
4504 137 
4527 176 
4527 96 
4538 297 
4585 95 
4626 748 
4652 339 
4655 30 
4664 8 
4676 11 
4708 13 
4711 2 
4719 50 
4721 1008 
4727 339 
4739 128 
4770 74 
4788 799 
4800 126 
4803 35 
4827 119 
4867 49 
4947 29 
5010 98 
5075 325 
5077 68 
5080 49 
5095 73 
5099 52 
5105 45 
5109 170 
5172 69 
5212 47 
5214 84 
5237 40 
5255 40 
5274 21 
5285 91 
5287 115 
5338 121 
5339 46 
5363 282 
5374 559 
5434 110 
5438 324 
5476 120 
5504 14 
5532 398 
5593 38 
5612 225 
5626 20 
5635 5 
5640 149 
5656 436 
5719 480 
5742 25 
5755 26 
5761 36 
5773 119 
5774 843 
5795 270 
5821 161 
5882 71 
5897 788 
5931 90 
5951 645 
5961 88 
5980 344 
6005 52 
6017 369 
6047 158 
6064 650 
6073 56 
6084 81 
6091 58 
6094 540 
6100 22 
6122 77 
6133 119 
6136 845 
6147 402 
6147 25 
6148 1470 
6198 120 
6266 155 
6278 87 
6314 662 
6331 709 
6349 382 
6380 104 
6404 59 
6412 198 
6433 100 
6442 167 
6484 440 
6502 37 
6506 291 
6617 807 
6649 95 
6660 15 
6679 172 
6689 1015 
6694 468 
6696 268 
6698 376 
6701 323 
6702 160 
6748 70 
6764 84 
6767 466 
6771 48 
6793 17 
6799 48 
6804 16 
6855 135 
6856 64 
6861 110 
6882 2210 
6948 115 
7007 73 
7033 617 
7035 56 
7065 74 
7074 2165 
7089 307 
7189 29 
7189 69 
7240 42 
7244 94 
7247 67 
7262 216 
7280 108 
7330 499 
7331 151 
7345 164 
7358 114 
7415 45 
7443 296 
7460 454 
7485 144 
7491 74 
7491 223 
7491 46 
7513 119 
7579 102 
7609 110 
7621 93 
7631 115 
7641 85 
7674 41 
7690 132 
7720 1813 
7734 592 
7736 53 
7744 455 
7744 137 
7763 107 
7768 23 
7780 28 
7813 38 
7818 537 
7844 364 
7854 277 
7901 123 
7920 138 
7925 87 
7930 139 
7953 173 
7954 177 
7955 727 
7958 117 
7970 384 
7974 164 
7999 99 
8019 150 
8073 399 
8132 47 
8156 243 
8180 83 
8202 163 
8203 174 
8229 1039 
8269 859 
8274 780 
8276 47 
8285 113 
8295 5 
8316 52 
8404 218 
8448 60 
8467 145 
8467 42 
8474 770 
8530 478 
8535 4398 
8543 284 
8571 512 
8573 1930 
8583 358 
8585 270 
8590 25 
8598 485 
8598 30 
8631 561 
8632 24 
8633 516 
8657 179 
8675 56 
8684 256 
8692 187 
8694 255 
8732 212 
8735 90 
8739 71 
8749 298 
8773 395 
8774 28 
8780 820 
8788 56 
8788 56 
8791 593 
8791 593 
8793 541 
8793 541 
8803 970 
8803 970 
8809 758 
8809 758 
8827 270 
8827 270 
8833 648 
8833 648 
8851 509 
8851 509 
8889 1781 
8908 651 
8921 1256 
8926 108 
8931 45 
8948 3 
9109 64 
9138 502 
9143 132 
9157 115 
9182 385 
9183 355 
9196 272 
9217 134 
9228 110 
9411 52 
9437 60 
9454 63 
9485 39 
9618 93 
9689 312 
9728 125 
9784 69 
9827 76 
9827 429 
9852 1088 
9892 17 
9893 306 
9929 149 
9946 127 
9949 175 
9982 99 
10039 35 
10045 70 
10068 43 
10122 179 
10199 786 
10230 1469 
10237 1701 
10241 1292 
10261 48 
10261 338 
10266 82 
10268 179 
10299 402 
10358 50 
10439 153 
10513 119 
10602 58 
10602 189 
10627 447 
10638 719 
10644 487 
10661 395 
10684 115 
10788 123 
10815 54 
10839 76 
10892 62 
10931 480 
10990 131 
11001 32 
11006 350 
11071 73 
11225 28 
11228 88 
11311 134 
11330 28 
11336 243 
11454 47 
11508 504 
11518 152 
11537 43 
11565 85 
11577 24 
11799 275 
11833 53 
11836 125 
11853 520 
11899 352 
11914 229 
12104 390 
12157 664 
12168 999 
12170 110 
12171 203 
12178 268 
12197 203 
12214 204 
12224 25 
12234 282 
12238 92 
12245 175 
12296 78 
12338 133 
12341 499 
12399 150 
12583 779 
12644 538 
12658 127 
12698 405 
12736 266 
12800 64 
12856 165 
12887 322 
12889 28 
12923 1118 
12955 481 
13132 381 
13142 304 
13199 315 
13351 27 
13402 52 
13404 239 
13411 450 
13473 503 
13503 35 
13564 138 
13640 85 
13669 100 
13691 674 
13737 590 
13743 208 
13767 194 
13772 558 
13808 154 
13836 692 
13867 2328 
13927 2017 
13979 561 
14004 318 
14082 676 
14144 358 
14185 488 
14251 868 
14311 106 
14376 101 
14415 389 
14476 331 
14480 258 
14495 797 
14503 193 
14510 352 
14593 38 
14635 901 
14642 429 
14646 383 
14671 230 
14684 110 
14703 272 
14710 124 
14755 116 
14779 289 
14942 509 
14952 519 
15062 497 
15101 860 
15111 475 
15210 10 
15516 288 
15557 928 
15586 665 
15590 3134 
15612 768 
15703 328 
15743 1104 
15746 297 
15771 323 
15912 296 
16051 82 
16057 129 
16066 264 
16098 420 
16135 770 
16137 111 
16204 161 
16256 271 
16636 151 
16763 16 
16797 201 
16806 54 
16820 83 
16840 407 
16864 397 
16864 125 
16903 277 
16903 232 
16944 125 
16958 812 
16985 115 
17005 109 
17031 688 
17040 409 
17158 81 
17175 39 
17219 375 
17245 87 
17303 176 
17380 42 
17454 703 
17468 188 
17472 51 
17510 133 
17560 462 
17613 101 
17727 21 
17779 87 
17975 59 
18009 398 
18035 23 
18137 248 
18152 82 
18289 37 
18396 266 
18476 43 
18523 154 
18562 137 
18644 816 
18688 1587 
18714 104 
18749 134 
18787 660 
18805 697 
18889 1347 
18919 42 
18939 61 
19015 234 
19028 375 
19065 24 
19172 274 
19292 1049 
19294 95 
19343 702 
19345 759 
19347 89 
19347 483 
19362 80 
19388 408 
19405 303 
19422 102 
19446 238 
19462 888 
19471 166 
19498 424 
19508 226 
19525 339 
19529 128 
19539 622 
19589 548 
19607 580 
19642 329 
19717 249 
19717 149 
19768 62 
19839 56 
20262 103 
20439 334 
20462 437 
20473 838 
20475 53 
20483 308 
20502 1172 
20519 461 
20671 85 
20810 352 
20862 40 
20865 72 
20898 652 
20920 231 
20980 166 
20983 326 
21055 892 
21109 639 
21142 119 
21245 76 
21398 384 
21632 86 
21673 60 
21722 338 
21767 275 
21818 340 
21875 70 
22050 461 
22083 33 
22265 175 
22273 196 
22357 46 
22378 1108 
22667 599 
22719 669 
22981 1008 
23088 2139 
23099 2277 
23105 1153 
23119 2869 
23122 516 
23126 768 
23130 1604 
23136 1280 
23166 288 
23176 121 
23189 465 
23210 166 
23238 106 
23243 324 
23286 171 
23554 32 
23870 94 
23982 324 
23982 324 
24033 19 
24033 19 
24312 84 
24651 74 
24798 49 
24871 68 
24960 532 
24988 1029 
25019 131 
25039 1578 
25043 244 
25171 939 
25213 3285 
25222 1951 
25230 682 
25234 269 
25250 232 
25252 165 
25257 57 
25281 720 
25311 525 
25425 77 
25436 220 
25484 803 
25490 1374 
25490 843 
25582 558 
25618 3181 
25630 269 
25644 82 
25657 1721 
25657 43 
25659 2038 
25683 83 
25722 399 
25737 556 
25804 88 
25838 1383 
25869 413 
25902 615 
25991 48 
26032 82 
26412 124 
26699 835 
26792 376 
26825 2428 
26825 221 
26968 1619 
27041 1549 
27055 1818 
27056 1346 
27121 679 
27124 1057 
27140 2175 
27148 734 
27663 1364 
27891 17 
28195 164 
28275 159 
28318 148 
28700 223 
28916 974 
29006 312 
29707 91 
29940 181 
30132 738 
30591 107 
30780 133 
31018 429 
31048 351 
31061 871 
31064 2199 
31071 619 
31113 418 
31155 1105 
31171 368 
31192 242 
31200 511 
31215 498 
31240 521 
31257 320 
31304 898 
31326 291 
31684 105 
31689 647 
31706 135 
32269 366 
32347 297 
32562 294 
32573 336 
33010 302 
33739 141 
33869 144 
34032 107 
34746 65 
35209 680 
35453 1110 
35803 96 
37664 194 
38445 1137 
38451 1832 
40426 394 
40441 351 
40458 320 
43387 84 
43468 200 
43608 966 
44302 31 
44496 36 
44512 539 
45199 481 
49722 61 
51494 212 
63816 85 
69861 62 
70541 102 
71014 31 
77981 345 
81247 174 
84778 148 
97142 76 
107085 99 
107172 125 
113620 208 
114486 129 
114508 1246 
115048 647 
115087 338 
115145 158 
115229 152 
115867 243 
115950 238 
115976 99 
116292 202 
116368 130 
116558 271 
116588 149 
123706 215 
132043 741 
132158 387 
189493 166 
206893 67 
224999 94 
257000 246 
464881 743 
467325 36 
467442 36 
488636 364 
488786 723 
489570 115 
