2760 11.4762384259
0 2709481 
11 111 
13 197 
23 213 
25 174 
25 73 
29 117 
30 97 
33 130 
35 450 
35 488 
37 7336 
37 373 
37 282 
38 28 
39 120 
41 20 
42 402 
44 307 
44 668 
44 284 
46 141 
46 856 
47 26 
49 92 
50 166 
50 434 
52 147 
52 263 
52 116 
52 401 
54 56 
55 94 
55 2368 
55 120 
57 59 
58 124 
58 12 
58 549 
59 200 
60 436 
60 28 
61 130 
61 18 
62 113 
64 27 
64 235 
64 105 
64 112 
65 59 
66 155 
67 19 
68 61 
69 459 
69 241 
69 54 
70 249 
72 639 
73 122 
73 693 
74 113 
75 69 
75 409 
75 112 
78 305 
79 48 
79 441 
80 386 
81 86 
82 389 
82 19 
82 630 
82 211 
82 3296 
83 59 
83 48 
83 162 
84 4105 
84 456 
85 48 
85 124 
85 211 
85 184 
86 115 
86 56 
87 492 
87 1811 
87 167 
87 136 
88 89 
88 1062 
90 241 
90 192 
90 170 
90 87 
91 9 
91 427 
92 887 
92 162 
93 1780 
93 72 
94 325 
94 362 
94 362 
94 225 
95 58 
95 560 
95 500 
95 83 
96 245 
98 101 
99 100 
99 56 
99 26 
99 565 
100 57 
100 126 
101 10 
103 140 
104 31 
104 72 
104 87 
105 6 
105 978 
105 50 
106 92 
106 35 
106 254 
106 184 
106 69 
107 103 
107 657 
107 571 
107 137 
108 21 
108 52 
109 72 
109 281 
110 585 
110 261 
111 111 
111 193 
111 37 
111 11 
112 295 
113 241 
115 501 
117 115 
117 1053 
117 97 
117 226 
118 69 
118 700 
119 155 
119 171 
119 80 
120 207 
120 110 
120 74 
121 657 
121 81 
121 183 
122 53 
122 397 
124 50 
127 257 
127 340 
127 76 
127 77 
128 40 
128 180 
129 92 
129 91 
131 53 
131 7 
131 70 
131 17 
132 102 
132 60 
132 460 
134 525 
135 154 
135 516 
137 77 
137 18 
138 199 
138 47 
139 200 
140 125 
140 480 
140 16 
142 94 
144 263 
145 1710 
145 39 
146 37 
147 301 
148 59 
148 226 
148 159 
149 79 
149 1104 
150 259 
150 142 
150 160 
151 107 
151 108 
152 196 
153 158 
153 182 
153 310 
153 81 
154 193 
155 121 
155 324 
161 324 
161 95 
162 253 
163 140 
163 91 
164 268 
164 51 
166 673 
167 99 
167 91 
167 201 
167 136 
168 972 
168 14 
168 228 
169 171 
170 415 
170 153 
171 66 
171 121 
172 21 
172 173 
173 1376 
173 123 
173 425 
174 242 
174 1359 
175 51 
175 246 
175 196 
175 35 
177 152 
177 188 
178 671 
178 537 
179 351 
179 110 
180 23 
181 559 
181 237 
182 63 
182 27 
182 213 
183 474 
183 34 
184 56 
185 85 
185 266 
185 68 
186 759 
186 61 
187 416 
187 305 
188 89 
191 70 
193 1198 
193 262 
193 96 
193 207 
194 184 
195 30 
195 195 
195 175 
195 89 
196 170 
196 70 
196 1080 
197 104 
197 110 
197 67 
198 168 
198 105 
198 239 
199 112 
201 154 
201 155 
201 383 
202 40 
202 207 
202 281 
204 102 
206 11 
206 110 
206 190 
207 45 
208 568 
208 95 
209 73 
209 11 
209 70 
209 142 
210 15 
210 3 
211 28 
214 381 
216 403 
216 9 
216 12 
217 439 
217 506 
217 98 
221 94 
222 830 
223 73 
225 28 
225 132 
225 68 
226 78 
226 391 
226 380 
226 459 
227 570 
228 118 
229 92 
229 1699 
229 107 
230 387 
231 170 
233 95 
234 37 
234 786 
235 73 
236 478 
236 51 
237 357 
237 107 
237 240 
241 1665 
241 388 
242 287 
242 2598 
243 207 
245 33 
246 167 
246 526 
247 85 
247 49 
247 317 
247 69 
247 210 
248 218 
248 562 
249 352 
250 10 
251 77 
252 378 
255 223 
255 74 
256 44 
256 197 
257 57 
258 207 
258 193 
259 443 
260 489 
260 40 
261 62 
261 280 
261 428 
261 114 
262 89 
262 106 
264 52 
266 104 
266 95 
266 79 
266 21 
268 157 
269 205 
271 41 
272 238 
272 183 
273 282 
273 82 
274 339 
274 170 
274 660 
275 150 
276 26 
277 175 
278 83 
279 197 
283 166 
283 1347 
283 98 
286 292 
286 3205 
286 224 
286 16 
286 106 
287 488 
289 592 
289 212 
289 67 
291 33 
291 77 
293 53 
294 24 
296 1111 
296 150 
297 57 
297 517 
297 7 
297 268 
297 225 
298 134 
298 508 
299 195 
299 192 
300 108 
300 1429 
301 30 
301 115 
302 137 
302 78 
303 68 
304 164 
305 23 
305 752 
306 726 
308 492 
308 94 
309 102 
309 289 
309 41 
309 38 
311 168 
312 178 
313 60 
314 57 
318 40 
319 896 
320 143 
322 128 
322 97 
322 73 
323 304 
326 531 
327 87 
327 136 
327 456 
327 53 
328 167 
329 196 
330 217 
330 75 
330 29 
333 979 
333 12 
334 30 
334 144 
335 196 
335 291 
336 255 
336 726 
336 171 
336 396 
337 136 
337 404 
339 27 
340 524 
342 57 
342 58 
343 63 
343 366 
343 87 
345 203 
349 224 
356 138 
357 175 
357 73 
357 178 
358 3 
359 189 
360 219 
360 279 
361 56 
362 373 
363 27 
363 335 
364 78 
364 43 
365 116 
365 122 
365 75 
366 38 
367 237 
370 148 
370 74 
371 75 
372 1018 
372 695 
373 183 
374 412 
374 11 
374 74 
375 787 
375 224 
375 3310 
376 16 
377 18 
378 70 
379 47 
382 68 
383 17 
383 52 
383 499 
383 99 
384 353 
385 31 
385 330 
387 119 
390 126 
392 31 
393 163 
393 62 
393 21 
395 37 
399 191 
400 82 
401 151 
403 335 
407 34 
408 173 
409 70 
409 16 
410 10 
411 116 
411 394 
411 322 
413 144 
414 252 
415 66 
416 190 
417 234 
417 113 
417 182 
418 169 
418 25 
419 239 
423 148 
424 169 
424 11 
426 119 
426 29 
427 55 
427 108 
428 139 
430 24 
430 393 
431 62 
431 90 
432 349 
432 87 
432 249 
433 14 
434 38 
434 124 
435 57 
435 47 
436 649 
437 205 
437 68 
437 212 
438 87 
439 159 
444 365 
446 998 
446 239 
446 20 
446 53 
446 22 
447 348 
448 107 
449 27 
449 24 
453 35 
459 130 
459 154 
463 45 
464 12 
465 49 
466 229 
466 124 
468 136 
469 58 
470 322 
470 496 
470 87 
472 25 
473 38 
475 363 
477 34 
478 80 
478 33 
478 112 
479 60 
479 224 
480 107 
483 76 
485 60 
486 67 
487 95 
487 44 
487 72 
489 1056 
494 8 
495 396 
495 335 
496 87 
499 80 
500 75 
502 71 
503 166 
503 89 
503 120 
503 238 
504 67 
505 7429 
505 118 
506 72 
509 313 
510 126 
512 55 
513 195 
515 337 
515 50 
518 25532 
518 90 
519 59 
520 47 
521 459 
525 100 
526 134 
526 89 
528 463 
530 663 
531 172 
531 281 
531 1012 
535 307 
536 52 
537 1068 
539 39 
540 115 
542 384 
545 59 
546 368 
546 139 
547 6 
550 363 
552 6 
553 108 
553 110 
555 104 
556 82 
557 72 
558 272 
558 92 
558 374 
562 203 
564 161 
566 388 
570 42 
571 157 
573 34 
574 118 
576 327 
576 19 
578 81 
580 86 
581 561 
582 8 
583 39 
587 421 
589 152 
589 240 
590 98 
591 230 
593 266 
593 22 
593 157 
594 475 
601 45 
601 48 
603 216 
604 299 
606 112 
606 90 
606 569 
608 74 
609 43 
609 20 
609 155 
612 34 
615 248 
615 2 
616 52 
617 47 
621 129 
621 129 
624 492 
624 492 
626 71 
626 71 
627 150 
627 102 
627 150 
627 102 
628 119 
628 119 
632 319 
632 319 
634 12 
634 12 
635 149 
635 149 
637 151 
637 190 
637 190 
637 151 
639 177 
639 177 
641 24 
641 24 
643 18 
643 18 
643 539 
643 539 
644 557 
644 151 
644 183 
644 557 
644 151 
644 183 
646 334 
646 334 
647 390 
647 390 
649 278 
649 278 
651 36 
651 1215 
651 36 
651 1215 
652 283 
652 283 
653 164 
653 164 
654 101 
654 101 
655 401 
655 401 
659 187 
659 187 
660 59 
660 59 
667 213 
667 213 
669 16 
669 16 
669 875 
669 875 
670 44 
670 44 
670 69 
670 69 
672 108 
672 318 
672 108 
672 318 
673 150 
673 108 
673 150 
673 108 
674 79 
674 7 
674 79 
674 7 
677 77 
677 77 
679 289 
679 164 
679 164 
679 289 
683 26 
683 26 
684 1096 
684 169 
684 1096 
684 169 
687 570 
687 570 
687 36 
687 36 
689 247 
689 247 
691 237 
691 237 
692 84 
701 25 
701 209 
701 79 
702 140 
702 1135 
703 27 
704 227 
704 126 
705 9 
709 46 
710 716 
712 84 
714 118 
714 9 
715 135 
720 233 
720 1 
721 21 
725 123 
725 6 
728 149 
730 69 
737 274 
738 89 
739 58 
740 10 
740 66 
741 14 
741 182 
742 289 
746 23 
746 26 
747 15 
747 18 
747 26 
748 50 
750 3 
751 330 
755 189 
755 256 
755 162 
757 155 
759 106 
762 36 
764 90 
765 71 
765 25 
767 201 
768 146 
768 53 
768 68 
772 100 
772 238 
774 87 
776 60 
776 42 
781 28 
781 30 
782 136 
784 63 
790 11 
791 29 
791 375 
792 74 
793 222 
795 260 
800 26 
800 48 
801 67 
802 13 
806 127 
807 93 
807 132 
811 310 
812 237 
815 38 
818 1255 
819 66 
819 27 
819 42 
820 389 
823 44 
824 39 
826 26 
828 74 
835 58 
837 39 
839 667 
841 16 
841 230 
851 193 
852 36 
853 9135 
854 56 
862 45 
864 60 
865 17 
866 18 
866 133 
873 1020 
873 41 
875 49 
876 49 
878 120 
878 13 
878 28 
879 49 
880 3 
882 104 
884 24 
885 70 
886 129 
890 81 
896 6 
899 38 
907 303 
908 28 
912 18 
914 153 
915 27 
916 14 
918 1274 
924 12 
927 104 
929 52 
932 50 
934 282 
941 5 
941 112 
944 153 
949 297 
950 215 
951 57 
953 175 
956 584 
956 3 
957 4491 
958 167 
958 22 
964 48 
967 84 
967 127 
970 47 
972 1841 
977 48 
977 138 
977 190 
978 29 
979 10 
980 53 
983 422 
984 187 
985 74 
985 138 
986 59 
988 54 
991 28 
992 12 
998 130 
1000 123 
1002 36 
1003 40 
1008 21 
1008 51 
1009 156 
1009 41 
1011 245 
1014 122 
1015 96 
1018 86 
1020 54 
1023 27 
1024 515 
1026 80 
1026 196 
1032 25 
1035 93 
1036 471 
1043 23 
1044 304 
1045 6 
1045 12 
1047 7 
1047 136 
1047 154 
1052 146 
1052 206 
1055 167 
1056 5 
1056 178 
1059 24 
1059 110 
1063 223 
1063 194 
1071 64 
1071 50 
1073 50 
1077 8 
1078 11 
1081 609 
1081 183 
1084 72 
1084 35 
1085 21 
1085 145 
1086 162 
1087 134 
1088 40 
1088 102 
1088 103 
1091 190 
1092 70 
1095 70 
1096 340 
1096 76 
1097 48 
1097 24 
1098 370 
1101 280 
1102 13 
1104 22 
1105 90 
1105 548 
1110 142 
1110 50 
1111 351 
1114 78 
1114 48 
1115 44 
1118 129 
1123 81 
1124 212 
1127 395 
1128 173 
1133 419 
1134 54 
1135 10 
1136 95 
1139 17 
1144 64 
1147 91 
1149 28 
1151 46 
1151 37 
1153 40 
1153 83 
1155 28 
1162 151 
1162 49 
1164 11 
1164 60 
1165 258 
1165 297 
1166 69 
1167 62 
1168 56 
1170 162 
1174 17 
1177 28 
1183 282 
1186 202 
1188 863 
1192 35 
1195 175 
1197 89 
1197 139 
1199 42 
1199 14 
1203 31 
1207 2558 
1211 238 
1212 61 
1212 204 
1213 92 
1215 223 
1216 20 
1220 51 
1223 135 
1223 119 
1223 28 
1225 39 
1225 174 
1228 113 
1232 320 
1237 44 
1238 27 
1238 46 
1239 63 
1243 294 
1243 146 
1244 90 
1244 37 
1244 99 
1246 179 
1249 81 
1253 56 
1254 81 
1254 31 
1257 65 
1257 26 
1257 68 
1258 89 
1263 304 
1265 482 
1266 119 
1268 20 
1268 82 
1271 90 
1275 27 
1275 271 
1278 156 
1279 43 
1284 39 
1284 281 
1286 100 
1289 1322 
1292 40 
1292 134 
1298 57 
1298 34 
1302 45 
1303 61 
1303 2636 
1313 135 
1314 203 
1321 55 
1322 32 
1324 26 
1326 53 
1326 157 
1331 245 
1332 27 
1334 23 
1335 275 
1341 95 
1360 340 
1367 14 
1372 112 
1375 60 
1379 111 
1379 14 
1380 19 
1382 75 
1382 223 
1383 120 
1383 113 
1386 173 
1386 50 
1387 12 
1390 127 
1398 9 
1398 230 
1404 62 
1409 86 
1411 118 
1414 114 
1417 37 
1419 341 
1425 778 
1425 55 
1426 160 
1433 23 
1435 140 
1443 22 
1444 1878 
1445 23 
1447 655 
1447 31 
1448 87 
1451 108 
1453 65 
1453 34 
1458 36 
1460 31 
1461 49 
1467 26 
1472 14 
1472 11 
1480 201 
1485 16 
1487 17 
1489 201 
1491 18 
1497 49 
1498 66 
1500 23 
1501 117 
1504 25 
1508 52 
1515 69 
1516 79 
1521 99 
1529 24 
1529 11 
1538 143 
1544 64 
1544 129 
1545 19 
1548 78 
1548 13 
1549 233 
1550 221 
1551 38 
1552 360 
1552 14 
1553 300 
1555 50 
1560 17 
1564 57 
1564 206 
1569 107 
1574 52 
1583 40 
1586 70 
1595 29 
1595 136 
1598 233 
1599 47 
1602 123 
1602 160 
1603 33 
1605 517 
1607 178 
1608 71 
1611 45 
1612 275 
1612 987 
1613 45 
1613 112 
1613 30 
1618 19 
1620 33 
1622 38 
1624 107 
1624 137 
1624 118 
1626 118 
1627 24 
1634 3 
1637 22 
1640 33 
1649 207 
1649 52 
1650 215 
1662 30 
1669 702 
1674 149 
1683 17 
1685 18 
1692 1 
1694 63 
1695 41 
1696 64 
1696 241 
1699 522 
1705 106 
1705 229 
1707 17 
1709 25 
1712 32 
1714 225 
1718 464 
1719 28 
1719 344 
1722 40 
1724 54 
1724 95 
1733 225 
1735 26 
1737 62 
1739 12 
1741 164 
1744 31 
1746 70 
1748 88 
1750 163 
1755 91 
1756 349 
1759 16 
1759 48 
1761 103 
1764 51 
1764 406 
1775 90 
1780 397 
1781 38 
1783 159 
1784 834 
1787 19 
1788 36 
1791 1940 
1791 153 
1792 1202 
1801 151 
1813 14 
1815 358 
1817 51 
1818 93 
1818 110 
1819 107 
1826 74 
1828 92 
1831 51 
1832 57 
1833 79 
1837 54 
1837 270 
1838 175 
1843 215 
1844 67 
1844 26 
1846 37 
1848 97 
1849 60 
1851 143 
1851 86 
1851 966 
1851 64 
1864 19 
1869 17 
1877 285 
1878 277 
1879 24 
1879 280 
1882 53 
1891 63 
1891 24 
1891 96 
1893 14 
1897 191 
1899 88 
1900 103 
1904 97 
1908 226 
1915 38 
1924 68 
1925 21 
1927 75 
1928 27 
1932 5 
1935 117 
1951 6 
1956 25 
1958 36 
1960 44 
1960 131 
1970 140 
1972 59 
1975 67 
1979 158 
1981 117 
1985 30 
1986 124 
1988 94 
1990 15 
1991 30 
1995 220 
1996 444 
1998 40 
2001 29 
2010 4 
2015 8 
2023 32 
2025 46 
2030 14 
2030 79 
2035 63 
2055 263 
2062 60 
2062 24 
2065 115 
2089 49 
2090 88 
2103 111 
2112 69 
2119 72 
2121 50 
2126 163 
2127 145 
2128 76 
2128 7 
2133 61 
2134 15 
2137 22 
2142 128 
2147 99 
2150 84 
2150 130 
2153 150 
2159 139 
2159 89 
2161 138 
2169 33 
2176 30 
2177 23 
2177 44 
2184 69 
2186 64 
2186 34 
2189 26 
2200 25 
2208 151 
2216 64 
2222 72 
2224 90 
2225 50 
2232 28 
2235 16 
2236 109 
2237 53 
2237 188 
2239 207 
2245 12 
2247 26 
2248 12 
2250 99 
2252 92 
2252 20 
2253 24 
2263 371 
2263 146 
2270 278 
2274 279 
2280 53 
2283 113 
2285 317 
2292 68 
2295 33 
2301 136 
2311 27 
2313 31 
2320 449 
2323 211 
2330 66 
2330 68 
2331 125 
2335 20 
2336 37 
2337 76 
2347 54 
2347 41 
2349 554 
2351 17 
2354 5 
2357 64 
2359 9 
2368 44 
2370 138 
2370 37 
2371 54 
2371 70 
2371 86 
2378 60 
2379 194 
2384 132 
2385 60 
2389 20 
2401 351 
2401 927 
2404 87 
2406 7 
2409 57 
2412 29 
2417 61 
2423 260 
2427 43 
2438 50 
2444 264 
2446 74 
2448 96 
2454 110 
2456 137 
2459 67 
2459 108 
2460 441 
2461 60 
2464 30 
2465 182 
2465 55 
2467 112 
2472 61 
2473 285 
2479 8 
2480 300 
2482 43 
2482 110 
2485 352 
2491 296 
2495 131 
2506 90 
2506 64 
2509 114 
2518 22 
2522 625 
2525 357 
2525 71 
2526 23 
2531 48 
2532 154 
2536 3 
2537 150 
2538 18 
2540 95 
2540 24 
2540 210 
2550 20 
2558 775 
2559 117 
2563 14 
2575 151 
2578 283 
2579 42 
2582 118 
2586 654 
2591 12 
2591 651 
2594 269 
2596 204 
2601 77 
2602 56 
2605 129 
2611 37 
2612 60 
2613 135 
2614 124 
2614 14 
2616 86 
2621 50 
2623 20 
2623 8 
2624 41 
2626 221 
2627 33 
2628 45 
2636 1014 
2645 287 
2661 145 
2671 12 
2674 49 
2674 298 
2675 40 
2678 132 
2679 84 
2680 29 
2681 56 
2686 32 
2697 318 
2700 154 
2717 174 
2722 19 
2729 91 
2730 17 
2733 282 
2754 33 
2755 130 
2757 20 
2758 112 
2759 66 
2766 146 
2767 44 
2768 90 
2784 133 
2785 49 
2785 23 
2786 108 
2802 26 
2806 57 
2809 64 
2811 174 
2817 145 
2823 20 
2824 50 
2832 39 
2833 93 
2834 48 
2848 20 
2862 144 
2864 67 
2867 43 
2869 73 
2870 35 
2881 156 
2882 93 
2886 44 
2889 356 
2894 33 
2898 1 
2900 85 
2903 108 
2911 30 
2915 179 
2919 42 
2921 162 
2921 2 
2922 111 
2924 184 
2925 29 
2936 56 
2939 54 
2942 32 
2961 50 
2978 39 
2978 84 
2983 40 
3012 96 
3014 457 
3017 300 
3020 14 
3020 48 
3025 51 
3043 16 
3048 68 
3052 90 
3056 482 
3056 210 
3056 57 
3057 71 
3057 107 
3057 107 
3063 45 
3063 36 
3066 58 
3066 96 
3071 81 
3074 38 
3078 26 
3078 418 
3085 40 
3091 10 
3093 23 
3100 263 
3101 9 
3104 14 
3105 189 
3105 189 
3108 38 
3109 349 
3112 178 
3112 179 
3115 52 
3118 382 
3121 31 
3122 440 
3127 18 
3138 42 
3139 88 
3148 504 
3150 362 
3153 263 
3161 65 
3163 52 
3171 149 
3173 111 
3175 29 
3179 172 
3180 62 
3186 22 
3187 218 
3188 39 
3191 126 
3194 30 
3201 183 
3202 30 
3208 140 
3211 39 
3212 70 
3216 349 
3220 30 
3225 23 
3226 188 
3227 88 
3230 51 
3248 534 
3250 150 
3256 83 
3257 128 
3260 29 
3263 34 
3266 192 
3271 234 
3272 260 
3272 433 
3277 23 
3282 167 
3284 17 
3284 125 
3293 31 
3296 3213 
3298 154 
3299 11 
3301 269 
3305 112 
3306 69 
3306 16 
3309 8 
3310 9 
3315 18 
3315 223 
3327 72 
3335 755 
3341 32 
3342 261 
3344 71 
3360 70 
3361 158 
3362 22 
3366 15 
3370 59 
3382 23 
3384 1689 
3384 306 
3386 33 
3393 23 
3404 12 
3406 57 
3409 15 
3413 146 
3416 94 
3425 83 
3426 69 
3427 64 
3428 18 
3434 543 
3443 15 
3450 49 
3454 25 
3454 16 
3458 193 
3466 368 
3470 280 
3472 60 
3474 110 
3485 82 
3485 19 
3486 21 
3488 23 
3499 21 
3513 70 
3514 171 
3515 124 
3516 45 
3526 35 
3529 58 
3532 96 
3543 90 
3549 14 
3559 19 
3561 112 
3569 20 
3570 13 
3576 91 
3591 295 
3595 19 
3600 69 
3606 581 
3611 38 
3632 61 
3635 51 
3638 871 
3639 221 
3640 457 
3657 78 
3659 21 
3660 134 
3662 199 
3671 55 
3673 17 
3688 141 
3691 41 
3705 247 
3709 1100 
3712 102 
3715 132 
3717 49 
3717 51 
3720 252 
3720 13 
3729 5061 
3729 8 
3731 48 
3736 99 
3743 30 
3744 202 
3746 11 
3752 7 
3757 37 
3763 4368 
3765 117 
3765 12 
3786 10 
3789 79 
3790 26 
3790 116 
3792 135 
3792 19 
3797 58 
3798 13 
3807 46 
3807 59 
3823 164 
3826 18 
3828 11 
3831 153 
3832 11 
3837 77 
3840 34 
3845 119 
3846 19 
3847 10 
3866 45 
3874 152 
3885 9 
3893 79 
3898 246 
3903 269 
3910 546 
3913 78 
3915 28 
3916 32 
3921 42 
3928 52 
3930 39 
3931 29 
3936 125 
3936 440 
3938 97 
3939 20 
3941 39 
3942 31 
3945 39 
3948 645 
3954 32 
3955 951 
3956 27 
3958 65 
3958 113 
3963 24 
3967 312 
3972 10 
3982 133 
3988 45 
3991 23 
3995 15 
3995 1 
3999 35 
4002 42 
4007 41 
4018 96 
4023 183 
4036 13 
4037 73 
4043 560 
4048 19 
4050 10 
4053 316 
4065 3 
4069 186 
4069 142 
4075 240 
4075 29 
4077 299 
4078 60 
4086 14 
4087 44 
4090 74 
4090 189 
4093 37 
4111 33 
4122 65 
4122 53 
4128 47 
4129 170 
4133 14 
4138 25 
4139 51 
4139 47 
4140 169 
4141 25 
4146 30 
4149 53 
4156 134 
4158 91 
4162 34 
4166 79 
4171 26 
4181 295 
4188 50 
4189 156 
4192 24 
4193 6 
4201 56 
4205 35 
4214 3 
4218 48 
4219 620 
4221 14 
4222 28 
4223 237 
4224 83 
4225 64 
4232 32 
4241 7 
4241 78 
4250 3 
4260 46 
4263 35 
4265 21 
4266 79 
4266 13 
4276 18 
4280 123 
4284 31 
4287 8 
4291 195 
4292 106 
4293 9 
4297 58 
4300 189 
4302 2 
4315 95 
4342 128 
4346 12 
4347 15 
4363 68 
4382 28 
4413 48 
4421 142 
4440 42 
4443 28 
4443 30 
4444 4 
4457 36 
4466 71 
4469 13 
4478 9 
4479 83 
4479 284 
4484 20 
4500 111 
4505 141 
4507 36 
4516 359 
4517 80 
4519 130 
4520 225 
4532 289 
4534 94 
4535 32 
4539 25 
4542 328 
4546 138 
4548 126 
4550 177 
4558 9 
4560 30 
4568 75 
4571 48 
4573 32 
4582 63 
4582 61 
4587 50 
4591 420 
4597 48 
4607 6 
4610 22 
4615 36 
4618 65 
4622 80 
4624 1191 
4640 339 
4645 23 
4645 565 
4645 20 
4649 172 
4651 59 
4652 62 
4655 8 
4663 151 
4668 17 
4675 114 
4678 44 
4678 55 
4687 78 
4699 30 
4723 94 
4725 14 
4731 4 
4742 8 
4754 179 
4761 190 
4764 10 
4770 55 
4773 160 
4796 225 
4800 158 
4803 57 
4817 26 
4827 195 
4827 50 
4834 59 
4836 13 
4838 39 
4840 79 
4844 5 
4849 13 
4851 82 
4853 1421 
4862 28 
4878 256 
4882 89 
4906 56 
4915 40 
4921 19 
4936 21 
4954 42 
4961 12 
4998 73 
4999 201 
5003 8 
5007 88 
5012 174 
5013 61 
5019 74 
5021 66 
5033 33 
5039 224 
5048 50 
5056 22 
5056 88 
5082 194 
5097 847 
5101 122 
5105 95 
5110 128 
5110 47 
5114 92 
5120 170 
5124 31 
5139 357 
5150 62 
5157 34 
5160 144 
5167 75 
5196 25 
5240 68 
5240 5 
5268 30 
5290 48 
5297 56 
5312 31 
5332 157 
5333 5 
5343 64 
5343 116 
5344 417 
5351 100 
5356 63 
5381 138 
5417 82 
5420 14 
5434 83 
5440 29 
5440 6 
5466 24 
5472 424 
5473 51 
5490 179 
5500 24 
5509 27 
5525 101 
5526 323 
5532 155 
5533 176 
5533 127 
5554 5 
5563 155 
5570 114 
5575 39 
5577 258 
5604 91 
5618 34 
5623 146 
5636 48 
5636 161 
5681 161 
5692 131 
5699 157 
5719 57 
5720 31 
5730 28 
5739 945 
5748 71 
5769 342 
5773 679 
5798 49 
5810 63 
5817 69 
5818 24 
5819 122 
5826 91 
5828 102 
5838 3 
5845 70 
5850 35 
5851 56 
5857 212 
5862 56 
5865 35 
5874 74 
5875 80 
5913 9 
5927 237 
5950 3 
5961 131 
5970 78 
6001 21 
6009 112 
6017 7 
6058 265 
6076 143 
6077 154 
6086 175 
6100 16 
6120 2 
6122 46 
6129 107 
6133 600 
6135 19 
6140 77 
6187 68 
6216 42 
6233 9 
6235 28 
6235 39 
6239 7 
6263 16 
6278 107 
6288 138 
6330 954 
6354 29 
6357 80 
6366 61 
6387 22 
6406 27 
6411 42 
6421 10 
6429 73 
6431 68 
6468 9 
6477 4 
6488 24 
6493 13 
6494 62 
6496 16 
6496 42 
6505 5 
6531 645 
6534 9 
6552 193 
6572 30 
6582 108 
6608 198 
6620 130 
6643 34 
6668 218 
6678 1294 
6687 33 
6688 222 
6697 39 
6728 226 
6728 41 
6732 112 
6752 16 
6782 38 
6812 50 
6839 62 
6841 31 
6860 554 
6870 204 
6875 105 
6877 41 
6882 77 
6886 19 
6908 584 
6933 157 
6939 111 
6946 1242 
6967 75 
6971 1266 
6975 16 
7014 23 
7022 25 
7068 53 
7070 44 
7094 23 
7100 139 
7118 8 
7135 40 
7235 12 
7237 94 
7249 100 
7260 90 
7306 281 
7306 196 
7313 49 
7340 155 
7347 59 
7347 67 
7358 6704 
7367 52 
7381 28 
7411 28 
7418 141 
7424 233 
7450 144 
7452 277 
7458 116 
7481 55 
7534 26 
7539 15 
7557 36 
7558 24 
7571 27 
7598 73 
7615 423 
7618 57 
7624 33 
7627 54 
7646 1 
7658 132 
7675 123 
7707 251 
7726 62 
7733 79 
7746 162 
7795 16 
7816 126 
7845 21 
7859 39 
7885 54 
7886 41 
7893 67 
7895 66 
7900 20 
7901 131 
7910 9 
7910 10 
7923 89 
7939 51 
7958 95 
7976 176 
8006 29 
8040 145 
8043 13 
8049 114 
8055 610 
8109 27 
8131 54 
8133 107 
8162 59 
8168 135 
8191 48 
8334 14 
8337 10 
8370 335 
8400 127 
8402 125 
8411 41 
8449 90 
8458 151 
8475 149 
8528 82 
8589 138 
8591 12 
8686 121 
8687 17 
8712 202 
8721 21 
8731 29 
8738 77 
8746 85 
8747 35 
8768 47 
8775 150 
8797 262 
8797 108 
8801 21 
8817 38 
8826 23 
8842 183 
8855 60 
8879 45 
8886 131 
8888 0 
8889 275 
8898 92 
8899 45 
8994 8 
9004 348 
9021 25 
9022 53 
9023 16 
9032 13 
9047 22 
9093 17 
9109 7 
9121 18 
9197 45 
9226 39 
9227 20 
9230 95 
9261 167 
9296 205 
9297 37 
9361 351 
9365 186 
9376 13 
9393 66 
9403 34 
9405 12 
9406 61 
9431 9 
9450 54 
9451 11 
9452 10 
9463 38 
9552 8 
9557 16 
9564 22 
9565 47 
9572 20 
9616 66 
9693 404 
9699 93 
9729 36 
9741 8 
9760 119 
9764 37 
9781 36 
9794 20 
9798 314 
9890 473 
9893 86 
9906 35 
9909 22 
9911 57 
9923 35 
9937 13 
9964 719 
9964 171 
10058 35 
10077 15 
10117 31 
10196 8 
10210 36 
10311 29 
10339 108 
10392 53 
10394 25 
10494 10892 
10496 62 
10500 56 
10511 2171 
10532 178 
10564 72 
10564 7396 
10628 54 
10670 228 
10687 100 
10689 551 
10696 47 
10700 75 
10708 10 
10783 28 
10809 101 
10831 256 
10857 125 
10923 9 
10943 38 
10960 96 
10961 14 
10961 59 
10991 21 
11022 7 
11089 53 
11093 84 
11123 137 
11125 468 
11135 9 
11137 7 
11164 70 
11178 9 
11295 54 
11321 127 
11352 60 
11444 296 
11477 160 
11517 72 
11525 70 
11645 230 
11672 121 
11687 38 
11771 58 
11777 40 
11800 43 
11818 21 
11913 87 
11934 50 
11940 28 
12040 11 
12074 65 
12123 103 
12139 3 
12203 147 
12205 13 
12218 12 
12232 57 
12331 69 
12359 19 
12364 77 
12372 8 
12499 20 
12507 7 
12508 181 
12540 26 
12542 154 
12630 21 
12646 27 
12713 240 
12772 111 
12783 21 
12793 30 
12799 111 
12803 28 
12814 46 
12897 25 
12933 14 
12954 65 
12959 5029 
13061 14 
13064 15 
13085 135 
13117 53 
13254 49 
13262 46 
13402 275 
13468 12 
13516 18 
13610 124 
13612 19 
13722 33 
13731 124 
13731 63 
13766 54 
13836 27 
13840 10 
13850 168 
14066 13 
14177 8 
14184 313 
14186 1213 
14307 26 
14314 402 
14352 756 
14382 20 
14493 28 
14514 84 
14535 651 
14553 18 
14645 20677 
14675 174 
14681 18 
14801 1696 
14814 52 
14838 225 
14845 211 
14852 53 
14862 76 
14946 264 
15004 65 
15006 220 
15090 34 
15098 79 
15104 61 
15194 212 
15195 15 
15197 64 
15197 11 
15275 22 
15321 49 
15351 22 
15471 144 
15587 1088 
15609 35 
15653 68 
15662 75 
15697 55 
15762 372 
15769 3 
15820 75 
15820 172 
15821 29 
15954 221 
16093 41 
16107 77 
16169 54 
16243 41 
16287 285 
16288 35 
16317 49 
16410 38 
16420 21 
16442 260 
16457 45 
16600 16 
16621 28 
16827 1107 
17488 26 
17502 34 
17597 41 
17611 10 
17694 127 
17801 40 
17998 113 
18007 45 
18097 2 
18308 78 
18317 202 
18335 9 
18338 116 
18358 63 
18416 21 
18519 26 
18554 42 
18580 162 
18622 54 
18729 62 
18964 8 
19050 136 
19120 7 
19264 355 
19272 318 
19278 31 
19369 179 
19383 91 
19613 96 
19628 85 
19821 61 
19985 104 
19993 35 
20078 20 
20082 4 
20170 210 
20221 8 
20644 119 
20801 97 
20803 253 
20960 27 
20993 37 
20996 55 
21020 38 
21152 26 
21212 15 
21217 300 
21338 608 
21844 42 
21845 156 
21902 11 
21951 37 
22044 80 
22182 49 
22226 36 
22256 10 
22279 344 
22373 37 
22567 7 
22583 118 
22760 21 
22984 5 
22994 37 
23064 22 
23077 763 
23373 27 
23520 50 
23589 513 
23683 314 
23836 18 
23844 108 
23863 20 
23896 152 
23920 576 
23926 34 
23986 1259 
24081 2648 
24112 929 
24193 106 
24198 124 
24216 87 
24271 88 
24317 33 
24409 448 
24528 177 
24550 84 
24876 37 
25688 1027 
25926 190 
25980 327 
25983 54 
26124 6 
26152 657 
26177 47 
26293 209 
26328 46 
26756 1071 
27324 371 
27768 28 
27853 18 
27958 674 
27990 34 
28519 106 
29470 439 
29874 18 
30477 353 
31161 57 
31265 111 
31290 14 
31701 31 
32454 22 
32793 25 
33149 14 
33366 42 
33589 9 
34275 7 
34874 121 
34930 37 
34931 1262 
35010 23 
35877 211 
36288 60 
36866 33 
37573 67 
37644 151 
37736 56 
38142 37 
38758 17 
39718 21 
39966 168 
41648 249 
42387 25 
43333 45 
43862 4 
43889 79 
45496 466 
45575 20 
45975 93 
46570 4 
46572 24 
46723 75 
47265 104 
47333 1 
47628 38 
47825 6 
48175 29 
49336 201 
50680 0 
52170 12 
52359 25 
52871 7 
52875 44 
53863 23 
57313 263 
58941 137 
61586 218 
61783 1505 
62394 17 
65893 332 
65973 47 
71179 16975 
71211 1391 
79120 595 
79191 44 
79627 382 
84622 137 
86019 52 
86737 1086 
88273 89 
89780 263 
90888 655 
90977 57829 
91038 1319 
91078 185 
91094 229 
91103 1059 
91107 283 
91127 52 
91167 475 
91257 296 
91409 46 
91564 405 
91751 92 
92309 1834 
92724 127 
93297 52 
93651 177 
94294 148 
94619 208 
94795 61 
95568 58 
96992 162 
97533 13 
97959 120 
101766 49 
104142 109 
105368 53 
107771 161 
111097 18 
111959 80 
112065 19 
112655 35 
116997 8 
117068 598 
118470 115 
118957 38 
127995 84 
129073 46 
131419 28 
135274 14 
135369 28 
142151 17 
176873 94 
195908 8 
198739 35 
207213 3 
214191 308 
233404 56 
272459 239 
273228 328 
287384 14 
297665 5 
361706 148 
438071 414 
466982 29 
480360 844 
535908 13 
538092 21 
542836 38 
