4615 11.4657291667
0 590365 
11 179 
12 2089 
14 249 
15 611 
16 1210 
17 549 
17 2110 
18 1072 
18 281 
19 419 
19 188 
19 679 
20 117 
21 44 
21 61 
22 1230 
23 388 
23 208 
23 12 
24 91 
24 446 
24 285 
24 152 
26 86 
26 40 
27 165 
28 261 
28 232 
28 360 
28 48 
28 909 
28 181 
29 159 
29 2661 
29 114 
31 284 
31 240 
31 3671 
31 944 
31 378 
31 1953 
32 101 
33 123 
34 4000 
34 8 
34 99 
36 193 
36 56 
37 156 
37 21 
37 143 
37 45 
37 344 
38 92 
38 97 
38 8 
39 35 
39 5 
39 202 
39 245 
39 679 
40 26 
40 663 
40 159 
40 104 
40 187 
40 1009 
41 329 
41 254 
42 318 
42 276 
42 184 
42 308 
42 338 
42 83 
43 99 
43 140 
43 436 
44 292 
44 138 
44 143 
44 104 
45 61 
45 167 
45 233 
45 152 
46 324 
46 171 
46 153 
46 151 
46 685 
47 147 
47 85 
47 1173 
48 200 
48 214 
48 92 
48 77 
48 290 
49 100 
49 19 
50 312 
50 865 
50 148 
51 21 
51 23 
51 87 
51 203 
52 613 
52 1 
52 193 
52 354 
52 28 
53 207 
54 70 
54 8 
54 262 
54 28 
55 190 
55 267 
56 68 
56 57 
57 117 
57 16 
57 536 
57 61 
57 32 
57 3691 
58 180 
58 61 
58 82 
59 131 
59 79 
59 38 
60 437 
60 160 
60 31 
60 1245 
61 107 
61 6 
61 776 
62 57 
62 45 
62 92 
62 731 
62 122 
63 380 
63 71 
63 496 
63 2877 
65 28 
66 803 
66 57 
66 66 
67 213 
67 489 
67 222 
67 1476 
69 42 
69 262 
69 100 
69 967 
70 100 
72 279 
72 135 
72 366 
72 81 
72 2108 
73 83 
73 104 
74 232 
74 308 
74 22 
75 93 
75 37 
75 116 
75 140 
76 208 
77 1149 
77 1378 
77 289 
78 118 
78 75 
78 631 
79 55 
81 618 
81 149 
81 268 
81 277 
82 1010 
82 2 
82 316 
82 272 
82 184 
83 369 
83 128 
84 284 
84 477 
84 800 
85 194 
86 76 
86 33 
86 327 
87 28 
89 113 
89 149 
89 984 
89 36 
89 800 
90 71 
90 29 
91 42 
92 88 
93 253 
93 169 
93 1067 
93 46 
93 905 
93 43 
94 61 
94 205 
95 900 
96 184 
96 145 
96 218 
97 282 
97 1709 
98 62 
98 113 
99 136 
99 1 
99 194 
99 348 
100 1823 
100 75 
100 158 
101 45 
101 188 
102 172 
103 322 
103 2060 
104 141 
104 92 
104 33 
105 141 
105 147 
106 14 
106 652 
106 105 
106 537 
106 1625 
106 396 
106 198 
107 112 
107 8067 
107 155 
108 147 
108 189 
108 74 
109 81 
109 118 
109 183 
110 121 
111 390 
112 675 
112 111 
112 206 
112 400 
113 62 
114 495 
115 246 
116 1324 
116 550 
117 292 
117 1012 
117 151 
118 59 
118 1054 
119 2726 
119 21 
119 5259 
119 114 
120 3 
121 58 
122 54 
123 1190 
124 524 
124 204 
125 647 
125 152 
125 37 
125 164 
126 1757 
126 46 
127 560 
127 2544 
128 17 
128 124 
128 50 
129 7 
132 286 
133 696 
133 1293 
133 243 
135 154 
135 68 
135 105 
135 241 
135 199 
136 135 
137 148 
137 23 
137 369 
137 134 
138 18 
138 333 
139 1601 
139 127 
140 58 
140 66 
140 122 
142 258 
142 410 
143 292 
143 346 
144 17746 
144 124 
146 248 
146 3 
146 74 
147 189 
147 1136 
147 3178 
148 194 
149 92 
149 538 
149 162 
150 30 
151 1280 
151 188 
152 2392 
153 77 
154 354 
154 1484 
154 85 
154 51 
154 3170 
155 250 
156 161 
156 110 
157 254 
157 354 
157 752 
160 248 
161 384 
161 156 
161 336 
161 909 
162 105 
162 847 
165 822 
166 53 
166 105 
167 125 
169 200 
169 85 
170 227 
170 669 
172 83 
172 662 
173 14 
173 927 
174 174 
174 133 
175 129 
177 923 
177 176 
178 980 
178 1676 
178 418 
180 378 
181 58 
181 44 
181 108 
182 110 
182 20 
184 799 
184 181 
184 290 
186 241 
186 750 
187 1920 
188 1485 
189 189 
190 1065 
190 81 
190 56 
191 111 
192 928 
192 678 
193 1325 
195 535 
196 120 
197 313 
198 207 
199 21 
201 117 
201 366 
202 195 
204 830 
204 116 
204 55 
205 49 
205 535 
208 305 
209 216 
212 597 
212 63 
213 145 
214 881 
214 459 
215 1504 
215 146 
215 254 
215 69 
219 666 
220 420 
220 99 
220 93 
220 2663 
225 124 
225 754 
228 575 
230 250 
232 222 
232 221 
235 66 
237 65 
239 137 
239 843 
239 2400 
242 5 
243 1878 
244 360 
245 88 
247 188 
247 200 
248 9 
248 815 
251 2 
251 527 
252 364 
254 43 
254 22 
256 380 
256 173 
258 2 
258 437 
265 140 
266 220 
266 156 
266 661 
267 162 
268 183 
268 197 
268 587 
270 85 
272 579 
272 49 
272 116 
273 219 
275 1393 
275 87 
276 219 
277 86 
280 76 
280 307 
281 102 
282 933 
282 239 
283 100 
284 3282 
284 52 
284 145 
285 2677 
286 93 
289 70 
291 574 
292 85 
293 14 
294 382 
296 267 
296 520 
299 117 
299 1053 
299 842 
300 1875 
301 788 
302 489 
306 273 
307 61 
308 150 
309 548 
310 214 
310 161 
314 52 
318 73 
320 921 
323 5 
323 832 
325 38 
326 1257 
326 278 
328 51 
328 872 
329 19637 
330 88 
332 414 
333 213 
333 106 
334 1623 
335 69 
336 52 
337 643 
340 224 
341 105 
342 159 
343 276 
343 273 
349 45 
350 267 
351 52 
351 84 
354 61 
355 37 
356 507 
356 23 
356 395 
358 963 
359 429 
360 257 
368 173 
368 288 
368 96 
370 141 
374 1271 
377 1326 
380 140 
382 625 
382 1028 
384 595 
386 582 
387 1164 
388 100 
389 17 
390 117 
391 207 
395 297 
395 985 
397 142 
398 78 
402 426 
403 257 
404 97 
405 749 
409 77 
411 534 
414 209 
414 520 
416 346 
418 3331 
418 130 
419 375 
420 46 
421 57 
422 42 
422 40 
423 2489 
427 411 
428 3 
431 164 
435 628 
435 32 
435 77 
436 11883 
436 51 
438 91 
440 230 
442 703 
443 813 
447 220 
448 206 
450 509 
453 185 
453 132 
455 11 
456 96 
456 12614 
457 187 
460 38 
461 287 
466 119 
468 181 
469 652 
469 282 
470 199 
470 416 
471 416 
471 109 
472 131 
472 1900 
473 566 
477 29 
478 135 
480 78 
482 309 
485 57 
486 2278 
487 200 
492 339 
492 242 
496 25 
496 24 
497 34 
499 152 
499 245 
499 4485 
500 695 
500 1187 
503 112 
512 270 
523 761 
524 71 
533 27 
541 212 
543 839 
546 57 
549 27 
552 1387 
562 130 
567 304 
569 254 
570 509 
570 224 
572 156 
573 1725 
576 25 
577 58 
582 1533 
583 142 
589 25 
596 95 
598 1324 
599 1218 
600 116 
601 142 
609 1161 
615 15 
615 221 
617 1612 
617 107 
618 107 
621 532 
624 103 
625 464 
628 665 
629 659 
633 264 
634 292 
638 232 
640 1712 
643 106 
645 30 
646 466 
648 896 
648 1068 
649 427 
651 105 
667 179 
671 8 
671 426 
673 127 
676 183 
677 858 
678 773 
679 353 
686 423 
687 3707 
691 225 
691 169 
695 21 
706 299 
718 70 
719 11134 
723 538 
726 162 
726 19 
728 877 
733 44 
733 256 
740 313 
743 696 
744 253 
747 17 
750 181 
751 1 
753 18 
753 215 
761 110 
761 111 
761 95 
763 725 
764 92 
771 35 
776 1083 
777 253 
780 594 
784 34 
786 2636 
792 201 
805 315 
809 248 
827 1684 
828 31 
829 753 
841 119 
842 364 
842 1577 
843 18 
844 353 
847 7 
850 549 
850 21 
854 456 
862 161 
863 1133 
864 644 
867 11 
869 138 
871 501 
872 10 
877 65 
877 1459 
887 31 
888 70 
893 149 
897 86 
901 239 
905 215 
908 46 
913 8 
926 330 
927 2948 
929 562 
933 616 
934 241 
934 297 
945 115 
947 53 
955 2371 
962 154 
964 2249 
965 144 
967 59 
972 1889 
973 195 
976 36 
980 439 
982 128 
989 182 
991 1022 
991 18 
996 24 
997 55 
1001 82 
1010 492 
1014 107 
1016 770 
1017 85 
1021 7 
1022 1171 
1023 795 
1027 101 
1034 431 
1042 78 
1044 131 
1047 541 
1047 478 
1051 418 
1052 42 
1054 68 
1064 413 
1068 34 
1070 183 
1073 475 
1076 152 
1078 27 
1078 16 
1079 893 
1081 3 
1087 1255 
1088 226 
1120 306 
1147 31 
1151 1012 
1152 104 
1163 459 
1169 33 
1171 29 
1182 60 
1182 85 
1185 4 
1188 27 
1206 47 
1223 79 
1226 107 
1230 6 
1234 1942 
1242 288 
1242 462 
1248 504 
1250 238 
1253 329 
1262 66 
1269 2942 
1272 1414 
1273 19 
1275 34 
1280 2082 
1283 439 
1283 98 
1285 169 
1290 95 
1291 230 
1298 173 
1304 278 
1305 196 
1309 17 
1311 43 
1314 168 
1322 108 
1340 1151 
1341 58 
1346 162 
1349 2792 
1355 466 
1356 645 
1360 193 
1367 181 
1368 107 
1375 4 
1376 44 
1377 348 
1381 757 
1386 232 
1390 371 
1390 681 
1397 153 
1403 1724 
1405 1858 
1406 538 
1414 93 
1415 104 
1419 169 
1420 413 
1422 199 
1423 425 
1428 101 
1429 139 
1433 2 
1453 38 
1462 1281 
1465 0 
1476 233 
1478 5 
1478 174 
1479 297 
1489 181 
1494 243 
1494 1646 
1495 137 
1497 43 
1511 136 
1515 2 
1531 22 
1531 131 
1531 131 
1531 22 
1548 1377 
1548 1377 
1549 104 
1549 104 
1551 130 
1551 130 
1555 519 
1555 519 
1564 104 
1564 104 
1573 1081 
1573 1081 
1590 820 
1590 820 
1614 263 
1616 37 
1637 11 
1643 362 
1645 814 
1648 20 
1649 53 
1650 90 
1655 665 
1655 154 
1656 12 
1666 22 
1671 168 
1678 277 
1679 25 
1680 586 
1682 74 
1687 37 
1689 204 
1691 6610 
1692 2111 
1696 198 
1708 921 
1715 123 
1716 27 
1724 30 
1726 69 
1742 113 
1750 5567 
1754 185 
1760 116 
1784 29 
1785 2734 
1809 262 
1812 107 
1831 354 
1835 118 
1837 1042 
1853 145 
1870 583 
1890 1808 
1913 720 
1924 199 
1937 314 
1943 141 
1946 3 
1949 2486 
1951 1546 
1952 514 
1963 18 
1963 3746 
1964 2431 
1968 100 
1974 53 
1978 523 
1983 293 
1985 47 
1986 36 
2009 45 
2014 28 
2018 426 
2018 609 
2030 244 
2034 81 
2045 1174 
2046 337 
2052 111 
2077 0 
2095 604 
2108 236 
2117 30 
2131 13 
2137 3 
2140 7 
2150 32 
2198 954 
2216 1455 
2231 209 
2249 107 
2259 49 
2268 293 
2276 293 
2286 336 
2291 167 
2312 284 
2313 1069 
2316 53 
2317 292 
2331 352 
2344 193 
2348 38 
2352 242 
2360 126 
2364 72 
2390 1645 
2399 14 
2412 67 
2417 1 
2419 609 
2422 58 
2440 115 
2451 20 
2465 600 
2483 0 
2493 1361 
2493 209 
2504 551 
2507 171 
2515 362 
2520 461 
2522 774 
2535 94 
2535 66 
2548 157 
2551 202 
2560 880 
2563 19 
2564 98 
2572 187 
2583 228 
2639 33 
2646 96 
2659 236 
2661 30 
2668 1 
2679 520 
2681 581 
2686 126 
2705 441 
2739 1283 
2752 93 
2757 93 
2760 92 
2762 5 
2772 152 
2774 14 
2776 571 
2789 65 
2824 177 
2837 14 
2850 207 
2885 489 
2887 6 
2889 2144 
2891 1905 
2930 73 
2934 75 
2945 6 
2950 192 
2956 75 
2973 1268 
2996 27 
3001 239 
3028 267 
3036 1061 
3040 1259 
3059 372 
3060 2473 
3073 134 
3080 48 
3085 429 
3103 92 
3110 1629 
3110 131 
3114 94 
3119 1868 
3123 410 
3126 999 
3138 12 
3154 77 
3164 6119 
3177 214 
3180 314 
3181 1587 
3235 889 
3241 774 
3263 709 
3266 171 
3289 1783 
3289 604 
3293 1943 
3297 210 
3309 476 
3326 5 
3332 92 
3355 579 
3355 481 
3368 249 
3423 739 
3443 85 
3457 586 
3458 963 
3465 366 
3473 390 
3476 95 
3495 202 
3496 1125 
3496 939 
3499 477 
3505 1953 
3507 104 
3509 5 
3516 631 
3521 2878 
3532 88 
3549 51 
3578 100 
3585 227 
3593 525 
3616 2713 
3631 108 
3662 2508 
3678 173 
3693 511 
3693 217 
3699 9 
3711 29 
3716 41 
3723 4 
3754 74 
3764 1205 
3800 5 
3800 349 
3816 785 
3846 380 
3881 51 
3938 102 
3954 195 
3961 632 
3962 16 
4006 3 
4006 18 
4007 113 
4010 3135 
4011 162 
4023 6 
4052 20 
4090 3 
4113 36 
4141 146 
4153 894 
4175 912 
4180 206 
4187 893 
4207 706 
4237 393 
4245 1609 
4257 35 
4263 328 
4264 1416 
4275 321 
4285 613 
4309 949 
4366 7 
4367 155 
4369 108 
4408 104 
4420 4848 
4420 37 
4473 2044 
4497 797 
4538 277 
4544 96 
4560 44 
4565 166 
4568 282 
4598 125 
4619 182 
4630 132 
4650 3021 
4706 475 
4710 52 
4730 1238 
4764 155 
4766 10 
4773 985 
4773 480 
4781 732 
4797 244 
4815 430 
4818 819 
4818 389 
4830 1490 
4840 240 
4849 1605 
4859 819 
4864 66 
4889 152 
4899 206 
4931 50 
4934 3075 
4972 189 
5003 527 
5014 126 
5030 6464 
5030 3396 
5032 934 
5086 132 
5100 390 
5109 6379 
5132 0 
5133 1628 
5135 918 
5140 151 
5140 1073 
5146 257 
5152 360 
5170 1266 
5180 196 
5194 3 
5212 910 
5218 14 
5219 188 
5224 605 
5237 209 
5269 711 
5273 1040 
5326 219 
5345 75 
5375 1233 
5391 10 
5397 1262 
5437 465 
5444 1269 
5455 15 
5460 229 
5462 2115 
5471 30 
5493 432 
5494 547 
5526 1503 
5532 729 
5549 143 
5560 901 
5562 551 
5563 1191 
5572 288 
5593 53 
5598 115 
5611 254 
5623 65 
5658 149 
5690 236 
5710 49 
5724 407 
5750 2377 
5762 251 
5766 75 
5781 1032 
5830 887 
5880 95 
5893 332 
5908 165 
5915 15 
5951 641 
5999 787 
6046 412 
6053 112 
6059 940 
6070 1757 
6076 697 
6081 286 
6090 207 
6095 314 
6098 217 
6110 277 
6116 171 
6183 90 
6210 488 
6277 167 
6293 479 
6301 25 
6302 1197 
6314 401 
6329 36 
6344 54 
6350 1991 
6358 85 
6360 33 
6369 896 
6409 99 
6414 1128 
6418 784 
6421 435 
6423 458 
6465 131 
6517 77 
6523 2209 
6527 510 
6529 11 
6539 142 
6558 980 
6605 141 
6607 86 
6618 37 
6681 17 
6726 141 
6741 1832 
6746 518 
6766 1721 
6792 1164 
6848 764 
6875 252 
6890 20 
6911 104 
6942 135 
6975 1510 
6987 17 
7029 1026 
7036 0 
7063 591 
7093 247 
7141 51 
7141 171 
7198 9509 
7327 26 
7348 1919 
7365 386 
7386 3 
7417 332 
7457 244 
7458 2577 
7468 1596 
7575 131 
7586 97 
7587 834 
7616 101 
7625 649 
7666 854 
7703 701 
7730 3370 
7739 361 
7752 177 
7774 1804 
7775 248 
7775 1451 
7814 44 
7884 276 
7910 204 
7923 830 
7940 4 
7943 1309 
7969 487 
7984 154 
8009 1346 
8014 1131 
8026 66 
8040 2438 
8044 319 
8047 108 
8057 763 
8069 4 
8080 48 
8123 184 
8192 2078 
8205 2936 
8211 208 
8213 786 
8213 390 
8214 425 
8218 226 
8236 127 
8260 1057 
8304 4 
8308 648 
8351 633 
8352 44 
8353 127 
8361 707 
8362 219 
8369 180 
8399 6346 
8404 803 
8448 100 
8449 833 
8450 1 
8472 764 
8491 4 
8505 1028 
8535 104 
8544 17 
8557 711 
8567 1962 
8624 136 
8641 1096 
8687 47 
8689 1059 
8694 9 
8698 195 
8703 200 
8720 2658 
8727 12420 
8740 60 
8747 736 
8758 236 
8760 87 
8763 178 
8792 9 
8795 1125 
8807 254 
8827 341 
8831 669 
8837 43 
8869 185 
8912 142 
8915 123 
8917 450 
8958 832 
8989 152 
9047 356 
9065 607 
9088 1306 
9196 240 
9221 1634 
9232 21 
9265 126 
9284 456 
9285 17 
9288 514 
9359 433 
9361 740 
9364 1119 
9368 39 
9384 430 
9405 502 
9470 207 
9471 534 
9472 496 
9474 211 
9482 1013 
9483 112 
9491 421 
9519 220 
9522 9 
9617 191 
9642 1385 
9646 634 
9675 541 
9698 3048 
9731 191 
9751 582 
9819 36 
9825 427 
9898 64 
9907 31 
9928 1144 
9939 2577 
9968 555 
9986 76 
10027 162 
10031 118 
10126 47 
10135 174 
10146 145 
10280 87 
10289 543 
10302 1743 
10304 6 
10349 1531 
10351 405 
10436 38 
10446 12 
10447 380 
10456 1665 
10457 824 
10470 561 
10478 380 
10486 327 
10494 862 
10511 156 
10514 1345 
10527 661 
10533 198 
10623 80 
10665 423 
10693 134 
10763 374 
10764 337 
10808 643 
10814 278 
10816 2335 
10821 237 
10841 51 
10845 313 
10862 242 
10933 1095 
10955 144 
10970 1617 
11038 4814 
11096 389 
11099 476 
11130 212 
11131 215 
11228 879 
11231 82 
11240 106 
11289 1756 
11318 44 
11421 1144 
11435 1638 
11439 80 
11446 927 
11541 911 
11587 383 
11615 1497 
11616 6 
11619 428 
11626 550 
11690 213 
11699 1163 
11713 9287 
11736 1077 
11744 25 
11750 156 
11848 125 
11853 1256 
11871 278 
11896 2282 
11897 1561 
11931 30 
11934 508 
11985 453 
11992 300 
12013 622 
12040 1312 
12051 247 
12060 397 
12062 1173 
12082 4311 
12152 134 
12158 972 
12172 1367 
12198 70 
12207 136 
12210 1445 
12210 151 
12219 621 
12321 9 
12367 21 
12378 1353 
12388 207 
12392 260 
12525 588 
12537 1075 
12557 5560 
12565 271 
12568 122 
12579 309 
12590 563 
12598 104 
12657 1243 
12661 253 
12682 177 
12696 1463 
12728 265 
12740 75 
12816 665 
12825 178 
12828 4 
12864 5534 
12870 366 
12871 628 
12871 2886 
12883 1443 
12891 785 
12892 213 
12961 803 
12971 816 
12975 3195 
12991 493 
12998 592 
13001 1254 
13025 885 
13028 795 
13045 4282 
13144 92 
13170 925 
13175 139 
13176 237 
13259 685 
13284 314 
13305 520 
13307 508 
13328 359 
13420 6 
13461 407 
13532 1146 
13566 2824 
13571 10 
13621 3107 
13677 2811 
13679 161 
13693 282 
13701 1738 
13703 363 
13717 476 
13737 459 
13745 222 
13750 1127 
13757 257 
13757 183 
13807 1855 
13814 295 
13822 979 
13827 2207 
13831 594 
13832 335 
13844 1180 
13850 302 
13885 1584 
14003 34 
14014 143 
14017 622 
14094 420 
14118 129 
14125 154 
14146 2678 
14252 194 
14264 721 
14289 134 
14302 462 
14316 784 
14319 909 
14374 424 
14388 265 
14398 1170 
14410 6206 
14446 2127 
14447 3149 
14499 935 
14509 1664 
14515 939 
14532 356 
14556 725 
14558 282 
14616 598 
14633 11 
14634 1626 
14644 278 
14659 1356 
14742 5057 
14750 2013 
14754 483 
14760 1604 
14790 1423 
14797 183 
14825 778 
14841 80 
14846 648 
14902 764 
14910 2141 
14923 743 
14924 933 
14948 265 
14985 148 
14991 28 
15059 199 
15074 208 
15110 1004 
15111 42 
15118 2039 
15140 38 
15140 51 
15250 3052 
15259 61 
15260 1806 
15296 250 
15303 1361 
15306 1489 
15363 101 
15379 1476 
15417 476 
15539 7181 
15540 72 
15564 164 
15628 724 
15694 327 
15714 29 
15732 536 
15748 982 
15748 1020 
15753 526 
15753 1279 
15778 5721 
15785 349 
15839 637 
15847 922 
15847 3938 
15848 177 
15854 1119 
15856 342 
15858 107 
15861 185 
15867 1091 
15868 848 
15870 289 
15874 635 
15875 367 
15883 598 
15908 2122 
15912 13816 
15923 26 
15931 907 
15937 225 
15940 181 
16005 119 
16021 60 
16030 104 
16032 86 
16034 217 
16051 108 
16052 174 
16053 1533 
16057 119 
16063 52 
16065 326 
16073 123 
16082 12 
16102 693 
16174 1529 
16175 80 
16187 427 
16195 1157 
16201 76 
16267 823 
16330 235 
16332 731 
16346 432 
16347 65 
16358 460 
16390 1164 
16500 780 
16514 260 
16552 1650 
16561 3847 
16570 28 
16571 53 
16595 298 
16677 17 
16705 170 
16709 3897 
16716 142 
16745 562 
16769 889 
16851 1748 
16860 748 
16906 1501 
16934 1718 
17024 242 
17039 1359 
17071 216 
17081 185 
17170 1 
17178 35 
17185 625 
17202 1 
17209 200 
17213 6 
17327 245 
17332 341 
17360 234 
17416 484 
17417 393 
17526 3328 
17530 542 
17533 492 
17538 6051 
17550 409 
17556 3980 
17572 114 
17581 654 
17708 965 
17717 1971 
17723 6 
17822 544 
17846 1110 
17851 773 
17854 150 
17862 265 
17909 1863 
17924 1882 
17951 310 
17957 1802 
18042 134 
18102 308 
18113 1457 
18116 241 
18117 550 
18119 661 
18189 665 
18190 260 
18215 544 
18230 3997 
18231 422 
18237 366 
18242 207 
18267 211 
18358 1 
18393 628 
18410 242 
18412 97 
18428 1864 
18432 219 
18449 3915 
18451 245 
18454 687 
18496 923 
18512 217 
18606 438 
18611 4397 
18611 244 
18611 209 
18638 21 
18647 3056 
18649 1167 
18667 512 
18690 474 
18710 12 
18852 358 
18875 238 
18895 76 
19025 178 
19025 136 
19032 105 
19044 241 
19083 161 
19108 3611 
19115 1166 
19130 1750 
19145 118 
19147 448 
19238 555 
19252 110 
19304 619 
19325 459 
19434 521 
19439 1446 
19448 836 
19491 218 
19515 467 
19636 399 
19644 235 
19677 1521 
19678 1343 
19703 394 
19720 984 
19764 185 
19778 166 
19870 92 
19906 1586 
19921 5 
19930 10949 
19938 2075 
19947 1215 
19965 334 
20013 451 
20017 546 
20045 698 
20058 1120 
20132 694 
20140 1292 
20153 1310 
20223 610 
20226 1745 
20254 122 
20260 412 
20267 605 
20269 1833 
20274 34 
20280 471 
20282 2475 
20389 98 
20442 1297 
20452 1123 
20486 4144 
20488 188 
20492 185 
20501 2605 
20509 225 
20553 216 
20575 756 
20596 169 
20619 295 
20698 375 
20820 689 
20842 215 
20871 1635 
20896 460 
20975 168 
21014 787 
21016 525 
21021 1416 
21051 1985 
21053 135 
21136 6770 
21149 898 
21157 429 
21162 439 
21258 2 
21264 1399 
21287 2784 
21300 223 
21320 309 
21326 545 
21330 643 
21343 984 
21344 2027 
21374 1038 
21383 383 
21392 303 
21395 671 
21415 1596 
21430 135 
21511 546 
21517 180 
21525 1496 
21547 372 
21548 2240 
21551 760 
21563 802 
21650 2097 
21653 1286 
21654 4101 
21657 6014 
21659 122 
21678 4354 
21696 2160 
21777 101 
21798 670 
21811 311 
21907 153 
21911 683 
21914 1799 
21924 81 
21965 273 
22053 8559 
22058 1459 
22063 1574 
22064 251 
22075 162 
22075 125 
22140 43 
22149 30 
22152 1229 
22185 151 
22195 829 
22195 324 
22212 686 
22223 4948 
22229 1265 
22261 759 
22264 2795 
22277 109 
22281 1595 
22283 865 
22305 1710 
22313 354 
22394 576 
22415 1653 
22415 380 
22435 1886 
22438 780 
22444 692 
22450 224 
22477 1020 
22494 982 
22511 2174 
22530 807 
22535 412 
22548 17 
22566 4874 
22575 119 
22614 163 
22615 1072 
22625 295 
22631 2449 
22655 112 
22681 854 
22748 1209 
22774 137 
22787 2853 
22787 900 
22788 235 
22802 1717 
22842 300 
22851 150 
22853 263 
22871 804 
22899 308 
22903 392 
22912 182 
22924 1091 
22927 5638 
22934 5227 
22943 51 
22950 278 
23046 1428 
23055 1 
23086 1428 
23094 58 
23097 251 
23147 6786 
23160 190 
23203 472 
23270 1230 
23280 1708 
23287 87 
23288 901 
23299 169 
23309 1272 
23319 67 
23324 512 
23346 5102 
23364 124 
23375 1225 
23379 945 
23467 2359 
23469 960 
23480 957 
23486 136 
23502 454 
23504 1879 
23515 12432 
23547 186 
23573 230 
23580 111 
23588 1742 
23593 307 
23600 445 
23619 265 
23630 1881 
23635 673 
23654 132 
23662 872 
23674 1437 
23684 841 
23732 1983 
23735 661 
23738 406 
23739 289 
23743 682 
23746 1108 
23762 3970 
23780 1252 
23781 38 
23782 413 
23793 1649 
23806 668 
23806 41 
23807 2345 
23877 111 
23880 1087 
23919 684 
23975 2701 
23983 93 
24009 826 
24012 42 
24033 26 
24043 430 
24068 1217 
24072 266 
24087 894 
24109 134 
24135 484 
24179 540 
24188 873 
24289 115 
24320 1475 
24329 2806 
24358 2072 
24358 1455 
24432 287 
24439 737 
24455 751 
24457 390 
24464 94 
24492 1378 
24523 494 
24531 263 
24555 206 
24592 189 
24683 1631 
24695 489 
24775 1047 
24792 1650 
24793 675 
24820 1160 
24826 2877 
24872 17 
24875 925 
24990 139 
25088 326 
25095 525 
25112 849 
25141 3110 
25146 2116 
25159 210 
25159 274 
25177 2744 
25196 377 
25213 10266 
25218 252 
25224 1876 
25231 91 
25253 930 
25261 1728 
25266 297 
25284 100 
25290 225 
25297 812 
25323 235 
25336 357 
25430 110 
25447 3176 
25470 287 
25521 721 
25528 893 
25568 2421 
25582 234 
25586 147 
25591 681 
25592 192 
25597 67 
25603 509 
25609 885 
25611 262 
25611 31 
25616 252 
25657 2269 
25661 484 
25756 52 
25756 228 
25761 1022 
25777 1215 
25794 68 
25795 941 
25825 797 
25855 284 
25857 292 
25931 1307 
25947 765 
25970 194 
26003 2418 
26022 541 
26046 320 
26051 1760 
26107 2651 
26133 141 
26165 676 
26173 409 
26192 574 
26203 113 
26212 638 
26213 74 
26214 1626 
26220 210 
26245 188 
26263 579 
26267 653 
26289 1556 
26298 2689 
26299 420 
26300 343 
26332 1488 
26343 602 
26372 319 
26377 236 
26396 144 
26405 210 
26410 56 
26427 1399 
26565 48 
26568 3040 
26585 664 
26620 469 
26662 458 
26694 1975 
26757 369 
26774 414 
26800 1177 
26802 1867 
26803 676 
26835 409 
27044 939 
27052 3 
27160 2782 
27161 1003 
27198 1972 
27234 190 
27268 701 
27279 555 
27285 439 
27291 110 
27301 365 
27309 21 
27316 132 
27337 702 
27337 874 
27387 204 
27399 2010 
27489 4339 
27509 84 
27573 616 
27606 231 
27613 463 
27618 543 
27624 1086 
27649 172 
27697 125 
27729 254 
27730 54 
27752 343 
27759 657 
27794 1160 
27842 132 
27864 538 
27882 988 
27909 356 
27925 219 
27936 499 
27948 31 
27960 948 
27966 504 
28038 366 
28042 2747 
28074 210 
28088 319 
28098 1766 
28115 591 
28117 261 
28149 567 
28151 231 
28155 48 
28161 62 
28162 258 
28169 4870 
28187 464 
28188 119 
28191 162 
28221 1861 
28230 1031 
28239 34 
28277 932 
28279 113 
28282 17 
28294 543 
28320 397 
28335 4097 
28336 1034 
28391 318 
28392 552 
28406 16200 
28483 1906 
28498 1221 
28498 270 
28509 1560 
28516 2135 
28518 482 
28522 144 
28527 1876 
28538 51 
28539 36 
28574 217 
28626 276 
28627 256 
28640 196 
28643 6261 
28654 111 
28661 2289 
28661 381 
28664 2670 
28689 186 
28717 782 
28737 548 
28760 27346 
28762 78 
28856 418 
28866 240 
28896 850 
28931 53 
28934 61 
28942 1072 
28979 30 
28982 433 
28989 1030 
28995 3619 
29001 4354 
29021 16 
29026 402 
29033 746 
29048 39 
29066 122 
29077 694 
29079 229 
29080 1083 
29106 331 
29197 299 
29225 34 
29226 156 
29230 614 
29249 38 
29263 741 
29271 3789 
29311 167 
29312 958 
29326 284 
29373 918 
29415 1093 
29429 830 
29435 1121 
29473 509 
29480 63 
29484 1156 
29591 1289 
29596 1618 
29643 57 
29644 268 
29666 39 
29689 692 
29709 1600 
29730 1360 
29742 110 
29756 2319 
29770 264 
29776 1047 
29777 1641 
29780 294 
29781 46 
29799 1628 
29803 1515 
29812 23 
29832 781 
29858 50 
29862 540 
29878 1464 
29988 79 
29993 702 
30024 261 
30049 1046 
30109 5612 
30126 1648 
30179 424 
30252 20 
30257 2615 
30278 633 
30292 791 
30304 936 
30323 198 
30326 1383 
30339 83 
30356 1504 
30359 1769 
30456 146 
30484 387 
30485 1206 
30511 4 
30511 218 
30518 237 
30545 705 
30550 709 
30583 540 
30634 75 
30680 20 
30715 2842 
30762 382 
30767 546 
30805 13 
30806 204 
30814 962 
30852 1205 
30854 637 
30924 1166 
30937 9 
30941 387 
30941 558 
30973 829 
30983 1607 
31016 562 
31034 565 
31044 1252 
31075 16 
31082 880 
31099 1441 
31130 55 
31136 80 
31146 1117 
31154 388 
31249 286 
31287 707 
31310 224 
31346 3623 
31413 1426 
31419 140 
31435 53 
31468 8345 
31475 752 
31490 320 
31513 244 
31519 617 
31532 50 
31560 336 
31636 19 
31656 1191 
31694 67 
31696 1822 
31697 1177 
31699 114 
31701 272 
31701 966 
31703 1593 
31727 577 
31744 370 
31746 93 
31761 9 
31833 1146 
31950 77 
31959 747 
31961 505 
31981 851 
31992 481 
31993 885 
32015 4727 
32018 1869 
32052 111 
32100 226 
32109 239 
32115 301 
32138 3175 
32139 169 
32176 712 
32189 542 
32196 988 
32206 123 
32298 1284 
32307 1219 
32326 1698 
32327 412 
32403 503 
32424 5 
32437 696 
32441 167 
32466 505 
32476 17 
32490 164 
32508 2847 
32519 183 
32597 409 
32603 521 
32603 400 
32606 75 
32612 4022 
32616 801 
32621 14 
32622 2035 
32652 2310 
32664 2491 
32690 1974 
32708 741 
32710 1764 
32714 1096 
32716 752 
32727 449 
32731 741 
32738 273 
32774 1332 
32863 973 
32863 223 
32871 409 
32875 710 
32882 17 
32901 571 
32907 2749 
32922 758 
32930 71 
32931 373 
32934 47 
32938 2059 
32966 840 
32978 3870 
32987 2119 
32991 3097 
33003 501 
33004 4505 
33023 993 
33032 21928 
33038 255 
33075 338 
33095 53 
33107 492 
33108 2067 
33125 123 
33157 114 
33158 100 
33186 2108 
33250 434 
33250 879 
33287 46 
33301 681 
33302 4377 
33340 24 
33356 925 
33364 2587 
33393 648 
33394 136 
33407 109 
33424 32 
33437 2000 
33441 708 
33444 1925 
33503 1148 
33565 193 
33567 203 
33728 956 
33736 438 
33749 1287 
33892 175 
33904 1085 
33917 385 
33927 432 
33951 223 
33962 285 
33989 2730 
33995 1432 
33996 599 
34001 985 
34029 1212 
34032 3104 
34050 1073 
34158 674 
34175 0 
34189 1178 
34200 140 
34251 321 
34286 171 
34295 90 
34309 523 
34312 344 
34320 416 
34341 174 
34356 149 
34434 47 
34503 1505 
34507 1362 
34519 112 
34521 780 
34547 3371 
34568 81 
34575 257 
34640 412 
34644 431 
34648 1112 
34736 3161 
34774 584 
34788 1069 
34803 171 
34850 1844 
34851 381 
34863 118 
34888 534 
34917 6 
34922 1172 
34928 983 
34929 227 
34930 1861 
34952 896 
35103 271 
35157 93 
35157 229 
35180 750 
35186 72 
35207 301 
35212 9388 
35214 2202 
35218 1054 
35233 436 
35254 664 
35344 1476 
35359 100 
35365 414 
35366 70 
35378 1775 
35383 5248 
35391 3189 
35393 619 
35399 571 
35402 4 
35407 2202 
35418 92 
35434 136 
35442 251 
35446 210 
35447 378 
35456 1657 
35463 1044 
35466 1523 
35496 662 
35502 3330 
35503 517 
35533 1928 
35550 82 
35638 303 
35652 179 
35718 337 
35753 1725 
35754 90 
35803 1282 
35808 103 
35852 2351 
35940 45 
35993 639 
36016 5683 
36037 35 
36081 113 
36113 49 
36116 9 
36199 21 
36271 414 
36289 1575 
36303 5422 
36339 722 
36347 598 
36454 450 
36460 2 
36470 2120 
36489 2045 
36500 1579 
36551 1437 
36564 904 
36571 695 
36652 511 
36655 842 
36673 146 
36674 139 
36750 684 
36770 489 
36790 696 
36791 24 
36819 2377 
36822 3838 
36827 1308 
36842 4107 
36843 1810 
36845 941 
36863 145 
37029 1051 
37130 5 
37214 103 
37309 514 
37323 69 
37399 60 
37414 384 
37445 74 
37509 778 
37659 383 
37670 91 
37704 253 
37705 749 
37745 119 
37887 254 
37908 467 
37956 905 
37963 8 
38026 196 
38051 104 
38065 274 
38172 484 
38178 51 
38255 85 
38446 131 
38525 84 
38542 1255 
38588 1955 
38595 191 
38619 176 
38640 421 
38726 836 
38788 123 
38806 72 
38853 1842 
38868 448 
38886 514 
38887 421 
38968 1554 
39020 2146 
39021 160 
39029 7 
39030 349 
39048 2267 
39068 1545 
39106 780 
39219 399 
39224 2681 
39229 21 
39237 754 
39247 173 
39272 56 
39276 91 
39307 863 
39309 1565 
39427 1710 
39439 278 
39450 89 
39486 2036 
39495 726 
39523 390 
39540 230 
39659 154 
39682 582 
39691 68 
39750 192 
39816 491 
39825 16 
39829 51 
39878 238 
39914 1354 
39955 994 
39958 645 
40041 185 
40044 2454 
40086 127 
40133 554 
40148 1081 
40168 2181 
40256 992 
40287 1222 
40291 1271 
40301 1068 
40308 224 
40324 529 
40339 1077 
40346 996 
40475 1150 
40489 951 
40522 615 
40652 2415 
40750 570 
40819 708 
41044 1798 
41045 19 
41075 20 
41088 2435 
41207 504 
41266 76 
41296 69 
41307 648 
41320 421 
41385 551 
41404 92 
41413 985 
41440 60 
41464 67 
41486 136 
41487 907 
41521 57 
41530 464 
41538 700 
41720 151 
41826 98 
41864 788 
41955 313 
42027 1864 
42032 1210 
42135 1280 
42283 199 
42335 21 
42345 1343 
42348 114 
42565 9 
42585 725 
42585 693 
42645 2326 
42692 443 
42700 735 
42763 15 
42882 14 
42897 119 
42908 224 
42913 409 
42940 9 
42973 131 
43043 323 
43161 1177 
43244 106 
43335 83 
43393 3022 
43405 237 
43478 1753 
43575 2739 
43576 1530 
43598 1219 
43608 49 
43624 468 
43644 856 
43684 342 
43818 457 
43848 1476 
43855 869 
43871 471 
43975 194 
43981 236 
43984 251 
44005 36 
44008 377 
44018 310 
44035 690 
44070 11956 
44236 352 
44247 1490 
44250 457 
44254 137 
44258 201 
44350 8 
44367 750 
44400 2750 
44416 306 
44422 283 
44470 327 
44546 701 
44577 3065 
44644 189 
44853 1576 
44924 814 
44962 37 
44967 1477 
45001 69 
45002 0 
45087 231 
45128 846 
45165 97 
45189 279 
45205 124 
45205 341 
45426 2112 
45546 119 
45588 796 
45697 725 
45740 682 
45772 227 
45772 1533 
45908 308 
46023 30 
46023 678 
46097 1036 
46141 82 
46144 115 
46146 792 
46506 2244 
46522 353 
46716 1548 
46737 188 
46751 1517 
46861 5412 
47041 3686 
47054 197 
47066 445 
47224 132 
47245 315 
47248 881 
47259 1515 
47285 152 
47302 127 
47457 170 
47543 914 
47610 164 
47741 1124 
47857 1042 
48001 59 
48003 733 
48026 3964 
48141 2092 
48201 1042 
48376 350 
48392 273 
48408 662 
48484 1119 
48503 154 
48514 646 
48514 120 
48531 39 
48533 6 
48574 744 
48646 565 
48661 34 
48678 387 
48935 151 
49075 59 
49459 859 
49477 342 
49578 17 
49588 1715 
49655 470 
49816 1520 
49965 41 
49978 134 
50067 650 
50134 837 
50404 27 
50452 370 
50467 1207 
50498 1170 
50559 856 
50619 77 
50679 131 
50689 650 
50712 6 
50738 253 
50766 1103 
50942 518 
51041 186 
51049 1047 
51080 1601 
51125 196 
51263 132 
51307 1405 
51371 524 
51376 931 
51384 844 
51412 364 
51419 361 
51434 2128 
51477 120 
51727 81 
51769 488 
51961 343 
52009 5 
52100 426 
52117 1525 
52319 40 
52367 27 
52529 362 
52709 24 
52728 315 
52856 766 
53107 240 
53210 2308 
53292 247 
53392 122 
53442 1328 
54135 584 
54290 870 
54385 56 
54464 483 
54502 53 
54569 282 
54711 348 
54725 358 
54786 1126 
54800 5473 
54804 793 
54822 164 
54828 417 
54842 1430 
54936 42 
54940 66 
55024 1490 
55053 854 
55245 131 
55272 189 
55350 1450 
55387 236 
55414 24 
55423 218 
55468 66 
55721 22 
55915 221 
56168 83 
56353 99 
56511 35 
56714 708 
56770 5267 
57213 1953 
57289 497 
57632 796 
57693 50 
57773 2155 
57887 2250 
58146 186 
58243 63 
58313 303 
58452 6413 
58460 535 
58476 1424 
58627 375 
58633 420 
58645 630 
58674 624 
59308 1555 
59357 821 
59649 11 
59659 672 
59752 1687 
59856 108 
59941 160 
59993 28 
60092 573 
60710 1125 
60738 71 
61031 823 
61349 1061 
61362 6907 
61388 517 
61390 577 
61400 174 
61405 71 
61423 537 
61424 85 
61448 161 
61448 855 
61454 63 
61487 248 
61489 115 
61556 147 
61622 171 
61717 1005 
61727 2 
61741 718 
61896 896 
62006 146 
62196 1662 
62205 8 
62219 2746 
62468 54 
62556 131 
62665 7 
62885 99 
62927 482 
63256 2272 
63367 1127 
63378 457 
63389 1896 
63411 88 
63580 2414 
63718 21 
63720 674 
63771 8 
63970 28 
64001 2035 
64040 1165 
64072 124 
64080 634 
64080 418 
64250 2 
64391 715 
64422 1083 
64566 1355 
64647 3 
64659 1878 
64670 449 
64671 278 
64700 52 
64792 43 
64804 5 
64819 387 
64825 125 
64834 3699 
64957 320 
65013 235 
65055 94 
65066 760 
65078 36 
65085 26 
65106 1046 
65120 35 
65280 1187 
65489 342 
65544 497 
65545 143 
65688 1191 
65723 3709 
65736 964 
65898 393 
66016 99 
66041 83 
66251 211 
66424 82 
66487 268 
66526 916 
66630 741 
66682 1916 
66700 1177 
66717 877 
66760 342 
66807 507 
66812 1200 
66834 1049 
66869 570 
66907 67 
67167 569 
67168 1930 
67172 114 
67198 678 
67221 1369 
67249 156 
67255 10495 
67267 37 
67324 407 
67479 225 
67553 340 
67668 1337 
67996 1079 
68015 211 
68165 879 
68449 42 
68469 113 
68602 49 
68692 90 
68714 545 
68744 40 
68784 67 
68897 162 
69005 253 
69033 30 
69082 19 
69172 161 
69317 71 
69341 784 
69622 652 
69675 2 
69741 407 
70202 546 
70291 159 
70335 74 
70514 2204 
70548 338 
70574 105 
70585 407 
70586 883 
70627 622 
70670 822 
70686 172 
70741 815 
70803 1204 
70810 445 
70832 891 
70833 3652 
70872 1770 
70890 1173 
70944 685 
70966 238 
70982 373 
71061 236 
71275 1280 
71291 560 
71353 5545 
71373 840 
71383 484 
71386 177 
71401 953 
71490 909 
71501 40 
71653 0 
71668 336 
71673 321 
72131 746 
72180 409 
72185 43 
72187 200 
72188 1918 
72203 565 
72378 220 
72464 56 
72497 143 
72535 366 
72568 348 
72591 164 
72600 751 
72753 159 
72824 4537 
72859 270 
72876 674 
72913 1370 
72917 274 
72924 87 
72992 137 
73223 61 
73286 8 
73328 350 
73432 61 
73454 2 
73597 105 
73755 2012 
73853 664 
73858 76 
73867 0 
73873 127 
73883 432 
73896 22 
73906 79 
73908 163 
73913 59 
73936 1511 
73936 1511 
73944 1416 
73948 92 
73959 226 
73965 273 
73980 770 
73987 110 
73987 746 
73989 352 
73993 35 
73993 1175 
74009 937 
74018 1584 
74024 266 
74026 87 
74035 52 
74038 754 
74041 55 
74050 250 
74051 547 
74057 138 
74060 1020 
74061 1175 
74074 322 
74081 1704 
74087 61 
74089 422 
74093 93 
74093 416 
74098 594 
74112 447 
74117 1616 
74130 2024 
74137 588 
74138 157 
74157 1415 
74188 27 
74196 1310 
74206 1407 
74218 235 
74220 18 
74236 96 
74261 109 
74275 788 
74277 388 
74288 224 
74303 435 
74305 1384 
74305 5949 
74335 2606 
74344 2536 
74409 1012 
74416 1 
74441 132 
74442 1134 
74590 1249 
74638 254 
74733 9 
74797 270 
74884 62 
75283 10 
75417 1000 
75445 21 
75473 43 
75514 762 
75516 1180 
75549 309 
75633 298 
75731 148 
75759 813 
76143 1526 
76170 6538 
76195 1115 
76300 1280 
76333 654 
76402 938 
76429 125 
76463 976 
76659 216 
76659 216 
76703 58 
76806 475 
76922 44 
77024 58 
77216 297 
77226 3090 
77284 236 
77459 456 
77916 493 
78084 97 
78173 169 
78353 1137 
78422 2912 
78435 1873 
78496 1221 
78570 120 
78691 2 
78731 337 
78806 63 
78831 178 
78919 135 
79021 3757 
79053 841 
79069 158 
79145 593 
79146 183 
79264 1517 
79268 574 
79332 219 
79539 284 
79645 960 
79687 163 
79700 338 
79756 593 
79966 1839 
80062 14993 
80227 3196 
80256 6301 
80373 16 
80373 404 
80695 147 
80787 100 
80942 102 
81274 2829 
81285 407 
81291 19 
81424 792 
81682 79 
81982 271 
82153 164 
82289 394 
82313 585 
82414 258 
82501 292 
82602 1014 
82715 310 
82798 2521 
82909 665 
82961 670 
83019 857 
83166 1791 
83200 2284 
83346 643 
83412 536 
83412 536 
83704 28 
83946 208 
83950 1615 
83963 8046 
84077 908 
84094 672 
84150 226 
84252 162 
84320 626 
84432 356 
84506 1312 
84517 1377 
84537 932 
84596 33 
84616 21 
84690 1125 
84774 381 
84783 754 
85001 764 
85054 79 
85109 91 
85194 108 
85212 401 
85223 49 
85244 71 
85433 305 
85443 4812 
85531 115 
85536 20 
85554 205 
85601 124 
85609 150 
85649 103 
85682 518 
85692 1109 
85748 1870 
85757 580 
85813 394 
85879 22 
86174 31 
86203 318 
86601 11372 
86646 656 
86723 154 
86725 313 
86730 97 
86764 8852 
86856 1325 
86948 276 
86982 119 
87009 2 
87065 588 
87148 1545 
87164 144 
87375 515 
87513 1342 
87752 3339 
88170 323 
88222 482 
88257 343 
88314 443 
88324 64 
88330 1396 
88370 622 
88390 2109 
88397 585 
88407 1037 
88426 545 
88428 190 
88473 470 
88531 19 
88603 147 
88632 107 
88669 100 
88760 866 
88781 541 
88830 42 
88855 611 
88893 764 
88996 175 
89067 1782 
89162 136 
89302 637 
89419 362 
89451 981 
89475 2479 
89529 977 
89540 265 
89544 792 
89582 1156 
89636 779 
89647 400 
89714 212 
89737 67 
89746 116 
89761 573 
89794 223 
89953 1237 
89983 206 
90071 1431 
90151 128 
90166 153 
90224 1290 
90333 428 
90369 1347 
90376 277 
90448 348 
90460 120 
90529 93 
90562 465 
90685 157 
90718 241 
90781 875 
90949 1416 
91030 1304 
91104 1104 
91760 553 
92165 505 
92169 1781 
92605 259 
92643 749 
92756 3555 
93022 497 
93033 903 
93090 149 
93154 451 
93180 289 
93413 254 
93414 1111 
93464 215 
93544 409 
93626 697 
93722 516 
93781 771 
93810 5191 
93851 189 
94151 26 
94283 1726 
94424 723 
94443 723 
94515 326 
94529 841 
94599 351 
94646 809 
94698 2880 
94763 51 
94843 654 
95307 497 
95334 77 
95448 440 
95506 146 
95665 1216 
95717 1788 
95808 171 
95832 284 
95909 1281 
96176 494 
96206 2615 
96733 2851 
96770 981 
96845 237 
96855 262 
97023 320 
97251 270 
97437 692 
97659 640 
97815 421 
97973 1863 
98179 294 
98391 1634 
98416 649 
98585 1636 
98918 3513 
99181 627 
99208 247 
99313 163 
99326 1430 
99392 703 
99424 322 
99480 713 
99907 70 
99938 2423 
100367 4530 
100446 438 
100453 46 
100474 7 
100496 334 
100501 305 
100638 3 
100731 1908 
100908 541 
101089 540 
101105 1046 
101113 93 
101124 3486 
101127 2110 
101150 288 
101266 1616 
101271 182 
101349 142 
101351 367 
101377 118 
101395 195 
101412 197 
101859 805 
102238 51 
102365 965 
102419 13088 
102430 893 
102498 541 
102520 210 
102525 944 
102592 970 
102619 102 
102648 145 
102705 153 
102753 142 
102834 396 
102983 56 
103214 745 
103259 517 
103275 514 
103285 105 
103335 36 
103348 710 
103418 144 
103983 1137 
104040 985 
104076 591 
104189 788 
104198 783 
104212 504 
104450 46 
104629 203 
104689 2355 
105076 173 
105080 1280 
105110 2582 
105334 767 
105342 3299 
105346 3299 
105414 167 
105429 55 
105445 154 
105553 109 
105671 5571 
105700 2552 
105704 2874 
105728 143 
105728 4396 
105746 1255 
105756 918 
105838 92 
105839 254 
105844 2166 
105929 171 
105995 1571 
106019 524 
106020 719 
106062 260 
106075 77 
106075 459 
106085 17 
106109 107 
106132 3312 
106150 149 
106185 55 
106208 765 
106329 144 
106351 303 
106361 416 
106447 1531 
106571 1195 
106580 357 
106712 822 
106834 452 
106847 676 
106910 147 
106925 421 
107021 272 
107064 1237 
107079 214 
107098 360 
107119 1214 
107127 960 
107155 163 
107234 148 
107238 367 
107473 218 
107490 1673 
107505 1405 
107506 498 
107566 152 
107632 1903 
107673 417 
107681 1343 
107701 831 
107750 12 
107862 133 
107869 68 
107975 1159 
108081 254 
108099 390 
108401 650 
108418 76 
108547 255 
108933 191 
109198 1880 
109304 1579 
109340 107 
109360 1403 
109361 247 
109373 717 
109424 1599 
109634 206 
109810 1590 
109886 11 
109930 346 
109988 880 
110015 324 
110051 113 
110064 49 
110083 8085 
110108 707 
110235 1822 
110252 16677 
110262 132 
110324 523 
110341 254 
110627 1090 
110656 98 
110680 773 
110685 71 
110831 315 
110953 298 
111260 370 
111411 32 
111515 518 
111549 204 
111553 1044 
111650 52 
111670 772 
111676 358 
111809 1221 
111828 4 
111835 796 
111887 70 
112081 1134 
112097 95 
112110 2151 
112150 1096 
112200 678 
112409 169 
112515 1344 
112568 383 
112680 147 
112722 298 
112778 40 
112862 2048 
112893 2387 
112940 769 
112986 324 
113045 68 
113331 203 
113392 1716 
113448 4598 
113628 4 
113637 9 
113770 1079 
113849 59 
114176 1561 
114194 181 
114318 2456 
114350 26 
114543 2160 
114705 220 
114793 85 
114817 357 
114838 45 
115030 1596 
115093 22 
115100 1397 
115106 973 
115146 464 
115200 173 
115272 250 
115312 1036 
115419 32 
115489 1341 
115582 1264 
115820 334 
115951 43 
116245 692 
116291 154 
116298 418 
116343 14 
116377 120 
116446 357 
116534 1376 
116753 395 
116948 373 
117020 377 
117058 113 
117319 1120 
117332 2123 
117391 841 
117498 208 
117540 60 
117541 942 
117545 10359 
117773 35 
117975 89 
118018 384 
118137 1390 
118146 704 
118183 1344 
118225 436 
118251 749 
118265 61 
118280 167 
118456 672 
118461 108 
118462 29 
118501 1638 
118569 190 
118604 196 
118610 1597 
118619 614 
118622 251 
118628 1977 
118801 2675 
119057 284 
119366 62 
119438 154 
119470 1542 
119533 477 
119617 1222 
119829 46 
119920 284 
119954 727 
120121 594 
120156 987 
120188 108 
120358 74 
120395 625 
120720 910 
120792 1772 
120848 195 
120978 718 
121015 868 
121081 1323 
121102 5045 
121133 581 
121135 417 
121138 617 
121168 1178 
121178 1809 
121240 1041 
121287 108 
121541 393 
121553 1491 
121576 1286 
121586 1389 
121615 428 
121816 572 
121881 84 
121987 1577 
122004 909 
122058 1731 
122100 233 
122119 101 
122236 174 
122304 2 
122355 2209 
123120 1387 
123205 57 
123219 262 
123235 78 
123497 1677 
123620 40 
123719 1226 
123725 1017 
123795 85 
123946 69 
123947 1 
123957 1126 
124136 901 
124140 3613 
124278 393 
124736 291 
124753 346 
124899 104 
125079 1045 
125361 81 
125383 378 
125564 1749 
125565 13 
125601 936 
125644 300 
125667 514 
125764 338 
126351 1006 
126402 1459 
126560 930 
126615 299 
127393 853 
127400 248 
128525 282 
128728 404 
128798 527 
130089 875 
130296 444 
130860 493 
131210 1364 
132036 2813 
132137 300 
132355 886 
132428 863 
132575 540 
132790 597 
133542 1619 
133565 3473 
133568 1555 
134298 175 
134510 1742 
134826 58 
135359 159 
135622 1238 
136665 1636 
136689 3918 
136725 489 
136855 414 
138035 1393 
139131 396 
139178 395 
139337 1814 
139352 767 
139419 117 
139471 2480 
139474 479 
139609 88 
141169 169 
141763 269 
141849 251 
142041 632 
142272 168 
142958 558 
143242 1583 
143813 3451 
143946 795 
144006 3069 
144164 79 
144295 662 
145846 1119 
145928 56 
146848 800 
147481 2082 
147507 592 
147771 6476 
147921 90 
149178 127 
150379 545 
150586 1698 
150586 1698 
150626 1029 
150626 1029 
150667 2126 
150764 52 
150906 111 
152243 1328 
152361 1467 
152379 543 
153147 754 
153161 271 
153265 335 
153383 472 
153608 842 
153833 174 
153915 1983 
154446 303 
155271 777 
155535 956 
156073 220 
156392 2779 
159100 311 
159996 13 
161974 299 
162477 8 
162680 21 
163200 1563 
163258 508 
163270 734 
163345 753 
163478 511 
164159 65 
164460 664 
164996 1811 
165020 95 
165133 388 
165469 291 
165747 259 
165965 246 
166249 767 
166349 1440 
166400 557 
166776 321 
167490 301 
168052 1155 
168639 346 
169176 1731 
169529 13 
169761 7 
169857 54 
169872 81 
170720 71 
170910 805 
171182 52 
171703 107 
172520 30 
172864 320 
173486 96 
174637 336 
175021 233 
175910 209 
176247 120 
176265 6955 
176677 820 
176736 860 
177062 1856 
177187 182 
177311 281 
177345 279 
177700 121 
178084 610 
178097 6 
178182 1160 
178214 298 
178446 2102 
178461 707 
178517 1065 
179096 500 
179112 520 
179287 5 
179784 87 
179819 365 
181449 254 
181631 1250 
181757 165 
181792 572 
181887 260 
182184 596 
182617 511 
184331 359 
184826 39 
184843 604 
185792 223 
186271 375 
186364 52 
186833 665 
187323 909 
187332 267 
187773 798 
187866 609 
188226 946 
188358 513 
188572 1761 
188593 942 
188880 630 
188895 9 
189237 180 
189349 273 
189740 503 
190159 16 
190569 269 
191160 716 
191389 7934 
191398 699 
191423 133 
191656 56 
191688 140 
191792 838 
191917 908 
192134 313 
194131 421 
194440 584 
194527 4055 
194533 401 
194534 390 
194799 1105 
194849 2475 
194855 258 
194927 1122 
195158 345 
195901 867 
196159 1148 
197203 599 
197496 477 
197616 541 
198262 96 
198338 18 
198487 1010 
198533 232 
198677 174 
198908 949 
199713 382 
199734 1086 
200283 2018 
200302 778 
200603 159 
200703 1997 
201058 128 
201116 140 
201126 569 
201256 717 
201376 242 
201625 9 
201657 200 
202385 363 
202428 137 
204089 18 
204099 509 
204126 1218 
204390 656 
204418 2159 
204650 362 
204758 5 
204788 3004 
204947 635 
205210 190 
205536 346 
205986 409 
206090 362 
206098 83 
206198 10 
206244 379 
206763 192 
206942 1913 
206964 741 
207591 425 
207869 1066 
208118 242 
208356 221 
208973 548 
209069 759 
209082 1770 
209100 52 
209116 1499 
209237 2029 
209537 500 
209770 54 
209851 53 
209852 78 
209922 73 
210458 580 
210841 846 
211412 34 
212793 1354 
213026 101 
213117 232 
214972 860 
215803 90 
216367 177 
216745 8004 
217609 7 
218534 2536 
220926 1051 
221029 1598 
221054 934 
221192 347 
221472 172 
221492 121 
221501 433 
221677 182 
221876 1285 
221878 3058 
221939 700 
221995 42 
222673 2574 
222680 6492 
224752 1377 
224768 2714 
224782 573 
225772 90 
226067 672 
226681 2831 
227516 1905 
228053 640 
228078 173 
228568 75 
229265 688 
230465 124 
230585 207 
232935 149 
233579 944 
233750 59 
235869 813 
238773 200 
238864 420 
239188 509 
239327 287 
239753 177 
239975 1 
240469 4 
241716 3 
242859 958 
243092 1759 
243601 2684 
244405 423 
244616 890 
245442 5 
245963 3178 
245983 415 
246128 5 
246222 243 
246258 404 
246739 156 
247137 790 
247416 91 
247856 1747 
247930 954 
248181 686 
248273 2075 
250183 95 
252025 186 
252881 481 
255154 264 
255661 735 
256816 1799 
257412 429 
258561 600 
259664 209 
260195 39 
260432 195 
261040 250 
261675 1713 
262505 465 
263627 167 
264267 1174 
264578 108 
264633 221 
264946 939 
265097 107 
265179 1460 
265464 1530 
266183 24 
266928 897 
267250 470 
268194 86 
268329 653 
268455 416 
268540 1320 
268590 604 
268614 652 
268615 1682 
268658 514 
268990 393 
269266 1150 
269275 296 
269489 44 
269558 639 
269610 125 
269922 56 
270915 163 
274106 164 
274569 906 
274757 55 
275613 27 
276276 69 
278848 785 
279432 825 
279536 996 
279922 249 
280382 1400 
280429 409 
280743 1596 
281029 413 
281185 857 
281273 1179 
281335 557 
281536 570 
281688 446 
281873 162 
282580 711 
283263 168 
283620 8773 
283700 1021 
283746 325 
284131 162 
284725 1433 
284935 1317 
285306 181 
285340 2088 
285687 335 
285949 407 
286972 6558 
287130 195 
287308 109 
287787 305 
288232 1158 
288244 1052 
288477 820 
288712 380 
289078 171 
289775 505 
290429 19 
290774 1448 
290799 291 
292062 129 
292377 400 
293404 65 
294242 83 
294481 702 
294512 1738 
294742 7 
294743 583 
295153 2021 
295178 6069 
295202 1166 
295645 53 
295836 930 
296151 1238 
296201 1215 
296211 1810 
296332 341 
296615 183 
297095 920 
297136 1371 
297178 1170 
297462 2333 
297717 4562 
297929 890 
298031 183 
298041 1149 
298554 588 
298585 62 
298648 265 
299459 386 
299936 215 
300166 1462 
300259 31 
300553 316 
300741 1074 
300806 1564 
301313 308 
301632 82 
302124 15 
302258 1351 
303281 6820 
303316 1519 
304135 4847 
304181 139 
304962 181 
305216 482 
305243 2274 
305666 1515 
305689 1973 
305729 6587 
305767 692 
306286 150 
307683 11042 
307727 1250 
307734 3192 
307754 511 
307930 702 
308006 1742 
308044 111 
308318 63 
308348 1142 
308739 456 
308887 737 
309298 112 
309662 239 
310253 927 
310336 536 
310399 258 
310598 10 
311288 1038 
311312 828 
311596 26 
311822 122 
312223 400 
313054 1886 
313300 138 
313656 170 
314450 29 
315112 3116 
317665 1769 
317730 560 
318517 1232 
319451 343 
319521 337 
319603 345 
319658 188 
319754 82 
320027 692 
320629 581 
320843 1208 
320875 768 
321003 765 
322231 6364 
322864 1065 
323135 183 
323509 2338 
324233 270 
324772 355 
325549 110 
326408 110 
326634 57 
327166 428 
327478 1063 
331189 2883 
331824 1686 
331841 1063 
331848 345 
331898 1509 
331979 539 
332038 225 
334482 636 
335832 67 
336061 581 
336362 36 
338691 13 
339675 1882 
339786 39 
340580 70 
343371 331 
344131 1343 
344148 249 
344158 1033 
344187 216 
344433 91 
344560 1028 
345023 271 
345066 210 
345295 1301 
345621 1551 
346161 49 
346599 444 
348838 57 
349125 824 
351079 1211 
351160 529 
352040 817 
352341 433 
352352 69 
352678 4795 
352729 612 
353286 123 
353437 243 
356292 91 
356359 205 
357164 1357 
357196 2133 
357213 1093 
357240 426 
357659 8 
357767 206 
357793 709 
358149 303 
358915 687 
359605 1555 
361181 476 
362765 612 
364287 740 
365323 1477 
365388 942 
367220 683 
367752 461 
368398 1297 
368754 324 
369566 45 
369768 2414 
369786 287 
370880 74 
371964 1267 
372383 1511 
372588 95 
373395 90 
374585 649 
375382 58 
376627 180 
376957 2244 
377354 12 
377770 151 
377780 577 
379154 283 
379862 66 
380282 131 
380304 451 
380523 1321 
380533 810 
380791 857 
381012 510 
381047 1758 
381209 721 
381387 317 
381948 160 
382516 245 
384609 415 
384781 2590 
385263 1047 
385459 1157 
385642 22 
385705 21 
385724 2173 
386177 303 
386332 1836 
386502 298 
387465 1299 
388042 884 
389335 159 
390017 285 
390409 1221 
390669 70 
392133 381 
393618 2671 
394194 44 
394323 617 
395559 209 
398053 49 
399555 139 
400027 319 
400804 356 
402080 1 
405772 399 
406702 935 
407900 108 
410595 436 
410612 247 
413001 587 
413990 155 
414056 24 
415302 973 
415420 158 
415735 389 
416385 324 
417532 2317 
418804 626 
419054 2399 
419821 685 
419978 92 
420288 1113 
420634 164 
420964 687 
421399 495 
426067 156 
426067 63 
426303 406 
426315 6 
426370 229 
426573 121 
426581 371 
426685 996 
426688 1468 
426701 3672 
426717 2440 
426796 1363 
426875 669 
426896 377 
426930 290 
427041 35 
427065 201 
427150 1705 
427157 519 
427312 711 
427410 706 
427475 445 
427894 2276 
428169 288 
428584 92 
428987 650 
429042 615 
429623 594 
430880 368 
431019 457 
432271 354 
433762 150 
436032 287 
436098 84 
436183 19 
436443 310 
437103 737 
439502 39 
439829 1346 
440949 109 
441232 703 
441304 250 
443564 44 
444141 3061 
444155 6508 
444169 89 
444169 497 
444260 1134 
444869 722 
449434 1310 
450615 2996 
450615 2996 
451144 1298 
451933 856 
452195 53 
454508 1874 
454741 8 
454860 14 
455121 773 
455138 670 
457733 969 
465338 1652 
465358 949 
465557 2295 
465580 308 
465634 282 
466174 85 
466707 127 
466723 755 
468481 878 
468817 84 
469821 1197 
470096 1954 
470660 179 
470713 821 
470732 1530 
471434 652 
471713 482 
477715 2216 
477980 63 
478762 49 
478779 86 
479047 207 
485854 4459 
487492 1377 
494914 90 
497683 815 
497772 108 
499086 113 
499903 247 
506918 23 
512060 957 
512093 924 
512098 11823 
512145 631 
512157 164 
512183 544 
512191 336 
512246 319 
512310 107 
512494 13 
512527 227 
513687 107 
513849 184 
513935 280 
514192 336 
517273 384 
517694 98 
517996 15 
521267 807 
523641 1651 
527254 658 
535101 758 
536150 285 
539017 47 
542082 270 
543576 285 
546072 2555 
546237 8793 
554530 776 
562092 158 
566854 251 
568035 166 
571667 314 
574503 1527 
575185 1404 
575716 695 
576196 475 
578872 118 
583682 258 
590521 97 
595096 342 
