7130 9.17638888889
0 91277 
9 165 
31 1454 
34 896 
38 216 
38 404 
43 331 
45 1197 
47 150 
48 1054 
52 404 
59 587 
61 298 
66 190 
69 213 
83 670 
88 1061 
97 1743 
100 791 
100 1912 
110 360 
114 222 
117 90 
118 384 
132 999 
133 1279 
140 615 
152 427 
157 91 
174 1053 
179 583 
180 32246 
182 222 
193 93 
198 525 
198 288 
205 55 
207 163 
210 168 
221 160 
232 453 
233 290 
238 1364 
242 234 
243 328 
245 125 
245 154 
253 288 
254 189 
257 175 
258 13 
258 930 
259 246 
259 1087 
263 306 
263 151 
269 676 
270 159 
274 235 
280 1691 
284 1384 
289 730 
292 173 
296 588 
324 103 
340 647 
342 65 
347 936 
348 385 
368 519 
376 204 
382 404 
382 13 
385 480 
393 261 
403 276 
403 115 
409 76 
412 100 
413 1131 
416 57 
425 980 
427 618 
432 180 
436 129 
448 184 
450 524 
450 312 
459 218 
464 289 
490 154 
494 1576 
494 269 
500 293 
501 559 
501 11582 
508 382 
513 360 
514 506 
519 218 
519 191 
520 273 
525 74 
547 482 
548 517 
550 2029 
554 523 
555 927 
558 966 
560 33 
561 958 
565 832 
577 301 
579 398 
584 677 
589 1156 
595 514 
602 114 
602 275 
606 1387 
613 224 
622 173 
625 140 
625 885 
626 584 
629 304 
639 770 
640 366 
644 246 
649 443 
649 496 
653 681 
662 122 
664 566 
664 186 
673 110 
679 1061 
683 167 
686 1118 
688 447 
691 227 
701 14 
701 1508 
714 514 
722 467 
725 1730 
725 247 
731 246 
731 208 
749 785 
751 343 
755 139 
765 236 
766 680 
774 107 
775 439 
775 370 
790 1033 
800 169 
815 271 
823 180 
833 303 
842 138 
845 239 
851 301 
858 12 
860 1548 
863 1816 
866 282 
876 720 
887 181 
889 614 
893 299 
906 31 
910 386 
911 904 
925 3933 
935 442 
935 1233 
938 190 
938 680 
940 227 
946 161 
958 192 
969 87 
984 1253 
989 260 
991 235 
998 355 
1001 950 
1004 184 
1011 177 
1011 659 
1012 802 
1017 155 
1032 737 
1035 31 
1037 304 
1045 330 
1046 155 
1063 1489 
1069 102 
1073 118 
1089 923 
1102 436 
1107 45 
1123 485 
1132 18 
1137 434 
1155 748 
1160 354 
1164 944 
1168 175 
1174 172 
1174 155 
1176 500 
1193 297 
1202 528 
1211 244 
1221 310 
1229 56 
1229 858 
1243 265 
1252 420 
1253 317 
1271 730 
1278 125 
1279 1107 
1301 691 
1306 166 
1322 166 
1331 419 
1352 301 
1357 646 
1363 442 
1376 314 
1388 849 
1389 153 
1399 127 
1400 515 
1409 114 
1431 389 
1432 225 
1440 273 
1460 79 
1462 23 
1467 120 
1477 602 
1526 147 
1528 425 
1536 648 
1539 127 
1552 230 
1567 242 
1574 297 
1591 89 
1597 1458 
1611 319 
1633 523 
1663 339 
1675 80 
1677 128 
1682 119 
1687 153 
1713 631 
1723 154 
1730 208 
1732 155 
1733 206 
1733 472 
1749 53 
1751 972 
1753 266 
1757 123 
1772 477 
1773 793 
1831 86 
1862 1733 
1869 71 
1879 103 
1894 52 
1939 278 
1939 278 
1946 321 
1946 321 
1952 322 
1952 322 
1957 1382 
1957 1382 
1982 326 
1986 712 
1994 363 
2000 289 
2004 21 
2006 242 
2024 253 
2052 362 
2090 0 
2095 184 
2106 135 
2114 140 
2118 129 
2126 31 
2176 315 
2184 191 
2219 244 
2220 117 
2252 401 
2264 205 
2312 885 
2313 64 
2318 327 
2325 199 
2490 682 
2515 61 
2540 181 
2544 377 
2560 200 
2574 453 
2598 195 
2695 738 
2703 139 
2708 811 
2744 813 
2767 303 
2781 431 
2832 230 
2834 499 
2837 136 
2855 181 
2892 341 
2898 162 
2913 245 
3009 32 
3011 161 
3015 313 
3080 579 
3089 169 
3093 36 
3111 246 
3166 219 
3175 232 
3183 558 
3204 96 
3220 182 
3242 972 
3246 325 
3269 107 
3283 1348 
3302 443 
3311 855 
3325 175 
3329 450 
3338 130 
3359 895 
3365 122 
3367 121 
3406 49 
3431 87 
3442 167 
3467 204 
3503 9 
3539 184 
3550 139 
3571 252 
3575 76 
3582 245 
3611 409 
3633 323 
3646 854 
3657 65 
3706 130 
3780 188 
3792 347 
3807 103 
3837 830 
3880 531 
3882 852 
3886 50 
3915 234 
3954 274 
3964 520 
3988 445 
4032 369 
4033 604 
4046 1105 
4052 280 
4070 189 
4102 61 
4109 372 
4117 154 
4120 747 
4137 194 
4192 111 
4203 567 
4210 112 
4215 106 
4240 331 
4243 54 
4270 190 
4274 63 
4279 95 
4299 1117 
4314 665 
4315 328 
4323 1120 
4352 66 
4357 248 
4372 109 
4384 458 
4407 8800 
4478 1732 
4491 475 
4513 476 
4530 178 
4536 514 
4579 259 
4680 284 
4693 27 
4770 146 
4775 263 
4779 76 
4791 172 
4837 285 
4862 226 
4888 1160 
4926 288 
4940 25 
4953 481 
5003 342 
5011 253 
5032 539 
5044 73 
5064 574 
5069 234 
5100 644 
5158 41 
5342 185 
5351 196 
5384 128 
5385 316 
5388 400 
5417 984 
5452 188 
5544 90 
5582 115 
5673 188 
5713 291 
5804 2294 
5808 45 
5851 393 
5864 95 
5910 396 
5912 116 
5917 241 
5929 254 
5977 46 
5995 495 
6008 586 
6008 138 
6096 65 
6099 127 
6151 923 
6202 134 
6846 322 
6862 254 
6915 93812 
6922 66 
6941 173 
6953 198 
6958 204 
6961 1323 
6964 156 
6968 113 
6977 998 
6981 563 
6989 1031 
6989 1095 
6991 714 
6995 135 
6997 334 
7012 275 
7013 52 
7014 242 
7016 519 
7025 192 
7025 904 
7028 333 
7035 129 
7042 102 
7045 265 
7049 756 
7051 228 
7054 167 
7055 302 
7060 2755 
7066 647 
7074 55 
7079 115 
7083 100 
7098 20 
7114 983 
7122 276 
7125 237 
7126 262 
7142 47 
7144 227 
7160 240 
7163 320 
7172 178 
7177 687 
7184 86 
7197 44 
7198 886 
7199 88 
7199 221 
7200 87 
7209 379 
7209 226 
7227 388 
7236 655 
7240 362 
7263 508 
7302 328 
7313 36 
7331 246 
7373 185 
7375 114 
7394 339 
7397 321 
7422 100 
7425 149 
7440 182 
7455 492 
7470 176 
7490 232 
7491 205 
7492 53 
7531 59 
7560 299 
7576 178 
7579 83 
7581 98 
7609 366 
7624 401 
7642 268 
7684 317 
7686 212 
7695 297 
7718 296 
7736 93 
7744 68 
7750 102 
7759 52 
7766 361 
7769 297 
7792 83 
7800 211 
7816 154 
7844 174 
7862 117 
7875 528 
7894 443 
7899 54 
7923 355 
7963 222 
7970 128 
7983 186 
8009 32 
8016 123 
8034 211 
8110 228 
8183 418 
8186 187 
8205 482 
8216 515 
8302 396 
8313 371 
8321 2727 
8326 243 
8331 174 
8376 94 
8400 481 
8410 558 
8544 275 
8599 1036 
8682 178 
8690 218 
8723 989 
8789 856 
8791 377 
8813 1233 
8829 700 
8890 47 
8893 1704 
8908 303 
9030 175 
9071 1311 
9080 446 
9155 322 
9321 51 
9395 125781 
9399 1157 
9422 213 
9426 834 
9427 258 
9440 92 
9452 624 
9463 56 
9465 978 
9470 149 
9470 193 
9474 380 
9479 343 
9480 42 
9502 334 
9509 43 
9538 221 
9555 117 
9561 797 
9585 108 
9604 287 
9626 967 
9648 324 
9660 212 
9668 227 
9683 69 
9719 76 
9723 309 
9724 68 
9738 344 
9744 155 
9775 53 
9782 371 
9786 259 
9795 1160 
9805 1744 
9808 312 
9814 209 
9840 282 
9845 568 
9848 54 
9859 376 
9867 67 
9869 609 
9918 117 
9935 337 
10002 85 
10019 109 
10068 105 
10087 880 
10096 413 
10117 134 
10172 42 
10194 568 
10196 2948 
10236 200 
10255 522 
10255 230 
10264 419 
10270 749 
10278 438 
10312 432 
10349 625 
10349 155 
10403 482 
10419 619 
10420 71 
10509 1904 
10619 201 
10623 374 
10634 145 
10683 292 
10700 889 
10703 415 
10789 191 
10811 367 
10898 953 
10909 472 
10915 17 
10929 343 
11000 102 
11020 206 
11024 1 
11036 38 
11042 196 
11074 191 
11114 367 
11162 101 
11181 116 
11384 642 
11451 366 
11481 188 
11578 1981 
11641 163 
11855 548 
11873 373 
11884 652 
12304 82 
12509 191 
13010 1 
13141 2891 
13148 4 
14125 90 
14146 37 
15361 350 
15383 530 
15478 69 
15710 19 
16989 3136 
17203 158 
17876 10 
17988 94 
18800 67 
18931 253 
18990 786 
19580 217 
20000 323 
22549 391 
23536 90 
23684 1769 
23995 11 
24582 83 
25584 171 
28613 37 
29151 49 
29830 59 
31571 603 
32383 154 
32713 98 
32769 325 
33179 384 
33491 101 
33502 40 
33523 51 
33697 400 
33762 596 
33848 264 
33876 334 
33955 708 
33962 165 
33982 1508 
34070 683 
34161 600 
34199 163 
34212 330 
34995 421 
35032 743 
35184 1349 
35241 1522 
35326 552 
35366 217 
35393 894 
36095 5357 
36139 194 
36167 1112 
36249 820 
36309 332 
36464 31 
36523 1247 
36528 183 
36535 179 
36540 284 
36574 1216 
36617 859 
36645 3480 
36667 2460 
36693 1081 
36712 566 
36715 376 
36718 598 
36720 435 
36728 1045 
36748 300 
36814 52 
36842 690 
36852 351 
36868 135 
36870 228 
36870 8 
36908 97 
36932 390 
36940 423 
36941 228 
36971 85 
36989 363 
37000 262 
37058 265 
37059 551 
37099 334 
37100 1485 
37108 2684 
37133 43 
37172 232 
37199 1346 
37222 1289 
37227 355 
37243 1615 
37269 483 
37350 78 
37379 140 
37386 262 
37423 299 
37607 227 
37674 364 
37763 87 
37782 92 
37915 626 
37949 1637 
37951 321 
38023 160 
38138 45 
38165 175 
38165 365 
38200 1003 
38231 92 
38236 181 
38362 533 
38367 295 
38369 441 
38384 328 
38407 467 
38414 48 
38418 609 
38454 231 
38781 264 
38827 236 
38925 147 
38945 189 
38996 467 
39001 173 
39006 123 
39086 209 
39171 88 
39195 1066 
39323 193 
39335 301 
39345 289 
39345 170 
39345 60 
39350 78 
39351 883 
39355 132 
39357 763 
39358 86 
39358 643 
39358 284 
39365 194 
39370 21 
39378 622 
39383 60 
39387 349 
39390 146 
39392 250 
39393 68 
39399 224 
39408 60 
39409 203 
39410 345 
39410 281 
39411 109 
39417 674 
39417 449 
39423 119 
39424 81 
39425 306 
39482 329 
39482 636 
39485 90 
39487 169 
39489 174 
39495 341 
39495 216 
39497 299 
39502 218 
39503 176 
39507 154 
39508 101 
39509 70 
39518 926 
39518 114 
39525 149 
39532 653 
39536 430 
39537 57 
39538 189 
39543 124 
39546 74 
39553 98 
39555 257 
39557 477 
39557 116 
39560 149 
39567 171 
39570 472 
39575 1043 
39576 973 
39577 1739 
39577 136 
39580 613 
39635 91 
39654 603 
39659 692 
39662 192 
39664 420 
39665 59 
39666 339 
39667 570 
39668 104 
39672 100 
39680 363 
39686 2589 
39689 109 
39690 485 
39690 121 
39709 438 
39710 394 
39712 654 
39720 151 
39723 310 
39726 989 
39729 84 
39737 108 
39793 348 
39801 970 
39803 251 
39809 437 
39812 636 
39827 262 
39827 2670 
39833 243 
39835 113 
39842 478 
39846 791 
39849 465 
39850 222 
39854 959 
39855 104 
39861 194 
39870 156 
39870 158 
39899 417 
39902 452 
39907 854 
39908 126 
39908 156 
39916 237 
39921 467 
39921 662 
39926 525 
39927 68 
39934 627 
39935 6 
40004 497 
40012 223 
40021 221 
40025 282 
40032 956 
40035 233 
40046 66 
40047 111 
40051 128 
40055 203 
40057 16 
40065 133 
40065 408 
40068 27 
40070 786 
40071 248 
40076 120 
40082 556 
40096 161 
40107 196 
40173 54 
40188 622 
40195 446 
40221 64 
40222 91 
40232 934 
40241 545 
40241 51 
40260 292 
40260 140 
40260 158 
40263 202 
40284 51 
40285 249 
40298 158 
40299 412 
40299 136 
40369 98 
40369 70 
40375 51 
40379 293 
40384 45 
40406 112 
40413 221 
40433 314 
40441 849 
40442 306 
40460 1080 
40462 232 
40467 134 
40478 127 
40483 1369 
40486 433 
40488 352 
40501 123 
40579 104 
40597 233 
40602 254 
40606 66 
40616 239 
40622 68 
40626 472 
40636 178 
40641 923 
40645 25 
40648 1100 
40652 138 
40653 324 
40654 231 
40719 235 
40736 76 
40744 92 
40750 173 
40759 378 
40798 517 
40799 365 
40803 639 
40814 215 
40820 180 
40823 236 
40890 519 
40914 419 
40917 94 
40922 72 
40946 281 
40976 261 
40981 808 
40985 140 
41011 76 
41076 186 
41078 784 
41098 168 
41104 226 
41108 329 
41108 316 
41138 388 
41140 243 
41147 328 
41158 196 
41165 425 
41182 821 
41184 215 
41281 56 
41318 110277 
41346 286 
41411 191 
41416 819 
41418 330 
41420 169 
41429 70 
41440 130 
41440 620 
41443 64 
41452 814 
41454 248 
41458 1160 
41473 197 
41483 470 
41493 47 
41505 315 
41508 445 
41511 227 
41516 1126 
41519 443 
41596 87 
41602 193 
41622 223 
41624 348 
41628 772 
41629 766 
41652 306 
41658 549 
41691 1990 
41696 124 
41702 366 
41702 1074 
41709 654 
41711 223 
41721 475 
41798 185 
41808 365 
41824 209 
41856 2897 
41867 74 
41870 688 
41875 397 
41890 24 
41972 299 
41993 3119 
42001 233 
42001 56646 
42014 87 
42015 890 
42017 613 
42032 481 
42036 77 
42039 452 
42040 353 
42044 181 
42054 175 
42054 80 
42118 2151 
42133 57 
42137 228 
42140 524 
42153 204 
42153 72 
42161 320 
42168 545 
42178 190 
42195 163 
42199 101 
42205 343 
42212 1478 
42212 601 
42216 470 
42219 1838 
42222 321 
42225 175 
42250 1013 
42316 474 
42361 211 
42373 118 
42374 260 
42379 362 
42387 170 
42392 227 
42394 364 
42402 385 
42405 447 
42494 1881 
42503 505 
42513 1431 
42524 75 
42527 121 
42534 256 
42538 423 
42546 283 
42548 84 
42549 250 
42566 140 
42571 24 
42656 419 
42660 142 
42668 340 
42671 312 
42680 206 
42686 405 
42694 253 
42704 154 
42707 303 
42723 88 
42827 179 
42828 421 
42841 142 
42862 196 
42864 325 
42876 116 
42884 354 
42890 296 
42910 243 
42912 735 
43016 567 
43046 721 
43060 1614 
43155 691 
43158 295 
43178 126 
43189 350 
43281 413 
43289 19 
43293 246 
43293 117 
43307 311 
43312 653 
43312 225 
43334 268 
43338 985 
43339 323 
43349 420 
43437 511 
43452 499 
43468 315 
43494 807 
43499 216 
43518 111 
43606 85 
43627 1131 
43640 88 
43650 282 
43661 188 
43678 107 
43709 235 
43732 98 
43800 142 
43801 292 
43805 862 
43807 698 
43819 1383 
43821 658 
43827 154 
43833 344 
43833 212 
43835 341 
43853 421 
43854 573 
43858 152 
43867 441 
43871 311 
43871 440 
43878 74 
43885 725 
43906 377 
43908 59 
43909 718 
43909 64 
43913 168 
43921 155 
43994 101 
44046 321 
44074 267 
44075 384 
44088 616 
44094 195 
44106 633 
44109 291 
44112 144 
44133 383 
44135 174 
44213 239 
44223 246 
44233 404 
44258 44 
44258 293 
44275 182 
44280 312 
44286 194 
44287 220 
44308 111 
44317 72 
44321 92 
44322 283 
44328 325 
44402 273 
44460 1451 
44462 75 
44487 198 
44489 168 
44498 278 
44501 419 
44520 153 
44612 451 
44617 630 
44626 174 
44634 133 
44651 718 
44670 242 
44671 1085 
44694 245 
44696 293 
44699 471 
44708 644 
44710 1571 
44712 69 
44728 431 
44740 170 
44741 291 
44743 545 
44758 594 
44820 300 
44830 208 
44834 616 
44845 511 
44846 171 
44860 859 
44860 1409 
44869 124 
44899 403 
44906 265 
44909 564 
44910 80 
44911 194 
44912 117 
45035 359 
45038 102 
45040 146 
45060 139 
45114 104 
45136 199 
45137 62 
45144 375 
45153 63 
45170 141 
45171 14 
45176 239 
45185 264 
45267 142 
45292 340 
45334 275 
45346 120 
45351 174 
45354 401 
45366 1058 
45371 89 
45471 135 
45516 266 
45524 406 
45532 428 
45574 158 
45590 275 
45661 98 
45673 68 
45686 160 
45719 40 
45767 130 
45802 90 
45865 115 
45917 124 
45986 309 
46095 150 
46121 123 
46180 96512 
46185 288 
46203 131 
46207 390 
46268 516 
46271 167 
46273 338 
46275 185 
46276 637 
46284 570 
46301 1561 
46303 265 
46304 205 
46306 333 
46315 229 
46317 581 
46324 417 
46328 434 
46332 227 
46335 1052 
46336 897 
46336 54 
46344 97 
46346 53 
46352 264 
46353 533 
46354 760 
46356 1021 
46357 1194 
46372 109 
46373 1080 
46374 340 
46383 1089 
46387 453 
46393 216 
46393 516 
46394 248 
46400 379 
46403 368 
46483 180 
46489 140 
46511 96 
46516 92 
46520 232 
46526 336 
46531 678 
46535 295 
46548 23 
46551 416 
46562 267 
46572 41 
46583 279 
46592 125 
46593 58 
46611 224 
46626 96 
46629 90 
46644 193 
46704 55 
46725 177 
46737 18 
46760 296 
46772 277 
46780 598 
46789 99 
46855 283 
46881 398 
46907 75 
46961 40 
46963 304 
46978 284 
47127 123 
47127 136 
47152 893 
47156 410 
47159 334 
47185 912 
47210 136 
47219 360 
47219 32 
47251 752 
47282 143 
47359 398 
47394 629 
47403 56 
47405 284 
47408 1625 
47414 481 
47434 158 
47446 1004 
47447 716 
47460 159 
47512 103 
47514 309 
47514 75 
47518 434 
47519 645 
47601 339 
47608 417 
47624 209 
47625 62 
47657 200 
47692 283 
47723 433 
47727 159 
47731 295 
47732 1712 
47773 214 
47780 138 
47872 340 
47880 653 
47902 390 
47948 396 
47950 372 
47954 431 
47957 573 
48030 196 
48032 231 
48053 68 
48069 35 
48133 155 
48134 95 
48137 147 
48139 67 
48157 71 
48168 132 
48205 179 
48206 131 
48223 442 
48232 645 
48255 445 
48266 277 
48269 229 
48270 225 
48287 263 
48295 211 
48380 1242 
48382 152 
48412 585 
48417 167 
48425 82 
48432 117 
48457 607 
48482 192 
48483 266 
48487 72 
48511 868 
48514 69 
48516 380 
48536 411 
48540 253 
48542 61668 
48577 135 
48590 605 
48593 204 
48604 88 
48670 570 
48676 102 
48686 121 
48692 214 
48694 30 
48694 131 
48704 151 
48707 454 
48711 910 
48712 54 
48720 159 
48726 28 
48728 109 
48730 64 
48739 97 
48745 606 
48746 735 
48746 607 
48751 417 
48753 506 
48765 1619 
48767 446 
48768 38 
48771 224 
48771 597 
48789 285 
48794 279 
48796 212 
48800 87 
48814 199 
48819 283 
48821 234 
48824 1321 
48827 48 
48828 260 
48848 90 
48849 483 
48853 84 
48856 316 
48867 71 
48880 178 
48945 281 
48948 49 
48954 39 
48968 529 
48970 517 
48971 119 
48974 431 
48975 130 
48990 83 
48994 184 
48998 94 
49000 766 
49005 64 
49010 1055 
49026 163 
49026 222 
49030 288 
49039 1727 
49040 148 
49058 376 
49067 100 
49068 689 
49085 162 
49100 39 
49101 320 
49106 338 
49111 1376 
49118 16 
49120 1924 
49199 1053 
49206 80 
49219 267 
49227 702 
49229 1073 
49239 247 
49246 489 
49275 147 
49278 281 
49280 184 
49294 1781 
49295 308 
49309 197 
49316 213 
49322 818 
49331 734 
49334 290 
49337 404 
49347 1321 
49366 2065 
49368 128 
49459 249 
49460 392 
49461 82 
49462 378 
49472 193 
49473 367 
49473 1241 
49484 244 
49488 696 
49505 327 
49522 372 
49526 344 
49526 154 
49530 219 
49531 326 
49544 210 
49549 698 
49562 139 
49586 202 
49588 370 
49610 284 
49685 49 
49691 318 
49695 60 
49699 42 
49700 586 
49703 1213 
49710 1626 
49743 171 
49747 284 
49749 833 
49752 321 
49762 555 
49772 494 
49778 236 
49784 189 
49802 2994 
49807 278 
49813 215 
49831 531 
49835 186 
49841 807 
49908 1175 
49913 288 
49914 253 
49914 1036 
49924 411 
49934 400 
49936 196 
49953 510 
49959 552 
49962 201 
50006 159 
50031 114 
50040 758 
50047 156 
50059 212 
50071 279 
50156 1988 
50180 489 
50199 272 
50205 793 
50213 172 
50215 132 
50259 620 
50292 860 
50300 404 
50304 320 
50376 615 
50380 83 
50383 851 
50385 1035 
50406 201 
50412 104 
50423 557 
50430 766 
50441 317 
50465 166 
50474 134 
50478 32 
50479 63 
50480 1094 
50489 186 
50500 562 
50585 178 
50620 273 
50623 236 
50631 253 
50640 123 
50642 72 
50643 206 
50685 314 
50687 279 
50694 371 
50721 199 
50802 563 
50840 165 
50847 389 
50856 106 
50862 72 
50866 107 
50928 214 
50940 613 
50959 631 
50970 35 
50991 157 
51011 274 
51077 394 
51085 144 
51173 1826 
51228 65 
51254 551 
51276 57 
51398 1158 
51401 926 
51409 448 
51415 157 
51432 396 
51439 97 
51440 365 
51461 1521 
51494 217 
51498 201 
51532 375 
51558 96 
51598 86 
51685 240 
51714 33 
51738 792 
51748 327 
51779 312 
51848 552 
51865 584 
51895 222 
51899 521 
51968 195 
51979 203 
52014 1317 
52054 212 
52060 348 
52066 195 
52072 115 
52083 285 
52087 116 
52099 396 
52138 102 
52164 220 
52191 5 
52194 98 
52201 106 
52272 298 
52273 287 
52275 212 
52276 506 
52289 157 
52289 481 
52297 216 
52299 528 
52306 288 
52317 758 
52323 368 
52324 180 
52334 190 
52336 541 
52346 452 
52359 1189 
52371 868 
52375 65 
52380 450 
52380 166 
52383 168 
52383 215 
52385 213 
52390 769 
52391 275 
52395 868 
52408 1592 
52409 96 
52413 239 
52413 147 
52415 401 
52425 1164 
52429 132 
52435 456 
52435 359 
52435 202 
52437 373 
52442 908 
52449 730 
52454 721 
52462 485 
52467 345 
52468 330 
52468 768 
52470 502 
52488 273 
52489 263 
52491 797 
52503 411 
52508 256 
52513 122 
52518 565 
52518 140 
52521 296 
52591 354 
52606 337 
52608 1520 
52619 329 
52627 35 
52648 306 
52664 388 
52672 631 
52677 425 
52685 621 
52688 345 
52714 437 
52725 41 
52729 227 
52736 17 
52738 45 
52750 173 
52753 86 
52787 5613 
52862 241 
52863 140 
52865 188 
52867 443 
52872 702 
52884 203 
52886 1012 
52890 337 
52894 1642 
52894 1101 
52899 137 
52916 275 
52937 1087 
52956 438 
52967 260 
52967 150 
52972 322 
52973 631 
53003 209 
53003 332 
53012 1136 
53015 298 
53020 283 
53023 664 
53030 581 
53041 79 
53054 183 
53070 139 
53084 110 
53170 425 
53179 520 
53183 427 
53194 16 
53196 1310 
53201 437 
53215 122 
53222 193 
53223 281 
53239 371 
53245 126030 
53257 109 
53262 161 
53281 231 
53282 144 
53286 435 
53286 320 
53292 76 
53296 90 
53308 90 
53309 140 
53310 977 
53317 180 
53386 459 
53397 361 
53397 111 
53400 319 
53408 395 
53410 104 
53428 1105 
53433 102 
53445 115 
53450 1193 
53460 197 
53462 326 
53463 288 
53474 157 
53477 270 
53486 359 
53495 104 
53517 149 
53520 127 
53521 795 
53522 412 
53532 552 
53548 174 
53615 844 
53615 384 
53633 39 
53656 175 
53665 426 
53705 420 
53718 118 
53834 61 
53874 529 
53895 85 
53904 364 
53907 122 
53932 447 
53946 353 
54019 265 
54033 477 
54034 99 
54035 102 
54048 1304 
54052 368 
54053 287 
54056 34 
54061 408 
54066 282 
54209 1281 
54214 54 
54215 454 
54252 144 
54277 149 
54287 609 
54370 200 
54459 151 
54464 193 
54484 84 
54515 56 
54537 1731 
54545 353 
54546 167 
54579 65 
54591 66 
54611 98 
54614 251 
54684 593 
54688 495 
54689 198 
54761 182 
54832 598 
54909 112 
54944 122 
54952 84 
54967 390 
54994 558 
55011 109 
55018 309 
55024 223 
55064 343 
55131 108 
55150 54 
55163 80 
55249 194 
55269 288 
55273 224 
55278 207 
55300 177 
55366 612 
55424 542 
55430 331 
55450 250 
55458 1193 
55460 275 
55464 265 
55465 234 
55468 121 
55475 44 
55478 216 
55481 139 
55494 141 
55496 116 
55498 76 
55498 360 
55502 368 
55502 89 
55502 119 
55504 116 
55504 891 
55507 651 
55508 77 
55519 343 
55519 346 
55521 169 
55581 624 
55586 301 
55589 338 
55592 474 
55597 141 
55598 121 
55605 312 
55609 86 
55612 388 
55614 414 
55616 360 
55618 199 
55628 146 
55629 441 
55632 158 
55655 1472 
55655 403 
55659 521 
55676 93 
55679 69 
55681 352 
55683 270 
55685 273 
55702 439 
55702 348 
55705 275 
55708 60 
55756 442 
55759 138 
55761 575 
55767 364 
55768 435 
55768 196 
55770 816 
55773 264 
55774 343 
55775 85 
55776 58 
55799 463 
55799 123 
55800 349 
55800 222 
55806 121 
55808 286 
55820 135 
55823 138 
55826 259 
55830 587 
55836 116 
55843 162 
55844 324 
55854 167 
55863 197 
55865 529 
55923 222 
55927 290 
55946 668 
55952 379 
55958 344 
55960 355 
55967 399 
55967 132 
56002 77 
56013 175 
56014 241 
56040 155 
56122 67 
56124 90 
56152 223 
56156 143 
56207 46 
56225 443 
56303 268 
56351 502 
56363 117 
56367 113 
56404 103 
56417 230 
56496 265 
56507 155 
56519 491 
56542 239 
56593 500 
56601 5163 
56603 100 
56613 666 
56714 242 
56728 143 
56732 127 
56799 33 
56920 243 
56955 158 
56996 67 
57076 416 
57077 204 
57080 85 
57106 178 
57119 255 
57213 83 
57297 49 
57330 195 
57373 162 
57430 296 
57434 236 
57476 673 
57497 128 
57566 144 
57567 272 
57568 225 
57585 229 
57592 233 
57604 181 
57614 213 
57661 2546 
57670 322 
57672 593 
57675 74 
57692 1426 
57814 309 
57814 692 
57819 346 
57825 278 
57841 581 
57848 106 
57864 349 
57868 531 
57893 1919 
58064 524 
58069 128 
58079 841 
58103 393 
58139 125 
58148 226 
58173 520 
58173 450 
58174 124 
58184 371 
58196 491 
58212 645 
58217 216 
58222 229 
58230 2766 
58231 505 
58240 848 
58241 139 
58242 314 
58243 120 
58243 577 
58244 594 
58247 530 
58251 603 
58252 741 
58255 396 
58258 335 
58268 151 
58350 168 
58353 290 
58355 128 
58365 85 
58381 427 
58402 215 
58405 436 
58425 164 
58429 713 
58432 447 
58447 95 
58457 359 
58458 64 
58471 555 
58471 158 
58480 415 
58489 722 
58493 310 
58498 792 
58508 168 
58520 273 
58530 321 
58547 386 
58549 651 
58566 71 
58627 72 
58628 345 
58636 142 
58639 97 
58652 448 
58657 251 
58670 267 
58681 80 
58694 776 
58702 231 
58724 203 
58742 35 
58747 63 
58753 403 
58754 28 
58773 587 
58792 78 
58797 366 
58834 193 
58836 80 
58989 2152 
58989 220 
59003 156 
59013 874 
59034 421 
59041 69 
59052 256 
59076 177 
59096 203 
59129 240 
59134 471 
59144 110 
59144 243 
59187 293 
59187 399 
59191 367 
59296 371 
59296 21 
59298 320 
59307 375 
59317 129 
59325 975 
59336 387 
59339 97 
59345 255 
59351 291 
59357 432 
59359 162 
59362 1192 
59363 1229 
59367 184 
59376 153 
59387 222 
59397 187 
59404 234 
59410 1102 
59415 48 
59416 98 
59420 145 
59428 62 
59449 92 
59452 355 
59459 315 
59469 328 
59473 600 
59476 271 
59478 201 
59565 46 
59574 883 
59579 27 
59592 1018 
59599 1225 
59617 48 
59623 179 
59626 306 
59630 59 
59637 484 
59643 36 
59665 357 
59676 190 
59711 140 
59738 93 
59762 304 
59776 50 
59780 179 
59860 185 
59869 510 
59908 197 
59912 82 
59956 343 
59967 194 
60011 10690 
60063 267 
60122 803 
60128 837 
60130 55 
60140 106 
60224 98 
60230 1337 
60243 143 
60266 406 
60286 109 
60310 76 
60320 2683 
60355 280 
60389 137 
60409 107 
60423 342 
60521 181 
60542 95 
60546 396 
60576 551 
60598 205 
60610 670 
60614 290 
60710 174 
60749 87 
60912 336 
60932 171 
60933 97 
60944 55 
61015 133 
61028 198 
61040 781 
61055 241 
61063 199 
61070 408 
61082 97 
61245 30 
61259 486 
61277 208 
61358 143 
61367 76 
61373 89 
61511 193 
61524 536 
61532 334 
61538 452 
61569 163 
61571 47 
61591 79 
61635 19 
62130 144 
62209 267 
62248 76 
62517 435 
62578 32 
62664 76 
62710 271 
62728 323 
62753 177 
62881 160 
62924 85 
62966 124 
63004 99 
63045 354 
63079 50 
63122 33 
63160 1230 
63165 231 
63242 383 
63296 196 
63438 101 
63441 113 
63524 116 
63607 452 
63687 153 
63729 96 
63853 113 
63856 640 
63876 44 
63894 1254 
63970 110539 
64033 211 
64034 92 
64039 116 
64042 465 
64043 1028 
64048 552 
64050 355 
64058 72 
64063 177 
64094 431 
64111 270 
64113 523 
64120 58 
64126 138 
64127 90 
64131 403 
64133 134 
64141 177 
64165 564 
64189 226 
64220 897 
64221 595 
64233 507 
64309 260 
64314 2209 
64326 716 
64327 233 
64335 331 
64340 2140 
64344 438 
64351 146 
64371 239 
64382 167 
64395 194 
64405 2392 
64412 268 
64419 283 
64420 822 
64426 171 
64439 255 
64439 649 
64439 232 
64442 885 
64514 345 
64895 173948 
64944 243 
64944 100 
64950 72 
64953 86 
64955 92 
64955 459 
64957 422 
64958 572 
64958 23 
64965 321 
64968 1060 
64971 252 
64975 244 
64988 693 
64993 937 
64996 185 
64998 144 
65002 237 
65003 1710 
65007 283 
65007 195 
65012 170 
65014 444 
65022 641 
65023 373 
65030 291 
65033 237 
65113 176 
65117 519 
65121 73 
65128 574 
65133 661 
65135 90 
65137 69 
65147 125 
65150 670 
65159 205 
65164 124 
65168 222 
65169 126 
65179 746 
65187 442 
65188 116 
65190 119 
65193 154 
65194 476 
65196 94 
65196 884 
65197 31 
65207 711 
65208 185 
65209 487 
65214 63 
65220 461 
65220 68 
65232 991 
65233 531 
65236 570 
65250 174 
65252 120 
65264 566 
65268 173 
65271 285 
65273 76 
65274 174 
65276 139 
65280 690 
65281 727 
65284 237 
65293 336 
65297 202 
65297 481 
65306 108 
65314 119 
65325 735 
65342 95 
65348 331 
65350 665 
65354 2152 
65438 358 
65441 366 
65441 71 
65453 257 
65458 56 
65462 337 
65497 128 
65508 209 
65548 5482 
65607 843 
65623 256 
65643 165 
65653 45 
65725 610 
65729 322 
65734 141 
65767 610 
65767 772 
65776 114 
65807 110 
65824 247 
65828 209 
65841 1220 
65902 158 
65991 248 
66009 89 
66011 434 
66013 348 
66022 730 
66037 124 
66043 245 
66080 141 
66092 66 
66101 617 
66130 141 
66144 73 
66196 237 
66216 205 
66221 177 
66329 232 
66340 907 
66385 350 
66427 370 
66452 146 
66464 61 
66466 202 
66491 119 
66497 228 
66526 209 
66535 664 
66597 549 
66618 156 
66628 718 
66632 318 
66662 267 
66664 233 
66677 854 
66712 623 
66741 448 
66745 441 
66746 69 
66762 161 
66767 86 
66771 109 
66777 55 
66788 26 
66836 105 
66999 135 
67001 469 
67097 107 
67104 105 
67132 229 
67226 87 
67240 1072 
67269 231 
67275 178 
67347 68 
67363 117 
67418 57 
67525 395 
67591 139 
67598 118 
67608 157 
67632 134 
67648 215 
67668 181113 
67757 562 
67762 169 
67763 151 
67763 41 
67773 1219 
67775 284 
67778 543 
67778 234 
67782 713 
67783 37 
67784 340 
67787 540 
67788 320 
67791 632 
67793 415 
67798 402 
67803 103 
67805 149 
67805 564 
67807 101 
67818 94 
67832 142 
67839 342 
67863 282 
67869 204 
67914 161 
67914 325 
67916 347 
67944 285 
68013 273 
68053 399 
68075 351 
68082 404 
68083 185 
68097 211 
68098 75 
68125 290 
68125 165 
68134 1424 
68154 98 
68163 207 
68167 292 
68175 100 
68237 432 
68333 67 
68340 155 
68351 165 
68352 207 
68363 142 
68413 317 
68417 556 
68428 240 
68440 244 
68525 70 
68814 298 
68825 73 
68831 377 
69025 115 
69052 83 
69052 86 
69053 2047 
69070 655 
69096 176 
69097 423 
69148 64 
69151 293 
69218 130 
69381 69 
69423 222 
69527 3 
69532 355 
69551 425 
69555 766 
69583 44 
69587 1146 
69589 156 
69600 112 
69675 590 
69721 76 
69744 235 
69752 718 
69854 87 
69917 646 
69983 166 
70003 150 
70007 126 
70019 1177 
70057 572 
70142 606 
70169 187 
70177 643 
70199 398 
70233 253 
70242 133 
70250 350 
70262 213 
70266 51 
70302 372 
70337 619 
70353 509 
70378 230 
70466 702 
70475 171 
70487 822 
70508 550 
70516 430 
70577 326 
70609 157 
70630 449 
70678 169 
70737 643 
70745 91 
70764 218 
70774 406 
70826 106 
70899 165 
70969 2009 
71057 101 
71076 169 
71114 386 
71117 724 
71134 108 
71192 69 
71202 486 
71212 97 
71242 43 
71443 73 
71458 1216 
71467 93 
71475 421 
71514 208 
71591 15 
71611 181 
71640 155875 
71651 125 
71673 150 
71678 203 
71685 155 
71687 354 
71688 62 
71690 106 
71690 190 
71692 814 
71699 322 
71702 154 
71703 286 
71710 86 
71712 972 
71728 644 
71730 193 
71731 293 
71733 35 
71734 372 
71737 268 
71745 197 
71752 14 
71754 25 
71754 605 
71761 116 
71764 103 
71775 853 
71781 45 
71782 104 
71802 1487 
71811 108 
71819 113 
71888 78 
71891 310 
71893 82 
71895 191 
71898 242 
71899 1584 
71901 168 
71901 720 
71909 635 
71910 6113 
71912 145 
71913 440 
71916 1096 
71918 329 
71918 46 
71922 141 
71922 96 
71922 129 
71924 967 
71932 194 
71935 407 
71940 190 
71941 341 
71945 840 
71948 212 
71949 79 
71957 77 
71961 123 
71962 48 
71963 108 
71964 169 
71968 162 
71970 131 
71972 2009 
71984 668 
71988 126 
71992 122 
71993 494 
72000 850 
72007 378 
72013 91 
72015 183 
72082 241 
72083 474 
72088 335 
72089 1164 
72093 548 
72097 217 
72099 100 
72104 65 
72114 363 
72118 811 
72121 39 
72126 184 
72128 359 
72140 466 
72143 882 
72144 69 
72145 375 
72146 285 
72147 176 
72150 321 
72152 547 
72166 134 
72166 73 
72171 573 
72182 271 
72182 43 
72189 84 
72190 101 
72215 290 
72220 234 
72226 183 
72230 417 
72232 97 
72242 90 
72243 251 
72245 227 
72247 325 
72252 1957 
72277 532 
72283 122 
72284 117 
72287 580 
72291 310 
72295 1168 
72298 350 
72298 559 
72300 397 
72304 86 
72306 126 
72365 1626 
72365 364 
72366 67 
72371 5 
72387 74 
72391 87145 
72405 537 
72410 148 
72412 103 
72419 252 
72421 250 
72422 202 
72423 576 
72424 234 
72431 129 
72431 127 
72441 372 
72443 158 
72451 236 
72454 444 
72456 317 
72456 239 
72461 1065 
72472 84 
72478 75 
72486 155 
72487 142 
72489 185 
72491 110 
72498 503 
72503 710 
72509 80 
72512 236 
72513 96 
72541 309 
72544 567 
72547 141 
72554 241 
72558 463 
72564 226 
72566 257 
72567 95 
72573 373 
72581 589 
72582 121 
72591 139 
72592 120 
72601 268 
72611 673 
72616 106 
72616 163 
72620 188 
72629 194 
72649 242 
72652 497 
72652 713 
72654 166 
72655 17 
72657 49 
72682 105 
72686 371 
72690 28 
72714 51 
72749 1007 
72754 112 
72760 156 
72773 32 
72806 248 
72815 440 
72826 48 
72834 503 
72853 233 
72860 503 
72866 524 
72947 957 
72955 61 
72969 168 
72981 68 
72997 499 
73004 44 
73016 32 
73052 97 
73059 268 
73069 50 
73110 381 
73118 68 
73150 8 
73158 87 
73163 121 
73169 322 
73183 551 
73185 141 
73200 230 
73203 85 
73205 203 
73210 219 
73218 496 
73234 21 
73240 260 
73254 203 
73273 92 
73312 354 
73326 36 
73361 332 
73410 301 
73429 12 
73469 117 
73478 20833 
73482 362 
73484 113 
73491 156 
73503 188 
73512 47 
73518 113 
73533 250 
73534 193 
73542 212 
73550 45 
73553 24425 
73553 176 
73579 400 
73656 77 
73657 463 
73669 1066 
73671 237 
73683 479 
73687 361 
73690 161 
73696 550 
73697 3597 
73705 627 
73706 81 
73720 257 
73729 710 
73740 529 
73749 113 
73752 134 
73755 10244 
73760 463 
73764 1374 
73765 177 
73771 110 
73775 52 
73775 769 
73777 156 
73784 159 
73793 606 
73795 477 
73809 176 
73819 688 
73819 267 
73820 271 
73827 278 
73832 183 
73852 255 
73870 1637 
73879 159 
73894 47 
73897 365 
73937 589 
73941 124 
73959 220 
73966 137 
73970 47 
73970 388 
73971 395 
73978 1143 
73979 678 
73985 426 
73993 110 
74032 3477 
74039 392 
74066 163 
74073 1050 
74099 1041 
74102 534 
74110 348 
74110 442 
74143 628 
74167 396 
74180 8 
74184 242 
74194 166 
74209 65 
74233 142 
74242 90 
74249 365 
74262 532 
74325 838 
74349 809 
74373 134 
74397 79 
74409 41 
74418 184 
74429 202 
74461 280 
74480 663 
74481 262 
74534 141 
74547 64 
74641 287 
74650 517 
74656 254 
74665 242 
74689 100 
74708 186 
74731 141 
74765 2042 
74798 126 
74806 74 
74811 402 
74844 52 
74854 115 
74863 116 
74886 233 
74947 183 
74968 291 
74991 136 
75003 110 
75014 252 
75026 121 
75059 1063 
75076 492 
75080 80 
75085 40 
75093 298 
75114 569 
75122 92 
75146 205 
75155 756 
75179 305 
75186 226 
75267 432 
75287 411 
75296 310 
75330 207 
75384 578 
75388 940 
75389 83 
75438 292 
75628 101 
75634 709 
75701 238 
75706 328 
75720 912 
75729 1250 
75757 224 
75779 65 
75785 677 
75794 199 
75812 544 
75824 406 
75830 666 
75842 929 
75848 55 
75891 156 
75950 60 
75968 98 
75977 199 
76009 177 
76012 156 
76054 95 
76054 115 
76215 44 
76227 644 
76264 169 
76277 144 
76278 64 
76387 250 
76401 455 
76500 405 
76510 175 
76512 125 
76524 122 
76578 531 
76594 68 
76608 103 
76637 69 
76666 332 
76683 86 
76695 480 
76698 1174 
76783 1235 
76809 253 
76836 43 
76859 1077 
76862 422 
76896 121 
76908 498 
76920 944 
76923 1477 
76933 1256 
76943 609 
76947 89 
76966 474 
76984 204 
77002 188 
77019 567 
77055 195 
77095 192 
77099 533 
77104 685 
77120 214 
77130 101 
77139 377 
77147 121 
77184 340 
77190 306 
77288 183 
77307 712 
77326 526 
77328 768 
77332 770 
77353 313 
77359 331 
77361 328 
77367 104 
77369 120 
77369 1088 
77373 569 
77375 301 
77381 73 
77393 445 
77394 229 
77402 199 
77403 287 
77405 669 
77416 1185 
77418 379 
77422 20 
77424 79 
77427 215 
77429 696 
77433 287 
77440 115 
77441 304 
77455 160 
77460 180 
77466 335 
77468 682 
77471 491 
77471 269 
77472 807 
77478 526 
77479 1164 
77486 139 
77572 255 
77573 485 
77580 50 
77585 394 
77586 212 
77587 481 
77593 512 
77602 703 
77604 222 
77612 384 
77616 426 
77620 125 
77627 242 
77629 276 
77636 229 
77643 320 
77651 1442 
77672 861 
77685 115 
77698 478 
77698 398 
77704 437 
77705 151 
77708 175 
77712 606 
77797 183 
77813 149 
77827 428 
77845 94 
77859 69 
77863 294 
77868 1288 
77871 239 
77894 96 
77894 425 
77909 447 
77911 313 
77911 95 
77916 913 
77922 285 
77924 96 
77928 142 
77929 130 
77943 96 
77948 276 
78033 369 
78073 211 
78089 163 
78091 211 
78123 649 
78128 166 
78178 606 
78208 75 
78213 124 
78217 563 
78229 74 
78240 3298 
78244 181 
78331 608 
78349 173 
78361 24 
78378 292 
78381 225 
78431 311 
78456 446 
78467 183 
78471 58 
78539 248 
78543 296 
78560 148 
78564 105 
78565 189 
78637 124 
78684 372 
78760 134 
78770 426 
78777 56 
78791 119 
78791 302 
78889 127 
79046 744 
79071 433 
79111 411 
79124 105 
79235 248 
79249 106 
79273 60 
79377 250 
79387 140 
79548 35 
79553 871 
79580 47 
79644 192 
79664 220 
79798 171 
79838 140 
79849 192 
79859 74 
80013 39 
80058 78 
80064 224 
80158 298 
80268 214 
80433 564 
80446 409 
80449 2316 
80456 588 
80567 268 
80568 1467 
80578 148 
80583 382 
80629 74 
80629 74 
80654 164 
80661 356 
80698 207 
80733 57 
80766 99 
80809 271 
80923 203 
80946 131 
81013 160 
81030 93 
81060 260 
81101 236 
81328 17 
81409 504 
81457 148 
81556 182 
81710 119 
81728 132 
81924 165 
82090 146 
82171 124 
82298 253 
82310 159 
82385 56 
82469 79 
82566 41 
82585 277 
82634 20 
82657 66 
82674 548 
82770 199 
82773 102 
82793 60 
82831 65 
83016 64 
83042 268 
83069 79 
83135 82 
83145 28 
83210 367 
83220 277 
83227 2783 
83250 59 
83365 384 
83374 111 
83618 159 
83619 167 
83717 1971 
83735 114 
83745 556 
83767 175 
83807 135 
83899 1291 
83907 1054 
83920 580 
84013 1846 
84153 676 
84158 56 
84192 140 
84209 267 
84213 419 
84272 137 
84386 193 
84404 51 
84459 135 
84461 40 
84574 358 
84622 658 
84661 173 
84661 150 
84662 368 
84668 16 
84769 72 
84973 83 
85251 25 
85433 195 
85820 187 
85955 308 
86055 134 
86058 983 
86088 78 
86387 118 
86558 42 
86651 80 
86678 349 
86917 144 
87324 17 
87376 190 
87440 91 
87621 46 
87630 104 
87642 337 
87644 240 
87733 169 
87842 238 
87991 159 
88045 25 
88222 20 
88353 33 
88442 434 
88579 577 
89059 13 
89751 323 
89837 109 
89967 30 
90074 254 
90198 259 
90213 190 
90383 108 
90829 287 
91309 177 
91446 84 
92570 13 
92676 177 
94139 139 
94971 22 
96095 267 
97335 445 
97911 137 
98892 396 
98947 92 
102872 176 
106347 130 
106694 174 
107934 533 
108567 224 
109039 118 
109167 194 
109268 3 
109366 335 
109830 452 
109915 86 
109976 243 
114207 43 
114906 384 
115193 190 
116371 136 
118540 239 
119554 210 
119806 167 
120135 181333 
120188 272 
120194 1271 
120197 551 
120198 171 
120202 760 
120202 177 
120208 1410 
120208 206 
120233 368 
120233 177 
120248 222 
120263 266 
120273 171 
120310 172 
120325 735 
120327 135 
120328 354 
120363 74 
120370 41 
120387 74 
120391 909 
120403 53 
120408 655 
120446 318 
120452 76 
120473 101 
120516 524 
120519 549 
120520 220 
120540 156 
120545 117 
120632 503 
120647 232 
120652 265 
120669 1706 
120701 345 
120724 83 
120727 3989 
120728 453 
120736 472 
120761 105 
120825 187 
120859 65 
120985 795 
121054 160 
121062 240 
121237 87487 
121314 301 
121321 92 
121391 168 
121398 881 
121423 147 
121427 31 
121447 1224 
121460 405 
121599 965 
121617 359 
121657 162 
121849 86 
121858 110 
121864 87 
121958 207 
122334 178 
122377 119 
122470 274 
122512 290 
122622 14 
122758 225 
122947 143 
122988 71 
123335 110494 
123361 61 
123466 1169 
123471 742 
123488 2042 
123554 421 
123564 1123 
123576 76 
123590 38 
123695 625 
123706 421 
123716 458 
123741 661 
123750 49 
123752 477 
123821 102 
123843 293 
123846 426 
123874 115 
123962 436 
123991 51 
124144 163 
124260 50 
124296 488 
124393 222 
124484 156180 
124511 231 
124528 167 
124544 165 
124549 230 
124611 320 
124612 206 
124620 435 
124624 21 
124627 148 
124645 161 
124653 27 
124660 746 
124674 114 
124744 201 
124763 62 
124772 157 
124772 270 
124811 688 
124876 881 
124880 185 
124897 943 
124908 134 
124909 70 
124943 478 
124956 280 
124962 43 
125026 626 
125036 63 
125043 163 
125049 178 
125095 45 
125182 438 
125207 83 
125245 149 
125647 119 
125761 556 
125799 775 
125805 184 
125864 239 
126046 372 
126058 356 
126126 30 
126128 279 
126195 52 
126201 58 
126208 1909 
126276 213 
126446 563 
126483 119 
126773 258 
126910 1305 
127112 725 
127149 422 
127264 311 
127331 178 
127398 0 
127402 133 
127415 243 
127572 203 
127599 378 
127895 188 
128129 543 
128295 1001 
128598 704 
128607 106 
128918 55 
129070 319 
129127 294 
129175 99 
129195 290 
129404 21 
129567 255 
129728 71 
129963 191 
130048 630 
130073 476 
130095 145 
130981 106 
131853 210 
132077 56 
132186 162 
132268 239 
132487 514 
132509 196 
133017 117 
133174 242 
133311 40 
133359 222 
133374 85 
133514 119 
133663 302 
133702 67 
133712 101 
133720 306 
133733 5 
133736 604 
133738 302 
133742 252 
133746 221 
133755 94 
133758 208 
133776 98 
133786 878 
133798 689 
133804 642 
133808 282 
133832 328 
133836 50 
133839 104 
133860 608 
133861 250 
133871 220 
133875 452 
133881 132 
133884 249 
133888 751 
133925 243 
133928 326 
134018 488 
134177 222 
134199 252 
134206 83 
134285 74 
134304 103 
134313 625 
134326 717 
134461 62634 
134513 208 
134515 439 
134525 2079 
134529 27 
134533 521 
134540 88 
134541 138 
134545 384 
134546 360 
134546 437 
134557 473 
134571 139 
134591 540 
134597 92 
134602 320 
134609 126 
134614 146 
134618 1516 
134631 335 
134641 1006 
134644 488 
134665 1004 
134678 635 
134697 223 
134702 156 
134707 2031 
134723 56 
134850 686 
134870 569 
134878 573 
134908 1005 
134920 444 
134921 686 
134928 225 
134952 247 
135005 447 
135044 141 
135077 169 
135131 1561 
135164 92 
135195 1565 
135233 188 
135333 601 
135364 1467 
135422 816 
135554 352 
135654 109 
135662 348 
135674 68 
135698 425 
135713 817 
135719 370 
135777 287 
136035 42 
136066 301 
136081 155 
136205 141 
136208 327 
136404 170 
136434 119 
136747 128 
136827 218 
137613 64 
137619 151 
137724 120 
138231 179 
138274 29 
138308 398 
138510 366 
138683 128 
138751 94 
138810 220 
139266 78 
139385 47 
139650 433 
139652 58 
139670 205 
139689 96 
139691 79 
139720 597 
139743 171 
139766 286 
139784 278 
139794 504 
139829 464 
139832 54 
139895 3256 
139897 86 
139950 1400 
139955 208 
140007 125 
140121 481 
140129 179 
140226 503 
140355 605 
140368 412 
140372 50 
140394 92 
140498 509 
140722 311 
140824 394 
140914 118 
141041 105 
141046 189 
141137 64 
141184 321 
141803 46 
141889 354 
141903 54 
141910 56 
142135 123 
142139 557 
142560 20 
142608 1079 
142652 99 
142689 320 
142825 19 
142902 310 
142903 167 
144085 64 
144147 650 
144191 717 
144226 236 
144384 72 
144409 93 
144682 72 
144741 14 
144956 109 
145023 76 
145167 142 
146727 64 
146774 87 
147436 56 
147596 244 
147624 96 
147626 319 
147646 309 
147654 178 
147658 75 
147706 77 
147713 38 
147802 419 
147803 107 
147806 137 
147831 314 
147874 124 
147911 146 
147952 109 
147961 30 
148136 44 
148138 976 
148142 80 
148146 186 
148156 88 
148217 75 
148263 95 
148263 152 
148401 623 
148414 110 
148449 1319 
148499 347 
148502 53 
148591 214 
148619 155 
148628 39 
148630 865 
148646 290 
148715 113 
148721 103 
148733 81 
148866 261 
148975 89 
149199 106 
149204 22 
149382 169 
149430 448 
149442 36 
149912 54 
149915 154 
149932 80 
149939 67 
149944 616 
149954 50 
149979 44 
149987 76 
149991 299 
150003 769 
150050 129 
150070 34 
150073 239 
150097 98 
150172 270 
150183 331 
150186 163 
150190 120 
150208 29 
150231 422 
150253 50 
150281 365 
150290 756 
150297 146 
150355 101 
150361 208 
150514 229 
150526 47 
150538 106 
150714 169 
150736 50 
151324 198 
151596 1088 
151658 333 
151838 1373 
151867 310 
151884 309 
152038 21 
152070 363 
152075 107 
152094 43 
152095 88 
152096 603 
152110 133 
152110 174 
152115 401 
152136 324 
152156 593 
152161 155 
152181 764 
152182 445 
152268 215 
152291 176 
152294 14 
152338 34 
152348 20 
152365 160 
152393 211 
152395 403 
152404 596 
152495 356 
152497 315 
152516 44 
152574 130 
152595 247 
152623 467 
152625 247 
152710 415 
152710 313 
152711 268 
152732 98 
152897 210 
152918 215 
152924 300 
152932 63 
152936 93 
152955 1313 
153030 706 
153124 278 
153135 86 
153154 709 
153169 233 
153173 77 
153212 372 
153215 218 
153227 338 
153343 285 
153371 407 
153424 163 
153431 259 
153591 430 
153607 125037 
153635 87 
153660 884 
153723 107 
153725 1554 
153726 1485 
153726 648 
153739 1243 
153739 254 
153752 52 
153752 770 
153755 631 
153774 1121 
153782 246 
153783 22 
153784 1576 
153786 322 
153800 42 
153802 203 
153802 728 
153816 239 
153831 125 
153834 1607 
153847 253 
153849 1230 
153933 33 
153939 105 
153942 395 
153955 407 
153961 26 
153982 99 
154005 119 
154007 113 
154008 49 
154010 510 
154014 77 
154036 40 
154041 271 
154048 157 
154051 443 
154052 91 
154055 53 
154130 496 
154134 1367 
154136 890 
154140 209 
154144 185 
154172 551 
154180 126 
154192 212 
154210 234 
154223 517 
154226 1024 
154231 87 
154235 55 
154235 607 
154244 123 
154252 216 
154252 103 
154339 71 
154342 33 
154400 19 
154403 174 
154419 239 
154436 71 
154438 112 
154505 176 
154514 354 
154535 73 
154548 81 
154557 190 
154581 248 
154625 113 
154744 106 
154780 135 
154790 43 
155057 102 
155114 1030 
155127 548 
155191 339 
155219 1134 
155223 467 
155225 463 
155238 166 
155241 254 
155256 68 
155256 484 
155262 251 
155262 87 
155269 67 
155282 272 
155284 119 
155291 282 
155292 35 
155379 859 
155388 145 
155391 106 
155398 258 
155406 376 
155422 420 
155423 201 
155426 336 
155455 668 
155482 83 
155548 177 
155554 36 
155601 259 
155606 24 
155606 420 
155607 30 
155612 66 
155630 320 
155644 374 
155653 580 
155654 454 
155654 574 
155657 665 
155675 287 
155678 185 
155688 3961 
155769 125 
155778 266 
155796 589 
155797 427 
155816 163 
155828 295 
155842 25 
155843 789 
155846 111 
155847 254 
155858 642 
155864 657 
155865 110 
155872 1069 
156029 60 
156029 446 
156037 3103 
156064 303 
156071 702 
156135 132 
156140 127 
156147 215 
156148 57 
156152 236 
156156 3081 
156156 649 
156159 64 
156166 141 
156176 267 
156187 630 
156189 369 
156189 1307 
156190 209 
156195 97 
156204 734 
156212 499 
156225 168 
156229 167 
156231 316 
156240 392 
156244 305 
156245 143062 
156255 105 
156256 300 
156256 144 
156262 143 
156273 83 
156279 236 
156357 1179 
156369 156 
156370 141 
156376 401 
156378 0 
156378 30 
156379 272 
156381 86 
156385 71 
156415 288 
156444 805 
156457 493 
156459 1683 
156462 448 
156465 249 
156466 1007 
156480 1282 
156486 205 
156490 358 
156490 34 
156570 52 
156588 149 
156598 555 
156626 61 
156628 140 
156643 265 
156649 174 
156649 72 
156667 1224 
156671 549 
156748 224 
156764 210 
156783 769 
156785 106 
156807 381 
156809 278 
156820 240 
156888 51 
156900 940 
157036 203 
157196 303 
157227 159 
157236 334 
157242 75 
157303 408 
157369 157 
157398 368 
157418 820 
157499 105 
157500 206 
157574 192 
157785 143 
157785 143 
157999 414 
158004 111 
158047 240 
158121 69 
158182 257 
158313 591 
158323 169 
158366 74 
158479 55 
158734 272 
158854 32 
159106 65 
159125 79 
159203 396 
159284 94 
159295 141 
159500 100 
159504 259 
159831 110726 
159834 59 
159843 338 
159946 128 
159962 112 
159978 1580 
159984 28 
159988 125 
159996 244 
160003 823 
160013 301 
160014 266 
160015 402 
160017 276 
160021 25 
160026 76 
160027 1090 
160051 518 
160113 1839 
160119 61 
160156 328 
160181 558 
160181 357 
160190 559 
160198 785 
160205 361 
160210 181 
160216 207 
160224 445 
160360 505 
160363 199 
160441 434 
160469 961 
160716 129 
160805 467 
160824 187 
160848 2894 
160969 1155 
161002 95 
161006 431 
161400 135 
161516 102 
161590 26 
161724 587 
161732 161 
161892 1348 
162054 332 
162069 310 
162093 253 
162178 389 
162230 1291 
162340 37 
162498 536 
162503 351 
162759 28 
162760 64 
162891 173 
162974 1452 
163032 270 
163047 201 
163048 229 
163055 86 
163075 227 
163091 559 
163109 1009 
163110 77 
163120 834 
163207 136 
163215 157 
163222 1735 
163227 315 
163240 84 
163268 40 
163275 313 
163285 180 
163291 250 
163345 205 
163400 3762 
163413 24 
163419 89 
163448 171 
163449 95 
163450 98 
163652 268 
163655 238 
163672 295 
163696 229 
163698 126 
163772 311 
163858 154 
163870 292 
163953 581 
164124 958 
164127 121 
164152 222 
164179 124 
164681 640 
164741 1117 
164839 49 
164872 242 
164907 79 
164928 172 
165099 313 
165231 8 
165297 714 
165663 270 
165764 173 
165842 115 
166060 73 
166325 380 
166392 243 
166412 136 
167007 35 
167387 70 
167458 260 
167479 74 
167704 111425 
167721 162 
167732 174 
167734 194 
167751 231 
167753 195 
167763 467 
167768 490 
167778 977 
167789 204 
167792 208 
167868 291 
167871 1278 
167874 2022 
167877 548 
167879 164 
167885 115 
167886 538 
167891 184 
167899 917 
167909 242 
167918 404 
167924 254 
167933 118 
167944 197 
167980 786 
167983 112 
168001 550 
168008 121 
168011 406 
168012 357 
168047 213 
168049 266 
168063 212 
168076 465 
168081 351 
168156 153 
168169 159 
168172 287 
168173 410 
168236 72 
168237 117 
168266 96 
168267 280 
168274 220 
168287 68 
168319 110734 
168362 350 
168434 346 
168446 75 
168446 483 
168450 506 
168451 208 
168469 104 
168471 468 
168476 211 
168483 372 
168488 72 
168496 122 
168508 52 
168517 334 
168522 211 
168533 504 
168535 383 
168536 1544 
168542 166 
168552 132 
168561 384 
168565 582 
168566 161 
168576 217 
168622 502 
168638 708 
168719 660 
168724 127 
168728 561 
168746 339 
168772 242 
168803 271 
168811 92 
168822 159 
168829 414 
168830 127 
168834 179 
168837 166 
168848 204 
168859 271 
168883 310 
168898 905 
168939 314 
168947 423 
169028 68 
169050 265 
169051 55 
169176 272 
169340 63 
169348 234 
169413 111500 
169426 176 
169512 289 
169526 590 
169571 792 
169678 128 
170302 341 
170746 56 
171309 104 
171414 66 
171657 173 
171683 1317 
172018 233 
172463 492 
172516 122 
172696 118 
172840 49 
172943 122 
173220 167 
173489 37 
173862 387 
173868 346 
173888 24113 
173892 255 
173909 145 
173918 140 
173920 1764 
173928 93 
173930 308 
173937 117 
173941 302 
173944 182 
173950 75 
173954 453 
173954 52 
173964 74 
173965 142 
173971 303 
173971 248 
173974 1112 
173999 177 
174013 588 
174015 204 
174019 248 
174020 30 
174035 385 
174050 120 
174051 36 
174080 194 
174087 418 
174092 288 
174107 202 
174115 322 
174136 1018 
174149 455 
174149 19 
174178 29 
174185 231 
174254 83 
174255 168 
174325 87 
174326 196 
174362 223 
174379 611 
174393 1378 
174407 183 
174410 461 
174418 38 
174482 43 
174571 573 
174571 416 
174583 247 
174657 223 
174721 531 
174754 366 
174783 57 
174840 117 
174841 195 
174892 248 
174939 403 
174982 592 
174996 431 
175011 139 
175181 338 
175252 72 
175268 1200 
175343 140 
175391 93 
175440 452 
175487 458 
175599 444 
175602 234 
175719 102 
175729 119 
175910 352 
177074 171 
177121 94 
177158 66 
177403 324 
178325 122 
178326 190 
178779 207 
180067 36 
180888 28 
180952 728 
181283 905 
182666 39 
182672 170 
183336 176 
183358 559 
183467 439 
183591 683 
184749 74 
184762 38 
184993 109 
185605 53 
186822 0 
189559 295 
190070 673 
191622 295 
192586 135 
195267 52 
200432 106 
201211 409 
201292 456 
202227 76 
202790 244 
203414 268 
204673 325 
206206 349 
207437 125 
207817 111 
209194 107 
209425 2108 
209523 41 
210206 1238 
212878 206 
213555 112 
213705 4128 
213971 154 
214146 110827 
214189 48 
214212 93 
214231 144 
214293 736 
214343 92 
214347 538 
214352 441 
214361 122 
214380 830 
214389 1035 
214466 553 
214489 86 
214493 902 
214520 260 
214520 151 
214535 52 
214690 133 
214694 1089 
214711 149 
214791 335 
214805 299 
214855 473 
214887 844 
215002 201 
215061 232 
215144 526 
215146 458 
215173 197 
215309 156 
215373 303 
215471 778 
215473 212 
215495 511 
215497 186 
215510 523 
215519 157967 
215615 25 
215618 195 
215642 101 
215663 153 
215676 54 
215680 479 
215681 542 
215697 250 
215714 135 
215718 756 
215740 175 
215742 56 
215763 997 
215831 1133 
215843 708 
215847 360 
215849 365 
215851 157 
215853 378 
215917 578 
215923 307 
215930 61 
215999 250 
216058 317 
216069 163 
216081 72 
216086 482 
216154 69 
216163 35 
216188 264 
216196 55 
216201 223 
216213 130 
216221 337 
216230 106 
216231 105 
216255 144 
216272 1057 
216279 13 
216295 45 
216384 896 
216401 127 
216425 45 
216457 54 
216464 189 
216480 496 
216487 618 
216494 384 
216515 86 
216592 572 
216641 101 
216689 196 
216741 209 
216806 171 
216831 44 
216850 366 
216865 129 
216888 51 
216921 8 
217053 88 
217056 361 
217057 148 
217107 82 
217111 117 
217125 14 
217261 575 
217466 154 
217503 1092 
217523 412 
217524 802 
217545 28 
217549 569 
217552 1444 
217675 232 
217724 643 
217842 64 
217852 53 
217929 256 
217933 65 
217980 142 
218020 94 
218210 135 
218258 177 
218262 128 
218325 137 
218326 124 
218629 1400 
218648 257 
218896 292 
218900 85 
219174 99 
219176 61 
219341 182 
219652 469 
219742 128 
219851 648 
220387 443 
220387 253 
220438 287 
220610 143457 
220689 182 
220695 176 
220714 65 
220725 479 
220726 471 
220761 370 
220763 313 
220837 335 
220847 445 
220862 255 
220884 821 
220893 387 
220896 148 
220919 177 
220938 332 
220977 493 
221065 565 
221152 229 
221253 61 
221671 85 
222104 180 
222212 188 
222387 18 
223027 84 
223075 160 
223425 36 
223552 602 
223791 181614 
223834 611 
223867 649 
223873 67 
223873 92 
223875 580 
223885 467 
223893 545 
223921 365 
223928 445 
223930 1608 
223936 606 
223939 438 
223941 815 
223945 143 
223951 80 
223958 244 
223958 122 
223983 139 
224017 226 
224028 140 
224038 387 
224049 73 
224051 858 
224093 131 
224098 601 
224112 121 
224119 0 
224121 758 
224190 315 
224205 201 
224217 625 
224333 31 
224347 267 
224395 375 
224432 210 
224468 150 
224469 382 
224519 279 
224562 220 
224630 1541 
224653 525 
224800 70 
224830 133 
224972 546 
225108 669 
225360 580 
225451 79 
225494 1363 
225569 67 
225695 282 
225862 49 
226011 77023 
226053 1082 
226059 642 
226068 626 
226076 1521 
226082 1385 
226092 422 
226157 1013 
226161 151 
226172 560 
226177 249 
226179 64 
226183 168 
226187 398 
226191 683 
226197 901 
226293 343 
226304 715 
226331 222 
226367 3334 
226370 662 
226378 202 
226381 91 
226390 470 
226393 701 
226394 557 
226405 1193 
226413 685 
226442 957 
226453 238 
226454 863 
226460 656 
226472 156 
226475 437 
226514 313 
226537 789 
226548 280 
226566 2117 
226682 64 
226682 427 
226735 314 
226744 178 
226768 387 
226843 230 
226846 939 
226866 424 
226866 426 
226875 75 
226990 121 
227023 305 
227079 166 
227108 156 
227127 39 
227144 241 
227149 334 
227235 137 
227285 338 
227291 807 
227417 474 
227460 360 
227463 355 
227476 321 
227478 53 
227507 145 
227530 198 
227564 795 
227696 409 
227710 164 
227811 534 
227815 537 
227846 292 
227847 173 
227867 41 
227888 149 
227949 248 
227952 20 
227989 140 
228026 18114 
228068 1029 
228094 116 
228098 89 
228104 1523 
228139 373 
228170 432 
228259 219 
228345 735 
228371 670 
228541 278 
228550 99 
228559 389 
228739 250 
228850 78 
228860 64241 
228880 211 
228886 299 
228888 168 
228903 1352 
228922 1444 
228926 307 
228928 232 
228946 82 
228961 198 
228966 119 
228967 61 
228978 321 
229044 84 
229059 625 
229081 414 
229113 168 
229133 379 
229139 265 
229159 157 
229178 148 
229189 192 
229221 128 
229227 221 
229228 706 
229234 751 
229248 464 
229263 452 
229287 568 
229288 294 
229323 145 
229329 336 
229343 347 
229360 67 
229364 990 
229369 45 
229466 362 
229487 317 
229518 186 
229532 478 
229566 385 
229573 601 
229606 178 
229629 749 
229650 122 
229729 2887 
229733 196 
229738 166 
229776 261 
229802 394 
229997 379 
230095 1406 
230182 1247 
230260 66 
230282 30 
230380 395 
230474 442 
230581 64 
230719 577 
230730 1108 
230763 76 
230812 356 
230835 1205 
230943 540 
230970 142 
231068 930 
231080 84 
231082 150 
231083 616 
231098 548 
231104 161 
231104 203 
231106 257 
231110 130 
231116 728 
231117 127 
231127 100 
231151 297 
231203 903 
231203 528 
231211 211 
231238 1141 
231287 161 
231293 137 
231374 1533 
231397 309 
231435 91 
231466 419 
231492 808 
231501 130 
231534 310 
231545 124 
231556 242 
231560 1113 
231567 103 
231642 62 
231669 434 
231676 403 
231691 373 
231735 457 
231786 104 
232010 73 
232012 376 
232058 255 
232094 570 
232095 348 
232291 804 
232379 154 
232539 49 
232626 14 
232632 296 
232710 231 
232763 352 
232885 397 
232920 810 
232951 624 
232952 56 
233053 1046 
233160 407 
233422 110937 
233497 1059 
233505 489 
233506 310 
233520 176 
233520 248 
233532 683 
233533 748 
233534 288 
233550 854 
233560 156 
233589 420 
233589 187 
233598 706 
233618 711 
233635 805 
233646 52 
233772 514 
233778 532 
233783 216 
233810 349 
233832 541 
233860 117 
233866 1764 
233882 158 
233917 974 
233988 101 
234050 155 
234167 333 
234349 131 
234375 135 
234397 100 
234413 403 
234418 943 
234449 81 
234454 1311 
234473 149 
234476 28 
234477 159 
234537 507 
234548 24 
234585 430 
234622 244 
234627 911 
234634 113 
234640 106 
234650 435 
234657 346 
234673 250 
234674 27 
234692 79 
234841 3245 
234845 836 
234881 52 
234914 338 
234930 135 
234931 366 
234934 93 
234950 33 
234979 75 
235162 1008 
235242 58824 
235272 323 
235293 219 
235436 191 
235475 258 
235488 230 
235490 349 
235523 229 
235555 441 
235592 53 
235612 63 
235712 157 
235758 365 
235829 224 
235950 1398 
235973 2474 
236048 198 
236163 252 
236271 336 
236290 64 
236335 173 
236532 1433 
236582 270 
236600 90 
236828 107 
236895 210 
236979 290 
237043 682 
237069 656 
237087 70 
237110 431 
237213 80 
237279 252 
237326 32 
237330 189 
237429 977 
237441 498 
237467 447 
237469 198 
237534 305 
237616 387 
237650 692 
237666 57 
237694 258 
237870 93 
238079 144 
238150 117 
238165 126 
238183 140 
238305 212 
238306 157 
238329 29 
238601 735 
239046 45 
239260 225303 
239289 350 
239290 294 
239315 92 
239318 1236 
239333 249 
239336 103 
239399 256 
239400 1488 
239400 1977 
239412 204 
239417 84 
239424 570 
239433 3696 
239442 74 
239444 239 
239445 38 
239448 161 
239458 1364 
239459 361 
239469 311 
239471 19 
239474 659 
239475 81 
239476 289 
239489 46 
239490 458 
239500 115 
239514 358 
239540 1407 
239548 653 
239631 100 
239669 453 
239674 1310 
239681 142 
239684 144 
239691 638 
239706 283 
239713 209 
239720 186 
239747 246 
239748 310 
239753 258 
239756 360 
239765 61 
239823 982 
239835 284 
239837 98 
239840 265 
239843 278 
239852 409 
239890 236 
239891 303 
239904 274 
239924 376 
239934 273 
239945 197 
239952 70 
239955 103 
239961 1147 
239963 67 
240029 493 
240031 256 
240044 16 
240045 190 
240078 581 
240090 519 
240102 163 
240157 335 
240157 125 
240262 626 
240333 211 
240469 395 
240486 53 
240565 202 
240565 563 
240737 3 
240757 216 
240840 190 
240881 136 
240931 68 
240939 75 
240946 605 
241044 975 
241302 193 
241385 192 
241400 174 
241423 34 
241620 19 
241879 150 
241955 125 
242172 1148 
242351 93 
242447 240 
242466 2081 
242554 1072 
242564 46 
242624 164 
242776 632 
242791 71 
242791 275 
242939 213 
242962 261 
242973 521 
243112 164 
243704 313 
243713 156 
243755 105 
243951 120 
243980 355 
243980 81 
244131 215 
244369 479 
244886 220 
245193 82 
245263 125015 
245337 104 
245349 413 
245355 776 
245356 85 
245359 1360 
245359 177 
245363 128 
245371 2576 
245386 47 
245390 65 
245410 864 
245411 278 
245418 104 
245420 71 
245424 53 
245429 1554 
245439 269 
245448 71 
245460 204 
245467 1124 
245469 315 
245470 360 
245535 664 
245538 174 
245539 197 
245541 338 
245553 193 
245559 454 
245573 172 
245586 1039 
245587 404 
245606 402 
245607 157 
245616 91 
245622 86 
245626 318 
245640 45 
245651 222 
245655 218 
245740 316 
245751 30 
245779 2149 
245799 146 
245817 293 
245820 132 
245831 810 
245845 963 
245916 48 
245968 1018 
245969 96 
245971 188 
246018 178 
246118 461 
246356 238 
246518 407 
246549 98 
246711 206 
246893 526 
247064 180 
247107 391 
247113 242 
247171 2627 
247179 506 
247191 352 
247200 732 
247205 104 
247227 291 
247247 190 
247249 255 
247257 567 
247258 444 
247265 1285 
247278 207 
247297 501 
247372 116 
247389 340 
247390 258 
247400 572 
247408 61 
247414 427 
247416 476 
247419 208 
247438 950 
247443 50 
247443 131 
247446 297 
247447 625 
247479 520 
247548 308 
247553 516 
247589 541 
247617 14 
247789 513 
247796 164 
247860 81 
247893 104 
247904 213 
247926 205 
247962 515 
248052 113 
248071 192 
248073 127 
248124 247 
248263 308 
248263 934 
248510 104 
248773 814 
248835 238 
248891 190 
248897 311 
249054 285 
249084 244 
249264 270 
249273 106 
249528 394 
249568 268 
249679 27 
249697 172 
249712 775 
249722 75 
249930 437 
250176 65 
250355 319 
250680 92 
250719 318 
251270 542 
251359 616 
252173 105 
253065 797 
253425 99 
253545 124 
253632 119 
253984 162 
254010 142 
254286 32 
254299 181930 
254309 272 
254330 373 
254338 152 
254346 348 
254350 38 
254354 178 
254356 1254 
254361 1810 
254433 788 
254438 251 
254438 683 
254443 57 
254448 465 
254451 405 
254462 164 
254465 685 
254465 1486 
254471 723 
254473 43 
254476 2511 
254482 153 
254491 158 
254493 113 
254497 164 
254502 109 
254504 360 
254509 19 
254512 438 
254512 67 
254522 1179 
254527 466 
254533 750 
254549 134 
254555 267 
254568 109 
254570 28 
254574 927 
254575 441 
254582 1418 
254583 795 
254586 449 
254600 948 
254603 450 
254605 1050 
254608 407 
254619 40 
254625 583 
254627 67 
254638 235 
254640 175 
254646 190 
254646 1252 
254658 213 
254661 209 
254669 242 
254676 429 
254676 215 
254744 68 
254757 361 
254770 113 
254779 481 
254791 568 
254800 227 
254801 553 
254813 152 
254824 285 
254826 724 
254847 46 
254851 634 
254858 335 
254861 226 
254862 202 
254890 82 
254890 460 
254897 128 
254983 237 
255016 23 
255021 241 
255045 70 
255055 114 
255066 386 
255093 83 
255096 162 
255126 1724 
255131 1287 
255143 128 
255179 471 
255272 64 
255276 882 
255278 65 
255297 13 
255299 1087 
255317 188 
255338 234 
255376 163 
255448 859 
255458 27 
255472 257 
255476 206 
255494 421 
255498 1167 
255624 688 
255641 165 
255678 87 
255824 40 
255837 1438 
255849 103 
255877 1127 
255949 118 
255995 33 
256059 1208 
256290 671 
256342 344 
256351 425 
256358 289 
256373 60 
256430 550 
256483 481 
256484 252 
256493 333 
256563 28 
256715 132 
256995 324 
257319 109 
257816 408 
257876 40 
257891 185 
258017 599 
258023 825 
258028 21 
258030 402 
258033 805 
258041 63 
258044 941 
258051 714 
258052 405 
258057 2160 
258082 442 
258103 814 
258103 392 
258183 947 
258196 321 
258218 20 
258236 345 
258239 425 
258249 267 
258272 166 
258286 165 
258295 212 
258466 300 
258522 320 
258545 38 
258580 783 
258692 81 
258720 452 
258772 258 
258875 144 
259365 346 
259516 497 
260140 373 
260647 142 
260857 245 
261024 336 
261339 89 
261601 66 
262559 122 
264627 3 
265047 471 
265099 394 
265103 34 
266235 491 
266434 86 
266728 520 
266896 269 
267129 115 
267633 128 
267858 792 
268468 0 
270083 142 
273786 75 
275002 130 
279486 418 
279706 5 
280005 33 
281130 1138 
282040 512 
284403 815 
285447 295 
285785 121 
289197 86 
292250 110 
292404 99 
293316 138 
296067 78 
297164 644 
297291 29 
298923 110 
299155 122 
300910 94 
301120 599 
301140 668 
301430 325 
302038 126 
302443 174 
302692 250 
303625 181 
303865 53 
305390 164 
307167 21 
307592 137 
309433 2953 
310152 126 
310426 173 
310945 37 
311194 90 
311954 190255 
311976 146 
312025 185 
312028 366 
312031 135 
312042 198 
312065 459 
312069 267 
312077 44 
312083 474 
312102 227 
312144 413 
312153 285 
312167 1013 
312213 224 
312229 160 
312231 453 
312239 73 
312256 125 
312259 137 
312260 734 
312262 559 
312314 288 
312315 409 
312323 262 
312333 155 
312367 171 
312395 61 
312442 187 
312459 635 
312470 258 
312472 57 
312486 206 
312494 199 
312510 1171 
312576 919 
312579 191 
312593 178 
312596 165 
312607 576 
312610 1196 
312616 68 
312616 179 
312619 495 
312619 344 
312624 118 
312629 85 
312630 210 
312639 2040 
312645 1058 
312646 190 
312664 9464 
312679 681 
312725 422 
312730 144 
312742 94 
312748 111069 
312759 944 
312769 314 
312785 438 
312799 109 
312802 90 
312807 238 
312813 334 
312820 541 
312836 239 
312852 858 
312858 776 
312859 671 
312874 48 
312875 52 
312880 1249 
312890 319 
312905 131 
312907 104 
312929 1091 
312933 143 
312935 499 
312945 210 
312952 814 
312958 402 
312959 138 
312963 53 
312968 42 
312976 182 
312977 90 
312983 86 
313020 953 
313044 178 
313048 242 
313077 169 
313086 44 
313100 609 
313138 209 
313143 40 
313164 121 
313168 291 
313174 394 
313189 297 
313196 73 
313198 204 
313200 200 
313203 220 
313209 385 
313218 255 
313230 123 
313234 429 
313241 325 
313243 716 
313253 1137 
313254 407 
313270 9 
313311 122 
313316 254 
313316 650 
313320 62 
313359 308 
313377 697 
313389 124 
313463 87 
313517 360 
313576 155 
313724 410 
313737 138 
313776 263 
313804 622 
313816 90 
313903 60 
313918 189 
313936 222 
314002 199 
314013 89 
314196 105 
314210 327 
314287 255 
314302 316 
314317 126 
314320 191 
314415 136 
314448 142 
314559 297 
314568 182 
314755 202 
314759 222 
314876 144 
314981 418 
314997 296 
315069 323 
315074 239 
315300 60 
315768 179 
316343 79 
316516 81 
317958 144 
318100 44 
318461 193 
318913 406 
319238 374 
319254 77 
320176 1111 
320482 8 
321125 124 
321237 463 
321331 76 
322570 125447 
322710 131 
322712 498 
322714 75494 
322714 327 
322732 91 
322740 494 
322742 131 
322749 428 
322753 1418 
322794 260 
322796 249 
322797 1249 
322814 862 
322833 851 
322833 80 
322833 121 
322837 150 
322841 52 
322841 669 
322844 592 
322844 117 
322847 226 
322861 405 
322867 138 
322880 105 
322884 98 
322887 427 
322890 940 
322905 412 
322924 171 
322925 53 
322937 1288 
322941 367 
322943 103 
322958 326 
322960 792 
322961 244 
322974 288 
322974 635 
322983 79 
322983 15 
322984 394 
322991 372 
323062 53 
323078 80 
323078 330 
323094 163 
323095 234 
323097 434 
323149 43 
323164 216 
323165 44 
323182 962 
323201 432 
323205 58 
323259 65 
323278 329 
323301 120 
323356 403 
323390 833 
323428 307 
323503 44 
323557 771 
323640 141 
323649 451 
323668 115 
323676 29 
323689 289 
323757 113 
323765 707 
323973 331 
324001 223 
324019 343 
324195 558 
325199 147 
325246 18 
325384 232 
325882 376 
326097 289 
326603 40 
328016 151 
328733 142 
328939 561 
329017 46 
329233 68 
330343 120 
330997 152 
331004 95 
331005 406 
331012 231 
331031 547 
331040 150 
331057 352 
331058 48 
331063 555 
331133 72 
331134 388 
331135 553 
331138 105 
331145 540 
331152 135 
331157 207 
331186 43 
331193 1013 
331200 112 
331220 664 
331238 32 
331263 494 
331347 395 
331350 1333 
331401 292 
331404 88 
331405 234 
331491 265 
331510 17 
331528 364 
331531 179 
331533 196 
331618 2047 
331626 68 
331647 783 
331760 2744 
331838 317 
331948 1120 
332000 53 
332034 270 
332207 56 
332219 392 
332233 273 
332285 1582 
332333 923 
332432 662 
332485 59 
332493 957 
332501 680 
332534 240 
332573 680 
332693 57 
333334 146 
333346 112 
333712 289 
333735 155 
333826 115 
333835 462 
334384 71 
334630 35 
334848 3566 
335201 146 
336840 128 
337000 60 
337574 284 
338009 13 
339059 173 
340037 221 
340042 485 
340047 81 
340066 230 
340070 549 
340074 413 
340074 100 
340079 239 
340089 718 
340096 186 
340097 244 
340108 1199 
340112 1055 
340135 371 
340137 494 
340142 1148 
340148 663 
340156 749 
340156 296 
340164 376 
340165 696 
340172 867 
340173 106 
340175 3390 
340188 203 
340198 248 
340204 571 
340219 123 
340221 338 
340222 175 
340223 678 
340243 274 
340246 82 
340247 374 
340253 277 
340255 176 
340348 716 
340350 663 
340358 76 
340362 401 
340415 252 
340434 112 
340444 117 
340452 378 
340459 414 
340493 74 
340493 348 
340495 207 
340503 153 
340530 408 
340564 173 
340581 192 
340607 617 
340622 443 
340651 233 
340735 301 
340754 140 
340800 467 
340996 139 
341026 404 
341028 552 
341200 98 
341323 112 
341374 46 
341781 76 
342307 97 
342513 275 
342605 422 
342791 3651 
342819 192 
342868 159 
342900 1595 
342917 254 
342919 681 
342991 346 
343020 783 
343031 524 
343072 405 
343079 41 
343124 151 
343143 1391 
343289 154 
343313 1082 
343415 165 
343485 787 
343504 697 
344439 19 
344445 143678 
344465 479 
344489 264 
344504 315 
344506 379 
344513 1125 
344513 171 
344516 587 
344517 330 
344548 2310 
344552 480 
344552 755 
344556 185 
344557 277 
344579 364 
344598 1506 
344599 956 
344607 637 
344610 518 
344619 221 
344621 148 
344626 850 
344648 575 
344654 303 
344660 273 
344666 68 
344674 320 
344731 652 
344746 1808 
344752 329 
344766 726 
344773 199 
344785 289 
344797 1584 
344813 166 
344817 220 
344824 854 
344854 133 
344872 52 
344881 206 
344886 1746 
344908 116 
344936 32 
344937 173 
344953 747 
344963 201 
345006 257 
345064 45 
345082 1204 
345099 680 
345101 164 
345134 1711 
345246 128 
345376 1800 
345407 2533 
345433 816 
345696 680 
345746 408 
345820 93 
346224 2 
346424 232 
346871 336 
346892 274 
347222 19 
347247 26 
347732 102 
348434 249 
348434 249 
348621 556 
348642 47 
349105 0 
349486 426 
349576 467 
349732 611 
349907 456 
350296 662 
351869 470 
352001 250 
352048 173 
352563 134 
353753 154 
353836 69 
353943 311 
353946 185 
354328 76 
354691 35 
354738 504 
362822 3 
364627 614 
365495 422 
367710 1628 
371519 145 
372043 227 
372895 86 
374806 675 
376832 219 
378167 45 
379165 225 
384105 65787 
384127 15 
384130 162 
384145 225 
384147 1167 
384147 160 
384151 117 
384157 410 
384163 143 
384177 306 
384185 476 
384194 118 
384242 88 
384249 554 
384284 181 
384290 193 
384386 332 
384390 934 
384426 332 
384427 77 
384435 284 
384446 140 
384450 70 
384454 107 
384461 1168 
384466 113 
384484 67 
384536 145 
384546 454 
384577 226 
384635 441 
384636 135 
384638 494 
384640 354 
384642 1073 
384649 257 
384664 244 
384666 109 
384674 340 
384703 1065 
384707 1425 
384741 764 
384742 327 
384758 63 
384782 791 
384783 593 
384785 664 
384822 83 
384840 94 
384858 576 
384898 595 
384989 559 
385003 604 
385009 50 
385046 2069 
385056 128 
385090 115 
385091 846 
385110 84 
385299 1192 
385339 522 
385386 68 
385515 150 
385840 113 
385865 304 
385994 549 
386269 290 
386358 226880 
386410 164 
386427 663 
386442 251 
386454 702 
386457 666 
386467 67 
386478 1555 
386479 181 
386485 462 
386486 662 
386499 642 
386535 142 
386536 937 
386561 257 
386566 787 
386567 305 
386569 204 
386571 43 
386590 873 
386670 1847 
386683 61 
386704 61 
386708 494 
386729 729 
386757 472 
386763 72 
386777 998 
386799 278 
386814 1201 
386823 513 
386845 985 
386855 462 
386875 217 
386877 391 
386892 467 
386893 590 
386913 132 
386929 411 
386933 252 
386964 378 
386968 296 
387016 511 
387031 136 
387043 225 
387068 473 
387088 73 
387104 101 
387110 134 
387137 95 
387139 238 
387154 351 
387165 227 
387170 779 
387178 726 
387267 244 
387281 353 
387318 25 
387364 85 
387365 505 
387388 164 
387433 693 
387433 219 
387454 271 
387465 51 
387492 136 
387529 49 
387579 993 
387589 115 
387600 487 
387623 1409 
387625 260 
387667 43 
387683 216 
387692 128 
387708 477 
387708 376 
387724 178 
387748 401 
387821 545 
387831 143 
387865 669 
387879 813 
387995 93 
388032 212 
388086 510 
388149 263 
388201 437 
388411 242 
388442 199 
388444 218 
388456 953 
388521 77 
388539 73 
388684 99 
388982 355 
389138 147 
389198 297 
389263 502 
389322 622 
389403 214 
389466 156 
390275 174 
390423 117 
390577 152 
390761 93 
391076 292 
391726 161537 
391768 139 
391768 82 
391782 458 
391793 72 
391812 498 
391822 77 
391828 385 
391850 72 
391876 165 
391893 439 
391913 152 
391924 252 
391946 255 
391955 1162 
392000 423 
392040 155 
392073 206 
392075 145 
392076 2823 
392082 536 
392088 46 
392090 339 
392125 260 
392125 56 
392127 134 
392136 145 
392138 129 
392140 153 
392173 93 
392197 40 
392199 256 
392231 305 
392260 61 
392265 458 
392272 204 
392275 730 
392280 386 
392303 308 
392308 183 
392344 141 
392357 119 
392375 403 
392400 109 
392442 164 
392474 2072 
392506 1049 
392549 120 
392644 51 
392694 368 
392711 404 
392782 46 
392803 181 
392824 403 
393002 198 
393330 394 
393385 111521 
393405 189 
393421 83 
393442 1172 
393498 96 
393509 194 
393513 197 
393523 82 
393544 103 
393596 308 
393667 7046 
393681 450 
393706 1167 
393720 505 
393895 5996 
393976 114 
394012 45 
394099 40 
394233 149 
394336 90 
394491 27 
394886 164 
394931 469 
394933 203 
394960 925 
395140 157 
395303 261 
395343 108 
395528 1235 
395887 66 
396402 6 
397019 13 
397067 3640 
397168 27 
398205 100 
398313 119 
398330 190315 
398349 162 
398357 420 
398396 152 
398397 775 
398440 128 
398444 126 
398468 168 
398469 385 
398492 225 
398534 1726 
398594 496 
398605 257 
398641 70 
398653 315 
398682 25 
398699 781 
398703 105 
398739 282 
398741 216 
398746 318 
398782 290 
398809 286 
398849 205 
398925 88 
399025 312 
399055 111 
399150 829 
399429 97 
399524 89 
399895 27 
399900 22 
400034 84 
400060 148 
400131 51 
400285 65 
400955 76 
401381 151 
401501 295 
401738 37 
402236 312 
402250 257 
402275 203 
402532 111 
402593 103 
402799 233 
402850 83 
403221 185 
404139 185 
404924 49 
405473 209 
405967 495 
406132 355 
406270 62 
406407 180 
406726 146 
407467 381 
407555 612 
407632 691 
407670 76261 
407764 220 
407789 161 
407805 43 
407867 125 
408005 402 
408069 315 
408081 150 
408084 54 
408130 116 
408265 76 
408278 175 
408306 525 
408709 268 
408790 307 
410306 136 
410471 41 
410917 82 
414103 471 
415749 83 
416120 56 
417024 516 
418266 654 
419480 4120 
419851 242 
419906 14 
419995 122 
420418 219 
421144 282 
421716 184 
422301 117 
423986 324 
424191 0 
426208 37 
426700 113 
427049 55 
431161 263 
431995 73 
433503 5390 
433616 1352 
433706 371 
433733 518 
433778 233 
434030 279 
434050 207 
434525 89 
434593 113 
435984 85 
437303 108 
452643 62 
460506 867 
461173 321 
461201 1311 
465546 111335 
465611 1654 
465629 182 
465641 917 
465682 248 
465689 179 
465696 167 
465697 232 
465705 391 
465716 311 
465760 1447 
465810 74 
465833 393 
465844 859 
465850 896 
465915 234 
465937 285 
466005 178 
466037 474 
466073 2597 
466101 450 
466115 51 
466121 1248 
466536 400 
467016 1156 
467100 287 
467174 380 
467192 114 
467199 387 
467523 83 
468971 120 
469724 125347 
469805 315 
469834 365 
469844 150 
469876 192 
469904 682 
469909 157 
469961 192 
470027 121 
470146 283 
470152 376 
470661 109 
470940 60768 
470974 507 
470989 241 
471017 56 
471022 644 
471026 292 
471263 231 
471367 299 
471396 82 
471662 427 
471770 250 
471858 150 
471908 163 
471981 85 
472001 1021 
472062 420 
472078 1933 
472080 474 
472265 367 
472316 251 
472492 35 
472575 180 
473479 182 
473674 95 
473755 89 
474126 196 
474250 357 
474377 492 
474516 1529 
474536 268 
474830 383 
475205 35 
475215 171 
475221 991 
475222 415 
475224 79 
475228 196 
475232 76 
475236 526 
475240 181 
475244 437 
475255 811 
475255 87 
475258 125 
475260 257 
475264 77 
475266 197 
475324 159 
475325 42 
475348 208 
475366 4 
475381 580 
475384 138 
475386 167 
475392 342 
475401 51 
475401 260 
475405 407 
475409 2034 
475426 264 
475440 138 
475441 782 
475444 113 
475448 188 
475449 262 
475450 100 
475454 108 
475462 78 
475463 83 
475483 603 
475501 368 
475538 144 
475542 263 
475555 152 
475559 152 
475566 119 
475566 105 
475571 297 
475604 124 
475612 119 
475622 200 
475674 275 
475677 48 
475690 111 
475698 62 
475700 244 
475769 18340 
475774 356 
475779 516 
475783 30 
475824 129 
475830 210 
475831 215 
475832 161 
475836 58 
475839 186 
475843 1290 
475856 124 
475859 570 
475860 209 
475864 136 
475870 336 
475877 478 
475893 69 
475896 382 
475905 84 
475939 68 
475941 125 
475976 110 
475992 73 
476010 251 
476042 89 
476060 171 
476085 446 
476093 275 
476116 93 
476123 259 
476127 402 
476143 290 
476164 25 
476180 664 
476183 266 
476200 292 
476224 286 
476263 450 
476276 105 
476319 113 
476350 276 
476358 39 
476400 118 
476523 21 
476531 62 
476679 392 
476725 825 
476763 31 
477111 26 
477150 157 
477235 206 
477337 723 
477339 312 
477393 76 
477426 189 
477436 161 
477534 169 
477553 153 
477574 111 
477761 7 
477827 219 
477832 450 
477875 140 
477894 507 
478040 506 
478178 73 
478240 448 
478276 201 
478330 132 
478478 254 
478522 18 
478523 906 
478606 295 
479571 134 
479587 477 
479825 307 
479833 232 
480212 881 
480318 352 
480588 1454 
480641 309 
480881 666 
480914 286 
481013 1269 
482119 512 
482422 310 
482496 179 
482637 61 
484656 286 
484975 165 
485173 94 
485369 223 
485678 341 
490886 127 
491287 69 
491524 7 
492059 103 
492082 111628 
492118 160 
492134 824 
492148 326 
492157 166 
492183 128 
492183 108 
492184 27 
492193 249 
492218 621 
492231 504 
492244 849 
492299 110 
492349 1079 
492371 258 
492413 76 
492420 242 
492428 152 
492529 256 
492668 333 
492901 299 
492963 5356 
493459 1317 
493941 274 
496335 60858 
496376 244 
496420 533 
496427 686 
496434 232 
496450 178 
496457 151 
496483 363 
496705 92 
496768 570 
497274 294 
497406 230 
498218 323 
499430 203 
500068 412 
500257 191 
501977 458 
502246 72 
503643 310 
504605 203 
504628 261 
508513 95605 
508942 22 
509073 202 
509127 217 
509655 306 
509659 491 
509721 57 
509780 30 
509824 117 
509835 62 
509842 270 
509867 505 
509879 1306 
510020 280 
510082 57 
510094 46 
510207 111 
510452 309 
511372 133 
513492 446 
515194 121 
516119 153 
516367 119 
516398 131 
518687 764 
519260 337 
522914 85 
522933 148 
522952 2657 
522957 212 
522958 848 
522964 784 
522975 479 
522976 411 
522986 920 
522993 281 
522997 161 
523026 302 
523029 245 
523063 694 
523070 83 
523081 281 
523095 304 
523111 594 
523111 598 
523125 235 
523126 65 
523136 1023 
523149 420 
523151 602 
523156 565 
523158 313 
523163 230 
523172 466 
523218 278 
523221 489 
523233 397 
523249 227 
523261 539 
523261 108 
523276 639 
523309 178 
523348 372 
523376 3017 
523460 573 
523523 234 
523530 434 
523584 212 
523656 326 
523956 1286 
524180 503 
524517 70 
524598 358 
525070 58 
525439 734 
528534 18 
540757 0 
542198 219 
542223 182 
550355 59 
553451 70 
554722 9 
555067 319 
555247 46499 
555303 536 
555368 477 
555385 245 
555456 988 
555539 478 
555613 774 
555623 407 
555634 643 
555800 7848 
555902 623 
555916 167 
555926 921 
555969 272 
556034 540 
556044 599 
556867 81 
556886 182 
556946 306 
557670 423 
558805 119 
559217 124 
559380 1 
560005 53 
560237 33 
561131 36011 
561174 433 
561183 204 
561194 117 
561204 348 
561208 430 
561216 560 
561223 622 
561277 406 
561283 236 
561378 183 
561438 609 
561449 239 
561512 213 
561624 0 
561633 243 
561662 162 
561718 623 
561780 81 
561841 277 
561907 191 
562013 127 
562068 104 
562207 146 
562220 43 
562224 78 
562327 117 
562433 210 
562787 119 
563059 1177 
563361 73 
563838 334 
564064 7 
564992 49 
565251 13 
566328 108 
567955 98 
568338 12 
570916 40 
573526 95210 
573569 714 
573574 65 
573577 233 
573592 747 
573597 310 
573603 136 
573606 317 
573607 131 
573622 366 
573625 340 
573628 874 
573643 179 
573645 1297 
573662 389 
573666 559 
573690 293 
573691 101 
573705 766 
573705 766 
573719 357 
573730 468 
573735 1158 
573745 625 
573753 319 
573758 544 
573765 145 
573767 1061 
573771 425 
573773 491 
573795 489 
573880 165 
573885 373 
573928 223 
573935 160 
573947 150 
573985 190 
573989 529 
574000 554 
574002 96 
574011 941 
574023 144 
574029 341 
574049 211 
574061 889 
574068 234 
574100 655 
574104 431 
574114 749 
574114 253 
574149 5567 
574188 749 
574234 788 
574256 245 
574260 417 
574277 281 
574288 412 
574309 120 
574371 155 
574402 351 
574409 111611 
574469 542 
574479 74 
574509 2259 
574518 489 
574519 409 
574523 153 
574543 143 
574553 255 
574556 116 
574568 204 
574568 98 
574579 1344 
574580 298 
574581 160 
574595 794 
574638 433 
574652 55 
574658 132 
574670 341 
574677 375 
574689 238 
574697 54 
574703 669 
574703 118 
574727 759 
574742 775 
574743 1659 
574751 378 
574792 1110 
574794 520 
574825 265 
574829 213 
574838 68 
574852 266 
574870 442 
574888 73 
575038 606 
575056 1400 
575122 983 
575485 565 
575491 316 
575603 190 
575698 292 
576011 126 
576183 123 
576198 30 
576440 135 
576453 260 
576476 234 
576491 22 
577033 401 
577114 222 
577202 291 
577438 187 
577532 29 
577740 55 
577814 190 
578248 68929 
578281 32 
578283 157 
578304 62 
578306 203 
578309 19 
578313 233 
578315 151 
578316 964 
578319 59 
578321 309 
578326 273 
578326 1924 
578340 565 
578352 232 
578353 315 
578357 496 
578364 1503 
578402 134 
578403 806 
578427 1229 
578485 154 
578488 255 
578532 44 
578545 24 
578560 377 
578588 198 
578665 201 
578676 250 
578712 1406 
578778 333 
578828 462 
579033 299 
579055 1021 
579136 237 
579166 279 
579223 53 
579280 907 
579337 753 
579587 299 
579625 421 
579637 95 
579695 20 
579824 326 
579860 346 
579906 376 
580243 157 
580747 247 
581593 3 
582548 111561 
582584 365 
582605 325 
582611 299 
582639 1004 
582649 611 
582684 334 
582727 408 
582763 220 
582767 411 
582782 214 
582782 365 
582798 557 
582839 114 
582856 356 
582879 90 
582899 172 
583121 381 
583169 107 
583187 64 
583810 155 
583815 56 
583930 184 
583965 952 
584225 274 
584299 95 
584309 122 
584763 71 
584921 170 
584973 77 
585005 179 
585960 169 
586273 226 
586283 96 
586296 761 
586322 179 
586346 3767 
586383 134 
586395 79 
586417 251 
586419 144 
586433 786 
586456 149 
586459 123 
586472 474 
586510 321 
586542 406 
586572 1733 
586585 153 
586598 184 
586600 4965 
586610 74 
586641 177 
586696 0 
586726 470 
586907 273 
586960 65 
587030 289 
587038 152 
587115 266 
587579 55 
587754 236 
587966 514 
588065 137 
588213 155 
589877 33 
590340 93 
590383 392 
590800 22 
590839 36 
590976 55 
592350 38 
594214 476 
594253 115 
594311 177 
594560 229 
595315 103 
595352 164731 
595372 100 
595388 143778 
595397 80 
595397 241 
595458 573 
595460 164 
595465 963 
595470 358 
595473 103 
595481 133 
595483 257 
595483 114 
595483 575 
595483 475 
595501 136 
595502 346 
595505 1324 
595508 353 
595513 202 
595516 60 
595516 625 
595520 952 
595539 78 
595580 78 
595581 471 
595591 78 
595592 30 
595593 246 
595593 124 
595595 636 
595596 178 
595598 523 
595602 1099 
595619 595 
595626 9 
595643 103 
595644 535 
595647 148 
595650 150 
595657 592 
595657 493 
595657 493 
595666 77 
595763 170 
595768 418 
595778 579 
595781 818 
595785 412 
595800 145 
595801 1407 
595804 199 
595804 181 
595809 378 
595812 2 
595815 16 
595849 319 
595872 600 
595880 65 
595909 4386 
595925 557 
595933 630 
595943 80 
595948 405 
595987 217 
595993 91 
595994 177 
596011 353 
596109 342 
596127 772 
596175 189 
596217 460 
596221 156 
596222 649 
596335 71 
596469 119 
596477 380 
596724 556 
596731 213 
597933 680 
598077 27 
598086 238 
598160 121 
599207 123 
599600 3133 
599691 205 
599816 9263 
599877 504 
600008 83 
600195 332 
600331 509 
600347 604 
600496 198 
600539 221 
600934 573 
601446 285 
601611 114 
602367 1094 
602966 461 
603295 230 
603381 627 
603671 1432 
604047 162 
604076 1091 
604104 168 
604667 1875 
