2538 8.76930555556
0 162288 
12 1020 
14 177 
14 198 
15 269 
15 765 
16 389 
17 302 
17 601 
18 336 
18 493 
18 118 
18 247 
18 100 
19 333 
19 392 
20 301 
20 226 
21 239 
21 442 
21 594 
21 586 
21 84 
21 95 
21 140 
22 392 
22 251 
22 89 
22 531 
22 354 
22 365 
23 278 
23 62 
23 674 
24 508 
24 399 
25 71 
25 216 
25 1165 
26 362 
27 807 
28 410 
29 245 
29 176 
29 735 
29 132 
29 316 
31 56 
31 39 
31 465 
31 534 
31 137 
32 939 
33 88 
33 53 
33 176 
34 218 
34 299 
34 225 
34 164 
35 106 
35 120 
35 28 
36 65 
36 248 
36 105 
36 47 
37 100 
37 336 
37 354 
37 463 
38 146 
38 620 
38 432 
39 143 
39 213 
40 64 
40 147 
41 321 
41 71 
41 563 
42 2386 
42 588 
42 213 
42 420 
43 853 
43 48 
43 101 
44 770 
44 249 
44 142 
44 2021 
44 317 
44 125 
45 1859 
45 405 
45 53 
45 234 
46 153 
47 385 
47 85 
48 357 
48 435 
48 56 
49 1128 
49 243 
49 622 
49 205 
49 391 
49 139 
49 42 
49 78 
49 114 
49 623 
50 269 
50 186 
51 246 
51 52 
51 223 
51 297 
51 122 
51 123 
52 101 
53 3670 
53 434 
53 228 
54 486 
54 613 
54 460 
55 63 
55 3840 
56 205 
56 85 
56 405 
56 174 
56 358 
56 595 
57 19 
57 155 
57 760 
58 84 
59 158 
59 750 
59 309 
59 344 
60 251 
60 106 
60 134 
61 599 
61 511 
61 133 
62 29 
62 205 
63 347 
63 71 
64 288 
65 518 
65 314 
65 106 
65 1206 
66 359 
66 1799 
66 591 
66 208 
67 403 
67 277 
68 241 
68 142 
68 289 
69 221 
69 158 
70 569 
70 124 
71 244 
71 285 
71 125 
72 629 
72 634 
72 388 
72 586 
72 643 
72 161 
72 388 
73 1226 
73 78 
73 134 
74 203 
74 132 
74 170 
74 131 
74 259 
75 315 
75 695 
75 49 
75 135 
75 407 
75 436 
75 81 
75 85 
76 259 
76 244 
77 76 
77 153 
77 47 
78 110 
78 140 
78 453 
78 214 
79 56 
80 470 
80 197 
80 242 
80 205 
80 8 
81 276 
81 731 
82 156 
82 53 
82 427 
82 101 
83 89 
83 176 
83 267 
83 878 
83 131 
84 213 
86 60 
86 469 
86 64 
87 1228 
87 463 
87 113 
88 260 
88 114 
89 153 
89 58 
89 206 
90 125 
91 93 
91 135 
91 3 
92 598 
93 151 
93 769 
94 80 
94 134 
94 176 
95 247 
95 382 
95 24 
95 1305 
95 632 
96 73 
96 361 
97 100 
98 252 
99 647 
99 247 
99 179 
99 1378 
99 216 
99 181 
100 50 
101 58 
102 214 
103 577 
103 197 
104 314 
104 157 
104 154 
105 89 
106 70 
106 147 
107 1400 
107 278 
108 123 
108 98 
108 119 
109 172 
109 117 
109 139 
109 47 
110 116 
110 195 
111 98 
111 32 
111 91 
111 276 
111 126 
111 265 
112 197 
112 403 
112 591 
113 132 
113 268 
113 713 
114 59 
115 101 
115 749 
116 199 
117 99 
118 67 
118 656 
118 140 
118 642 
119 137 
119 44 
119 189 
120 147 
120 505 
120 287 
121 150 
121 108 
121 62 
123 119 
123 124 
124 146 
124 122 
124 262 
125 104 
125 124 
125 254 
126 222 
126 243 
126 382 
127 20 
128 74 
128 209 
128 246 
128 65 
128 395 
129 35 
130 157 
130 213 
130 74 
130 392 
130 89 
130 345 
130 100 
131 130 
131 420 
133 871 
134 67 
134 261 
134 174 
135 137 
135 300 
136 791 
136 217 
137 309 
137 183 
138 169 
138 1247 
138 140 
139 209 
140 124 
140 453 
141 463 
142 74 
142 138 
142 493 
143 480 
144 190 
144 167 
144 224 
144 173 
145 266 
146 176 
147 43 
147 91 
148 169 
148 65 
149 95 
149 23 
149 156 
150 117 
150 479 
150 652 
151 110 
152 149 
152 117 
153 508 
153 165 
154 73 
155 691 
156 217 
156 201 
156 347 
156 565 
156 818 
156 163 
156 79 
156 147 
157 46 
157 236 
157 294 
157 108 
157 229 
157 660 
158 77 
159 179 
160 8 
160 247 
162 155 
162 600 
164 38 
164 647 
165 233 
166 271 
167 106 
168 164 
168 196 
168 262 
168 267 
168 373 
168 66 
168 159 
170 435 
171 151 
171 723 
171 72 
171 128 
171 395 
171 141 
172 60 
172 879 
173 155 
173 462 
174 313 
174 507 
174 88 
174 106 
176 135 
176 36 
178 404 
179 105 
179 175 
179 29 
179 146 
180 309 
180 119 
181 285 
181 218 
182 141 
183 22 
184 78 
184 75 
184 511 
186 226 
186 199 
186 645 
187 91 
188 369 
188 62 
188 38 
188 211 
189 378 
189 491 
190 81 
191 125 
191 505 
194 171 
194 43 
194 227 
195 61 
198 81 
200 1777 
200 433 
201 277 
201 128 
201 85 
203 76 
204 107 
205 364 
205 58 
206 990 
207 254 
208 59 
208 52 
209 67 
209 311 
210 68 
210 1068 
211 237 
211 30 
214 206 
214 550 
215 524 
216 160 
217 149 
219 156 
219 62 
219 249 
220 46 
221 490 
222 230 
223 442 
225 224 
226 162 
226 602 
226 63 
227 90 
228 68 
229 102 
229 370 
229 481 
230 264 
232 161 
235 710 
236 318 
239 358 
239 73 
240 332 
241 101 
242 126 
243 383 
244 58 
245 104 
245 189 
246 67 
246 40 
246 107 
247 55 
247 244 
247 343 
248 105 
249 42 
250 387 
250 224 
251 59 
251 269 
252 44 
252 281 
253 78 
254 128 
254 469 
254 330 
256 374 
257 349 
257 92 
258 9 
260 139 
260 508 
261 127 
265 562 
266 706 
267 241 
267 77 
267 213 
267 180 
267 126 
268 234 
269 66 
269 106 
272 295 
273 25 
276 141 
277 10 
278 603 
279 135 
279 614 
280 76 
281 85 
281 5 
282 52 
282 185 
282 85 
284 117 
284 97 
285 158 
286 119 
286 294 
287 45 
287 572 
287 221 
287 338 
288 152 
289 41 
290 81 
291 119 
291 70 
292 202 
292 100 
292 148 
293 341 
293 97 
295 128 
296 100 
296 466 
297 7 
298 53 
298 126 
298 360 
299 240 
300 151 
300 110 
300 93 
302 263 
305 418 
305 96 
305 216 
306 1398 
307 376 
307 131 
310 204 
310 151 
313 175 
314 1210 
315 87 
316 128 
318 55 
318 41 
319 264 
319 70 
321 153 
323 119 
323 34 
324 148 
325 84 
327 260 
327 136 
328 328 
329 145 
329 657 
331 70 
332 313 
332 183 
336 802 
337 123 
337 36 
337 39 
339 158 
342 323 
343 41 
345 300 
345 189 
345 219 
345 340 
347 66 
347 31 
347 44 
348 252 
348 143 
349 104 
349 115 
349 162 
352 224 
352 73 
352 254 
353 111 
355 230 
358 45 
360 88 
362 113 
362 105 
366 83 
367 101 
367 124 
367 253 
369 217 
369 2850 
370 128 
371 281 
372 404 
375 559 
375 62 
376 86 
376 82 
377 849 
378 408 
378 141 
378 163 
379 314 
383 102 
384 98 
387 433 
388 101 
390 661 
390 5 
393 30 
394 540 
400 176 
407 35 
408 57 
408 19 
411 136 
412 279 
412 662 
413 162 
413 214 
414 495 
416 49 
419 291 
419 310 
420 87 
420 117 
422 144 
422 1326 
423 125 
425 35 
426 109 
429 4233 
430 1875 
434 31 
435 494 
435 146 
435 7 
436 85 
438 334 
439 30 
439 153 
439 260 
441 175 
442 794 
443 291 
444 177 
445 166 
451 113 
452 122 
452 108 
452 66 
453 1667 
454 22 
454 302 
456 8250 
457 427 
458 9 
458 159 
460 195 
462 1364 
463 178 
463 254 
466 46 
467 16 
467 253 
468 160 
469 56 
473 91 
475 80 
476 76 
479 81 
480 25 
480 304 
481 34 
481 255 
484 576 
487 845 
488 430 
489 106 
489 56 
491 96 
493 44 
496 57 
497 404 
500 276 
501 332 
502 117 
503 95 
507 182 
507 152 
509 61 
509 69 
510 120 
511 64 
512 461 
513 105 
514 123 
514 275 
516 75 
517 349 
520 16 
522 98 
523 90 
525 393 
526 366 
527 100 
527 24 
529 25 
530 130 
530 18 
535 132 
537 755 
541 116 
542 341 
544 1593 
546 153 
549 103 
553 58 
555 139 
557 377 
557 37 
558 219 
559 578 
559 67 
565 304 
565 441 
566 1002 
567 29 
568 394 
568 313 
569 275 
570 116 
573 77 
576 173 
577 95 
580 88 
584 438 
585 26 
585 119 
586 656 
586 32 
588 142 
590 275 
594 327 
595 175 
602 227 
602 47 
604 99 
606 108 
612 161 
614 280 
614 336 
618 171 
618 311 
622 86 
622 202 
623 141 
623 45 
624 69 
624 93 
626 15 
626 224 
627 507 
628 144 
629 131 
631 131 
635 113 
635 67 
636 80 
637 116 
638 97 
641 63 
644 160 
645 13 
646 57 
646 169 
648 302 
660 64 
666 91 
666 137 
668 168 
669 64 
672 37 
675 68 
677 180 
681 62 
686 149 
686 307 
689 407 
690 82 
692 158 
694 214 
695 120 
696 28 
696 33 
697 157 
697 84 
698 863 
699 378 
701 334 
703 233 
711 53 
712 54 
719 60 
719 88 
721 68 
721 57 
726 634 
726 181 
731 187 
736 52 
737 134 
738 205 
739 37 
740 232 
742 275 
744 2038 
745 86 
746 91 
746 145 
747 183 
748 214 
750 203 
753 36 
755 237 
756 154 
761 134 
767 48 
768 17 
770 514 
775 41 
777 118 
785 75 
788 156 
789 93 
791 61 
798 326 
800 24 
802 178 
809 133 
809 26 
812 113 
813 248 
815 270 
816 207 
822 244 
823 18 
826 157 
827 19 
829 173 
829 64 
831 122 
833 2541 
852 40 
852 4 
855 393 
858 219 
859 539 
860 136 
864 100 
864 72 
864 524 
866 285 
866 20 
870 273 
879 114 
879 253 
881 127 
882 636 
882 40 
888 189 
888 20 
892 71 
893 40 
896 73 
896 96 
897 75 
897 271 
899 84 
900 270 
903 84 
904 2713 
908 151 
914 330 
916 0 
920 64 
928 470 
931 2577 
934 77 
939 41 
942 140 
943 47 
943 166 
944 104 
945 213 
949 125 
950 229 
952 80 
954 921 
956 131 
964 71 
966 65 
972 146 
975 44 
975 168 
977 75 
982 342 
983 62 
986 32 
989 134 
990 175 
990 47 
997 148 
1007 862 
1008 124 
1012 180 
1014 75 
1014 344 
1014 23 
1017 87 
1024 45 
1031 128 
1032 67 
1032 89 
1036 114 
1038 107 
1048 627 
1056 168 
1056 328 
1057 160 
1069 57 
1070 209 
1074 212 
1074 407 
1080 284 
1082 101 
1084 89 
1086 204 
1088 50 
1092 119 
1092 25 
1094 282 
1100 95 
1101 2224 
1102 100 
1111 253 
1123 209 
1123 263 
1126 562 
1135 118 
1137 53 
1142 30 
1142 35 
1154 112 
1157 208 
1164 196 
1165 94 
1166 33 
1166 3190 
1170 90 
1177 234 
1178 333 
1184 239 
1189 189 
1189 460 
1194 214 
1200 131 
1202 61 
1209 333 
1215 165 
1215 366 
1217 300 
1217 223 
1220 248 
1238 201 
1240 92 
1240 120 
1245 132 
1246 26 
1249 278 
1264 116 
1268 102 
1270 215 
1270 154 
1276 83 
1281 57 
1284 4633 
1289 109 
1294 59 
1295 120 
1299 46 
1300 115 
1307 63 
1317 166 
1321 108 
1330 995 
1340 68 
1345 293 
1346 81 
1349 4 
1350 96 
1354 40 
1358 27 
1359 117 
1365 346 
1382 382 
1385 18 
1386 69 
1386 6 
1392 64 
1400 121 
1401 41 
1403 425 
1403 62 
1404 39 
1415 55 
1416 615 
1418 140 
1422 27 
1423 228 
1432 143 
1433 174 
1438 14 
1442 75 
1452 141 
1461 19 
1464 108 
1481 28 
1486 24 
1487 109 
1491 594 
1492 2 
1496 36 
1499 70 
1500 13 
1509 379 
1509 121 
1517 256 
1521 110 
1526 131 
1527 106 
1528 109 
1538 89 
1541 395 
1543 402 
1546 1 
1555 114 
1558 521 
1563 108 
1571 77 
1573 61 
1574 59 
1579 29 
1586 143 
1588 73 
1593 130 
1605 620 
1605 184 
1614 4 
1615 206 
1617 46 
1620 61 
1620 7 
1625 18 
1627 326 
1628 130 
1633 142 
1634 22 
1636 73 
1637 798 
1637 182 
1639 415 
1648 235 
1649 100 
1649 105 
1651 375 
1655 256 
1662 280 
1667 34 
1673 24 
1675 75 
1680 241 
1683 52 
1697 164 
1701 143 
1706 89 
1707 614 
1707 88 
1708 46 
1715 88 
1716 1435 
1717 429 
1718 53 
1718 102 
1727 73 
1733 158 
1742 378 
1743 323 
1743 198 
1754 44 
1758 82 
1761 175 
1767 14 
1775 287 
1782 260 
1788 503 
1797 124 
1798 118 
1805 124 
1814 453 
1818 38 
1820 121 
1836 54 
1846 474 
1849 254 
1850 409 
1851 193 
1863 359 
1870 145 
1883 37 
1884 121 
1887 224 
1913 58 
1914 132 
1926 56 
1932 52 
1946 42 
1948 384 
1949 228 
1961 131 
1976 672 
1977 79 
1979 21 
1980 81 
1994 177 
2000 96 
2003 173 
2005 602 
2009 309 
2012 103 
2014 113 
2019 55 
2020 174 
2022 46 
2025 76 
2026 168 
2028 65 
2029 94 
2035 66 
2036 80 
2046 29 
2063 73 
2069 33 
2076 1296 
2086 148 
2092 1157 
2097 4070 
2098 304 
2109 234 
2115 10 
2122 81 
2122 183 
2135 189 
2135 108 
2141 239 
2141 22 
2148 89 
2166 29 
2184 104 
2184 67 
2185 219 
2193 190 
2207 47 
2221 625 
2226 800 
2226 69 
2231 123 
2250 25 
2258 96 
2268 531 
2269 31 
2272 244 
2273 361 
2278 121 
2289 138 
2292 19 
2309 97 
2311 123 
2315 35 
2315 36 
2316 213 
2321 14 
2337 236 
2341 102 
2358 51 
2360 117 
2362 98 
2370 160 
2371 8707 
2384 253 
2403 68 
2404 319 
2418 81 
2423 38 
2427 890 
2435 60 
2448 28 
2461 79 
2496 671 
2501 111 
2510 224 
2516 163 
2517 334 
2519 171 
2523 51 
2526 124 
2539 1743 
2542 243 
2554 335 
2567 275 
2573 88 
2573 36 
2588 87 
2595 203 
2606 10 
2616 123 
2625 11451 
2632 130 
2632 244 
2641 123 
2674 91 
2686 289 
2687 286 
2694 30 
2695 133 
2732 86 
2748 79 
2751 94 
2754 26 
2754 27 
2756 163 
2756 64 
2760 43 
2765 227 
2769 19 
2789 83 
2809 332 
2823 28 
2846 140 
2879 132 
2901 75 
2914 32 
2927 22 
2967 24 
2970 87 
2971 66 
2972 164 
2988 78 
3003 48 
3008 165 
3015 99 
3041 96 
3043 155 
3044 153 
3044 775 
3046 41 
3052 249 
3055 38 
3086 148 
3091 44 
3105 181 
3115 26 
3126 41 
3191 149 
3193 1495 
3244 152 
3248 121 
3248 47 
3251 120 
3260 243 
3271 24 
3280 119 
3307 138 
3310 67 
3325 210 
3334 52 
3346 111 
3352 64 
3387 942 
3435 209 
3474 69 
3483 250 
3495 54 
3519 168 
3528 154 
3548 35 
3570 27 
3583 58 
3621 85 
3624 222 
3649 10 
3667 77 
3676 106 
3696 130 
3704 44 
3728 71 
3731 23 
3781 361 
3790 99 
3832 6 
3861 22 
3872 28 
3873 29 
3930 50 
3956 79 
3974 205 
3984 94 
3995 33 
4039 164 
4051 89 
4068 62 
4078 119 
4094 12266 
4094 129 
4160 83 
4181 80 
4201 134 
4203 81 
4209 21 
4216 1444 
4226 30 
4266 145 
4339 94 
4358 35 
4449 64 
4498 134 
4499 12 
4531 100 
4535 41 
4638 1917 
4674 34 
4787 101 
4819 58 
4829 392 
4829 226 
4880 47 
4909 82 
4922 559 
4926 135 
4932 14 
4943 119 
4946 104 
4963 68 
4983 115 
4991 282 
4991 51 
4992 53 
5000 58 
5017 59 
5020 133 
5035 4 
5051 95 
5051 46 
5064 97 
5068 500 
5103 76 
5126 15 
5134 155 
5136 125 
5150 346 
5158 204 
5160 1180 
5164 28 
5181 35 
5188 67 
5213 614 
5220 27 
5220 281 
5236 111 
5249 78 
5257 133 
5265 199 
5267 35 
5301 600 
5309 24 
5309 140 
5321 45 
5326 29 
5347 23 
5351 59 
5353 51 
5411 51 
5411 119 
5432 76 
5435 146 
5446 43 
5453 58 
5487 58 
5492 76 
5506 137 
5506 235 
5526 43 
5529 27 
5538 261 
5550 83 
5577 539 
5628 22 
5633 982 
5649 81 
5651 80 
5660 71 
5677 9 
5694 87 
5711 36 
5718 327 
5746 14 
5752 4857 
5770 113 
5803 364 
5815 135 
5855 288 
5860 220 
5876 24 
5886 575 
5924 238 
5947 36 
5952 62 
5956 94 
5992 429 
6007 76 
6028 599 
6038 222 
6119 447 
6126 248 
6164 4 
6165 105 
6165 158 
6195 78 
6195 85 
6234 1095 
6240 99 
6241 18 
6285 113 
6335 80 
6346 142 
6353 26 
6378 280 
6383 2834 
6394 263 
6410 24 
6427 199 
6428 92 
6470 293 
6482 75 
6485 68 
6506 209 
6537 152 
6558 177 
6568 92 
6600 483 
6636 24 
6685 25 
6721 6 
6728 78 
6736 248 
6748 22 
6780 75 
6787 31 
6798 295 
6829 51 
6858 105 
6947 16 
7020 179 
7021 28 
7030 171 
7042 42 
7068 264 
7080 47 
7092 333 
7115 107 
7123 19 
7163 15 
7238 124 
7274 104 
7282 51 
7298 8 
7307 96 
7307 32 
7321 217 
7323 52 
7332 46 
7335 109 
7337 300 
7341 136 
7352 25 
7353 173 
7381 33 
7383 203 
7404 114 
7411 50 
7413 122 
7422 87 
7507 145 
7519 194 
7639 42 
7671 284 
7698 947 
7723 25 
7750 77 
7752 60 
7753 75 
7757 3273 
7784 13 
7805 455 
7833 2898 
7852 274 
7858 434 
7864 32 
7873 147 
7875 138 
7886 55 
7924 253 
7955 22 
8010 122 
8013 34 
8052 86 
8145 36 
8153 52 
8154 29 
8313 81 
8327 167 
8339 315 
8375 79 
8395 42 
8416 57 
8416 252 
8462 138 
8465 56 
8543 188 
8558 21 
8579 52 
8592 64 
8650 149 
8659 80 
8696 2503 
8795 72 
8806 545 
8849 286 
8873 116 
8891 48 
8901 719 
8962 328 
8980 686 
9007 33 
9056 271 
9056 111 
9061 177 
9099 105 
9186 84 
9204 72 
9213 243 
9375 290 
9426 24 
9502 113 
9519 101 
9571 137 
9572 93 
9628 65 
9722 96 
9760 182 
9788 169 
9816 62 
9848 24 
9852 29 
9875 214 
9886 49 
9901 90 
9908 283 
9914 31 
9916 1203 
9930 70 
9948 1761 
9963 109 
9965 83 
10043 72 
10100 152 
10110 333 
10282 45 
10291 290 
10324 101 
10349 267 
10399 219 
10438 206 
10581 97 
10615 9 
10832 371 
10847 61 
10849 203 
10855 143 
11021 640 
11028 6 
11167 9 
11219 56 
11226 2587 
11288 244 
11292 349 
11319 11 
11370 110 
11640 76 
11658 30 
11754 161 
11797 33 
11855 107 
11909 41 
12187 68 
12190 478 
12231 50 
12264 67 
12283 2998 
12354 34 
12484 105 
12496 128 
12528 141 
12610 337 
12691 119 
12700 50 
12724 12 
12772 373 
12794 22 
12866 37 
13006 184 
13016 225 
13037 455 
13061 194 
13160 97 
13299 62 
13321 86 
13334 18 
13397 36 
13435 17 
13563 19 
13587 372 
13848 33 
13854 15 
13887 26 
14045 609 
14102 6170 
14108 118 
14137 32 
14166 164 
14166 305 
14456 102 
14528 155 
14583 118 
14597 65 
14618 118 
14632 205 
14848 42 
14951 1493 
15045 104 
15143 58 
15162 97 
15176 172 
15237 29 
15379 774 
15545 161 
15779 142 
15989 46 
16055 304 
16100 50 
16152 90 
16158 38 
16180 102 
16413 23 
16432 47 
16545 48 
16714 385 
16799 67 
16881 34 
17016 34 
17134 1608 
17142 1058 
17315 140 
17347 45 
17374 15 
17448 51 
17660 170 
17695 50 
17698 107 
17737 105 
18014 238 
18229 597 
18262 10 
18304 83 
18701 122 
18723 36 
18727 82 
18765 47 
18890 31 
19112 161 
19125 69 
19240 452 
19481 463 
19627 72 
19805 307 
19826 259 
19896 139 
19966 2 
20000 43 
20225 225 
20341 436 
20406 262 
20554 49 
20656 11 
20994 58 
21390 248 
21537 66 
21569 142 
21778 3840 
21874 221 
22279 411 
22401 43 
22500 113 
22676 11 
22684 175 
22829 43 
23167 248 
23263 31 
23386 128 
23702 218 
24552 182 
26007 51 
26279 53 
26592 517 
26865 59 
26883 147 
27136 96 
28285 5498 
29558 402 
29571 235 
29595 578 
29605 332 
29617 217 
29896 227 
30006 121 
30024 136 
30666 111 
30691 285 
30700 64 
30810 17 
31073 1398 
31178 405 
31592 444 
31780 4 
32366 140 
32367 91 
33270 457 
33300 2013 
33411 195 
33572 374 
33886 125 
33892 97 
34432 426 
34599 241 
34642 117 
34982 63 
35312 55 
35997 23 
36313 263 
36572 458 
36584 161 
36592 94 
36897 570 
36933 469 
37243 1054 
37396 281 
37547 1772 
38187 120 
38283 132 
39007 260 
39108 189 
39358 38 
39883 1 
40238 340 
41396 102 
41521 240 
41529 74 
41539 74 
42479 167 
43242 338 
43785 16 
44616 293 
44655 28 
44959 81 
45050 80 
45155 1025 
45301 123 
45582 40 
46062 107 
46272 65 
46596 748 
46854 13 
46860 387 
46873 72 
47046 628 
47145 142 
47433 23 
48104 212 
48154 108 
48645 2302 
48718 540 
48727 1812 
48987 6 
49553 41 
49584 327 
49605 85 
49714 532 
49960 73 
50581 449 
51061 1328 
51745 1121 
52169 68 
53474 43 
54391 242 
55616 33 
55616 33 
55767 83 
58223 76 
60527 1130 
62854 710 
67229 29 
67548 64 
69091 145 
70470 313 
70608 488 
70866 118 
72081 235 
72398 137 
72718 295 
72921 87 
73070 56 
73107 124 
75196 2849 
76156 81 
76268 38 
76627 93 
76800 222 
76965 136 
77115 65 
77125 156 
77824 190 
78646 202 
78672 893 
78779 722 
78784 333 
78826 239 
79809 194 
80316 198 
80689 170 
81117 16 
81369 516 
81935 178 
82803 409 
82812 190 
82873 124 
82934 5 
83338 1561 
83768 206 
85235 25 
85326 115 
85973 99 
86020 454 
87346 55 
87894 160 
88082 226 
88427 86 
88480 249 
88669 1761 
88693 1 
88789 561 
88847 11 
88849 291 
89865 494 
90008 103 
90154 43 
90227 22 
90322 11 
91100 333 
91741 619 
92106 109 
92174 446 
94830 204 
94958 64 
95156 277 
95494 215 
95778 151 
96872 38 
97338 318 
97424 59 
97544 189 
98046 10 
98235 200 
99993 9 
100071 23 
100504 143 
100737 76 
101020 60 
101201 112 
101201 218 
101332 20 
101889 116 
102507 517 
103007 688 
103331 20680 
104183 357 
104395 189 
104460 17 
104857 70 
105160 358 
105538 209 
107631 801 
108465 332 
108491 650 
108673 229 
109099 316 
109571 74 
110556 123 
111686 22 
111957 1315 
112265 343 
112321 121 
113268 245 
113619 347 
114726 356 
114796 290 
114948 185 
115194 162 
115204 16 
116377 499 
116408 95 
116991 9 
117220 607 
117475 202 
117481 34 
117500 227 
117543 223 
117543 70 
117592 704 
117778 93 
117812 399 
118759 1057 
118788 1003 
118897 62 
119438 1020 
119475 185 
119527 553 
119559 76 
119703 1946 
119919 77 
120179 53 
120907 18 
121153 73 
121449 97 
121813 928 
121870 98 
121890 2831 
122094 16 
122422 1531 
122565 159 
122685 273 
122728 374 
123009 115 
123227 4149 
123480 362 
123770 490 
123984 29 
124116 82 
124118 334 
124250 68 
124469 1091 
124597 275 
126064 148 
126476 90 
126586 94 
126916 27 
126968 77 
127443 2549 
127592 190 
127627 1125 
128410 103 
128410 103 
128880 166 
129208 175 
129393 146 
129570 57 
129924 29 
130184 229 
130483 476 
132752 127 
133631 321 
134684 458 
136435 227 
136536 85 
138376 416 
142134 27 
143789 48 
145478 585 
146463 141 
146624 396 
147314 1125 
148411 1549 
149467 270 
153406 370 
154046 776 
154205 213 
154882 25 
155474 2049 
156170 353 
156195 50 
156660 159 
156823 1679 
158150 528 
158483 98 
158511 2 
159425 108 
159713 745 
159817 69 
159820 71 
161178 154 
164124 331 
164986 95 
165383 108 
165451 430 
165535 303 
165657 693 
165704 1191 
165709 255 
165727 75 
165741 254 
165811 155 
166465 855 
167347 371 
168295 481 
168472 664 
168895 47 
169856 15 
170212 21 
171201 62 
171882 62 
172649 184 
172695 75 
172947 108 
173513 63 
174697 943 
175788 453 
175986 34 
176573 54 
176600 131 
177006 118 
178543 16 
179298 358 
179934 270 
180571 184 
180969 194 
181005 20 
182263 18 
182365 24 
182802 67 
183405 159 
183561 1657 
184657 411 
185142 90 
186183 15 
186221 273 
186649 195 
186990 127 
186999 195 
189154 171 
189685 76 
189717 317 
189776 591 
190750 74 
191370 140 
191602 1204 
192646 415 
192760 184 
193502 503 
193739 81 
195347 199 
195839 317 
195842 166 
195844 134 
195859 366 
195885 72 
195885 130 
195956 134 
195959 514 
195964 147 
195964 230 
195967 104 
195973 342 
195981 204 
196000 147 
196013 59 
196014 202 
196022 85 
196039 407 
196042 177 
196048 118 
196053 202 
196066 728 
196126 138 
196136 572 
196138 242 
196159 221 
196159 486 
196225 335 
196232 8 
196234 100 
196266 490 
196270 247 
196327 53 
196330 1416 
196346 133 
196528 51 
196543 27 
196544 257 
196588 74 
197001 157 
197075 931 
197526 90 
197862 133 
198258 1331 
198271 151 
198606 456 
198646 209 
198656 108 
200024 124 
200210 190 
200291 1121 
200397 10 
200570 359 
200940 770 
201401 359 
201430 784 
202112 607 
202395 199 
202832 150 
204463 213 
205117 219 
205148 117 
205499 151 
205561 183 
205648 1108 
206086 504 
206254 337 
206984 165 
207434 320 
207623 2123 
207693 454 
208395 79 
208726 186 
208739 44 
209398 23 
209492 131 
209735 122 
210463 159 
210609 92 
210904 355 
211235 728 
211720 196 
211812 175 
212045 444 
212047 6 
212616 209 
213152 106 
213210 140 
213272 360 
213328 310 
213333 248 
213884 193 
214438 272 
214533 85 
214879 1 
215228 48 
215722 7426 
216012 18 
216395 77 
217870 33 
218423 960 
218423 960 
218796 507 
218825 357 
221005 7426 
233913 177 
234416 388 
234591 46 
235168 229 
236334 580 
236534 407 
239202 212 
240299 337 
240618 2 
240710 835 
240797 238 
241380 61 
242741 278 
243613 258 
245504 157 
245952 215 
246415 589 
248699 42 
251572 92 
253195 595 
253758 94 
253817 14 
255506 933 
256145 871 
256169 423 
256171 1178 
256213 236 
256222 407 
256229 145 
256258 711 
256309 159 
256324 51 
256332 183 
256350 794 
256447 376 
257014 449 
257077 344 
257342 205 
257384 116 
257673 81 
257696 2004 
257817 55 
257839 780 
257874 126 
258172 1161 
258201 192 
258413 17 
258648 262 
258705 124 
258825 35 
259137 583 
259161 79 
259180 151 
259333 26 
260287 263 
260381 158 
260640 30 
261368 298 
262254 19 
263306 57 
264393 543 
264986 353 
265419 359 
267748 22 
268655 125 
268789 340 
269091 30 
270427 180 
271688 509 
273255 27 
274666 941 
274896 563 
275437 60 
276925 159 
277813 105 
277951 786 
278859 307 
279121 514 
279184 148 
279333 2 
280833 267 
281799 217 
282225 106 
282774 119 
284847 232 
284955 719 
288123 229 
289192 37 
292127 80 
293378 478 
294783 406 
296723 161 
296814 711 
298461 654 
298702 1988 
300350 49 
300394 102 
301574 154 
302175 39 
303170 531 
304169 224 
304221 34 
305165 145 
306590 406 
306609 455 
307693 208 
308293 239 
309326 253 
309736 55 
313248 19 
315179 23 
324271 492 
324815 582 
325643 72 
326961 246 
330961 87 
331499 102 
333952 994 
335717 143 
338052 42 
338973 4 
341219 11 
350318 206 
352492 169 
353720 1046 
353745 431 
361168 3253 
361569 477 
361760 70 
364190 176 
364192 883 
364214 834 
364243 533 
364304 234 
364307 337 
364317 1395 
364347 423 
364374 75 
364412 787 
364424 57 
364436 156 
364438 496 
364584 50 
364613 26 
364691 51 
364702 65 
365280 240 
365761 53 
366115 189 
366379 375 
367376 327 
367405 191 
367445 73 
367810 679 
367817 220 
367956 113 
368063 42 
368575 371 
368684 288 
368690 195 
369343 88 
369831 144 
370471 3492 
370656 6 
371280 1125 
371653 186 
372607 47 
372982 205 
373192 86 
376856 96 
379800 763 
381072 3927 
381237 38 
383119 831 
383239 5954 
383364 81 
383408 149 
383465 619 
383675 570 
385758 214 
388756 655 
388916 169 
389056 179 
389331 295 
390779 191 
392016 50 
392775 242 
393919 47 
394572 127 
400419 146 
405824 165 
409581 163 
409755 105 
410472 101 
416662 350 
420054 573 
426800 3244 
431583 427 
434432 362 
435299 40 
436478 44 
436816 125 
437719 242 
437721 136 
437971 474 
438069 202 
438965 1288 
441582 92 
441584 151 
442851 94 
443609 145 
445522 617 
445591 385 
445769 21 
446414 104 
447139 120 
447270 140 
449446 80 
449552 128 
450907 62 
451249 160 
456289 14 
458294 228 
458514 582 
459516 365 
460503 386 
461134 32 
464403 195 
464591 1530 
465126 825 
468178 110 
469318 80 
479704 386 
480146 2128 
480888 13 
494459 62 
497408 292 
502339 53 
503268 174 
504470 138 
511092 234 
511904 316 
512710 136 
512785 210 
523730 677 
523872 66 
524272 113 
527917 400 
530219 23 
536276 531 
536538 122 
544843 32 
548793 261 
550452 458 
552233 168 
552695 262 
552759 230 
555580 63 
558467 318 
562278 39 
564375 1030 
565817 455 
576871 7 
580310 208 
580754 737 
582502 1180 
583008 49 
586782 140 
590992 1022 
599992 95 
602365 45 
602902 190 
603369 359 
603713 425 
604736 1256 
