2064 14.2193055556
0 438847 
29 75 
30 248 
30 155 
31 153 
31 295 
37 189 
37 40 
37 136 
38 101 
38 145 
38 50 
41 115 
42 162 
42 95 
42 34 
43 40 
44 237 
44 708 
47 171 
48 1623 
49 231 
49 43 
52 98 
53 88 
55 228 
55 235 
59 46 
61 672 
62 148 
63 122 
64 290 
64 135 
68 130 
69 31 
69 182 
70 73 
73 355 
74 97 
74 73 
75 65 
80 60 
81 86 
81 1067 
83 108 
83 19 
85 383 
85 259 
86 98 
91 171 
92 27 
92 167 
92 37 
96 219 
96 233 
98 148 
98 261 
100 409 
100 315 
101 197 
102 83 
103 45 
105 37 
107 20 
107 757 
107 42 
108 389 
111 94 
113 235 
116 111 
117 14 
121 91 
123 105 
127 35 
127 791 
128 151 
129 145 
129 206 
130 91 
131 203 
133 40 
134 24 
136 51 
139 108 
140 38 
141 150 
142 164 
142 71 
143 1656 
144 485 
144 540 
147 272 
149 227 
151 371 
153 118 
155 76 
157 217 
158 44 
159 101 
159 122 
161 71 
162 159 
163 28 
164 108 
166 103 
166 79 
169 74 
171 29 
177 714 
185 108 
187 180 
189 192 
193 196 
203 385 
203 225 
212 172 
214 63 
215 143 
215 19 
217 161 
218 64 
221 204 
222 391 
224 656 
227 56 
233 21 
235 59 
244 129 
248 69 
250 210 
252 29 
254 190 
255 74 
259 225 
261 64 
264 201 
269 76 
272 71 
272 78 
284 211 
286 34 
286 109 
290 202 
290 272 
299 61 
300 36 
310 36 
311 114 
314 369 
316 166 
317 44 
319 77 
319 123 
323 74 
333 24 
334 66 
337 112 
340 33 
341 655 
343 750 
345 47 
347 25 
351 51 
351 446 
360 363 
362 101 
363 6 
365 92 
371 783 
373 210 
373 145 
376 69 
380 152 
381 339 
384 118 
394 25 
395 45 
396 458 
396 69 
397 63 
404 53 
406 134 
407 71 
411 234 
415 83 
417 115 
424 68 
428 63 
429 72 
429 209 
429 51 
432 54 
434 529 
437 91 
449 40 
451 1018 
456 25 
461 100 
463 114 
463 41 
467 20 
471 117 
477 19 
482 101 
482 115 
489 299 
498 50 
499 163 
505 105 
512 183 
527 59 
540 247 
543 94 
546 169 
548 51 
553 1324 
574 118 
584 141 
596 135 
596 21 
601 65 
605 422 
614 35 
620 144 
635 448 
657 339 
664 139 
673 71 
692 238 
697 195 
699 51 
705 135 
709 14 
724 419 
727 1093 
732 130 
740 411 
743 36 
747 78 
754 228 
762 482 
780 28 
783 31 
786 197 
796 46 
797 369 
800 164 
809 18 
819 99 
822 80 
831 130 
838 1012 
839 61 
841 111 
845 102 
845 14 
853 285 
871 162 
871 223 
875 48 
875 217 
896 189 
906 115 
916 37 
921 196 
925 93 
936 254 
939 28 
944 35 
950 103 
956 35 
966 56 
974 25 
1005 5 
1015 52 
1016 256 
1041 73 
1059 65 
1079 36 
1130 64 
1187 17 
1219 347 
1239 90 
1254 62 
1262 350 
1266 55 
1271 85 
1283 76 
1303 183 
1312 24 
1324 104 
1328 48 
1379 9 
1435 726 
1463 43 
1485 26 
1490 86 
1539 344 
1561 344 
1588 88 
1598 81 
1613 139 
1619 289 
1657 14 
1657 175 
1660 172 
1662 22 
1663 116 
1688 60 
1691 24 
1694 97 
1713 42 
1741 602 
1803 85 
1806 40 
1824 358 
1833 37 
1833 52 
1860 103 
1865 158 
1878 74 
1911 63 
1944 344 
1957 33 
1965 118 
1968 81 
1977 91 
1979 101 
1990 124 
2001 24 
2012 43 
2022 242 
2057 51 
2068 88 
2068 619 
2069 53 
2073 558857 
2090 127 
2102 1819 
2104 47 
2106 31 
2106 224 
2108 92 
2110 101 
2110 162 
2110 95 
2111 78 
2111 207 
2112 244 
2114 150 
2114 248 
2115 160 
2115 129 
2116 31 
2116 125 
2118 71 
2118 125 
2121 259 
2121 111 
2122 385 
2122 9 
2123 358 
2125 100 
2133 454 
2134 642 
2135 353 
2135 502 
2136 230 
2136 328 
2137 449 
2137 82 
2137 852 
2138 252 
2140 288 
2140 579 
2142 271 
2144 156 
2144 5 
2144 232 
2145 22 
2146 1269 
2146 385 
2149 200 
2149 177 
2149 111 
2152 41 
2152 239 
2154 7 
2156 159 
2156 41 
2157 36 
2161 47 
2161 170 
2164 314 
2165 82 
2167 204 
2168 486 
2168 293 
2169 314 
2169 81 
2175 90 
2177 93 
2178 190 
2179 70 
2180 147 
2181 54 
2182 30 
2183 53 
2186 146 
2189 603 
2190 25 
2192 20 
2195 439 
2195 33 
2197 139 
2200 105 
2201 329 
2205 22 
2206 173 
2206 96 
2207 143 
2213 35 
2217 86 
2218 287 
2221 149 
2222 849 
2232 16 
2232 325 
2236 270 
2236 326 
2238 413 
2242 91 
2247 129 
2247 29 
2252 223 
2254 23 
2254 11 
2256 75 
2258 573 
2258 4 
2260 208 
2262 248 
2262 233 
2267 21 
2270 428 
2271 434 
2275 90 
2276 209 
2279 29 
2283 143 
2284 18 
2284 122 
2284 126 
2286 53 
2286 13 
2288 259 
2292 45 
2292 132 
2294 18 
2294 128 
2300 505 
2302 146 
2302 255 
2309 1790 
2309 89 
2314 25 
2317 186 
2317 111 
2320 56 
2327 646 
2330 366 
2336 124 
2337 167 
2348 38 
2350 216 
2354 56 
2359 526 
2364 20 
2365 330 
2367 31 
2369 42 
2374 95 
2375 295 
2376 178 
2389 51 
2392 726 
2392 211 
2393 72 
2394 243 
2396 7 
2402 651 
2405 66 
2406 90 
2412 31 
2414 1069 
2416 63 
2429 98 
2431 141 
2435 6 
2441 124 
2454 66 
2457 41 
2458 277 
2458 262 
2460 71 
2464 401 
2475 33 
2485 122 
2495 92 
2496 243 
2505 218 
2515 12 
2518 124 
2522 80 
2524 177 
2525 338 
2527 93 
2529 13 
2531 45 
2535 16 
2547 79 
2549 83 
2551 37 
2568 17 
2568 117 
2569 118 
2577 114 
2601 112 
2606 91 
2616 349 
2630 96 
2631 87 
2632 8 
2637 251 
2638 61 
2641 87 
2644 932 
2655 1143 
2661 17 
2666 3 
2693 29 
2694 110 
2695 183 
2696 89 
2696 137 
2699 289 
2700 346 
2732 730 
2736 252 
2742 230 
2753 514 
2757 163 
2760 68 
2767 37 
2771 204 
2772 42 
2776 58 
2785 90 
2798 133 
2799 22 
2802 68 
2819 47 
2821 71 
2825 153 
2828 31 
2839 3 
2846 50 
2859 16 
2871 71 
2875 175 
2877 43 
2896 85 
2901 50 
2901 63 
2910 43 
2913 31 
2931 69 
2936 1578 
2950 455 
2955 254 
2958 336 
3008 38 
3009 15287 
3022 30 
3025 674 
3029 168 
3029 107 
3048 98 
3064 19 
3067 40 
3080 108 
3139 155 
3218 13 
3239 57 
3240 19 
3297 145 
3351 38 
3362 106 
3365 63 
3370 81 
3409 574 
3429 102 
3452 17 
3456 23 
3519 17 
3553 35 
3576 38 
3620 212 
3634 681 
3638 28 
3639 233 
3656 55 
3683 48 
3686 112 
3689 43 
3719 127 
3737 47 
3802 25 
3802 129 
3805 13 
3814 20 
3847 34 
3871 1391 
3978 40 
4001 146 
4162 15 
4193 193 
4229 341 
4246 68 
4252 797 
4265 1234 
4292 1509 
4297 112 
4300 127 
4313 100 
4334 880 
4372 94 
4391 698 
4407 18 
4453 5 
4492 512 
4499 402 
4549 783 
4554 405 
4560 1877 
4626 26 
4636 8 
4661 21 
4662 662 
4675 398 
4729 300 
4729 93 
4730 189 
4773 111 
4804 18 
4891 349 
5020 40 
5039 47 
5040 360 
5120 98 
5168 60 
5238 48 
5274 150 
5275 95 
5336 73 
5352 68 
5366 7 
5421 213 
5542 14 
5608 152 
5670 31 
5707 31 
5708 77 
5743 30 
5842 49 
5921 14 
6145 21 
6170 30 
6240 180 
6267 95 
6333 15 
6466 3 
6497 63 
6504 87 
6543 79 
6575 51 
6599 45 
6641 277 
6665 199 
6810 153 
6938 38 
7406 49 
7433 41 
7480 7 
7504 100 
7591 82 
7689 43 
7705 62 
7910 41 
7913 8 
8301 41 
8512 38 
8557 134 
8685 12 
9165 5 
9203 39 
9383 14 
9400 14 
9516 56 
9660 35 
9808 10 
10073 26 
10120 217 
10298 7 
10344 23 
10412 292 
10688 41 
10714 48 
10745 27 
10923 93 
10993 1165 
11009 349 
11018 50 
11259 85 
11265 137 
11267 17 
11278 1229 
11329 147 
11477 469705 
11486 6 
11509 123 
11511 289 
11516 785 
11518 112 
11518 149 
11519 102 
11519 110 
11525 202 
11529 261 
11529 256 
11533 259 
11534 65 
11537 16 
11540 211 
11541 175 
11545 59 
11545 519 
11546 130 
11546 135 
11547 18 
11552 326 
11556 407 
11556 91 
11560 66 
11564 382 
11565 45 
11565 199 
11567 133 
11567 34 
11568 13 
11575 1857 
11579 123 
11581 101 
11581 39 
11581 31 
11584 199 
11588 76 
11590 20 
11597 7697 
11597 145 
11598 237 
11600 104 
11607 31 
11608 256 
11614 550 
11615 25 
11618 190 
11621 7 
11629 178 
11629 8 
11630 347 
11631 231 
11635 225 
11636 254 
11647 51 
11648 62 
11656 74 
11657 119 
11658 477 
11666 197 
11666 1850 
11670 634 
11692 411 
11696 108 
11698 594 
11701 757 
11711 141 
11712 175 
11713 77 
11728 555 
11735 25 
11741 105 
11744 1260 
11747 64 
11763 94 
11766 385 
11767 56 
11770 38 
11785 190 
11789 135 
11800 59 
11803 47 
11811 322 
11811 35 
11814 1092 
11823 35 
11824 66 
11831 730 
11833 402 
11845 50 
11852 369 
11853 105 
11854 103 
11855 80 
11866 68 
11868 105 
11868 74 
11870 100 
11876 476 
11878 105 
11882 122 
11884 671 
11888 721 
11889 44 
11891 981 
11900 83 
11902 467 
11906 119 
11908 63 
11928 91 
11928 1391 
11971 909 
11976 9 
11977 44 
11979 980 
11982 265 
11998 44 
11999 52 
12005 13 
12010 41 
12031 206 
12038 311 
12046 197 
12048 700 
12048 674 
12049 174 
12050 50 
12050 110 
12067 71 
12088 147 
12094 73 
12097 341 
12111 181 
12118 68 
12126 8 
12129 15 
12135 29 
12136 1148 
12139 53 
12140 240 
12145 116 
12161 148 
12165 91 
12187 283 
12205 100 
12219 39 
12230 1120 
12245 144 
12248 158 
12274 57 
12281 113 
12281 397 
12283 4090 
12289 33 
12301 335 
12333 382 
12339 182 
12350 166 
12358 34 
12367 57 
12404 101 
12422 519 
12425 1636 
12445 19 
12459 201 
12469 16 
12474 225 
12500 3774 
12526 209 
12542 65 
14032 866 
14192 31 
14254 21 
14292 167 
14307 46 
14414 126 
15040 9 
15524 90 
15561 14 
15619 187 
15632 14 
15699 130 
15815 103 
15874 681 
15901 121 
15926 71 
16053 12 
16076 3 
16094 43 
16243 93 
16258 12 
16293 184 
16326 9 
16401 282 
16409 58 
16533 142 
16626 81 
16789 8 
17014 104 
17038 47 
17079 190 
17247 76 
17292 27 
17576 84 
17910 118 
18063 1376 
18063 1376 
18121 51 
18132 30 
18600 172 
18771 209 
19387 491 
19452 52 
19674 48 
19834 36 
20366 40 
20405 1 
20498 29 
20675 15 
20681 146 
20740 72 
21138 67 
21232 381 
21304 5 
21306 227 
21516 127 
21693 30 
21777 28 
21876 18 
21888 14 
22054 16 
22461 10 
22512 53 
22673 6 
22693 45 
22810 16 
23218 8 
23331 20 
23584 62 
23669 69 
23734 32 
23799 20 
24254 42 
24360 62 
24652 23 
24713 241 
24978 39 
25060 98 
25230 117 
25236 17 
26236 59 
26492 20 
26689 44 
26875 42 
27312 140 
27340 17 
27507 28 
27975 61 
28114 41 
28148 10 
28253 22 
28264 42 
28450 2566 
28481 182 
28708 197 
28817 346 
29040 219 
29064 287 
29418 28 
29509 65 
30735 6 
30784 78 
31020 851 
31768 332 
31768 332 
31802 5 
31890 13 
32153 310 
33268 199 
33280 17 
33708 6 
34146 28 
34347 25 
34412 135 
34739 22 
35688 0 
35860 117 
35976 56 
36321 11 
36378 14 
36394 98 
36478 59 
36549 43 
36726 201 
38077 5 
38086 29 
38231 24 
38347 1130 
38361 136 
38364 24 
38569 33 
38644 56 
39100 47 
39428 370 
39686 40 
39707 110 
39764 285 
39862 56 
40060 2 
40549 3 
42587 77 
42740 43 
42957 90 
44686 2 
45126 288 
45542 50 
45825 37 
45987 247 
46150 195 
46226 454 
47036 166 
47161 39 
47238 9 
47474 2421 
47604 141 
47936 119 
47936 119 
48869 63 
48891 121 
48936 11 
49147 108 
51115 51 
51860 575 
52343 37 
52482 78 
53391 17 
53491 96 
53582 33 
53837 89 
54420 58 
54501 1232 
54706 37 
55110 180 
55521 265 
56005 62 
56282 413 
56535 74 
56639 74 
56761 24 
56960 607 
57136 74 
57138 105 
58256 5 
58369 623 
58616 63 
58798 42 
59312 141 
60500 187 
61269 9 
61511 11 
61546 188 
61649 258 
61770 162 
62149 706 
62245 138 
62376 13 
62619 80 
62648 32 
62894 1124 
62931 448 
62954 714 
63366 74 
63377 66 
63408 146187 
63440 71 
63457 462 
63460 136 
63465 31 
63476 831 
63480 120 
63486 56 
63495 148 
63512 32 
63514 500 
63514 87 
63514 151 
63520 17 
63531 626 
63533 125 
63535 13 
63538 143 
63609 44 
63696 109 
63721 36 
63765 37 
63804 100 
63999 39 
64405 373 
64907 467 
65084 595 
66834 74 
67351 543067 
67374 52 
67375 279 
67376 145 
67381 76 
67381 140 
67384 16 
67400 483 
67401 0 
67405 209 
67411 120 
67413 2 
67416 328 
67417 59 
67418 33 
67426 78 
67426 89 
67429 87 
67430 199 
67435 190 
67442 86 
67443 470 
67446 144 
67452 165 
67457 220 
67458 14 
67467 447 
67468 113 
67469 19 
67470 61 
67477 397 
67478 140 
67495 36 
67497 64 
67499 105 
67499 129 
67524 38 
67528 19 
67529 150 
67531 173 
67537 63 
67539 776 
67543 21 
67545 28 
67561 105 
67565 63 
67568 186 
67572 703 
67584 181 
67584 102 
67584 43 
67594 149 
67603 107 
67605 360 
67612 9 
67620 223 
67624 74 
67628 116 
67628 164 
67630 198 
67633 345 
67641 519 
67652 146 
67667 238 
67671 80 
67677 286 
67685 94 
67694 21 
67702 8 
67702 313 
67704 300 
67704 14 
67706 28 
67707 25 
67709 31 
67715 60 
67722 509 
67724 73 
67735 139 
67735 239 
67751 49 
67751 202 
67765 35 
67776 35 
67790 92 
67790 56 
67791 17 
67793 205 
67797 25 
67831 299 
67855 173 
67870 146 
67905 67 
67908 551 
67909 65 
67915 231 
67923 86 
67928 40 
67933 101 
67939 382 
67947 27 
68049 149 
68064 339 
68077 53 
68082 32 
68086 248 
68095 75 
68105 175 
68107 87 
68122 137 
68127 88 
68157 199 
68159 85 
68166 10 
68179 32 
68198 23 
68207 101 
68207 131 
68256 209 
68270 232 
68290 31 
68303 147 
68308 701 
68312 240 
68325 13 
68333 81 
68336 75 
68349 79 
68363 109 
68376 37 
68396 258 
68405 138 
68408 64 
68446 247 
68458 3 
68476 250 
68481 84 
68513 137 
68514 140 
68570 120 
68588 43 
68595 85 
68618 31 
68652 41 
68655 232 
68675 27 
68698 289 
68748 17 
68801 46 
68814 70 
68860 32 
68868 44 
68884 191 
68895 25 
68897 9 
68932 128 
68962 64 
69082 127 
69101 83 
69103 184 
69109 135 
69114 142 
69125 39 
69136 12 
69159 870 
69204 16 
69245 27 
69858 44 
69999 17 
70103 188 
70117 143 
70286 103 
70316 99 
70484 32 
70511 3 
70515 116 
70564 85 
70919 167 
71267 300 
71456 25 
71716 25 
71890 89 
72197 58 
72363 25 
72406 302 
72757 37 
73635 15 
74075 28 
74743 50 
74835 55 
75125 112 
75665 99 
75762 24 
75932 45 
76125 73 
76340 45 
76503 13 
76589 34 
76641 7 
76654 39 
76811 23 
77132 81 
77428 44 
77734 785 
78051 21 
79027 25 
79466 17 
79590 213 
79611 56 
80063 49 
81305 35 
81470 188 
82632 112 
83131 239 
83227 119 
83322 8 
83508 59 
83554 83 
86068 211 
86826 587 
87268 190 
87270 231 
88095 82 
88527 165 
89643 36 
89766 120 
90581 37 
91075 24 
91420 756 
91666 615 
92531 516 
95001 178 
95032 17 
95175 147 
95321 484 
96091 272 
97436 112 
97693 106 
97707 358 
98278 268741 
98295 36 
98299 128 
98303 565 
98317 443 
98317 181 
98319 11 
98321 267 
98321 167 
98323 275 
98327 272 
98329 293 
98331 90 
98334 133 
98335 51 
98337 143 
98340 224 
98342 5 
98343 112 
98343 390 
98347 51 
98353 19 
98356 215 
98359 366 
98359 370 
98360 51 
98361 86 
98364 171 
98365 124 
98366 18 
98366 145 
98366 97 
98367 25 
98368 26 
98369 145 
98369 93 
98371 462 
98371 69 
98378 128 
98380 169 
98382 62 
98386 70 
98386 235 
98390 41 
98392 69 
98394 294 
98398 50 
98402 173 
98403 63 
98407 69 
98412 121 
98418 76 
98421 153 
98423 50 
98425 735 
98428 66 
98428 44 
98433 43 
98439 21 
98440 195 
98440 16 
98441 27 
98441 215 
98457 1648 
98465 68 
98474 62 
98475 423 
98477 106 
98480 51 
98491 16 
98491 154 
98494 230 
98512 364 
98536 325 
98541 209 
98557 65 
98561 128 
98566 223 
98567 44 
98571 739 
98573 218 
98609 31 
98617 302 
98618 241 
98642 495 
98663 177 
98665 89 
98675 64 
98686 169 
98698 117 
98711 200 
98721 47 
98722 48 
98727 190 
98769 73 
98771 4 
98783 833 
98796 21 
98799 192 
98805 61 
98824 119 
98834 56 
98841 73 
98842 367 
98845 45 
98846 215 
98847 39 
98854 10 
98860 193 
98863 239 
98864 270 
98873 3 
98885 64 
98982 120 
99000 161 
99029 137 
99050 79 
99051 458 
99066 160 
99078 261 
99104 274 
99109 286 
99172 81 
99174 359 
99175 185 
99180 97 
99205 71 
99207 313 
99215 3 
99224 196 
99271 370 
99290 171 
99304 41 
99307 201 
99311 248 
99313 70 
99350 33 
99354 65 
99373 369 
99381 2127 
99386 135 
99519 183 
99526 28 
99542 88 
99563 84 
99582 430 
99589 7 
99596 83 
99607 79 
99608 94 
99633 18 
99649 1064 
99655 74 
99684 239 
99699 51 
99700 41 
99712 307 
99739 26 
99739 143 
99766 16 
99779 84 
99796 621 
99832 126 
99843 77 
99889 22 
99929 32 
99943 287 
99947 45 
99960 223 
99962 76 
99975 97 
99979 107 
99986 57 
100026 14 
100028 21 
100054 51 
100093 156 
100107 103 
100125 118 
100139 84 
100140 133 
100159 440 
100213 34 
100223 160 
100232 40 
100236 23 
100247 88 
100265 281 
100271 31 
100357 149 
100380 66 
100433 125 
100482 31 
100498 162 
100502 558 
100531 64 
100551 384 
100574 211 
100588 253 
100661 54 
100662 3220 
100726 105 
100732 56 
100808 47 
100876 55 
100914 21 
101039 19 
101078 49 
101086 61 
101134 69 
101152 87 
101153 244 
101218 58 
101261 61 
101280 72 
101317 102 
101385 61 
101387 74 
101446 33 
101452 478 
101514 19 
101569 23 
101678 136 
101690 163 
101708 298 
101715 98 
101734 47 
101769 343 
101826 72 
101831 571 
101832 69 
101839 576 
101910 77 
102123 76 
102362 26 
102387 500 
102405 136 
102476 206 
102495 215 
102551 22 
102618 54 
102625 173 
102649 94 
102658 118 
102686 75 
102700 87 
102748 7 
102791 545 
102811 1681 
102856 41 
102940 137 
102941 46 
102969 104 
102978 1075 
103012 93 
103022 37 
103033 267 
103042 107 
103096 235 
103107 26 
103124 100 
103132 60 
103153 69 
103166 25 
103178 36 
103186 74 
103274 91 
103315 63 
103355 83 
103358 142 
103580 255 
103655 48 
103673 51 
103725 71 
103757 128 
103824 39 
103938 58 
103949 29 
104067 75 
104220 176 
104223 86 
104227 297 
104255 187 
104291 195 
104362 59 
104427 56 
104446 92 
104510 40 
104575 11 
104707 173 
104816 54 
104828 42 
105037 26 
105079 165 
105113 130 
105152 62 
105260 57 
105566 42 
105575 43 
105589 27 
105607 5 
105686 37 
105894 13 
105998 20 
106067 15 
106072 83 
106084 9 
106158 191 
106248 294 
106433 656 
106458 21 
106478 208 
106701 101 
106714 5 
106730 81 
106775 52 
106841 32 
107030 10 
107366 97 
107819 284 
107967 150 
107986 21 
108153 17 
108159 5 
108330 25 
108365 199 
108403 108 
108514 19 
108660 83 
108664 29 
108726 57 
108732 41 
108980 22 
109004 247 
109026 78 
109174 97 
109326 40 
109413 30 
109431 43 
109442 25 
109486 29 
109505 46 
109558 152 
109563 162 
109648 162 
109656 66 
109821 61 
109976 112 
110036 67 
110183 244 
110594 100 
110647 152 
110763 10 
110894 15 
111004 83 
111035 53 
111157 3553 
111173 37 
111202 59 
111217 81 
111220 920 
111407 229 
111431 790 
111467 28 
111535 34 
111591 17 
111777 165 
111799 16 
111799 163 
111872 392 
111959 214 
111989 381 
112312 187 
112416 11 
112425 150 
112469 46 
112474 68 
112484 21 
112583 142 
112583 142 
112840 376 
112881 242 
112912 168 
112924 19 
113015 45 
113063 14 
113089 68 
113205 106 
113247 252 
113368 211 
113425 26 
113529 111 
113638 158 
113685 53 
113713 29 
113713 66 
113813 17 
114037 51 
114083 33 
114087 43 
114119 41 
114196 301 
114211 28 
114247 93 
114413 64 
114477 17 
114551 93 
114592 576 
114624 244 
114748 407 
114782 105 
114932 79 
114953 47 
114956 20 
114978 28 
114988 1068 
115023 5 
115228 73 
115288 82 
115576 20 
115715 76 
115885 315 
115919 30 
115934 443 
116221 30 
116231 14 
116299 206 
116505 85 
116566 30 
116693 43 
116750 88 
116770 171 
116845 28 
116870 70 
116965 1608 
116966 15 
116997 128 
117110 48 
117183 23 
117295 70 
117331 15 
117406 98 
117429 63 
117463 61 
117469 318 
117532 22 
117557 77 
117726 160 
117733 25 
117767 219 
117946 261 
117956 142 
118039 48 
118203 80 
118522 23 
118579 192 
118635 39 
118861 53 
119019 28 
119025 236 
119154 99 
119454 80 
119695 53 
119919 62 
120055 717 
120184 119 
120216 15 
120659 28 
120819 34 
120819 34 
120824 63 
120827 38 
120976 56 
120995 77 
121124 33 
121139 32 
121163 120 
121167 50 
121244 41 
121395 972 
121452 86 
121492 844 
121504 51 
121699 331 
121912 76 
121913 8 
122061 671 
122537 28 
122538 417 
122681 172 
122789 25 
123130 153 
123307 16 
123437 920 
123578 148 
123591 55 
123703 53 
123715 88 
123736 257 
123842 41 
124187 608 
124203 183 
124474 124 
124493 50 
124733 76 
124815 49 
124859 53 
124949 375 
125424 168 
125520 67 
125552 43 
125555 34 
126336 361 
126475 85 
126938 67 
126971 58 
127068 19 
127432 29 
127562 76 
127601 14 
127957 74 
128522 7 
128553 249 
128767 157 
128820 121 
129378 7 
129385 92 
129510 82 
129582 118 
129897 54 
130068 26 
130437 70 
130554 113 
130748 204 
130778 312 
131053 84 
131065 22 
131388 72 
131432 51 
131539 251 
131567 161 
131682 49 
132518 84 
132607 654 
132849 130 
132956 22 
133008 10 
133096 267 
133222 583 
133233 51 
133465 55 
133475 12 
133552 37 
133715 95 
134025 30 
134124 20 
134257 101 
135734 419 
139515 64 
139959 49 
140166 726 
140731 71 
141277 289 
141622 195 
141890 349 
142411 665 
145228 129 
146677 174 
147759 50 
147872 575 
148819 212 
148893 75 
149200 40 
150453 16 
150486 299 
150713 460 
151309 68 
154787 199 
154854 413 
155951 26 
156182 91 
157875 45 
159328 123 
159751 137 
161870 61 
162182 173 
162820 379 
162838 209 
162906 49 
163693 14 
164301 64 
164561 56 
164782 264 
164931 119 
165036 1104 
167770 55 
170707 31 
174440 147 
175749 391 
178087 16 
178521 50 
180031 29 
180494 153 
181788 23 
182326 45 
182509 10 
182515 120 
184238 31 
184360 623 
185370 73 
186168 55 
189452 63 
189598 90 
190796 9 
191307 31 
199121 117 
202681 22 
212199 156 
213075 212 
213899 348 
216862 105 
217717 27 
220502 62 
220655 8 
223264 92 
228637 37 
228717 140 
228803 182 
230541 373 
235039 111 
238722 31 
240294 75 
244153 193 
244744 269 
245179 50 
245482 69 
245572 18 
245787 175 
246091 444 
247586 393 
247736 95 
250877 554 
251262 2 
254273 23 
254368 148 
254932 289 
255667 197 
259797 73 
262146 4 
262469 54 
262868 55 
269005 34 
274036 43 
285795 15 
295498 42 
305623 328 
305949 1331 
310018 381 
315299 369 
315362 216 
315599 148 
332332 185 
332344 183 
335494 45 
338390 75 
340701 34 
341411 310 
342206 59 
342355 51 
345842 637 
355417 4 
355787 103 
355866 75 
357310 52 
362818 11 
368528 51 
377347 20 
386519 13 
407305 34 
410429 559 
411116 42 
425040 194 
431059 88 
455713 197 
461067 12 
471734 814 
476956 1499 
500076 100 
502193 202 
527744 86 
541744 68 
561044 92 
561044 92 
573702 45 
573738 97 
