4003 11.7550115741
0 4717682 
12 2649 
14 85 
15 4 
19 501 
20 9 
20 77135 
21 11 
22 3138 
24 54 
24 305 
26 435 
27 172 
28 58 
92 8 
93 255 
93 24 
93 1234 
94 55 
94 2617 
95 620 
95 62 
95 423 
95 196 
96 150 
96 164 
96 59 
97 64 
97 1705 
97 377 
97 563 
97 0 
98 281 
98 36 
99 43 
99 182 
99 4850 
100 305 
100 55 
101 88 
101 105 
102 434 
104 171 
104 185 
104 4461 
105 42 
105 337 
105 948 
106 71 
106 71 
106 1601 
107 745 
107 118 
109 186 
109 151 
109 533 
109 150 
109 290 
110 182 
110 395 
110 24 
110 184 
110 309 
110 84 
110 48 
111 1103 
111 403 
111 782 
111 200 
111 126 
112 12 
112 159 
112 3432 
112 279 
112 252 
113 286 
113 137 
113 55 
113 558 
113 30 
114 75 
114 57 
115 1126 
115 1319 
115 390 
115 279 
116 267 
117 132 
117 52 
117 78 
118 3812 
118 307 
118 12 
119 124 
119 157 
119 235 
120 15 
120 1311 
122 802 
123 2914 
124 1210 
125 56 
125 353 
126 264 
126 724 
127 3 
127 369 
127 1074 
128 53 
128 17 
128 437 
128 556 
129 981 
129 126 
130 67 
130 16 
130 2200 
131 63 
131 817 
132 981 
132 3355 
132 6 
132 879 
133 123 
133 498 
133 724 
134 94 
134 20 
134 157 
135 456 
135 599 
135 8 
135 60 
136 35 
137 57 
138 64 
138 95 
139 138 
139 58 
139 2059 
140 55 
140 48 
140 21 
141 2089 
141 391 
141 280 
142 490 
142 71 
143 93 
143 187 
144 2871 
144 45 
144 442 
144 109 
145 2 
146 153 
147 1058 
147 129 
147 743 
148 82 
148 3 
148 86 
148 24 
149 114 
149 1147 
149 49 
150 134 
150 120 
150 29 
151 1984 
151 266 
151 9962 
151 90 
152 390 
152 240 
153 250 
153 209 
153 35 
154 815 
154 211 
154 704 
154 146 
155 33 
155 248 
156 150 
156 161 
157 377 
158 85 
158 130 
158 104 
159 36 
159 1387 
160 344 
160 175 
160 230 
161 135 
161 231 
161 91 
162 103 
162 338 
163 1902 
163 479 
163 111 
163 71 
164 464 
164 2077 
165 1096 
165 156 
166 102 
166 490 
166 1235 
167 283 
169 540 
169 149 
170 89 
170 203 
170 209 
171 6808 
174 110 
175 24 
175 285 
176 154 
176 801 
176 402 
176 132 
176 606 
177 1006 
177 24 
177 39 
178 357 
178 700 
178 418 
178 837 
180 9 
180 27 
181 165 
182 174 
183 56 
183 264 
184 127 
184 118 
184 261 
184 109 
185 565 
186 28 
186 862 
187 140 
188 939 
188 353 
189 106 
190 2117 
190 30 
190 31 
191 79 
191 3087 
191 133 
192 102 
192 202 
192 510 
192 2675 
192 157 
193 18 
193 482 
194 81 
194 191 
194 450 
194 380 
194 41 
195 17 
196 359 
197 224 
197 206 
198 343 
198 115 
200 1262 
200 3026 
200 888 
201 69 
201 479 
202 327 
203 213 
203 2 
205 113 
206 438 
207 176 
207 295 
208 1547 
209 167 
209 940 
211 220 
211 113 
212 100 
213 99 
214 185 
215 202 
215 92 
215 1238 
216 1097 
216 94 
217 105 
217 32 
218 118 
218 83 
219 416 
219 211 
220 324 
221 259 
221 3 
221 135 
222 185 
223 671 
223 313 
224 170 
224 164 
225 170 
226 350 
226 112 
227 147 
227 166 
228 2121 
228 67 
228 88 
228 25 
229 361 
229 156 
230 173 
231 144 
232 209 
232 24 
232 197 
233 118 
233 70 
233 28 
235 2907 
237 104 
238 46 
240 823 
241 173 
242 117 
242 22 
244 15 
246 60 
247 716 
247 453 
248 8 
249 213 
250 2070 
252 284 
252 152 
252 1004 
254 37 
255 1775 
257 61 
257 2551 
258 116 
259 39 
260 176 
260 3108 
261 391 
261 1192 
263 7 
263 646 
264 2760 
265 242 
266 366 
268 580 
268 1684 
270 173 
271 3307 
272 87 
272 797 
272 1175 
273 1588 
274 1 
274 2330 
274 1287 
275 33 
275 30 
276 1089 
277 284 
277 501 
281 415 
283 204 
283 321 
284 34 
284 21 
286 1501 
287 50 
291 868 
293 87 
293 24 
293 477 
294 3 
294 655 
294 560 
297 254 
299 115 
299 200 
300 1123 
300 84 
302 647 
302 3 
302 182 
303 29 
303 90 
304 1605 
304 441 
304 58 
304 2426 
306 442 
308 112 
308 869 
309 247 
309 56 
310 144 
311 238 
311 2 
312 46 
314 5 
315 573 
316 42 
317 409 
320 72 
320 1966 
322 137 
323 285 
324 2879 
326 49 
327 110 
328 372 
328 1487 
329 22 
329 89 
330 58 
330 522 
331 109 
333 142 
333 86 
334 408 
334 191 
336 752 
337 126 
338 672 
340 1455 
341 221 
341 33 
342 1516 
345 1299 
347 281 
348 262 
348 221 
349 1 
351 33 
351 53 
353 166 
354 91 
354 50 
355 9 
355 1502 
357 135 
358 1119 
360 154 
360 166 
362 212 
362 956 
428 207 
434 128 
434 243 
439 271 
441 58 
441 256 
442 346 
444 315 
445 822 
445 192 
445 146 
446 232 
446 192 
448 16 
449 2421 
451 1250 
454 11 
454 15238 
457 9 
457 2924 
459 11 
460 28 
463 1145 
464 486 
467 400 
469 212 
474 1269 
475 1853 
475 1487 
475 452 
476 113 
476 81 
477 1807 
478 13 
479 74 
480 3275 
482 80 
482 359 
483 514 
485 76 
485 110 
486 51 
486 19 
487 5 
490 424 
491 355 
493 260 
493 2317 
495 152 
497 635 
502 940 
503 108 
506 69 
507 286 
508 1 
509 376 
510 208 
511 57 
511 13 
511 23 
512 26 
512 84 
512 82 
514 31 
516 641 
517 415 
518 2147 
518 238 
529 169 
529 221 
530 199 
532 425 
534 249 
536 30 
536 17 
539 414 
540 265 
541 50 
541 69 
542 25 
546 130 
547 85 
547 85 
547 85 
548 48 
548 123 
548 556 
549 320 
551 217 
553 22 
553 2228 
554 659 
554 146 
558 279 
559 1 
560 327 
561 137 
563 283 
567 628 
572 909 
572 56 
573 518 
578 1490 
580 609 
582 891 
583 173 
583 115 
584 920 
585 7 
587 1995 
592 123 
600 1785 
600 314 
601 230 
603 34 
604 1750 
610 225 
620 373 
622 362 
625 78 
625 48 
628 513 
630 24 
632 619 
634 10 
634 0 
634 93 
635 353 
636 179 
637 353 
637 1400 
643 196 
646 885 
646 266 
646 298 
647 1059 
650 338 
651 105 
651 123 
651 198 
653 931 
655 780 
655 1561 
657 15 
663 1086 
663 56 
665 2199 
665 274 
666 26 
667 1267 
668 75 
668 27019 
669 73 
673 539 
673 2456 
675 260 
677 301 
680 26 
681 67 
681 663 
681 2850 
682 191 
686 329 
690 283 
693 5172 
694 183 
696 0 
700 1232 
702 278 
705 1279 
714 1707 
714 634 
714 26 
717 1354 
720 485 
721 1156 
722 49 
724 25 
725 26 
727 288 
727 362 
730 275 
735 98 
737 150 
738 1501 
739 30 
739 917 
742 528 
743 19 
746 1738 
746 1063 
754 210 
754 815 
758 159 
759 2717 
760 35 
765 676 
772 746 
776 245 
778 988 
786 24 
792 45 
794 139 
795 110 
803 279 
803 181 
805 60 
806 1188 
810 230 
810 329 
816 10 
817 66 
820 333 
821 1788 
823 1301 
824 96 
824 1053 
825 1422 
827 11 
832 10 
832 2562 
837 1407 
840 1427 
845 1050 
848 177 
852 54 
855 1887 
931 125 
931 58 
939 491 
942 567 
942 1 
943 762 
944 50 
944 875 
946 9219 
948 133 
948 95 
953 3 
953 24 
954 270 
954 227 
956 351 
957 1054 
959 364 
961 148 
964 473 
974 112 
977 255 
978 166 
979 3304 
980 205 
983 1110 
990 164 
994 177 
1001 283 
1001 560 
1002 148 
1004 314 
1014 266 
1020 748 
1022 448 
1023 177 
1025 489 
1034 13 
1034 303 
1035 12 
1036 1248 
1037 99 
1038 1516 
1044 6 
1046 1323 
1047 1011 
1049 30 
1053 256 
1054 1498 
1057 406 
1057 62 
1063 570 
1063 561 
1073 4 
1076 2177 
1077 72 
1085 188 
1087 1402 
1091 826 
1094 1427 
1096 2932 
1098 768 
1103 3096 
1108 104 
1110 444 
1116 7 
1119 733 
1128 24 
1130 1086 
1133 112 
1139 18 
1142 227 
1142 33 
1153 145 
1157 232 
1160 148 
1160 1033 
1161 780 
1174 1530 
1174 5671 
1177 777 
1180 115 
1182 3 
1184 178 
1185 1577 
1190 635 
1190 528 
1190 1019 
1197 378 
1199 712 
1206 108 
1210 1588 
1213 433 
1214 1238 
1215 70 
1215 771 
1226 163 
1227 161 
1231 9 
1232 2373 
1235 908 
1235 23 
1236 3 
1238 6 
1238 2786 
1242 3282 
1246 69 
1247 1238 
1247 25 
1253 3270 
1258 782 
1258 227 
1260 21 
1264 559 
1265 1105 
1267 198 
1269 145 
1278 636 
1283 532 
1284 139 
1290 327 
1292 1548 
1297 11 
1297 43 
1300 65 
1306 652 
1309 189 
1313 473 
1315 70 
1317 3915 
1323 2 
1323 5 
1337 2 
1338 2765 
1344 731 
1349 379 
1374 3 
1378 99 
1380 54 
1381 4 
1381 89 
1383 177 
1388 22 
1390 331 
1390 888 
1404 66 
1409 120 
1414 775 
1418 121 
1422 961 
1426 813 
1433 313 
1437 457 
1502 99 
1509 25 
1518 61 
1519 797 
1523 474 
1533 660 
1560 303 
1562 845 
1563 396 
1572 1692 
1581 1299 
1584 41 
1592 138 
1601 5 
1604 72 
1606 2533 
1611 480 
1612 174 
1617 329 
1621 6202 
1623 86 
1626 32 
1629 197 
1637 78 
1641 989 
1647 2708 
1655 305 
1660 264 
1674 10 
1678 243 
1730 1669 
1739 257 
1741 28 
1743 99 
1744 26 
1746 347 
1754 147 
1757 119 
1760 127 
1766 355 
1771 153 
1776 352 
1780 331 
1790 311 
1807 429 
1811 1257 
1819 54 
1820 153 
1822 1332 
1824 43 
1825 922 
1829 171 
1829 1485 
1830 151 
1830 6208 
1835 5249 
1840 2728 
1842 297 
1844 451 
1847 407 
1848 1443 
1853 86 
1855 8 
1858 17 
1864 139 
1879 100 
1879 601 
1885 70 
1886 4600 
1891 451 
1896 1476 
1900 65 
1902 158 
1906 1 
1909 135 
1917 25 
1923 134 
1924 11 
2006 2303 
2006 37 
2011 288 
2045 200 
2053 6288 
2058 397 
2086 54 
2087 0 
2090 2476 
2102 2836 
2113 478 
2114 39 
2133 1104 
2133 506 
2140 66 
2142 255 
2145 1924 
2151 1110 
2157 4059 
2162 412 
2166 728 
2166 19 
2190 387 
2198 1360 
2210 38 
2215 653 
2217 96 
2221 1611 
2224 300 
2256 1013 
2285 1322 
2289 8 
2290 1028 
2302 108 
2307 395 
2311 290 
2317 2878 
2320 1756 
2330 348 
2343 38 
2346 913 
2348 291 
2369 1119 
2371 1024 
2371 423 
2384 440 
2386 7 
2390 224 
2398 47 
2404 54 
2415 1103 
2415 134 
2418 15 
2419 275 
2421 248 
2429 3 
2494 90 
2496 609 
2511 565 
2517 152 
2522 2295 
2523 33 
2531 345 
2532 1006 
2535 12 
2538 264 
2538 206 
2550 21 
2553 10092 
2553 83 
2571 45 
2585 604 
2593 107 
2600 1496 
2601 156 
2613 2981 
2614 10 
2626 1096 
2643 181 
2644 131 
2652 256 
2656 2544 
2657 34007 
2676 103 
2677 26 
2683 157 
2695 349 
2698 1050 
2702 772 
2721 162 
2733 2002 
2735 549 
2738 1125 
2744 32 
2749 27 
2750 641 
2753 422 
2753 514 
2762 179 
2764 161 
2768 76 
2777 199 
2799 235 
2807 340 
2808 861 
2822 582 
2831 177 
2846 87 
2848 2403 
2864 0 
2881 225 
2888 258 
2902 75687 
2912 154 
2922 4 
2926 1290 
2935 664 
2939 268 
2946 187 
2954 309 
2968 788 
3056 245 
3062 414 
3074 176 
3086 908 
3092 338 
3118 3058 
3133 579 
3136 874 
3139 586 
3139 987 
3148 152 
3173 1052 
3187 1403 
3195 53 
3198 932 
3199 0 
3200 535 
3206 1176 
3218 1 
3232 468 
3235 2537 
3240 72 
3241 78 
3251 1056 
3261 418 
3269 293 
3274 1138 
3292 869 
3297 17 
3300 32 
3320 619 
3322 826 
3326 1131 
3327 8996 
3334 743 
3341 477 
3341 776 
3344 1444 
3345 426 
3353 85 
3357 498 
3375 249 
3384 1159 
3385 4084 
3389 198 
3399 1919 
3403 2108 
3404 101 
3418 1997 
3487 854 
3488 416 
3493 351 
3499 81 
3511 999 
3518 146 
3518 194 
3524 2212 
3538 2053 
3548 260 
3549 2037 
3567 120 
3584 179 
3594 137 
3594 135 
3596 1 
3607 53 
3610 1692 
3632 119 
3638 108 
3666 598 
3671 46 
3677 292 
3692 622 
3693 75 
3710 128 
3722 108 
3722 21 
3723 482 
3735 954 
3762 746 
3771 477 
3776 419 
3856 268 
3865 251 
3874 323 
3878 6 
3889 87 
3893 927 
3895 213 
3896 272 
3896 12162 
3904 15 
3912 831 
3914 1105 
3917 738 
3925 638 
3926 9321 
3949 1431 
3953 161 
3956 423 
3963 930 
3965 851 
3973 537 
3973 16 
3979 1354 
3990 424 
4002 1262 
4007 132 
4009 531 
4011 23 
4034 57 
4053 475 
4055 270 
4058 331 
4079 100 
4099 863 
4101 156 
4106 277 
4107 109 
4120 204 
4120 656 
4198 296 
4218 38 
4231 454 
4239 5462 
4241 729 
4244 2783 
4251 2065 
4252 2854 
4252 1622 
4270 56 
4280 441 
4285 1369 
4296 56 
4299 246 
4314 1331 
4319 163 
4335 3107 
4341 1875 
4346 56 
4370 77 
4398 218 
4401 1014 
4428 104 
4445 309 
4462 4418 
4482 19 
4498 11181 
4519 269 
4595 115 
4605 907 
4619 1361 
4622 769 
4629 1542 
4635 195 
4637 1573 
4640 316 
4654 139 
4662 2 
4681 475 
4693 186 
4695 609 
4697 929 
4700 35 
4701 964 
4705 1053 
4706 1295 
4710 710 
4757 0 
4764 136 
4765 131 
4803 12 
4809 98 
4824 1283 
4844 1232 
4854 1625 
4868 456 
4868 326 
4878 25 
4881 3097 
4898 4 
4910 315 
4918 1084 
4924 1027 
4928 247 
4932 295 
5005 1510 
5027 1577 
5030 2671 
5046 358 
5046 1319 
5051 33 
5055 8 
5057 12 
5061 89 
5062 428 
5063 27 
5065 4 
5078 963 
5091 22 
5093 299 
5116 68 
5136 433 
5138 2453 
5146 962 
5151 2074 
5162 512 
5178 823 
5180 3800 
5181 337 
5190 1315 
5195 320 
5197 1464 
5201 761 
5202 1149 
5217 1036 
5234 978 
5252 2797 
5262 110 
5269 2587 
5277 25 
5279 1299 
5282 57 
5285 1855 
5292 1665 
5306 2990 
5317 238 
5328 1986 
5346 86 
5350 555 
5357 428 
5359 444 
5359 3798 
5371 782 
5387 1768 
5391 330 
5467 1505 
5467 437 
5468 857 
5477 824 
5480 924 
5485 230 
5492 1 
5497 68 
5497 791 
5498 91 
5500 19 
5501 275 
5508 14 
5508 291 
5509 22 
5515 2472 
5520 224 
5522 537 
5532 448 
5537 654 
5541 936 
5542 16 
5549 877 
5551 25 
5559 4872 
5562 379 
5573 3474 
5576 496 
5586 898 
5588 125 
5599 1135 
5605 2922 
5606 1347 
5610 503 
5611 25 
5626 139 
5630 1019 
5630 1057 
5639 765 
5673 374 
5675 1240 
5678 482 
5679 613 
5687 214 
5701 4610 
5702 364 
5716 132 
5719 3754 
5742 2842 
5745 29515 
5745 10 
5754 239 
5754 196 
5756 924 
5785 166 
5789 509 
5794 15 
5809 344 
5832 181 
5834 2545 
5840 1185 
5946 314 
5959 995 
5961 0 
5961 233 
5986 168 
5993 1193 
6040 370 
6049 360 
6068 542 
6072 735 
6080 891 
6082 380 
6092 561 
6101 278 
6116 3571 
6127 58 
6130 63 
6136 82 
6140 663 
6150 264 
6152 7686 
6155 757 
6164 1917 
6174 70 
6258 247 
6265 421 
6266 1 
6267 899 
6272 92 
6285 278 
6312 237 
6322 153 
6338 232 
6356 1178 
6361 142 
6364 228 
6374 73 
6378 118 
6383 1066 
6402 2187 
6403 3615 
6406 1086 
6409 150 
6427 211 
6427 2464 
6434 1647 
6444 117 
6450 3114 
6457 5109 
6478 675 
6481 353 
6489 435 
6494 450 
6517 841 
6517 246 
6519 171 
6525 1594 
6531 398 
6532 23 
6539 968 
6546 1 
6567 2349 
6568 1710 
6571 101 
6573 202 
6576 59 
6649 271 
6651 381 
6667 1783 
6669 459 
6684 295 
6687 239 
6695 1016 
6703 158 
6710 7936 
6715 253 
6727 62 
6731 370 
6733 586 
6742 657 
6742 314 
6743 736 
6745 995 
6749 1204 
6750 102 
6755 950 
6757 7594 
6765 613 
6768 1665 
6774 308 
6776 82 
6779 141 
6781 1 
6782 560 
6786 80 
6791 716 
6804 106 
6805 15 
6806 1113 
6813 385 
6819 648 
6822 63 
6830 17 
6854 83 
6861 0 
6868 149 
6942 98 
6947 584 
6947 475 
6948 1638 
6949 2156 
6975 101 
6979 3576 
6979 142 
6986 64 
7000 171 
7008 228 
7009 293 
7015 703 
7018 1634 
7020 466 
7023 280 
7030 457 
7035 2620 
7038 1462 
7039 424 
7044 308 
7050 925 
7061 302 
7073 704 
7092 173 
7100 30 
7118 901 
7142 117 
7145 3 
7145 161 
7148 514 
7165 544 
7176 193 
7185 280 
7193 25 
7213 112 
7286 2060 
7303 1218 
7307 204 
7330 11 
7334 151 
7335 1488 
7347 257 
7351 131 
7354 1217 
7358 3841 
7360 185 
7373 1333 
7375 2497 
7379 966 
7382 9 
7385 305 
7390 582 
7394 1112 
7402 104 
7405 275 
7422 341 
7426 152 
7430 30 
7433 428 
7445 17 
7451 1497 
7467 691 
7467 651 
7469 125 
7472 843 
7475 485 
7499 955 
7500 555 
7503 2491 
7510 137 
7512 105 
7587 0 
7591 412 
7598 318 
7617 30 
7625 197 
7635 133 
7647 20 
7658 4203 
7660 152 
7685 162 
7685 762 
7687 385 
7691 424 
7698 583 
7704 278 
7768 189 
7769 48 
7773 392 
7775 795 
7793 1448 
7793 1954 
7860 376 
7871 52 
7874 315 
7876 250 
7894 324 
7899 808 
7917 1469 
7918 964 
7924 136 
7933 629 
7938 21 
7948 275 
7960 215 
7961 256 
7965 1760 
7967 736 
7971 511 
7972 1159 
7984 1156 
7995 8516 
8003 309 
8005 1045 
8007 222 
8027 1193 
8037 2 
8039 37 
8040 90 
8040 975 
8042 3172 
8049 147 
8059 236 
8061 350 
8064 371 
8065 2101 
8072 1403 
8079 157 
8088 455 
8126 28 
8133 220 
8152 355 
8162 1054 
8186 338 
8260 44 
8273 2755 
8283 452 
8298 1020 
8304 310 
8327 232 
8333 1394 
8372 3928 
8376 2026 
8377 2157 
8383 1848 
8387 386 
8398 2026 
8406 66 
8415 2026 
8427 749 
8428 137 
8474 13 
8480 1764 
8484 2220 
8488 98 
8494 33 
8497 16 
8499 173 
8570 973 
8593 2000 
8603 147 
8612 72 
8631 1525 
8633 2514 
8638 2205 
8657 201 
8667 726 
8670 1375 
8670 342 
8677 5227 
8679 832 
8685 629 
8687 815 
8699 27 
8709 385 
8717 124 
8727 591 
8728 325 
8733 838 
8739 4603 
8749 2514 
8761 438 
8774 7 
8853 106 
8854 1778 
8868 982 
8875 227 
8890 135 
8915 197 
8937 116 
8938 565 
8939 97 
8939 998 
8966 723 
8975 39 
8991 1339 
8996 849 
9000 205 
9003 140 
9037 173 
9052 334 
9071 7 
9074 192 
9168 697 
9191 2167 
9206 36 
9235 3037 
9304 585 
9324 1486 
9333 854 
9334 257 
9339 881 
9347 325 
9359 108 
9426 2797 
9447 98 
9454 2060 
9455 599 
9490 1267 
9500 408 
9504 1403 
9510 735 
9513 575 
9515 14 
9521 1111 
9527 1183 
9527 109 
9528 315 
9540 1470 
9540 838 
9543 570 
9567 123 
9589 1655 
9589 1117 
9597 154 
9598 494 
9620 268 
9637 131 
9654 6003 
9658 28 
9664 579 
9775 1029 
9781 4066 
9790 98 
9796 1160 
9818 373 
9825 3684 
9847 122 
9851 135 
9853 179 
9856 232 
9862 217 
9880 251 
9882 263 
9895 2498 
9898 259 
9914 3379 
9923 26 
9970 1875 
10072 4 
10090 3749 
10093 99 
10106 2201 
10130 72 
10131 1637 
10139 1664 
10140 99 
10143 411 
10144 401 
10144 193 
10149 419 
10161 425 
10170 627 
10171 184 
10176 407 
10197 1973 
10202 673 
10207 267 
10208 1518 
10236 41 
10236 2010 
10239 481 
10260 61 
10262 197 
10263 2812 
10266 188 
10283 662 
10284 129 
10348 856 
10352 349 
10361 92 
10363 1610 
10374 672 
10381 1499 
10393 576 
10406 2436 
10469 129 
10502 1284 
10509 331 
10514 19 
10516 206 
10520 439 
10520 51 
10526 33 
10531 33 
10535 236 
10537 492 
10540 1425 
10545 1081 
10637 4 
10650 8 
10675 9 
10680 102 
10730 844 
10730 2929 
10730 4574 
10741 26 
10749 102 
10751 20 
10768 1208 
10778 313 
10786 5535 
10792 729 
10796 119 
10804 126 
10804 2984 
10821 10 
10824 150 
10835 666 
10845 553 
10851 1085 
10855 802 
10860 1647 
10923 672 
10961 42 
11022 839 
11024 7127 
11029 10 
11032 215 
11041 103 
11058 2 
11059 123 
11060 291 
11062 39 
11073 736 
11084 133 
11104 528 
11109 5161 
11110 333 
11197 72 
11215 502 
11237 2632 
11247 444 
11258 584 
11264 242 
11270 48 
11300 1213 
11301 347 
11306 2135 
11313 1150 
11324 171 
11335 291 
11336 521 
11355 594 
11356 1625 
11372 355 
11373 1276 
11378 291 
11380 2284 
11386 76 
11469 332 
11473 511 
11476 284 
11476 806 
11476 2 
11485 1506 
11485 4549 
11510 1559 
11510 1559 
11521 1810 
11522 1235 
11538 29 
11556 294 
11559 1589 
11559 1796 
11560 1061 
11562 828 
11565 0 
11580 472 
11591 48 
11603 40 
11611 86 
11630 30 
11637 1378 
11655 416 
11657 232 
11658 9 
11659 98 
11744 1 
11747 536 
11760 363 
11778 568 
11808 190 
11811 134 
11817 66 
11831 565 
11831 676 
11837 562 
11840 670 
11854 1071 
11861 5 
11869 462 
11886 1546 
11895 1988 
11904 309 
11913 530 
11915 267 
11927 7 
12018 1560 
12020 241 
12022 2377 
12028 6 
12057 848 
12068 1020 
12085 2 
12090 15 
12095 35 
12097 459 
12129 430 
12130 3 
12137 230 
12155 543 
12173 123 
12174 361 
12177 304 
12194 975 
12220 38 
12223 590 
12229 347 
12310 206 
12317 927 
12319 249 
12340 3186 
12346 35 
12364 160 
12372 99 
12375 190 
12384 142 
12407 154 
12413 117 
12447 511 
12454 990 
12456 342 
12468 642 
12487 3391 
12488 188 
12498 116 
12502 33 
12511 1841 
12591 1560 
12594 3249 
12599 5054 
12657 140 
12664 269 
12665 432 
12679 739 
12690 177 
12757 1078 
12764 545 
12778 75 
12802 251 
12885 484 
12886 1201 
12897 1324 
12912 458 
12944 1 
12946 17 
12948 113 
12958 1015 
12967 129 
12989 223 
13002 4 
13007 1110 
13007 0 
13020 483 
13026 158 
13031 445 
13070 300 
13093 158 
13190 44 
13224 664 
13265 3 
13270 461 
13271 1727 
13286 2395 
13289 132 
13293 12 
13296 423 
13339 207 
13346 36 
13358 153 
13384 34 
13446 570 
13470 708 
13478 35 
13492 179 
13493 3 
13498 487 
13509 599 
13510 95 
13511 6 
13518 3864 
13518 57 
13518 685 
13520 232 
13526 546 
13533 1 
13535 995 
13537 242 
13542 361 
13552 1564 
13555 29 
13557 2186 
13575 228 
13585 993 
13590 29 
13595 2807 
13597 194 
13597 170 
13602 1312 
13603 201 
13609 235 
13611 432 
13618 121 
13618 1964 
13627 120 
13628 0 
13631 440 
13638 485 
13647 212 
13648 913 
13712 134 
13725 1372 
13742 91 
13750 308 
13753 556 
13753 1189 
13774 447 
13799 246 
13800 340 
13801 39 
13808 1292 
13826 664 
13837 1961 
13846 390 
13867 419 
13895 604 
13905 224 
13996 52 
14001 634 
14002 207 
14005 512 
14005 1397 
14014 1310 
14017 72 
14029 772 
14035 39 
14038 21 
14044 874 
14073 218 
14083 1310 
14102 457 
14112 187 
14224 248 
14245 857 
14302 1141 
14415 107 
14461 40 
14482 2445 
14482 1420 
14492 4 
14497 45 
14499 303 
14516 1963 
14522 196 
14526 54 
14536 2822 
14538 961 
14550 1980 
14620 107 
14639 188 
14647 195 
14659 325 
14665 1737 
14680 687 
14688 190 
14699 581 
14704 271 
14714 3793 
14818 320 
14833 493 
14837 2 
14841 693 
14848 76 
14874 158 
14902 588 
14916 331 
14924 787 
14956 76 
14960 2323 
14965 5210 
14966 112 
14974 205 
14976 5540 
15052 1543 
15074 368 
15095 547 
15106 456 
15109 786 
15116 99 
15141 97 
15162 2607 
15163 67 
15179 289 
15184 83 
15187 686 
15187 373 
15190 1065 
15247 794 
15249 1703 
15256 1954 
15257 8 
15257 785 
15278 1205 
15281 282 
15291 98 
15298 730 
15299 57 
15313 52 
15316 1074 
15325 549 
15329 1853 
15331 280 
15332 941 
15365 796 
15367 693 
15380 138 
15394 419 
15399 2193 
15402 136 
15417 264 
15489 1595 
15492 2328 
15492 587 
15504 246 
15550 372 
15555 290 
15562 1822 
15577 591 
15581 3574 
15589 1152 
15590 10 
15619 1703 
15633 3 
15646 669 
15683 2507 
15747 900 
15759 1383 
15767 154 
15781 433 
15798 1442 
15812 200 
15827 52 
15832 1033 
15834 171 
15847 281 
15890 488 
15969 1331 
15970 2869 
15972 283 
15985 1683 
15990 443 
16003 296 
16003 877 
16006 2962 
16021 1368 
16049 829 
16053 166 
16078 30 
16094 151 
16159 257 
16167 290 
16184 72 
16191 1104 
16197 2201 
16211 59 
16211 241 
16217 6557 
16219 1585 
16219 484 
16222 335 
16223 285 
16227 29 
16247 126 
16270 1697 
16282 245 
16290 1358 
16292 1493 
16294 87 
16322 571 
16330 1302 
16389 40 
16398 28 
16415 265 
16427 31 
16485 1162 
16494 8156 
16498 40 
16500 613 
16514 55 
16516 926 
16518 81 
16602 735 
16604 100 
16619 151 
16627 84 
16650 619 
16703 202 
16719 3553 
16721 725 
16738 183 
16761 2785 
16830 960 
16868 181 
16877 447 
16905 241 
16916 3039 
16917 284 
16931 3 
16933 1161 
16945 2199 
16952 4765 
16963 2120 
16975 34 
16976 220 
17030 48 
17050 825 
17051 202 
17057 125 
17066 73 
17066 639 
17080 821 
17103 0 
17117 259 
17145 480 
17229 145 
17274 35 
17284 138 
17286 896 
17303 55 
17311 504 
17356 133 
17364 9 
17378 576 
17381 268 
17382 200 
17444 4177 
17445 771 
17452 329 
17464 250 
17512 97 
17518 347 
17571 331 
17589 463 
17673 901 
17674 1913 
17675 235 
17678 667 
17686 271 
17687 16 
17689 4096 
17690 67 
17693 1963 
17693 386 
17694 629 
17696 1006 
17698 1217 
17703 751 
17707 1670 
17707 248 
17713 418 
17714 2739 
17724 7 
17733 98 
17743 2205 
17746 249 
17751 604 
17756 1391 
17756 3881 
17760 69 
17766 2521 
17770 518 
17777 1124 
17782 1061 
17783 1020 
17783 214 
17797 342 
17880 206 
17885 203 
17890 565 
17891 1817 
17916 182 
17923 24 
17927 38 
17931 4130 
17934 603 
17945 1307 
17952 1321 
17952 676 
17962 339 
17966 751 
17978 393 
18040 1079 
18041 1831 
18043 237 
18049 290 
18059 643 
18079 452 
18082 506 
18095 145 
18096 3306 
18103 1753 
18110 1269 
18120 1141 
18237 50 
18238 629 
18254 399 
18260 504 
18261 127 
18271 57 
18289 455 
18310 357 
18331 34 
18341 40 
18341 123 
18404 3202 
18422 2783 
18427 598 
18433 812 
18436 180 
18445 215 
18450 214 
18455 839 
18456 783 
18486 268 
18489 877 
18493 222 
18507 1391 
18509 135 
18573 452 
18577 2628 
18590 336 
18603 29 
18605 137 
18664 552 
18676 155 
18691 51 
18780 1209 
18802 1356 
18824 57 
18842 530 
18843 346 
18845 85 
18860 73 
18887 519 
18966 150 
19006 175 
19029 82 
19043 408 
19059 22 
19059 1336 
19079 780 
19087 161 
19143 1853 
19147 222 
19150 10718 
19167 423 
19168 2766 
19180 878 
19186 1327 
19187 4758 
19188 342 
19189 754 
19193 283 
19194 863 
19201 845 
19204 4112 
19206 1849 
19219 3656 
19234 1159 
19238 421 
19251 1006 
19269 94 
19269 439 
19327 879 
19353 1445 
19353 106 
19405 1329 
19419 642 
19429 2580 
19446 536 
19462 1185 
19532 240 
19542 809 
19549 20666 
19570 2749 
19587 1278 
19589 252 
19591 1823 
19593 36 
19598 480 
19742 780 
19763 1477 
19766 551 
19790 9390 
19810 314 
19839 508 
19918 366 
19939 2133 
19942 48 
19946 232 
19976 780 
19985 1233 
20004 51 
20008 423 
20011 903 
20014 1478 
20034 267 
20036 3 
20098 1211 
20116 144 
20122 144 
20145 313 
20151 566 
20152 106 
20178 73 
20309 1889 
20367 2355 
20372 2122 
20390 6 
20436 460 
20438 561 
20556 347 
20624 106 
20708 6 
20750 1 
20785 29 
20799 19527 
20805 428 
20882 271 
20884 30 
20902 1537 
20989 320 
20993 13 
20996 5206 
21023 67 
21028 273 
21105 0 
21120 648 
21137 357 
21207 1876 
21293 260 
21297 725 
21313 2357 
21335 3083 
21364 1657 
21410 569 
21413 165 
21424 371 
21484 6680 
21497 66 
21503 932 
21528 102 
21537 266 
21564 132 
21578 91 
21583 331 
21583 1311 
21584 396 
21682 1309 
21687 41 
21696 147 
21723 1304 
21737 265 
21745 189 
21763 758 
21763 2 
21764 333 
21942 1016 
22108 280 
22127 1735 
22194 2141 
22220 365 
22278 187 
22294 212 
22542 194 
22556 666 
22602 4180 
22625 537 
22632 2468 
22663 179 
22769 642 
22772 1531 
22790 345 
22817 380 
22842 418 
22844 1 
22857 49 
22974 1120 
22997 320 
23138 939 
23167 1566 
23184 63 
23185 836 
23209 26 
23217 253 
23227 340 
23246 120 
23308 486 
23310 381 
23327 1586 
23394 1635 
23398 338 
23411 2003 
23484 1839 
23486 1363 
23498 189 
23511 135 
23529 124 
23540 244 
23553 70 
23554 957 
23595 1437 
23667 287 
23690 7 
23697 36 
23698 160 
23750 195 
23935 420 
24014 287 
24030 302 
24085 924 
24099 166 
24142 62 
24219 865 
24246 268 
24429 134 
24494 762 
24506 18 
24572 398 
24797 75 
24805 593 
24811 481 
24835 512 
24895 220 
24906 382 
24930 157 
24940 1370 
24950 836 
24952 235 
24964 116 
25009 2320 
25010 309 
25082 786 
25096 25 
25136 112 
25233 1650 
25296 212 
25311 16974 
25410 66 
25414 156 
25429 151 
25477 18 
25479 459 
25505 92 
25567 594 
25581 1623 
25708 713 
25777 2301 
25780 183 
25783 83 
25794 1077 
25800 104 
25924 749 
25940 233 
25957 791 
26042 190 
26055 1053 
26075 12 
26208 1326 
26233 169 
26269 1573 
26421 203 
26424 2357 
26575 114 
26627 76 
26634 239 
26717 511 
26726 389 
26729 61 
26733 403 
26736 1126 
26739 1137 
26773 157 
26797 2147 
26798 1210 
26883 390 
26902 16 
26907 294 
26940 8048 
26941 7694 
26963 841 
26989 233 
27010 1146 
27157 315 
27184 4739 
27190 1899 
27258 4079 
27265 178 
27267 124 
27325 261 
27340 695 
27361 1076 
27363 729 
27458 67 
27468 1810 
27473 347 
27485 204 
27531 79 
27695 1457 
27719 2508 
27732 268 
27735 32 
27832 2260 
27842 1720 
27873 620 
28223 3572 
28438 39 
28662 411 
28786 99 
28871 279 
28955 530 
29002 1752 
29039 92 
29045 546 
29122 8700 
29134 210 
29343 142 
29364 75 
29380 2554 
29494 3495 
29540 357 
29558 1397 
29563 808 
29571 1203 
29608 921 
29620 283 
29621 1430 
29703 103 
29755 171 
29756 961 
29773 5516 
29919 886 
30001 218 
30018 224 
30052 195 
30058 163 
30140 1541 
30145 68 
30179 541 
30193 79 
30221 906 
30240 514 
30408 484 
30431 147 
30461 614 
30488 764 
30772 53 
30839 1442 
30870 0 
30877 1388 
31101 84 
31116 153 
31235 976 
31280 564 
31433 351 
31453 188 
31468 884 
31478 593 
31516 437 
31565 657 
31570 1276 
31573 6667 
31679 3146 
31687 553 
31777 656 
31961 1097 
32227 1154 
32481 636 
32512 489 
32560 523 
32593 65 
32604 823 
32668 2422 
32915 200 
32946 310 
33036 762 
33103 840 
33151 969 
33292 25 
33294 2119 
33328 1613 
33521 14293 
33540 142 
33612 243 
33698 677 
33784 573 
33784 184 
33908 63 
34017 622 
34074 1026 
34110 10 
34119 576 
34140 232 
34164 106 
34214 1070 
34296 867 
34341 1520 
34638 988 
34679 47 
34716 1246 
34806 1591 
34892 364 
34936 757 
35132 206 
35180 5 
35495 540 
35552 59 
35625 6 
35650 21 
35681 94 
35730 938 
35973 39 
36310 302 
36499 1587 
36607 61 
36706 293 
36909 1738 
36979 205 
37006 361 
37119 636 
37158 100 
37435 263 
37646 417 
37911 1157 
38003 1570 
38136 4315 
38171 1364 
38189 3470 
38199 233 
38393 57 
38432 701 
38491 258 
38863 9434 
38878 1079 
38910 580 
38930 750 
38945 185 
39132 1056 
39165 3 
39252 686 
39411 1513 
39529 483 
39554 55 
40139 1032 
40248 849 
40407 1885 
40472 1149 
40500 6391 
40629 199 
40668 502 
40682 1728 
40856 311 
40882 3 
40922 684 
41035 153 
41042 17 
41230 132 
41310 355 
41337 2064 
41669 804 
41786 1294 
41877 2070 
42005 830 
42014 1300 
42044 2909 
42045 2431 
42304 592 
42347 730 
42564 334 
42627 72 
42683 209 
42719 47 
43080 151 
43359 455 
43561 247 
43834 249 
44032 83 
44387 73 
44776 1352 
45379 1127 
45422 270 
45489 439 
45563 427 
45695 72 
45966 698 
46065 4631 
46098 1634 
46159 1174 
46299 6 
46370 244 
46382 1449 
46664 1149 
46756 144 
47282 239 
47496 124 
47612 892 
47627 64 
47657 0 
48046 24505 
48379 215 
48619 752 
48719 927 
48879 241 
49150 0 
49324 1395 
49366 594 
49670 154 
49684 62 
49975 71 
49984 1553 
50038 305 
50119 45 
50238 122 
50649 667 
51139 330 
51160 408 
51240 1609 
51240 1067 
51396 1047 
51478 315 
51563 1256 
51755 582 
51787 348 
52040 143 
52183 553 
52523 1191 
52560 57 
52623 306 
52634 120 
52738 9197 
52911 2071 
53237 145 
53250 959 
53356 1212 
53493 589 
53587 224 
54022 424 
54109 618 
54336 1839 
54353 39 
54613 158 
54758 2263 
54759 1108 
54781 12095 
54801 1283 
54839 188 
54955 8389 
55140 239 
55152 393 
55169 286 
55223 3028 
55271 606 
55326 1428 
55384 1235 
55389 137 
55398 290 
55491 16 
55772 2799 
55974 1661 
55993 1130 
56043 265 
56166 394 
56184 561 
56365 378 
56711 796 
56865 90 
56929 359 
57059 969 
57080 1926 
57409 655 
57427 1779 
57667 105 
57845 27 
58147 58 
58184 40 
58250 129 
58642 367 
58839 1962 
58878 2202 
59269 2275 
59365 15852 
59426 5257 
59492 1232 
59493 1788 
59533 328 
59563 1669 
59578 1099 
59897 498 
59944 5 
60059 493 
60089 52 
60497 7605 
60524 188 
60527 77 
60574 3139 
60604 296 
60616 1881 
60923 435 
61065 399 
61080 167 
61200 1090 
61304 2088 
61323 163 
61339 1647 
61363 4053 
61562 216 
61572 220 
61698 2550 
61717 175 
61911 222 
61967 1601 
62104 1310 
62311 406 
62558 934 
62635 1083 
63031 234 
63253 1194 
63291 1126 
63328 91 
63340 1386 
63435 132 
63522 0 
63530 0 
63793 1335 
64066 5838 
64133 768 
64144 2719 
64303 379 
64369 1 
64475 147 
64763 120 
64772 386 
64775 11 
64876 108 
64883 2437 
64929 821 
64942 287 
64956 599 
65087 781 
65171 270 
65180 117 
65331 109 
65387 1704 
65438 6212 
65467 174 
65496 406 
65585 96 
65688 423 
65692 1053 
65704 1053 
65760 1361 
65850 187 
65872 678 
65959 181 
66114 1892 
66178 267 
66199 80 
66236 2667 
66241 1014 
66243 897 
66365 1023 
66373 87 
66632 2096 
66722 1586 
66748 708 
66824 920 
66862 876 
66884 331 
66910 215 
67104 1113 
67116 420 
67227 67 
67231 10 
67251 262 
67580 289 
67695 812 
67807 212 
68011 91 
68061 11 
68118 1216 
68172 1173 
68209 66 
68214 1134 
68234 2257 
68239 307 
68284 107 
68305 227 
68310 169 
68465 2 
68710 456 
68836 413 
68955 459 
69428 1598 
69486 539 
69518 975 
69694 153 
69982 281 
70010 691 
70035 270 
70301 505 
70356 2162 
70415 1802 
70476 262 
70501 340 
70767 332 
70819 321 
70860 1356 
70907 274 
70949 209 
71297 274 
71616 71 
71674 1550 
71697 1329 
71700 553 
71705 1377 
71747 1416 
71870 1283 
71997 20 
72007 761 
72030 612 
72185 2485 
72186 87 
72195 225 
72586 155 
72665 2277 
72694 268 
72833 96 
73136 303 
73394 349 
73460 4376 
73476 274 
73522 2571 
73528 2309 
73534 558 
73678 470 
73691 228 
73723 6072 
73743 858 
73939 154 
74143 775 
74182 719 
74384 150 
74757 21 
74778 1027 
74873 4047 
75134 946 
75179 653 
75718 4031 
75758 156 
75778 41 
75862 3 
75907 985 
75947 3041 
75961 405 
76041 1218 
76094 84 
76168 0 
76271 639 
76288 764 
76309 727 
76326 299 
76368 210 
76371 694 
76387 74 
76418 401 
76528 181 
76563 297 
76807 478 
76942 40 
77008 1455 
77298 399 
77666 481 
77949 306 
78008 928 
78026 219 
78219 217 
78532 243 
78584 249 
78693 11624 
78709 1153 
78845 709 
78945 610 
79037 1189 
79073 199 
79113 184 
79324 1437 
79367 698 
79411 142 
79747 3108 
79954 2475 
79954 304 
80005 432 
80014 265 
80091 93 
80117 169 
80126 626 
80160 530 
80206 338 
80349 3427 
80454 124 
80457 79 
80485 1186 
80595 535 
80598 644 
80615 27 
80696 811 
80766 2514 
80829 35295 
80843 529 
81227 2 
81316 248 
81328 394 
81362 992 
81377 123 
81402 88 
81417 71 
81506 18 
81513 306 
81517 465 
81554 283 
81581 0 
81690 359 
81707 477 
81743 2272 
81747 1299 
81761 352 
81970 78 
82029 68 
82092 150 
82096 336 
82098 156 
82219 98 
82329 571 
82519 1495 
82587 350 
82737 1733 
82747 6788 
82762 1345 
82788 1606 
82888 330 
82978 542 
83035 1036 
83053 4 
83071 70 
83207 86 
83224 266 
83358 4669 
83397 99 
83479 2114 
83583 1095 
83950 1376 
83973 421 
83987 456 
84088 75 
84151 1111 
84169 101018 
84198 1758 
84232 205 
84251 168 
84284 286 
84297 132 
84330 19 
84333 268 
84349 36 
84379 62 
84386 95 
84792 242 
84885 299 
84891 1250 
85000 1479 
85012 252 
85015 525 
85021 1692 
85053 2118 
85058 383 
85164 130 
85192 3385 
85202 0 
85230 128 
85240 1014 
85271 49 
85425 172 
85471 372 
85486 1301 
85491 1647 
85536 418 
85564 784 
85564 5649 
85722 2650 
85799 2918 
85906 0 
85918 1124 
85961 531 
85978 655 
86377 14 
86514 980 
86530 664 
86555 460 
86624 275 
86753 860 
87040 843 
87064 113 
87081 481 
87132 532 
87136 1803 
87145 83 
87146 30 
87147 205 
87180 641 
87287 51 
87337 854 
87435 1490 
87621 6961 
87650 440 
87757 36 
87805 8 
87969 621 
88051 2076 
88173 500 
88242 485 
88269 1433 
88426 1347 
88438 492 
88480 187 
88523 1163 
88837 625 
88871 308 
88879 1923 
89039 263 
89161 1598 
89174 372 
89348 153 
89393 331 
89416 1153 
89429 3043 
89640 1 
89704 15088 
89718 183 
89798 1386 
89865 63 
89962 95 
89982 339 
89997 385 
90043 287 
90199 5 
90342 152 
90470 8 
90476 85 
90572 648 
90607 1254 
90686 45 
90741 1397 
90754 533 
90789 712 
90910 115 
90911 601 
90996 6209 
91012 1846 
91040 134 
91066 1149 
91167 461 
91184 1160 
91201 684 
91308 259 
91332 99 
91467 1814 
91477 1383 
91494 397 
91505 353 
91598 2807 
91757 903 
91801 326 
91955 3209 
91961 947 
92132 159 
92175 484 
92186 767 
92323 315 
92393 41 
92459 1029 
92462 176 
92543 1540 
92571 3505 
92581 961 
92805 257 
92810 284 
92813 474 
92832 219 
92885 104 
92895 245 
92956 53 
93008 68 
93039 130 
93052 206 
93406 197 
93412 424 
93570 168 
93578 510 
93600 411 
93723 2044 
93780 91 
93804 64 
93861 2066 
94218 633 
94265 726 
94314 670 
94334 85 
94377 1709 
94447 693 
94482 0 
94547 1605 
94560 785 
94584 1131 
94628 1561 
94706 1482 
94789 314 
94954 71 
95006 2 
95633 410 
95652 104 
95656 140 
95680 171 
95807 17 
95823 1406 
95861 167 
96047 260 
96049 383 
96077 31 
96147 3 
96285 1014 
96485 65 
96555 85 
96599 239 
97019 550 
97342 44 
97352 1570 
97578 240 
97720 138 
97975 1413 
97976 536 
98065 1254 
98085 649 
98089 72 
98182 296 
98377 691 
98392 87 
98451 805 
98452 2 
98528 1104 
98578 693 
98623 1532 
98624 50 
98722 765 
98753 137 
98849 86 
98870 620 
98901 312 
98954 312 
98997 145 
99051 249 
99061 467 
99171 248 
99445 1110 
99583 26 
99592 154 
99692 369 
99916 132 
100093 468 
100129 500 
100277 3 
100450 223 
100572 292 
100608 9984 
100895 194 
100999 1182 
101124 269 
101124 625 
101142 1633 
101174 234 
101208 30 
101211 795 
101438 1355 
101570 589 
101582 9 
101747 103 
101761 90 
102284 1045 
102366 540 
102393 66 
102456 93 
102472 72 
102730 843 
102844 3 
102872 811 
102891 622 
103105 201 
103123 259 
103137 184 
103182 88 
103188 1283 
103321 153 
103340 341 
103342 69 
103377 2559 
103426 815 
103646 2191 
103647 304 
103898 780 
103918 759 
104073 298 
104092 1429 
104151 208 
104255 724 
104256 226 
104322 1208 
104464 1621 
104676 290 
104688 471 
104731 213 
105085 260 
105388 3719 
105473 387 
105527 7 
105690 547 
105730 287 
105986 1657 
106082 4161 
106111 311 
106162 1412 
106258 261 
106366 296 
106401 202 
106465 92 
106472 0 
106618 2128 
106651 35 
106702 232 
107361 530 
107489 424 
107704 588 
107711 226 
107963 2203 
107999 46 
108164 140 
108337 132 
108473 275 
108568 117 
108703 56 
108716 2412 
108733 1 
108767 238 
108820 196 
108925 234 
108962 1275 
109042 190 
109083 1004 
109164 1481 
109317 1295 
109487 516 
109641 1430 
109698 1089 
109780 40 
109882 143 
109949 243 
110747 335 
110759 62 
110845 0 
110979 13 
110997 217 
111003 243 
111199 769 
111225 1094 
111271 385 
111310 53 
111650 910 
111816 3874 
111839 95 
111883 37 
111936 321 
112067 1442 
112165 875 
112253 1096 
112839 181 
112902 165 
112931 228 
113799 132 
113960 574 
114160 743 
114719 855 
114745 499 
114865 574 
114983 1714 
115095 201 
115665 3383 
115792 488 
115846 917 
115918 1054 
116034 637 
116408 415 
116704 2406 
116731 1789 
116745 375 
116750 306 
116751 906 
116966 5049 
117070 674 
117155 161 
117362 273 
117387 1815 
117455 283 
117637 932 
117978 176 
118014 311 
118016 1211 
118514 183 
118846 1032 
118909 3451 
119717 489 
120152 9 
120374 292 
120396 118 
120801 422 
120807 1619 
120846 16 
120859 526 
120869 1257 
121365 26 
121427 3 
122404 71 
122484 549 
123087 978 
123198 359 
123308 150 
123567 157 
123944 594 
124305 1624 
124627 1225 
124819 1260 
124921 3708 
125139 706 
126948 1477 
128093 458 
128500 328 
129250 630 
129592 729 
130583 228 
132461 178 
132545 299 
132970 420 
134096 62 
135066 163 
135947 541 
137708 296 
137939 401 
137943 1 
138357 267 
138573 1876 
139809 463 
140083 618 
140215 31 
140733 302 
140828 881 
141044 1080 
141143 188 
141205 2852 
141452 99 
143108 2499 
143126 1381 
143389 603 
143417 199 
143436 618 
144712 268 
144848 622 
145333 1949 
145453 215 
145472 348 
146352 1123 
147916 1081 
147938 18 
149112 405 
149369 43 
149401 1209 
149749 1137 
149830 1638 
149933 80 
150129 279 
150211 1053 
150826 1192 
150913 1144 
151426 7315 
151427 50 
151673 1258 
151916 249 
152241 11 
152243 6 
152730 2221 
153293 230 
153468 773 
154591 1070 
154654 407 
154856 1057 
155482 244 
156091 526 
156539 140 
156549 894 
156656 247 
157233 6 
157421 2 
157607 862 
157974 286 
158051 1104 
158669 3 
158693 130 
158789 474 
158953 368 
158981 239 
159500 93 
159694 1823 
160159 113 
160378 53 
160602 15 
161329 125 
161419 872 
162257 270 
162311 3198 
162478 1536 
162529 184 
163333 1383 
163725 336 
163787 92 
164018 153 
164038 354 
164130 3294 
164258 1682 
164283 192 
165077 1021 
165362 1608 
165466 1039 
165897 660 
166319 51 
166373 473 
166457 181 
167286 45 
167372 525 
168145 369 
168777 128 
168966 153 
168980 494 
169212 440 
169250 656 
169271 312 
169292 60 
169784 125 
169800 147 
169864 1013 
170032 441 
170194 33 
170458 124 
170528 1413 
170681 1633 
170763 3011 
170801 804 
170827 139 
171207 1371 
171233 1120 
171367 34 
171457 16 
171486 1806 
171632 15315 
171637 1781 
171948 491 
172263 18 
172323 140 
172543 224 
172577 1390 
173424 2129 
173710 331 
173823 1491 
173926 1126 
174322 266 
174405 927 
174527 333 
174887 929 
175347 1771 
175361 300 
175412 819 
175459 77 
175497 76 
175511 553 
175538 2780 
175554 370 
175618 1281 
175628 6795 
175683 2872 
176142 1336 
176197 895 
176248 114 
176255 910 
176262 1425 
176267 512 
176376 1039 
176565 1510 
176769 1119 
176994 58 
177111 590 
177261 2756 
177571 262 
177690 188 
177788 2515 
177811 136 
178264 111 
178400 1152 
178564 9076 
179255 16301 
179267 7261 
179293 127 
179306 818 
179326 783 
179335 2105 
179429 1263 
179481 13 
179579 131 
179790 1023 
179935 126 
180030 3127 
180059 160 
180083 120 
180176 61 
180585 1592 
180822 718 
180890 288 
181350 318 
181544 911 
181648 67 
181921 864 
182092 81 
182329 221 
182371 2532 
182432 6423 
182447 16334 
182467 1139 
182469 599 
182571 1259 
182632 1200 
182996 144 
182996 144 
183454 13 
183665 653 
183719 355 
183865 16 
184283 89 
184753 34 
184770 55 
185028 98 
185029 181 
185431 2661 
185455 99 
185811 381 
185999 704 
186083 63 
186145 563 
186270 1375 
186293 88 
186440 770 
186529 1880 
186533 105 
186712 176 
186809 778 
186902 85 
186918 3053 
187020 561 
187248 1399 
187343 202 
187378 936 
187456 201 
187485 2154 
187541 200 
187547 577 
187591 117 
187623 650 
187960 1495 
188227 1110 
188255 1069 
188334 88 
188347 335 
188371 1304 
188410 417 
188613 692 
188667 1566 
189095 208 
189317 158 
189499 440 
189546 96 
189687 1674 
189712 6347 
189854 148 
189910 237 
190463 360 
190895 0 
191231 146 
191534 263 
191765 98 
191837 218 
191933 418 
192207 135 
192624 812 
193005 111 
193318 637 
193544 545 
193589 122 
193808 289 
193938 173 
194034 653 
194109 236 
194428 198 
194923 1308 
195290 69 
195616 1395 
195798 596 
195983 915 
196053 31 
196543 441 
196579 128 
196588 57 
196894 844 
196920 260 
196935 78 
197204 1210 
197295 887 
197339 647 
197394 122 
197426 495 
197513 236 
198022 190 
198113 1677 
198200 720 
198247 465 
198315 3458 
199013 781 
199030 2008 
199220 129 
199442 89 
199679 84 
199745 1965 
200017 692 
200040 260 
200369 387 
200514 242 
200537 273 
200821 35 
201032 2771 
201399 1586 
201440 79 
201491 232 
202314 243 
202394 14 
202430 288 
203264 545 
203345 6617 
204383 2942 
204574 824 
204642 515 
204937 1381 
205755 238 
206292 241 
208610 1622 
208613 6100 
209567 953 
211080 257 
211945 179 
213426 68 
215260 943 
215623 148 
216330 1911 
216819 1211 
218039 1097 
218419 1047 
218520 303 
228729 150 
233187 163 
235458 209 
238074 3 
241077 841 
241171 325 
243578 177 
243749 781 
244693 571 
248822 417 
249827 1359 
251018 1164 
251776 190 
253644 464 
254458 3068 
254499 211 
255577 347 
255717 10 
255817 34 
256880 178 
257729 142 
258183 487 
258211 201 
258519 855 
260547 1320 
261545 196 
261599 281 
262840 1202 
262999 87 
263231 1051 
263710 12348 
264200 840 
264603 678 
269885 144 
271090 116 
271145 312 
272085 366 
272530 94 
272730 130 
273303 160 
275014 598 
275247 1081 
275425 802 
278123 490 
278709 384 
279436 33 
280627 120 
281733 3012 
283358 1231 
284911 353 
285045 1421 
285402 1517 
285876 1011 
286368 181 
289344 2038 
295052 28 
295580 786 
299937 172 
307067 2440 
315594 89 
315687 131 
320871 43 
321120 884 
322960 580 
326988 524 
328887 419 
329229 1514 
329581 1314 
332448 117 
334572 1240 
334839 1507 
334863 364 
338159 270 
340438 539 
343267 545 
343835 539 
346245 1026 
346701 106 
347855 582 
348201 112 
350246 813 
350253 1764 
353442 611 
354465 479 
358234 107 
358549 12401 
358556 53 
362367 232 
363842 518 
366011 204 
366157 2591 
366157 2591 
370332 1622 
373830 247 
376025 222 
376048 237 
381205 467 
385460 25028 
385533 1197 
385662 151 
385764 801 
387762 15 
390884 1459 
392525 500 
392594 306 
397176 851 
409112 72 
409991 565 
416072 285 
416089 1160 
422109 170 
422597 3480 
427291 1378 
427423 219 
427457 327 
427783 1532 
430001 574 
438003 208 
438132 171 
442538 1311 
444063 237 
448814 186 
450206 724 
451235 1182 
453094 3336 
455955 544 
460402 273 
474496 475 
496556 615 
507735 1 
508596 782 
511307 322 
514731 62 
531010 4221 
565593 142 
578851 1 
597005 226 
