2081 8.40487268519
0 287059 
6 203 
7 15 
7 407 
7 123 
7 96 
7 80 
8 73 
8 145 
9 434 
11 75 
11 67 
12 66 
12 11 
13 124 
14 53 
14 1259 
14 16 
14 71 
14 84 
14 326 
15 58 
15 38 
16 234 
16 113 
16 277 
16 1060 
18 53 
19 28 
20 17 
20 239 
22 224 
22 168 
23 88 
24 70 
24 149 
25 1075 
25 1124 
26 272 
26 79 
26 68 
28 107 
28 1423 
28 126 
29 72 
29 29 
29 24 
30 41 
30 280 
30 54 
31 165 
31 319 
31 182 
31 142 
32 386 
32 111 
33 123 
33 296 
33 16 
33 176 
33 45 
34 39 
34 95 
35 844 
35 8 
35 579 
36 35 
36 86 
36 333 
37 49 
37 23 
38 223 
38 121 
39 45 
39 91 
39 161 
39 70 
39 2 
40 41 
40 176 
41 102 
41 28 
41 114 
41 116 
41 160 
42 12 
42 97 
42 100 
42 38 
42 312 
43 14 
43 405 
44 449 
44 168 
44 117 
44 34 
44 51 
44 69 
44 145 
44 8 
45 54 
45 24 
45 48 
45 50 
45 10 
46 31 
46 8 
47 10 
47 81 
48 155 
48 18 
49 12 
49 95 
49 14 
50 103 
50 215 
50 164 
50 80 
50 577 
50 131 
50 117 
51 12 
51 26 
51 44 
52 51 
52 96 
52 23 
52 33 
52 97 
53 161 
53 10 
54 314 
54 90 
55 83 
55 174 
55 17 
56 118 
56 83 
56 55 
56 73 
56 388 
57 303 
57 21 
58 242 
58 83 
58 224 
58 406 
58 25 
59 69 
59 15 
59 67 
60 80 
60 30 
61 135 
61 63 
61 42 
62 530 
62 423 
62 135 
63 89 
63 157 
64 150 
64 31 
64 37 
65 143 
65 142 
66 115 
66 58 
66 0 
68 419 
68 111 
68 303 
68 297 
69 63 
69 148 
69 14 
69 10 
70 184 
70 125 
70 1 
71 129 
71 157 
71 60 
71 15 
72 301 
72 279 
72 16 
72 79 
73 56 
73 28 
74 126 
74 73 
74 96 
74 77 
74 48 
74 206 
74 243 
74 256 
75 101 
75 97 
75 138 
75 31 
76 242 
76 78 
76 71 
76 105 
78 232 
78 338 
78 13 
79 52 
79 28 
79 172 
80 1685 
80 150 
82 53 
82 121 
83 21 
83 151 
83 6 
84 138 
84 303 
84 24 
84 21 
85 595 
85 82 
85 31 
86 17 
87 447 
87 12 
88 23 
88 74 
88 187 
89 847 
89 139 
89 90 
90 4662 
90 108 
90 186 
90 15 
91 105 
91 82 
92 150 
92 378 
92 238 
93 262 
93 79 
93 2 
93 19 
94 92 
94 119 
95 285 
96 34 
96 82 
97 7 
97 114 
97 591 
97 138 
97 64 
98 100 
98 21 
98 50 
100 156 
100 220 
100 171 
100 193 
100 44 
100 91 
101 13 
101 29 
102 242 
102 95 
102 207 
102 37 
102 83 
102 141 
102 32 
103 258 
103 125 
104 52 
104 69 
104 42 
105 61 
106 113 
106 44 
107 70 
107 2782 
108 121 
108 17 
108 127 
109 105 
109 216 
109 169 
110 41 
110 42 
110 7 
110 48 
110 187 
111 23 
111 29 
111 132 
111 72 
111 94 
112 63 
112 255 
112 113 
112 150 
112 71 
112 49 
113 66 
114 43 
114 58 
116 262 
116 43 
116 33 
116 71 
117 195 
117 150 
117 79 
118 25 
118 66 
118 20 
119 112 
119 80 
119 58 
119 248 
119 85 
120 4 
121 16 
121 62 
121 303 
122 99 
122 196 
122 67 
123 71 
124 5 
124 177 
124 31 
124 109 
125 339 
125 101 
125 39 
126 66 
126 56 
127 769 
127 100 
128 209 
128 162 
128 13 
129 59 
129 122 
130 31 
131 299 
132 142 
133 181 
134 45 
134 26 
134 37 
135 115 
135 99 
135 13 
136 21 
136 35 
136 42 
137 14 
137 95 
137 138 
137 46 
138 5 
138 33 
138 6 
138 39 
138 28 
138 201 
138 140 
138 88 
139 35 
139 234 
139 45 
140 149 
140 172 
141 116 
142 25 
143 965 
143 24 
143 89 
144 181 
144 23 
145 38 
145 84 
145 175 
146 27 
146 51 
147 205 
147 42 
148 63 
148 149 
148 279 
148 39 
148 229 
149 51 
149 46 
149 37 
150 36 
150 681 
151 45 
152 124 
152 8 
153 29 
154 826 
154 114 
154 33 
155 36 
155 95 
156 143 
157 12 
157 168 
157 104 
157 57 
157 47 
157 46 
157 85 
158 12 
158 6 
160 315 
160 144 
161 67 
161 96 
162 114 
162 434 
163 134 
163 54 
164 96 
164 16 
164 76 
165 4 
165 17 
166 193 
166 216 
167 145 
167 89 
168 246 
168 365 
169 9 
169 159 
169 165 
171 1 
171 63 
171 98 
171 193 
172 120 
172 26 
173 138 
173 70 
173 29 
173 5 
174 10 
174 18 
175 194 
175 152 
176 125 
176 2 
177 87 
178 114 
178 45 
178 26 
178 9 
179 55 
179 99 
179 11 
180 14 
181 110 
181 14 
181 46 
182 225 
182 65 
183 249 
183 15 
184 76 
185 245 
185 60 
186 69 
186 17 
187 33 
188 126 
188 73 
189 195 
189 58 
189 137 
189 493 
190 129 
190 97 
191 27 
192 83 
192 66 
192 36 
193 104 
193 103 
194 125 
195 125 
195 1339 
195 130 
196 105 
197 22 
198 54 
198 71 
198 114 
198 15 
199 10 
199 124 
199 35 
200 12 
201 70 
201 58 
202 21 
202 520 
204 145 
204 81 
204 110 
205 180 
206 217 
207 51 
207 92 
208 144 
208 120 
209 7 
209 93 
209 25 
209 79 
210 148 
210 56 
211 56 
213 47 
213 32 
213 35 
214 83 
215 69 
216 10 
216 113 
218 311 
220 237 
220 54 
223 207 
224 86 
224 171 
224 27 
225 23 
225 11 
225 93 
226 223 
227 63 
228 41 
231 5 
231 110 
231 18 
231 43 
231 59 
231 247 
231 17 
232 145 
232 266 
233 36 
234 42 
234 58 
235 28 
237 179 
238 59 
238 63 
240 14 
241 16 
243 82 
243 1 
243 112 
244 153 
245 66 
246 108 
247 31 
247 65 
248 115 
248 74 
248 92 
249 47 
250 23 
250 43 
251 300 
252 43 
252 22 
252 135 
253 267 
253 40 
254 242 
255 42 
256 79 
257 119 
259 88 
259 94 
260 52 
261 170 
262 195 
263 75 
263 58 
264 95 
265 8 
269 50 
269 14 
271 1 
272 17 
272 134 
272 31 
273 45 
274 56 
277 88 
278 92 
279 234 
280 545 
280 98 
281 35 
283 36 
285 9 
286 93 
290 36 
292 73 
292 209 
293 101 
295 225 
297 127 
298 242 
299 249 
299 326 
300 15 
303 499 
303 17 
304 313 
304 37 
304 29 
304 16 
305 66 
308 161 
310 157 
310 94 
311 38 
311 54 
313 54 
317 12 
319 91 
321 61 
322 27 
323 93 
325 82 
325 120 
325 118 
327 161 
328 133 
329 22 
331 447 
332 264 
332 13 
332 96 
333 76 
333 63 
336 49 
337 116 
339 102 
340 10 
342 18 
342 0 
343 64 
344 117 
345 37 
345 51 
351 26 
352 103 
353 12 
354 106 
356 201 
358 373 
359 7 
360 12 
361 440 
363 97 
364 280 
365 15 
368 181 
372 21 
373 174 
374 57 
375 79 
378 11 
380 2568 
380 18 
381 47 
384 48 
384 27 
385 35 
385 484 
385 149 
388 104 
389 53 
390 181 
395 28 
396 13 
397 53 
399 44 
400 152 
400 38 
401 37 
401 1375 
404 36 
405 47 
405 32 
408 262 
410 52 
410 79 
411 106 
411 21 
411 89 
414 7 
414 165 
415 122 
418 49 
421 113 
423 11 
423 56 
424 171 
425 33 
426 67 
426 74 
427 127 
428 57 
429 91 
431 348 
434 129 
435 62 
437 73 
438 31 
438 93 
441 25 
441 88 
441 361 
442 115 
445 82 
446 43 
446 54 
448 102 
450 3 
451 199 
454 90 
454 89 
456 256 
456 13 
459 44 
460 155 
461 19 
462 47 
464 220 
464 234 
469 16 
471 54 
475 81 
476 3 
476 47 
477 29 
477 52 
478 22 
478 81 
479 2 
480 25 
481 19 
484 12 
486 19 
487 45 
488 167 
488 111 
488 159 
489 11 
489 23 
491 15 
494 298 
495 1759 
498 8 
498 56 
500 175 
502 25 
502 224 
504 80 
506 32 
506 8 
507 43 
508 87 
512 142 
514 189 
514 20 
515 89 
515 222 
518 78 
520 74 
526 164 
529 17 
529 48 
530 1 
530 106 
532 171 
537 33 
537 101 
537 73 
539 117 
546 166 
547 55 
549 20 
550 406 
550 186 
551 127 
551 30 
551 448 
552 279 
553 57 
556 119 
556 52 
556 100 
557 59 
558 49 
558 115 
558 299 
563 181 
563 198 
565 44 
568 106 
570 26 
572 111 
573 47 
576 22 
576 113 
577 69 
581 120 
585 25 
586 55 
587 150 
591 59 
595 66 
595 66 
595 54 
596 56 
602 27 
603 56 
604 165 
609 141 
610 2 
615 32 
618 113 
619 851 
626 585 
627 6 
629 129 
636 293 
638 398 
638 23 
638 93 
639 129 
646 80 
646 8 
647 72 
649 23 
652 39 
657 4438 
658 108 
660 40 
662 9 
662 40 
666 95 
668 189 
669 336 
669 51 
670 4 
671 41 
673 55 
675 51 
676 85 
679 28 
683 56 
684 67 
684 12 
685 43 
687 29 
687 180 
688 149 
689 286 
690 43 
694 89 
701 56 
701 28 
704 3 
704 64 
705 157 
705 339 
706 206 
707 55 
709 57 
713 41 
716 30 
719 190 
719 238 
723 20 
725 74 
731 16 
731 13 
733 47 
733 140 
738 67 
739 651 
745 34 
746 39 
749 145 
750 45 
751 764 
752 77 
754 34 
759 89 
762 54 
763 18 
764 75 
771 113 
774 448 
775 56 
778 239 
778 84 
781 73 
782 62 
785 97 
787 25 
789 23 
791 10 
793 134 
794 79 
798 119 
799 132 
804 416 
805 141 
806 95 
810 73 
811 23 
812 6 
813 104 
814 45 
815 183 
815 42 
816 98 
816 40 
818 294 
819 1567 
820 29 
820 85 
822 30 
825 6 
827 17 
828 320 
829 8 
833 30 
836 152 
836 57 
837 68 
839 49 
847 120 
848 159 
848 184 
851 57 
858 30 
860 302 
868 15 
870 21 
873 173 
882 5 
885 73 
890 86 
893 440 
897 31 
898 7 
898 96 
899 49 
903 41 
903 106 
905 74 
908 68 
910 76 
915 66 
918 182 
918 201 
920 227 
921 65 
924 72 
926 2 
927 168 
937 77 
940 21 
950 51 
951 1480 
961 65 
962 69 
966 36 
966 212 
967 5 
969 13 
971 156 
979 202 
982 74 
984 66 
989 259 
990 61 
993 137 
993 24 
994 3 
998 38 
1005 107 
1008 83 
1011 36 
1013 8 
1015 117 
1017 88 
1026 51 
1030 70 
1034 192 
1046 49 
1047 36 
1052 13 
1053 68 
1062 76 
1062 3 
1063 22 
1064 169 
1071 96 
1072 97 
1074 255 
1078 21 
1085 24 
1089 33 
1093 346 
1095 131 
1096 83 
1097 36 
1099 28 
1101 192 
1101 265 
1116 103 
1118 48 
1121 44 
1123 5 
1125 45 
1128 4 
1133 22 
1135 55 
1140 1033 
1143 39 
1147 44 
1147 32 
1149 16 
1149 38 
1152 8 
1155 82 
1169 49 
1169 102 
1182 9 
1183 563 
1183 37 
1188 104 
1189 50 
1191 37 
1196 12 
1210 19 
1215 58 
1218 84 
1224 105 
1232 241 
1238 147 
1243 28 
1248 56 
1249 10 
1251 57 
1255 29 
1259 73 
1263 142 
1267 46 
1278 5 
1282 37 
1288 10 
1289 113 
1291 24 
1293 85 
1298 27 
1304 132 
1305 18 
1311 143 
1324 77 
1329 95 
1336 30 
1339 86 
1341 8 
1344 38 
1346 15 
1349 67 
1354 10 
1366 10 
1376 22 
1381 26 
1383 22 
1387 67 
1388 243 
1390 114 
1392 0 
1392 5 
1399 54 
1401 145 
1414 48 
1425 51 
1431 19 
1444 41 
1446 125 
1449 9 
1454 110 
1456 69 
1457 71 
1465 139 
1474 76 
1474 80 
1475 75 
1475 12 
1481 76 
1484 79 
1487 240 
1490 23 
1506 82 
1510 31 
1515 17 
1531 308 
1540 121 
1548 456 
1555 22 
1565 30 
1570 23 
1571 46 
1571 18 
1575 63 
1590 7 
1592 34 
1595 86 
1600 2 
1605 58 
1608 20 
1616 110 
1617 18 
1622 263 
1630 45 
1633 17 
1633 60 
1643 92 
1652 135 
1665 170 
1681 53 
1691 38 
1696 109 
1703 49 
1740 235 
1751 51 
1760 17 
1761 136 
1768 80 
1772 207 
1784 70 
1792 50 
1805 37 
1810 66 
1812 71 
1812 28 
1821 6 
1822 33 
1822 10 
1822 216 
1830 88 
1836 26 
1856 32 
1864 51 
1866 34 
1869 74 
1876 5 
1877 165 
1882 9 
1883 11 
1893 82 
1897 202 
1898 28 
1902 18 
1906 78 
1910 152 
1928 137 
1936 189 
1940 62 
1950 24 
1959 13 
1962 836 
1966 279 
1967 8 
1972 120 
1977 1047 
1984 27 
1986 20 
1988 113 
1989 42 
1990 105 
1990 19 
1991 24 
2004 69 
2008 249 
2010 134 
2015 33 
2023 66 
2026 28 
2028 61 
2043 26 
2060 210 
2062 194 
2093 1 
2095 24 
2103 4 
2104 8 
2106 71 
2111 67 
2111 110 
2124 220 
2127 76 
2131 18 
2157 41 
2159 57 
2163 73 
2185 10 
2195 165 
2202 30 
2204 56 
2205 246 
2221 199 
2222 112 
2224 36 
2224 37 
2225 26 
2225 27 
2226 32 
2227 0 
2232 81 
2237 57 
2268 49 
2271 36 
2281 52 
2291 132 
2312 11 
2317 49 
2318 30 
2333 119 
2334 20 
2350 27 
2351 172 
2358 95 
2365 237 
2366 93 
2376 38 
2383 244 
2389 174 
2394 22 
2397 2 
2414 29 
2414 56 
2415 42 
2431 71 
2445 68 
2446 114 
2448 284 
2448 129 
2453 16 
2453 117 
2477 19 
2477 108 
2482 49 
2484 2 
2528 123 
2529 229 
2530 38 
2544 118 
2552 66 
2565 31 
2573 13 
2575 44 
2602 69 
2613 45 
2646 142 
2660 63 
2665 54 
2669 25 
2672 42 
2673 333 
2693 0 
2718 83 
2719 37 
2754 78 
2759 74 
2760 76 
2777 7 
2781 120 
2794 22 
2804 10 
2866 180 
2923 311 
2927 83 
2931 59 
2952 48 
2963 135 
2970 2973 
2972 24 
2997 9 
3003 26 
3014 132 
3020 69 
3020 27 
3024 61 
3084 38 
3085 152 
3095 114 
3100 39 
3110 71 
3121 9 
3126 40 
3131 13 
3139 3 
3145 45 
3169 34 
3172 112 
3184 34 
3187 36 
3195 65 
3201 211 
3207 9 
3233 23 
3272 77 
3302 38 
3309 360 
3357 50 
3391 42 
3397 42 
3410 5 
3453 2 
3458 15 
3458 25 
3500 63 
3510 10 
3536 63 
3540 84 
3580 0 
3603 23 
3603 60 
3635 230 
3640 62 
3659 113 
3716 182 
3730 205 
3751 12 
3757 24 
3765 23 
3773 20 
3777 29 
3803 105 
3803 577 
3814 14 
3824 91 
3826 41 
3844 36 
3854 62 
3859 31 
3859 45 
3862 17 
3868 9 
3876 117 
3877 253 
3886 105 
3914 100 
3919 77 
3936 20 
3946 82 
3952 44 
3964 16 
3975 2872 
4008 34 
4011 249 
4051 1 
4116 664 
4133 27 
4135 16 
4144 1213 
4147 40 
4174 62 
4180 53 
4212 44 
4244 359 
4247 36 
4266 260 
4268 4 
4284 43 
4312 242 
4339 157 
4350 57 
4386 20 
4387 102 
4395 12 
4433 20 
4468 43 
4494 4 
4496 148 
4502 41 
4512 170 
4528 16 
4542 29 
4550 16 
4561 91 
4586 105 
4595 21 
4597 54 
4619 115 
4645 41 
4646 1912 
4659 35 
4662 74 
4691 119 
4695 29 
4695 67 
4698 436 
4730 32 
4845 228 
4879 10 
4896 0 
4940 58 
4946 66 
5146 96 
5179 46 
5211 48 
5227 11 
5239 47 
5287 214 
5288 94 
5291 222 
5297 33 
5302 66 
5333 59 
5345 10 
5372 339 
5403 201 
5413 21 
5423 68 
5430 97 
5431 168 
5434 6 
5463 26 
5468 38 
5496 19 
5524 105 
5534 43 
5637 8 
5653 17 
5663 49 
5736 8 
5753 90 
5897 74 
6015 45 
6054 19 
6082 18 
6092 395 
6158 17 
6249 2 
6261 60 
6279 30 
6300 48 
6304 51 
6308 16 
6330 16 
6347 6 
6400 35 
6409 47 
6429 211 
6430 14 
6434 26 
6438 145 
6451 55 
6457 31 
6487 1 
6522 125 
6539 147 
6547 71 
6581 29 
6626 64 
6684 101 
6687 90 
6694 970 
6713 63 
6713 589 
6714 26 
6734 712 
6748 14 
6763 132 
6763 335 
6767 127 
6768 151 
6795 149 
6803 208 
6804 54 
6809 44 
6815 148 
6821 20 
6833 68 
6835 45 
6839 74 
6844 9 
6850 360 
6852 12 
6867 1 
6878 91 
6900 118 
6911 875 
6913 166 
6928 477 
6937 8 
6946 52 
6992 90 
7034 311 
7050 172 
7090 15 
7092 16 
7098 44 
7105 0 
7257 170 
7286 40 
7344 38 
7445 93 
7562 8 
7671 324 
7686 45 
7695 146 
7842 21 
7856 63 
7892 141 
7926 97 
7955 19 
7977 222 
7993 30 
8002 31 
8004 1 
8004 11 
8033 22 
8075 3 
8170 49 
8171 70 
8173 48 
8247 33 
8262 23 
8289 137 
8296 34 
8315 8 
8424 88 
8478 135 
8481 23 
8483 125 
8519 436 
8520 74 
8553 46 
8560 81 
8596 107 
8643 68 
8677 6 
8689 68 
8715 5 
8761 17 
8779 46 
8783 1237 
8786 7 
8822 38 
8829 85 
8879 57 
8930 3 
8967 84 
8978 27 
9118 109 
9161 36 
9188 5 
9222 11 
9316 0 
9316 0 
9326 373 
9326 373 
9387 14 
9453 161 
9477 40 
9486 43 
9575 17 
9654 80 
9668 30 
9721 10 
9726 7 
9875 6 
9901 6 
9980 129 
10026 35 
10201 27 
10208 34 
10357 16 
10392 73 
10439 150 
10532 19 
10609 43 
10630 8 
10631 7 
10648 107 
10720 20 
10722 20 
10725 6 
10726 11 
10747 211 
10775 101 
10838 479 
10841 438 
10851 5 
10916 84 
10961 19 
11008 28 
11060 49 
11083 12 
11186 15 
11213 36 
11255 17 
11315 41 
11334 23 
11435 20 
11500 15 
11515 4 
11618 51 
11663 71 
11816 19 
11876 14 
11923 0 
12082 20 
12223 0 
12243 3 
12248 28 
12261 16 
12279 8 
12286 126 
12363 51 
12415 14 
12439 1 
12539 105 
12629 28 
12757 3507 
12794 826 
12818 64 
12939 102 
12957 3 
13085 6 
13105 39 
13116 5 
13138 17 
13240 93 
13255 17 
13256 41 
13350 69 
13353 55 
13361 26 
13371 2928 
13411 37 
13442 342 
13448 7 
13469 74 
13489 22 
13593 21 
13607 13 
13661 71 
13823 99 
13839 3 
13875 66 
13992 75 
14000 36 
14129 42 
14157 13 
14178 6 
14334 132 
14356 170 
14390 40 
14438 27 
14488 7 
14489 34 
14523 717 
14525 98 
14652 54 
14663 5 
14713 36 
14770 246 
14796 199 
14824 5 
14832 48 
14842 272 
14868 3305 
14888 266 
14916 22 
14936 300 
14937 79 
14975 16 
14983 181 
15099 170 
15114 103 
15156 136 
15163 81 
15173 276 
15199 62 
15244 48 
15248 230 
15298 90 
15299 68 
15304 114 
15427 38 
15461 4 
15463 13 
15480 46 
15581 27 
15687 2092 
15752 17 
15762 48 
15765 7 
15898 32 
15919 28 
16006 191 
16153 99 
16299 59 
16300 35 
16300 67 
16388 2 
16412 34 
16520 215 
16551 113 
16580 5 
16627 50 
16660 6 
16708 37 
16942 26 
17094 52 
17116 279 
17128 40 
17425 1 
17597 4 
17636 51 
17772 575 
17778 4 
17825 14 
17855 3 
17871 44 
17983 19 
17991 27 
18040 1 
18093 17 
18158 69 
18187 2 
18248 183 
18257 74 
18270 4 
18305 27 
18405 51 
18540 54 
18591 252 
18633 97 
18640 12 
18643 100 
18661 3 
18692 4 
18725 70 
18881 377 
18918 10 
18979 22 
19132 144 
19188 205 
19263 23 
19603 115 
19642 53 
19718 0 
19765 729 
19776 161 
19785 54 
19908 67 
19946 201 
20277 7 
20387 8 
20396 0 
20439 4 
20472 30 
20664 388 
20830 186 
20832 30 
20887 0 
20918 152 
20980 988 
21082 8 
21173 53 
21214 2 
21401 65 
21551 4 
21708 8 
22014 26 
22125 89 
22326 30 
22440 2 
22577 5 
22846 12 
22898 23 
23236 6 
23456 3 
23495 173 
23669 183 
23729 157 
23795 13 
24042 29 
24116 119 
24241 153 
24479 11 
24511 174 
24713 43 
25400 131 
25890 66 
26038 95 
26069 5 
26759 36 
27092 106 
27424 176 
27573 69 
27605 51 
27951 24 
28409 7 
28437 8 
28562 4 
29093 5 
29454 12 
29788 923 
29864 18 
30080 28 
30224 15 
30652 3 
30864 94 
30911 22 
31457 28 
31497 28 
33244 3 
33290 1 
33436 5 
33801 8 
33880 5 
36491 8 
37477 262 
37747 70 
37961 20 
38060 152 
39066 599 
39617 20 
39981 18 
40780 17 
41529 26 
41868 4 
42577 141 
43481 3 
43529 145 
44546 94 
45055 4 
45572 2 
48958 240 
49139 80 
49504 6 
50270 40 
50616 41 
50827 11 
50981 58 
51242 3 
51749 103 
52425 41 
52862 13 
54506 437 
56430 135 
57034 6 
57093 12 
57311 3 
58753 1 
59526 150 
59572 37 
59750 69 
60286 2 
60737 169 
60834 95 
60862 11 
61303 42 
61682 492 
62915 15 
62962 29 
63240 16 
63309 90 
63421 31 
63526 28 
65431 0 
66570 13 
66763 20 
66878 2 
67042 1 
67231 490 
67356 9 
67846 0 
68575 8 
68575 8 
68627 70 
68627 70 
69453 0 
69942 38 
70026 10 
70139 171 
70665 0 
70812 0 
71092 50 
71403 10 
71771 45 
72581 244 
73700 121 
73717 30 
74344 87 
74755 133 
75668 121 
75684 568 
75904 72 
77518 81 
77688 359 
78066 77 
78759 57 
79746 17 
79820 46 
79986 8 
80052 95 
80786 9 
82421 4 
84358 119 
84676 1 
84916 3 
85314 0 
85570 2 
85618 51 
85910 36 
89310 123 
89743 144 
90371 71 
90793 680 
90810 134 
90915 62 
93522 85 
93592 274 
93705 1 
94352 62 
95196 71 
95203 134 
95248 103 
95476 241 
95547 103 
95552 47 
95712 5 
95844 109 
96214 157 
98618 44 
98891 68 
101197 132 
101847 62 
102005 147 
102226 442 
104780 2 
105560 1558 
107130 73 
107802 28 
109546 7 
110095 20 
110170 4 
110499 103 
110590 235 
111284 79 
113921 38 
127083 5 
134444 1 
136370 4 
138026 0 
138279 42 
141214 73 
146501 32 
148200 2 
149486 250 
151249 77 
153453 2 
155189 12 
155234 10 
156216 94 
161063 124 
161290 69 
162633 5 
171765 135 
174918 14 
176117 19 
183381 187 
183848 21 
183987 18 
184641 33 
185787 2 
187631 11 
190475 2 
197263 67 
197832 1 
197902 5 
198280 61 
199983 263 
200186 53 
200455 123 
200748 98 
200908 105 
200908 105 
205218 84 
220984 10 
225115 61 
237733 19 
240375 2 
241938 16 
244270 94 
244279 108 
244555 85 
245954 175 
246161 53 
249440 847 
249722 314 
249743 72 
251146 0 
253073 125 
259309 177 
259428 65 
271306 203 
272643 68 
272895 23 
274930 79 
279681 143 
281782 1 
285058 9 
293957 48 
336050 30 
341449 1 
343356 105 
344469 46 
346188 22 
350175 507 
359067 191 
360401 12 
373898 4 
378273 1254 
395665 5 
405702 106 
407012 36 
407049 128 
425190 147 
425544 0 
425591 9 
427546 6 
427890 11 
431387 7 
431421 8 
433775 333 
442395 55 
455308 578 
481516 134 
509268 78 
509673 282 
509836 249 
513375 1439 
518160 5 
527182 781 
529916 37 
531366 229 
533562 113 
589663 28 
596911 24 
598476 5 
