2051 10.2045601852
0 914071 
13 710 
14 254 
14 484 
15 133 
19 152 
20 74 
20 83 
20 222 
21 343 
21 544 
22 72 
22 40 
22 142 
23 251 
23 216 
23 111 
24 274 
24 171 
26 363 
26 99 
26 96 
26 432 
27 874 
27 31 
27 73 
28 267 
28 51 
29 67 
29 554 
30 88 
30 40 
31 65 
31 157 
31 272 
31 296 
33 101 
33 132 
33 124 
33 1712 
34 553 
34 156 
35 162 
36 100 
36 180 
36 115 
36 77 
37 148 
37 94 
37 78 
37 77 
37 168 
37 93 
38 656 
38 64 
39 76 
39 199 
40 62 
40 64 
40 105 
40 368 
41 53 
41 179 
41 349 
41 87 
42 201 
42 40 
42 190 
42 120 
42 25 
42 102 
43 399 
43 216 
44 63 
44 313 
44 2 
44 100 
45 497 
46 96 
46 64 
46 112 
46 152 
46 84 
46 119 
47 27 
47 82 
47 79 
47 83 
48 109 
48 137 
48 38 
48 192 
49 93 
49 94 
50 203 
50 85 
50 455 
51 118 
51 127 
51 119 
51 193 
51 172 
51 100 
51 194 
51 161 
52 287 
52 127 
52 4375 
53 128 
53 53 
55 301 
55 138 
56 114 
56 62 
56 195 
56 110 
56 83 
56 48 
56 171 
56 210 
57 80 
57 24 
58 58 
58 138 
58 374 
59 231 
60 16 
60 7015 
60 115 
60 207 
60 72 
60 111 
60 291 
61 306 
61 20 
61 118 
62 248 
62 45 
62 139 
63 32 
63 433 
63 59 
64 0 
64 81 
64 90 
64 98 
65 145 
65 75 
65 207 
65 81 
66 57 
66 95 
67 45 
67 261 
67 29 
67 245 
68 201 
68 135 
68 84 
68 114 
68 116 
69 141 
69 867 
70 30 
70 122 
70 180 
70 63 
71 31 
71 158 
71 67 
73 149 
73 197 
73 90 
73 177 
73 99 
74 127 
74 476 
74 112 
74 67 
75 132 
75 27 
75 282 
75 334 
75 80 
75 328 
76 177 
76 98 
76 129 
77 158 
77 210 
77 263 
78 228 
78 2 
78 737 
78 160 
79 218 
79 35 
79 250 
79 60 
79 47 
80 8 
80 73 
80 35 
80 25 
80 71 
80 558 
80 21 
81 476 
81 182 
81 81 
81 50 
81 185 
81 386 
81 245 
81 109 
82 48 
82 2103 
82 0 
82 60 
82 101 
82 114 
84 935 
84 292 
84 82 
84 115 
84 22 
85 256 
85 35 
85 399 
85 94 
86 135 
86 77 
86 175 
86 118 
86 87 
86 140 
86 170 
86 141 
87 892 
87 64 
87 14 
87 36 
87 64 
87 63 
87 87 
88 26 
88 166 
88 262 
88 75 
89 73 
89 8 
90 62 
90 479 
90 94 
92 81 
92 88 
93 73 
94 25 
94 127 
94 103 
94 435 
94 50 
95 443 
95 139 
95 125 
95 113 
96 430 
96 65 
96 187 
96 201 
97 979 
97 58 
98 162 
98 167 
98 215 
98 59 
98 152 
99 305 
99 675 
100 120 
100 39 
101 49 
102 162 
102 132 
103 75 
103 165 
103 221 
105 74 
105 35 
105 24 
105 64 
106 237 
106 149 
107 100 
107 204 
108 20 
108 270 
109 563 
110 64 
111 42 
111 80 
111 87 
112 41 
112 197 
113 124 
113 833 
113 172 
113 260 
113 158 
114 196 
114 65 
114 122 
115 223 
115 63 
115 107 
115 377 
115 45 
115 154 
115 24 
116 36 
117 89 
117 75 
117 177 
117 154 
118 111 
120 70 
120 150 
120 468 
121 36 
121 53 
121 114 
122 538 
122 620 
124 92 
124 104 
124 68 
124 713 
124 212 
124 86 
124 161 
124 87 
125 103 
126 95 
126 97 
126 76 
126 102 
127 111 
127 26 
127 95 
128 244 
128 65 
128 86 
128 98 
129 88 
129 221 
130 386 
130 119 
130 236 
130 227 
130 328 
130 159 
133 1471 
133 52 
133 259 
134 12 
136 161 
136 108 
136 89 
136 32 
136 19 
136 22 
137 114 
137 122 
137 230 
138 192 
138 10 
138 164 
138 83 
139 30 
140 104 
140 57 
140 76 
141 128 
141 108 
141 77 
142 504 
142 149 
142 55 
142 158 
143 120 
143 55 
143 246 
143 99 
144 207 
145 97 
145 217 
145 81 
146 106 
146 305 
146 340 
148 156 
148 77 
149 65 
149 82 
149 50 
149 151 
150 82 
150 197 
151 31 
151 13 
151 253 
152 1053 
152 54 
153 262 
153 340 
153 63 
153 103 
154 179 
154 105 
155 601 
155 41 
156 97 
157 173 
157 307 
157 112 
157 155 
158 161 
159 109 
159 28 
159 399 
160 169 
160 138 
161 121 
161 136 
162 180 
162 61 
162 4 
162 1090 
163 132 
164 64 
164 302 
165 91 
166 77 
166 39 
167 101 
168 447 
168 218 
168 105 
169 136 
169 39 
169 49 
169 116 
170 368 
170 120 
170 265 
171 60 
171 70 
171 45 
171 130 
171 93 
171 11 
172 55 
173 43 
176 39 
176 64 
177 239 
178 106 
178 42 
178 183 
178 154 
179 23 
179 89 
180 36 
180 73 
181 72 
181 122 
182 208 
182 39 
183 108 
183 483 
184 165 
186 57 
186 123 
186 58 
186 32 
187 35 
189 494 
189 45 
191 348 
192 186 
193 34 
193 93 
194 55 
194 72 
194 10 
194 128 
194 352 
194 100 
195 200 
196 146 
197 295 
197 61 
197 415 
198 214 
198 59 
199 283 
199 208 
199 69 
199 83 
200 8 
200 227 
200 363 
202 65 
202 207 
203 25 
203 284 
203 73 
204 308 
204 45 
204 8 
204 232 
205 114 
205 213 
205 176 
206 59 
206 295 
209 471 
210 125 
210 8 
212 39 
213 20 
213 114 
213 106 
213 98 
214 170 
214 216 
215 377 
216 83 
218 92 
218 112 
218 173 
218 116 
219 56 
220 126 
220 58 
221 128 
221 26 
221 237 
224 147 
224 57 
228 187 
228 170 
229 124 
230 58 
230 57 
230 146 
230 1381 
231 49 
232 44 
233 162 
233 251 
234 37 
234 231 
234 235 
234 100 
234 9 
237 106 
237 88 
237 118 
237 161 
239 14 
240 619 
241 135 
241 60 
241 133 
242 118 
242 37 
242 239 
243 215 
243 69 
243 124 
243 16 
244 29 
244 157 
244 401 
244 219 
245 56 
245 87 
246 6107 
246 117 
246 75 
247 130 
247 103 
247 154 
248 79 
248 67 
249 67 
250 371 
251 121 
251 153 
252 147 
252 33 
252 31 
252 93 
253 112 
254 186 
255 67 
256 104 
257 117 
258 80 
261 134 
262 84 
262 257 
263 129 
263 58 
264 171 
264 123 
264 98 
265 187 
265 71 
265 154 
265 95 
266 339 
267 30 
267 219 
267 231 
268 89 
269 165 
270 84 
270 127 
271 508 
271 94 
273 60 
273 92 
274 76 
275 304 
276 15 
277 207 
279 77 
280 789 
281 137 
282 72 
282 315 
283 132 
284 105 
285 253 
286 58 
286 164 
286 99 
289 81 
290 144 
291 74 
291 19 
291 105 
293 44 
294 216 
294 21 
295 121 
295 151 
296 34 
296 119 
296 85 
297 36 
297 98 
297 105 
297 113 
298 241 
299 225 
300 122 
301 329 
301 70 
303 52 
303 317 
305 206 
305 184 
307 424 
307 99 
308 124 
309 183 
310 11 
310 40 
310 933 
310 99 
311 187 
311 133 
311 25 
312 38 
316 120 
317 83 
317 88 
317 11 
320 215 
321 55 
321 64 
323 322 
323 96 
324 60 
325 328 
325 763 
325 21 
326 91 
329 90 
332 49 
332 141 
332 44 
333 206 
333 88 
335 48 
335 119 
336 153 
336 59 
336 17 
337 253 
337 149 
337 140 
339 79 
339 53 
340 27 
342 23 
342 144 
342 418 
342 94 
343 10 
344 91 
345 702 
351 147 
352 110 
353 10 
354 106 
354 59 
356 84 
359 194 
359 36 
362 56 
362 48 
362 40 
363 158 
364 213 
365 60 
365 26 
366 15 
367 12 
368 15 
372 111 
375 208 
376 19 
376 114 
377 89 
378 27 
378 115 
379 30 
379 456 
381 68 
382 20 
383 62 
384 107 
389 32 
389 82 
390 255 
391 16 
391 54 
395 554 
395 205 
396 258 
397 23 
398 127 
399 220 
399 174 
400 113 
401 31 
403 93 
405 79 
406 489 
411 108 
412 23 
414 60 
414 513 
415 43 
415 89 
416 22 
417 43 
418 10 
419 1564 
422 77 
422 118 
423 126 
424 201 
424 31 
424 27 
426 246 
428 78 
428 81 
430 124 
432 230 
433 95 
435 391 
437 54 
440 47 
440 81 
440 80 
443 34 
445 170 
447 49 
448 76 
448 16 
449 31 
450 89 
452 55 
454 149 
454 65 
454 15 
458 43 
460 8 
460 82 
460 42 
461 87 
461 198 
462 124 
462 81 
464 141 
465 453 
468 43 
469 70 
470 134 
471 36 
472 117 
473 89 
475 126 
476 34 
481 122 
482 146 
484 45 
486 130 
487 26 
488 103 
490 11 
495 54 
500 40 
501 88 
501 9 
501 49 
502 21 
502 254 
503 126 
504 107 
505 22 
506 81 
507 77 
508 53 
508 55 
511 250 
517 22 
518 66 
519 106 
521 30 
523 246 
524 123 
524 73 
524 87 
529 144 
529 44 
531 179 
533 137 
539 134 
540 238 
541 22 
543 376 
544 164 
545 204 
545 86 
545 86 
546 32 
547 170 
549 118 
550 48 
550 69 
552 137 
555 77 
556 109 
557 160 
558 84 
558 4094 
561 95 
562 57 
563 65 
564 63 
569 41 
570 26 
576 82 
579 51 
579 66 
579 116 
589 68 
591 49 
592 34 
592 82 
592 75 
594 48 
596 124 
596 41 
597 318 
599 89 
599 395 
600 13 
603 152 
606 46 
608 72 
608 31 
612 37 
614 62 
618 36 
621 155 
622 134 
624 200 
625 71 
625 32 
626 287 
626 9 
626 74 
627 63 
630 50 
631 51 
635 31 
636 79 
637 35 
639 49 
639 55 
640 149 
644 253 
644 38 
649 119 
652 35 
654 70 
655 59 
659 54 
663 45 
663 21 
666 148 
667 189 
668 68 
673 69 
673 79 
674 44 
675 75 
676 32 
677 27 
678 56 
678 216 
679 202 
681 54 
681 177 
682 195 
684 190 
685 40 
686 148 
689 45 
690 94 
691 443 
694 206 
694 38 
694 205 
701 31 
702 272 
705 132 
707 28 
710 359 
715 14 
715 27 
716 110 
718 42 
718 31 
719 94 
719 152 
720 28 
720 19 
720 56 
721 2389 
727 34 
727 306 
731 9 
732 126 
732 208 
735 4 
736 69 
737 138 
741 30 
742 117 
744 150 
745 458 
745 115 
749 36 
754 164 
759 49 
767 198 
767 135 
769 72 
774 246 
778 94 
785 75 
786 381 
792 73 
793 51 
794 9 
794 82 
803 31 
804 76 
806 38 
810 49 
819 67 
820 41 
822 177 
824 23 
826 76 
827 46 
829 89 
830 60 
837 146 
840 47 
840 88 
844 60 
846 290 
846 105 
853 108 
855 49 
858 137 
861 56 
862 222 
863 33 
863 83 
864 45 
866 114 
872 62 
875 65 
876 59 
882 99 
885 84 
885 172 
887 53 
887 116 
888 25 
889 123 
895 73 
896 31 
900 17 
902 39 
908 138 
909 513 
911 74 
912 24 
917 1814 
923 65 
924 91 
932 22 
934 23 
935 85 
937 60 
937 134 
946 39 
952 129 
956 80 
957 47 
967 110 
970 198 
974 83 
976 247 
977 41 
979 13 
983 326 
984 14 
989 347 
989 107 
990 20 
995 22 
997 54 
1000 233 
1001 182 
1008 257 
1010 72 
1011 7 
1012 86 
1017 44 
1018 47 
1020 86 
1021 86 
1026 101 
1028 71 
1028 256 
1028 113 
1031 309 
1033 70 
1035 86 
1039 224 
1042 1047 
1043 53 
1046 86 
1051 122 
1071 104 
1076 8 
1076 310 
1083 45 
1084 42 
1089 50 
1090 34 
1104 16 
1110 73 
1111 63 
1120 89 
1121 94 
1122 423 
1126 70 
1128 210 
1129 63 
1131 260 
1134 73 
1137 71 
1141 58 
1141 29 
1141 10 
1150 113 
1155 98 
1159 63 
1178 80 
1180 104 
1182 45 
1187 91 
1190 63 
1192 15 
1192 51 
1197 102 
1198 1213 
1199 136 
1203 30 
1205 40 
1212 166 
1213 51 
1216 89 
1217 210 
1221 100 
1223 150 
1225 30 
1225 70 
1229 215 
1230 326 
1232 251 
1241 8 
1244 67 
1246 45 
1250 241 
1261 45 
1263 95 
1268 23 
1276 42 
1281 29 
1283 27 
1317 142 
1326 313 
1330 127 
1342 265 
1361 97 
1363 36 
1367 38 
1369 98 
1370 199 
1371 39 
1372 56 
1377 56 
1378 44 
1380 72 
1382 154 
1405 39 
1409 247 
1414 48 
1417 77 
1418 402 
1420 62 
1422 92 
1432 45 
1440 149 
1441 64 
1450 57 
1452 102 
1459 28 
1463 220 
1475 53 
1480 95 
1482 121 
1482 75 
1482 9 
1483 38 
1497 63 
1499 16 
1503 366 
1520 36 
1534 1205 
1534 120 
1549 70 
1558 108 
1561 88 
1566 16 
1591 180 
1594 47 
1610 45 
1619 20 
1642 166 
1646 124 
1648 20 
1689 30 
1689 52 
1689 77 
1691 39 
1692 121 
1715 27 
1717 103 
1724 39 
1743 96 
1744 53 
1754 107 
1760 124 
1767 118 
1770 83 
1773 155 
1782 20 
1804 89 
1812 25 
1824 29 
1832 26 
1839 135 
1840 28 
1851 29 
1852 24 
1856 170 
1862 126 
1876 6 
1882 40 
1888 21 
1892 176 
1896 77 
1916 73 
1924 85 
1924 24 
1925 121 
1934 24 
1937 100 
1945 98 
1972 37 
1978 18 
1983 221 
1985 19 
1989 19 
1997 25 
2020 34 
2021 188 
2021 130 
2027 92 
2033 148 
2041 79 
2046 73 
2050 63 
2057 74 
2079 85 
2084 74 
2090 21 
2092 65 
2107 94 
2108 66 
2110 62 
2111 104 
2122 75 
2128 31 
2132 44 
2135 42 
2141 23 
2147 17 
2154 170 
2170 55 
2178 360 
2181 71 
2183 113 
2184 83 
2187 134 
2197 19 
2217 54 
2259 109 
2264 251 
2287 5 
2291 92 
2308 117 
2315 116 
2322 61 
2323 38 
2330 218 
2346 141 
2348 41 
2352 75 
2355 33 
2374 90 
2393 100 
2404 82 
2404 21 
2415 79 
2429 250 
2444 53 
2448 23 
2449 86 
2474 55 
2488 60 
2495 194 
2500 54 
2506 17 
2510 47 
2511 39 
2513 339 
2518 49 
2543 122 
2550 23 
2566 207 
2575 93 
2581 48 
2582 59 
2595 17 
2600 165 
2602 96 
2610 165 
2613 74 
2614 42 
2631 49 
2659 7 
2667 175 
2680 4 
2683 99 
2702 154 
2704 120 
2709 215 
2712 6 
2712 70 
2716 190 
2722 78 
2726 102 
2739 159 
2749 35 
2756 62 
2770 126 
2776 108 
2789 144 
2796 68 
2798 102 
2804 52 
2819 20 
2820 142 
2833 34 
2837 31 
2844 11 
2852 78 
2861 55 
2889 121 
2910 180 
2923 23 
2944 20 
2955 73 
2960 103 
2966 19 
2982 19 
2983 163 
2984 8 
2986 29 
3001 40 
3003 43 
3046 17 
3056 9 
3067 52 
3088 80 
3135 136 
3143 72 
3152 92 
3159 55 
3163 97 
3188 717 
3198 22 
3207 230 
3222 11 
3222 96 
3227 45 
3241 125 
3252 125 
3290 255 
3308 50 
3317 135 
3330 217 
3363 223 
3381 31 
3398 85 
3403 157 
3404 32 
3413 146 
3434 178 
3444 48 
3455 56 
3502 22 
3514 83 
3516 44 
3543 62 
3564 77 
3564 93 
3568 117 
3600 11 
3608 12 
3643 20 
3652 75 
3677 30 
3700 32 
3728 28 
3732 41 
3778 12 
3789 78 
3803 39 
3805 214 
3807 142 
3810 90 
3811 178 
3820 95 
3922 208 
3965 2 
3969 21 
3989 52 
4015 18 
4033 223 
4034 151 
4037 40 
4050 206 
4065 92 
4072 41 
4081 11 
4112 50 
4140 97 
4156 67 
4168 60 
4182 33 
4195 19 
4199 136 
4218 27 
4221 82 
4246 65 
4313 164 
4365 129 
4365 129 
4392 118 
4392 118 
4395 41 
4395 41 
4410 38 
4410 38 
4421 32 
4433 70 
4434 117 
4496 29 
4506 44 
4520 42 
4555 34 
4628 70 
4633 32 
4644 229 
4687 117 
4718 227 
4734 15 
4815 36 
4843 52 
4858 59 
4907 220 
4914 100 
4992 53 
5005 29 
5041 59 
5065 255 
5088 438 
5103 17 
5112 64 
5190 155 
5208 1320 
5281 42 
5298 127 
5321 374 
5359 18 
5438 5 
5490 132 
5667 27 
5706 114 
5791 552 
5799 139 
5877 213 
5883 71 
5928 103 
5945 128 
5995 49 
6012 151 
6047 67 
6144 109 
6161 256 
6199 129 
6230 15 
6276 11 
6289 5 
6382 59 
6399 85 
6410 20 
6565 136 
6652 68 
6670 14 
6688 37 
6794 99 
6800 33 
6848 47 
6858 63 
7075 53 
7089 54 
7181 51 
7189 4 
7202 36 
7276 16 
7521 24 
7553 108 
7636 170 
7636 56 
7734 118 
7748 80 
7787 19 
7796 65 
7806 42 
7815 94 
7979 115 
8072 69 
8089 107 
8335 73 
8535 39 
8572 143 
8579 29 
8644 175 
8655 89 
8679 136 
8751 11 
8844 28 
8878 22 
8932 86 
9016 101 
9070 43 
9072 109 
9079 106 
9110 18 
9148 18 
9348 169 
9427 21 
9519 71 
9553 77 
9596 138 
9619 48 
9671 3 
9713 11 
9783 149 
9823 43 
10251 35 
10313 32 
10495 11 
10783 35 
10899 126 
10947 58 
10996 16 
11018 20 
12180 58 
12588 1 
13347 7 
13398 14 
13611 301 
13657 62 
14575 190 
14707 40 
15089 21 
15771 43 
16150 49 
16306 61 
16321 70 
16411 244 
16835 15 
17116 131 
17488 18 
17758 48 
17962 61 
18135 153 
18263 65 
18414 34 
18440 18 
18441 143 
18453 60 
18553 332 
18689 262 
18705 172 
18710 72 
18716 189 
19135 64 
19275 40 
19320 267 
19451 20 
19565 50 
19565 50 
19709 120 
19807 70 
19824 84 
19966 33 
20109 70 
20266 92 
20565 179 
20637 79 
20655 114 
21278 12 
21360 43 
21532 48 
21612 45 
21652 34 
21775 6 
21823 137 
21862 70 
22137 177 
22334 290 
22379 28 
22566 69 
22611 42 
22637 23 
22741 26 
22746 69 
22936 127 
23192 195 
23403 176 
23752 47 
23778 96 
23827 42 
23965 79 
24115 70 
24126 77 
24140 64 
24269 39 
24310 53 
24639 22 
24666 96 
24721 130 
24954 44 
25093 7 
25314 109 
25326 168 
25376 9 
25564 20 
25615 89 
25704 198 
25717 12 
25771 30 
25821 58 
25865 32 
25939 380 
25962 81 
26085 54 
26543 28 
26627 70 
26661 48 
26696 9 
26739 49 
26852 25 
26977 56 
27014 37 
27149 30 
27183 23 
27364 42 
27519 62 
27552 24 
27557 70 
27639 62 
27933 12 
27940 12 
28099 13 
28221 71 
28318 41 
28629 11 
28648 95 
28669 92 
28727 3 
29165 83 
29400 39 
29506 72 
29509 41 
29534 7 
29730 105 
29945 46 
29958 32 
30037 26 
30109 69 
30497 4 
30532 29 
30650 18 
30678 53 
30777 318 
30830 0 
30846 64 
30848 21 
30945 77 
31046 47 
31164 5 
31196 16 
31251 88 
31261 24 
31293 26 
31333 4 
31363 74 
31389 16 
31475 65 
31552 113 
31584 59 
31645 67 
31651 16 
31858 48 
32484 7 
32644 23 
32979 552 
33124 35 
33198 75 
33321 291 
33649 148 
33799 58 
33979 39 
34025 7 
34117 59 
34146 29 
34178 171 
34587 1605 
34644 24 
34989 32 
35181 10 
35647 15 
35781 15 
35961 34 
36055 52 
36135 11 
36551 35 
36675 69 
36801 247 
36888 186 
37093 74 
37300 328 
37605 35 
37662 304 
37830 47 
37845 77 
37957 37 
38234 59 
38290 44 
38446 92 
38556 30 
38622 975 
38662 3 
38913 231 
39600 93 
39668 16 
39800 96 
39809 25 
40092 142 
40363 46 
40494 19 
40539 148 
40706 62 
40967 231 
41033 26 
41095 37 
41123 112 
41663 37 
41686 118 
41806 50 
42023 29 
42037 27 
42646 39 
42649 69 
42734 49 
42800 134 
42974 58 
43146 68 
43903 196 
44905 41 
44905 322 
46283 95 
46341 91 
46354 78 
47139 10 
47325 22 
47895 18 
48331 13 
49138 35 
49217 81 
49223 6 
49236 6 
49533 568 
49683 97 
49700 164 
49842 336 
49913 180 
49950 55 
50034 17 
50143 73 
50162 60 
50226 132 
50544 146 
50684 974 
51051 0 
51478 118 
51695 146 
51786 112 
51809 18 
51856 59 
52132 16 
52651 20 
52965 97 
53035 28 
53119 550 
53338 52 
53383 25 
53832 110 
54830 51 
55222 13 
55292 626 
55498 91 
55595 768 
55778 605 
56221 100 
56288 169 
56535 62 
57150 101 
58528 470 
58596 90 
59049 114 
59417 40 
60633 350 
60792 80 
61130 331 
61165 119 
61339 12 
61545 127 
61659 79 
61738 126 
62118 22 
62276 19 
62359 91 
62805 88 
62834 147 
63032 475 
63117 7 
63276 30 
63684 121 
64155 123 
64204 39 
64758 37 
66022 1029 
66520 44 
68916 19 
69615 29 
70018 110 
70589 177 
71393 71 
71938 82 
72169 51 
72244 77 
72711 9 
73245 1917 
73370 93 
73428 97 
73493 98 
73510 58 
73596 22 
73694 351 
73926 622 
74005 117 
74026 80 
74040 46 
74041 108 
74099 117 
74248 9 
74588 135 
74753 211 
74799 85 
74851 66 
75161 25 
75233 202 
75412 622 
76070 26 
76264 1492 
76990 125 
77559 26 
77597 365 
77635 493 
77698 128 
77809 153 
77856 1402 
78136 548 
78271 15 
79161 317 
79703 46 
79719 17 
79909 10 
80041 20 
80780 14 
81126 3205 
81673 304 
81678 153 
82167 255 
82242 986 
82318 170 
82343 198 
82349 35 
82410 371 
82449 435 
82474 102 
82591 175 
82649 147 
82694 167 
83036 92 
83194 14 
83223 700 
83684 54 
83787 43 
84365 163 
84460 30 
84572 10 
85105 246 
85138 85 
86869 160 
87628 16 
87714 10 
87920 41 
90407 85 
90613 12 
91758 24 
92366 67 
93886 88 
97622 76 
104190 91 
112154 220 
112571 118 
123926 27 
124360 49 
124874 18 
126029 782 
129117 30 
129840 532 
130459 39 
132326 69 
133797 341 
134247 89 
134294 191 
134749 481 
136382 143 
137299 435 
139284 3079 
140423 422 
142567 196 
144147 2135 
145175 91 
145271 311 
145806 102 
146600 15 
146722 201 
148825 107 
149032 79 
150236 34 
151442 11 
152396 18 
153205 74 
153956 69 
158544 92 
159658 125 
161038 375 
161044 90 
165140 74 
166652 671 
167076 622 
167485 197 
168184 94 
168801 254 
169428 34 
171689 42 
171706 117 
172370 41 
172750 295 
172886 34 
174474 164 
175068 15 
175533 23 
175656 92 
176341 80 
181453 82 
183033 231 
196127 25 
200714 73 
210325 72 
212813 218 
218029 122 
221528 135 
223215 27 
224312 104 
228384 121 
229728 463 
230676 11 
231906 86 
232179 17 
233958 32 
234961 46 
238286 174 
241392 22 
251674 32 
256070 153 
258598 75 
259042 45 
259479 25 
259744 51 
274031 6 
284278 88 
287952 250 
293355 39 
301440 82 
301598 486 
317109 210 
322381 49 
324229 21 
326299 53 
326752 24 
337333 1074 
338364 5 
339377 574 
339380 331 
345233 367 
345362 57 
345956 96 
353733 28 
357786 105 
395504 117 
399004 143 
409946 171 
417159 142 
417383 58 
420157 7 
421179 63 
429016 34 
463991 23 
465686 337 
471421 103 
478854 189 
481895 338 
509666 376 
526832 44 
532709 148 
601786 248 
