2849 3.23861111111
0 2720973 
26 1569 
28 1398 
28 575 
29 198 
33 750 
34 875 
35 252 
37 170 
39 98 
39 41 
39 124 
39 194 
42 141 
43 421 
47 8 
47 618 
47 340 
47 2478 
48 245 
48 57 
49 825 
49 449 
51 2936 
51 987 
52 2181 
53 216 
55 7848 
55 637 
58 823 
59 616 
60 287 
60 688 
61 37 
62 160 
62 1095 
63 641 
63 75 
64 209 
65 88 
66 135 
67 250 
70 364 
70 96 
71 43 
71 464 
72 95 
73 596 
74 133 
75 280 
75 390 
76 2719 
80 3469 
83 701 
84 50 
85 198 
86 1662 
87 111 
88 1571 
88 2076 
89 100 
92 57 
94 197 
95 365 
96 107 
98 192 
102 1752 
102 102 
103 45 
104 1088 
105 23 
106 237 
108 732 
109 367 
110 22 
110 266 
112 733 
113 182 
114 1477 
115 267 
115 199 
115 242 
121 702 
121 98 
123 102 
124 2700 
125 2713 
126 84 
126 2042 
126 78 
127 3014 
128 333 
128 659 
130 257 
138 650 
138 467 
144 441 
144 3644 
145 143 
145 1264 
145 889 
146 1523 
147 821 
152 782 
153 5597 
154 795 
154 47 
158 194 
159 324 
163 368 
163 1729 
165 101 
165 324 
165 869 
166 250 
168 760 
169 267 
171 242 
173 374 
174 720 
179 0 
179 14 
179 886 
182 433 
184 78 
185 1152 
185 1 
186 195 
191 1365 
192 1214 
194 25 
194 145 
197 85 
198 223 
200 1734 
201 165 
203 1584 
204 148 
205 277 
207 1271 
207 61 
208 788 
209 229 
210 1457 
211 559 
212 282 
212 758 
214 38 
215 453 
215 260 
216 1450 
217 85 
218 229 
221 2417 
222 96 
223 309 
225 507 
226 125 
226 408 
226 164 
228 434 
228 74 
229 155 
229 2845 
231 955 
239 417 
241 1165 
245 545 
247 1670 
248 323 
249 956 
250 166 
257 43 
257 1018 
260 249 
260 50 
263 5363 
275 246 
276 191 
277 334 
277 519 
288 735 
291 56 
293 1434 
294 193 
298 256 
304 90 
311 92 
313 10 
314 24 
322 408 
326 89 
326 638 
326 320 
335 139 
339 3189 
341 121 
352 121 
355 291 
358 55 
368 3 
372 560 
372 55 
378 253 
382 200 
383 1240 
383 201 
386 343 
388 486 
398 275 
402 2 
412 168 
414 2549 
416 164 
427 502 
427 225 
434 128 
437 143 
440 69 
440 77 
442 202 
442 153 
452 193 
454 121 
457 804 
460 69 
472 3982 
477 57 
477 207 
485 376 
487 252 
513 59 
517 1137 
521 95 
529 312 
534 255 
540 71 
545 125 
547 86 
551 70 
556 383 
564 119 
568 54 
571 24 
592 205 
596 66 
600 778 
604 9 
613 176 
627 227 
632 6237 
634 14 
657 114 
699 794 
701 30 
703 626 
705 104 
711 86 
716 468 
754 321 
764 12 
778 172 
783 2284 
797 192 
806 17 
831 725 
840 36 
848 131 
852 29 
855 77 
855 24 
862 184 
883 54 
892 54 
902 21 
902 65 
916 31 
970 193 
986 67 
987 21688 
991 62 
997 441 
1011 52 
1016 28 
1017 132 
1034 1064 
1040 177 
1050 94 
1056 178 
1066 1104 
1088 412 
1090 9 
1102 29 
1102 1252 
1103 4344 
1114 32 
1126 118420 
1148 127 
1153 31 
1161 306 
1163 5349 
1177 28 
1182 273 
1195 67 
1217 3053 
1255 69 
1301 5 
1330 78 
1349 374 
1361 12 
1387 163 
1394 138 
1432 143 
1443 151 
1451 36 
1465 908 
1478 50 
1497 438 
1516 93 
1517 87 
1526 1874 
1551 29 
1562 4 
1579 351 
1604 384 
1628 150 
1662 20 
1672 72 
1681 339 
1691 156 
1727 199 
1727 230 
1736 1537 
1829 316 
1880 441 
1890 91 
1891 30 
1928 1803 
1939 227 
1940 6 
1958 516 
2003 4 
2014 2326 
2032 464 
2047 3042 
2054 49 
2070 215 
2110 60 
2147 464 
2175 190 
2177 22 
2190 787 
2224 376 
2225 673 
2284 1905 
2328 689 
2347 133 
2358 322 
2363 9 
2488 0 
2516 323 
2527 284 
2537 146 
2574 24 
2612 152 
2688 87 
2838 5783 
2848 79 
2861 172 
2906 1785 
2924 10036 
2966 266 
3030 91 
3065 2281 
3100 148 
3179 71 
3182 448 
3219 187 
3240 88 
3295 200 
3391 5 
3433 186 
3439 5196 
3452 218 
3468 1337 
3489 1816 
3498 1322 
3499 45 
3510 3077 
3521 8044 
3528 36 
3572 84 
3593 141 
3599 73 
3615 706 
3622 263 
3652 362 
3698 25 
3726 52 
3877 45 
3877 45 
3888 8 
3888 8 
3900 16 
3900 16 
3937 132 
3937 132 
3942 169 
3942 169 
4027 97 
4142 1812 
4252 13 
4351 35 
4415 8 
4552 47 
4552 7 
4602 0 
4609 32 
4835 4 
4858 242 
4981 84 
5065 84 
5251 21516 
5372 494 
5416 1196 
5458 8 
5460 437 
5464 224 
5491 117 
5542 21 
5554 413 
5563 971 
5592 1005 
5628 658 
5725 1117 
5799 48 
5815 580 
5877 667 
5931 43 
5936 0 
5962 70 
5966 19 
5977 4697 
6114 560 
6173 239 
6226 729 
6662 70 
6668 6 
6714 28 
6782 390 
6808 11 
6867 611 
7018 16 
7117 326 
7462 6 
7555 77 
7645 115 
8253 568 
8273 1300 
8294 381 
8326 8 
8360 31 
8530 863 
8722 5120 
8868 60 
8926 4692 
9018 13 
9122 100 
9185 52 
9275 1001 
9277 73 
9366 152 
9410 160 
9437 271 
9442 350 
9534 380 
9576 66 
9668 1592 
9721 17 
9772 23 
9813 21 
9902 0 
9914 880 
9933 6 
10113 90 
10253 228 
10428 111 
10582 361 
10705 1007 
10774 615 
11095 106 
11195 99 
11239 232 
11276 357 
11376 485 
11557 980 
11787 2908 
11949 0 
11963 334 
11997 408 
12045 30 
12076 1463 
12113 6 
12125 10 
12141 128 
12304 199 
12348 7 
12411 317 
12479 684 
12526 255 
12625 411 
12757 95 
12822 937 
12841 111 
12929 419 
12989 18581 
12996 198 
13010 3961 
13021 3292 
13042 9 
13095 664 
13149 861 
13243 249 
13315 265 
13388 2026 
13432 3849 
13477 723 
13490 2002 
13634 2408 
13650 394 
13660 1403 
13678 288 
13697 3696 
13755 138 
13770 1103 
13930 831 
14085 43 
14167 15 
14263 586 
14372 48 
14378 17 
14437 2738 
14520 217 
14530 244 
14750 10 
14796 225 
14813 85 
14883 59 
14885 1279 
14906 28 
15119 243 
15321 306 
15414 683 
15435 103 
15435 583 
15551 206 
15683 327 
15833 7597 
15996 79 
16312 55 
16339 133 
16357 10098 
16364 413 
16371 157 
16377 12154 
16470 30 
16529 116 
16587 51694 
16623 199 
16627 65 
16648 32 
16659 55 
16683 780 
16907 227 
17032 559 
17217 603 
17386 166 
17510 253 
17649 24 
17754 761 
17816 1343 
17824 39 
17854 67 
17905 381 
17971 122 
17981 767 
18002 8716 
18108 375 
18163 456 
18227 251 
18250 266 
18272 519 
18284 390 
18591 2373 
18635 2573 
18709 1530 
18724 200 
18725 1820 
18738 16 
18774 344 
18873 211 
18873 211 
18894 30 
18894 30 
18935 1208 
18935 1208 
18960 1897 
19034 71 
19041 149 
19067 226 
19113 1642 
19180 564 
19192 15 
19203 752 
19232 0 
19278 1048 
19280 4 
19374 121 
19688 1305 
19697 20 
19890 66 
19974 947 
20020 161 
20057 1131 
20086 3108 
20167 1912 
20288 3 
20290 546 
20470 379 
20536 16 
20646 1357 
20734 193 
20968 129 
21030 1599 
21047 391 
21091 243 
21250 7660 
21288 458 
21360 280 
21466 709 
21649 178 
21656 57 
21696 2778 
21740 1483 
21806 215 
21893 168 
21964 174 
22059 176 
22158 8 
22187 277 
22201 1556 
22241 1898 
22291 919 
22308 295 
22407 23845 
22421 58 
22427 39 
22458 93 
22477 1456 
22509 446 
22571 196 
22580 161 
22711 591 
22772 752 
22891 842 
22908 1064 
22989 2127 
23012 1588 
23032 7968 
23071 1213 
23150 1345 
23219 600 
23251 161 
23331 1826 
23348 5026 
23417 71 
23437 21 
23463 32 
23485 76 
23496 79 
23564 1927 
23595 827 
23712 601 
23788 1306 
23962 567 
24089 13 
24178 265 
24260 59 
24344 724 
24355 9 
24375 42 
24476 361 
24485 55 
24553 2235 
24702 269 
24718 34 
24736 1126 
24740 501 
24806 1221 
24840 147 
24891 656 
24940 758 
24969 61298 
24973 185 
24983 201 
25089 418 
25115 484 
25189 264 
25194 1119 
25201 443 
25206 9 
25295 256 
25316 178 
25404 1434 
25416 541 
25443 272 
25458 319 
25561 130 
25565 3313 
25691 165 
25700 951 
25702 2030 
25747 146 
25988 21 
26062 3388 
26146 7650 
26160 6 
26173 1845 
26199 704 
26216 11 
26225 1352 
26259 2203 
26279 4653 
26323 137 
26428 4673 
26486 55 
26495 36 
26531 3087 
26572 805 
26581 2002 
26584 781 
26621 104 
26771 1341 
26794 291 
26882 154 
26983 6926 
27066 212 
27112 865 
27123 133 
27188 217 
27250 313 
27251 1019 
27272 215 
27363 62 
27364 1794 
27402 550 
27438 238 
27458 142 
27516 1874 
27619 266 
27663 714 
27680 49 
27708 133 
27824 322 
27847 4688 
27856 45 
27858 959 
27915 349 
27957 9 
28023 1119 
28025 103 
28032 1241 
28059 1548 
28091 5333 
28252 1402 
28347 302 
28473 110 
28522 318 
28625 1312 
28712 562 
28735 902 
28893 56 
28898 1318 
28960 31 
29002 59 
29016 86 
29080 1230 
29099 1500 
29119 984 
29139 803 
29145 216 
29154 238 
29213 786 
29215 379 
29222 1281 
29331 624 
29353 5241 
29389 120 
29395 141 
29399 2337 
29466 80 
29475 11 
29492 97 
29532 537 
29633 10094 
29660 1064 
29689 40 
29694 17 
29696 3479 
29709 653 
29864 1278 
29903 1745 
29977 779 
30008 308 
30199 917 
30268 844 
30283 863 
30287 1325 
30298 3406 
30305 113 
30351 457 
30402 533 
30470 1478 
30525 1252 
30542 139 
30549 2575 
30680 250 
30711 9 
30776 2533 
30896 1739 
30896 1739 
30907 2287 
30939 822 
30945 1633 
30981 5001 
30994 90 
31022 252 
31029 256 
31044 1152 
31054 1870 
31079 1091 
31111 2922 
31122 3773 
31130 105 
31231 240 
31242 147 
31294 991 
31312 6 
31313 28 
31313 4143 
31319 215 
31338 48 
31426 2173 
31430 2840 
31471 1558 
31519 444 
31606 2389 
31617 434 
31657 551 
31688 8 
31701 564 
31730 0 
31741 180 
31757 580 
31799 1960 
31824 170 
31870 437 
32019 924 
32029 343 
32045 351 
32107 6 
32139 389 
32147 273 
32167 27 
32170 87 
32272 1952 
32285 626 
32307 189 
32329 185 
32336 12228 
32358 5619 
32369 981 
32377 4037 
32400 41 
32439 558 
32459 1024 
32464 187 
32489 965 
32503 490 
32592 109 
32629 905 
32634 334 
32646 519 
32729 218 
32765 820 
32766 528 
32811 4442 
32822 1489 
32837 220 
32882 624 
32912 3246 
33000 1203 
33045 741 
33050 552 
33052 268 
33082 2349 
33096 464 
33175 759 
33209 32 
33216 542 
33237 1633 
33255 469 
33364 3682 
33368 384 
33416 127 
33444 521 
33472 73 
33522 175 
33536 199 
33619 282 
33755 130 
33777 14035 
33788 363 
33815 1562 
33893 8 
33897 718 
33910 1308 
33934 996 
33978 84 
34006 365 
34023 1013 
34027 317 
34066 826 
34076 229 
34125 361 
34179 39 
34217 277 
34255 2925 
34406 32 
34411 0 
34483 75 
34492 746 
34553 1082 
34554 742 
34575 624 
34651 245 
34725 17 
34788 252 
34795 387 
34820 418 
34825 1411 
34847 1451 
34964 271 
34984 865 
34993 2017 
35008 83 
35009 4189 
35016 730 
35022 5826 
35030 1542 
35040 1305 
35077 217 
35077 13 
35142 58 
35145 34 
35261 63 
35293 1129 
35303 563 
35363 879 
35382 396 
35383 2292 
35400 140 
35407 684 
35415 1525 
35459 51 
35476 1359 
35482 6602 
35572 1149 
35576 342 
35581 1114 
35588 571 
35614 497 
35654 1082 
35702 418 
35706 136 
35710 14 
35713 375 
35714 1038 
35724 661 
35831 36 
35835 8 
35901 86 
35980 481 
35994 915 
36009 1213 
36009 1366 
36019 179 
36036 1776 
36041 231 
36094 327 
36127 55 
36215 7 
36243 1153 
36248 131 
36289 344 
36332 5122 
36335 291 
36339 2558 
36341 216 
36341 1109 
36368 2006 
36368 62 
36375 401 
36390 1421 
36407 291 
36431 937 
36537 969 
36571 211 
36584 997 
36634 148 
36672 4101 
36736 1349 
36830 118 
36837 148 
36877 2125 
36885 1500 
36952 1592 
36965 923 
36982 12066 
36996 2016 
37001 252 
37013 331 
37036 291 
37048 325 
37048 807 
37094 1065 
37187 709 
37231 181 
37257 1672 
37339 527 
37360 1370 
37398 796 
37440 1203 
37466 0 
37486 38 
37571 1505 
37595 1847 
37629 49 
37630 110 
37633 763 
37684 1958 
37686 932 
37706 141 
37735 865 
37758 61 
37926 177 
37993 110 
38080 21 
38163 24 
38231 1612 
38254 174 
38271 2033 
38286 58 
38290 698 
38322 397 
38332 439 
38371 19 
38450 224 
38472 2185 
38595 78 
38611 605 
38676 418 
38698 2324 
38776 2019 
38803 1102 
38877 214 
38894 157 
38999 737 
39028 126 
39041 1304 
39043 1779 
39055 2196 
39080 292 
39086 2583 
39225 1184 
39258 377 
39318 925 
39337 3515 
39383 2068 
39489 1540 
39515 61 
39518 1117 
39522 165 
39707 959 
39719 1586 
39780 26 
39796 4936 
39817 611 
39832 829 
39870 54 
39877 173 
39897 431 
39919 4000 
39985 168 
40038 1011 
40109 81 
40115 878 
40149 57 
40157 1130 
40200 2356 
40236 243 
40256 226 
40264 518 
40268 0 
40279 299 
40298 3392 
40351 1063 
40357 3762 
40358 6476 
40429 433 
40450 863 
40454 42 
40466 171 
40515 1421 
40518 1202 
40577 790 
40578 512 
40628 65 
40639 612 
40643 21 
40644 100 
40663 264 
40760 85 
40782 4832 
40795 613 
40797 1335 
40883 1080 
40887 223 
40906 495 
40931 25358 
40976 458 
40997 1189 
41025 219 
41043 24 
41170 664 
41189 486 
41221 14 
41423 17279 
41534 1455 
41539 412 
41550 953 
41574 8021 
41592 95 
41629 617 
41642 182 
41659 665 
41664 6 
41672 417 
41704 7943 
41710 362 
41749 988 
41776 1142 
41777 1538 
41803 6 
41833 894 
41918 963 
41962 16 
41985 5561 
41988 85 
42036 16 
42074 334 
42075 238 
42093 3128 
42200 116 
42224 192 
42275 831 
42284 438 
42322 810 
42396 3008 
42399 1552 
42434 6608 
42478 489 
42533 1861 
42547 64 
42563 795 
42633 125 
42649 364 
42778 122 
42854 0 
42870 1135 
42872 812 
42878 1250 
42879 902 
42882 459 
42896 2332 
42920 175 
42935 3673 
42991 1697 
42994 197 
43057 78 
43062 1568 
43208 3 
43254 228 
43275 365 
43291 629 
43365 1106 
43399 198 
43503 3165 
43577 17 
43585 2705 
43590 304 
43634 612 
43648 2060 
43674 1212 
43694 401 
43705 1531 
43769 422 
43771 107 
43818 75 
43819 12 
43861 439 
43903 2609 
43908 108 
43922 2610 
43961 3957 
43972 19 
43972 90 
43977 22 
43987 976 
44000 932 
44051 550 
44100 734 
44103 827 
44104 558 
44126 587 
44159 2637 
44233 5941 
44236 299 
44245 1530 
44254 1935 
44261 501 
44282 12625 
44299 1138 
44308 2028 
44313 3814 
44337 4450 
44353 153 
44503 350 
44586 268 
44656 1130 
44684 340 
44765 119 
44795 838 
44798 261 
44915 588 
44922 1685 
44934 909 
44957 120 
45138 80 
45184 1374 
45213 58 
45364 803 
45365 270 
45380 846 
45410 266 
45434 93 
45462 157 
45480 746 
45525 606 
45569 397 
45605 752 
45709 206 
45759 455 
45770 1060 
45821 441 
45905 9861 
45911 11 
45936 213 
46009 529 
46025 94 
46103 140 
46125 99 
46134 2354 
46139 464 
46194 6250 
46198 806 
46247 452 
46258 213 
46265 109 
46276 1348 
46292 907 
46294 640 
46304 38 
46314 105 
46334 605 
46374 788 
46405 647 
46409 1511 
46439 1043 
46479 777 
46507 340 
46535 156 
46543 481 
46664 169 
46734 108 
46749 1217 
46777 990 
46875 68 
46902 115 
46914 191 
46922 2005 
46945 172 
46959 1518 
46984 448 
47002 382 
47091 128 
47112 834 
47140 1166 
47201 2106 
47211 292 
47296 985 
47439 532 
47439 437 
47454 2078 
47521 1512 
47533 1244 
47541 547 
47641 271 
47712 793 
47732 645 
47739 1185 
47771 69 
47791 3621 
47797 771 
47863 1151 
47891 437 
47983 1670 
48014 896 
48024 160 
48029 1361 
48038 175 
48039 1367 
48104 4500 
48219 34 
48232 2505 
48407 259 
48436 1360 
48464 2313 
48520 2025 
48540 1268 
48557 150 
48587 331 
48588 376 
48613 950 
48616 2963 
48642 781 
48670 3429 
48689 3329 
48714 544 
48938 23 
48939 312 
48984 198 
48989 1183 
49032 943 
49071 2017 
49130 1705 
49144 1006 
49171 356 
49177 37 
49191 920 
49203 1005 
49204 4622 
49234 765 
49267 49 
49280 1587 
49298 659 
49348 1960 
49386 1502 
49395 1255 
49454 13 
49563 51 
49609 622 
49643 2783 
49702 298 
49801 1157 
49850 80 
49864 906 
49913 848 
49945 2640 
49968 364 
49968 96 
49977 1409 
49977 60 
50022 180 
50068 235 
50081 611 
50091 532 
50136 347 
50273 1479 
50312 99 
50317 292 
50318 287 
50319 270 
50355 170 
50390 697 
50398 568 
50494 430 
50624 762 
50677 2202 
50703 1737 
50792 833 
50914 738 
50939 880 
51120 714 
51235 493 
51243 158 
51268 4 
51295 1211 
51512 7 
51520 334 
51547 1326 
51571 1125 
51608 619 
51707 2289 
51779 394 
51792 304 
51843 49 
51904 37 
52036 699 
52074 872 
52204 691 
52232 827 
52237 4 
52259 679 
52295 29 
52308 1599 
52382 1459 
52407 1952 
52502 10 
52589 711 
52631 210 
52650 1207 
52670 0 
52673 309 
52779 1183 
52786 2871 
52874 237 
52976 596 
53066 504 
53072 225 
53098 98 
53139 3188 
53141 1967 
53143 2582 
53143 662 
53150 1224 
53156 2350 
53164 1645 
53186 786 
53221 850 
53222 4 
53247 498 
53259 727 
53372 2 
53398 352 
53416 4498 
53588 805 
53664 1560 
53677 1412 
53716 60 
53801 621 
53812 1692 
53818 474 
53824 1202 
53981 141 
53987 86 
53991 0 
54095 42 
54198 627 
54337 129 
54370 20 
54401 1046 
54465 2737 
54478 56 
54480 159 
54485 206 
54653 1440 
54697 77 
54769 941 
54783 3315 
54785 4 
54798 4178 
54818 2618 
54845 638 
54967 3354 
55114 3299 
55147 3969 
55154 64 
55221 105 
55298 1054 
55436 507 
55437 118 
55452 345 
55480 3774 
55495 155 
55526 57 
55541 345 
55574 276 
55601 1046 
55672 666 
55679 2859 
55744 1984 
55767 836 
55780 371 
55827 2302 
55875 3051 
55978 1051 
56050 530 
56079 100 
56102 523 
56161 381 
56168 248 
56205 1192 
56215 238 
56240 871 
56272 298 
56302 11137 
56344 1390 
56391 503 
56415 2115 
56457 227 
56490 740 
56625 268 
56735 715 
56750 167 
56759 746 
56788 781 
56789 882 
56795 102 
56839 507 
56940 125 
57028 867 
57066 160 
57093 461 
57100 388 
57103 1123 
57135 129 
57171 941 
57180 1515 
57183 120 
57200 16 
57305 465 
57308 2 
57409 6112 
57443 2058 
57445 1401 
57450 2979 
57457 928 
57461 110 
57474 1155 
57609 1875 
57651 102 
57702 670 
57704 631 
57744 1129 
57757 575 
57768 1230 
57771 2 
57792 174 
57799 174 
57818 1040 
57835 129 
57925 653 
58000 397 
58046 511 
58047 833 
58054 664 
58141 177 
58157 192 
58212 1254 
58213 338 
58215 287 
58256 856 
58282 77 
58376 89 
58427 2904 
58434 386 
58461 844 
58574 1363 
58659 1404 
58768 26 
59095 2620 
59143 492 
59214 53 
59277 208 
59280 1631 
59281 553 
59293 729 
59344 708 
59419 255 
59457 5 
59488 2850 
59530 628 
59551 503 
59572 839 
59624 164 
59654 356 
59722 627 
59738 962 
59770 413 
59958 361 
60004 529 
60050 45 
60115 2396 
60143 1467 
60196 417 
60371 535 
60390 1464 
60426 111 
60486 281 
60525 100 
60541 6161 
60559 109 
60648 2412 
60702 1696 
60732 1526 
60754 441 
60791 1034 
61043 309 
61046 27 
61072 1522 
61134 2030 
61176 564 
61221 1308 
61256 1098 
61257 2314 
61311 380 
61329 4762 
61335 13 
61352 1594 
61357 489 
61393 1080 
61413 972 
61444 1211 
61460 1156 
61494 0 
61602 149 
61633 108 
61637 834 
61673 38 
61688 859 
61696 436 
62295 542 
62464 45 
62517 1579 
62740 514 
62964 1479 
62994 3017 
63039 182 
63069 574 
63215 342 
63329 108 
63615 379 
63700 583 
63817 5054 
63879 2789 
63907 257 
64003 220 
64119 17 
64183 62 
64209 608 
64223 882 
64346 6590 
64355 5211 
64363 494 
64604 1172 
64617 325 
64628 91 
64714 50 
64721 582 
64810 1182 
64819 1742 
64827 168 
64898 32 
65002 1224 
65064 316 
65069 522 
65074 125 
65124 167 
65318 592 
65322 95 
65340 2494 
65354 1431 
65408 7 
65423 1190 
65442 1370 
65469 73 
65579 1633 
65591 197 
65592 1259 
65595 423 
65633 276 
65664 589 
65665 882 
65851 2054 
65906 1005 
66007 245 
66042 321 
66057 1223 
66064 173 
66106 2677 
66121 194 
66171 0 
66195 711 
66513 205 
66547 1271 
66959 2419 
67090 918 
67107 214 
67112 4593 
67129 2050 
67146 25 
67161 103 
67217 177 
67344 971 
67392 509 
67477 151 
67690 2153 
67730 4177 
67752 294 
67946 1271 
68101 145 
68163 146 
68222 18935 
68242 524 
68272 2247 
68277 188 
68371 6440 
68433 717 
68438 584 
68470 1446 
68540 296 
68657 1920 
68708 256 
68721 129 
69000 6830 
69057 409 
69072 108 
69178 1600 
69427 1311 
69498 199 
70284 439 
70658 862 
70669 139 
70997 3 
71094 69 
71150 354 
71368 609 
71409 1164 
71596 193 
71598 59 
71612 43 
71618 1188 
71668 1972 
71688 1236 
71707 56 
72012 160 
72091 86 
72150 418 
72157 136 
72219 69 
72416 306 
72548 0 
72638 13 
72683 58 
72822 10115 
72935 234 
73034 650 
73232 4091 
73310 303 
73310 520 
73315 10650 
73319 748 
73328 374 
73346 81 
73406 63 
73443 381 
73445 2334 
73600 1140 
74026 277 
74199 1565 
74361 138 
74401 602 
74428 443 
74532 7 
74583 2747 
74636 165 
74645 1306 
74813 2803 
74829 81 
74850 1219 
74897 39 
74952 370 
74959 39 
74972 236 
75005 76 
75025 2030 
75032 55 
75057 87 
75183 3332 
75225 176 
75257 3253 
75266 5229 
75332 1312 
75372 502 
75652 1123 
75692 153 
75789 249 
75811 2107 
75837 23972 
75848 393 
75861 5 
75862 329 
75900 2440 
75927 419 
75929 1695 
75941 385 
75941 385 
75949 2279 
76008 331 
76068 95 
76261 112 
76316 1047 
76348 1732 
76363 3348 
76449 1475 
76456 1244 
76706 1183 
76709 416 
76782 1506 
76809 300 
76814 8 
76925 40 
77006 433 
77140 394 
77183 3179 
77230 1174 
77299 1430 
77303 1071 
77308 13 
77343 1391 
77408 129 
77442 790 
77592 807 
77627 245 
77641 378 
77683 3416 
77702 524 
78237 278 
78449 976 
78508 1846 
78601 529 
78626 163 
78639 40 
78862 1857 
79055 2756 
79055 2756 
79155 36 
79180 41 
79631 1922 
79866 117 
80035 4103 
80076 1600 
80247 355 
80465 210 
80468 1137 
80637 9531 
81244 4618 
81322 2419 
81344 33 
81392 1066 
81403 2007 
81673 3154 
81689 2301 
82074 245 
82111 742 
82497 12894 
82737 179 
82829 2056 
83580 315 
83584 1032 
84949 340 
85239 347 
85651 2586 
85958 2462 
86114 654 
86383 424 
86471 217 
86761 82 
86773 92 
87095 947 
87361 12 
87612 1062 
87669 582 
87887 1933 
87963 44 
87995 2048 
88059 1308 
88108 270 
88305 602 
88507 557 
88515 3 
88834 172 
89344 112 
89865 1096 
89890 474 
91421 613 
92740 53 
93937 387 
96923 2525 
97368 850 
97388 373 
97579 2305 
98208 906 
98504 178 
98718 5809 
99375 1780 
100158 92 
100249 460 
100260 406 
100299 9784 
100416 492 
101568 117 
101911 437 
102147 1946 
102782 54 
102927 2200 
102951 1667 
103248 1226 
103294 87 
103363 2023 
103414 5798 
103478 326 
103567 763 
104441 1628 
104461 124 
104823 468 
105590 1110 
106115 1601 
107077 295 
107773 698 
107890 1306 
108019 590 
108314 29 
108363 7874 
108565 1188 
108604 652 
108725 870 
108743 342 
109040 337 
109350 1644 
110011 50 
110084 1472 
110194 5629 
110611 570 
110621 1248 
110819 6091 
110848 114 
110945 1497 
110984 4125 
110992 2147 
111002 537 
111310 1281 
111354 864 
111423 624 
111455 1006 
111586 211 
111806 2944 
112246 65 
112526 774 
112537 3707 
112639 91 
112669 1002 
112681 106 
112810 1506 
112831 1583 
113167 361 
113261 3878 
113303 52 
113492 63 
113880 263 
114146 3481 
114245 687 
114987 9536 
115155 92 
115445 546 
115526 264 
115620 915 
115658 172 
116211 45 
116276 56 
116377 9 
116454 1596 
116556 137 
116692 1101 
116728 457 
116735 1252 
116814 27 
116980 237 
117014 993 
117058 305 
117161 1324 
117415 413 
117707 3799 
117770 3029 
118189 464 
118772 6 
119070 1695 
119635 2134 
119955 783 
120095 404 
120379 1911 
120421 2062 
120562 577 
120637 712 
121280 589 
122168 508 
122200 125 
122591 641 
122826 1232 
122857 134 
122965 87 
123123 107 
123208 2178 
123477 976 
123604 180 
123615 408 
123669 234 
124065 995 
124402 1423 
124429 241 
124458 6980 
124485 576 
124786 958 
125248 26 
125370 410 
125990 609 
126040 447 
126558 2792 
126710 843 
126875 338 
126943 2564 
127093 448 
127131 1633 
127181 655 
127212 465 
127269 1582 
127353 1282 
127367 1054 
127380 54 
127448 645 
127531 56 
127643 919 
127969 536 
127970 68 
128015 903 
128028 17 
128034 143 
128043 203 
128047 95 
128086 79 
128099 244 
128180 1058 
128206 728 
128208 23 
128347 114 
128366 356 
128397 139 
128565 1482 
128695 290 
128879 939 
128926 1882 
128928 1772 
129210 853 
129398 38 
129431 2263 
129551 3206 
129577 11619 
129737 1284 
129772 136 
129793 323 
129840 309 
130093 7550 
130094 1268 
130439 1339 
130767 373 
131151 1389 
131254 681 
131418 1204 
131564 348 
131709 1498 
131807 28755 
131844 562 
131852 2006 
131974 1280 
132042 725 
132151 3664 
132190 197 
132552 2781 
132637 97 
132651 9120 
132654 66 
132985 199 
133498 325 
133503 1025 
133876 1153 
134082 1164 
134411 271 
134600 1467 
134942 0 
134980 48 
135174 519 
135233 1092 
135252 93 
135296 3488 
135417 2799 
135489 2780 
135865 150 
136261 37 
136332 7 
136647 300 
136959 2270 
136967 1954 
137056 308 
137260 272 
137366 907 
137387 3579 
137531 524 
137611 1378 
137615 150 
137676 540 
137717 631 
137754 516 
137959 360 
137982 238 
138019 187 
138245 438 
138349 539 
138642 1186 
139066 1263 
139069 2216 
139198 50 
139571 986 
139669 83 
140036 642 
140268 177 
140342 799 
140691 1247 
140853 46 
140936 2756 
140985 104 
141258 755 
141292 1908 
141487 156 
141497 99 
142212 320 
142218 6470 
142263 1175 
142270 3875 
142338 2396 
142537 1049 
142785 1114 
142792 3602 
142819 2311 
142865 1158 
143179 63 
143220 1808 
143499 32 
143521 541 
143792 110 
143973 1462 
144540 206 
144547 5306 
144722 620 
144723 361 
144827 805 
144884 426 
144906 148 
145520 82 
145706 6220 
145822 482 
145996 356 
146524 825 
146548 91 
146710 2247 
147648 404 
147861 314 
148323 759 
148449 474 
148545 9051 
148836 1171 
149423 5348 
149514 1 
149748 166 
149768 121 
149803 57 
149843 138 
150032 251 
150134 104 
150337 509 
151123 220 
151201 246 
151202 647 
151413 703 
151460 1279 
151535 1744 
152606 776 
152985 559 
153024 85 
153176 198 
154169 1827 
154178 568 
156140 1903 
156438 318 
157242 281 
157945 1065 
157963 801 
158492 51 
158788 1987 
158904 416 
160197 259 
160224 367 
160329 742 
160458 1218 
160518 408 
161322 594 
161483 273 
162219 3 
163404 2711 
164199 119 
164852 1304 
165437 3078 
165781 7353 
165940 171 
166031 5 
166087 627 
166434 2142 
166846 3787 
167010 1073 
167706 261 
168017 403 
168117 170 
168458 1465 
168872 1567 
169273 429 
170394 743 
170685 31 
171111 253 
171124 2071 
171187 777 
172062 209 
173898 563 
174609 393 
175049 1201 
178187 447 
178366 48 
180267 19 
181263 582 
181297 27 
181771 969 
182029 208 
182403 812 
184540 2143 
184779 407 
185232 329 
185232 329 
187370 1190 
188528 1140 
188809 47 
189322 629 
190176 1267 
190488 944 
190696 218 
190794 1026 
194512 1507 
196077 983 
197199 1967 
197518 1470 
197622 823 
197761 408 
198220 2091 
198397 647 
199166 25 
199220 1106 
199770 2950 
200022 10764 
200281 802 
200370 330 
200449 1692 
200449 1692 
200472 576 
200472 576 
200771 842 
201609 1140 
202184 155 
202236 9879 
202536 179 
202962 0 
202972 6232 
203023 636 
203343 50 
204291 253 
205126 427 
205679 25 
206473 0 
207777 194 
207839 404 
208075 1007 
208292 361 
208340 218 
208482 3 
208812 399 
209039 3395 
209118 1664 
209498 1034 
210199 818 
210527 35 
210577 587 
210793 255 
211103 1039 
211371 390 
211555 325 
211574 744 
211610 1862 
211718 423 
211720 865 
212241 1755 
212758 612 
213489 823 
213734 1564 
214102 148 
214132 1384 
214177 384 
214325 19 
214935 149 
215479 376 
215567 87 
215755 773 
215761 645 
215819 3738 
216925 1256 
217217 256 
217270 583 
217274 6551 
217480 669 
217989 321 
218150 1583 
218904 682 
219482 1576 
219519 1111 
220045 1124 
220486 853 
220742 77 
221122 27314 
221126 1702 
221180 669 
221726 357 
223629 337 
223767 824 
223777 1474 
224368 1414 
224600 1018 
224718 1625 
225543 1101 
226074 2456 
226075 847 
226388 524 
226552 796 
226973 8561 
227178 2616 
228866 1799 
229112 1051 
229208 45 
229331 396 
230449 627 
230596 80 
230678 4 
230759 263 
230816 3379 
230887 1389 
230894 7 
231951 67 
233035 79 
233626 612 
233876 331 
233952 579 
234173 429 
234184 194 
234907 935 
234934 136 
235198 54 
235510 3574 
235835 752 
235924 1016 
236612 568 
236616 243 
237199 846 
237518 241 
237887 1580 
238294 5 
238328 263 
239401 113 
240362 256 
241152 1155 
241177 53 
242888 1299 
242989 310 
244555 176 
244711 1268 
244791 230 
245566 205 
245880 153 
245900 90 
246796 40 
249062 480 
249841 6238 
250601 82 
250712 834 
251851 2022 
252651 1826 
255324 408 
256299 401 
257451 424 
260464 2051 
267963 89 
269907 707 
270274 0 
272963 648 
273658 809 
274229 463 
274472 843 
274881 1327 
275790 19 
276408 625 
279475 1720 
279670 1315 
280186 0 
280201 1857 
280219 153 
281385 906 
283212 388 
283381 168 
283651 1194 
284868 5390 
287155 1506 
287914 7824 
288023 138 
288128 5860 
288891 0 
289110 607 
289875 822 
290523 2 
291315 536 
291795 385 
292308 159 
294428 556 
296163 215 
297559 2088 
297765 1196 
298040 436 
299543 400 
300388 4447 
300891 1256 
301011 3051 
301214 1762 
301246 368 
302119 29 
302227 6761 
302244 783 
302255 412 
302596 143 
302606 2331 
302877 558 
303147 151 
303424 688 
303884 157 
304437 854 
304631 56 
305614 2621 
306254 461 
306923 285 
307143 1123 
307596 1570 
307828 227 
309423 181 
309512 1618 
309607 147 
309608 2586 
309705 421 
310014 2149 
310170 2586 
310986 69 
311150 3346 
311527 635 
311724 171 
312580 433 
313918 453 
316685 478 
317648 505 
318050 1596 
318802 5575 
319140 162 
320609 244 
331087 73 
331089 196 
331228 179 
331262 102 
331328 63 
331334 119 
331482 27 
331529 83 
331574 57 
331919 128 
332217 75 
332901 32 
333112 121 
333202 557 
333508 3181 
333577 33 
333641 2076 
333709 456 
333794 1382 
333871 10 
333913 148 
334466 112 
335401 262 
335812 147 
336636 19306 
338800 1510 
338917 50 
339362 1804 
339825 1895 
340679 1107 
341038 1056 
341171 53 
343939 226 
344393 299 
346031 4 
346130 31 
347958 411 
348864 380 
350931 2742 
351481 1214 
352271 38 
353583 2 
353737 5806 
358262 1051 
358903 950 
359372 696 
359453 1023 
362197 228 
362755 96 
364407 49 
366555 309 
366555 309 
367109 106 
368733 6130 
369149 176 
369633 2757 
370357 1 
373577 19382 
373813 104 
373873 1665 
374114 1269 
374247 15 
374990 526 
375195 559 
376054 2401 
376816 690 
377328 1662 
378005 41 
378717 108 
378868 14 
380467 454 
381239 277 
381267 73 
381879 857 
381879 857 
381911 2 
381911 2 
382080 4363 
382376 6432 
382401 786 
382508 66 
383235 62 
384162 270 
384188 366 
384210 764 
384495 151 
384551 122 
384829 44 
385112 1929 
385485 827 
385724 956 
387294 2426 
387515 22 
387758 62668 
387774 2694 
387775 1090 
387783 2034 
387858 64 
387977 1857 
388144 255 
388416 1165 
388446 19 
389933 407 
390099 6 
390481 1674 
391255 971 
392680 1168 
392711 1447 
392982 623 
394009 944 
394252 2347 
394382 1351 
394614 145 
394738 23 
394877 1014 
395447 6553 
395679 333 
396644 431 
396644 431 
396918 154 
396928 4140 
397159 1302 
397280 681 
398069 16170 
398135 370 
398155 395 
398234 328 
398480 76 
398630 874 
398873 789 
399313 1063 
399980 245 
399997 129 
400194 1083 
400862 3558 
401273 31 
401492 603 
401620 16 
402913 4441 
402972 559 
403248 337 
403453 1824 
403912 675 
404000 300 
404776 165 
404821 4009 
404926 101 
406021 274 
406155 73 
406600 94 
406640 4898 
407025 531 
407200 1476 
407469 170 
407679 1363 
407745 818 
408237 234 
408372 1420 
409607 436 
409890 1338 
410341 748 
410394 33 
410732 304 
410794 727 
411178 1118 
411888 4987 
412827 263 
413093 3117 
413558 607 
413814 15 
414741 486 
416180 549 
416247 554 
417043 78 
419203 1679 
419439 1102 
420026 175 
420438 415 
420496 1289 
422058 61 
422324 126 
423522 881 
424592 2028 
424752 1337 
425051 1076 
425557 42 
425730 268 
427236 150 
428815 912 
429530 258 
431466 3162 
433729 23 
435265 750 
435483 1406 
436510 946 
438451 762 
440798 13 
441459 57 
443901 1015 
445894 488 
446328 239 
446704 84 
448128 388 
449102 58 
450832 279 
451787 606 
451824 287 
452877 1097 
454617 226 
454953 80 
457200 28 
457780 53 
458325 348 
461217 1242 
463561 1000 
466196 129 
466792 432 
466930 54 
468286 32 
468375 245 
468430 324 
469598 590 
469754 940 
470423 1502 
470527 1092 
471046 1766 
471588 4 
471933 224 
472664 214 
472778 2090 
473080 1783 
473690 491 
473762 63 
473817 973 
474329 812 
474818 733 
477153 623 
480587 22 
480949 10 
483700 601 
484040 827 
485028 226 
485638 304 
486595 796 
486895 305 
487370 39 
487816 998 
488111 669 
489362 2187 
490590 40 
491250 260 
494059 35317 
494175 283 
494437 1347 
495744 1020 
495967 103 
497554 6 
498429 1294 
498824 2844 
499413 1254 
499919 488 
500204 114 
500542 712 
500694 6831 
500726 2007 
500744 1768 
501728 102 
501856 449 
503964 39 
504744 869 
508345 1 
508492 145 
510537 200 
510717 959 
510922 1009 
512073 13 
512559 190 
512830 465 
514258 197 
514451 7950 
514471 1183 
514475 1429 
519112 392 
521768 1260 
522840 15 
526429 878 
527865 1214 
528438 1315 
528975 829 
532544 1 
536169 381 
538064 17 
540406 368 
541578 502 
541947 4488 
545268 1176 
545521 859 
547041 40 
547712 2071 
552850 39 
552954 1251 
553304 192 
557127 863 
557306 1219 
557486 90 
558557 108 
558959 327 
560030 599 
560476 333 
563041 603 
564298 480 
564722 171 
565952 114 
566035 1211 
566039 1324 
566693 893 
567954 1030 
570098 525 
570649 24 
570676 662 
576491 64 
579109 622 
579214 971 
580159 1353 
580796 15 
582137 0 
583659 0 
584446 0 
584498 960 
585303 0 
589823 112 
593111 215 
595318 1129 
596586 454 
597580 1159 
603586 2 
603730 62 
