2658 4.16986111111
0 1040675 
7 178 
8 525 
8 666 
9 2340 
10 106 
13 33 
14 1577 
15 983 
16 220 
17 74 
17 276 
20 103 
22 16 
22 77 
22 199 
22 2 
22 126 
24 179 
24 538 
25 191 
26 1057 
27 160 
27 189 
28 175 
28 202 
28 230 
28 95 
29 93 
30 16 
30 42 
31 126 
31 10 
31 22 
32 51 
32 143 
32 382 
33 302 
33 61 
34 25 
34 281 
35 86 
35 1000 
36 491 
36 455 
36 17 
36 3251 
37 25 
37 40 
37 89 
37 170 
38 424 
38 36 
39 442 
39 651 
40 349 
40 111 
40 30 
41 440 
41 260 
41 73 
42 91 
42 28 
42 55 
43 87 
43 153 
43 146 
43 45 
44 55 
44 159 
45 38 
45 483 
46 85 
46 60 
47 196 
47 5 
47 161 
47 7 
47 23 
48 42 
48 261 
48 242 
49 125 
49 135 
49 357 
49 283 
49 140 
49 30 
50 83 
50 47 
51 83 
51 262 
51 274 
51 33 
51 87 
51 98 
52 150 
52 100 
53 224 
53 212 
53 778 
53 79 
53 220 
54 216 
54 65 
55 227 
55 50 
55 144 
55 80 
55 124 
55 37 
55 453 
56 221 
56 178 
56 111 
56 262 
56 45 
56 697 
57 248 
58 15 
58 169 
58 231 
58 124 
59 154 
59 129 
59 155 
59 36 
59 150 
59 136 
60 158 
60 161 
61 264 
61 47 
62 482 
62 276 
62 188 
63 221 
63 169 
63 2 
64 226 
64 671 
64 340 
64 120 
65 125 
65 57 
65 141 
66 282 
66 84 
66 404 
66 512 
66 107 
67 589 
67 227 
67 800 
67 158 
67 79 
68 122 
68 57 
68 191 
68 50 
69 444 
69 594 
69 341 
69 9184 
69 254 
69 332 
70 199 
70 357 
70 106 
70 755 
70 40 
71 385 
71 95 
71 98 
71 200 
71 1774 
72 60 
72 203 
73 87 
73 57 
73 31 
73 130 
73 62 
74 191 
74 122 
75 122 
75 164 
75 110 
75 174 
75 85 
75 426 
76 43 
76 40 
76 99 
77 96 
77 23 
77 126 
77 137 
77 36 
77 79 
77 196 
78 49 
78 216 
79 8 
80 108 
80 88 
80 41 
81 10 
81 69 
81 333 
81 109 
82 82 
82 255 
82 88 
82 256 
82 54 
82 131 
83 56 
83 75 
83 128 
84 58 
84 104 
84 71 
84 157 
84 356 
85 325 
85 127 
85 5 
87 80 
87 211 
87 1765 
87 300 
87 327 
88 33 
88 66 
88 65 
88 87 
88 41 
88 131 
89 111 
89 857 
89 37 
90 8 
90 94 
90 85 
90 311 
92 28 
93 134 
93 95 
94 83 
94 797 
94 72 
95 74 
96 1094 
96 174 
96 193 
97 408 
97 119 
97 23 
98 76 
98 274 
98 315 
98 114 
99 162 
99 89 
99 40 
99 826 
100 47 
100 700 
100 146 
100 141 
101 62 
101 218 
101 31 
101 83 
102 79 
102 190 
102 463 
102 28 
103 146 
103 41 
104 116 
104 118 
104 45 
104 362 
104 150 
105 62 
105 29 
105 51 
105 129 
105 42 
106 147 
106 264 
106 252 
106 515 
106 386 
106 59 
107 113 
108 53 
108 37 
108 51 
109 145 
109 458 
109 109 
110 20 
110 98 
111 207 
111 170 
111 1417 
112 10 
113 38 
113 55 
113 264 
113 113 
113 10 
114 94 
114 102 
115 358 
115 142 
116 471 
117 332 
117 98 
118 41 
118 109 
119 80 
120 18 
120 912 
121 218 
121 168 
121 25 
121 336 
122 70 
122 69 
122 43 
122 26 
123 87 
123 61 
123 110 
123 115 
123 41 
124 128 
124 52 
124 99 
126 133 
126 253 
126 99 
127 152 
127 125 
127 45 
128 268 
128 39 
128 77 
129 117 
130 37 
130 89 
130 55 
130 888 
130 9 
130 45 
130 64 
130 153 
131 24 
131 136 
131 181 
132 281 
132 366 
133 243 
133 89 
134 33 
134 204 
134 151 
134 56 
135 184 
135 174 
135 41 
136 42 
136 154 
136 207 
136 262 
136 115 
136 240 
136 6 
137 11 
137 152 
137 570 
138 39 
138 314 
138 37 
138 96 
139 39 
140 33 
141 104 
141 1555 
141 2289 
142 116 
142 4 
142 57 
142 313 
142 209 
143 11452 
143 158 
144 2059 
144 7 
145 76 
146 143 
146 191 
146 47 
147 111 
147 1380 
148 102 
149 103 
149 71 
150 163 
151 158 
153 439 
153 224 
153 3436 
153 40 
154 105 
154 31 
155 203 
155 99 
155 97 
156 39 
156 13 
157 103 
158 3016 
158 230 
158 539 
160 333 
160 805 
160 15 
160 183 
161 93 
161 97 
161 67 
161 31 
161 496 
162 102 
162 179 
162 32 
162 114 
163 114 
163 57 
164 141 
164 118 
166 82 
167 35 
167 25 
167 711 
167 75 
168 134 
168 21 
168 118 
168 117 
168 100 
169 314 
170 146 
170 250 
170 389 
170 9 
170 232 
170 243 
171 20 
171 80 
171 135 
172 245 
172 117 
174 60 
174 41 
175 11 
175 100 
175 8 
176 202 
176 42 
178 537 
178 13743 
178 14 
179 69 
180 61 
181 32 
181 72 
181 51 
182 42 
182 147 
182 65 
182 190 
183 30 
183 306 
184 245 
184 19 
185 569 
185 56 
185 12 
185 174 
185 67 
185 1736 
185 118 
186 606 
186 17 
187 246 
187 42 
188 339 
188 68 
189 24 
190 34 
190 129 
191 106 
191 29 
191 96 
191 111 
192 80 
192 65 
194 65 
194 14 
195 43 
196 148 
197 64 
197 59 
197 167 
198 50 
198 80 
198 635 
198 144 
199 62 
200 100 
201 127 
202 83 
202 176 
203 328 
203 253 
204 207 
204 158 
204 80 
205 450 
206 87 
207 63 
207 138 
207 8 
207 144 
208 141 
208 107 
208 40 
208 219 
208 87 
209 40 
209 336 
209 77 
209 339 
209 93 
210 119 
211 104 
211 85 
211 47 
211 131 
211 100 
212 1005 
212 810 
214 8 
214 77 
215 93 
215 33 
216 114 
216 27 
219 377 
219 55 
220 360 
220 92 
220 140 
223 131 
223 1379 
224 169 
225 151 
225 253 
226 226 
226 602 
226 122 
227 34 
227 118 
228 111 
228 152 
228 163 
230 144 
230 71 
230 90 
231 275 
231 285 
231 62 
231 254 
231 75 
231 195 
234 389 
234 78 
235 27 
236 291 
236 108 
236 178 
236 731 
236 3801 
237 502 
237 182 
237 53 
238 140 
238 73 
238 26 
240 55 
240 98 
241 89 
241 108 
242 117 
242 94 
243 71 
244 71 
244 45 
245 27 
246 94 
246 80 
246 19 
246 377 
246 549 
247 50 
247 21 
247 67 
247 108 
248 81 
248 92 
249 48 
251 177 
251 59 
252 1208 
253 69 
253 31 
255 189 
255 165 
255 114 
255 223 
255 173 
255 164 
256 154 
256 95 
257 108 
258 99 
258 14 
259 133 
260 892 
260 120 
260 68 
261 254 
261 79 
262 124 
264 67 
264 69 
264 578 
265 252 
265 106 
266 32 
267 87 
267 51 
267 34 
267 1650 
268 69 
268 24 
269 46 
269 44 
269 50 
270 43 
270 771 
271 75 
271 548 
271 76 
271 267 
272 93 
273 98 
273 62 
273 68 
275 273 
275 2013 
275 56 
276 33 
276 52 
277 104 
278 83 
279 152 
281 118 
282 92 
283 165 
283 223 
283 72 
283 112 
284 330 
284 132 
285 77 
285 168 
285 27 
286 159 
286 325 
286 1642 
286 323 
287 60 
287 56 
287 40 
288 190 
288 88 
288 64 
290 227 
291 65 
292 300 
293 26 
293 98 
294 100 
294 87 
295 21 
296 92 
299 27 
299 141 
299 68 
300 728 
300 58 
301 351 
301 80 
302 4 
302 73 
303 272 
303 74 
303 95 
303 27 
304 136 
305 66 
305 109 
305 307 
305 22 
305 50 
307 184 
308 281 
308 480 
309 136 
309 46 
310 63 
310 90 
311 145 
312 135 
312 123 
312 449 
313 71 
314 410 
314 25 
314 5 
315 153 
315 541 
315 158 
315 32 
316 94 
317 430 
318 50 
318 156 
320 34 
321 71 
321 47 
322 1321 
323 670 
324 12 
324 1047 
325 73 
326 54 
326 79 
327 526 
328 262 
328 28 
329 210 
330 146 
330 2 
332 11 
332 108 
332 141 
332 108 
333 122 
334 1214 
335 149 
336 116 
336 111 
336 171 
337 47 
338 300 
338 64 
339 575 
339 68 
339 180 
339 24 
340 133 
341 58 
341 42 
341 16 
342 53 
342 624 
343 8 
345 392 
347 30 
347 116 
347 176 
348 89 
349 147 
351 23 
351 60 
351 6 
355 147 
355 925 
356 108 
356 70 
356 28 
356 131 
357 59 
357 24 
357 193 
360 55 
361 33 
363 139 
363 89 
364 18 
364 53 
366 50 
367 151 
368 256 
368 34 
370 250 
371 120 
372 48 
373 70 
373 12 
373 12 
373 107 
373 40 
374 121 
374 0 
375 47 
376 101 
376 22 
377 91 
378 27 
378 90 
379 18 
381 74 
382 75 
382 158 
383 60 
383 204 
384 170 
384 84 
384 62 
384 10 
384 64 
385 47 
386 107 
386 90 
386 129 
386 4 
387 44 
388 14 
389 68 
390 70 
391 28 
392 19 
392 45 
397 165 
397 260 
397 331 
397 70 
398 29 
400 46 
400 57 
401 49 
402 127 
402 68 
404 121 
406 168 
406 66 
407 79 
409 30 
411 73 
411 246 
415 24 
416 142 
417 114 
417 336 
419 8 
420 760 
421 113 
422 46 
422 11 
423 128 
423 167 
424 127 
426 50 
426 66 
426 27 
426 142 
429 127 
430 69 
430 87 
431 67 
431 73 
432 79 
433 147 
434 106 
434 132 
435 88 
436 33 
438 182 
439 40 
439 64 
441 23 
441 102 
442 62 
442 17 
443 83 
444 44 
444 175 
444 112 
445 77 
445 56 
446 72 
446 222 
448 471 
448 99 
452 20 
452 74 
453 151 
454 50 
455 119 
455 27 
455 51 
455 14074 
456 38 
457 315 
458 13 
458 21 
459 19 
459 84 
459 18 
460 191 
460 158 
460 30 
460 12 
462 340 
463 7 
464 109 
464 3 
465 1510 
465 39 
469 9 
469 732 
469 75 
470 64 
471 50 
472 23 
472 27 
473 63 
475 214 
476 254 
476 62 
477 74 
478 167 
478 197 
480 308 
481 7 
482 332 
482 10 
485 69 
486 154 
486 11 
487 43 
487 95 
489 362 
490 278 
492 117 
492 15 
494 92 
494 59 
494 19 
496 6 
496 253 
497 22 
498 687 
499 73 
500 37 
501 61 
502 18 
503 117 
506 33 
507 141 
507 45 
507 64 
507 26 
512 49 
513 80 
513 106 
514 94 
518 580 
519 29 
519 51 
519 167 
520 360 
521 78 
521 370 
525 58 
525 25 
525 112 
527 230 
530 160 
532 159 
532 170 
534 30 
534 85 
534 24 
536 198 
536 62 
537 106 
539 75 
539 116 
540 64 
545 89 
548 116 
548 222 
549 51 
549 129 
551 334 
552 126 
554 95 
558 152 
558 107 
558 102 
561 86 
562 46 
564 245 
565 86 
567 22 
568 82 
569 71 
569 19 
572 137 
573 35 
575 54 
576 4158 
577 48 
577 14 
578 70 
579 96 
581 249 
582 83 
582 107 
583 124 
584 10 
584 305 
584 127 
584 202 
585 14 
587 10 
587 30 
587 73 
588 417 
588 24 
589 36 
595 26 
595 32 
595 1014 
595 7 
597 133 
598 284 
598 20 
599 92 
601 96 
603 197 
604 4 
607 31 
608 896 
612 14 
612 13 
613 31 
615 190 
616 103 
616 68 
617 31 
620 35 
622 48 
623 86 
624 83 
626 140 
630 59 
631 24 
637 24 
637 2017 
641 331 
643 33 
645 31 
647 92 
648 14 
648 108 
649 63 
649 142 
651 44 
652 38 
652 62 
653 143 
654 57 
657 33 
658 11 
658 67 
659 24 
659 268 
660 23 
660 10 
661 135 
661 71 
662 331 
664 242 
664 51 
665 63 
665 69 
666 133 
669 2670 
671 94 
672 154 
673 134 
674 24 
674 3506 
675 50 
676 56 
676 38 
677 82 
677 36 
677 9 
679 63 
682 176 
682 196 
684 98 
687 103 
691 38 
691 99 
691 224 
692 41 
693 22 
693 325 
696 277 
697 113 
697 116 
697 15 
698 1 
699 115 
699 254106 
702 69 
702 62 
704 77 
705 355 
706 110 
707 34 
709 97 
710 235 
712 256 
714 268 
718 13745 
719 100 
719 190 
721 179 
721 102 
722 11 
724 20 
725 88 
726 68 
727 193 
729 27 
731 199 
731 196 
732 52 
733 41 
733 93 
734 98 
734 54 
736 1468 
736 1468 
738 49 
741 109 
742 183 
742 93 
744 212 
744 71 
746 392 
747 93 
748 174 
749 120 
753 106 
753 91 
753 149 
759 13 
760 216 
761 15 
764 15 
765 16 
766 12 
767 61 
768 42 
768 191 
770 191 
772 5 
773 113 
775 72 
776 104 
779 10 
779 27 
780 64 
782 43 
785 409 
785 76 
785 31 
787 84 
789 179 
790 196 
790 19 
793 57 
797 27 
797 1368 
801 39 
802 51 
802 24 
804 14 
808 63 
808 7079 
808 203 
810 5 
811 33 
813 341 
817 183 
817 102 
818 101 
818 884 
819 79 
825 43 
826 29 
826 88 
827 894 
833 44 
837 28 
840 22 
840 50 
840 33 
840 98 
842 389 
844 61 
846 197 
849 71 
849 134 
852 34 
853 97 
853 57 
854 186 
854 101 
855 56 
856 225 
857 17 
857 38 
857 46 
858 251 
859 19 
860 4 
862 12 
865 97 
866 150 
869 685 
871 186 
873 274 
876 346 
879 2134 
882 98 
882 110 
885 144 
887 131 
889 249 
890 11 
893 70 
893 131 
896 131 
898 11 
900 238 
902 13 
903 50 
906 16 
907 124 
907 52 
908 112 
910 32 
911 72 
911 104 
913 76 
914 483 
914 88 
914 10 
915 49 
916 105 
917 73 
919 21 
921 91 
923 81 
927 17 
931 76 
932 446 
936 219 
936 93 
937 38 
937 124 
941 52 
941 23 
941 43 
942 74 
942 11 
945 141 
946 83 
950 27 
951 473 
953 1380 
957 208 
960 91 
960 93 
962 146 
970 109 
975 80 
976 117 
976 247 
976 457 
977 239 
979 124 
980 271 
980 252 
982 29 
982 41 
984 1297 
986 5 
986 198 
986 58 
990 137 
990 13 
991 425 
992 1 
992 400 
992 135 
995 168 
998 99 
1000 48 
1000 114 
1002 288 
1007 125 
1007 13 
1012 107 
1012 16 
1020 56 
1023 85 
1023 156 
1024 27 
1027 180 
1029 329 
1030 102 
1031 39 
1031 24 
1032 200 
1033 88 
1033 21 
1034 23 
1035 60 
1036 29 
1037 18 
1038 7 
1039 36 
1040 39 
1042 195 
1042 105 
1047 56 
1051 124 
1051 142 
1053 250 
1053 85 
1053 30 
1061 88 
1061 45 
1064 126 
1064 19 
1067 24 
1068 147 
1069 48 
1069 51 
1070 14 
1070 218 
1071 127 
1073 160 
1078 195 
1085 227 
1086 20 
1087 46 
1088 29 
1090 183 
1094 135 
1095 40 
1095 148 
1095 145 
1098 87 
1099 12 
1100 187 
1102 58 
1103 32 
1103 7 
1104 11 
1104 54 
1107 169 
1107 47 
1107 119 
1108 135 
1108 77 
1110 222 
1114 13 
1118 331 
1121 83 
1122 18 
1132 151 
1134 57 
1136 462 
1138 95 
1142 7 
1142 105 
1143 49 
1146 47 
1147 215 
1148 107 
1148 84 
1150 113 
1152 4 
1155 207 
1161 98 
1166 605 
1170 413 
1171 139 
1175 21 
1176 249 
1180 68 
1182 52 
1183 36 
1186 33 
1190 50 
1190 159 
1192 101 
1194 85 
1194 40 
1195 225 
1197 174 
1198 465 
1205 87 
1208 110 
1209 246 
1211 13 
1212 52 
1213 1584 
1214 17 
1215 585 
1219 12 
1219 108 
1220 59 
1221 150 
1226 221 
1227 172 
1230 10 
1231 113 
1242 89 
1243 74 
1244 36 
1252 99 
1255 53 
1259 738 
1260 5 
1271 12706 
1274 306 
1277 66825 
1277 10 
1280 64 
1280 1762 
1281 85 
1287 222 
1287 13 
1298 26 
1300 103 
1302 165 
1303 145 
1304 8 
1305 37 
1316 54 
1317 79 
1317 531 
1318 22 
1322 80 
1323 781 
1327 137 
1328 70 
1328 717 
1329 31 
1331 103 
1337 7195 
1338 169 
1346 21 
1349 82 
1350 43 
1351 355 
1363 139 
1363 71 
1364 75 
1364 91 
1366 99 
1367 209 
1368 109 
1369 22 
1374 98 
1376 8 
1377 63457 
1382 14 
1383 193 
1388 43 
1392 47 
1393 76 
1395 100 
1396 34 
1400 15 
1401 25 
1408 20 
1409 1105 
1413 339 
1415 17 
1418 1270 
1419 35 
1422 69 
1423 9755 
1426 208 
1429 77 
1430 1149 
1432 307 
1432 52 
1435 16 
1435 127 
1438 106 
1440 1461 
1441 53 
1444 62 
1447 134 
1453 35 
1456 3659 
1456 18 
1458 228 
1468 91 
1468 106 
1474 75 
1477 156 
1480 146 
1482 123 
1484 1039 
1486 11 
1488 62 
1495 265 
1499 195 
1500 35 
1502 50 
1502 48 
1502 114 
1502 105 
1507 104 
1516 43 
1520 58 
1522 418 
1527 415 
1529 182 
1547 39 
1548 92 
1550 75 
1556 137 
1559 297 
1574 15 
1584 68 
1588 103 
1590 525 
1593 114 
1598 651 
1603 173 
1610 19 
1614 225 
1620 448 
1627 49 
1628 155 
1628 163 
1629 36 
1629 9 
1633 110 
1635 35 
1642 42 
1647 51 
1648 82 
1652 147 
1654 157 
1658 8 
1663 87 
1668 5 
1669 14 
1669 167 
1671 79 
1671 111 
1672 50 
1678 175 
1681 18 
1683 175 
1693 327 
1699 80 
1702 63 
1705 11 
1707 15 
1708 1433 
1712 154 
1719 61 
1722 77 
1726 205 
1729 224 
1729 173 
1736 81 
1739 3 
1739 213 
1739 14 
1746 228 
1754 60 
1759 108 
1759 45 
1759 99 
1773 80 
1774 991 
1778 965 
1781 16 
1781 25 
1786 324 
1794 41 
1801 285 
1804 14 
1811 100 
1817 127 
1819 187 
1822 26 
1823 39 
1823 94 
1825 20 
1832 15 
1836 9 
1838 107 
1841 16 
1841 67 
1843 18 
1846 121 
1848 42 
1848 36 
1854 32 
1861 61 
1868 73 
1868 67 
1872 10 
1885 137 
1896 19 
1898 96 
1906 70 
1907 149 
1916 12 
1917 3 
1917 66 
1923 71 
1927 1334 
1933 523 
1937 33 
1937 440 
1960 316 
1960 134 
1968 49 
1981 102 
1982 48 
1986 236 
1989 78 
1990 104 
1992 70 
1996 208 
1998 230 
1998 7 
2002 345 
2013 56 
2015 22 
2017 148 
2019 180 
2036 21 
2040 104 
2042 82 
2048 28 
2050 607 
2053 6 
2053 327 
2073 2013 
2077 73 
2085 27 
2087 288 
2093 377 
2094 176 
2109 33 
2120 150 
2122 40 
2123 213 
2130 9 
2130 266 
2130 17 
2141 6 
2145 36 
2169 179 
2171 245 
2172 125 
2173 11297 
2174 395 
2178 39 
2179 106 
2180 62 
2188 159 
2190 40 
2204 153 
2208 101 
2223 29 
2227 33 
2229 215 
2235 138 
2239 34 
2242 144 
2243 45 
2255 52 
2259 29 
2263 15 
2269 58 
2271 109 
2274 81 
2276 33 
2279 79 
2282 304 
2282 102 
2283 104 
2286 22 
2287 153 
2289 31 
2297 3 
2300 30 
2300 120 
2310 31 
2315 7 
2326 2255 
2329 99 
2338 27 
2349 178 
2352 100 
2374 63 
2380 19 
2381 61 
2411 0 
2417 10 
2432 119 
2438 59 
2445 230 
2446 124 
2447 48 
2449 111 
2458 120 
2465 18 
2479 44 
2481 299 
2488 12 
2489 49 
2493 22 
2494 8 
2494 94 
2500 65 
2503 98 
2510 34 
2525 103 
2536 75 
2539 218 
2543 100 
2543 17 
2551 263 
2565 94 
2567 44 
2573 90 
2585 9 
2587 136 
2591 30 
2594 77 
2603 46 
2604 52 
2617 26 
2619 184 
2637 118 
2641 133 
2662 217 
2666 29 
2668 36 
2681 31 
2681 71 
2707 138 
2716 32 
2724 89 
2726 78 
2728 129 
2732 26 
2732 22 
2734 85 
2755 94 
2757 50 
2761 24 
2771 7 
2780 86 
2786 41 
2802 10125 
2804 34 
2839 79 
2846 91 
2846 301 
2846 261 
2862 1109 
2868 56 
2871 87 
2874 105 
2890 93 
2891 69 
2896 42 
2906 102 
2910 113 
2915 59 
2916 99 
2941 114 
2946 207 
2954 44 
2965 5 
2967 20 
2969 109 
2970 76 
2973 198 
2981 131 
2985 91 
2989 13 
3004 449 
3023 11 
3027 157 
3044 37 
3046 63 
3051 147 
3053 103 
3065 38 
3092 398 
3093 25 
3104 36 
3107 35 
3158 58 
3163 72 
3164 144 
3172 253 
3174 138 
3180 564 
3182 36 
3183 392 
3195 9 
3203 17 
3204 30 
3204 29 
3230 68 
3235 142 
3236 160 
3241 77 
3242 9 
3253 415 
3266 16 
3275 48 
3276 56 
3280 113 
3284 101 
3302 197 
3321 546 
3322 117 
3326 144 
3328 37 
3329 106 
3332 12 
3333 340 
3354 98 
3369 9 
3372 11 
3374 67 
3374 14 
3374 37 
3381 99 
3403 47 
3403 51 
3414 47 
3433 1119 
3445 15 
3461 36 
3462 276 
3483 286 
3509 187 
3527 39 
3534 98 
3534 65 
3549 125 
3558 16 
3560 7 
3586 50 
3620 35 
3630 93 
3630 116 
3645 312 
3679 62 
3679 86 
3684 25 
3687 18 
3694 22 
3696 13 
3701 226 
3728 67 
3730 29 
3742 13 
3746 127 
3762 12 
3771 109 
3785 48 
3792 29 
3799 155 
3799 13 
3811 73 
3844 27 
3863 275 
3872 132 
3877 72 
3880 57 
3890 28 
3893 161 
3895 86 
3931 84 
3942 139 
3949 64 
3973 28 
3979 27 
4028 367 
4033 168 
4042 141 
4056 126 
4068 20 
4071 267 
4094 160 
4110 14 
4118 86 
4129 65 
4130 101 
4157 77 
4166 85 
4167 45 
4177 190 
4177 70 
4188 21 
4212 228 
4235 61 
4274 22 
4284 1048 
4316 94 
4329 27 
4331 33 
4352 41 
4373 119 
4401 100 
4414 43 
4415 23 
4423 13 
4443 22 
4457 310 
4464 17 
4472 90 
4489 493 
4506 236 
4514 238 
4514 44 
4530 44 
4569 85 
4609 34 
4615 34 
4617 5 
4634 330 
4675 392 
4697 205 
4697 46 
4712 106 
4716 40 
4716 121 
4787 28 
4842 4 
4865 42 
4866 111 
4868 95 
4872 47 
4948 187 
4988 12 
4997 40 
5018 48 
5022 64 
5036 15 
5047 380 
5059 405 
5064 171 
5078 11214 
5091 1464 
5140 31 
5155 130 
5195 32 
5222 448 
5231 109 
5245 29 
5249 141 
5255 79 
5276 59 
5282 21 
5317 51 
5331 93 
5336 269 
5357 23 
5362 400 
5369 114 
5372 77 
5416 240 
5437 64 
5469 68 
5543 58 
5604 126 
5612 48 
5620 24 
5631 75 
5651 1 
5667 51 
5678 24 
5696 59 
5699 151 
5705 29 
5718 640 
5754 3378 
5757 528 
5809 14 
5892 62 
5899 73 
5919 5 
5954 233 
5957 43 
5974 5 
6027 90 
6037 16 
6066 116 
6115 63 
6123 147 
6131 6 
6161 117 
6243 72 
6246 81 
6279 77 
6280 57 
6305 110 
6332 115 
6349 31 
6361 37 
6426 103 
6446 74 
6450 117 
6509 16 
6539 9 
6588 13 
6598 52 
6631 141 
6646 150 
6684 49 
6724 431 
6735 171 
6763 157 
6822 67 
6892 172 
6972 25 
7065 103 
7176 45 
7225 9 
7251 141 
7283 63 
7340 6 
7340 183 
7347 26 
7389 71 
7393 32 
7417 101 
7476 19 
7514 172 
7539 69 
7606 32 
7666 13 
7689 26 
7767 64 
7815 185 
7868 82 
7907 31 
7928 43 
7929 33 
8003 49 
8046 58 
8075 15 
8097 18 
8192 3 
8215 59 
8235 89 
8367 113 
8384 94 
8466 114 
8551 14 
8607 46 
8678 6 
8712 205 
8807 95 
8810 171 
8856 4 
8861 85 
8891 273 
8961 111 
8991 12 
9051 60 
9063 76 
9147 77 
9193 75 
9204 24 
9205 50 
9338 108 
9348 102 
9512 142 
9524 90 
9596 40 
9603 90 
9641 14 
9749 49 
9872 175 
9882 97 
9926 30 
9926 234 
9969 124 
10040 23 
10060 55 
10075 40 
10086 37 
10104 198 
10106 75 
10119 75 
10128 61 
10214 697 
10216 146 
10248 28 
10433 137 
10454 28 
10470 76 
10473 133 
10604 64 
10722 129 
10725 265 
10727 354 
10984 56 
11021 36 
11263 98 
11479 213 
11645 65 
11698 11 
11752 58 
11760 7 
11775 274 
11828 39 
11898 42 
12057 24 
12179 75 
12187 12 
12426 121 
12457 44 
12577 42 
12706 33 
12783 87 
13003 343 
13111 70 
13268 394 
13319 216 
13336 14 
13445 82 
13467 160 
13721 137 
13855 24 
14586 2461 
14755 131 
14936 101 
15073 125 
15278 59 
15543 609 
15987 47 
16124 60 
16170 18 
16193 127 
16205 7 
16441 132 
16515 1315 
16516 277 
16600 14 
17094 73 
17449 24 
17555 10 
17780 69 
17902 51 
17938 38 
18053 46 
18485 28 
18492 257 
18718 19 
19312 89 
19401 55 
19690 17 
20163 22 
20648 25 
20842 160 
20946 16 
21080 39 
21131 53 
21563 68 
21875 54 
22019 69 
22315 65 
22428 76 
22436 32 
22668 77 
22790 111 
22941 247 
23065 7 
23213 37 
23276 172 
23339 21 
23383 43 
23431 10 
23542 96 
23600 20 
23729 5 
23739 684 
23922 373 
24107 166 
24163 72 
24174 50 
24281 32 
24309 68 
24329 47 
24385 17 
24458 45 
24505 15 
24578 156 
24595 88 
24636 80 
24662 21 
25099 48 
25126 52 
25141 35 
25212 132 
25214 74 
25259 7 
25294 202 
25353 2272 
25354 78 
25372 25 
25388 53 
25424 79 
25523 62 
25573 9 
25708 25 
25847 62 
25888 12 
25981 22 
26036 20 
26104 225 
26147 75 
26207 18 
26226 74 
26250 19 
26301 25 
26331 24 
26411 168 
26545 20 
26647 6 
26688 44 
26752 88 
26807 33 
26971 102 
27166 182 
27193 13 
27294 46 
27384 97 
27419 24 
27440 10 
27475 25 
27476 31 
27622 180 
27779 99 
27841 53 
27850 179 
27855 16 
27870 91 
27919 44 
27940 37 
27974 28 
27995 397 
28025 111 
28132 119 
28211 38 
28368 75 
28378 536 
28446 52 
28450 73 
28562 44 
28563 22 
28636 10 
28658 59 
28697 122 
28860 163 
28905 117 
28908 12 
28928 86 
28971 53 
29080 42 
29102 48 
29189 45 
29216 123 
29228 266 
29257 106 
29312 106 
29354 109 
29401 60 
29447 61 
29449 125 
29485 60 
29663 67 
29667 35 
29734 29 
29788 16 
29838 17 
29858 13 
29880 113 
30058 52 
30181 29 
30204 137 
30292 11 
30313 25 
30319 67 
30383 54 
30420 117 
30427 4 
30452 92 
30465 27 
30509 44 
30611 11 
30633 89 
30652 134 
30687 185 
30728 68 
30743 97 
30803 250 
30854 81 
30911 53 
30918 3 
30971 60 
31047 953 
31069 64 
31127 13 
31146 76 
31172 2 
31175 41 
31204 18 
31241 43 
31274 19 
31281 86 
31396 41 
31453 22 
31495 45 
31524 52 
31563 51 
31585 74 
31604 320 
31604 77 
31611 31 
31622 7 
31679 20 
31703 20 
31716 20 
31823 39 
31920 25 
31951 85 
31952 312 
32061 397 
32078 24 
32299 48 
32537 9 
32545 262 
32592 189 
32697 2 
32703 77 
32787 66 
32789 39 
32811 490 
32815 56 
32819 8 
32925 14 
32952 54 
33083 95 
33125 26 
33131 58 
33144 90 
33208 21 
33347 13 
33368 128 
33474 66 
33576 4 
33628 17 
33669 117 
33673 21 
33698 37 
33763 70 
33844 190 
34007 8 
34029 5 
34034 19 
34054 58 
34147 23 
34185 28 
34325 58 
34332 14 
34407 20 
34445 103 
34527 321 
34558 25 
34600 113 
34623 10 
34727 13 
34757 235 
34939 102 
35091 176 
35154 106 
35163 67 
35199 88 
35232 79 
35242 8 
35323 391 
35356 16 
35399 9 
35453 19 
35467 9 
35519 32 
35539 31 
35539 3 
35621 7 
35743 67 
36098 125 
36126 29 
36193 30 
36270 2 
36431 119 
36444 4 
36476 7 
36577 39 
36893 92 
36926 9 
37036 211 
37048 56 
37049 24 
37235 217 
37404 7 
37422 137 
37755 6 
37771 147 
38018 47 
38023 176 
38027 94 
38033 46 
38051 5 
38166 17 
38387 34 
38517 17 
38872 95 
39102 130 
39197 206 
39313 8 
39401 46 
39427 46 
39441 25 
39445 196 
39460 63 
39533 28 
39613 17 
39696 201 
39737 90 
39797 25 
40002 33 
40072 41 
40127 17 
40361 47 
40362 131 
40525 11 
40541 68 
40816 77 
40843 2 
40882 27 
40913 40 
40971 53 
41038 47 
41079 8 
41644 22 
41671 27 
41785 338 
42092 121 
42162 173 
42272 191 
43124 158 
43261 20 
43302 21 
43834 89 
43871 57 
43894 80 
43985 41 
44088 29 
44251 47 
44536 64 
44630 72 
44768 29 
44924 52 
45324 380 
45500 8 
45599 97 
45912 121 
46112 6 
46152 3 
46271 201 
46621 2 
46788 80 
46808 56 
46884 6 
47322 35 
47782 271 
47826 77 
47908 193 
48240 43 
48616 18 
48727 49 
49430 95 
49547 42 
49564 63 
49655 53 
49798 66 
49895 7 
50701 5 
50783 27 
50803 70 
51069 115 
51172 388 
51473 57 
52983 153 
53024 29 
53166 19 
53636 26 
53667 27 
53702 56 
53872 58 
53950 1 
54008 0 
54070 26 
54275 7 
54471 266 
54639 4 
55141 208 
56105 271 
56175 17 
56653 15 
57154 77 
57454 98 
57486 18 
57868 121 
58664 204 
59128 153 
59440 32 
61027 105 
61031 1267 
61327 477 
61353 3030 
61599 18 
61866 111 
62131 92 
62548 354 
62750 176 
63457 39 
63766 129 
64781 2 
67641 8 
67787 115 
68009 42 
71189 82 
72394 53 
73447 60 
80211 11 
81157 166 
83005 22 
84804 118 
88868 44 
93081 93 
107999 9 
113305 5 
116339 102 
131651 48 
133545 56 
133564 14070 
133717 343 
134014 15 
135015 53 
135367 16 
135652 33 
135818 2 
138382 178 
139585 30 
142431 16 
146922 89 
147002 169 
149507 42 
156394 13 
208588 129 
223284 138 
232738 40 
233617 44 
305575 0 
337968 29 
411004 899 
476765 133 
477861 525 
477942 1568 
478432 55 
484601 25 
491025 368 
491908 6 
492779 1049 
499789 121 
500333 125 
502567 88 
505058 64 
511020 164 
514972 57 
548124 46 
561443 7 
561447 342 
564903 301 
568939 105 
571988 63 
588163 92 
