3335 5.00347222222
0 933997 
9 109 
13 23 
14 363 
16 133 
17 74 
19 16 
19 129 
20 111 
22 40 
22 298 
23 174 
23 241 
24 88 
24 94 
24 44 
24 43 
25 144 
25 24 
25 61 
26 92 
28 26 
29 70 
29 124 
30 318 
31 246 
31 71 
31 68 
32 35 
32 83 
32 54 
33 112 
33 31 
33 38 
34 19 
35 156 
35 91 
36 54 
36 171 
36 136 
36 36 
36 86 
36 21 
37 30 
37 54 
37 6 
37 422 
38 192 
38 148 
39 206 
39 312 
40 108 
40 124 
40 305 
40 57 
40 158 
41 45 
41 83 
42 176 
42 607 
42 91 
42 117 
42 94 
42 45 
42 232 
43 519 
43 7 
43 54 
43 94 
43 92 
44 85 
44 83 
44 365 
45 74 
45 42 
45 57 
46 278 
46 17 
46 150 
49 34 
49 106 
49 62 
50 108 
50 77 
50 24 
50 119 
51 65 
51 74 
51 81 
51 34 
51 105 
52 25 
52 5 
53 108 
53 85 
54 24 
54 119 
55 7 
55 32 
55 38 
55 179 
56 232 
57 195 
58 56 
58 23 
58 3 
58 24 
59 42 
60 34 
60 147 
61 27 
61 43 
61 206 
62 35 
62 144 
63 60 
63 103 
63 53 
64 60 
64 19 
64 94 
64 140 
64 224 
65 107 
65 56 
65 94 
65 140 
66 73 
66 105 
68 104 
69 1108 
69 202 
69 38 
69 27 
70 75 
70 129 
70 145 
70 1054 
71 236 
71 37 
71 32 
71 130 
72 6 
72 109 
73 72 
73 44 
73 9 
74 37 
74 37 
74 158 
75 194 
75 130 
75 171 
75 31 
76 34 
76 41 
76 110 
76 65 
76 86 
76 59 
77 77 
77 115 
77 120 
77 27 
77 633 
78 34 
78 29 
78 215 
78 79 
78 47 
79 52 
79 47 
79 76 
79 47 
79 112 
81 119 
81 144 
81 555 
81 34 
82 43 
82 19 
82 33 
83 104 
83 155 
84 92 
85 130 
86 102 
86 37 
86 110 
87 14 
88 140 
88 121 
88 19 
88 101 
88 63 
89 67 
90 76 
90 76 
91 52 
91 133 
91 17 
91 12 
92 48 
92 31 
92 72 
92 65 
92 219 
93 61 
93 103 
93 34 
94 55 
94 86 
94 90 
94 231 
94 118 
96 106 
96 110 
97 87 
97 112 
98 7 
98 224 
99 72 
99 245 
100 173 
100 1745 
100 43 
101 59 
101 137 
101 16 
102 68 
102 80 
102 121 
102 103 
103 74 
103 24 
103 112 
104 11 
104 17 
105 43 
105 10 
105 135 
105 162 
105 42 
106 18 
106 11 
106 34 
107 26 
107 64 
107 6 
108 61 
108 44 
108 58 
108 33 
108 172 
108 71 
109 73 
109 58 
110 81 
111 501 
111 74 
111 60 
111 40 
111 56 
112 164 
112 7 
112 118 
113 66 
113 94 
114 22 
115 367 
116 188 
117 23 
117 54 
117 14 
117 534 
117 75 
118 98 
118 62 
118 53 
119 57 
119 123 
119 9 
120 44 
120 63 
120 73 
120 53 
121 95 
122 172 
122 38 
122 43 
123 56 
124 9 
124 85 
124 151 
125 129 
125 72 
126 60 
127 87 
127 58 
127 52 
128 104 
128 46 
128 281 
128 283 
128 36 
129 1176 
129 19 
130 27 
130 35 
130 86 
131 146 
131 125 
131 163 
131 40 
132 70 
132 127 
132 170 
132 105 
132 135 
132 35 
132 112 
133 18 
133 33 
133 112 
136 58 
136 106 
136 48 
136 46 
136 57 
137 90 
137 84 
137 8 
138 158 
138 119 
138 198 
138 97 
141 70 
142 2 
142 93 
143 37 
192 165 
192 75 
193 204 
194 65 
194 82 
194 26 
195 57 
196 55 
196 27 
196 725 
197 173 
197 32 
198 42 
199 16 
200 40 
200 144 
201 60 
201 48 
201 38 
202 169 
203 79 
205 148 
205 133 
205 55 
206 93 
206 73 
207 249 
207 113 
207 28 
209 206 
209 75 
210 171 
210 15 
211 18 
211 147 
212 75 
213 135 
215 42 
215 26 
216 34 
216 40 
216 117 
218 795 
218 37 
219 72 
219 45 
220 335 
221 88 
221 350 
221 84 
222 223 
222 161 
223 144 
223 129 
224 116 
225 36 
225 77 
226 175 
227 116 
227 174 
228 123 
229 23 
231 234 
232 121 
233 40 
233 136 
234 55 
235 265 
235 86 
235 51 
237 90 
238 89 
238 66 
238 50 
240 20 
241 95 
242 18 
242 71 
246 45 
247 230 
248 289 
248 221 
249 32 
249 15 
250 121 
251 81 
252 77 
253 433 
254 96 
256 32 
257 51 
259 25 
260 111 
261 62 
263 143 
264 73 
264 50 
265 63 
266 23 
266 146 
266 24 
266 135 
267 194 
267 30 
267 309 
268 204 
268 89 
268 260 
268 21 
269 146 
269 25 
269 134 
270 162 
271 364 
272 58 
272 54 
272 116 
272 32 
272 38 
273 86 
273 55 
274 20 
274 63 
276 82 
279 17 
279 49 
280 100 
282 152 
282 47 
282 77 
283 312 
285 105 
286 44 
287 111 
289 101 
289 112 
289 134 
290 81 
290 59 
291 73 
292 51 
292 21 
293 163 
295 225 
295 121 
296 27 
298 95 
301 30 
303 74 
303 65 
305 127 
306 96 
308 47 
308 40 
309 77 
312 36 
315 30 
315 61 
315 57 
316 79 
320 57 
322 191 
322 97 
325 88 
325 133 
326 31 
328 325 
329 10 
332 22 
333 24 
333 36 
333 53 
334 103 
336 49 
338 44 
343 43 
344 165 
345 38 
347 161 
347 45 
350 110 
351 26 
351 61 
353 30 
354 65 
355 150 
355 143 
355 54 
356 86 
357 58 
360 74 
360 31 
363 3 
367 265 
368 28 
375 35 
377 20 
381 99 
382 98 
383 49 
384 111 
384 10 
387 52 
393 35 
394 13 
395 39 
396 48 
396 173 
397 86 
399 100 
400 95 
402 52 
403 172 
403 66 
403 20 
404 36 
406 47 
406 88 
408 147 
409 142 
409 117 
410 58 
412 94 
413 326 
414 62 
415 19 
417 73 
420 85 
421 119 
422 78 
426 63 
430 74 
434 64 
436 37 
436 62 
437 98 
437 114 
437 11 
437 44 
442 71 
445 48 
445 17 
446 44 
446 130 
447 137 
451 112 
452 24 
453 125 
454 5 
454 60 
457 89 
457 96 
458 68 
461 7 
468 398 
468 12 
470 23 
470 78730 
471 58 
473 158 
476 78 
476 95 
482 157 
486 43 
487 16 
487 113 
488 79 
490 54 
491 121 
491 23 
493 27 
495 640 
497 87 
503 35 
504 63 
510 163 
512 49 
513 81 
513 89 
521 25 
521 81 
523 99 
524 30 
526 92 
527 87 
532 228 
532 30 
537 131 
539 63 
543 7 
545 157 
549 9 
550 50 
550 70 
551 22 
552 348 
554 26 
555 157 
557 250 
561 158 
564 21 
566 87 
566 30 
567 626 
569 40 
571 121 
573 57 
627 37 
631 75 
631 59 
632 56 
633 24 
635 62 
636 48 
640 37 
641 32 
641 25 
642 34 
643 160 
644 115 
647 73 
647 25 
648 111 
650 95 
650 17 
651 95 
653 35 
657 149 
660 51 
662 15 
663 293 
667 164 
668 93 
668 20 
670 13 
676 293 
677 38 
680 83 
680 26 
681 13 
682 246 
688 26 
688 81 
689 31 
691 233 
695 24 
696 108 
699 19 
701 18 
704 151 
705 70 
706 4 
709 54 
709 30 
710 465 
713 33 
715 137 
718 87 
721 11 
726 43 
727 26 
727 25 
730 30 
732 548 
733 5 
737 20 
739 23 
740 40 
746 47 
746 43 
747 13 
748 220 
797 68 
798 44 
799 28 
802 11 
805 367 
806 160 
807 388 
813 121 
814 79 
819 19 
820 213 
825 36 
827 99 
827 14 
829 46 
830 213 
835 6 
835 16 
844 99 
845 63 
852 79 
855 62 
863 120 
866 13 
867 21 
871 63 
872 27 
880 1 
880 28 
889 36 
893 80 
894 102 
894 184 
895 24 
906 9 
907 45 
908 33 
909 38 
916 46 
916 135 
919 120 
921 67 
921 76 
965 179 
967 181 
968 128 
969 11 
970 73 
976 193 
978 132 
981 86 
984 114 
989 11 
993 152 
996 89 
1003 57 
1007 37 
1007 25 
1008 50 
1011 58 
1012 7 
1015 14 
1016 63 
1017 9 
1027 47 
1029 54 
1031 114 
1036 31 
1040 70 
1044 16 
1045 28 
1052 89 
1055 10 
1062 50 
1063 12 
1068 84 
1071 78 
1116 41 
1118 40 
1123 80 
1123 45 
1125 58 
1132 15 
1132 157 
1138 51 
1147 258 
1156 85 
1163 46 
1167 23 
1168 146 
1183 64 
1185 43 
1193 77 
1203 107 
1204 90 
1204 56 
1204 21 
1207 233 
1209 57 
1213 165 
1219 4 
1219 378 
1222 45 
1229 17 
1245 40 
1247 78 
1249 27 
1267 102 
1272 56 
1275 30 
1279 37 
1281 47 
1288 121 
1288 44 
1291 161 
1291 101 
1297 168 
1299 39 
1301 34 
1307 52 
1307 6 
1309 176 
1359 21 
1363 5 
1363 5 
1363 26 
1377 18 
1379 11 
1382 454 
1383 3 
1389 2098 
1389 64 
1403 49 
1409 22 
1413 45 
1416 94 
1418 10 
1422 12 
1424 44 
1433 11 
1436 123 
1442 76 
1443 60 
1444 3 
1445 65 
1446 22 
1446 29 
1451 56 
1453 324 
1456 65 
1459 68 
1460 7 
1467 94 
1469 91 
1475 137 
1476 36 
1489 35 
1490 40 
1497 133 
1501 199 
1512 39 
1514 64 
1578 8 
1578 19 
1581 205 
1584 273 
1605 17 
1611 82 
1614 111 
1614 1347 
1615 32 
1620 402 
1622 127 
1626 57 
1626 57 
1628 56 
1629 83 
1631 57 
1639 55 
1648 34 
1649 8 
1652 17 
1657 57 
1663 2 
1672 33 
1681 30 
1692 55 
1701 13 
1702 9 
1706 8 
1716 79 
1717 293 
1788 15 
1794 1 
1797 26 
1812 73 
1815 7 
1816 57 
1817 17 
1844 102 
1853 240 
1854 21 
1866 81 
1869 13 
1875 12 
1924 266 
1927 88 
1927 88 
1928 185767 
1932 227 
1932 24 
1939 154 
1940 32 
1943 72 
1945 253 
1946 224 
1949 81 
1958 345 
1964 193 
1972 81 
1972 63 
1976 840 
1978 197 
1978 37 
1980 384 
1982 18 
1987 77 
1988 47 
1990 190 
1993 28 
1999 16 
2000 1 
2000 24 
2004 25 
2048 60 
2049 34 
2050 14 
2052 187 
2054 249 
2059 78 
2062 180 
2070 29 
2077 132 
2079 93 
2081 33 
2082 22 
2107 181 
2112 23 
2116 193 
2171 19 
2175 117 
2177 39 
2177 18 
2179 31 
2197 122 
2205 32 
2217 31 
2218 111 
2220 19 
2231 522 
2231 65 
2232 15 
2243 177 
2258 704 
2262 74 
2266 156 
2269 7 
2269 44 
2288 14 
2294 116 
2300 300 
2302 46 
2305 13 
2307 621 
2308 47 
2314 76 
2347 23 
2351 171 
2371 69 
2371 17 
2374 9 
2375 42 
2438 95 
2449 31 
2464 183 
2464 19 
2466 81 
2469 112 
2472 23 
2478 31 
2478 12 
2482 40 
2490 80 
2495 18 
2495 1322 
2507 31 
2517 27 
2519 67 
2524 14 
2530 42 
2602 37 
2619 38 
2619 45 
2636 30 
2638 36 
2641 20 
2689 22 
2701 38 
2701 212 
2705 16 
2713 14 
2719 33 
2720 25 
2724 42 
2724 73 
2732 8 
2734 11 
2737 90 
2743 78 
2784 15 
2787 17 
2795 33 
2808 124 
2809 37 
2820 867 
2821 43 
2824 50 
2826 57 
2849 70 
2859 10 
2947 4 
2974 62 
2977 56 
2993 84 
2996 50 
2996 76 
3054 4052 
3073 47 
3083 133 
3090 92 
3093 41 
3110 13 
3119 10 
3120 3 
3144 45 
3154 130 
3162 44 
3167 40 
3184 72 
3237 67 
3241 7 
3253 43 
3284 49 
3305 26 
3330 14 
3334 8 
3344 149 
3404 207 
3405 13 
3450 152 
3456 60 
3464 60 
3543 34 
3555 5 
3556 118 
3592 41 
3599 345 
3601 47 
3642 86 
3644 19 
3647 41 
3653 28 
3666 68 
3667 255 
3668 19 
3677 20 
3693 84 
3697 349 
3698 57 
3792 67 
3804 56 
3805 2 
3811 8 
3812 10 
3815 17 
3836 35 
3919 312 
3936 51 
3940 25 
3944 17 
3951 34 
3978 30 
3986 118 
4043 51 
4066 29 
4092 157 
4093 37 
4109 55 
4143 7 
4145 169432 
4159 25 
4160 230 
4160 237 
4160 97 
4167 1567 
4170 230 
4173 110 
4178 115 
4233 328 
4242 35 
4245 100 
4247 103 
4253 66 
4261 274 
4262 480 
4266 68 
4335 49 
4337 81 
4401 43 
4409 180 
4414 28 
4420 201 
4470 149 
4494 85 
4494 214 
4498 52 
4499 68 
4568 19 
4608 31 
4620 21 
4641 28 
4689 26 
4700 7 
4702 267 
4725 339 
4727 23 
4740 31 
4761 74 
4764 50 
4774 324 
4778 20 
4780 26 
4782 56 
4783 6 
4783 6 
4785 14 
4835 168 
4853 500 
4860 140 
4890 17 
4903 24 
4915 89 
4965 62 
4968 84 
4969 116 
4985 40 
5008 12 
5015 391 
5038 6 
5040 137 
5059 15 
5064 17 
5064 79 
5145 16 
5165 24 
5186 19 
5191 56 
5196 54 
5199 632 
5200 32 
5211 1052 
5320 44 
5380 45 
5388 132 
5459 20 
5492 91 
5499 51 
5601 19 
5626 27 
5690 38 
5691 452 
5745 38 
5758 14 
5827 45 
5837 60 
5855 2 
5955 46 
5990 45 
6085 3 
6093 4 
6102 55 
6188 122 
6236 1366 
6289 57 
6304 44 
6380 28 
6383 69 
6413 11 
6486 33 
6502 12 
6588 19 
6598 19 
6672 17 
6696 132 
6730 3 
6779 71 
6790 18 
6845 18 
6850 22 
6870 0 
6880 30 
6882 15 
6888 11 
6925 11 
6991 227 
7019 41 
7229 15 
7237 3 
7246 67 
7303 39 
7304 15 
7432 75 
7443 81 
7456 3 
7508 8 
7516 4 
7533 220 
7574 49 
7685 35 
7691 6 
7699 29 
7703 155 
7705 426 
7707 343 
7708 140 
7711 167 
7720 255 
7733 121 
7735 67 
7735 67 
7738 190 
7748 74 
7750 31 
7757 216 
7758 113 
7760 13 
7767 121 
7773 9 
7775 195 
7775 371 
7778 92 
7778 46 
7785 666 
7790 89 
7791 174 
7794 54 
7794 95 
7806 154 
7809 53 
7809 186 
7834 228 
7863 1670 
7866 46 
7869 124 
7927 221 
7946 78 
7951 87 
7954 224 
7966 156 
7972 146 
7974 70 
8002 24 
8011 52 
8053 39 
8072 118 
8091 39 
8111 24 
8112 239 
8211 74 
8268 31 
8287 25 
8298 60 
8320 130 
8399 79 
8599 92 
8650 27 
8686 10 
8695 22 
8708 38 
8808 72 
8843 10 
8897 17 
8943 17 
8953 38 
8989 189 
9021 4 
9082 23 
9151 16 
9390 221 
9436 14 
9463 36 
9472 48 
9473 103 
9529 13 
9534 89 
9603 41 
9667 37 
9706 9 
9782 14 
9813 19 
9891 38 
9896 20 
10009 58 
10110 256 
10151 50 
10288 3 
10345 75 
10382 37 
10443 27 
10470 32 
10579 497 
10629 46 
10655 102 
10766 4 
10780 33 
10879 23 
10899 21 
10909 20 
11083 113 
11208 2 
11270 12 
11670 0 
11873 27 
11986 44 
12049 46 
12077 143 
12107 69 
12227 212 
12290 7 
12348 3 
12453 334 
12453 15 
12480 40 
12551 5 
12553 41 
12600 229 
12715 64 
12798 7 
12926 8 
12938 13 
13066 4 
13118 3 
13172 17 
13175 308 
13177 779 
13185 17 
13337 62 
13404 4 
13551 2 
13584 43 
13675 3 
13752 11 
13765 18 
13791 18 
13881 93 
13993 24 
14101 20 
14110 62 
14276 74 
14611 16 
14697 10 
14841 79 
14921 86 
14936 5 
15080 29 
15100 308 
15163 40 
15209 51 
15253 7 
15370 99 
15472 4 
15637 8 
15670 12 
15715 1 
15902 32 
15973 7 
16037 33 
16061 87 
16076 38 
16155 17 
16219 12 
16367 74 
16396 15 
16400 46 
17243 48 
17351 10 
17382 67 
17421 24 
17893 35 
17997 10 
18048 77 
18102 5 
18141 41 
18257 25 
18304 30 
18325 34 
18592 15 
18620 21 
19016 16 
19870 24 
19888 35 
19921 86 
19930 3 
20431 50 
20558 113 
20596 169 
20625 27 
21094 25 
22077 28 
22183 27 
22238 32 
22669 8 
23560 37 
23782 180 
23892 61 
24089 62 
24283 52 
24321 32 
24707 31 
24763 25 
25131 38 
25615 13 
25775 17 
25927 101 
26376 114 
26441 29 
26484 22 
26741 21 
27465 22 
27872 40 
27921 202 
28018 22 
28092 34 
28266 88 
28381 6 
28455 8 
28869 294 
28968 68 
29002 80 
29476 31 
29519 10 
29520 36 
29809 72 
30146 13 
30379 25 
30508 20 
31033 89 
31090 26 
31207 25 
31352 169 
31592 20 
31809 15 
31827 24 
31900 52 
32080 24 
32126 26 
32194 63 
32355 52 
32682 49 
32682 49 
33080 25 
33119 64 
33465 3 
33502 32 
33763 43 
34091 45 
34194 59 
34396 43 
34634 82 
34795 46 
35069 83 
35521 11 
35528 0 
35794 6 
35840 60 
35991 35 
36189 221 
36197 6 
36240 310 
36471 22 
36618 90 
36817 71 
36860 64 
36951 27 
37343 25 
37647 28 
37698 21 
38119 44 
38214 444 
38508 23 
38762 8 
38850 11 
39269 129 
39297 17 
39649 78 
39757 97 
39803 43 
39912 71 
39992 37 
40172 24 
40966 21 
41582 6 
41777 6 
41925 22 
42142 68 
42409 96 
42512 81 
43104 20 
43797 51 
43907 52 
44164 978 
44241 33 
44593 1008 
44596 593 
44604 564 
44616 1741 
44627 13 
44636 275 
44655 387 
44691 710 
44691 731 
44697 196 
44702 27 
44722 161 
44723 425 
44725 77 
44732 50 
44734 177 
44763 171 
44806 55 
44883 665 
44926 152 
44955 224 
44957 13 
45035 197 
45035 78 
45171 83 
45176 32 
45269 89 
45294 591 
45314 156 
45401 67 
45421 27 
45432 123 
45497 270 
45557 120 
45560 405 
45578 103 
45684 53 
45787 34 
45796 483 
45840 13 
45920 48 
46142 94 
46158 68 
46205 271 
46280 21 
46400 30 
46447 48 
46480 166 
46506 90 
46676 167 
46699 337 
46728 159 
46757 245 
46851 11 
47249 84 
47315 111 
47560 51 
47573 647 
47651 37 
47701 36 
47710 38 
47720 37 
47817 38 
47866 66 
47982 5 
47982 5 
48058 330 
48228 50 
48365 14 
48491 113 
48499 33 
48685 89 
48693 138 
48797 83 
48840 126 
48955 468 
49000 93 
49257 147 
49353 123 
49416 4209 
49493 20 
49803 13 
49964 188 
50044 25 
50070 206 
50412 51 
50503 11 
50508 39 
50653 52 
50870 30 
51321 56 
51511 13 
51590 68 
51816 16 
52127 26 
52265 43 
52821 12 
52827 1630 
52829 65 
52906 30 
52914 658 
52971 36 
53108 108 
53190 46 
53228 39 
53237 8 
53396 16 
53749 24 
53939 561 
53951 147 
54057 17 
54079 254 
54575 11 
55054 17 
55067 90 
55079 19 
55097 106 
55133 42 
55175 124 
55212 98 
55218 47 
55347 7 
55570 194 
55636 9 
55650 46 
55653 113 
55668 56 
56168 5 
56687 37 
56997 358 
57015 54 
57116 79 
57147 53 
57538 41 
57637 26 
57702 66 
57763 489 
57888 125 
57913 47 
58028 401 
58032 71 
58057 2 
58148 29 
58148 67 
58187 50 
58297 50 
58426 9 
58754 872 
58762 458 
58856 27 
58947 19 
58989 65 
59006 35 
59063 163 
59148 26 
59514 18 
59548 42 
59589 18 
59694 55 
59995 162 
60023 12 
60507 5 
60852 44 
61385 12 
61389 4 
61470 49 
61483 40 
61640 137 
61682 5 
61896 4 
62746 53 
63425 14 
63786 421 
63804 53 
63810 84 
63821 231 
63824 162 
63825 108 
63826 150 
63828 64 
63830 441 
63830 138 
63831 259 
63843 188 
63850 125 
63850 140 
63852 299 
63855 48 
63862 82 
63864 148 
63866 212 
63872 333 
63872 328 
63884 44 
63892 144 
63901 103 
63904 97 
63905 481 
63906 509 
63912 114 
63924 191 
63929 122 
63933 164 
63942 71 
63950 74 
64005 366 
64007 85 
64014 43 
64020 122 
64021 234 
64043 90 
64046 212 
64062 261 
64063 51 
64065 157 
64076 68 
64083 90 
64118 55 
64161 41 
64176 93 
64206 7 
64238 51 
64259 843 
64374 148 
64490 260 
64512 76 
64560 45 
64576 36 
64630 289 
64631 154 
64685 9 
64810 50 
64934 109 
65089 81 
65172 63 
65232 38 
65370 92 
65457 34 
65520 158 
65543 81 
65558 52 
65682 17 
65766 101 
65793 92 
65945 114 
65970 140 
66218 74 
66258 171 
66260 370 
66339 1 
66376 223961 
66398 227 
66401 69 
66408 1 
66409 3 
66420 219 
66427 15 
66429 132 
66430 776 
66440 110 
66451 40 
66464 33 
66466 123 
66467 17 
66467 83 
66470 11 
66470 17 
66488 69 
66491 114 
66496 55 
66496 71 
66499 115 
66501 69 
66508 270 
66513 36 
66513 98 
66513 21 
66524 67 
66526 142 
66527 50 
66558 62 
66573 19 
66574 36 
66579 29 
66590 34 
66608 36 
66632 57 
66635 127 
66635 1 
66638 219 
66654 68 
66667 15 
66693 91 
66716 138 
66780 362 
66826 266 
66827 94 
66841 255 
66842 15 
66855 180 
66888 183 
66940 12 
66971 103 
66998 85 
67041 39 
67053 64 
67078 126 
67246 51 
67489 34 
67564 215 
67592 21 
67649 16 
67717 263 
67732 34 
67769 31 
67914 20 
67934 34 
67939 160 
67939 13 
67954 754 
67959 18 
67993 9 
68591 139 
68695 56 
69170 430 
69696 158 
69714 65 
69717 198 
69923 82 
70129 2 
70282 26 
70457 1395 
71156 232 
71176 72 
71179 195 
71184 1163 
71185 73 
71188 1848 
71200 1430 
71201 322 
71205 195 
71205 103 
71215 184 
71220 324 
71228 77 
71229 73 
71230 165 
71244 921 
71255 583 
71260 166 
71263 1236 
71264 115 
71265 60 
71266 1520 
71275 47 
71295 204 
71316 473 
71327 253 
71340 237 
71364 127 
71393 47 
71404 54 
71435 95 
71451 67 
71498 96 
71515 53 
71527 31 
71536 232 
71556 12 
71566 2088 
71566 41 
71589 64 
71604 128 
71625 159 
71810 165 
71863 274 
71961 13 
72125 107 
72185 3 
72355 34 
72483 27 
72488 89 
72514 17 
72581 30 
72649 722 
72860 76 
72895 26 
72901 108 
72901 299 
72913 410 
72921 8 
72931 40 
72934 92 
72969 10 
72972 16 
72977 25 
72982 107 
72987 37 
73013 4 
73026 80 
73089 204 
73107 157 
73180 112 
73235 260 
73242 150 
73265 29 
73286 177 
73287 13 
73295 11 
73311 1066 
73444 59 
73450 129 
73466 53 
73567 50 
73571 40 
73608 16 
73613 0 
73618 47 
73682 36 
74097 18 
74115 66 
74287 118 
74336 15 
74396 147 
74465 630 
74712 24 
74727 184 
74727 25 
74731 40 
74732 375 
74744 119 
74751 613 
74753 705 
74757 457 
74757 67 
74770 153 
74772 114 
74773 512 
74774 285 
74780 127 
74785 315 
74786 144 
74786 114 
74794 332 
74797 19 
74800 912 
74802 119 
74811 77 
74813 208 
74813 253 
74814 271 
74815 117 
74821 1460 
74824 270 
74827 395 
74833 701 
74844 93 
74847 77 
74861 116 
74907 136 
74920 179 
74944 116 
74952 119 
75083 26 
75143 153 
75150 171 
75171 34 
75349 140 
75349 184 
75407 112 
75450 138 
75616 129 
75725 64 
75789 106 
75932 228 
75954 133 
76201 88 
76222 7437 
76225 378 
76441 107 
76707 7 
76804 79 
76992 26 
77200 34 
77368 18 
77591 91 
77878 30 
78033 34 
78314 4 
78429 5 
78532 484 
78696 870 
78790 29 
78807 3 
78943 207 
79431 1 
79547 25 
79663 1901 
80111 46 
80127 8 
80189 26 
80575 70 
81083 142 
81149 41 
81217 32 
81348 19 
81364 5 
81483 16 
81549 55 
81769 114 
81853 67 
81894 50 
81989 96 
82053 2285 
82195 83 
82257 14 
82714 76 
82790 83 
82797 141 
82830 331 
82983 7 
82989 6954 
83016 803 
83056 1638 
83104 12 
83522 12 
83584 80 
83670 186 
83700 29 
83789 218 
83855 28 
83923 46 
84365 8 
84417 39 
84833 39 
85151 55 
85701 87 
85978 564 
86527 619 
86537 612 
86670 41 
86831 1674 
87314 345 
88442 70 
88670 58 
88702 801 
88899 25 
88953 48 
88989 5 
89150 2 
89342 82 
89391 43 
89546 3 
89634 88 
90075 23 
90145 105 
90267 13 
90336 186 
90812 7 
90888 112 
90964 88 
91339 71 
91619 66 
92480 23 
92688 119 
92779 4 
92800 379 
93085 74 
93112 55 
93624 20 
93624 20 
93902 103 
93913 63 
93942 288 
94160 292 
94509 12 
94796 37 
95135 66 
95145 18 
95595 83 
95656 13 
95792 0 
95870 98 
95928 11 
96510 47 
96577 42 
97145 53 
97501 3 
97700 303 
97748 123 
98234 339 
98533 0 
98584 23 
98922 18 
99209 12 
99569 98 
100498 46 
101040 15 
101166 176 
101234 494 
101427 51 
101455 1011 
103062 79 
103064 32 
103677 3 
103813 46 
104591 84 
105283 97 
106507 104 
106615 41 
109200 54 
109975 79 
111552 54 
111812 16 
114551 0 
114712 84 
118208 1 
118397 3 
119259 23 
122448 155 
122519 0 
123893 51 
127193 179 
127445 2 
127562 10 
127605 3 
128452 9895 
129041 11 
131152 4 
131784 2273 
132494 26 
132598 14 
134679 290 
135221 136 
135409 25 
135409 17 
136063 86 
136715 363 
137809 870 
137859 64 
138157 9 
138625 83 
138734 34 
138774 18 
138788 85 
138960 37 
139279 130 
139304 29 
139333 30 
139381 61 
139686 47 
139766 26 
140325 14 
140839 333 
141094 81 
141177 243 
141428 148 
142955 85 
143471 22 
143804 47 
143995 11 
144511 108 
145725 554 
145980 23 
146369 41 
146860 4 
147064 27 
147265 70 
147852 152 
148297 33 
148502 46 
149118 22 
149135 69 
149349 396 
149786 253 
149808 40 
150111 27 
150139 46 
150274 60 
150326 212 
151049 28 
151071 10 
151447 618 
151822 134 
151941 362 
152567 35 
153337 11 
153398 53 
153622 48 
153758 5 
154522 22 
154540 61 
155384 205 
155489 16 
155724 70 
156301 19 
156304 23 
156395 37 
157309 118 
157410 266 
157718 158 
158364 47 
158934 75 
159132 27 
159718 39 
159932 48 
160417 197 
160777 6 
161247 144 
161283 54 
161396 8 
161804 8 
162440 58 
162485 350 
162819 271 
163843 954 
163910 628 
163970 23 
164318 95 
164760 284 
165156 11 
165783 54 
166201 51 
166586 9 
166796 129 
167482 5 
167937 83 
178607 31 
179005 85 
180001 258 
180416 91 
180828 208 
181135 44 
182185 21 
182233 84 
182405 36 
182637 30 
182681 130 
182724 13 
184255 87 
184525 244 
184650 112 
184999 10 
185076 40 
185111 3 
185316 423 
185436 107 
185817 52 
186098 5 
187452 19 
187482 22 
187872 337 
188250 42 
188586 61 
189267 2 
189535 4 
189765 4 
190367 8 
190642 29 
191405 10 
191572 79 
192626 52 
193641 3 
195714 2 
205514 129 
207164 1061 
210334 65 
212494 113 
214767 32 
215482 59 
218067 8 
218821 34 
218869 25 
219009 14 
222401 56 
222749 128 
222772 32 
222935 618 
223391 129 
225120 18 
225978 8 
226081 77 
227037 24 
227099 31 
228069 208 
228613 45 
229335 241 
229523 733 
229620 32 
230819 0 
231359 35 
232118 13 
232252 37 
232417 65 
232564 48 
232686 97 
233174 81 
233287 27 
233705 47 
234300 43 
236040 37 
236747 3009 
236807 145 
237341 19 
237698 13 
238065 958 
238087 12 
238107 31 
238289 101 
238772 40 
239482 97 
240638 49 
240769 2 
241709 36 
241849 294 
242168 7 
243096 340 
243304 26 
243462 214 
243811 49 
243843 49 
243856 62 
243863 134 
243889 47 
243896 53 
243908 85 
243922 12 
243996 28 
244116 547 
244206 108 
244206 108 
244231 39 
244310 16 
244362 123 
244400 56 
244408 3 
244596 97 
244633 20 
244690 103 
244909 25 
244976 127 
245035 152 
245035 341 
245043 106 
245043 70 
245107 144 
245188 102 
245206 313 
245207 175 
245208 17 
245339 87 
245485 422 
245553 141 
245558 163 
245629 875 
245700 116 
245756 55 
246334 50 
246342 98 
247347 222 
247429 126 
247486 98 
247499 47 
247539 79 
247763 526 
247843 82 
247858 58 
248017 1 
248375 3 
248481 133 
249087 25 
249385 32 
249442 14 
249773 8 
250091 189 
250174 329 
250458 162 
250465 170 
250608 6 
250964 147 
250977 258 
250997 73 
251152 32 
252944 49 
253102 152 
253528 610 
253556 26 
254174 150 
255119 19 
255311 13 
255694 11 
255727 106 
255850 30 
255922 188 
255983 814 
256236 93 
256265 11 
256306 180 
256387 341 
256680 52 
257266 164 
257330 277 
257608 6 
257982 935 
258166 129 
258214 56 
258569 29 
258699 46 
258727 119 
258760 434 
258769 32 
258797 169 
258853 84 
258873 116 
258908 54 
258909 309 
258965 72 
258965 72 
258974 85 
258974 85 
259036 79 
259111 75 
259118 39 
259170 342 
259199 27 
259382 741 
259405 56 
259487 44 
259497 230 
259591 3 
259598 84 
259618 33 
259642 339 
259776 836 
259941 12 
260397 60 
260414 102 
260464 82 
260534 3093 
260574 649 
260988 3 
261580 107 
261710 74 
261710 124 
261856 1314 
261869 13 
261872 830 
262649 37 
262688 43 
262804 37 
262930 1356 
263037 261 
263061 350 
263062 190 
263249 112 
263592 71 
264636 301 
264663 93 
264758 244327 
264768 96 
264775 233 
264779 33 
264781 106 
264781 111 
264787 90 
264787 36 
264789 114 
264790 328 
264791 365 
264795 157 
264802 241 
264803 45 
264805 135 
264806 76 
264806 114 
264806 57 
264807 73 
264808 99 
264810 112 
264811 112 
264813 64 
264814 12 
264814 27 
264819 121 
264824 294 
264824 24 
264824 31 
264824 46 
264826 99 
264827 46 
264828 122 
264835 39 
264835 374 
264835 133 
264836 157 
264837 203 
264838 68 
264838 38 
264839 35 
264840 28 
264841 423 
264842 246 
264845 10 
264845 75 
264846 66 
264848 142 
264848 298 
264849 180 
264851 977 
264852 147 
264858 216 
264859 286 
264861 66 
264862 130 
264862 201 
264862 53 
264862 83 
264864 60 
264866 18 
264867 101 
264867 6 
264870 50 
264871 82 
264872 49 
264874 126 
264874 503 
264876 333 
264876 80 
264877 41 
264879 59 
264882 52 
264883 128 
264883 129 
264884 65 
264885 78 
264887 84 
264894 109 
264895 241 
264899 22 
264903 82 
264909 30 
264910 24 
264912 56 
264918 68 
264918 45 
264919 70 
264923 20 
264927 81 
264932 175 
264933 76 
264937 105 
264939 51 
264942 381 
264950 199 
264960 37 
264962 11 
264974 48 
264978 28 
264985 17 
264986 335 
264987 44 
264990 19 
264991 580 
264998 25 
265000 52 
265002 122 
265011 38 
265014 89 
265016 40 
265034 29 
265037 18 
265041 82 
265042 28 
265043 50 
265047 32 
265057 83 
265069 13 
265072 88 
265079 25 
265091 19 
265122 59 
265139 41 
265140 773 
265141 37 
265145 20 
265149 459 
265155 16 
265177 47 
265180 179 
265183 70 
265209 34 
265256 72 
265271 15 
265278 52 
265296 58 
265302 31 
265302 38 
265314 179 
265329 88 
265339 97 
265351 119 
265360 21 
265371 167 
265375 17 
265390 4 
265413 49 
265419 48 
265421 37 
265430 286 
265452 28 
265452 48 
265463 106 
265464 451 
265469 32 
265472 16 
265479 22 
265488 39 
265489 360 
265511 47 
265529 373 
265536 48 
265546 20 
265552 341 
265559 149 
265648 230 
265687 62 
265710 21 
265742 466 
265757 25 
265788 95 
265790 63 
265794 141 
265839 315 
265869 31 
265880 48 
265901 58 
265945 11 
265958 7 
265967 40 
266029 341 
266042 79 
266062 197 
266077 147 
266094 63 
266186 92 
266280 198 
266296 34 
266492 63 
266813 42 
266841 21 
266862 300 
266975 1540 
267155 43 
267163 100 
267235 33 
267249 85 
267282 44 
267291 194 
267300 40 
267379 211 
267454 264 
267467 100 
267815 32 
267879 15 
267926 27 
268370 5 
268479 35 
268944 29 
268951 61 
269097 37 
269209 28 
269254 22 
269269 94 
269463 65 
269996 51 
270040 31 
270123 192 
270128 308 
270237 37 
270253 67 
270257 8 
270302 15 
270330 62 
270556 28 
270671 35 
270722 29 
270789 11 
270832 117 
271182 638 
271231 230 
271430 113 
271641 223 
271677 38 
271740 230 
271971 23 
272245 5 
273212 143 
273260 128 
273539 54 
273689 39 
273766 23 
274122 225 
274156 133 
274890 141 
275456 21 
275614 14 
275683 6 
275953 169 
276831 177 
277775 27 
277859 17 
278088 29 
278209 199 
278617 22 
279026 9 
279189 26 
279390 84 
281291 167 
281539 64 
281931 10 
283062 29 
283407 41 
283797 21 
284429 63 
289621 33 
290962 5 
291523 36 
293107 19 
295215 43 
295431 15 
298812 48 
300070 70 
300548 18 
301739 4 
301929 329 
301951 104 
302127 241 
302216 640 
302349 211 
302934 47 
302970 234 
303082 1009 
303190 93 
303190 93 
304143 27 
304149 671 
304533 221 
304654 169 
304914 163 
305671 255 
307402 56 
307848 18 
308865 56 
308932 67 
308959 87 
309094 40 
309211 28 
309217 6 
309417 586 
309528 28 
309712 67 
310195 2 
310422 117 
310447 33 
310630 60 
310837 22 
311299 108 
311651 5 
311698 91 
311791 248 
311906 659 
311948 200 
312156 120 
312349 172 
312470 135 
312546 92 
312743 141 
312959 0 
313105 70 
313294 19 
313441 10 
313461 30 
313565 160 
313585 88 
313609 363 
313673 5 
314660 6 
314669 22 
314895 26 
315231 55 
316797 40 
316977 14 
316980 74 
317115 50 
317135 21 
317177 66 
317179 19 
317259 120 
317307 11 
317334 48 
317492 114 
317692 23 
317705 160 
317740 15 
317740 15 
317902 0 
317907 12 
318073 14 
318125 26 
318210 924 
318307 399 
318409 87 
318538 42 
318954 29 
319393 19 
319622 80 
320098 76 
320577 1288 
320638 718 
320647 100 
320668 79 
320855 8 
320980 61 
321031 9 
321057 59 
321066 58 
321578 68 
321844 221 
321904 6 
321915 37 
322078 85 
322307 6 
322331 24 
322410 172 
322725 113 
322877 140 
323069 190 
323384 973 
323617 201 
323884 16 
324865 169 
324922 40 
325347 38 
325541 47 
325754 33 
325867 345 
326630 27 
326642 5 
327499 51 
328280 15 
329506 46 
330109 68 
331680 153 
331982 122 
332126 82 
332612 23 
332685 734 
333316 10 
333398 58 
334117 14 
334238 102 
334261 509 
334281 615 
334952 180 
335199 44 
335700 23 
335970 15 
336214 107 
336240 18 
337006 59 
337911 27 
338203 21 
338440 1156 
338639 247 
339890 204 
341407 28 
341614 15 
342610 14 
342667 7 
342852 121 
343328 36 
343342 2448 
343457 183 
343465 61 
343471 51 
343843 9 
344158 81 
344736 32 
345766 8 
346573 48 
347088 135 
347264 57 
347306 79 
347465 168 
347579 177 
348716 27 
348913 39 
348950 29 
350537 131 
351433 62 
351726 47 
352025 27 
354905 32 
355597 0 
355938 68 
356184 68 
358066 31 
358462 1401 
359721 44 
359913 21 
360493 569 
361160 12 
361246 66 
363082 59 
365196 3 
365668 20 
366626 1 
366647 22 
367717 17 
369357 66 
370270 74 
379089 4 
380241 20 
380888 73 
380902 73 
380902 73 
381427 109 
383542 9 
384955 357 
388280 167 
388330 590 
388546 23 
391977 35 
392185 31 
393257 91 
393297 941 
393549 326 
393796 638 
394022 34 
394083 194 
394119 214 
394279 28 
394302 398 
394313 1310 
394385 17 
394407 39 
394909 16 
395069 123 
395579 110 
395701 202 
395718 109 
396537 90 
399929 126 
400031 308 
400713 692 
400943 74 
401017 34 
401510 218 
401546 118 
401620 49 
401669 104 
402886 176 
404355 32 
404661 50 
404859 110 
405514 22 
405831 173 
406025 94 
406232 189 
406252 95 
406443 28 
406455 114 
406599 127 
406637 52 
406637 43 
406662 22 
406831 49 
407546 6 
407911 68 
408142 1092 
408447 1224 
408588 27 
408590 36 
409813 320 
409828 28 
409891 531 
411723 156 
412321 25 
412955 123 
413496 465 
414152 4831 
414239 1104 
414276 4110 
415097 81 
415573 318 
415790 58 
417898 86 
418143 89 
418484 52 
418541 216 
418678 30 
418929 156 
419271 29 
419303 47 
419580 13 
419673 29 
419921 69 
420422 66 
420958 28 
420989 15 
421151 47 
421302 28 
421553 103 
421595 52 
421600 8 
421737 40 
421763 72 
421862 744 
421862 71 
421873 8 
422166 22 
422176 3 
422204 16 
422315 151 
422622 187 
422673 69 
422689 880 
422761 532 
422808 487 
422813 170 
422872 381 
422873 191 
422883 53 
423033 51 
423226 32 
423232 80 
423692 49 
423702 110 
423783 100 
424012 27 
424076 59 
424089 6 
424331 21 
424345 24 
424483 181 
424486 188 
424915 356 
424973 111 
425741 50 
426709 675 
427881 348 
429363 322 
429499 71 
429509 41 
429540 73 
429765 20 
429902 349 
430055 101 
430228 42 
430496 159 
430930 504 
431416 50 
431618 119 
431676 440 
431686 850 
432231 50 
433166 768 
433928 50 
434090 303 
434303 99 
434460 9 
434584 1673 
434999 39 
436207 189 
436450 95 
437220 140 
437998 87 
439380 146 
439674 132 
439829 21 
441779 289 
442835 79 
443389 40 
443639 888 
444064 24 
444850 37 
445201 133 
446606 45 
447535 21 
447836 151 
447844 47 
447960 42 
448573 776 
449139 8 
449391 25 
450885 1240 
451506 55 
452117 56 
452297 156 
453294 41 
453672 6 
453696 96 
453696 96 
458944 18 
459069 48 
459778 187 
459940 104 
464191 61 
476493 61 
477685 12 
479625 23 
480650 10 
480911 34 
481022 138 
481429 35 
481866 11 
483330 40 
484669 158 
485600 8 
486714 15 
487341 28 
489380 129 
490744 53 
490757 69 
490899 29 
491195 47 
491424 95 
491436 144 
491523 436 
491755 66 
492500 83 
493089 1372 
493311 150 
493557 25 
493725 48 
494047 53 
494369 117 
495691 17 
495835 3 
496529 43 
498045 206 
498860 348 
498957 37 
499462 26 
499911 16 
501010 487 
501333 150 
501454 65 
501559 35 
502355 104 
502904 301 
507115 3 
507350 437 
508125 9 
508143 9 
508414 19 
509215 25 
509442 22 
509493 10 
509678 22 
510058 13 
511243 71 
514357 49 
514509 147 
514723 20 
515578 67 
516611 3 
519671 330 
520473 273 
520909 0 
520995 62 
520998 980 
521345 55 
521397 213 
522385 104 
522434 63 
522617 94 
522924 103 
523971 4435 
524312 127 
525064 71 
525094 8572 
525148 1396 
525950 115 
525984 63 
526949 227 
526983 460 
526988 240 
527052 24 
527073 343 
527632 157 
527683 64 
527859 52 
527938 87 
528279 52 
528773 19 
529073 1123 
529576 65 
531320 72 
531350 67 
532102 12 
532288 37 
532762 81 
534319 15 
534414 65 
535232 207 
536267 6 
539942 49 
541786 40 
544578 90 
546360 147 
547938 825 
548157 12 
548608 39 
557297 7 
559667 5 
562466 70 
565159 88 
565202 50 
566033 74 
566283 10 
568154 32 
568624 13 
569201 48 
572368 71 
573277 64 
573395 773 
574215 7 
574359 29 
575831 3 
576549 14 
577373 47 
577462 36 
577671 382 
578193 26 
578255 32 
578374 150 
578387 3 
578656 69 
579971 8 
580168 0 
580210 360 
580436 38 
580442 244 
580816 45 
580975 207 
581512 134 
581564 45 
581703 37 
582625 15 
582646 150 
582722 18 
582805 387 
582836 210 
583433 51 
586027 122 
586710 59 
586967 153 
587016 59 
587189 72 
587277 20 
587363 32 
587707 117 
588464 13 
589045 47 
589691 120 
590017 580 
590148 36 
590990 356 
591333 256 
591405 1068 
591438 9 
591451 263 
591502 48 
592527 44 
592838 178 
593690 42 
594370 29 
594446 487 
594550 119 
594814 15 
594989 131 
595004 121 
595356 367 
595465 3037 
595974 34 
597945 123 
600416 13 
601280 520 
602124 233 
602334 36 
602369 4727 
602582 521 
602792 118 
602912 23 
603088 43 
604087 757 
604124 249 
604143 191 
604247 67 
604462 44 
604530 321 
