2203 2.72642361111
0 381807 
15 307 
16 220 
16 65 
16 53 
18 398 
19 54 
21 228 
21 39 
21 40 
22 61 
23 36 
24 40 
24 25 
24 133 
25 117 
25 12 
25 32 
25 76 
26 172 
26 1072 
27 181 
27 219 
28 99 
30 194 
32 108 
32 43 
33 43 
34 25 
35 131 
35 92 
35 189 
35 86 
38 113 
38 124 
40 37 
40 199 
41 162 
41 101 
43 693 
43 339 
44 25 
44 109 
44 122 
44 103 
44 866 
45 105 
46 94 
47 35 
47 247 
48 122 
48 42 
48 537 
48 147 
49 60 
50 289 
51 143 
52 494 
52 671 
53 94 
54 61 
54 168 
54 127 
56 80 
56 80 
56 27 
57 41 
57 48 
58 308 
59 249 
59 85 
59 57 
59 37 
59 161 
59 190 
61 39 
61 548 
61 158 
62 123 
62 44 
62 434 
64 130 
64 659 
64 165 
65 14 
66 68 
67 95 
67 23 
67 223 
67 89 
68 52 
68 75 
68 60 
68 72 
68 222 
68 93 
68 35 
69 32 
69 178 
69 113 
69 46 
69 404 
70 100 
72 121 
72 378 
72 35 
72 109 
73 191 
73 162 
75 53 
75 116 
75 57 
75 117 
76 80 
76 547 
76 23 
76 144 
77 93 
77 50 
77 69 
78 33 
78 92 
78 241 
78 151 
79 68 
79 213 
79 363 
80 78 
81 300 
81 260 
81 16 
81 67 
82 101 
82 194 
83 316 
84 118 
84 61 
85 127 
85 50 
85 1308 
85 83 
86 100 
86 436 
86 75 
86 1423 
87 223 
87 112 
88 129 
89 65 
89 105 
89 148 
89 950 
89 265 
90 21 
90 97 
91 40 
91 217 
92 64 
93 119 
93 27 
93 739 
94 58 
95 135 
95 113 
96 123 
96 121 
96 30 
98 41 
98 132 
99 37 
99 91 
99 263 
100 363 
100 100 
100 316 
100 198 
101 103 
101 96 
102 23 
102 36 
102 66 
103 53 
103 97 
104 46 
104 22 
104 116 
105 122 
105 169 
105 73 
105 54 
106 79 
106 121 
106 131 
106 38 
106 503 
106 56 
106 272 
107 150 
108 48 
108 84 
109 16 
109 74 
109 46 
111 184 
111 208 
111 285 
111 47 
112 77 
112 96 
113 50 
114 184 
116 68 
116 42 
117 172 
117 1083 
118 102 
118 147 
119 75 
119 28 
119 141 
120 36 
120 27 
120 46 
120 193 
122 123 
122 107 
123 259 
124 321 
125 496 
126 50 
126 262 
127 205 
129 3 
129 543 
129 110 
129 2317 
130 118 
130 434 
130 258 
131 1329 
132 1306 
133 162 
133 63 
133 24 
136 178 
136 60 
137 55 
137 103 
138 61 
139 223 
139 5 
140 41 
141 116 
143 121 
143 693 
143 78 
143 99 
143 533 
144 307 
144 119 
144 124 
145 86 
146 169 
146 683 
146 564 
146 16 
147 57 
147 185 
148 3680 
148 61 
148 40 
150 12 
150 34 
151 49 
155 151 
156 146 
157 25 
158 20 
159 60 
159 2386 
159 240 
159 70 
159 50 
160 158 
160 209 
160 95 
160 137 
160 71 
161 92 
161 202 
161 161 
161 1432 
162 40 
164 5 
165 508 
166 36 
166 80 
167 80 
169 67 
170 769 
173 347 
173 108 
173 954 
174 136 
174 90 
174 162 
175 128 
176 71 
178 99 
179 185 
180 1781 
180 25 
181 7 
182 34 
182 163 
183 200 
183 81 
185 213 
188 136 
189 82 
190 444 
191 369 
191 134 
193 3 
195 564 
196 170 
197 115 
197 24 
198 94 
200 36 
200 73 
200 164 
200 41 
201 54 
202 119 
202 108 
202 22 
202 126 
205 23 
205 126 
206 53 
206 22 
208 2224 
209 419 
210 44 
210 94 
211 45 
212 246 
214 110 
214 114 
215 124 
216 71 
217 48 
219 40 
220 214 
221 78 
222 142 
222 25 
225 70 
225 221 
225 17 
226 38 
227 69 
228 167 
230 71 
230 225 
230 42 
231 405 
232 147 
233 25 
234 62 
237 116 
237 68 
240 693 
242 16 
243 10 
243 125 
244 63 
246 142 
246 178 
247 119 
247 60 
247 19 
248 126 
248 53 
249 131 
249 24 
249 171 
249 146 
250 332 
251 1072 
253 43 
255 150 
255 25 
257 124 
257 293 
259 93 
259 50 
260 59 
261 46 
262 98 
262 6 
263 171 
263 144 
263 844 
264 198 
264 126 
268 152 
270 19 
271 50 
272 37 
273 125 
273 44 
274 408 
274 46 
275 117 
276 890 
277 67 
283 165 
283 293 
285 363 
285 129 
285 178 
288 21 
290 234 
290 29 
290 36 
290 38 
294 452 
294 121 
294 21 
295 211 
297 109 
298 437 
298 40 
299 62 
300 55 
300 106 
301 82 
303 84 
304 94 
304 106 
307 126 
307 40 
308 30 
308 300 
308 60 
309 103 
310 57 
313 63 
316 427 
317 59 
319 11 
321 71 
322 214 
324 347 
324 322 
326 51 
327 51 
329 82 
330 79 
330 338 
330 143 
331 122 
331 163 
332 26 
336 140 
336 259 
338 115 
339 43 
340 49 
344 12 
347 28 
351 125 
352 82 
353 7 
353 234 
354 80 
357 146 
357 56 
357 30 
358 17 
359 136 
359 24 
360 114 
360 911 
362 201 
363 161 
363 532 
366 56 
366 74 
368 67 
368 59 
370 119 
370 18 
371 179 
371 82 
372 88 
372 84 
373 401 
373 115 
382 9 
382 38 
382 307 
384 24 
386 182 
387 137 
388 279 
389 8 
390 41 
391 274 
392 178 
394 144 
395 73 
398 39 
398 29 
399 247 
400 211 
400 146 
401 159 
401 295 
402 222 
403 144 
403 32 
405 58 
405 118 
409 35 
411 291 
412 77 
415 51 
416 73 
418 108 
418 22 
421 163 
421 20 
422 728 
423 317 
423 325 
424 29 
425 78 
426 120 
427 27 
427 39 
428 24 
433 216 
433 16 
437 111 
438 128 
438 42 
440 71 
440 44 
440 69 
441 21 
442 48 
442 223 
443 92 
445 16 
448 119 
449 85 
450 76 
453 29 
455 101 
456 105 
457 185 
458 162 
460 86 
463 67 
464 152 
467 43 
468 1218 
469 63 
469 127 
470 153 
470 90 
472 52 
473 176 
474 20 
476 344 
484 45 
486 137 
487 17 
493 310 
503 103 
510 277 
510 15 
511 92 
513 4 
513 61 
518 42 
520 188 
521 170 
521 9 
522 55 
522 38 
524 23 
531 45 
531 76 
533 212 
536 77 
537 70 
538 120 
539 60 
540 30 
541 33 
541 123 
543 189 
543 60 
543 156 
544 115 
548 83 
548 28 
552 53 
553 56 
553 81 
555 82 
556 57 
565 46 
566 13 
570 73 
574 46 
575 77 
578 26 
580 133 
581 111 
587 28 
589 96 
592 36 
592 19 
594 37 
598 101 
600 150 
601 282 
603 119 
606 269 
607 65 
611 14 
614 39 
615 54 
615 15 
621 101 
627 133 
628 122 
631 40 
640 70 
642 1217 
643 92 
644 376 
647 93 
648 478 
649 18 
653 57 
653 73 
654 27 
658 226 
661 86 
674 14 
675 257 
676 198 
679 100 
679 12 
683 106 
688 186 
689 17 
689 67 
690 254 
691 216 
696 325 
698 50 
701 127 
705 13 
707 136 
708 44 
712 1625 
715 221 
716 85 
719 111 
724 169 
726 45 
728 84 
732 149 
732 199 
735 24 
737 127 
740 19 
740 201 
742 17 
749 21 
754 124 
755 117 
756 24 
761 62 
766 120 
767 61 
767 39 
767 139 
768 753 
772 34 
774 126 
778 25 
795 15 
797 61 
798 68 
800 31 
800 155 
802 671 
805 50 
805 24 
806 202 
824 64 
825 28 
829 123 
830 87 
831 98 
837 18 
839 48 
850 26 
850 300 
850 50 
852 28 
857 126 
858 123 
859 21 
863 95 
865 17 
866 83 
867 106 
868 77 
869 285 
873 52 
874 27 
875 64 
876 147 
880 209 
883 190 
886 50 
886 20 
888 62 
889 103 
892 161 
893 22 
894 83 
894 25 
896 58 
897 827 
900 95 
903 18 
905 136 
910 75 
915 91 
916 147 
920 31 
921 163 
922 92 
930 54 
935 161 
935 131 
937 10 
953 155 
959 131 
966 22 
968 98 
978 10 
980 62 
982 47 
982 66 
995 85 
998 103 
1000 132 
1001 60 
1001 50 
1007 84 
1010 107 
1015 92 
1016 33 
1021 1056 
1021 41 
1033 147 
1038 158 
1038 50 
1043 33 
1045 185 
1046 27 
1047 21 
1049 21 
1050 23 
1051 114 
1058 56 
1062 1684 
1063 31 
1064 17 
1069 18 
1071 158 
1072 96 
1076 27 
1076 50 
1082 174 
1086 38 
1089 154 
1092 24 
1095 28 
1095 370 
1095 176 
1096 53 
1104 28 
1108 98 
1112 44 
1114 49 
1119 31 
1122 38 
1125 34 
1128 45 
1128 29 
1133 72 
1143 29 
1145 51 
1146 304 
1146 46 
1148 53 
1149 299 
1153 72 
1154 96 
1164 95 
1165 136 
1176 440 
1178 28 
1179 42 
1182 115 
1185 72 
1186 232 
1196 106 
1197 170 
1202 51 
1205 110 
1210 472 
1212 32 
1213 14 
1217 46 
1219 144 
1227 75 
1228 846 
1230 16 
1231 45 
1233 93 
1236 112 
1237 21 
1240 21 
1241 68 
1250 130 
1251 123 
1256 24 
1261 31 
1261 15 
1268 3 
1285 124 
1286 30 
1294 93 
1299 45 
1299 129 
1299 107 
1299 517 
1301 8 
1302 65 
1311 27 
1314 206 
1319 72 
1320 130 
1321 149 
1323 203 
1329 165 
1332 164 
1333 644 
1338 112 
1338 131 
1342 224 
1343 69 
1344 74 
1347 21 
1350 95 
1356 603 
1360 91 
1367 115 
1372 102 
1372 34 
1375 93 
1378 360 
1378 10 
1381 52 
1387 705 
1388 76 
1390 115 
1392 20 
1400 44 
1411 18 
1412 49 
1420 92 
1422 162 
1426 56 
1433 38 
1464 35 
1466 97 
1466 35 
1467 48 
1478 26 
1481 91 
1483 342 
1490 76 
1495 185 
1498 102 
1498 215 
1503 43 
1504 9 
1525 250 
1526 70 
1533 176 
1535 151 
1551 923 
1555 145 
1559 1689 
1562 79 
1568 70 
1575 25 
1583 21 
1583 2853 
1584 20 
1584 70 
1585 94 
1589 26 
1590 69 
1591 58 
1596 174 
1597 158 
1604 44 
1606 141 
1610 22 
1617 60 
1624 52 
1630 15 
1630 26 
1635 160 
1636 28 
1650 100 
1654 83 
1656 279 
1663 53 
1674 52 
1676 236 
1677 149 
1686 37 
1694 112 
1698 178 
1707 45 
1710 186 
1711 55 
1726 11 
1730 31 
1734 105 
1739 80 
1745 134 
1754 50 
1758 20 
1760 293 
1768 44 
1770 59 
1773 72 
1788 9 
1789 142 
1798 125 
1806 93 
1811 38 
1814 37 
1819 23 
1819 39 
1824 235 
1825 44 
1829 552 
1831 47 
1831 35 
1832 77 
1836 188 
1844 107 
1844 108 
1858 155 
1858 121 
1860 15 
1873 108 
1874 131 
1875 61 
1878 199 
1886 110 
1890 131 
1894 12 
1908 104 
1912 594 
1916 46 
1918 81 
1919 294 
1929 142 
1936 88 
1937 20 
1937 74 
1946 83 
1948 28 
1956 11 
1963 56 
1977 63 
1985 504 
1990 286 
2003 211 
2005 117 
2011 41 
2011 44 
2020 21 
2028 3 
2031 10 
2034 41 
2035 61 
2045 67 
2082 31 
2091 22 
2106 73 
2111 312 
2114 25 
2119 112 
2120 53 
2122 44 
2146 88 
2163 45 
2170 47 
2182 106 
2185 60 
2185 151 
2195 149 
2216 104 
2219 10 
2239 1 
2245 77 
2249 364 
2250 178 
2255 65 
2262 127 
2266 51 
2280 8 
2282 201 
2289 75 
2299 83 
2302 43 
2303 206 
2315 55 
2322 264 
2329 57 
2341 21 
2374 26 
2380 76 
2385 38 
2392 271 
2400 45 
2404 53 
2406 63 
2407 80 
2409 233 
2409 119 
2414 69 
2416 182 
2417 37 
2422 130 
2422 116 
2425 93 
2426 88 
2428 77 
2428 36 
2433 54 
2449 38 
2455 15 
2455 63 
2470 215 
2471 21 
2485 132 
2486 78 
2494 55 
2497 49 
2517 17 
2519 253 
2519 46 
2520 43 
2531 839 
2540 32 
2555 53 
2555 10 
2560 59 
2561 40 
2568 3 
2613 31 
2615 79 
2622 51 
2633 26 
2633 62 
2650 58 
2653 28 
2659 33 
2660 790 
2667 188 
2669 154 
2671 181 
2686 131 
2686 97 
2701 52 
2711 62 
2719 59 
2719 70 
2757 133 
2759 115 
2760 237 
2792 13 
2830 25 
2851 150 
2853 52 
2856 36 
2858 212 
2861 27 
2863 81 
2863 378 
2890 61 
2897 51 
2900 18 
2906 57 
2913 31 
2917 58 
2925 99 
2933 36 
2933 36 
2939 56 
2939 56 
2962 97 
2962 105 
2962 97 
2962 105 
2965 87 
2965 87 
2983 31 
2983 31 
2984 71 
2984 71 
2993 66 
2996 45 
3015 18 
3020 73 
3023 63 
3032 168 
3036 106 
3042 111 
3046 147 
3052 232 
3091 21 
3097 163 
3103 78 
3106 33 
3117 17 
3125 65 
3126 7 
3139 42 
3147 55 
3148 67 
3155 61 
3162 56 
3174 21 
3181 42 
3183 29 
3185 46 
3188 28 
3227 107 
3242 13 
3256 42 
3261 37 
3262 235 
3300 57 
3304 15 
3304 65 
3305 5 
3339 8 
3346 53 
3402 79 
3408 7 
3408 154 
3422 94 
3441 93 
3443 58 
3444 21 
3444 49 
3445 17 
3456 6 
3477 38 
3499 8 
3502 70 
3514 17 
3539 58 
3548 33 
3569 26 
3595 114 
3603 82 
3637 56 
3639 38 
3649 291 
3651 76 
3654 35 
3697 233 
3702 38 
3703 99 
3713 62 
3722 52 
3731 67 
3750 69 
3780 127 
3791 46 
3793 14 
3809 51 
3812 28 
3815 18 
3831 53 
3879 28 
3895 45 
3904 141 
3915 7 
3925 121 
3935 148 
3937 199 
3938 49 
3956 39 
3962 37 
3984 87 
3986 29 
3997 102 
4025 20 
4028 7 
4035 69 
4036 107 
4039 55 
4046 27 
4052 79 
4086 42 
4089 131 
4096 3 
4097 45 
4107 61 
4115 161 
4117 37 
4120 98 
4132 138 
4164 91 
4178 67 
4218 30 
4219 180 
4227 83 
4260 109 
4289 69 
4291 126 
4303 164 
4317 143 
4322 135 
4327 37 
4398 40 
4409 16 
4411 13 
4414 90 
4419 24 
4432 288 
4432 238 
4469 29 
4475 122 
4479 50 
4488 145 
4565 25 
4598 28 
4627 176 
4638 31 
4646 70 
4649 25 
4689 110 
4691 15 
4693 24 
4694 82 
4695 27 
4737 66 
4792 126 
4814 171 
4830 26 
4832 184 
4837 20 
4840 75 
4866 86 
4899 10 
4907 81 
4912 32 
4913 24 
4947 58 
4948 28 
4951 110 
5036 214 
5050 44 
5059 23 
5096 104 
5106 23 
5109 399 
5157 216 
5192 39 
5192 64 
5202 790 
5237 14 
5254 113 
5259 3 
5264 52 
5294 16 
5318 64 
5354 128 
5361 27 
5381 26 
5382 54 
5416 653 
5423 79 
5518 56 
5551 20 
5553 22 
5581 114 
5615 46 
5663 42 
5676 28 
5796 131 
5801 105 
5811 8 
5819 5 
5851 26 
5852 52 
5921 5 
5947 104 
6007 56 
6086 58 
6103 139 
6107 42 
6118 23 
6164 69 
6165 59 
6168 145 
6204 86 
6228 64 
6233 540 
6266 7 
6270 76 
6311 49 
6324 113 
6336 30 
6344 83 
6348 68 
6440 44 
6446 33 
6507 10 
6524 46 
6551 55 
6575 66 
6604 11 
6605 89 
6624 19 
6632 290 
6647 80 
6649 31 
6679 161 
6699 352 
6711 118 
6768 9 
6789 33 
6805 13 
6835 95 
6849 91 
6871 31 
6878 116 
6884 30 
6899 116 
6906 27 
6912 65 
6938 80 
6938 147 
6946 44 
6957 132 
6977 133 
6991 6 
6999 67 
7069 151 
7102 70 
7108 100 
7128 70 
7138 14 
7138 66 
7230 25 
7301 46 
7307 18 
7323 135 
7334 62 
7344 120 
7363 35 
7377 156 
7393 6 
7405 11 
7426 52 
7428 74 
7449 28 
7452 28 
7491 37 
7510 18 
7546 60 
7554 111 
7567 180 
7617 49 
7626 37 
7679 190 
7714 131 
7775 24 
7796 38 
7805 44 
7806 76 
7813 57 
7841 83 
7855 17 
7856 30 
7873 67 
7884 99 
7924 263 
7933 38 
7940 624 
7953 37 
7975 67 
7976 70 
7986 133 
8010 21 
8016 46 
8052 130 
8062 233 
8071 137 
8076 92 
8115 14 
8129 336 
8152 18 
8166 7493 
8174 12 
8186 96 
8217 461 
8222 73 
8243 83 
8255 245 
8256 153 
8260 142 
8260 66 
8297 149 
8310 271 
8338 226 
8348 40 
8348 38 
8348 39 
8363 117 
8366 65 
8382 102 
8385 58 
8404 76 
8422 81 
8437 775 
8444 42 
8448 225 
8464 38 
8468 64 
8471 285 
8480 36 
8480 83 
8511 122 
8519 69 
8527 254 
8554 55 
8566 277 
8569 257 
8576 249 
8577 1595 
8591 120 
8600 151 
8605 152 
8609 139 
8616 47 
8626 26 
8629 97 
8631 22 
8661 145 
8671 15 
8694 36 
8704 690 
8738 102 
8739 47 
8743 15 
8759 128 
8771 132 
8803 39 
8823 1042 
8827 1270 
8847 173 
8852 16 
8889 57 
8909 33 
8918 36 
8920 130 
8933 120 
8942 33 
8955 71 
8981 54 
9007 29 
9011 12 
9014 47 
9033 102 
9074 11 
9077 91 
9106 157 
9138 40 
9142 18 
9160 163 
9173 26 
9183 28 
9185 32 
9186 57 
9199 30 
9203 214 
9233 171 
9239 17 
9261 70 
9285 119 
9313 29 
9328 56 
9374 327 
9425 237 
9435 157 
9455 796 
9462 20 
9474 178 
9498 221 
9502 476 
9587 21 
9618 193 
9630 69 
9647 2590 
9660 1213 
9664 102 
9672 387 
9676 147 
9699 10 
9702 1 
9708 44 
9710 54 
9773 18 
9782 41 
9794 331 
9807 19 
9813 23 
9859 8 
9875 116 
9927 113 
9931 78 
9951 57 
9957 115 
9973 28 
9987 238 
10004 30 
10034 5 
10037 1719 
10059 50 
10074 96 
10078 170 
10105 101 
10114 86 
10143 41 
10163 402 
10184 52 
10226 85 
10233 1021 
10235 159 
10238 41 
10259 187 
10320 217 
10327 42 
10336 38 
10343 17 
10356 1450 
10395 699 
10409 125 
10433 144 
10463 80 
10482 2195 
10511 54 
10532 484 
10535 19 
10539 51 
10546 44 
10581 49 
10581 18 
10593 65 
10600 133 
10611 27 
10622 35 
10661 7 
10683 99 
10704 398 
10718 31 
10744 102 
10797 67 
10820 8 
10835 73 
10837 39 
10847 73 
10876 36 
10879 96 
10901 126 
10902 800 
10906 221 
10920 181 
10928 423 
10928 91 
10935 18 
10952 17 
11009 348 
11048 407 
11111 21 
11114 34 
11164 69 
11191 110 
11196 19 
11201 182 
11205 39 
11216 665 
11223 295 
11242 38 
11243 133 
11246 421 
11259 67 
11264 476 
11268 141 
11279 124 
11280 131 
11291 47 
11307 378 
11336 13 
11395 58 
11402 1360 
11424 204 
11432 56 
11445 11 
11463 76 
11513 128 
11535 9 
11572 36 
11574 148 
11576 26 
11587 353 
11602 192 
11605 918 
11609 107 
11635 63 
11665 42 
11670 973 
11681 256 
11701 68 
11704 146 
11720 76 
11729 271 
11783 85 
11826 24 
11835 14 
11862 34 
11877 137 
11881 72 
11908 80 
11923 24 
11993 116 
12054 381 
12070 90 
12100 55 
12212 18 
12292 31 
12384 18 
12482 114 
12497 59 
12563 88 
12623 76 
12789 78 
12798 22 
12888 29 
13029 26 
13174 74 
13256 2430 
13350 160 
13372 346 
13399 20 
13408 48 
13429 48 
13468 88 
13485 55 
13528 115 
13529 120 
13593 273 
13803 676 
13841 153 
13855 22 
13943 44 
13945 67 
13967 66 
14332 32 
14347 30 
14405 4 
14406 22 
14442 62 
14478 74 
14488 13 
14494 7 
14554 60 
14605 24 
14792 56 
14797 31 
14920 13 
14978 368 
15015 2 
15154 65 
15175 51 
15471 78 
15540 13 
15574 19 
15676 72 
15912 49 
15979 7 
16047 59 
16146 188 
16252 31 
16280 91 
16285 11 
16348 69 
16385 83 
16403 89 
16535 13 
16544 10 
16625 4 
16807 46 
16824 100 
17371 622 
17389 15 
17422 9 
17549 61 
17774 45 
17819 380 
17851 21 
17851 21 
18114 1392 
18133 532 
18135 260 
18378 36 
18717 71 
18824 139 
18849 5 
18918 143 
19124 9 
19273 32 
19280 217 
19482 82 
19553 10 
19891 125 
20229 6 
20235 48 
20323 14 
20460 83 
20986 47 
21080 19 
21098 20 
21128 4 
21321 42 
21334 41 
21540 87 
22114 106 
22217 34 
22370 11 
22685 62 
23124 29 
23137 40 
23736 220 
23821 102 
24085 14 
24946 332 
25090 65 
25453 4 
26012 22 
26038 66 
26040 119 
26041 23 
26238 6 
26455 11 
26533 31 
26798 9 
27484 75 
27934 58 
28492 89 
28710 45 
29127 19 
29142 80 
29187 6 
29658 107 
30184 103 
30472 525 
31143 12 
31587 6 
31881 16 
31965 47 
32254 25 
32494 5 
32840 153 
33254 19 
33384 84 
33480 261 
34210 406 
34326 20 
35170 26 
35257 91 
35750 16 
35759 53 
35852 63 
36191 62 
36243 10 
36421 8 
36527 39 
36746 9 
36846 47 
37105 63 
37468 40 
37720 8 
38347 64 
38418 65 
41656 38 
42249 102 
43613 256 
43859 74 
44478 399 
44862 419 
44963 112 
45156 4 
45895 68 
46598 53 
46678 174 
49025 43 
56643 17 
56650 40 
56999 12 
59131 65 
59184 549 
59641 5 
60650 245 
61356 169 
63116 20 
63116 20 
64004 15 
66311 14 
66799 0 
67866 56 
69852 8 
69868 30 
70513 5 
71707 3 
75050 1098 
75176 135 
75693 25 
77334 367 
78950 698 
79012 77 
79256 37 
82131 61 
83544 131 
83544 23 
83567 291 
83808 21 
84337 99 
85317 6 
85343 84 
86460 4 
86683 67 
86697 146 
86840 86 
87598 14 
87665 31 
88582 45 
88833 520 
89986 48 
90196 216 
90773 57 
90925 55 
91319 67 
91935 51 
92221 19 
92221 19 
92258 80 
93628 93 
94524 8 
94799 14 
95535 178 
95766 88 
96051 20 
96462 157 
96618 285 
96646 234 
96732 204 
97020 52 
97064 435 
97116 71 
97172 228 
97386 91 
98163 10 
98288 70 
98451 153 
98513 69 
98573 205 
98819 152 
98838 978 
98899 61 
99027 11 
99140 30 
99155 48 
99314 109 
99622 100 
99623 559 
100479 195 
100482 1942 
100572 651 
100994 181 
101102 806 
101165 906 
101185 534 
101243 451 
101303 30 
101355 67 
101486 32 
101569 573 
101639 61 
101700 13 
102025 63 
102087 79 
102163 51 
102306 575 
102589 38 
102805 133 
102920 942 
103071 123 
103291 27 
103423 96 
103520 23 
103663 24 
103677 62 
103810 217 
104019 451 
104061 188 
104317 55 
104402 47 
104854 448 
105504 194 
105702 35 
105872 112 
106192 11 
106434 133 
106572 183 
107585 177 
107612 124 
108024 29 
108464 75 
108465 496 
108544 20 
109224 130 
110454 50 
110752 52 
111044 1422 
111340 737 
111484 50 
113267 5 
114387 6 
114546 552 
115056 29 
115231 127 
118831 158 
121986 41 
122189 50 
125881 358 
126579 53 
126804 32 
129434 27 
130633 1370 
136281 97 
137540 463 
138448 146 
147065 152 
152161 381 
154804 84 
159285 794 
159344 1130 
159350 546 
161621 31 
162836 30 
164440 125 
164610 220 
167893 722 
169537 86 
169726 19 
169828 677 
171186 25 
172768 161 
174207 26 
174450 22 
174584 83 
174798 778 
174801 360 
174832 1408 
175220 132 
175585 182 
175644 1029 
177017 3 
177890 78 
178518 74 
178998 58 
181595 19 
182403 910 
182422 1047 
183177 47 
183505 824 
184203 59 
184418 21 
185371 32 
185865 50 
186425 98 
187601 40 
187619 30 
188248 624 
188306 13 
188700 147 
188881 72 
188912 103 
189193 275 
189203 123 
189349 174 
189350 122 
189413 162 
189454 3 
189827 126 
189877 350 
189956 1686 
189985 85 
190246 87 
190441 19 
190488 326 
190922 15 
191079 106 
191419 60 
191492 1380 
191729 59 
191929 66 
191971 83 
191979 87 
192298 29 
192729 9 
192860 19 
192861 40 
193286 795 
193817 46 
194002 57 
195423 41 
195501 530 
197582 54 
198101 197 
198545 68 
199698 49 
200025 169 
200805 180 
205176 87 
205179 22 
205344 140 
206791 50 
208177 44 
208206 112 
208361 26 
208661 194 
210049 3 
215582 16 
230146 5 
230181 136 
239326 5 
257480 258 
258195 11 
258808 145 
259750 75 
259771 95 
259785 102 
259814 65 
261254 96 
261336 11 
262069 78 
263099 44 
265200 85 
267039 81 
268003 387 
268193 788 
268220 61 
268724 137 
269681 62 
274147 459 
274240 34 
274317 12 
277955 21 
281249 62 
282699 129 
284475 1143 
286037 70 
290002 26 
292533 56 
300263 27 
300480 36 
329390 120 
335685 153 
340922 383 
345660 1 
345715 122 
351897 132 
352048 307 
353435 34 
353588 25 
354429 41 
354874 25 
355004 12 
355332 79 
355339 23 
355965 805 
359959 144 
360580 66 
360729 53 
361936 142 
361967 85 
362450 321 
362568 26 
388338 142 
426677 206 
426707 27 
427125 53 
429440 2 
431166 85 
431265 373 
435998 90 
437701 100 
439162 112 
440753 67 
441262 172 
443538 131 
443894 179 
444016 440 
444685 27 
444762 61 
445030 147 
445466 75 
445470 209 
445645 51 
446028 156 
447392 69 
451516 249 
454822 938 
455315 103 
459754 119 
460809 231 
467635 83 
477147 222 
477621 14 
484676 61 
503009 11 
505241 333 
505402 203 
505742 72 
505885 154 
506098 104 
506215 776 
506418 26 
508091 236 
509595 102 
509861 482 
510270 21 
510443 219 
514085 39 
516664 89 
517812 58 
520183 26 
520958 157 
521043 62 
521961 21 
528341 35 
536421 2234 
537049 1126 
540592 73 
546612 11 
560614 21 
574586 10 
576302 117 
583325 7 
584179 21 
590153 241 
590303 63 
596029 709 
598169 242 
602794 66 
