8838 7.87143518519
0 13408716 
2 2905 
2 299 
7 2832 
7 376 
7 6431 
9 784 
10 17231 
10 3893 
11 16 
11 6816 
11 894 
11 558 
12 1572 
12 1519 
13 291 
13 173 
14 736 
14 1296 
14 149 
14 708 
14 369 
15 1314 
15 200 
15 282 
15 67 
15 598 
15 1788 
15 126 
16 2130 
16 946 
17 4144 
17 441 
17 243 
17 1005 
18 1023 
18 3423 
18 0 
18 7 
18 728 
18 254 
19 553 
19 1055 
19 3336 
19 139 
19 756 
19 132 
20 1271 
20 2012 
20 498 
20 1736 
20 11 
20 445 
20 228 
21 866 
21 339 
21 28 
21 255 
21 813 
22 48 
22 904 
22 399 
22 375 
22 151 
22 4 
22 2219 
23 122 
23 1370 
23 178 
23 1631 
24 262 
24 1038 
24 85 
24 500 
24 730 
24 3079 
25 5 
25 1310 
25 958 
25 261 
25 924 
26 627 
26 96 
26 157 
26 1430 
26 570 
27 241 
27 97 
27 732 
27 46 
27 690 
27 70 
27 79 
27 210 
27 4 
27 797 
28 1972 
28 992 
28 560 
28 611 
28 306 
28 113 
28 385 
29 66 
29 31 
29 4 
29 20 
29 425 
29 1445 
29 83 
29 3797 
30 106 
30 1015 
30 1156 
30 400 
30 1633 
31 6 
31 1309 
31 106 
31 49 
32 2306 
32 185 
33 1229 
33 1357 
33 151 
33 617 
33 287 
33 1886 
33 1016 
33 22 
34 328 
34 62 
34 668 
34 392 
34 20 
34 293 
34 110 
34 76 
34 287 
34 474 
35 178 
35 3619 
35 462 
35 140 
35 357 
35 78 
36 1466 
36 311 
36 237 
36 508 
36 156 
36 2509 
36 1774 
36 3328 
36 1129 
36 37 
37 919 
37 619 
37 652 
37 498 
37 2514 
37 1208 
37 94 
37 720 
37 121 
37 2093 
38 1288 
38 337 
38 710 
38 541 
38 218 
39 456 
39 688 
39 1142 
39 297 
39 319 
39 1116 
39 770 
39 343 
39 335 
39 33 
39 175 
39 845 
40 42 
40 2422 
40 490 
41 200 
41 23 
41 23 
41 432 
41 1307 
41 193 
42 91 
42 80 
42 47 
42 1243 
42 1439 
42 799 
42 113 
42 246 
42 1239 
42 77 
42 16 
42 299 
42 22 
43 255 
43 63 
43 364 
43 1229 
43 700 
43 1080 
43 1339 
44 555 
44 1062 
44 150 
44 55 
44 1257 
44 1017 
44 813 
44 34 
44 1392 
44 17 
44 139 
44 3608 
44 1411 
45 257 
45 642 
45 800 
46 37 
46 3182 
46 923 
47 192 
47 344 
47 234 
47 330 
47 1912 
47 1570 
47 7446 
47 1274 
47 31 
47 720 
47 2 
47 2756 
48 220 
48 137 
48 406 
48 263 
48 416 
49 948 
49 2464 
49 1061 
49 2 
49 1458 
49 48 
49 82 
49 858 
50 918 
50 1279 
50 1606 
50 795 
50 209 
50 252 
51 1136 
51 307 
51 1234 
51 24 
51 733 
51 46 
51 58 
51 56 
51 14302 
51 281 
51 5 
52 1438 
52 264 
52 665 
52 1062 
52 1273 
53 257 
53 60 
53 1848 
53 1464 
53 898 
53 3287 
53 158 
53 748 
53 133 
54 34 
54 36 
54 676 
54 315 
54 782 
54 89 
54 66 
54 1501 
54 1274 
55 1650 
55 594 
55 179 
55 758 
55 293 
56 219 
56 919 
56 78 
56 33 
56 2333 
56 1425 
56 426 
56 211 
56 528 
57 152 
57 1784 
57 117 
57 82 
57 80 
58 2010 
58 581 
58 6 
59 728 
59 1802 
59 267 
59 753 
59 338 
59 735 
60 274 
60 836 
60 1402 
60 99 
60 174 
60 268 
60 28 
60 87 
60 1724 
61 44 
61 368 
61 689 
61 391 
61 195 
61 349 
61 75 
62 157 
62 137 
62 928 
63 997 
63 251 
63 525 
63 941 
63 585 
63 180 
63 42 
64 32 
64 163 
64 332 
64 127 
64 257 
64 1184 
64 36 
64 1337 
64 2624 
64 73 
65 606 
65 642 
65 151 
65 158 
65 371 
66 927 
66 129 
66 149 
66 41 
66 284 
66 849 
67 329 
67 1697 
67 301 
67 164 
68 103 
68 70 
68 454 
68 290 
68 360 
68 111 
68 2212 
68 307 
68 421 
69 1276 
69 980 
69 202 
69 22 
70 559 
70 198 
70 949 
70 856 
70 77 
71 851 
71 349 
71 193 
71 253 
71 1933 
71 61 
71 320 
71 716 
71 2893 
72 254 
72 676 
72 857 
72 82 
72 618 
72 41 
72 4097 
73 611 
73 250 
73 2524 
74 436 
74 1144 
74 34 
74 45 
74 246 
74 100 
75 155 
75 26 
75 26 
75 499 
75 899 
75 455 
75 75 
75 28 
76 429 
76 13626 
76 244 
76 1210 
76 677 
76 604 
76 4583 
76 70 
77 829 
77 180 
77 181 
77 1146 
77 229 
78 708 
78 337 
78 52 
78 792 
78 115 
78 98 
78 664 
78 806 
79 2373 
79 837 
79 85 
80 24 
80 4038 
80 1439 
80 498 
80 42 
80 310 
80 650 
80 61 
81 88 
81 333 
81 114 
82 88 
82 774 
82 74 
82 110 
82 6318 
82 108 
82 11 
82 961 
83 8 
83 15 
83 1119 
83 172 
83 2016 
83 971 
84 215 
84 654 
84 404 
84 24 
84 4513 
84 120 
84 10 
84 1072 
85 8 
85 299 
85 746 
85 344 
85 825 
86 488 
86 149 
86 10 
86 69 
86 159 
87 727 
87 925 
87 497 
87 1378 
87 1238 
87 109 
87 64 
87 843 
87 957 
87 283 
87 832 
87 276 
88 758 
88 728 
88 188 
88 1297 
88 119 
88 1651 
89 924 
89 269 
89 42 
89 563 
89 80 
89 1288 
89 50 
89 2128 
90 1 
90 2973 
90 190 
90 98 
90 783 
90 1403 
90 434 
91 60 
91 1238 
91 66 
91 175 
91 217 
91 165 
92 712 
92 4 
92 2083 
92 81 
92 845 
92 97 
92 352 
93 13 
93 1630 
93 795 
94 1494 
94 34 
95 170 
95 156 
95 31 
95 41 
96 58 
96 125 
96 13 
96 14282 
96 23 
97 464 
97 2871 
97 1750 
97 277 
97 49 
97 1711 
97 63 
97 2243 
98 4 
98 60 
98 529 
98 54 
99 231 
99 247 
99 102 
99 145 
99 1981 
99 55 
99 357 
99 438 
100 285 
100 25 
100 4568 
100 712 
100 526 
100 134 
101 8422 
101 924 
101 132 
101 31 
101 449 
101 1665 
102 441 
102 260 
102 224 
102 466 
102 1054 
102 187 
103 85 
103 17 
103 137 
103 37 
103 107 
104 268 
104 439 
104 52 
104 128 
104 394 
105 12 
105 223 
105 521 
105 69 
106 1375 
106 122 
106 11 
106 549 
106 39 
107 922 
107 1144 
107 2340 
107 746 
107 355 
107 1449 
109 910 
109 1806 
109 395 
109 96 
110 1370 
110 1515 
110 1193 
110 134 
111 262 
111 368 
113 244 
113 918 
113 292 
114 204 
114 1772 
114 256 
114 104 
114 608 
114 850 
114 874 
116 41 
116 1237 
116 300 
116 841 
116 16 
116 774 
116 162 
117 522 
117 213 
117 4 
117 278 
117 206 
117 15 
118 458 
118 899 
118 632 
118 1100 
118 163 
118 995 
119 5951 
119 236 
119 1069 
119 166 
119 635 
119 506 
120 295 
120 140 
120 452 
120 100 
120 27 
121 353 
121 217 
121 255 
121 8 
121 750 
122 942 
122 29 
122 1309 
122 69 
122 272 
122 3 
123 24 
123 66 
123 161 
123 2772 
123 59 
123 78 
124 391 
124 36 
124 7 
124 124 
124 2028 
124 203 
125 1089 
125 3890 
125 18 
125 411 
125 830 
126 242 
126 106 
126 174 
126 494 
126 48 
128 185 
128 75 
128 4790 
128 1068 
129 3874 
129 1155 
129 295 
130 10 
130 60 
130 98 
130 386 
131 19 
131 1117 
131 1137 
131 1437 
132 190 
132 72 
132 364 
133 28 
133 1938 
133 175 
133 1701 
133 3065 
134 37 
134 1803 
134 125 
134 236 
134 1198 
134 587 
134 968 
134 46 
134 259 
134 10 
134 1 
135 1489 
135 36 
135 607 
136 62 
136 1359 
136 905 
136 807 
137 38 
137 22 
137 119 
137 793 
137 23 
137 4483 
137 1442 
138 1127 
138 727 
138 1031 
138 954 
139 696 
139 182 
140 325 
140 203 
140 36 
141 222 
141 27 
141 176 
142 73 
142 70 
143 82 
143 466 
143 858 
143 1318 
143 682 
143 506 
144 97 
144 1706 
144 1836 
144 148 
144 2444 
144 22 
144 182 
145 158 
145 240 
145 424 
146 7 
146 361 
146 494 
146 84 
146 29 
146 1154 
147 399 
147 1117 
147 166 
147 1598 
147 68 
148 86 
148 1559 
148 256 
148 615 
149 1894 
149 109 
149 588 
149 145 
150 341 
151 2692 
151 549 
151 957 
153 1378 
153 177 
153 173 
153 210 
153 245 
154 59 
155 41 
155 409 
156 1488 
156 918 
156 433 
156 807 
156 620 
156 109 
156 933 
157 776 
157 575 
157 1533 
157 50 
157 213 
157 492 
158 370 
158 82 
158 146 
158 1663 
159 793 
159 304 
159 177 
160 592 
160 147 
160 227 
160 689 
161 120 
161 164 
162 1483 
162 544 
162 16 
162 79 
163 21 
164 38 
164 2 
165 3161 
165 3225 
166 9 
166 1435 
166 622 
166 976 
167 11 
167 6858 
168 562 
168 1320 
169 92 
169 171 
169 600 
170 14 
171 3 
171 105 
172 295 
172 358 
172 88 
172 62 
172 33 
172 288 
172 6623 
173 1 
173 96 
173 1485 
174 1587 
174 1359 
175 249 
175 368 
176 118 
176 198 
176 857 
176 3983 
176 251 
177 70 
177 576 
177 33 
177 611 
177 588 
177 262 
177 2778 
177 377 
178 11008 
178 1580 
178 177 
178 110 
178 380 
178 2 
178 3989 
179 848 
179 2329 
179 13613 
179 362 
179 691 
179 23 
180 2 
180 358 
180 280 
181 271 
181 190 
181 1053 
181 522 
182 107 
183 70 
183 4019 
183 146 
183 462 
183 89 
184 711 
185 661 
185 204 
185 855 
185 628 
187 132 
187 577 
187 388 
188 17 
188 113 
188 65 
188 416 
188 340 
189 16 
190 110 
190 5960 
190 6227 
190 461 
190 950 
190 2487 
190 25 
191 8640 
191 83 
192 127 
193 138 
193 141 
194 87 
194 38 
194 588 
194 64 
194 1269 
194 0 
195 323 
195 2934 
195 981 
195 58 
195 988 
195 1849 
195 1514 
196 832 
196 147 
196 443 
196 859 
196 1075 
196 1204 
196 1178 
197 87 
197 438 
198 3973 
198 294 
198 2495 
199 378 
199 101 
200 624 
201 169 
201 107 
202 341 
203 3195 
204 514 
204 614 
204 10906 
204 106 
204 23 
205 20559 
206 305 
206 86 
206 2148 
207 11 
207 1469 
208 193 
208 242 
208 1047 
209 6278 
210 322 
210 1741 
210 140 
210 730 
210 60 
211 313 
211 222 
211 1684 
211 129 
211 2475 
212 260 
213 731 
213 352 
214 139 
214 3706 
214 1235 
214 1546 
214 2035 
215 110 
215 107 
217 111 
218 9 
218 77 
219 622 
219 793 
219 14 
219 491 
220 1805 
220 195 
221 405 
221 150 
222 451 
222 317 
222 14 
222 117 
223 4526 
223 15 
223 3273 
224 231 
224 203 
225 1039 
225 251 
226 1075 
226 1205 
227 779 
227 110 
227 739 
228 323 
228 809 
228 337 
228 341 
229 1948 
229 9 
229 50 
229 6 
229 103 
230 12 
230 2161 
230 182 
230 990 
231 379 
232 26 
233 183 
233 17 
233 27 
234 1142 
234 1309 
234 118 
235 763 
235 2209 
236 5316 
236 1945 
237 4 
237 9 
237 2527 
237 2021 
238 190 
238 695 
238 41 
238 330 
239 41 
239 305 
240 5333 
240 1247 
240 166 
241 626 
242 26 
242 2126 
242 627 
242 654 
243 4334 
243 247 
244 64 
244 658 
245 1432 
245 233 
245 260 
246 246 
247 1221 
247 257 
247 1478 
247 2188 
248 1267 
248 187 
248 124 
249 12123 
249 179 
250 59 
251 167 
251 1464 
251 303 
252 385 
252 42 
252 28 
253 19 
253 104 
253 1065 
253 276 
254 53 
255 124 
255 41 
257 4192 
257 136 
257 53 
257 1181 
258 106 
259 1302 
259 60 
260 309 
260 274 
261 808 
262 3507 
262 1130 
262 1260 
262 35 
264 326 
264 478 
265 1514 
265 144 
266 810 
266 624 
267 916 
267 634 
267 140 
268 520 
269 424 
270 17 
270 198 
270 84 
270 154 
271 1254 
272 529 
272 215 
272 28 
273 160 
274 72 
274 1132 
274 1080 
275 624 
275 23 
276 46 
277 177 
277 153 
277 737 
277 74 
278 1015 
279 104 
280 325 
280 788 
280 620 
280 33 
281 338 
282 66 
282 323 
282 561 
283 703 
283 162 
284 112 
284 170 
285 1011 
285 92 
285 81 
285 2026 
285 2347 
285 301 
285 529 
286 52 
287 49 
288 331 
288 28 
289 82 
289 212 
289 42 
289 650 
289 285 
290 1052 
290 353 
290 781 
292 751 
293 986 
293 142 
293 97 
293 0 
294 324 
295 513 
295 2289 
295 2395 
296 267 
297 132 
297 1582 
298 216 
300 38 
301 116 
301 6 
301 33166 
302 93 
302 134 
303 87 
304 51 
304 325 
304 386 
305 68 
305 888 
305 3270 
306 52 
308 8022 
308 478 
308 507 
308 2915 
308 1734 
309 22 
309 1099 
310 2739 
310 7278 
310 722 
310 175 
311 829 
311 43 
311 256 
312 156 
312 448 
313 152 
314 1448 
314 1506 
314 54 
314 165 
314 15737 
314 128 
316 533 
316 14334 
316 278 
318 611 
318 1079 
320 2119 
320 371 
321 1129 
321 231 
321 2585 
322 220 
322 170 
322 873 
322 627 
322 1115 
323 279 
325 2386 
325 551 
326 720 
326 86 
327 607 
327 6383 
328 808 
329 544 
329 140 
329 603 
330 130 
331 233 
332 218 
332 273 
333 4626 
333 520 
334 132 
334 63 
334 90 
334 64 
336 1189 
336 17 
338 3271 
339 813 
340 436 
340 21 
340 48 
340 175 
342 3759 
342 452 
342 1158 
342 263 
343 144 
343 8 
344 48 
344 134 
344 6 
344 1085 
344 200 
345 588 
346 31 
347 765 
348 638 
350 3485 
350 1178 
351 7755 
351 159 
352 58 
353 7 
353 1568 
353 2136 
353 76 
353 1881 
353 223 
354 140 
354 552 
355 1602 
355 9 
356 138 
356 841 
356 1270 
357 371 
358 36 
358 56 
359 332 
359 1503 
359 59 
360 172 
361 21 
362 676 
363 168 
364 364 
365 431 
365 337 
366 22 
366 1128 
366 3034 
366 2039 
366 5717 
366 2614 
367 127 
367 6 
368 1943 
369 451 
370 862 
371 57 
371 338 
371 2617 
372 503 
372 1398 
372 43 
374 1233 
375 1460 
376 439 
376 296 
377 69 
378 75 
378 306 
379 326 
380 586 
380 237 
380 154 
381 42 
381 515 
383 728 
383 611 
384 139 
385 225 
386 736 
386 2212 
386 361 
386 88 
387 971 
388 1503 
388 410 
388 82 
388 3462 
389 8569 
389 929 
390 74 
390 1142 
391 328 
391 438 
391 962 
391 559 
392 424 
392 149 
393 22 
393 366 
394 117 
394 3 
395 299 
395 209 
396 129 
396 3174 
397 25 
397 89 
397 2071 
398 253 
398 187 
399 740 
400 2392 
400 1186 
401 8349 
401 1028 
402 349 
403 388 
406 299 
406 286 
407 260 
407 253 
407 33781 
407 1683 
407 37 
409 330 
410 100 
410 1256 
411 362 
412 220 
412 551 
413 780 
413 137 
414 50 
415 248 
415 467 
415 912 
416 504 
416 989 
417 542 
419 256 
419 190 
420 692 
420 138 
421 1124 
422 645 
423 142 
423 151 
423 1123 
424 13 
425 42 
426 194 
427 788 
427 1029 
427 255 
428 903 
428 100 
430 4253 
430 761 
431 13 
432 567 
433 584 
433 1008 
434 1641 
434 276 
434 278 
435 1686 
437 1196 
437 2181 
437 468 
438 903 
439 487 
439 2537 
440 153 
440 9 
441 904 
441 21119 
442 2276 
443 7 
443 150 
444 470 
444 2245 
445 954 
445 526 
446 0 
446 309 
446 593 
446 1558 
448 362 
448 550 
448 233 
448 1416 
449 260 
449 745 
451 72 
452 1592 
453 247 
454 270 
454 145 
454 2 
454 535 
455 882 
455 182 
456 2076 
456 3054 
457 2488 
458 381 
460 728 
460 136 
460 763 
461 0 
463 1217 
466 48 
466 1706 
466 43 
467 1057 
469 920 
469 149 
471 291 
472 104 
472 1071 
472 8674 
472 3140 
472 889 
472 950 
472 1082 
473 37 
474 4 
476 79 
477 824 
479 181 
480 526 
480 347 
481 627 
482 109 
482 725 
482 378 
483 782 
483 677 
483 102 
483 285 
484 476 
484 281 
486 433 
487 811 
487 4631 
492 1153 
492 85 
493 136 
494 74 
494 731 
494 6853 
495 725 
496 348 
497 3 
498 284 
498 229 
499 1092 
499 66 
499 1950 
501 1450 
502 287 
504 385 
504 91 
505 165 
505 12 
506 791 
506 16 
507 215 
507 230 
507 5 
507 3084 
508 1858 
508 783 
512 76 
512 229 
512 870 
514 360 
516 121 
516 1930 
518 472 
518 49 
518 1898 
519 48 
519 224 
519 27 
520 2380 
520 64 
521 286 
522 114 
523 1748 
523 2202 
524 6364 
524 1066 
524 10245 
524 1266 
525 17 
525 246 
525 786 
526 303 
526 1748 
530 1129 
530 208 
532 7 
532 238 
533 2361 
533 3577 
534 197 
535 417 
537 932 
538 514 
538 636 
540 648 
541 2269 
541 1101 
543 433 
544 855 
546 17 
547 84 
547 507 
548 577 
548 236 
551 319 
552 1362 
552 4140 
553 135 
553 668 
553 457 
553 1250 
554 881 
556 10 
556 1799 
556 60 
556 917 
562 108 
563 2295 
564 86 
564 728 
566 143 
567 78 
568 6535 
568 111 
569 29 
570 29764 
572 169 
572 247 
573 290 
575 25 
576 83 
576 274 
576 259 
576 571 
576 1469 
577 84 
577 763 
579 508 
582 115 
582 932 
583 231 
586 285 
587 863 
588 1184 
588 1622 
589 143 
591 82 
592 1309 
592 1258 
592 695 
594 914 
594 145 
596 115 
598 2769 
598 622 
604 72 
604 2935 
605 1480 
606 277 
608 19 
611 1298 
611 341 
612 258 
612 157 
613 167 
613 85 
614 415 
614 265 
618 94 
621 1633 
623 1133 
623 963 
624 77 
624 85 
626 100 
626 790 
626 59 
627 407 
631 104 
631 564 
631 659 
633 116 
633 460 
635 452 
635 216 
636 138 
636 1880 
636 30 
639 55 
641 9614 
642 812 
642 1305 
645 66 
645 442 
646 1780 
647 52 
648 31 
649 1061 
650 350 
653 1516 
653 157 
654 443 
655 570 
655 230 
656 964 
656 74 
657 202 
657 1686 
658 237 
659 851 
661 15 
661 1476 
661 25 
662 437 
662 723 
664 292 
664 789 
666 294 
666 1333 
667 2798 
668 126 
668 82 
669 2292 
670 833 
670 504 
672 73 
673 556 
673 311 
673 52 
675 637 
675 118 
675 1198 
676 136 
679 782 
680 3250 
681 932 
681 737 
683 462 
684 173 
685 427 
686 220 
686 80 
687 51 
688 236 
688 117 
689 78 
690 1431 
690 133 
690 61 
692 3728 
692 21 
693 2421 
693 1003 
695 48 
695 402 
696 911 
696 761 
696 141 
699 157 
701 311 
703 620 
703 1942 
705 168 
705 884 
706 5 
707 140 
708 1007 
708 899 
712 1843 
713 482 
714 12 
714 50 
718 376 
719 3258 
719 342 
720 374 
720 497 
720 1306 
721 5212 
723 2706 
724 67 
725 518 
726 197 
726 915 
728 1595 
728 1774 
729 671 
730 4470 
731 119 
731 23 
731 512 
732 2288 
737 2536 
739 144 
744 579 
744 1401 
749 435 
751 810 
752 1276 
752 142 
753 1432 
754 1181 
754 779 
755 354 
759 132 
760 561 
761 1990 
761 1784 
765 217 
766 32 
768 1650 
768 473 
770 1880 
771 1388 
773 904 
773 495 
774 1210 
774 396 
775 9 
777 75 
777 775 
777 4 
778 3965 
781 7825 
781 1 
781 2281 
782 197 
783 11 
784 637 
786 608 
787 1208 
787 655 
789 267 
791 93 
791 1447 
793 176 
796 2794 
797 115 
797 1068 
798 1062 
800 36 
800 395 
801 1194 
804 82 
805 182 
805 46 
806 740 
806 296 
807 287 
807 541 
807 199 
809 2233 
810 4154 
812 123 
814 120 
815 185 
820 576 
820 14 
821 1289 
821 359 
821 551 
821 2351 
822 295 
823 703 
827 1813 
828 312 
831 697 
831 948 
832 74 
833 787 
836 420 
838 14 
839 208 
840 1549 
840 34 
841 619 
841 2854 
841 469 
841 4527 
844 4230 
845 1535 
845 1091 
846 357 
846 340 
849 1257 
850 84 
851 3632 
853 264 
856 778 
857 596 
857 864 
859 23 
859 2408 
863 519 
866 368 
867 3277 
868 4685 
874 675 
875 444 
876 487 
878 716 
879 110 
879 5488 
882 262 
883 4277 
884 2416 
885 269 
885 82 
886 987 
887 19 
887 1200 
888 121 
890 36 
891 7 
893 3926 
896 3921 
897 599 
897 318 
898 208 
899 2194 
902 707 
906 203 
907 97 
909 1698 
909 37 
914 81 
916 874 
918 1173 
918 828 
919 122 
919 1228 
919 867 
920 120 
920 354 
922 280 
924 124 
925 1237 
926 60 
930 1020 
933 6611 
937 30 
937 110 
938 808 
938 1326 
939 46 
940 31 
940 1431 
941 325 
941 10 
943 2823 
943 648 
944 793 
944 237 
944 1188 
949 1391 
952 86 
952 269 
954 58 
954 119 
956 161 
958 1547 
960 599 
960 667 
961 335 
961 0 
961 1457 
962 130 
963 994 
963 458 
964 139 
967 964 
968 408 
970 14 
970 59 
971 139 
975 1596 
977 1596 
977 76 
977 167 
979 227 
979 456 
980 34 
981 387 
984 107 
985 128 
986 1665 
987 66 
989 117 
990 29 
993 529 
995 150 
999 41 
999 445 
1000 541 
1000 923 
1000 1827 
1001 709 
1002 44 
1005 284 
1005 1235 
1007 29 
1008 357 
1013 138 
1024 1154 
1026 51 
1028 58 
1029 220 
1031 124 
1035 78 
1036 141 
1036 4511 
1037 1091 
1037 705 
1039 811 
1040 656 
1042 546 
1042 932 
1045 39 
1045 50 
1049 0 
1051 629 
1051 196 
1052 981 
1052 141 
1055 163 
1055 1293 
1057 953 
1058 379 
1059 457 
1059 1176 
1061 1507 
1062 245 
1065 230 
1066 124 
1067 15 
1069 216 
1070 14 
1073 328 
1074 32 
1074 279 
1074 36 
1077 266 
1079 261 
1083 175 
1086 973 
1088 171 
1089 325 
1091 884 
1091 375 
1092 1060 
1092 201 
1101 484 
1103 90 
1103 135 
1103 35 
1104 718 
1106 47 
1107 403 
1113 406 
1113 1085 
1114 359 
1117 40 
1117 1384 
1119 38 
1120 7 
1121 1079 
1123 442 
1125 42 
1128 1510 
1128 1586 
1131 1589 
1131 1812 
1131 9 
1133 89 
1134 1616 
1134 133 
1135 1200 
1140 1866 
1140 32 
1143 956 
1147 1169 
1147 78 
1150 525 
1150 636 
1151 379 
1152 3168 
1153 1072 
1156 889 
1158 165 
1158 50 
1161 17 
1161 406 
1164 25 
1164 421 
1165 20 
1169 227 
1180 1223 
1182 407 
1187 38 
1187 2236 
1188 995 
1192 327 
1192 93 
1193 1180 
1193 509 
1194 325 
1197 1276 
1198 170 
1205 220 
1205 2127 
1205 518 
1205 662 
1207 360 
1208 619 
1213 518 
1213 2284 
1215 455 
1220 15 
1221 2219 
1221 340 
1222 2300 
1223 300 
1224 238 
1225 37 
1226 1348 
1232 2589 
1234 300 
1234 2757 
1234 316 
1234 416 
1235 88 
1236 2077 
1237 259 
1238 801 
1244 611 
1248 450 
1249 513 
1249 1037 
1251 193 
1252 3223 
1256 117 
1256 157 
1259 3279 
1260 1205 
1260 10 
1269 1208 
1271 80 
1274 1012 
1277 29 
1277 235 
1278 1675 
1281 84 
1281 257 
1281 1339 
1283 11 
1283 254 
1284 143 
1284 600 
1290 388 
1292 36 
1297 50 
1298 1 
1305 1004 
1310 399 
1311 661 
1312 78 
1313 234 
1313 632 
1315 541 
1318 4009 
1319 372 
1319 895 
1319 5 
1322 482 
1324 1376 
1329 114 
1329 263 
1330 894 
1330 79 
1334 120 
1335 1010 
1336 571 
1338 2710 
1338 252 
1340 324 
1344 195 
1350 174 
1352 226 
1357 529 
1361 1096 
1362 908 
1365 646 
1367 370 
1367 373 
1368 818 
1369 529 
1370 165 
1373 196 
1375 84 
1377 310 
1378 604 
1381 46 
1382 103 
1383 3357 
1385 23 
1386 1558 
1386 548 
1389 457 
1389 553 
1389 202 
1390 3434 
1396 169 
1398 102 
1400 1102 
1401 570 
1401 240 
1405 20 
1407 803 
1407 71 
1408 217 
1408 143 
1413 865 
1413 153 
1414 569 
1415 168 
1416 11483 
1420 331 
1423 3358 
1423 429 
1425 505 
1425 181 
1425 287 
1425 717 
1428 2392 
1430 3864 
1435 83 
1436 983 
1438 168 
1438 99 
1440 157 
1440 401 
1441 88 
1447 107 
1447 58 
1455 326 
1456 297 
1468 628 
1470 254 
1470 405 
1471 686 
1475 629 
1477 1156 
1477 308 
1479 115 
1480 778 
1481 666 
1488 190 
1490 2 
1490 496 
1501 62 
1501 778 
1501 412 
1502 1239 
1503 16 
1504 3091 
1504 949 
1510 184 
1511 1538 
1511 141 
1513 412 
1514 2297 
1516 147 
1517 755 
1517 4799 
1517 4 
1518 205 
1519 684 
1521 2438 
1526 15 
1527 2606 
1532 449 
1532 303 
1533 826 
1534 28 
1538 21 
1543 183 
1550 1083 
1550 1203 
1552 1592 
1553 1311 
1553 527 
1562 172 
1563 70 
1564 314 
1568 19 
1568 134 
1577 355 
1578 66 
1581 398 
1590 1 
1591 26 
1592 7136 
1596 3831 
1597 898 
1606 2997 
1607 267 
1609 21 
1610 67 
1617 205 
1619 946 
1623 1684 
1626 142 
1627 78 
1629 332 
1630 1018 
1630 1859 
1632 168 
1635 164 
1638 35 
1639 5877 
1647 263 
1648 425 
1648 1907 
1650 609 
1653 286 
1654 133 
1657 860 
1658 455 
1659 85 
1659 484 
1665 912 
1665 916 
1666 433 
1669 2764 
1673 662 
1677 868 
1678 1182 
1678 405 
1681 82 
1682 500 
1684 279 
1684 1 
1684 565 
1685 58 
1685 87 
1694 128 
1696 12 
1697 404 
1701 209 
1702 508 
1705 89 
1706 96 
1709 84 
1710 930 
1713 130 
1713 163 
1714 283 
1715 450 
1718 0 
1720 1005 
1722 1 
1723 365 
1724 1433 
1724 122 
1726 1614 
1726 478 
1729 47 
1731 433 
1734 87 
1741 1652 
1745 1985 
1748 66 
1756 304 
1757 76 
1758 39 
1764 1306 
1764 2426 
1764 7 
1767 40 
1768 716 
1768 168 
1769 375 
1771 27723 
1772 412 
1774 723 
1775 1032 
1775 4818 
1779 532 
1782 189 
1783 989 
1787 1984 
1788 866 
1788 103 
1790 824 
1793 1395 
1801 1203 
1804 3 
1806 661 
1807 286 
1809 125 
1811 922 
1814 190 
1823 1013 
1823 151 
1823 228 
1824 914 
1824 16 
1825 562 
1828 99 
1828 1255 
1829 417 
1832 1102 
1837 402 
1837 127 
1839 1215 
1840 3327 
1842 650 
1842 623 
1845 526 
1846 1744 
1848 57 
1850 295 
1858 6536 
1859 29384 
1865 753 
1866 151 
1867 351 
1867 585 
1868 1276 
1870 873 
1873 453 
1875 1672 
1882 1222 
1887 2014 
1889 547 
1894 1664 
1894 451 
1896 306 
1901 248 
1903 640 
1905 1114 
1906 149 
1909 1144 
1909 9 
1910 1168 
1910 2139 
1911 162 
1912 1321 
1916 11 
1917 223 
1919 0 
1919 1685 
1921 587 
1923 17346 
1926 1276 
1929 86 
1930 585 
1931 46 
1933 388 
1934 262 
1937 150 
1939 1114 
1939 947 
1941 1241 
1943 482 
1945 206 
1947 4640 
1952 63 
1960 238 
1962 444 
1964 121 
1966 2 
1968 29 
1972 482 
1973 1530 
1974 65 
1974 866 
1977 1267 
1978 420 
1979 275 
1982 673 
1988 324 
1988 423 
1991 58 
1991 705 
1998 117 
1999 785 
2000 92 
2002 62 
2003 1692 
2005 378 
2005 259 
2006 307 
2007 173 
2011 252 
2013 1511 
2020 1317 
2021 1523 
2021 205 
2028 247 
2032 621 
2032 8762 
2033 168 
2033 7088 
2038 721 
2038 9 
2051 7864 
2053 85 
2058 51 
2060 10 
2063 575 
2063 1487 
2064 774 
2064 623 
2064 809 
2073 2224 
2075 731 
2075 1413 
2076 716 
2077 37 
2080 0 
2084 7813 
2084 670 
2086 447 
2090 42 
2090 1274 
2094 1405 
2094 1970 
2096 113 
2096 1276 
2107 304 
2109 667 
2109 4818 
2109 1444 
2109 55 
2111 544 
2111 104 
2119 493 
2120 475 
2121 663 
2123 230 
2124 158 
2125 632 
2130 109 
2130 255 
2132 110 
2135 125 
2139 8930 
2139 489 
2142 285 
2145 565 
2149 35 
2158 803 
2159 1448 
2161 449 
2163 1527 
2163 22 
2163 890 
2165 246 
2166 272 
2167 256 
2168 5299 
2170 337 
2180 1240 
2184 1110 
2185 0 
2186 706 
2187 2962 
2191 165 
2193 1495 
2194 710 
2197 519 
2200 81 
2201 982 
2204 996 
2209 621 
2210 3597 
2210 76 
2214 706 
2215 433 
2218 369 
2219 873 
2221 150 
2222 301 
2228 984 
2230 818 
2231 1312 
2234 1641 
2237 299 
2238 348 
2240 180 
2241 549 
2243 551 
2246 557 
2248 222 
2249 1555 
2251 520 
2254 157 
2258 224 
2258 451 
2260 963 
2262 172 
2265 487 
2266 783 
2277 2792 
2290 1685 
2290 1129 
2292 1208 
2293 518 
2304 760 
2308 36 
2311 20115 
2312 1864 
2313 1 
2317 460 
2317 129 
2318 301 
2319 1850 
2327 67 
2328 398 
2331 486 
2331 1991 
2336 120 
2336 1119 
2342 178 
2342 525 
2345 462 
2346 107 
2348 107 
2349 400 
2350 560 
2354 117 
2354 411 
2358 1120 
2358 1897 
2359 4233 
2359 94 
2360 355 
2360 1188 
2363 1887 
2364 964 
2366 730 
2366 3024 
2367 51 
2367 1 
2369 2442 
2370 255 
2373 550 
2377 57 
2378 1834 
2380 18 
2381 626 
2381 250 
2387 841 
2392 431 
2394 427 
2394 1179 
2396 98 
2399 1315 
2402 846 
2403 569 
2407 940 
2411 1347 
2411 390 
2413 1237 
2416 914 
2426 920 
2427 3353 
2430 5345 
2431 421 
2444 32 
2448 397 
2452 38 
2459 6 
2460 45 
2461 49 
2462 840 
2462 2622 
2463 1815 
2464 783 
2468 27 
2476 459 
2476 5628 
2478 16 
2480 1259 
2482 1204 
2482 117 
2484 54 
2489 613 
2491 38 
2496 123 
2497 628 
2504 2469 
2506 655 
2509 98 
2517 3674 
2518 481 
2520 1099 
2523 216 
2523 1751 
2524 403 
2527 156 
2532 1401 
2534 829 
2535 2846 
2541 177 
2547 168 
2548 30 
2549 1361 
2550 88 
2550 2699 
2553 1338 
2554 109 
2557 516 
2562 1606 
2566 66 
2567 4 
2575 1875 
2576 124 
2582 8039 
2582 38 
2584 812 
2589 1423 
2590 21 
2592 977 
2594 410 
2604 3414 
2605 2115 
2608 54 
2612 3 
2615 276 
2616 981 
2617 765 
2618 37 
2624 425 
2627 1029 
2627 208 
2630 5 
2632 62 
2634 180 
2641 19 
2641 720 
2642 128 
2645 1468 
2646 1982 
2646 190 
2647 5 
2651 1218 
2655 271 
2656 841 
2673 688 
2674 63 
2677 45 
2679 1159 
2682 77 
2685 1297 
2689 752 
2694 251 
2699 473 
2702 452 
2703 810 
2705 59 
2711 904 
2716 194 
2721 915 
2722 62 
2730 314 
2732 781 
2735 64 
2737 1 
2746 1528 
2749 142 
2750 124 
2760 1631 
2761 24 
2765 20 
2766 799 
2767 319 
2768 85 
2770 1035 
2770 28 
2771 28 
2779 604 
2783 44 
2785 64 
2786 1134 
2793 4112 
2796 199 
2798 7 
2800 6 
2809 33 
2811 5211 
2816 2585 
2825 2 
2829 321 
2830 962 
2832 60 
2833 73 
2836 2460 
2840 529 
2844 767 
2848 894 
2855 102 
2855 1551 
2857 661 
2858 851 
2863 183 
2863 1408 
2870 1126 
2872 1283 
2873 1 
2874 1297 
2875 131 
2876 576 
2882 149 
2888 436 
2894 95 
2896 7927 
2906 221 
2910 1544 
2912 137 
2913 1047 
2913 17 
2914 382 
2914 124 
2916 429 
2921 540 
2922 286 
2924 43 
2927 262 
2928 742 
2930 1884 
2930 1005 
2931 109 
2933 0 
2935 376 
2941 1100 
2943 456 
2947 469 
2951 1539 
2952 595 
2956 876 
2958 144 
2960 175 
2961 317 
2963 942 
2963 221 
2964 244 
2970 1458 
2977 166 
2978 738 
2980 338 
2981 94 
2982 339 
2984 109 
2987 354 
2989 322 
2997 4 
3000 30 
3002 1166 
3002 974 
3003 14 
3004 136 
3007 848 
3008 18 
3013 1082 
3014 296 
3016 450 
3017 745 
3018 23 
3019 1477 
3032 92 
3032 10 
3042 1315 
3044 310 
3048 7 
3052 468 
3059 7 
3062 397 
3071 784 
3073 69 
3073 98 
3075 76 
3075 250 
3082 1077 
3085 456 
3095 257 
3095 557 
3095 1860 
3108 311 
3114 540 
3117 1646 
3121 35 
3124 606 
3125 613 
3128 470 
3131 1244 
3137 1409 
3137 434 
3138 888 
3142 1664 
3144 1 
3150 10 
3152 5664 
3153 924 
3157 822 
3160 5170 
3161 221 
3163 562 
3163 1062 
3168 557 
3169 63 
3169 595 
3170 745 
3173 196 
3175 5 
3175 1018 
3178 35 
3180 623 
3184 31 
3194 81 
3194 1584 
3195 1500 
3196 9240 
3204 217 
3210 80 
3210 1121 
3217 838 
3218 691 
3223 542 
3225 769 
3225 2579 
3226 92 
3230 53 
3237 571 
3243 1311 
3253 58 
3260 59 
3261 190 
3269 1363 
3270 504 
3271 4133 
3285 2972 
3291 1519 
3296 341 
3300 1257 
3302 157 
3323 686 
3324 760 
3327 26 
3331 91 
3336 208 
3346 226 
3347 1567 
3351 153 
3358 2310 
3368 1289 
3381 1484 
3383 4266 
3394 306 
3395 2650 
3396 3474 
3401 165 
3410 205 
3420 138 
3424 2021 
3434 591 
3440 3906 
3442 274 
3443 1473 
3446 1601 
3448 1792 
3449 4265 
3458 118 
3461 2310 
3462 1825 
3463 114 
3463 20 
3466 123 
3471 1589 
3472 3538 
3472 1373 
3475 284 
3482 214 
3484 638 
3487 1373 
3491 2809 
3492 817 
3495 471 
3502 239 
3508 293 
3512 1908 
3514 2193 
3516 1620 
3518 486 
3518 52 
3520 632 
3520 532 
3526 472 
3526 151 
3527 212 
3527 178 
3531 486 
3532 1940 
3534 11 
3535 30 
3537 130 
3537 1310 
3540 319 
3541 182 
3542 259 
3549 266 
3556 100 
3558 237 
3558 861 
3565 546 
3566 818 
3567 461 
3569 1497 
3571 200 
3575 6 
3578 398 
3582 473 
3586 877 
3592 224 
3595 1069 
3601 2410 
3601 88 
3602 2864 
3605 132 
3606 900 
3606 524 
3608 3196 
3609 104 
3611 353 
3611 487 
3612 1935 
3613 3203 
3614 571 
3616 266 
3623 567 
3627 830 
3627 1510 
3628 523 
3628 923 
3630 0 
3636 315 
3639 1309 
3639 1120 
3640 6 
3643 811 
3645 483 
3645 0 
3647 46 
3647 63 
3649 166 
3650 24 
3657 1753 
3658 246 
3662 37 
3663 409 
3664 236 
3668 10 
3668 504 
3671 762 
3678 201 
3683 146 
3686 11 
3689 1806 
3689 1263 
3690 1 
3691 471 
3695 2981 
3698 51 
3701 176 
3702 511 
3703 475 
3705 396 
3705 260 
3707 1145 
3708 973 
3716 3 
3719 800 
3729 95 
3733 983 
3736 1373 
3748 981 
3751 701 
3767 61 
3779 1190 
3779 51 
3783 966 
3791 64 
3798 544 
3799 199 
3802 209 
3803 93 
3804 354 
3805 616 
3812 435 
3812 396 
3813 1000 
3814 967 
3818 19 
3830 2305 
3831 830 
3838 224 
3838 191 
3843 397 
3844 200 
3849 839 
3850 38 
3851 138 
3852 143 
3856 2131 
3857 595 
3857 410 
3857 6 
3858 106 
3860 390 
3862 4580 
3864 643 
3874 340 
3875 586 
3875 102 
3878 293 
3890 435 
3895 174 
3897 1084 
3901 663 
3906 2370 
3910 472 
3913 1143 
3916 58 
3918 242 
3920 8 
3931 330 
3933 1017 
3942 1230 
3943 125 
3946 707 
3947 189 
3952 983 
3956 915 
3958 516 
3959 558 
3980 558 
3980 909 
3981 18 
3981 167 
3983 23 
4013 338 
4023 518 
4023 889 
4034 805 
4038 227 
4051 168 
4054 1846 
4056 134 
4064 319 
4067 4659 
4072 1331 
4075 253 
4076 710 
4079 107 
4080 1374 
4081 78 
4088 211 
4102 2342 
4103 2683 
4109 134 
4109 21 
4112 4 
4113 1424 
4115 80 
4119 204 
4126 572 
4137 1964 
4141 119 
4146 85 
4147 273 
4150 3126 
4155 34 
4160 176 
4164 423 
4165 360 
4169 226 
4174 1056 
4176 1092 
4178 134 
4184 967 
4188 1673 
4188 87 
4193 681 
4196 478 
4202 177 
4206 122 
4209 237 
4213 36 
4214 850 
4220 104 
4221 303 
4223 7105 
4229 747 
4230 437 
4231 257 
4246 1049 
4248 1045 
4253 3093 
4256 511 
4262 29 
4262 186 
4263 7623 
4267 115 
4270 0 
4272 494 
4273 49 
4280 241 
4281 849 
4292 63 
4295 1198 
4301 264 
4306 394 
4308 1425 
4311 267 
4313 3701 
4317 669 
4322 1101 
4323 952 
4326 480 
4334 4156 
4334 216 
4334 395 
4364 648 
4365 1822 
4366 16 
4367 293 
4369 11671 
4372 1270 
4374 5304 
4376 7 
4376 708 
4379 322 
4385 1157 
4385 1185 
4387 1378 
4387 3 
4393 2743 
4401 7 
4402 1169 
4404 472 
4408 435 
4414 1035 
4416 312 
4417 591 
4420 167 
4422 36 
4425 612 
4432 3797 
4434 509 
4436 404 
4438 209 
4446 6398 
4449 1088 
4450 505 
4456 1441 
4461 1727 
4466 881 
4468 89 
4479 837 
4481 1357 
4483 835 
4484 2530 
4492 85 
4498 1094 
4506 959 
4507 1156 
4507 67 
4507 13 
4510 51 
4517 566 
4536 2232 
4548 1391 
4553 2886 
4558 59 
4558 1543 
4559 84 
4561 149 
4566 1290 
4567 109 
4568 467 
4569 893 
4577 0 
4577 499 
4578 627 
4580 38 
4585 103 
4591 284 
4606 2091 
4608 658 
4612 770 
4618 644 
4621 2268 
4621 504 
4630 680 
4640 432 
4644 695 
4653 336 
4656 535 
4657 151 
4667 1 
4679 621 
4688 982 
4689 1171 
4699 10222 
4704 1116 
4707 5448 
4718 304 
4719 1508 
4721 418 
4721 3437 
4724 297 
4725 323 
4726 726 
4732 1077 
4733 895 
4735 12 
4737 2 
4740 1113 
4744 16 
4747 744 
4748 221 
4751 60 
4761 137 
4764 568 
4765 912 
4769 87 
4786 5231 
4786 129 
4789 1153 
4791 638 
4798 1248 
4800 432 
4806 219 
4810 1392 
4810 304 
4810 49 
4814 89 
4825 3 
4826 461 
4829 95 
4830 1156 
4832 928 
4841 113 
4845 31323 
4847 467 
4848 259 
4850 2879 
4854 401 
4858 131 
4862 268 
4864 418 
4866 50 
4870 493 
4871 562 
4877 2140 
4880 571 
4882 2 
4887 421 
4888 1221 
4890 125 
4896 384 
4897 110 
4897 3325 
4898 236 
4899 335 
4902 20 
4903 275 
4906 2122 
4907 235 
4914 52 
4921 1444 
4926 460 
4930 16 
4930 138 
4931 809 
4932 382 
4932 1367 
4934 919 
4938 97 
4940 40 
4946 390 
4951 844 
4954 1221 
4959 1435 
4960 654 
4967 54 
4969 121 
4973 3944 
4987 448 
4994 454 
4997 444 
4998 546 
5004 723 
5005 1061 
5009 1493 
5012 3002 
5025 0 
5026 39 
5047 0 
5054 374 
5054 1165 
5057 66 
5058 213 
5060 36 
5066 404 
5068 1202 
5084 1157 
5085 1506 
5096 814 
5106 494 
5111 8 
5117 2205 
5121 55 
5124 389 
5127 187 
5132 63 
5151 60 
5152 1079 
5157 1217 
5171 2512 
5178 1034 
5184 317 
5188 99 
5192 1115 
5194 4086 
5197 152 
5198 30 
5199 374 
5201 32 
5213 122 
5213 1 
5214 136 
5215 113 
5215 647 
5217 460 
5218 877 
5227 238 
5231 193 
5232 1277 
5233 300 
5244 558 
5250 7346 
5254 648 
5259 3250 
5259 1279 
5262 4307 
5266 952 
5283 6 
5284 875 
5289 860 
5296 311 
5297 318 
5300 3428 
5301 1024 
5306 366 
5308 233 
5310 398 
5310 1400 
5311 201 
5311 11 
5313 1519 
5315 521 
5315 57 
5318 540 
5319 900 
5320 478 
5322 61 
5325 107 
5338 608 
5340 534 
5340 342 
5350 151 
5354 838 
5357 453 
5362 926 
5365 820 
5378 612 
5381 11 
5385 638 
5390 6 
5394 2229 
5394 2107 
5400 148 
5403 918 
5409 5377 
5419 185 
5426 540 
5427 588 
5433 621 
5443 2229 
5449 46 
5450 1771 
5455 24 
5455 414 
5461 64 
5463 820 
5467 1816 
5473 439 
5483 130 
5485 252 
5486 1864 
5486 205 
5488 1120 
5489 780 
5497 907 
5510 23 
5514 43 
5518 532 
5518 1781 
5524 179 
5525 1020 
5530 562 
5539 10282 
5554 312 
5556 1298 
5565 5 
5565 1730 
5566 21 
5568 625 
5577 1577 
5584 1035 
5593 873 
5598 70 
5599 7 
5605 404 
5620 80 
5628 535 
5636 1028 
5642 1659 
5645 1840 
5654 962 
5657 751 
5657 2153 
5665 70 
5676 849 
5681 330 
5691 1594 
5703 1069 
5705 1914 
5712 237 
5716 836 
5719 3620 
5731 3333 
5739 598 
5742 106 
5751 724 
5758 812 
5758 839 
5758 1239 
5763 138 
5770 122 
5778 246 
5784 990 
5792 1332 
5795 3849 
5798 522 
5800 245 
5810 52 
5811 764 
5814 538 
5816 64 
5818 125 
5825 47 
5827 657 
5832 5774 
5835 274 
5838 764 
5843 2138 
5845 284 
5853 476 
5855 477 
5858 1247 
5865 105 
5869 709 
5870 551 
5871 789 
5872 62 
5877 1032 
5878 644 
5879 248 
5880 1967 
5884 1394 
5885 597 
5890 74 
5891 1919 
5894 1210 
5897 408 
5900 202 
5904 747 
5913 360 
5922 1181 
5923 601 
5927 196 
5927 193 
5929 181 
5931 751 
5932 32 
5942 4733 
5943 96 
5944 1272 
5959 363 
5961 138 
5968 184 
5969 9277 
5976 263 
5982 16 
5984 188 
5986 767 
5988 545 
5988 286 
5988 9 
6001 304 
6011 161 
6016 3219 
6028 830 
6031 829 
6033 1626 
6037 1095 
6043 519 
6044 5806 
6045 1422 
6047 1291 
6052 157 
6054 673 
6057 467 
6058 1193 
6070 678 
6071 268 
6072 2378 
6090 1709 
6093 1637 
6095 11 
6096 221 
6101 767 
6102 785 
6105 278 
6106 96 
6128 1141 
6133 1315 
6141 708 
6147 1006 
6147 444 
6154 5918 
6159 793 
6162 1 
6170 861 
6178 2335 
6181 30 
6182 772 
6183 2126 
6184 82 
6188 788 
6189 940 
6200 448 
6202 1957 
6202 340 
6204 327 
6218 558 
6220 3714 
6223 2 
6223 786 
6225 120 
6231 2162 
6234 1258 
6239 1471 
6248 309 
6265 115 
6265 111 
6266 3327 
6271 2623 
6278 290 
6297 8241 
6302 1842 
6303 1158 
6303 177 
6303 906 
6306 684 
6314 1060 
6317 944 
6320 1884 
6323 30 
6326 645 
6328 276 
6330 1837 
6336 246 
6347 52 
6347 5655 
6347 6795 
6354 1092 
6356 335 
6357 236 
6363 116 
6363 19 
6364 110 
6366 1204 
6379 1699 
6379 2055 
6391 718 
6401 657 
6406 577 
6407 469 
6409 4087 
6417 572 
6426 788 
6430 238 
6432 812 
6441 460 
6442 329 
6448 514 
6454 701 
6456 1333 
6461 3578 
6468 1028 
6468 469 
6481 90 
6484 2041 
6490 391 
6490 1627 
6493 688 
6495 179 
6496 406 
6497 10 
6504 1207 
6506 446 
6510 335 
6511 447 
6514 8 
6514 1256 
6519 616 
6519 233 
6523 957 
6523 494 
6524 49 
6529 574 
6531 1183 
6531 336 
6533 4309 
6538 1116 
6540 2 
6540 274 
6550 245 
6550 346 
6551 1254 
6557 259 
6559 48 
6561 296 
6570 603 
6572 389 
6575 232 
6577 356 
6578 1372 
6592 7 
6595 1 
6597 121 
6604 632 
6604 423 
6606 10082 
6611 1125 
6613 316 
6625 147 
6625 793 
6630 273 
6631 47 
6633 266 
6633 123 
6633 501 
6634 363 
6639 0 
6640 459 
6647 623 
6658 1879 
6662 77 
6664 347 
6664 668 
6667 471 
6669 2166 
6670 135 
6676 1226 
6684 225 
6699 227 
6707 1606 
6709 3077 
6709 576 
6710 976 
6713 62 
6716 2242 
6720 735 
6720 700 
6721 10054 
6734 1032 
6738 155 
6743 341 
6746 1257 
6749 673 
6751 754 
6757 724 
6760 0 
6760 318 
6764 922 
6768 91 
6774 142 
6781 852 
6784 872 
6787 973 
6790 1224 
6791 565 
6795 54 
6797 621 
6798 436 
6804 72 
6806 459 
6808 1185 
6816 2935 
6818 1852 
6820 0 
6826 267 
6830 1069 
6840 5251 
6845 100 
6859 1519 
6861 667 
6888 211 
6890 1036 
6896 24 
6898 808 
6898 1056 
6901 939 
6906 1026 
6907 105 
6908 1943 
6917 4 
6921 849 
6923 2526 
6926 23 
6935 16 
6937 14 
6945 703 
6946 1614 
6956 0 
6967 1307 
6969 482 
6970 1094 
6973 582 
6979 889 
6980 320 
6982 1059 
6984 5670 
6987 662 
6988 2123 
6990 539 
6991 11474 
7004 280 
7006 201 
7010 15 
7010 824 
7010 35 
7016 1350 
7022 1866 
7054 1241 
7058 4390 
7059 132 
7062 196 
7064 5362 
7066 0 
7066 704 
7066 1571 
7070 561 
7071 1189 
7078 18 
7078 44 
7085 287 
7093 3486 
7095 439 
7098 1755 
7108 2377 
7120 11 
7122 405 
7128 346 
7133 1136 
7145 69 
7160 9 
7165 1405 
7170 819 
7176 87 
7188 82 
7189 1489 
7191 215 
7195 326 
7199 387 
7200 168 
7202 869 
7202 821 
7228 5154 
7242 106 
7253 2465 
7256 428 
7271 111 
7275 17 
7275 955 
7276 133 
7282 15 
7282 1571 
7283 198 
7293 625 
7298 814 
7298 327 
7298 1537 
7300 243 
7309 729 
7321 37 
7323 155 
7335 1154 
7348 295 
7350 2513 
7362 4 
7362 222 
7364 852 
7366 421 
7366 190 
7374 726 
7374 61 
7377 1331 
7380 1307 
7380 366 
7380 29 
7390 1297 
7404 155 
7406 266 
7407 846 
7409 286 
7409 2963 
7413 891 
7415 1096 
7420 627 
7422 2400 
7423 64 
7427 756 
7429 387 
7430 296 
7435 364 
7443 2111 
7448 2080 
7458 508 
7479 1706 
7484 48 
7486 5701 
7493 47 
7494 373 
7505 141 
7514 313 
7515 709 
7520 119 
7523 832 
7526 702 
7528 1167 
7536 1145 
7541 72 
7544 541 
7546 1299 
7566 2541 
7570 387 
7571 444 
7575 188 
7584 30 
7584 4560 
7591 327 
7592 300 
7601 63 
7603 74 
7614 4150 
7620 438 
7623 21 
7627 929 
7628 431 
7636 639 
7644 269 
7645 1352 
7660 826 
7676 590 
7682 170 
7685 18269 
7686 849 
7689 991 
7694 1526 
7695 320 
7697 2663 
7711 949 
7715 1016 
7716 1153 
7720 2818 
7722 32 
7729 470 
7731 4112 
7733 104 
7734 113 
7739 581 
7741 642 
7787 802 
7788 815 
7801 753 
7811 1327 
7812 492 
7815 679 
7825 407 
7826 314 
7826 240 
7828 1221 
7837 254 
7847 970 
7847 1258 
7849 624 
7849 126 
7851 1116 
7856 61 
7857 165 
7858 464 
7859 45 
7867 768 
7875 436 
7884 170 
7888 2144 
7888 562 
7891 688 
7896 2047 
7899 154 
7903 7 
7904 3097 
7907 1920 
7913 588 
7938 186 
7939 3 
7939 177 
7949 283 
7950 177 
7955 147 
7956 142 
7974 380 
7980 1259 
7982 15 
8000 158 
8000 983 
8013 247 
8019 219 
8030 117 
8032 890 
8034 999 
8035 2 
8039 203 
8044 3516 
8048 1386 
8048 787 
8052 2123 
8052 7860 
8054 1687 
8056 223 
8063 1498 
8077 192 
8080 138 
8096 984 
8108 363 
8111 0 
8112 166 
8113 1899 
8113 1327 
8130 61 
8132 226 
8133 239 
8136 1201 
8138 278 
8143 1653 
8143 1108 
8144 1013 
8150 1102 
8165 1368 
8177 111 
8192 1577 
8195 1654 
8203 373 
8204 382 
8205 1401 
8221 3850 
8227 1361 
8239 1071 
8248 623 
8272 349 
8291 1298 
8292 66 
8295 206 
8308 3126 
8310 60 
8312 318 
8315 708 
8324 3566 
8332 271 
8363 2077 
8365 1261 
8367 769 
8374 321 
8375 87 
8379 125 
8391 294 
8397 1147 
8397 793 
8397 524 
8398 1000 
8403 1453 
8406 314 
8411 464 
8412 1895 
8418 18 
8419 487 
8427 232 
8430 1658 
8433 1117 
8446 1027 
8447 1638 
8460 1933 
8460 636 
8468 1145 
8471 655 
8475 241 
8475 1960 
8484 380 
8493 131 
8493 30 
8499 225 
8501 139 
8505 1135 
8506 158 
8510 590 
8511 247 
8512 963 
8515 86 
8521 90 
8522 1670 
8525 15 
8533 1252 
8539 248 
8542 33 
8542 2964 
8547 16 
8558 392 
8559 9782 
8559 5 
8559 675 
8574 637 
8576 50 
8582 756 
8584 804 
8586 840 
8590 539 
8603 1387 
8606 617 
8609 846 
8613 376 
8616 468 
8617 6209 
8617 1174 
8621 1139 
8621 1096 
8625 667 
8627 2862 
8629 140 
8635 1761 
8639 769 
8641 156 
8653 35 
8654 635 
8655 1981 
8657 292 
8660 287 
8661 3691 
8681 629 
8687 60 
8687 85 
8704 407 
8717 172 
8727 679 
8739 624 
8744 69 
8753 85 
8756 2183 
8757 132 
8766 1720 
8767 625 
8785 477 
8816 113 
8821 72 
8824 343 
8831 49 
8832 697 
8838 2615 
8843 337 
8848 568 
8851 406 
8856 127 
8866 54 
8867 177 
8869 3755 
8878 242 
8884 294 
8887 1541 
8889 37 
8898 484 
8905 498 
8906 374 
8907 883 
8914 1185 
8927 134 
8934 770 
8937 929 
8942 66 
8962 1753 
8964 670 
8968 1345 
8971 2052 
8973 200 
8975 660 
8976 38 
8979 3251 
8980 68 
8987 788 
8988 25 
8997 1009 
8999 1465 
9004 371 
9007 101 
9026 244 
9030 2013 
9034 47 
9042 1272 
9047 1654 
9057 563 
9062 951 
9063 2236 
9066 1255 
9076 123 
9080 1065 
9093 53 
9099 370 
9099 457 
9102 1015 
9105 296 
9111 465 
9118 268 
9120 2844 
9125 641 
9128 131 
9141 22 
9147 5 
9149 506 
9149 61 
9149 4 
9153 1037 
9158 3103 
9158 841 
9160 1178 
9163 322 
9163 277 
9177 2054 
9184 313 
9190 49 
9190 527 
9191 195 
9192 23 
9194 2074 
9208 389 
9224 634 
9227 22 
9231 833 
9231 260 
9232 50 
9234 491 
9241 7820 
9245 218 
9253 22 
9254 517 
9269 34 
9272 919 
9286 78 
9291 497 
9292 888 
9302 1759 
9318 182 
9321 2064 
9335 45 
9341 2613 
9346 829 
9346 744 
9347 687 
9350 636 
9356 362 
9369 21 
9369 337 
9371 89 
9372 1407 
9374 131 
9375 596 
9379 1578 
9383 163 
9393 491 
9400 29 
9411 268 
9414 2707 
9415 369 
9417 189 
9418 255 
9419 575 
9428 499 
9434 420 
9438 245 
9442 1148 
9442 733 
9444 196 
9450 130 
9453 769 
9455 63 
9462 613 
9463 703 
9465 713 
9466 154 
9497 455 
9501 530 
9502 0 
9513 731 
9516 672 
9517 245 
9519 560 
9531 81 
9533 104 
9535 191 
9536 339 
9550 139 
9550 779 
9565 401 
9571 4 
9571 2072 
9579 1655 
9580 1632 
9606 637 
9606 7 
9608 269 
9610 2821 
9622 938 
9630 219 
9644 761 
9653 89 
9660 751 
9662 488 
9663 282 
9666 400 
9669 604 
9670 191 
9678 857 
9681 1629 
9688 204 
9688 166 
9694 24 
9695 429 
9698 168 
9699 1297 
9702 1276 
9702 28 
9711 83 
9718 174 
9721 941 
9727 873 
9728 351 
9730 1009 
9756 82 
9765 1508 
9773 122 
9785 43 
9791 72 
9803 1352 
9817 21 
9818 438 
9828 2894 
9838 639 
9842 1602 
9849 110 
9854 2299 
9857 95 
9868 236 
9875 44 
9880 3 
9902 179 
9908 2736 
9913 160 
9916 241 
9921 35 
9924 2223 
9925 486 
9929 10235 
9936 1959 
9940 556 
9940 42 
9954 556 
9959 194 
9964 228 
9970 6 
9971 356 
9971 1139 
9980 708 
9985 144 
9988 760 
10002 791 
10007 1987 
10012 302 
10020 19 
10025 746 
10040 2 
10044 563 
10046 596 
10053 2 
10071 140 
10072 5434 
10074 853 
10074 1431 
10074 94 
10093 2135 
10112 103 
10115 513 
10116 140 
10117 192 
10122 6966 
10123 257 
10124 170 
10139 641 
10146 191 
10152 142 
10153 265 
10157 588 
10158 1470 
10171 949 
10183 578 
10185 208 
10189 1741 
10197 181 
10198 933 
10214 427 
10217 663 
10225 1429 
10231 84 
10241 1045 
10248 6861 
10248 1483 
10250 2158 
10264 1263 
10276 177 
10308 6 
10308 560 
10321 400 
10356 655 
10361 474 
10362 575 
10368 207 
10374 274 
10376 1410 
10377 507 
10378 88 
10382 170 
10390 453 
10422 736 
10435 600 
10437 279 
10452 713 
10458 1821 
10459 741 
10460 1357 
10460 1075 
10467 698 
10475 152 
10476 929 
10479 271 
10481 230 
10487 40 
10489 1854 
10493 96 
10500 183 
10512 149 
10529 305 
10534 1366 
10536 349 
10537 98 
10537 93 
10539 4 
10553 749 
10558 1296 
10569 564 
10571 2259 
10579 1878 
10592 64 
10596 1315 
10609 2963 
10611 6472 
10618 1845 
10621 1756 
10626 90 
10631 1429 
10637 356 
10640 1227 
10646 594 
10653 1156 
10657 844 
10658 214 
10658 1068 
10659 801 
10662 811 
10665 702 
10671 1173 
10688 413 
10695 585 
10696 49 
10703 6 
10704 5386 
10707 21 
10710 26 
10722 251 
10723 388 
10728 2033 
10732 1239 
10735 158 
10740 89 
10741 303 
10743 56 
10744 178 
10784 2253 
10789 536 
10799 1299 
10813 1586 
10824 488 
10825 543 
10828 376 
10840 292 
10860 225 
10867 947 
10868 191 
10868 328 
10872 408 
10875 21 
10883 216 
10886 8228 
10911 255 
10919 69 
10919 496 
10925 1051 
10931 40 
10935 6979 
10939 68 
10940 703 
10963 1234 
10972 105 
10974 1583 
10977 2411 
10989 1191 
10990 5121 
11012 1384 
11032 718 
11043 992 
11043 368 
11057 1620 
11073 22 
11079 197 
11090 176 
11096 319 
11105 407 
11105 317 
11114 229 
11118 1001 
11126 281 
11132 3408 
11136 230 
11137 439 
11155 623 
11155 554 
11160 781 
11174 1056 
11174 1056 
11192 207 
11192 256 
11192 207 
11192 256 
11194 171 
11194 171 
11198 2536 
11198 2536 
11199 117 
11199 117 
11206 180 
11206 180 
11213 308 
11213 308 
11215 1393 
11215 1393 
11220 4102 
11229 224 
11234 20 
11234 598 
11234 158 
11235 417 
11236 1681 
11239 42 
11244 2362 
11248 359 
11259 393 
11263 64 
11271 596 
11272 732 
11274 1583 
11283 300 
11287 461 
11287 120 
11293 22 
11296 168 
11297 351 
11299 2837 
11307 917 
11310 87 
11311 318 
11313 623 
11322 434 
11323 882 
11331 189 
11344 73 
11354 545 
11357 203 
11360 128 
11361 674 
11365 454 
11374 51 
11376 158 
11378 275 
11386 1515 
11393 11 
11394 64 
11396 133 
11402 169 
11408 220 
11424 846 
11431 156 
11446 167 
11457 31 
11459 384 
11463 118 
11465 503 
11467 928 
11481 1367 
11489 492 
11489 102 
11490 79 
11495 439 
11507 28 
11511 2315 
11525 756 
11538 103 
11542 320 
11551 1221 
11553 631 
11570 645 
11582 155 
11594 208 
11596 165 
11602 3736 
11602 3504 
11607 947 
11616 891 
11628 3614 
11639 2297 
11645 899 
11664 1007 
11667 416 
11668 284 
11674 642 
11681 1989 
11683 536 
11692 19 
11705 577 
11711 4645 
11717 120 
11721 113 
11723 14842 
11726 1060 
11729 739 
11733 163 
11744 885 
11746 689 
11749 67 
11764 534 
11778 227 
11789 79 
11790 193 
11792 276 
11797 122 
11804 223 
11814 39 
11830 33 
11830 1515 
11833 871 
11837 259 
11837 479 
11839 791 
11844 216 
11847 93 
11848 688 
11849 104 
11851 66 
11853 129 
11859 602 
11873 287 
11911 1073 
11913 32 
11923 1352 
11937 18 
11948 1516 
11966 50 
11970 820 
11973 437 
11981 9920 
11987 787 
12001 187 
12011 1170 
12031 192 
12035 1092 
12040 33 
12041 270 
12042 527 
12043 603 
12053 502 
12060 934 
12062 598 
12064 358 
12066 1033 
12069 416 
12087 168 
12089 1383 
12091 223 
12098 84 
12101 405 
12107 40 
12140 1030 
12169 1447 
12171 516 
12186 21 
12193 564 
12195 1631 
12205 242 
12232 1616 
12236 3982 
12240 1259 
12242 22 
12244 731 
12245 570 
12249 934 
12256 1791 
12269 15 
12274 1625 
12280 126 
12302 73 
12315 1109 
12316 832 
12323 53 
12335 1006 
12352 836 
12353 73 
12371 118 
12372 163 
12390 68 
12415 140 
12415 2287 
12419 1120 
12440 748 
12442 977 
12448 48 
12449 238 
12473 0 
12476 4190 
12494 274 
12508 781 
12516 284 
12527 2389 
12555 78 
12558 1078 
12560 36 
12563 723 
12564 559 
12577 594 
12579 105 
12599 352 
12619 3 
12623 47 
12641 8 
12645 2 
12657 7753 
12663 1960 
12663 171 
12671 23 
12681 182 
12691 616 
12693 962 
12693 213 
12696 2138 
12696 618 
12699 52 
12701 292 
12713 2097 
12717 1058 
12723 2010 
12731 2042 
12734 908 
12735 1212 
12749 306 
12750 789 
12751 1193 
12774 63 
12774 35 
12775 47 
12782 220 
12787 142 
12793 41 
12801 216 
12806 655 
12823 941 
12839 218 
12839 1524 
12841 65 
12843 348 
12853 474 
12863 417 
12863 2 
12864 9 
12864 707 
12866 0 
12873 289 
12887 278 
12892 20 
12893 825 
12904 3954 
12907 8668 
12908 36 
12913 544 
12922 392 
12935 288 
12935 9 
12953 15652 
12955 445 
12961 605 
12972 2099 
12978 3622 
12986 82 
12989 91 
12991 1 
13021 491 
13053 45 
13060 13 
13060 761 
13064 287 
13092 1089 
13092 113 
13094 808 
13094 543 
13108 1148 
13114 73 
13116 378 
13117 153 
13123 52 
13127 219 
13128 844 
13136 1241 
13140 75 
13140 1053 
13141 208 
13149 1272 
13154 856 
13155 613 
13164 568 
13166 709 
13186 192 
13186 111 
13191 565 
13195 84 
13210 43 
13214 1157 
13223 554 
13224 1134 
13231 304 
13232 296 
13240 797 
13242 577 
13260 1212 
13292 84 
13292 487 
13294 633 
13295 149 
13305 70 
13310 98 
13313 1403 
13314 846 
13317 151 
13319 979 
13321 490 
13332 118 
13336 858 
13337 16 
13341 10 
13356 74 
13357 551 
13376 1004 
13391 638 
13400 1439 
13403 1543 
13416 98 
13429 988 
13430 174 
13435 852 
13438 2 
13442 102 
13445 472 
13464 333 
13474 242 
13488 308 
13503 427 
13508 515 
13511 107 
13531 14 
13537 480 
13539 152 
13542 1087 
13550 1448 
13561 708 
13563 1110 
13567 249 
13577 2513 
13588 1178 
13588 1130 
13596 847 
13598 284 
13607 376 
13612 73 
13627 170 
13632 158 
13634 760 
13669 625 
13693 274 
13693 2500 
13699 214 
13703 87 
13707 52 
13708 543 
13709 213 
13712 353 
13729 965 
13738 93 
13781 1905 
13791 358 
13797 1454 
13827 43 
13834 7 
13845 801 
13851 1696 
13870 7 
13875 198 
13881 328 
13886 587 
13887 2712 
13889 147 
13900 294 
13901 8112 
13908 694 
13912 1509 
13917 281 
13917 213 
13923 1315 
13944 89 
13950 167 
13958 46 
13958 185 
13972 426 
13994 1283 
13994 445 
14015 5 
14018 701 
14018 82 
14030 1426 
14075 174 
14078 1615 
14081 1112 
14102 417 
14102 305 
14108 1035 
14128 350 
14136 456 
14148 1510 
14151 45 
14153 1139 
14155 1402 
14163 316 
14165 11 
14165 270 
14182 225 
14183 82 
14186 1293 
14206 70 
14206 7 
14212 97 
14225 552 
14238 2317 
14241 147 
14248 347 
14266 274 
14268 416 
14272 128 
14274 761 
14278 105 
14282 1012 
14283 591 
14300 73 
14303 817 
14308 1476 
14311 1264 
14314 1018 
14321 129 
14322 40 
14326 122 
14332 162 
14346 1330 
14347 1363 
14357 517 
14366 908 
14369 387 
14370 473 
14377 469 
14389 590 
14394 386 
14406 401 
14421 624 
14422 25 
14431 125 
14435 599 
14439 218 
14445 277 
14455 1759 
14457 391 
14457 193 
14474 26 
14490 941 
14490 20 
14492 503 
14495 79 
14519 972 
14519 311 
14524 766 
14527 1390 
14539 143 
14542 1118 
14551 896 
14555 510 
14558 1679 
14561 2373 
14584 3338 
14602 446 
14606 613 
14613 450 
14615 676 
14622 10 
14624 772 
14626 100 
14641 250 
14669 429 
14697 352 
14701 93 
14704 1265 
14712 303 
14720 321 
14721 458 
14725 31 
14730 250 
14751 2490 
14768 337 
14774 1098 
14781 236 
14781 1495 
14781 197 
14789 1808 
14790 81 
14793 603 
14803 41 
14812 574 
14814 1904 
14825 59 
14832 87 
14841 1624 
14852 24 
14858 10 
14863 412 
14868 199 
14871 206 
14883 249 
14884 892 
14888 371 
14894 625 
14894 1579 
14903 2552 
14908 189 
14916 1140 
14918 766 
14926 2862 
14927 161 
14934 860 
14934 4565 
14938 11 
14941 1291 
14948 1254 
14977 1170 
14991 1462 
14993 214 
14995 3713 
15006 1150 
15008 855 
15008 101 
15009 0 
15020 87 
15028 5207 
15033 257 
15050 665 
15052 43 
15055 613 
15059 407 
15083 278 
15087 90 
15099 3852 
15104 368 
15114 192 
15121 375 
15121 389 
15122 902 
15133 1318 
15147 300 
15147 7 
15160 349 
15161 1006 
15170 1673 
15171 281 
15172 79 
15174 255 
15179 438 
15190 257 
15202 2035 
15203 31 
15211 265 
15212 326 
15213 5582 
15219 1073 
15222 13 
15223 7 
15230 120 
15231 1554 
15244 951 
15251 781 
15260 1190 
15263 385 
15264 5518 
15265 1756 
15267 122 
15276 356 
15283 10 
15285 1403 
15292 355 
15297 553 
15304 550 
15306 125 
15322 97 
15327 204 
15332 148 
15333 233 
15333 212 
15336 8648 
15348 2595 
15361 72 
15371 319 
15375 855 
15376 1548 
15390 523 
15393 1623 
15393 791 
15394 1365 
15416 343 
15432 260 
15440 1577 
15441 71 
15457 1107 
15468 115 
15471 812 
15478 18 
15483 105 
15484 147 
15486 315 
15493 686 
15493 23 
15500 18 
15517 816 
15518 258 
15525 0 
15527 170 
15541 394 
15555 206 
15564 484 
15568 349 
15588 318 
15596 289 
15599 745 
15603 231 
15604 10 
15612 747 
15627 489 
15633 201 
15639 84 
15647 37 
15655 283 
15662 1890 
15666 794 
15669 344 
15683 1186 
15706 3073 
15717 67 
15727 3390 
15731 196 
15739 3088 
15740 1315 
15741 32 
15754 2939 
15755 383 
15764 531 
15766 383 
15781 339 
15792 220 
15795 335 
15800 181 
15811 895 
15825 50 
15843 269 
15844 978 
15858 786 
15860 989 
15862 1138 
15884 288 
15916 376 
15917 599 
15923 406 
15925 225 
15933 516 
15934 166 
15937 541 
15941 57 
15955 2057 
15957 573 
15982 487 
15994 642 
15997 385 
16006 1060 
16010 1893 
16085 5916 
16087 636 
16099 34 
16103 337 
16103 584 
16121 97 
16130 273 
16132 212 
16146 164 
16149 264 
16159 1536 
16184 871 
16185 580 
16189 705 
16207 188 
16227 545 
16230 609 
16231 475 
16238 409 
16238 251 
16257 324 
16264 228 
16269 767 
16271 59 
16280 690 
16281 3327 
16283 800 
16285 1199 
16286 624 
16291 691 
16315 928 
16317 580 
16326 1484 
16332 468 
16334 12 
16342 409 
16355 177 
16377 417 
16409 110 
16412 21 
16414 347 
16414 2305 
16414 4069 
16418 1032 
16418 515 
16422 949 
16422 217 
16437 9 
16439 180 
16443 59 
16443 489 
16450 415 
16455 1 
16470 340 
16472 418 
16473 235 
16488 1685 
16501 417 
16510 363 
16521 366 
16526 3847 
16533 346 
16547 544 
16551 109 
16559 732 
16566 439 
16593 94 
16646 870 
16650 211 
16659 34 
16668 423 
16671 91 
16672 371 
16680 130 
16681 304 
16705 64 
16713 168 
16732 1048 
16733 906 
16747 537 
16773 1564 
16785 221 
16817 559 
16818 758 
16834 1711 
16841 396 
16865 280 
16878 132 
16885 922 
16890 441 
16898 455 
16913 627 
16920 865 
16923 4736 
16928 59 
16938 992 
16953 703 
16954 43 
16956 3294 
16959 443 
16964 576 
16969 343 
16985 1221 
16988 635 
16990 175 
16993 208 
16998 1474 
17001 311 
17012 221 
17023 131 
17027 14 
17028 1643 
17033 513 
17044 1005 
17051 525 
17062 530 
17076 867 
17094 3172 
17112 474 
17136 814 
17136 917 
17155 86 
17157 657 
17166 474 
17172 64 
17173 775 
17181 165 
17183 1022 
17184 3442 
17198 1519 
17203 89 
17205 360 
17218 188 
17228 795 
17243 1665 
17269 1258 
17277 598 
17277 1129 
17291 479 
17304 163 
17320 223 
17344 3057 
17348 20 
17352 329 
17359 513 
17362 1564 
17366 829 
17392 2838 
17395 629 
17395 2269 
17399 220 
17400 6 
17405 1062 
17413 1196 
17421 5 
17427 363 
17431 1608 
17432 1523 
17443 1034 
17450 109 
17454 1655 
17477 2656 
17510 82 
17511 138 
17515 278 
17527 258 
17546 1167 
17588 430 
17601 2095 
17603 229 
17610 354 
17634 511 
17639 778 
17642 106 
17657 557 
17681 486 
17688 133 
17691 385 
17694 312 
17724 894 
17727 1 
17750 0 
17753 790 
17780 318 
17788 281 
17788 2190 
17857 838 
17864 1190 
17868 187 
17871 26933 
17911 1076 
17917 1362 
17942 812 
17947 1072 
17965 848 
17988 801 
17993 3592 
17997 253 
18013 408 
18015 372 
18019 521 
18020 532 
18026 67 
18066 697 
18066 1245 
18078 287 
18086 1218 
18087 216 
18089 256 
18102 1555 
18107 6944 
18117 455 
18125 297 
18130 1125 
18130 1356 
18131 114 
18138 733 
18145 171 
18147 262 
18153 37 
18159 110 
18159 82 
18166 906 
18175 712 
18210 1041 
18215 264 
18221 61 
18227 903 
18261 236 
18261 288 
18265 114 
18270 1169 
18306 290 
18309 234 
18316 1873 
18333 195 
18335 29 
18342 308 
18376 136 
18379 1308 
18398 2243 
18416 96 
18435 1259 
18450 936 
18461 1024 
18465 281 
18495 127 
18508 438 
18517 195 
18522 37 
18556 84 
18561 486 
18578 2881 
18602 775 
18604 419 
18623 752 
18635 1511 
18666 44 
18687 59 
18691 2653 
18697 24 
18697 9 
18698 1957 
18703 7 
18706 1749 
18722 525 
18792 742 
18798 42 
18817 40 
18846 127 
18856 1738 
18863 375 
18871 2483 
18875 66 
18900 2278 
18905 646 
18918 15 
18921 1398 
18949 105 
18956 943 
18965 60 
18971 2896 
18976 239 
18998 24 
19009 227 
19015 254 
19022 2241 
19053 96 
19057 156 
19058 3533 
19071 1295 
19092 155 
19095 703 
19098 420 
19101 0 
19102 630 
19104 3930 
19115 647 
19169 65 
19176 1000 
19179 35 
19186 165 
19212 2652 
19214 2461 
19224 3 
19257 483 
19258 6210 
19269 500 
19272 1708 
19327 235 
19328 137 
19332 757 
19361 35 
19364 15 
19367 291 
19372 374 
19384 285 
19446 136 
19469 1145 
19480 446 
19491 259 
19506 22 
19515 325 
19516 2499 
19523 209 
19539 97 
19539 1038 
19554 107 
19555 96 
19562 40 
19565 5547 
19571 3483 
19571 194 
19604 235 
19617 171 
19634 71 
19638 1042 
19641 851 
19644 947 
19647 335 
19649 7905 
19649 1313 
19650 0 
19664 3926 
19675 763 
19677 2885 
19678 444 
19694 282 
19698 1586 
19724 121 
19742 356 
19751 198 
19765 49 
19766 5572 
19766 2076 
19774 112 
19781 5147 
19784 769 
19793 380 
19801 1063 
19805 1143 
19807 860 
19815 225 
19820 396 
19822 79 
19824 1748 
19825 1924 
19828 738 
19833 104 
19841 394 
19841 3778 
19845 1862 
19856 321 
19858 759 
19866 372 
19874 698 
19899 1082 
19899 1144 
19912 803 
19915 1061 
19917 675 
19920 1799 
19940 100 
19943 81 
19945 503 
19946 2457 
19970 642 
19976 4053 
19986 1662 
19987 43 
19987 861 
19987 67 
19993 501 
19996 198 
19999 704 
20000 591 
20001 135 
20031 1360 
20035 9324 
20040 30 
20053 1745 
20054 446 
20068 1020 
20073 378 
20083 125 
20087 775 
20111 18 
20111 322 
20114 656 
20122 1026 
20127 317 
20130 643 
20147 481 
20157 4859 
20172 1904 
20185 3228 
20186 858 
20194 193 
20203 44 
20219 1844 
20226 976 
20228 208 
20234 1005 
20240 1387 
20242 332 
20243 143 
20245 46 
20254 945 
20257 262 
20262 1805 
20264 172 
20273 37 
20285 225 
20285 1105 
20292 475 
20294 907 
20329 121 
20330 56 
20335 47 
20345 43 
20347 0 
20348 36 
20354 7827 
20358 2841 
20364 375 
20377 91 
20381 125 
20397 415 
20399 224 
20427 1815 
20434 309 
20437 547 
20444 200 
20457 190 
20462 64 
20463 87 
20494 755 
20495 417 
20513 253 
20519 2 
20521 60 
20523 1036 
20548 50 
20554 422 
20571 1399 
20576 20 
20591 1161 
20609 2231 
20621 291 
20629 1690 
20636 1250 
20661 183 
20672 384 
20672 377 
20673 1596 
20693 2116 
20812 476 
20821 230 
20826 415 
20833 7 
20841 1155 
20856 579 
20857 1345 
20871 319 
20877 1218 
20891 261 
20892 123 
20901 1030 
20905 522 
20924 83 
20934 195 
20943 434 
20952 677 
20975 907 
20978 478 
20996 17 
21000 721 
21001 625 
21001 47 
21012 141 
21017 154 
21020 6548 
21046 4791 
21064 1210 
21096 288 
21101 322 
21107 37 
21113 411 
21131 34 
21147 46 
21151 99 
21202 64 
21245 678 
21245 184 
21283 553 
21291 5560 
21299 118 
21311 144 
21313 0 
21316 225 
21336 928 
21353 2247 
21361 334 
21363 1189 
21374 420 
21398 332 
21400 1655 
21405 321 
21406 1587 
21407 64 
21412 976 
21424 571 
21430 1129 
21432 134 
21435 438 
21441 228 
21450 237 
21452 223 
21460 1064 
21463 161 
21468 6543 
21470 859 
21481 153 
21487 273 
21501 576 
21502 801 
21504 609 
21518 1549 
21520 439 
21544 2205 
21554 462 
21554 247 
21566 255 
21568 58 
21570 212 
21596 780 
21642 231 
21680 530 
21680 1457 
21682 294 
21687 714 
21688 4 
21701 249 
21705 893 
21745 20 
21753 124 
21755 27 
21811 158 
21841 2318 
21855 517 
21856 195 
21899 219 
21957 502 
21958 20 
21988 897 
22000 434 
22007 387 
22008 46 
22010 1367 
22011 5578 
22012 3445 
22013 178 
22013 1516 
22019 550 
22030 2767 
22031 156 
22039 2438 
22045 178 
22049 1192 
22074 209 
22084 704 
22092 215 
22099 4181 
22102 321 
22115 810 
22128 25 
22131 653 
22147 47 
22202 434 
22215 145 
22216 92 
22218 390 
22220 705 
22236 643 
22238 1112 
22248 595 
22249 1565 
22269 30 
22270 9666 
22271 209 
22272 1702 
22285 7 
22322 665 
22330 667 
22340 978 
22341 237 
22367 1236 
22372 2009 
22389 196 
22411 241 
22421 1609 
22434 471 
22445 258 
22449 615 
22451 209 
22452 113 
22455 150 
22458 120 
22486 398 
22487 110 
22488 29 
22493 14589 
22493 699 
22509 1220 
22519 187 
22524 685 
22528 4049 
22546 547 
22567 828 
22573 11 
22581 1017 
22639 506 
22646 875 
22663 1597 
22663 684 
22664 361 
22667 406 
22667 1223 
22668 278 
22687 1764 
22699 35 
22705 111 
22705 127 
22710 279 
22723 281 
22724 1729 
22732 2869 
22737 64 
22737 1658 
22748 24 
22748 1133 
22756 990 
22768 2501 
22770 343 
22776 374 
22787 804 
22787 345 
22789 891 
22795 1271 
22796 224 
22797 1745 
22821 994 
22831 449 
22857 1021 
22860 539 
22862 49 
22872 234 
22874 1244 
22876 69 
22877 16 
22890 58 
22899 152 
22927 145 
22936 139 
22948 245 
22955 719 
22993 139 
23020 411 
23045 437 
23053 1266 
23060 3445 
23063 225 
23065 41 
23096 785 
23109 514 
23111 25 
23113 1209 
23128 3168 
23129 991 
23133 5721 
23149 92 
23174 932 
23180 289 
23183 561 
23191 969 
23192 1016 
23196 602 
23199 1585 
23213 247 
23219 1883 
23236 10639 
23246 562 
23259 50 
23285 1527 
23300 958 
23304 259 
23316 815 
23317 426 
23373 54 
23379 416 
23380 255 
23385 1728 
23399 327 
23415 16 
23457 107 
23457 905 
23459 273 
23464 91 
23468 122 
23474 50 
23486 332 
23493 302 
23504 905 
23530 82 
23532 306 
23535 78 
23538 74 
23562 56 
23565 294 
23565 1340 
23587 126 
23591 1407 
23597 573 
23614 1649 
23628 467 
23638 434 
23668 351 
23683 159 
23694 461 
23694 1594 
23702 2847 
23708 191 
23711 945 
23719 220 
23726 1239 
23730 1803 
23734 1320 
23765 22 
23792 745 
23798 471 
23817 984 
23821 530 
23823 1005 
23860 556 
23911 1428 
23916 4 
23922 664 
23933 9 
23947 375 
23967 32 
23990 139 
24006 1856 
24015 844 
24018 29 
24018 608 
24052 281 
24073 230 
24117 1165 
24126 1518 
24136 50 
24147 928 
24159 666 
24171 520 
24214 58 
24254 1456 
24271 864 
24283 904 
24291 179 
24297 1572 
24301 834 
24313 137 
24319 48 
24353 796 
24354 199 
24371 36 
24377 6345 
24398 1486 
24400 78 
24409 381 
24411 667 
24412 994 
24416 712 
24421 743 
24436 982 
24440 193 
24453 164 
24456 9 
24464 286 
24471 1772 
24488 192 
24496 756 
24507 1409 
24519 640 
24527 3234 
24571 583 
24595 263 
24648 795 
24654 334 
24692 405 
24705 132 
24721 202 
24724 412 
24727 786 
24733 490 
24743 909 
24747 22 
24784 36 
24803 1159 
24805 1097 
24823 102 
24831 225 
24834 866 
24842 1490 
24883 389 
24891 344 
24892 1151 
24908 203 
24920 930 
24942 64 
24955 736 
24986 1187 
25041 748 
25059 636 
25065 129 
25079 2814 
25106 1548 
25148 159 
25156 860 
25166 425 
25170 6082 
25174 118 
25193 921 
25224 226 
25238 691 
25238 267 
25241 5183 
25251 284 
25291 6455 
25305 7 
25321 1019 
25323 111 
25333 310 
25386 1002 
25386 11 
25428 832 
25438 317 
25441 250 
25473 559 
25525 1587 
25568 376 
25614 13 
25646 1389 
25723 180 
25729 91 
25805 107 
25861 2376 
25870 863 
25876 382 
25899 984 
25934 83 
25965 2970 
26007 315 
26010 485 
26036 2117 
26042 662 
26056 66 
26062 404 
26064 787 
26098 19 
26102 705 
26135 307 
26143 390 
26145 558 
26157 218 
26158 945 
26160 192 
26174 8307 
26203 2332 
26221 103 
26229 43 
26292 169 
26329 642 
26332 1103 
26337 3346 
26378 1 
26394 1906 
26394 1635 
26400 241 
26417 248 
26417 248 
26420 183 
26420 183 
26442 404 
26442 404 
26470 124 
26470 193 
26470 193 
26470 124 
26487 37 
26497 642 
26515 38 
26522 616 
26611 9192 
26636 6600 
26639 501 
26709 46 
26716 281 
26741 47 
26812 331 
26865 776 
26919 1324 
26929 289 
26947 361 
26984 2115 
27016 71 
27048 64 
27050 189 
27087 24 
27124 1119 
27136 403 
27147 15 
27148 407 
27160 1905 
27172 1086 
27176 439 
27209 57 
27234 327 
27243 40 
27266 350 
27297 535 
27299 715 
27321 42 
27340 1347 
27352 291 
27357 638 
27377 436 
27379 55 
27380 105 
27384 148 
27385 233 
27442 164 
27474 1400 
27514 192 
27523 173 
27527 909 
27554 616 
27576 1161 
27601 184 
27637 370 
27644 598 
27645 885 
27689 416 
27698 203 
27713 13 
27720 1360 
27778 774 
27787 31 
27788 897 
27791 905 
27814 205 
27817 549 
27842 124 
27880 124 
27891 106 
27940 2558 
27945 199 
27960 1235 
28015 1610 
28062 333 
28120 787 
28144 1102 
28197 644 
28234 420 
28250 78 
28274 1167 
28276 235 
28371 1454 
28385 572 
28386 392 
28389 928 
28397 438 
28428 500 
28437 66 
28485 447 
28488 216 
28517 851 
28603 663 
28605 56 
28621 51 
28622 174 
28652 17 
28711 1385 
28728 771 
28728 1227 
28739 32 
28742 427 
28747 510 
28751 140 
28795 342 
28813 415 
28833 165 
28974 44 
28975 1684 
29012 394 
29115 212 
29163 557 
29247 5 
29287 2123 
29293 451 
29317 635 
29354 1277 
29384 79 
29496 2761 
29503 1790 
29524 12 
29525 3292 
29531 747 
29533 2405 
29695 266 
29695 329 
29696 510 
29700 220 
29716 1415 
29726 1261 
29780 26 
29781 715 
29932 74 
30025 553 
30026 6 
30029 981 
30056 98 
30063 110 
30113 180 
30207 893 
30260 912 
30323 114 
30339 755 
30419 834 
30533 1146 
30554 61 
30578 2403 
30586 415 
30616 1040 
30619 30796 
30648 192 
30660 94 
30668 2477 
30673 692 
30742 53 
30746 273 
30798 301 
30813 93 
30938 431 
30982 412 
30988 779 
31030 1365 
31038 60 
31043 349 
31091 30 
31181 552 
31249 1130 
31282 524 
31375 866 
31381 2065 
31399 589 
31507 2128 
31522 502 
31554 176 
31561 194 
31628 14201 
31648 2465 
31651 1121 
31705 226 
31712 1663 
31721 454 
31730 1757 
31737 678 
31770 1733 
31795 54 
31860 610 
31867 408 
31926 1020 
31940 4513 
31966 746 
32039 14 
32176 118 
32208 7386 
32213 120 
32241 903 
32248 345 
32270 461 
32291 934 
32335 874 
32343 56 
32361 42 
32375 176 
32391 509 
32396 387 
32407 223 
32437 579 
32443 806 
32479 222 
32489 994 
32528 41030 
32581 1299 
32590 2122 
32633 5147 
32639 43 
32640 786 
32646 836 
32676 251 
32690 2606 
32694 122 
32708 390 
32709 1193 
32714 630 
32743 209 
32808 39 
32898 12 
32919 105 
32990 1860 
33043 8 
33130 685 
33137 3 
33144 161 
33160 8407 
33170 1048 
33220 769 
33269 159 
33348 661 
33363 1130 
33442 468 
33488 189 
33533 284 
33571 1218 
33686 1305 
33793 635 
33801 720 
33810 514 
33821 296 
33888 247 
33899 366 
33910 222 
33940 569 
33943 644 
33981 649 
33996 307 
34059 120 
34082 116 
34094 388 
34117 81 
34121 544 
34179 1264 
34218 332 
34274 153 
34295 982 
34327 123 
34349 70 
34407 207 
34543 96 
34596 716 
34618 244 
34659 1020 
34698 872 
34795 752 
34827 0 
34850 1521 
34903 439 
34950 672 
34957 198 
34965 1961 
35039 406 
35142 75 
35165 67 
35243 140 
35253 1277 
35255 747 
35258 288 
35258 26 
35268 287 
35329 411 
35362 138 
35391 71 
35392 927 
35398 580 
35444 765 
35451 516 
35471 564 
35478 1250 
35567 72 
35577 449 
35597 51 
35614 898 
35734 483 
35760 335 
35770 135 
35777 36 
35778 2671 
35786 346 
35916 803 
35916 0 
35938 605 
35939 347 
36033 755 
36110 443 
36115 521 
36126 1990 
36154 115 
36159 1125 
36215 254 
36229 2307 
36244 633 
36300 2070 
36333 151 
36354 660 
36419 1207 
36500 666 
36532 686 
36575 313 
36580 2474 
36641 1029 
36672 886 
36706 445 
36737 1159 
36743 303 
36771 2298 
36793 105 
36881 203 
36913 299 
36933 6731 
36962 16 
37083 830 
37192 3394 
37247 983 
37275 9 
37300 2127 
37321 132 
37335 970 
37351 2198 
37365 223 
37365 1806 
37436 2033 
37451 639 
37458 9048 
37477 949 
37501 5541 
37523 1948 
37599 912 
37599 429 
37647 482 
37654 1101 
37661 1403 
37763 359 
37766 359 
37808 679 
37824 318 
37825 1647 
37836 2164 
37878 1882 
37924 228 
38049 190 
38051 1751 
38064 653 
38127 1373 
38155 12 
38227 719 
38252 204 
38257 911 
38288 343 
38305 447 
38345 38 
38395 1313 
38430 5145 
38456 1290 
38486 233 
38511 3291 
38513 1378 
38524 83 
38530 895 
38551 652 
38597 242 
38626 11 
38683 326 
38685 1201 
38696 1403 
38712 1420 
38764 1323 
38778 345 
38780 428 
38786 101 
38805 2097 
38848 833 
38866 54 
38873 1533 
38877 595 
38880 319 
38919 111 
38926 1534 
38987 247 
38992 169 
39021 113 
39029 20833 
39064 785 
39076 622 
39078 1383 
39113 356 
39208 1322 
39233 556 
39252 159 
39279 41692 
39332 858 
39351 38 
39380 264 
39424 230 
39450 4847 
39458 189 
39465 497 
39496 1484 
39500 1490 
39511 749 
39556 949 
39559 793 
39638 847 
39664 838 
39685 279 
39722 1676 
39741 63 
39750 299 
39750 360 
39810 1530 
39847 527 
39857 192 
39877 141 
39878 765 
39886 1054 
39891 297 
39943 10673 
39958 210 
39996 88 
40045 440 
40071 832 
40118 161 
40149 159 
40201 1079 
40208 127 
40234 817 
40258 1307 
40274 1331 
40317 285 
40324 1073 
40326 57 
40335 443 
40346 1304 
40362 1058 
40363 334 
40364 1268 
40405 2001 
40457 1006 
40465 162 
40474 845 
40483 1184 
40485 1623 
40522 752 
40550 152 
40589 2792 
40598 414 
40670 358 
40672 1668 
40716 277 
40728 1250 
40748 134 
40843 519 
40861 859 
40870 189 
40876 507 
40876 572 
40891 1115 
40899 81 
40910 1992 
40911 788 
40931 382 
40992 319 
40999 1143 
41019 283 
41079 304 
41079 377 
41093 1592 
41123 936 
41125 722 
41144 2384 
41153 309 
41158 206 
41181 1068 
41220 1035 
41235 1110 
41252 0 
41255 3466 
41292 1347 
41293 704 
41301 1282 
41370 648 
41402 786 
41433 59 
41472 51 
41481 976 
41509 711 
41512 251 
41517 435 
41519 731 
41560 1328 
41564 533 
41585 914 
41636 3560 
41740 412 
41774 11084 
41823 659 
41840 114 
41860 427 
41866 744 
41891 1063 
41907 45 
41907 45 
41919 153 
41919 153 
41994 219 
41994 219 
42000 20 
42011 1184 
42012 1084 
42031 130 
42052 1536 
42052 917 
42066 664 
42075 221 
42095 1035 
42098 133 
42109 449 
42123 1928 
42160 685 
42182 75 
42190 1001 
42190 847 
42197 769 
42210 3 
42221 3408 
42287 242 
42308 682 
42319 480 
42363 621 
42374 1659 
42393 234 
42454 743 
42498 1869 
42519 387 
42606 305 
42617 45 
42621 410 
42623 256 
42650 445 
42686 5309 
42734 284 
42771 552 
42871 2015 
42877 579 
42890 1854 
42929 2578 
42931 446 
42993 1447 
43001 119 
43002 238 
43047 2477 
43057 1109 
43060 69 
43066 2600 
43075 652 
43081 181 
43082 2007 
43090 1426 
43096 904 
43097 740 
43128 634 
43143 369 
43144 1294 
43158 670 
43164 136 
43180 113257 
43198 337 
43266 777 
43296 268 
43344 306 
43408 1367 
43418 121 
43419 1251 
43485 855 
43497 1137 
43503 3601 
43511 2594 
43535 647 
43557 2493 
43578 436 
43592 365 
43610 2641 
43612 48 
43661 4550 
43664 835 
43671 600 
43684 150 
43723 334 
43723 257 
43739 593 
43740 367 
43771 156 
43777 3611 
43789 539 
43805 553 
43881 275 
43917 196 
43926 1376 
43974 239 
43977 1401 
43982 2472 
43982 1784 
44028 265 
44081 354 
44084 8464 
44095 32 
44100 506 
44114 1251 
44130 2398 
44164 1243 
44174 500 
44178 178 
44195 722 
44207 397 
44232 1810 
44256 128 
44315 248 
44334 202 
44359 1852 
44422 713 
44479 207 
44509 660 
44517 1084 
44525 3 
44608 5258 
44617 752 
44642 1266 
44653 4389 
44681 1323 
44707 767 
44708 723 
44728 1194 
44734 763 
44742 866 
44750 301 
44763 9255 
44772 577 
44787 11415 
44893 1050 
44907 1123 
44909 1017 
44941 1113 
44944 1427 
44965 334 
44992 594 
45006 593 
45010 485 
45016 364 
45028 261 
45049 1876 
45054 810 
45058 1107 
45071 3267 
45093 681 
45159 2179 
45165 238 
45172 75 
45190 1546 
45209 245 
45294 618 
45330 1175 
45351 302 
45364 0 
45412 4449 
45418 1601 
45418 5480 
45443 1288 
45447 1018 
45595 453 
45634 1233 
45649 161 
45654 473 
45671 1096 
45689 2029 
45691 205 
45707 641 
45735 213 
45755 618 
45802 483 
45810 2512 
45836 87 
45846 258 
45867 227 
45916 780 
45924 669 
45942 1211 
46000 983 
46009 2357 
46134 52 
46150 1183 
46152 631 
46189 739 
46193 1001 
46271 1417 
46344 1369 
46365 12 
46381 209 
46385 860 
46431 962 
46434 267 
46444 584 
46541 940 
46553 295 
46573 1585 
46608 1164 
46637 869 
46637 1504 
46688 2090 
46690 436 
46743 1995 
46753 185 
46784 471 
46849 177 
46872 172 
46972 5 
47058 496 
47062 2214 
47076 1092 
47116 357 
47158 937 
47160 2975 
47162 4 
47176 264 
47196 274 
47199 130 
47209 859 
47219 59 
47247 384 
47294 964 
47326 4081 
47333 1149 
47349 726 
47353 192 
47472 488 
47474 183 
47503 1362 
47527 801 
47540 192 
47576 571 
47586 1006 
47590 164 
47615 37 
47645 1255 
47662 2001 
47686 142 
47700 53 
47724 3624 
47734 195 
47751 2350 
47752 625 
47791 130 
47796 633 
47827 337 
47829 1909 
47837 92 
47864 5254 
47908 6378 
47933 698 
47940 250 
47962 352 
47978 0 
47993 191 
48046 100 
48109 448 
48124 133 
48126 727 
48136 2685 
48149 929 
48156 1121 
48156 830 
48205 2577 
48227 1798 
48241 33753 
48299 1017 
48365 5615 
48376 768 
48387 396 
48417 1638 
48441 1737 
48487 4383 
48553 664 
48554 137 
48602 328 
48689 1120 
48735 1442 
48764 36 
48780 1427 
48841 463 
48853 448 
48911 860 
48916 709 
48925 1544 
48943 631 
48954 413 
49003 2154 
49003 1119 
49039 679 
49156 21 
49191 1564 
49206 2297 
49270 1943 
49300 2186 
49315 221 
49348 2061 
49357 2618 
49417 849 
49436 1702 
49447 138 
49479 459 
49517 381 
49528 687 
49571 1210 
49603 1566 
49624 460 
49625 1985 
49646 320 
49651 1789 
49668 230 
49673 1588 
49689 321 
49725 2006 
49727 1750 
49761 259 
49774 1182 
49788 252 
49802 642 
49816 526 
49823 665 
49827 549 
49827 2874 
49857 1060 
49886 1416 
49896 1272 
49911 113 
49916 1441 
49944 762 
49982 499 
49995 2275 
50012 193 
50023 562 
50121 722 
50128 684 
50177 252 
50195 839 
50244 1903 
50280 159 
50287 1181 
50315 1051 
50320 895 
50325 1623 
50357 1136 
50456 1168 
50459 1316 
50520 1020 
50551 1174 
50573 302 
50617 1095 
50650 623 
50675 613 
50691 1585 
50694 513 
50734 589 
50737 8 
50744 1583 
50747 948 
50755 287 
50787 545 
50805 82 
50837 1341 
50839 1015 
50894 661 
50911 118 
50920 1028 
51044 218 
51055 288 
51077 836 
51123 39 
51166 702 
51169 1644 
51174 280 
51185 1350 
51202 1717 
51262 277 
51303 68 
51399 1288 
51463 226 
51485 86 
51570 451 
51619 20 
51623 424 
51636 1026 
51649 248 
51658 153 
51677 112 
51736 1500 
51743 2031 
51784 136 
51821 2322 
51886 340 
51889 100 
51915 902 
51931 8074 
51994 1056 
52015 584 
52110 265 
52113 1523 
52158 259 
52199 1214 
52267 588 
52306 1616 
52355 243 
52372 1188 
52454 535 
52490 1459 
52553 260 
52562 847 
52573 117 
52580 833 
52604 25 
52630 801 
52642 1567 
52656 1639 
52708 321 
52727 1851 
52780 871 
52796 1804 
52796 1018 
52814 3517 
52837 1100 
52935 1035 
52938 1490 
52958 1294 
52968 228 
53039 29 
53043 835 
53127 73 
53206 378 
53211 1644 
53263 426 
53264 1026 
53295 302 
53312 481 
53329 1289 
53371 540 
53444 834 
53522 3724 
53541 15 
53555 8 
53630 1048 
53648 517 
53677 436 
53679 899 
53687 373 
53706 449 
53733 1030 
53739 319 
53739 202 
53805 1230 
53817 514 
53844 917 
53844 15 
53961 2 
53979 520 
54004 156 
54014 1277 
54037 53 
54075 99 
54119 257 
54139 695 
54153 108 
54162 629 
54190 805 
54202 581 
54252 1305 
54273 7617 
54286 1684 
54297 37 
54322 1371 
54431 208 
54470 336 
54472 235 
54492 275 
54573 828 
54587 19 
54632 6 
54646 12397 
54669 956 
54719 1224 
54772 1287 
54782 29 
54790 1018 
54797 1635 
54831 294 
54893 57 
54969 7890 
54977 1092 
54983 174 
55005 326 
55041 439 
55078 145 
55080 269 
55167 784 
55180 594 
55212 61 
55243 476 
55249 129 
55304 710 
55309 1265 
55393 929 
55393 929 
55446 830 
55446 830 
55453 843 
55453 843 
55478 297 
55508 911 
55519 118 
55543 1173 
55569 4 
55573 17 
55590 17 
55619 578 
55643 840 
55647 1643 
55683 389 
55731 901 
55741 2474 
55746 434 
55796 107 
55799 5115 
55815 1459 
55879 35 
55888 1707 
55891 730 
55933 286 
55940 1899 
55961 20 
55973 12131 
56023 6118 
56091 1119 
56105 771 
56180 134 
56227 931 
56234 2405 
56268 429 
56301 2055 
56352 3336 
56402 431 
56410 3565 
56410 337 
56413 934 
56415 3320 
56419 1203 
56480 374 
56490 417 
56492 915 
56509 542 
56627 279 
56638 1232 
56646 157 
56654 261 
56655 946 
56684 795 
56721 774 
56754 517 
56784 835 
56813 2244 
56855 87 
56863 712 
56869 2958 
56871 913 
56881 419 
56908 580 
56963 3798 
56987 1949 
57024 584 
57057 236 
57114 2531 
57129 776 
57165 1310 
57176 97 
57266 78 
57291 351 
57304 258 
57349 646 
57400 946 
57400 200 
57437 92 
57442 225 
57443 1637 
57457 664 
57472 89 
57478 607 
57481 52 
57502 15668 
57523 95 
57539 2262 
57582 878 
57590 1000 
57603 57 
57614 312 
57615 33 
57636 681 
57664 6238 
57695 555 
57713 1821 
57723 8819 
57755 1082 
57765 308 
57782 1889 
57832 158 
57856 124 
57898 434 
57900 2736 
57911 107 
57931 1293 
57958 427 
58037 356 
58074 92 
58164 1653 
58165 257 
58191 173 
58208 193 
58221 506 
58255 680 
58318 573 
58337 1914 
58339 2945 
58345 614 
58381 3156 
58385 613 
58432 629 
58439 1351 
58466 1176 
58468 1227 
58503 253 
58507 433 
58530 1133 
58619 633 
58626 301 
58648 90 
58663 782 
58694 31 
58711 3431 
58783 279 
58793 516 
58797 131 
58810 45 
58859 272 
58879 4002 
58943 980 
58981 61 
58995 574 
59118 116 
59154 1521 
59175 1505 
59209 2826 
59220 305 
59275 826 
59275 56 
59286 1138 
59317 499 
59335 7 
59346 562 
59375 369 
59390 82 
59454 335 
59494 1156 
59594 278 
59662 135 
59680 53 
59684 401 
59711 163 
59724 706 
59738 139 
59760 801 
59810 500 
59873 3308 
59900 808 
59967 371 
59968 2616 
59977 320 
59982 1147 
59986 184 
59993 1339 
59997 109 
60054 11 
60079 1324 
60108 1397 
60136 125 
60165 1133 
60168 527 
60203 380 
60235 1238 
60244 232 
60310 1681 
60330 295 
60341 115 
60398 891 
60409 46081 
60412 2075 
60433 1016 
60448 66 
60469 1523 
60470 569 
60510 107 
60610 4323 
60665 1001 
60671 878 
60720 913 
60743 143 
60820 12 
60823 462 
60837 2987 
60859 1003 
60904 244 
60929 1665 
60949 926 
60980 23 
61042 839 
61050 93 
61073 270 
61100 701 
61106 756 
61208 887 
61224 262 
61229 558 
61328 120 
61328 465 
61339 1593 
61367 280 
61372 822 
61393 84 
61419 8 
61446 531 
61457 225 
61466 380 
61467 1587 
61534 237 
61568 3027 
61602 692 
61604 4972 
61642 1274 
61685 123 
61723 475 
61777 1166 
61779 148 
61788 859 
61789 815 
61854 219 
61858 70 
61925 326 
61965 154 
61986 383 
62008 787 
62059 163 
62074 2604 
62116 374 
62129 847 
62139 1154 
62157 3132 
62182 1786 
62191 28 
62200 1445 
62221 1486 
62262 486 
62307 465 
62321 1204 
62465 453 
62515 40 
62536 249 
62553 828 
62565 661 
62658 211 
62689 1023 
62778 2076 
62803 824 
62849 4416 
62945 1775 
62964 703 
63041 856 
63071 34 
63076 765 
63087 1473 
63128 861 
63179 39 
63245 431 
63281 256 
63289 112 
63299 744 
63306 425 
63380 905 
63389 120 
63497 204 
63596 478 
63642 1309 
63663 258 
63674 756 
63677 2411 
63680 1096 
63692 5373 
63698 935 
63789 2693 
63808 557 
63866 867 
63869 812 
63906 312 
63932 116 
63946 24 
63988 250 
64020 712 
64157 2714 
64175 118 
64177 1594 
64216 1238 
64223 23 
64231 229 
64232 9 
64262 848 
64321 9167 
64380 968 
64397 1708 
64398 2789 
64427 2506 
64482 76 
64485 801 
64486 166 
64500 956 
64503 235 
64540 77 
64621 120 
64622 1355 
64651 1034 
64656 623 
64696 4 
64710 226 
64713 4667 
64824 2968 
64830 153 
64903 1608 
64909 404 
64923 22 
65116 1658 
65157 1890 
65201 8 
65210 37 
65269 361 
65288 1413 
65315 12 
65368 405 
65380 1120 
65395 5745 
65452 3260 
65501 59 
65518 1521 
65600 550 
65601 309 
65656 99 
65674 62 
65701 216 
65709 158 
65713 1255 
65717 1760 
65718 2421 
65729 1332 
65730 3432 
65748 405 
65792 7233 
65836 190 
65893 800 
65918 11 
65927 2813 
65933 94 
65939 48 
65994 818 
66009 1510 
66052 255 
66064 114 
66084 646 
66099 1921 
66106 113 
66112 1292 
66115 649 
66121 211 
66147 305 
66152 244 
66190 2784 
66223 7128 
66352 342 
66360 217 
66425 228 
66449 1253 
66478 72 
66540 1064 
66586 565 
66706 417 
66721 289 
66756 130 
66758 156 
66778 156 
66795 276 
66830 25 
66910 155 
66926 431 
66972 2067 
67007 138 
67063 280 
67076 1230 
67092 681 
67161 200 
67185 454 
67192 222 
67290 110 
67376 287 
67378 414 
67432 739 
67467 1136 
67503 4358 
67590 982 
67639 947 
67648 3717 
67670 594 
67697 546 
67744 339 
67758 4805 
67790 10759 
67797 10 
67823 446 
67826 105 
67881 604 
67894 35 
67901 555 
67942 1393 
67980 888 
67990 889 
68015 1229 
68027 2198 
68034 1595 
68052 484 
68064 163 
68119 2775 
68174 537 
68175 201 
68281 181 
68286 233 
68382 215 
68421 228 
68453 131 
68465 3351 
68545 557 
68556 105 
68564 175 
68570 1032 
68607 256 
68648 1269 
68667 194 
68711 2093 
68712 112 
68726 8 
68727 1268 
68738 1557 
68749 7335 
68822 155 
68853 440 
68873 432 
68878 1831 
68919 310 
68920 329 
68938 5 
68964 1953 
68985 32 
68992 1273 
69020 688 
69071 155 
69106 27 
69117 143 
69145 421 
69167 30 
69197 1604 
69221 628 
69324 2046 
69452 511 
69454 140 
69459 953 
69473 389 
69637 945 
69658 968 
69667 1342 
69708 936 
69747 468 
69763 225 
69789 893 
69792 33 
69826 1160 
69869 1121 
69879 2 
69892 590 
69917 111 
69925 94 
69925 94 
69954 1384 
69954 1384 
69956 199 
69956 199 
69974 4374 
69979 765 
69984 971 
70039 602 
70095 125 
70103 988 
70172 89 
70205 1091 
70233 1593 
70262 227 
70313 1198 
70315 405 
70338 855 
70410 1629 
70415 1060 
70417 543 
70436 120 
70487 2012 
70722 103 
70731 260 
70732 2060 
70762 951 
70785 1349 
70786 1896 
70905 339 
70998 201 
71005 587 
71055 521 
71093 8852 
71109 1141 
71115 296 
71131 1068 
71172 540 
71181 432 
71201 363 
71226 852 
71237 300 
71262 668 
71294 380 
71298 928 
71312 638 
71334 1029 
71359 47 
71381 584 
71412 644 
71474 348 
71476 56 
71584 68 
71631 676 
71647 15 
71682 447 
71728 601 
71757 1799 
71823 769 
71827 2810 
71843 381 
71852 633 
71853 1053 
71871 247 
71872 540 
71883 10 
71887 1072 
71891 865 
71905 385 
71965 785 
72008 402 
72070 308 
72121 2663 
72176 832 
72183 1433 
72222 554 
72312 784 
72354 2463 
72430 84 
72461 113 
72480 447 
72489 1036 
72523 757 
72547 3305 
72590 741 
72597 508 
72599 369 
72614 26 
72625 1098 
72749 1589 
72771 18660 
72783 485 
72819 166 
72831 440 
72831 383 
72832 3362 
72847 572 
72868 627 
72876 185 
72887 104 
72907 2 
72927 18 
72932 1892 
72944 57 
73041 597 
73046 373 
73200 22 
73257 496 
73281 209 
73306 745 
73346 203 
73355 995 
73385 1081 
73398 321 
73444 761 
73549 1245 
73598 136 
73607 160 
73620 1387 
73699 2834 
73877 591 
73911 1632 
73931 221 
73931 71 
73934 330 
73944 113 
73978 3687 
73982 303 
74060 6346 
74080 689 
74083 445 
74143 86 
74148 1127 
74284 150 
74330 377 
74365 49 
74430 880 
74484 217 
74565 249 
74655 1441 
74701 117 
74717 290 
74756 204 
74771 61 
74788 323 
74803 1806 
74803 1536 
74806 2131 
74858 423 
74887 61 
74912 596 
74924 109 
75030 87 
75079 1203 
75271 18 
75348 2750 
75369 204 
75386 107 
75399 160 
75410 314 
75454 235 
75522 172 
75537 474 
75565 16 
75596 1262 
75692 429 
75726 12 
75950 439 
75981 623 
75992 6131 
76017 417 
76067 351 
76087 1690 
76088 195 
76101 343 
76117 470 
76124 437 
76132 897 
76187 110 
76229 138 
76242 101 
76273 645 
76464 3538 
76469 122 
76478 2876 
76491 723 
76517 1398 
76517 153 
76545 1442 
76549 111 
76575 1354 
76598 57 
76602 1069 
76694 1909 
76708 122 
76791 296 
76838 1239 
76917 154 
76926 943 
77045 1038 
77055 418 
77142 1802 
77157 69 
77207 650 
77210 11126 
77217 462 
77253 38 
77269 1105 
77282 1150 
77314 84 
77340 274 
77403 7477 
77447 1054 
77448 443 
77473 2192 
77504 5 
77553 85 
77623 47 
77630 79 
77644 1198 
77646 1313 
77666 368 
77683 1158 
77709 1219 
77717 97 
77718 487 
77727 176 
77783 681 
77829 54 
77856 1895 
77857 134 
77865 156 
77893 110 
77980 366 
77980 1304 
78035 57 
78087 327 
78305 1247 
78353 70 
78394 263 
78401 160 
78484 1318 
78537 130 
78568 553 
78580 28 
78619 10 
78643 14 
78667 550 
78698 1200 
78725 450 
78779 1471 
78795 5682 
78924 120 
78926 1244 
79165 393 
79169 1255 
79221 17 
79238 415 
79358 569 
79414 1251 
79563 216 
79599 87 
79630 794 
79716 3148 
79823 14 
79931 178 
80114 771 
80122 1777 
80161 815 
80267 621 
80323 4329 
80509 343 
80562 1025 
80693 1363 
80949 507 
81767 134 
81975 2339 
82318 965 
82666 116 
82684 1818 
82789 362 
82844 96 
82860 342 
82876 438 
82876 133 
82876 3068 
82910 1936 
82936 164 
82941 1778 
82943 564 
83024 276 
83074 352 
83085 19 
83140 380 
83235 407 
83250 249 
83315 7588 
83323 4103 
83347 194 
83417 43 
83441 279 
83658 358 
83718 1307 
83731 181 
83731 1193 
83765 2851 
83766 707 
83818 74 
83863 497 
83868 838 
83885 910 
83888 693 
83918 769 
83994 145 
83999 1045 
84002 1447 
84163 1239 
84183 783 
84199 5 
84225 925 
84349 345 
84415 2060 
84456 785 
84456 785 
84566 1766 
84570 1258 
84695 442 
84799 1605 
84832 1587 
84844 1198 
84906 576 
84979 1252 
85039 788 
85085 1670 
85115 1324 
85144 22 
85155 358 
85303 764 
85318 2 
85330 415 
85354 647 
85405 542 
85443 19 
85451 549 
85614 202 
85770 177 
85794 2904 
85795 476 
85845 98 
85877 74 
85913 345 
85931 1858 
86026 379 
86042 279 
86047 99 
86085 759 
86098 200 
86174 155 
86259 244 
86375 2185 
86473 215 
86478 418 
86601 520 
86607 1175 
86646 993 
86711 432 
86745 356 
86787 91 
86811 1307 
86849 1572 
86854 282 
86888 1261 
86896 43 
86902 154 
86939 338 
86972 217 
87060 397 
87088 874 
87241 299 
87262 160 
87262 637 
87282 1541 
87307 2113 
87432 108 
87453 124 
87590 412 
87678 1278 
87785 2831 
87795 1082 
87950 555 
88117 1286 
88284 1108 
88294 128 
88365 14 
88381 590 
88400 622 
88405 201 
88448 45 
88482 1005 
88490 1338 
88554 11 
88612 164 
88765 781 
88784 467 
88804 127 
88812 159 
88944 1104 
89039 177 
89088 269 
89150 7504 
89158 2793 
89224 129 
89238 68 
89453 1377 
89572 81 
89595 625 
89628 190 
89631 73 
89644 852 
89667 405 
89783 492 
89842 71 
89863 342 
89973 877 
90006 106 
90060 169 
90084 447 
90179 1415 
90214 1221 
90233 561 
90312 133 
90347 532 
90524 326 
90529 642 
90581 7 
90645 1609 
90714 26 
90829 201 
90972 2933 
90996 600 
91051 131 
91062 4 
91099 11 
91115 56 
91379 404 
91385 197 
91471 25 
91677 353 
91729 105 
91948 256 
91978 185 
92032 331 
92148 2061 
92212 2668 
92256 797 
92455 142 
92810 142 
92844 1685 
92905 315 
92937 909 
93035 1000 
93078 3670 
93084 997 
93177 1484 
93255 420 
93371 306 
93489 292 
93787 160 
93824 48 
93981 336 
94311 2279 
94366 592 
94379 540 
94394 241 
94542 52 
94561 997 
94640 512 
94645 385 
94653 503 
94724 2567 
94999 2027 
95007 793 
95141 761 
95200 71 
95210 531 
95384 891 
95425 134 
95777 156 
95811 2467 
95822 583 
95976 912 
96314 117 
96692 1167 
96808 820 
96845 331 
96889 231 
96908 216 
96974 1585 
96983 1549 
97013 1708 
97107 90 
97487 597 
97557 2539 
97604 1077 
97778 1491 
97780 810 
97806 252 
97817 110 
97856 581 
98475 251 
98489 21 
98530 447 
98565 1312 
98630 228 
98687 419 
98745 345 
98950 666 
99105 510 
99144 9 
99199 435 
99509 26 
99544 480 
99690 131 
99819 4591 
99828 1272 
99911 612 
100100 215 
100121 1525 
100142 376 
100449 586 
100455 221 
100574 208 
100796 1 
100831 1595 
101104 580 
101190 178 
101487 175 
101673 135 
101771 19 
101817 944 
101818 363 
101876 2554 
101948 564 
101971 8 
102043 572 
102226 14 
102470 167 
102614 839 
102912 1630 
102938 14 
102975 894 
103393 4076 
103522 3675 
103555 280 
103806 1336 
103832 349 
103947 799 
104082 111 
104351 534 
104448 119 
104451 154 
104468 2244 
104695 658 
104983 3130 
105236 833 
105702 317 
105792 79 
105821 701 
105923 115 
105975 429 
106021 92 
106117 1137 
106236 242 
106376 577 
106394 495 
106397 47 
106931 1154 
106993 1268 
107125 112 
107322 642 
107333 70 
107457 248 
107600 345 
107794 2572 
107814 192 
107854 404 
107910 823 
108026 847 
108127 767 
108142 428 
108491 232 
108500 221 
108514 270 
109003 85 
109073 1366 
109407 1547 
110080 127 
110192 359 
110205 604 
110427 83 
110657 342 
110697 468 
110738 901 
110940 13 
111296 46 
111311 134 
111425 1141 
111777 652 
111817 249 
111893 2 
111930 297 
111981 410 
112119 434 
112529 340 
112727 143 
112827 931 
113253 419 
113368 30 
113585 261 
113933 74 
113947 317 
114196 249 
114217 146 
114741 2250 
115068 1643 
115139 1925 
115722 308 
115756 706 
116044 626 
116245 1507 
116778 369 
117658 291 
117875 412 
117913 75 
118307 203 
118383 1276 
118414 786 
118797 433 
118891 1105 
118944 149 
119134 141 
119447 1263 
119723 119 
120059 850 
120691 692 
121097 2486 
121706 477 
121885 1451 
122156 35 
122638 383 
123284 1518 
123451 1513 
123803 23 
123911 1950 
124460 361 
124662 2277 
124906 492 
125436 120 
125488 569 
125550 906 
125801 399 
126901 228 
127150 826 
127553 1765 
127636 1451 
127771 198 
128312 1442 
128336 1218 
128454 258 
128557 937 
128659 697 
129007 15 
129132 351 
129224 581 
129262 966 
129318 564 
130058 499 
130285 1117 
131353 588 
132093 1015 
133162 765 
133162 765 
133664 517 
133750 367 
135290 2321 
135526 2762 
135874 1459 
136343 1186 
136447 181 
136580 1127 
136870 839 
136887 1005 
137060 2519 
137478 126 
137703 31 
138396 588 
140161 199 
140235 53 
140376 1789 
140844 768 
140933 6565 
141356 949 
141406 186 
141514 467 
141652 545 
141837 280 
142116 1022 
142296 331 
142644 1634 
142725 181 
144449 1440 
144456 287 
144842 575 
145033 1427 
145033 7434 
145319 1180 
145422 1189 
145572 776 
145572 776 
145595 516 
145608 55 
145684 1406 
145707 1503 
145989 191 
146027 860 
146122 644 
146295 877 
146310 1569 
146435 811 
146466 125 
146756 583 
146896 243 
147036 11 
147091 114 
147216 135 
148191 56 
148196 7254 
148356 591 
148467 1096 
148886 1614 
149014 403 
149168 712 
149181 934 
149295 1301 
149381 551 
149451 69 
149499 818 
150216 674 
150237 1663 
150387 675 
150867 1279 
151348 41 
151353 117 
151412 304 
151512 216 
151556 1458 
152100 664 
152165 1886 
152444 1919 
152578 176 
152805 240 
153128 443 
153163 292 
153645 294 
153994 1884 
154056 682 
154093 376 
154736 1211 
154895 404 
155066 1446 
155112 344 
155125 1328 
155301 165 
155438 246 
155482 887 
155499 1471 
155908 378 
156045 156 
156273 109 
156375 632 
156434 794 
156593 665 
156749 351 
156821 648 
156827 423 
156947 6 
157027 440 
157079 121 
157213 0 
157505 5608 
157601 4279 
157606 720 
157854 277 
157899 155 
158017 2774 
158236 627 
158270 484 
158346 866 
158856 881 
159031 59 
159088 81 
159385 819 
159665 98 
159889 26 
160236 167 
160626 156 
160666 1282 
161228 290 
161336 167 
161704 126 
161709 845 
162053 376 
162338 9 
162720 625 
163136 451 
163220 288 
163639 1455 
163918 50 
164542 75 
164773 825 
164900 1132 
165043 70 
165230 905 
165248 537 
165255 662 
165359 374 
165505 1065 
165913 882 
166361 73 
166405 2737 
166405 596 
166634 356 
166782 535 
166820 853 
167046 1029 
167210 979 
167366 755 
167434 433 
167747 116 
168029 766 
168225 661 
168397 18 
168530 536 
169153 5971 
169156 1781 
169165 392 
169247 205 
169332 486 
169524 69 
169817 729 
170051 1774 
170171 382 
171180 138 
171210 1049 
171215 120 
171299 390 
172386 23 
172464 141 
172473 1262 
172656 1256 
172718 159 
173051 32 
173272 1137 
173286 153 
173624 169 
173657 627 
173736 157 
173818 361 
173992 264 
174091 75 
174122 396 
174338 2925 
174399 292 
174553 28 
174918 108 
176318 440 
176669 413 
176935 10 
177439 437 
177579 139 
177761 22 
178312 43 
178330 96 
179044 1395 
179170 3071 
179436 67 
179653 354 
180259 326 
180385 39 
180540 757 
180770 1223 
181156 1325 
182251 435 
182614 785 
183497 37 
183592 67 
183608 343 
183681 512 
183803 756 
183927 1013 
184186 1176 
184430 673 
184704 1271 
185314 175 
185328 273 
185745 158 
185816 610 
186003 370 
186944 975 
187402 648 
188766 88 
188995 207 
189096 575 
189264 1093 
189324 22 
189544 1917 
189689 364 
190043 247 
190774 235 
190892 1155 
190918 631 
191631 272 
191780 47 
192567 1706 
192637 1629 
192822 1505 
193314 831 
194069 1845 
194317 591 
194352 672 
194454 2113 
195217 575 
195231 810 
195395 27 
196645 382 
197029 1709 
197570 566 
197744 215 
197858 860 
198415 268 
199928 447 
201682 35 
201836 231 
202756 1127 
202956 370 
203403 904 
203913 251 
204681 121 
204771 127 
204885 786 
204929 736 
205069 1365 
209131 1137 
209602 1170 
210067 128 
210983 1649 
211499 469 
212837 13 
212965 4300 
217557 1249 
217696 274 
218542 142 
219212 2685 
219889 147 
222126 190 
222651 577 
222915 644 
223564 1236 
225661 93 
226901 523 
226970 457 
227859 119 
228352 181 
228633 1229 
229110 198 
229117 2496 
230249 588 
230558 180 
230728 28 
232199 29 
232808 664 
233507 146 
233793 252 
234681 241 
235955 294 
236083 765 
237139 271 
237386 1596 
237684 471 
238661 1071 
239706 1544 
241364 1210 
241919 581 
242754 1070 
242960 667 
243000 349 
243264 210 
243284 419 
243953 2786 
244066 1442 
245027 687 
245082 1523 
245109 1576 
245130 1559 
245453 11 
245784 2 
246809 89 
247578 4938 
247695 1341 
247708 617 
248412 181 
249800 104 
250390 588 
250475 59 
250853 231 
251054 1707 
252089 396 
252556 201 
252862 38 
253089 1001 
254282 778 
255306 1228 
255602 211 
255681 466 
256028 274 
257246 599 
258034 35 
259831 67 
260385 62 
261341 1098 
261663 766 
262239 103 
262253 1434 
262575 467 
263311 1446 
263442 45 
263660 395 
263716 81 
263737 275 
263888 686 
264533 779 
264775 1573 
265321 186 
265647 26 
265716 0 
265861 769 
267261 945 
268309 9 
269743 1343 
269768 1079 
269820 61 
269948 913 
270041 206 
270365 1230 
270378 405 
270491 753 
271822 1869 
272587 1021 
272622 256 
273522 483 
273610 342 
273744 194987 
273763 37 
275328 19 
275883 631 
276237 2828 
288331 133 
293638 1357 
297594 122 
297610 643 
300476 1957 
304850 132 
305304 753 
309972 63 
314916 69 
316456 929 
319617 30 
320584 884 
320711 174 
321523 438 
322124 2 
326870 550 
327077 108 
327430 2813 
332360 544 
333925 220 
336735 368 
338372 115 
338693 1133 
340256 2020 
340700 779 
341042 1305 
341092 536 
345623 1974 
345908 139 
346176 122 
346930 231 
347058 80 
349096 842 
349978 316 
352667 862 
354885 201 
360043 76 
361465 552 
364013 242 
367525 1922 
373052 85 
375454 66 
393657 1537 
395213 1162 
401018 31 
401412 48 
413148 50 
413190 1158 
416566 873 
423805 194 
424745 648 
427827 323 
434577 59 
435895 772 
436645 1081 
437087 4490 
440546 243 
442129 160 
442195 197 
446258 1 
448684 219 
453671 478 
501231 598 
509935 1613 
532250 789 
549808 127 
558597 179 
568203 98 
