2444 6.75909722222
0 1008263 
10 44 
17 125 
17 141 
20 77 
20 24 
20 75 
20 181 
21 551 
23 110 
24 268 
25 229 
25 132 
25 214 
28 370 
29 77 
30 4311 
30 86 
32 170 
32 921 
32 150 
33 73 
33 289 
33 137 
34 187 
34 167 
34 112 
35 81 
36 5040 
36 42 
37 107 
38 29 
38 447 
38 187 
38 350 
38 196 
38 161 
39 453 
39 117 
42 228 
43 24 
43 44 
43 757 
43 63 
43 144 
44 288 
44 69 
45 46 
46 71 
47 81 
48 122 
49 1724 
49 49 
50 446 
51 335 
52 105 
53 292 
53 86 
55 48 
56 273 
56 38 
57 497 
57 225 
59 20 
60 223 
60 272 
61 99 
62 805 
62 72 
62 2982 
62 86 
62 458 
63 97 
63 14 
63 99 
65 218 
67 106 
67 183 
68 35 
69 159 
70 164 
70 46 
71 88 
72 960 
72 96 
72 44 
72 93 
72 389 
73 72 
73 131 
73 590 
74 300 
74 57 
75 60 
75 181 
76 121 
76 14 
77 156 
78 259 
78 350 
79 137 
79 234 
80 404 
80 85 
80 110 
81 29 
82 93 
82 43 
82 315 
84 156 
84 413 
85 71 
86 209 
86 506 
86 68 
87 46 
87 63 
89 74 
90 116 
90 70 
92 45 
93 302 
95 73 
96 394 
98 670 
99 234 
99 72 
99 164 
102 133 
103 103 
103 39 
104 93 
106 45 
107 438 
107 44 
107 228 
108 1241 
111 92 
111 770 
119 358 
119 81 
120 113 
121 271 
121 122 
122 9108 
123 571 
123 34 
124 28 
124 193 
126 144 
127 186 
129 23 
131 32 
133 107 
133 52 
134 5415 
134 45 
135 103 
137 167 
138 200 
138 57 
138 53 
138 587 
138 59 
142 342 
142 46 
143 87 
145 176 
147 546 
149 807 
150 120 
150 379 
151 62 
152 225 
153 70 
153 180 
153 191 
154 256 
154 1780 
154 97 
155 338 
155 39 
157 54 
158 197 
160 63 
160 64 
160 88 
162 1501 
164 57 
165 160 
166 642 
166 116 
168 138 
169 157 
170 699 
170 57 
171 73 
171 89 
172 95 
173 56 
175 21 
175 3820 
175 227 
176 65 
176 334 
177 115 
178 836 
180 194 
180 204 
181 718 
181 136 
182 130 
182 310 
184 278 
184 25 
186 262 
186 234 
186 490 
187 135 
187 1700 
190 18 
191 284 
191 24 
192 147 
193 1068 
193 31 
194 190 
195 281 
196 922 
196 148 
196 326 
200 250 
200 1207 
201 463 
201 121 
201 90 
202 17 
203 441 
203 218 
204 102 
204 2295 
205 5010 
205 71 
205 117 
205 76 
205 338 
205 939 
207 208 
207 50 
207 60 
208 187 
208 60 
209 252 
209 278 
209 209 
209 178 
209 586 
210 135 
211 226 
214 941 
215 222 
215 63 
216 143 
217 562 
219 73 
220 122 
220 1273 
224 132 
226 223 
226 2015 
227 49 
229 648 
229 4068 
230 281 
230 58 
236 16 
240 91 
240 128 
241 365 
241 1226 
242 47 
243 149 
243 811 
244 42 
246 233 
248 21 
248 202 
248 219 
248 268 
253 132 
253 123 
253 521 
254 1096 
255 42 
258 160 
258 179 
259 161 
259 83 
259 159 
261 47 
262 469 
263 565 
265 159 
265 215 
267 1430 
269 91 
271 327 
271 74 
272 81 
272 17 
273 469 
274 137 
274 46 
274 240 
275 1222 
276 90 
277 72 
277 3961 
278 59 
280 1397 
280 293 
282 50 
282 1308 
283 1289 
283 175 
284 36 
284 307 
285 83 
291 337 
292 916 
292 471 
293 247 
296 209 
296 106 
297 176 
298 114 
299 242 
300 288 
301 466 
301 510 
302 251 
304 77 
306 114 
306 1482 
310 2501 
313 101 
315 93 
315 43 
316 2581 
317 91 
319 255 
319 110 
322 33 
322 143 
326 45 
327 333 
328 66 
328 72 
328 195 
329 46 
330 342 
332 530 
335 30 
335 112 
337 75 
340 105 
342 102 
342 22 
343 190 
343 71 
346 127 
346 2166 
347 129 
348 101 
349 69 
350 223 
350 302 
351 933 
351 475 
352 213 
354 120 
355 229 
355 101 
358 75 
358 188 
358 229 
358 249 
358 86 
363 102 
363 1137 
364 425 
364 529 
365 30 
367 3 
367 95 
369 278 
370 42 
371 321 
371 133 
376 43 
377 103 
378 327 
380 261 
380 369 
383 137 
383 878 
384 63 
385 120 
385 76 
387 126 
388 132 
389 27 
389 391 
391 313 
391 69 
393 240 
394 236 
395 259 
396 485 
397 173 
397 244 
398 129 
399 40 
399 287 
402 2781 
405 1185 
408 226 
410 72 
411 104 
412 63 
414 756 
416 215 
421 234 
421 54 
421 68 
421 150 
423 35 
423 258 
429 460 
430 297 
430 119 
431 558 
432 93 
432 536 
433 366 
436 79 
437 165 
439 656 
440 236 
440 174 
442 357 
442 448 
443 88 
448 4231 
448 249 
452 3 
453 83 
453 22 
455 930 
455 263 
460 49 
461 1067 
463 73 
464 1665 
464 723 
464 241 
465 43 
467 704 
469 2076 
469 2921 
472 53 
476 146 
483 101 
483 136 
485 445 
488 452 
488 324 
496 102 
497 61 
499 22 
500 244 
500 1485 
500 240 
500 25 
502 225 
503 13 
505 1191 
509 305 
509 197 
510 214 
511 58 
512 1930 
512 157 
513 57 
514 43 
515 613 
515 273 
516 126 
520 105 
520 22 
521 93 
522 261 
522 269 
523 16 
524 229 
530 185 
531 75 
531 223 
532 246 
534 66 
535 75 
536 45 
537 207 
539 1174 
541 132 
542 610 
545 48 
545 684 
547 206 
547 254 
548 1419 
548 11 
550 35 
553 106 
554 122 
556 104 
562 146 
564 21 
564 583 
564 49 
568 286 
569 36 
570 10 
570 2890 
575 4098 
579 177 
580 420 
581 71 
582 120 
582 330 
582 32 
582 1416 
585 351 
586 557 
587 371 
587 289 
588 41 
588 333 
590 467 
591 878 
592 129 
593 337 
594 144 
596 47 
597 611 
602 434 
602 211 
602 19 
603 48 
603 94 
606 609 
610 83 
611 34 
613 663 
614 45 
616 68 
617 248 
619 785 
619 712 
619 1417 
619 154 
621 46 
622 581 
622 274 
624 1473 
626 49 
627 167 
627 81 
630 147 
630 100 
634 40 
639 201 
639 261 
642 38 
647 38 
649 487 
650 418 
651 95 
653 115 
655 49 
656 488 
658 22 
661 245 
667 131 
668 36 
668 186 
674 119 
676 101 
680 1712 
680 181 
684 49 
686 526 
687 1281 
697 131 
697 3428 
705 89 
707 3854 
710 73 
711 519 
718 1479 
720 138 
722 32 
725 178 
727 63 
728 271 
732 238 
735 426 
741 454 
741 164 
742 32 
746 319 
747 111 
748 885 
749 22 
751 220 
752 385 
752 68 
752 146 
752 518 
754 293 
756 38 
756 962 
756 197 
757 219 
758 974 
761 25 
764 74 
765 38 
765 232 
765 232 
768 8 
770 113 
771 204 
772 169 
772 88 
775 31 
776 33 
777 27 
779 46 
779 18 
780 510 
782 59 
784 6030 
785 59 
786 23 
790 633 
794 293 
795 48 
798 82 
804 181 
812 201 
812 288 
815 1107 
817 201 
821 897 
830 88 
833 99 
833 28 
834 261 
838 2067 
840 723 
842 809 
845 465 
854 388 
855 266 
857 243 
869 282 
870 33 
872 216 
873 328 
886 109 
887 2 
888 448 
888 180 
890 81 
890 1180 
891 42 
899 465 
906 7 
907 23 
908 1666 
911 111 
912 502 
915 56 
921 267 
925 178 
931 224 
932 54 
937 239 
942 1082 
945 61 
946 522 
947 63 
951 12 
951 265 
958 60 
960 67 
961 57 
963 900 
967 367 
968 1345 
972 107 
977 160 
983 450 
985 663 
985 296 
994 165 
995 118 
995 441 
998 150 
998 71 
998 31 
998 236 
999 281 
1001 49 
1002 246 
1005 237 
1006 133 
1012 123 
1016 262 
1020 180 
1022 37 
1022 31 
1024 131 
1031 343 
1034 119 
1037 60 
1039 1262 
1043 111 
1046 47 
1046 63 
1050 42 
1057 76 
1062 84 
1064 58 
1070 1477 
1072 136 
1079 30 
1079 115 
1088 291 
1088 10 
1089 63 
1093 61 
1095 2005 
1097 1103 
1097 103 
1098 143 
1111 201 
1112 201 
1114 202 
1115 168 
1119 80 
1120 51 
1121 28 
1123 64 
1124 18 
1125 123 
1125 326 
1130 31 
1138 61 
1141 51 
1144 326 
1147 2433 
1152 47 
1155 1904 
1163 173 
1172 526 
1173 816 
1178 1153 
1178 788 
1179 308 
1182 25 
1190 93 
1191 77 
1196 124 
1197 93 
1198 149 
1198 159 
1202 86 
1205 122 
1209 206 
1211 137 
1212 149 
1212 13 
1218 75 
1222 161 
1223 108 
1236 20 
1240 130 
1240 135 
1244 649 
1245 46 
1245 68 
1248 707 
1248 201 
1250 453 
1252 33 
1255 4 
1257 264 
1258 61 
1260 38 
1262 154 
1264 74 
1269 29 
1271 47 
1274 42 
1279 60 
1281 342 
1291 155 
1292 62 
1299 654 
1302 296 
1305 2812 
1305 337 
1314 59 
1316 94 
1320 47 
1320 52 
1327 102 
1346 43 
1349 9 
1354 62 
1362 1001 
1363 239 
1373 126 
1378 20 
1382 50 
1384 43 
1409 144 
1414 222 
1418 237 
1426 58 
1430 17095 
1431 183 
1432 27 
1441 19 
1442 149 
1449 54 
1452 64 
1454 46 
1454 358 
1454 33 
1456 1100 
1462 138 
1465 2 
1470 205 
1473 24 
1475 7 
1483 755 
1484 66 
1491 391 
1498 33 
1499 178 
1499 177 
1500 158 
1500 153 
1500 105 
1506 126 
1507 83 
1508 503 
1508 59 
1515 244 
1522 197 
1529 118 
1537 58 
1540 188 
1543 208 
1555 35 
1557 47 
1557 7 
1557 91 
1564 211 
1571 2505 
1582 269 
1586 132 
1587 159 
1588 60 
1589 52 
1600 95 
1601 1304 
1602 188 
1610 29 
1611 655 
1612 247 
1618 86 
1618 555 
1619 295 
1622 5333 
1634 129 
1640 176 
1644 125 
1650 1130 
1652 336 
1653 7 
1656 208 
1663 127 
1669 176 
1675 29 
1675 419 
1683 252 
1686 74 
1699 122 
1709 29 
1709 113 
1710 1909 
1710 41 
1711 1105 
1717 28 
1719 121 
1725 112 
1731 17 
1734 77 
1735 78 
1736 75 
1740 164 
1745 116 
1753 48 
1754 178 
1756 50 
1757 4 
1759 23 
1760 5195 
1766 2015 
1769 27 
1772 52 
1773 286 
1779 30 
1780 112 
1785 69 
1788 23 
1791 296 
1793 56 
1795 15 
1797 57 
1801 58 
1802 3049 
1805 1021 
1809 185 
1828 1175 
1830 200 
1832 222 
1834 1707 
1839 1397 
1841 53 
1843 106 
1847 44 
1854 127 
1855 210 
1860 572 
1860 132 
1867 163 
1868 95 
1868 6345 
1873 83 
1904 356 
1910 54 
1929 16 
1934 24 
1950 86 
1966 39 
1969 93 
1971 2478 
1985 38 
1988 207 
2001 11 
2005 92 
2006 3284 
2014 12 
2033 4 
2036 210 
2039 0 
2048 6432 
2051 114 
2054 101 
2054 26332 
2062 56 
2064 156 
2070 503 
2074 125 
2079 2547 
2080 1769 
2088 1322 
2090 2024 
2090 92 
2095 1820 
2096 777 
2096 11 
2097 306 
2106 50 
2107 106 
2108 36 
2108 27 
2110 1684 
2120 259 
2120 1498 
2140 60 
2142 100 
2157 76 
2159 186 
2162 41 
2162 5153 
2171 339 
2171 1099 
2173 88 
2175 423 
2184 177 
2184 3 
2206 118 
2209 108 
2235 59 
2239 689 
2240 168 
2252 58 
2253 73 
2257 26 
2266 84 
2274 401 
2278 62 
2279 63 
2281 43 
2282 84 
2288 285 
2294 20 
2300 51 
2303 85 
2305 57 
2309 582 
2327 59 
2333 15 
2344 63 
2351 3252 
2361 97 
2388 6728 
2398 18 
2399 125 
2412 30 
2435 13 
2439 672 
2441 1712 
2444 46 
2448 303 
2460 177 
2463 90 
2464 173 
2469 74 
2478 13562 
2485 72 
2489 123 
2492 106 
2497 177 
2498 970 
2504 74 
2505 110 
2513 69 
2536 82 
2539 361 
2556 122 
2572 30 
2578 79 
2598 25 
2606 352 
2615 27 
2625 126 
2638 132 
2658 367 
2667 221 
2677 46 
2679 102 
2690 74 
2693 1581 
2696 886 
2705 799 
2708 68 
2708 166 
2724 8 
2725 12 
2736 4782 
2752 70 
2772 11 
2773 2755 
2781 17 
2800 588 
2803 8 
2812 169 
2813 1050 
2815 11 
2820 5218 
2827 48 
2830 30 
2843 217 
2847 940 
2854 38 
2856 78 
2857 53 
2858 177 
2861 76 
2871 12 
2874 146 
2891 20 
2894 245 
2899 25 
2912 282 
2915 3507 
2915 59 
2922 96 
2923 48 
2923 27 
2940 424 
2953 26606 
2953 364 
2965 81 
2968 33 
2985 32 
2993 1502 
2996 89 
2997 33 
2998 103 
3020 93 
3021 46 
3022 83 
3025 32 
3062 881 
3064 43 
3084 581 
3084 581 
3102 33 
3102 33 
3107 14 
3107 14 
3111 704 
3111 704 
3116 89 
3116 89 
3125 50 
3125 50 
3135 49 
3135 49 
3198 84 
3204 45 
3208 405 
3219 61 
3225 161 
3250 169 
3256 123 
3258 27 
3259 71 
3265 333 
3271 3 
3272 203 
3276 132 
3291 32 
3292 546 
3295 40 
3298 85 
3316 226 
3320 1600 
3323 61 
3325 45 
3329 41 
3331 3185 
3347 38 
3359 41 
3388 1378 
3390 55 
3395 25 
3397 749 
3428 442 
3428 70 
3440 31 
3454 445 
3456 86 
3457 74 
3467 2 
3474 92 
3475 78 
3509 27 
3510 209 
3523 282 
3531 12 
3532 627 
3550 191 
3553 86 
3555 41 
3555 36 
3558 354 
3563 7 
3569 17 
3574 37 
3574 264 
3584 29 
3591 245 
3599 141 
3599 56 
3605 97 
3614 55 
3619 762 
3620 17 
3623 236 
3635 255 
3636 112 
3637 63 
3639 149 
3649 34 
3673 351 
3674 533 
3679 230 
3718 29 
3723 1694 
3740 53 
3746 403 
3749 41 
3766 31 
3775 60 
3788 569 
3788 71 
3789 19 
3793 665 
3796 362 
3802 10 
3824 261 
3826 433 
3837 324 
3840 28 
3841 75 
3844 138 
3867 98 
3880 222 
3897 121 
3925 63 
3933 44 
3937 142 
3970 41 
3997 114 
4022 295 
4028 2675 
4032 12 
4037 29 
4061 32 
4064 1865 
4076 18 
4095 597 
4096 576 
4112 182 
4117 1752 
4120 186 
4137 214 
4140 8 
4154 75 
4166 14 
4174 34 
4180 171 
4206 50 
4212 188 
4226 74 
4227 147 
4231 15 
4234 789 
4239 20 
4242 74 
4287 0 
4321 342 
4325 42 
4354 935 
4363 39 
4379 782 
4379 1710 
4387 79 
4395 5433 
4419 170 
4422 2077 
4456 537 
4470 117 
4476 134 
4496 666 
4510 15 
4514 69 
4517 7 
4522 48 
4537 10 
4549 29 
4550 185 
4558 77 
4567 204 
4582 174 
4593 235 
4597 366 
4616 154 
4621 826 
4624 193 
4630 127 
4630 22 
4641 507 
4644 28 
4655 121 
4657 79 
4672 40 
4676 608 
4713 124 
4718 3581 
4723 42 
4753 78 
4757 54 
4774 4881 
4779 9108 
4781 4695 
4792 658 
4800 1440 
4807 53 
4835 367 
4858 218 
4873 63 
4881 51 
4889 40 
4904 17 
4904 63 
4913 48 
4915 6 
4919 1141 
4926 37 
4928 51 
4933 902 
4935 24 
4943 29 
4949 1020 
4969 38 
4996 6 
5005 27 
5013 88 
5022 16 
5022 67 
5041 175 
5046 1678 
5049 5863 
5061 797 
5062 92 
5081 105 
5095 40 
5111 50 
5125 182 
5137 157 
5137 83 
5140 34 
5143 83 
5149 3764 
5190 76 
5192 85 
5212 583 
5222 138 
5237 657 
5242 4228 
5269 212 
5282 1169 
5282 10407 
5314 91 
5320 196 
5326 1198 
5340 208 
5349 17 
5375 15 
5376 128 
5385 186 
5386 26 
5394 1016 
5395 46 
5398 132 
5411 72 
5425 885 
5428 73 
5444 2852 
5449 87 
5458 316 
5458 54 
5463 168 
5471 57 
5474 165 
5488 924 
5499 649 
5521 89 
5528 143 
5530 86 
5535 66 
5538 1216 
5541 283 
5543 1717 
5544 20 
5544 94 
5553 455 
5570 1013 
5578 127 
5600 449 
5618 2 
5619 27 
5675 2644 
5684 94 
5730 8 
5759 170 
5764 192 
5769 36 
5787 1768 
5805 36 
5822 875 
5842 50 
5867 23 
5879 21 
5890 410 
5910 61 
5930 132 
5955 28 
5955 186 
5974 251 
5982 79 
5989 166 
6000 94 
6008 107 
6040 73 
6060 75 
6071 988 
6074 113 
6078 1229 
6088 55 
6089 922 
6117 7 
6146 10 
6158 376 
6162 598 
6198 71 
6215 152 
6234 30 
6254 597 
6269 196 
6282 76 
6293 50 
6296 421 
6306 89 
6309 5 
6317 903 
6318 377 
6323 3686 
6323 271 
6350 41 
6365 79 
6401 1615 
6404 5 
6424 242 
6441 142 
6500 193 
6501 161 
6514 39 
6519 41 
6524 21 
6525 355 
6534 118 
6537 148 
6552 105 
6569 20 
6571 98 
6572 30 
6576 49 
6598 12 
6609 1104 
6610 29 
6623 37 
6669 66 
6669 49 
6708 74 
6715 22 
6735 2555 
6781 17 
6783 96 
6802 346 
6807 16 
6808 4 
6812 117 
6840 71 
6843 42 
6853 847 
6856 1241 
6859 42 
6874 36 
6884 225 
6891 288 
6893 66 
6900 800 
6935 116 
6951 12 
6955 183 
7013 142 
7025 83 
7036 99 
7039 62 
7066 19 
7103 365 
7107 736 
7118 31 
7124 33 
7130 64 
7166 521 
7178 431 
7200 133 
7231 11 
7243 42 
7262 63 
7278 1939 
7305 32 
7341 9 
7347 53 
7355 133 
7357 198 
7364 50 
7373 37 
7401 151 
7406 1160 
7457 98 
7463 26 
7476 55 
7480 16 
7499 32 
7537 49 
7553 190 
7566 69 
7615 21 
7641 84 
7648 86 
7653 531 
7656 1131 
7666 84 
7688 164 
7719 289 
7719 177 
7724 502 
7734 33 
7738 47 
7748 46 
7772 446 
7791 49 
7860 139 
7861 72 
7885 413 
7915 23 
7916 159 
7927 47 
7943 141 
7947 33 
7948 93 
7959 334 
7972 1034 
7975 196 
8004 0 
8007 386 
8036 2142 
8088 113 
8112 420 
8121 62 
8144 1713 
8169 78 
8183 241 
8186 52 
8195 491 
8209 9 
8210 15 
8210 85 
8225 83 
8239 23 
8249 98 
8269 56 
8278 949 
8411 801 
8417 3534 
8417 748 
8477 74 
8526 77 
8529 15 
8536 47 
8541 3 
8586 3347 
8594 74 
8612 614 
8642 299 
8752 40 
8755 9 
8757 351 
8798 385 
8802 44 
8809 2221 
8817 642 
8817 10496 
8836 87 
8842 1134 
8865 48 
8875 200 
8884 9 
8895 107 
8896 732 
8914 528 
8965 54 
8967 94 
8989 16 
9020 62 
9043 183 
9073 2715 
9079 159 
9080 9 
9117 106 
9123 1819 
9147 100 
9181 54 
9193 125 
9198 63 
9213 135 
9243 570 
9275 177 
9289 26 
9320 46 
9324 35 
9324 2092 
9329 35 
9334 109 
9363 101 
9438 5 
9479 29 
9484 81 
9499 887 
9514 919 
9532 744 
9545 391 
9549 65 
9552 72 
9563 91 
9571 84 
9576 256 
9578 5 
9600 597 
9603 305 
9611 442 
9615 69 
9652 38 
9695 15 
9701 108 
9707 120 
9727 215 
9790 46 
9817 151 
9873 34 
9987 17 
10010 60 
10014 36 
10041 39 
10085 193 
10093 17 
10094 9 
10121 872 
10197 63 
10202 240 
10208 93 
10226 39 
10230 12 
10274 103 
10274 79 
10359 52 
10364 41 
10378 38 
10428 16 
10528 213 
10547 107 
10565 378 
10627 108 
10659 117 
10765 40 
10815 37 
10846 4 
10848 995 
10866 103 
10917 2002 
10969 141 
10973 53 
10983 310 
11000 65 
11013 20 
11053 19 
11071 25 
11100 16 
11126 151 
11128 371 
11130 109 
11132 244 
11133 48 
11146 22 
11156 113 
11159 28 
11216 25 
11232 19 
11248 42 
11292 1462 
11292 1236 
11302 25 
11333 69 
11339 155 
11423 472 
11554 174 
11562 2 
11563 20 
11581 63 
11600 141 
11658 861 
11693 48 
11719 64 
11741 97 
11743 194 
11743 22 
11770 1406 
11776 42 
11795 2042 
11803 752 
11803 1126 
11809 1917 
11927 609 
12019 4 
12051 79 
12052 126 
12089 163 
12129 749 
12136 65 
12138 1 
12146 36 
12170 40 
12197 216 
12199 1559 
12233 62 
12233 144 
12235 94 
12246 176 
12268 172 
12271 346 
12325 443 
12327 68 
12399 208 
12455 164 
12461 17 
12497 2191 
12502 54 
12528 170 
12530 720 
12532 71 
12558 111 
12592 873 
12607 195 
12620 49 
12630 61 
12633 10 
12668 300 
12691 132 
12720 91 
12774 66 
12781 46 
12796 16 
12885 82 
12985 209 
13026 176 
13076 840 
13114 63 
13170 430 
13178 20 
13200 4240 
13300 1322 
13304 978 
13308 1452 
13312 55 
13322 631 
13361 104 
13374 683 
13415 36 
13423 42 
13434 661 
13440 4491 
13483 23 
13556 1 
13581 140 
13676 202 
13679 23 
13686 83 
13710 148 
13811 2662 
13829 111 
13834 197 
13910 20 
13924 28 
13992 163 
14017 113 
14063 82 
14094 233 
14128 108 
14159 463 
14195 26 
14242 194 
14251 33 
14273 37 
14275 15 
14300 1554 
14329 27 
14341 188 
14627 35 
14745 9 
14881 465 
14888 187 
14945 24 
15026 117 
15054 512 
15061 2 
15106 46 
15136 25 
15242 18 
15410 59 
15434 1482 
15466 745 
15528 264 
15571 6 
15576 31 
15597 226 
15623 108 
15649 1877 
15688 90 
15775 1343 
15809 23 
15929 4 
15968 111 
16041 197 
16070 973 
16086 8 
16150 151 
16238 268 
16310 13 
16368 26 
16382 380 
16427 754 
16432 657 
26960 784 
27036 112 
27075 512 
27162 85 
27397 219 
27406 46 
27657 29 
27704 27 
27729 130 
28032 237 
28050 4 
28289 105 
28327 1251 
28457 76 
28494 73 
28729 32 
28842 347 
28845 247 
28856 132 
28987 44 
29082 3 
29155 61 
29601 186 
29868 44 
30018 11 
30296 16 
30567 236 
30763 795 
30771 199 
30930 937 
31184 328 
31246 255 
31261 49 
31272 1104 
31288 55 
31400 48 
31401 202 
31466 523 
31645 108 
31724 1149 
31889 431 
31909 182 
31955 143 
31972 556 
32019 118 
32216 70 
32487 147 
32610 1199 
32669 10 
32670 1013 
32751 70 
33168 85 
33209 5 
33570 431 
33571 1532 
33613 3594 
33647 462 
33668 380 
33781 84 
33881 1296 
34036 14 
34192 684 
34640 165 
34698 182 
34978 157 
35177 36 
35922 61 
36037 932 
36049 1833 
36092 527 
36107 43 
36231 1478 
36242 27 
36371 2218 
36572 2521 
36746 98 
36801 534 
37848 623 
37949 583 
38091 1671 
38191 2165 
38386 137 
38563 6 
38661 13 
38792 24 
38841 6 
39402 364 
39632 140 
39890 279 
40129 152 
40592 454 
41218 108 
41614 31 
41712 10 
41776 115 
41990 71 
42386 14 
42841 18 
43386 2659 
43781 1747 
44029 13 
44097 1520 
44186 203 
44277 363 
45065 0 
45633 674 
46045 30 
46384 1952 
46648 1203 
47298 68 
48506 393 
49538 33 
50366 364 
50543 20 
50941 12 
53688 45 
54935 104 
54964 1646 
55484 14383 
55760 338 
56617 1874 
56927 2393 
56988 290 
57050 245 
57057 675 
57133 779 
57964 29 
58086 507 
58944 415 
59010 701 
59481 1257 
59621 167 
59778 102 
59894 390 
59941 8 
60149 2308 
60500 250 
60814 1892 
60980 1829 
61411 73 
61416 2966 
61649 282 
61889 329 
62226 372 
62267 327 
63713 3746 
63752 2046 
63948 375 
64016 285 
64086 151 
64379 2104 
64398 1171 
64759 1095 
66921 2671 
67057 2175 
67224 309 
67308 497 
68145 5059 
68379 72 
69932 321 
70304 404 
70977 96 
71027 712 
71415 11 
71723 362 
72032 270 
72041 130 
72061 60 
72280 49 
72379 88 
72578 8 
72646 826 
72733 51 
73016 441 
73482 5 
73817 826 
74062 3314 
74165 136 
74214 6 
74454 4004 
74472 376 
74507 29 
74631 803 
74797 86 
75493 748 
75573 2074 
75611 10 
76924 315 
77103 399 
77349 901 
77548 26 
77621 188 
77795 276 
77911 78 
78239 1052 
78540 282 
78758 705 
78851 89 
78998 8 
79235 144 
79385 639 
79514 515 
79823 173 
80216 58 
80721 1176 
80722 28 
81483 1871 
81527 184 
82185 31 
83105 410 
83451 161 
84180 972 
84207 220 
84225 787 
84472 4225 
84684 580 
85558 1052 
86895 893 
87325 169 
88036 1794 
88037 5 
88358 98 
88373 1486 
89383 110 
89904 620 
89987 35 
90084 333 
90461 67 
90470 21 
90989 1128 
91118 169 
91124 14 
91978 184 
92066 90 
92203 203 
92459 65 
93419 136 
94188 49 
94322 178 
94456 1643 
94656 322 
95277 1669 
95311 189 
95642 24 
95710 69 
96347 21 
96579 1 
96968 261 
97094 26 
97112 137 
97161 1370 
97280 3868 
97295 26978 
97302 53 
97339 97 
97357 135 
97373 149 
97392 381 
97402 1613 
97438 215 
97445 643 
97508 478 
97508 134 
97565 218 
97569 303 
97637 165 
97804 40 
97837 2005 
97903 163 
98004 335 
98037 13009 
98044 156 
98056 49 
98087 931 
98103 138 
98110 118 
98149 537 
98277 1063 
98343 95 
98359 78 
98618 264 
98631 71 
98662 414 
98742 68 
98912 4 
98961 158 
99125 67 
99300 4593 
99317 111 
99633 78 
99669 581 
99847 43 
99876 56 
99956 664 
100024 595 
100036 307 
100174 278 
100287 317 
100451 669 
100563 109 
100658 338 
100752 466 
101066 535 
101271 81 
101551 35 
101582 20 
101630 6420 
101638 1792 
101901 3073 
102554 131 
102728 32 
102882 3432 
103542 102 
103637 1024 
103785 164 
104214 151 
105470 20 
105564 139 
105667 9 
105774 2350 
105806 3541 
105890 6 
106037 206 
106071 213 
106582 219 
106984 1747 
107286 68 
107286 68 
108534 44 
108805 1427 
109485 614 
109663 234 
109924 105 
110649 442 
110784 20 
111126 2946 
111160 1217 
111217 192 
111596 521 
111990 523 
112048 57 
112057 399 
112259 52 
112677 2374 
112851 10 
112919 202 
113852 2 
114089 887 
114688 132 
116167 71 
116380 209 
116663 450 
117189 97 
117708 309 
117924 152 
118071 887 
118364 1722 
118399 45 
118519 56 
118529 839 
118618 172 
119212 33 
119261 534 
119278 3236 
119316 678 
119349 1672 
119429 900 
119480 239 
120637 68 
120801 99 
121157 57 
121210 4169 
121723 1219 
121834 579 
121945 161 
122230 4166 
122927 489 
123136 80 
124360 106 
126028 276 
126278 157 
127381 81 
128087 204 
130793 703 
133036 41 
133297 1631 
133569 219 
133698 36 
134464 208 
135204 162 
135891 94 
136618 274 
138368 24 
143043 83 
143051 1076 
143453 220 
143470 382 
144982 45 
148042 601 
148824 30 
149957 22 
152453 209 
153171 5029 
153284 30 
153974 1454 
158671 172 
160176 217 
160304 317 
160711 37 
161181 678 
161299 2328 
161419 830 
162962 109 
163146 490 
163629 59 
164452 29 
168045 23 
169286 604 
171346 134 
171416 1014 
171530 535 
171554 50 
172205 3 
174390 25 
175284 55 
175438 368 
179045 142 
179347 881 
179545 41 
179576 40 
179919 115 
180050 1157 
180211 145 
180611 1667 
181406 97 
184038 1766 
184085 24 
184614 50 
185641 22 
188535 967 
188594 84 
189861 43 
189879 200 
190921 11 
192506 701 
194161 98 
195371 75 
198744 426 
203381 431 
206313 473 
206744 747 
207052 481 
207828 187 
208478 185 
208827 57 
209139 392 
209289 239 
210286 31 
211440 43 
213142 66 
219069 103 
223494 924 
223559 478 
243082 105 
246805 100 
257568 129 
260746 3 
261218 74 
261248 959 
264093 270 
269308 86 
279687 998 
285559 336 
285665 7118 
285775 555 
286011 190 
288401 495 
290450 39 
292092 60 
294051 145 
294376 90 
294422 90 
294851 220 
295259 214 
295520 64 
295656 111 
295794 102 
296995 92 
297024 24 
299487 56 
300328 100 
301124 110 
302086 36 
302086 36 
306016 2058 
306498 850 
307983 460 
309134 392 
309569 736 
313629 55 
317600 107 
318513 17 
321467 56 
323048 119 
323541 155 
324160 638 
324473 15476 
325299 609 
337601 367 
337664 488 
338151 395 
339343 87 
344421 20 
345653 22 
346784 14 
347620 63 
352107 293 
360738 64 
363272 133 
369059 120 
369488 834 
369723 1169 
378027 49 
408250 203 
408250 203 
414182 530 
414449 93 
415598 22 
417906 112 
423710 461 
424591 1116 
424684 449 
424760 325 
425041 476 
435739 3339 
436811 18 
439786 109 
441574 1322 
447848 14 
448049 229 
448138 169 
450490 305 
453842 1211 
469564 142 
487578 324 
500165 1937 
501828 28 
513756 234 
513816 660 
513859 405 
518484 343 
519866 36 
520530 139 
520615 123 
521149 144 
524736 317 
524767 341 
524826 515 
525144 44 
525176 275 
526490 1032 
526647 237 
526757 81 
527506 167 
527893 1006 
528393 44 
529592 966 
529839 655 
530176 112 
530995 11 
531382 176 
532850 129 
534557 404 
536422 144 
536812 51 
537875 91 
538403 128 
542464 99 
543494 240 
543688 47 
547086 115 
548530 1 
549310 139 
549400 716 
549449 1769 
550141 3 
551134 6 
552658 50 
555824 42 
555915 546 
558517 93 
569620 294 
575400 7 
578102 47 
587167 82 
588213 33 
595978 120 
597346 8 
599379 31 
602919 75 
