2419 4.9671875
0 4609101 
13 1426 
13 2279 
15 1770 
16 522 
16 6202 
17 169 
17 301 
18 257 
19 7 
20 33 
22 240 
27 47 
28 114 
29 267 
30 67 
30 84 
31 185 
33 94 
33 635 
34 299 
34 490 
34 158 
35 4556 
35 142 
36 718 
36 388 
37 891 
38 101 
38 66 
38 1416 
38 1663 
39 556 
40 1572 
40 451 
40 199 
40 155 
41 94 
42 1732 
42 211 
42 1492 
44 24 
45 119 
45 2374 
46 1526 
47 3578 
48 1940 
49 163 
49 9 
50 448 
50 5327 
50 532 
51 2709 
52 1928 
53 3702 
54 3309 
55 510 
56 126 
56 259 
58 4504 
58 32 
59 700 
60 73 
60 188 
60 1110 
60 83 
60 17 
61 214 
62 1872 
62 119 
64 173 
64 509 
64 185 
65 791 
66 208 
66 647 
67 220 
67 358 
67 358 
68 325 
68 247 
70 550 
70 844 
70 567 
71 60 
71 1312 
71 368 
71 802 
72 2163 
72 1115 
72 24 
73 104 
73 447 
74 1454 
74 1173 
76 27 
76 668 
77 439 
78 1039 
79 516 
79 188 
79 192 
80 168 
81 86 
82 134 
83 204 
84 104 
84 1021 
85 162 
85 1025 
86 1160 
86 2734 
86 4073 
87 1047 
87 482 
88 173 
88 1031 
89 57 
89 559 
90 228 
90 183 
90 131 
91 954 
92 647 
93 1411 
93 71 
93 5 
93 238 
94 300 
94 1591 
96 663 
96 2582 
96 220 
96 433 
98 528 
99 46 
101 215 
101 1282 
102 390 
103 282 
104 239 
104 852 
105 121 
105 182 
105 134 
106 1039 
106 84 
107 468 
107 3323 
108 235 
109 301 
110 1333 
111 395 
111 265 
111 74 
112 253 
112 561 
113 1249 
113 1428 
113 802 
113 1487 
114 4171 
114 270 
115 621 
115 565 
115 602 
117 30 
117 84 
118 1561 
120 332 
120 44 
121 41 
121 97 
122 199 
122 47 
126 291 
129 1750 
130 108 
130 293 
130 412 
132 393 
132 804 
133 318 
134 670 
134 65 
134 154 
136 219 
136 1197 
137 1255 
138 1426 
139 444 
139 258 
140 4191 
140 356 
140 763 
140 126 
141 1285 
141 107 
141 523 
141 353 
142 1394 
142 425 
144 286 
144 87 
144 46 
144 457 
145 280 
146 1549 
147 614 
148 307 
149 282 
150 253 
150 231 
150 133 
152 296 
152 162 
152 280 
153 855 
153 39 
153 3606 
153 238 
154 154 
154 214 
154 114 
154 223 
155 365 
156 178 
156 662 
158 63 
159 415 
159 1674 
161 216 
163 516 
164 7958 
164 949 
166 231 
166 149 
166 97 
167 1351 
167 819 
169 348 
170 524 
171 77 
173 917 
174 385 
175 325 
175 185 
176 398 
176 99 
178 456 
178 286 
178 168 
179 362 
179 1213 
184 4934 
185 2384 
188 2466 
188 1453 
189 162 
191 263 
192 1221 
192 441 
193 522 
194 132 
195 265 
195 72 
195 2279 
195 428 
196 262 
198 195 
198 417 
199 371 
200 151 
201 456 
203 206 
206 342 
207 59 
209 21 
210 110 
210 540 
212 231 
213 311 
214 10956 
214 226 
215 84 
215 36 
216 234 
217 269 
219 277 
219 448 
221 439 
221 312 
222 881 
224 3 
224 1902 
226 50 
227 3213 
227 109 
229 123 
230 176 
232 432 
232 2914 
233 87 
233 130 
234 229 
238 236 
238 611 
239 76 
239 95 
239 62 
239 2370 
240 116 
240 209 
242 327 
242 145 
244 198 
244 1525 
250 271 
252 781 
253 346 
253 29 
257 2339 
263 589 
265 1018 
270 116 
272 639 
272 424 
278 813 
279 9091 
280 2018 
280 119 
281 1322 
289 231 
295 128 
298 1240 
298 443 
304 3099 
305 185 
306 99 
307 6547 
308 190 
311 108 
314 1404 
315 2767 
372 215 
374 266 
375 116 
376 1434 
378 469 
381 955 
381 226 
386 896 
390 408 
394 51 
396 933 
397 3129 
397 1132 
401 2271 
404 422 
407 3190 
408 403 
415 654 
416 901 
419 804 
419 6993 
421 754 
424 269 
424 330 
429 585 
430 167 
433 11 
433 140 
433 803 
436 1450 
437 730 
440 1709 
444 3979 
446 55 
452 210 
456 32 
458 1821 
458 60 
458 12 
459 216 
460 221 
465 123 
467 5454 
468 61 
470 455 
472 652 
476 686 
476 2330 
479 74 
480 394 
482 404 
483 345 
484 321 
493 937 
494 274 
495 201 
497 175 
499 1481 
501 480 
501 311 
503 1396 
505 35 
506 442 
507 57 
509 443 
509 32 
514 521 
517 547 
519 91 
520 185 
520 1165 
522 1276 
522 219 
528 191 
531 41 
534 232 
539 356 
542 31 
548 51 
555 1278 
555 801 
559 163 
559 1358 
559 785 
561 2919 
568 1843 
569 156 
572 129 
574 558 
575 16943 
577 487 
589 393 
591 1976 
599 3503 
600 958 
609 3041 
610 490 
611 242 
617 235 
626 228 
632 3242 
635 471 
643 208 
645 785 
647 211 
652 1635 
652 396 
654 149 
654 109 
654 149 
655 423 
657 2175 
657 1079 
669 743 
671 1309 
671 91 
676 509 
677 1278 
678 5 
682 1543 
691 333 
693 2306 
697 343 
704 237 
706 115 
706 5105 
707 154 
712 184 
717 190 
720 2907 
724 14695 
725 772 
732 421 
735 256 
740 651 
746 93 
748 154 
753 139 
761 1494 
769 176 
784 160 
793 36 
793 304 
795 319 
795 180 
803 213 
811 2474 
823 155 
826 820 
828 82 
828 668 
837 198 
842 344 
846 811 
846 3636 
852 265 
853 36 
853 67 
857 16803 
867 879 
869 825 
869 67 
875 1735 
879 196 
880 5204 
880 902 
882 20 
898 2156 
901 91 
908 270 
909 4382 
917 7553 
922 381 
922 665 
929 770 
929 342 
934 73 
944 152 
949 2100 
951 639 
953 927 
955 386 
973 3672 
979 1137 
981 1256 
989 1678 
993 670 
995 872 
997 2814 
1001 584 
1010 2477 
1014 850 
1018 416 
1018 291 
1020 867 
1024 397 
1026 535 
1029 181 
1032 411 
1040 377 
1041 276 
1044 532 
1045 139 
1067 1078 
1068 1272 
1069 1149 
1076 99 
1079 1656 
1081 393 
1083 3903 
1093 760 
1093 3579 
1098 1309 
1103 68 
1107 969 
1119 2174 
1131 2311 
1131 1316 
1137 733 
1155 98 
1159 1153 
1161 58 
1163 602 
1180 1631 
1187 442 
1213 649 
1223 233 
1224 2313 
1224 84 
1227 1706 
1227 846 
1238 258 
1243 46 
1247 272 
1267 220 
1273 11 
1276 1777 
1278 810 
1284 1003 
1291 562 
1291 1302 
1296 124 
1312 1522 
1315 9 
1316 955 
1319 28 
1324 649 
1328 1897 
1330 2879 
1334 499 
1334 121 
1335 377 
1341 1127 
1354 898 
1355 478 
1355 147 
1359 283 
1362 2016 
1377 357 
1410 335 
1430 240 
1431 275 
1440 1333 
1444 2978 
1446 5547 
1477 93 
1477 183 
1482 545 
1486 68 
1509 332 
1516 416 
1519 101 
1521 240 
1533 3061 
1535 10 
1538 1325 
1545 613 
1547 221 
1564 442 
1572 241 
1573 452 
1573 699 
1647 1888 
1659 251 
1661 211 
1664 1676 
1668 6527 
1669 844 
1683 129 
1687 293 
1687 528 
1701 327 
1701 1487 
1703 1484 
1704 475 
1719 155 
1721 92 
1722 1695 
1727 974 
1730 135 
1736 604 
1746 335 
1747 1037 
1751 481 
1764 527 
1766 2894 
1780 2062 
1789 774 
1790 75 
1804 266 
1806 2313 
1807 464 
1818 6835 
1821 325 
1836 515 
1854 2529 
1856 2092 
1863 324 
1864 1082 
1866 445 
1869 1225 
1878 2514 
1885 961 
1885 801 
1886 2388 
1887 229 
1893 53 
1895 4047 
1897 6173 
1898 750 
1909 1630 
1915 146 
1930 158 
1934 843 
1937 190 
1959 1198 
1976 2083 
1988 482 
1992 1095 
1994 498 
1997 4786 
2006 1218 
2019 789 
2021 228 
2025 6 
2037 150 
2042 321 
2057 883 
2064 126 
2091 460 
2091 232 
2108 5 
2111 1742 
2118 178 
2122 698 
2128 1749 
2133 1091 
2148 140 
2159 812 
2166 471 
2172 680 
2175 420 
2179 2027 
2212 108 
2218 1478 
2232 186 
2245 1556 
2246 55 
2287 388 
2295 2702 
2301 224 
2302 1118 
2315 611 
2332 2885 
2341 287 
2343 1641 
2353 649 
2366 5092 
2368 4983 
2377 358 
2379 2194 
2389 1586 
2392 1480 
2403 2454 
2407 150 
2408 323 
2410 1424 
2418 1605 
2433 210 
2444 99 
2445 120 
2464 231 
2479 312 
2481 156 
2485 30 
2492 1226 
2495 1157 
2503 664 
2507 573 
2518 1341 
2528 1268 
2528 137 
2530 70 
2558 796 
2571 633 
2575 607 
2587 528 
2599 36 
2603 279 
2604 265 
2606 520 
2610 42 
2626 334 
2637 3818 
2641 341 
2651 21813 
2651 855 
2661 228 
2665 40 
2673 589 
2679 208 
2718 1 
2724 1258 
2737 1525 
2780 914 
2793 1130 
2816 150 
2816 1967 
2842 199 
2856 92 
2872 540 
2883 1349 
2896 168 
2964 464 
2967 3310 
2996 1586 
3024 5828 
3030 1198 
3034 16070 
3050 792 
3053 389 
3062 270 
3070 3099 
3077 235 
3084 158 
3096 4159 
3103 1199 
3107 111 
3127 273 
3135 157 
3146 635 
3147 370 
3157 1281 
3234 128 
3250 199 
3254 162 
3254 455 
3259 189 
3272 15 
3345 404 
3373 2615 
3377 1436 
3388 21 
3395 420 
3403 103 
3418 529 
3424 866 
3428 377 
3438 5288 
3445 279 
3458 648 
3466 321 
3475 173 
3495 699 
3536 1796 
3539 280 
3555 1123 
3561 458 
3592 202 
3597 2330 
3613 1808 
3616 2868 
3627 431 
3648 184 
3669 1689 
3677 176 
3706 1825 
3761 172 
3783 1826 
3814 125 
3816 617 
3817 510 
3824 1218 
3825 149 
3828 4132 
3875 1092 
3964 389 
3980 303 
4005 1160 
4022 171 
4034 757 
4099 1388 
4132 1260 
4139 477 
4168 1956 
4178 193 
4252 1561 
4256 1295 
4272 856 
4308 280 
4319 352 
4345 140 
4349 3789 
4377 2110 
4392 3184 
4401 104 
4403 149 
4418 248 
4431 1582 
4500 1210 
4545 958 
4553 162 
4554 174 
4556 221 
4572 264 
4575 163 
4585 795 
4717 89 
4730 826 
4730 107 
4751 3347 
4767 113 
4791 320 
4903 2910 
4913 275 
4939 1390 
4943 1054 
4952 400 
4962 82 
4996 82 
5121 1690 
5133 31 
5186 3829 
5203 7801 
5212 262 
5231 216 
5242 576 
5251 1516 
5253 579 
5314 194 
5341 802 
5348 90 
5389 443 
5393 1410 
5431 6378 
5458 762 
5486 549 
5502 2336 
5505 1585 
5508 1903 
5571 1670 
5573 1345 
5575 1662 
5587 1711 
5606 105 
5610 2074 
5615 840 
5623 1309 
5650 251 
5659 2906 
5749 740 
5762 230 
5768 296 
5776 512 
5841 1359 
5844 1093 
5858 41 
5858 219 
5858 41 
5872 74 
5878 460 
5938 396 
5970 2235 
6036 464 
6070 157 
6084 664 
6100 67 
6119 746 
6124 2887 
6126 1395 
6137 51 
6215 296 
6224 3195 
6238 26 
6244 329 
6251 226 
6271 400 
6274 78 
6286 1520 
6298 835 
6298 721 
6314 1133 
6323 825 
6372 1144 
6408 689 
6419 889 
6427 914 
6443 1678 
6462 3579 
6491 276 
6545 1764 
6565 1040 
6580 491 
6582 1959 
6624 135 
6629 71 
6664 365 
6675 1140 
6687 274 
6696 96 
6719 931 
6724 1045 
6731 1482 
6782 1506 
6814 150 
6825 705 
6926 153 
6942 1060 
6965 331 
7020 578 
7063 788 
7085 403 
7192 1333 
7194 4746 
7209 471 
7209 248 
7216 300 
7225 886 
7243 3839 
7255 551 
7369 263 
7378 6 
7379 217 
7390 1176 
7401 853 
7449 3195 
7457 8605 
7522 1241 
7534 494 
7537 1776 
7555 3354 
7628 220 
7629 145 
7631 103 
7639 1524 
7653 37 
7715 152 
7755 755 
7757 311 
7765 4164 
7776 1973 
7823 696 
7830 128 
7833 491 
7855 1100 
7989 1034 
8006 286 
8016 529 
8040 3018 
8054 790 
8097 1101 
8117 1298 
8120 406 
8121 512 
8122 734 
8128 376 
8139 556 
8156 571 
8175 71 
8265 300 
8281 1432 
8302 1703 
8305 357 
8321 1859 
8343 1101 
8392 454 
8403 357 
8404 1076 
8418 1603 
8419 259 
8432 1045 
8439 954 
8447 1277 
8518 106 
8535 2063 
8544 801 
8615 60 
8617 157 
8619 575 
8623 1460 
8766 1512 
8768 16 
8826 1383 
8830 338 
8841 871 
8852 157 
8863 844 
8867 973 
8904 3542 
8908 95 
8969 392 
8978 872 
8980 4391 
8994 2802 
9014 1364 
9020 182 
9075 3758 
9101 724 
9106 340 
9119 660 
9124 86 
9191 1307 
9221 166 
9299 376 
9305 69 
9322 346 
9352 3145 
9361 1455 
9450 190 
9462 119 
9469 59 
9614 777 
9722 645 
9818 2159 
9830 69 
9833 597 
9849 149 
9877 990 
9885 164 
9888 1267 
9895 1096 
9917 1029 
10021 2614 
10027 196 
10047 1732 
10125 916 
10131 331 
10149 1931 
10154 284 
10163 1091 
10181 1050 
10184 1505 
10191 1446 
10208 1141 
10209 942 
10237 394 
10309 2202 
10313 268 
10326 120 
10350 761 
10356 1060 
10358 380 
10367 1275 
10465 174 
10473 259 
10482 142 
10548 0 
10587 382 
10611 2893 
10612 840 
10621 1003 
10646 5142 
10647 1910 
10672 1217 
10688 52 
10720 1910 
10753 408 
10801 357 
10808 1225 
10825 441 
10827 862 
10834 2726 
10871 9250 
10892 215 
10902 309 
10922 3676 
10924 797 
10928 148 
10949 1724 
10949 592 
10957 1139 
10980 2839 
11071 71 
11072 80 
11110 400 
11142 145 
11194 149 
11223 48 
11239 907 
11361 1048 
11380 382 
11420 986 
11481 5314 
11515 204 
11540 359 
11541 651 
11558 626 
11564 314 
11569 195 
11638 1024 
11650 447 
11653 1332 
11660 570 
11683 1837 
11700 869 
11726 2270 
11790 914 
11791 134 
11847 588 
11922 877 
11925 203 
11953 523 
11962 862 
12013 1104 
12071 974 
12083 125 
12136 1053 
12155 788 
12235 896 
12279 144 
12285 29 
12355 1508 
12373 3273 
12414 1160 
12494 727 
12496 136 
12534 66 
12548 1605 
12573 248 
12614 449 
12676 594 
12682 701 
12703 6185 
12736 228 
12737 351 
12807 1735 
12807 49 
12858 246 
12858 42 
12863 163 
12881 1285 
12912 2835 
12934 2137 
12957 535 
12984 143 
13098 85 
13099 329 
13149 310 
13155 387 
13211 714 
13237 37 
13299 1629 
13315 1410 
13326 1536 
13379 46 
13427 34 
13577 43 
13591 324 
13686 1591 
13770 435 
13882 1122 
13910 109 
13918 806 
13973 257 
13973 101 
14125 616 
14189 1081 
14241 469 
14259 246 
14294 563 
14312 217 
14334 285 
14415 1019 
14450 368 
14471 2075 
14612 19 
14675 14239 
14706 1123 
14730 2369 
14787 559 
14837 893 
14844 118 
14866 355 
14892 1248 
14917 706 
14935 1316 
14998 11 
15002 10 
15027 26 
15047 1595 
15065 90 
15068 1360 
15087 1188 
15110 719 
15117 206 
15173 1166 
15176 980 
15183 668 
15214 1806 
15266 149 
15281 1427 
15299 288 
15333 810 
15355 175 
15379 241 
15447 1304 
15461 3652 
15506 1658 
15512 685 
15513 643 
15562 687 
15572 2071 
15584 3110 
15607 454 
15700 1859 
15733 3900 
15778 62 
16021 228 
16063 1208 
16140 3604 
16174 1530 
16224 387 
16231 556 
16280 352 
16413 498 
16511 3322 
16674 1962 
16719 1855 
16732 1203 
16894 1163 
16947 495 
16955 403 
16985 1052 
17071 338 
17106 121 
17153 2333 
17173 1714 
17201 1223 
17324 382 
17397 3787 
17434 672 
17492 1709 
17516 340 
17747 239 
17748 10446 
17773 615 
17780 2113 
17791 774 
17823 1009 
17830 101 
17837 488 
17847 728 
17858 2625 
17892 1120 
17899 426 
17913 358 
17929 1808 
17935 1073 
17998 1030 
18043 523 
18054 92 
18094 78 
18102 22 
18174 199 
18181 782 
18292 350 
18329 306 
18346 832 
18401 409 
18502 941 
18749 135 
18836 565 
18850 616 
19181 329 
19313 306 
19341 937 
19369 1718 
19425 747 
19484 968 
19497 267 
19552 17502 
19573 54 
19681 537 
19713 391 
19761 238 
19847 1514 
19861 9049 
19874 3751 
19887 3751 
19977 8674 
19986 797 
20020 53 
20024 386 
20067 448 
20234 2049 
20635 1428 
20785 252 
20790 579 
20852 791 
20858 4148 
20959 373 
21207 916 
21249 1133 
21419 367 
21446 54 
21450 1426 
21494 401 
21759 897 
21952 1973 
21963 297 
21987 1007 
22072 4128 
22155 188 
22259 17 
22311 257 
22624 1670 
22733 172 
22857 2247 
22859 177 
22971 816 
23101 1295 
23134 891 
23585 1366 
23611 30 
23639 1251 
23684 630 
23722 2626 
23781 69 
23857 1006 
23860 2405 
24032 307 
24135 1282 
24244 1385 
24512 158 
24565 256 
24595 125 
24825 528 
24929 2095 
24972 228 
25035 836 
25066 601 
25087 1006 
25106 1498 
25483 1972 
25590 2380 
25723 627 
25847 1421 
25965 727 
26006 727 
26054 4399 
26173 1458 
26202 198 
26254 936 
26265 8 
26384 251 
27129 885 
27257 389 
27593 25 
27689 353 
27921 162 
28015 642 
28051 383 
28179 206 
28276 514 
28530 319 
28942 3042 
29011 5 
29224 576 
29230 27 
29727 551 
29760 6722 
29957 5119 
30074 481 
30076 38 
30638 175 
30944 1121 
30976 74 
31601 1165 
32230 1405 
32418 3205 
32425 385 
32539 1865 
33191 67 
33194 3832 
33765 1232 
33943 446 
33957 155 
34074 535 
34136 4264 
34143 898 
34447 562 
34607 2 
34659 111 
34734 878 
34855 203 
35406 7 
35832 1013 
35832 1013 
35988 156 
36139 719 
36144 1276 
36451 165 
37079 206 
37150 438 
37578 140 
37739 128 
38024 813 
38032 420 
38049 508 
38342 169 
38529 1429 
38536 5145 
38582 4448 
38691 1483 
38782 1655 
38794 1064 
38950 199 
39240 2743 
39260 648 
39692 837 
39889 305 
40504 369 
40596 205 
40624 1163 
40767 222 
40825 1360 
40840 886 
40978 428 
40995 903 
41044 686 
41214 2252 
41254 106 
41270 5213 
41368 2334 
41417 415 
41561 923 
41599 938 
42021 2026 
42517 959 
42543 426 
42615 675 
42704 1759 
42773 183 
42842 204 
43023 397 
43089 433 
43160 549 
43436 696 
43505 235 
43651 31 
43717 668 
44250 1409 
44279 1669 
44294 4067 
44298 1927 
44340 860 
44362 302 
44551 66 
44553 4354 
44559 338 
44567 262 
44579 163 
44678 644 
44702 43 
44735 1741 
44845 289 
45058 409 
45311 996 
45352 264 
45352 3728 
45527 882 
45669 3124 
45732 2676 
45815 7096 
45837 807 
45881 238 
46001 723 
46018 94 
46020 291 
46065 261 
46081 2704 
46146 902 
46148 978 
46163 6520 
46352 1347 
46355 201 
46468 284 
46576 2258 
46807 480 
46974 72 
47057 304 
47088 1850 
47189 810 
47539 163 
47542 2 
47583 173 
47811 28 
47868 2498 
48192 1498 
48963 827 
49127 350 
49319 2153 
49379 1621 
49423 18 
49451 1190 
49533 1252 
49560 90 
49699 724 
49763 160 
49906 1129 
50169 107 
50180 206 
50200 2950 
50287 23914 
50346 2529 
50477 824 
50486 3150 
50626 9809 
50696 2089 
50748 265 
50758 202 
50778 2869 
50822 1095 
50849 1615 
50856 339 
50895 1742 
50935 591 
50950 1061 
50980 1245 
50984 330 
50994 475 
51222 88 
51233 2065 
51267 1075 
51277 807 
51430 121 
51441 287 
51653 801 
51963 330 
52001 229 
52037 457 
52088 209 
52168 143 
52303 1685 
52317 205 
52326 119 
52360 397 
52482 513 
52500 1294 
52504 2105 
52539 183 
52555 335 
52712 482 
52851 2480 
52865 363 
52967 9879 
53039 1091 
53191 491 
53564 6230 
53565 1372 
53572 3538 
53602 76 
53671 1201 
53796 53 
53878 412 
53920 7961 
54098 821 
54099 217 
54232 153 
54252 7389 
54273 950 
54287 152 
54295 182 
54486 2414 
54503 110 
54541 7811 
54559 9564 
54621 80 
54634 278 
54678 334 
54749 515 
54812 2922 
54825 1321 
54883 225 
54902 75 
55025 653 
55260 689 
55415 587 
55426 54 
55477 6118 
55790 160 
56012 211 
56158 518 
56211 1973 
56283 2433 
56306 25 
56397 3180 
56456 284 
56490 1196 
56494 248 
56611 69 
56987 2060 
57017 243 
57167 2574 
57175 2009 
57308 3997 
57459 763 
57537 53 
58279 156 
58390 640 
58453 282 
58467 194 
58491 574 
58509 951 
58539 673 
58574 1229 
58601 1906 
58751 573 
58758 361 
58777 745 
58849 73 
58908 325 
58913 296 
58947 962 
59175 293 
59299 103 
59331 1676 
59335 58 
59344 1113 
59439 511 
59453 248 
59551 1524 
59674 1125 
59675 1361 
59798 347 
59984 198 
60176 165 
60240 788 
60282 211 
60416 129 
60482 1402 
60601 288 
60611 881 
60674 3016 
60696 5950 
60723 874 
60731 1876 
60758 245 
60836 186 
60949 1281 
60990 611 
61087 512 
61277 1003 
61308 478 
61351 2690 
61362 1411 
61395 714 
61405 451 
61422 229 
61609 223 
61975 325 
62045 1529 
62111 448 
62324 768 
62565 2168 
62862 1755 
63031 214 
63140 298 
63143 971 
63148 625 
63171 82 
63205 961 
63411 647 
63545 7081 
63575 695 
63708 1129 
63767 1955 
63779 319 
63793 557 
63946 671 
64491 653 
64544 1824 
64578 1229 
64606 3572 
64636 2934 
64687 226 
64699 1997 
64858 726 
64983 156 
64994 1547 
65055 554 
65120 353 
65170 122 
65232 539 
65303 153 
65312 154 
65499 1483 
65547 1429 
65860 416 
66035 335 
66235 1214 
66326 264 
66358 67 
66387 3836 
66544 3738 
66576 1477 
66658 1964 
66712 1448 
66757 271 
67104 1141 
67549 1671 
67553 1969 
67755 1911 
67790 504 
67810 524 
67885 1162 
67927 124 
68017 199 
68017 1159 
68079 369 
68107 2806 
68122 1381 
68175 531 
68249 1630 
68253 1223 
68425 243 
68493 2466 
68574 927 
68602 1103 
68644 1317 
68768 166 
68783 923 
68860 40 
69138 1048 
69163 1235 
69167 1312 
69197 1957 
69245 3229 
69353 189 
69448 2331 
69473 692 
69481 1329 
69542 671 
69594 614 
69978 1501 
70069 2809 
70109 615 
70347 126 
70489 512 
70552 2428 
70681 250 
70706 172 
70730 1290 
70808 1025 
70902 776 
71034 1400 
71037 199 
71063 1254 
71236 39 
71264 367 
71288 1775 
71354 1077 
71410 1473 
71458 287 
71481 289 
71505 648 
71572 1069 
71579 974 
71710 263 
71721 147 
71737 515 
72131 862 
72163 1749 
72175 49 
72203 335 
72206 477 
72213 131 
72238 1375 
72306 1284 
72496 1906 
72502 159 
72568 319 
72634 205 
72760 282 
72780 5079 
72904 178 
73055 953 
73081 132 
73087 384 
73289 559 
73359 1486 
73518 768 
73570 53 
73692 185 
73844 3753 
73864 1402 
74180 176 
74186 226 
74269 108 
74340 1474 
74372 1196 
74393 19 
74407 1671 
74498 254 
74532 500 
74627 527 
74657 805 
74728 1360 
74749 681 
74765 1337 
74890 107 
74969 316 
74971 442 
75021 771 
75057 3122 
75082 801 
75173 1987 
75215 1295 
75235 225 
75246 956 
75484 1488 
75503 528 
75774 628 
75895 628 
75948 1145 
75993 8842 
75996 8 
76146 512 
76394 212 
76444 1725 
76618 1350 
76630 35 
76635 1643 
76860 1554 
77018 466 
77188 473 
77214 1747 
77214 810 
77373 24 
77455 4 
77521 140 
77628 46 
77700 193 
77701 270 
77750 2964 
77974 1104 
78148 956 
78210 2813 
78254 981 
78296 479 
78333 918 
78348 130 
78692 284 
78945 1626 
78985 247 
79019 2705 
79123 15 
79213 361 
79409 68 
79519 1004 
79648 455 
79653 803 
79700 2020 
79736 508 
79792 198 
79805 94 
79848 121 
79875 1063 
79957 3379 
80065 1187 
80071 1388 
80469 1080 
80543 86 
80615 1469 
80917 300 
80993 1871 
81000 1056 
81004 3072 
81027 772 
81027 16 
81087 324 
81224 769 
81462 215 
81763 349 
81805 1498 
81873 908 
81875 649 
82025 791 
82471 1833 
82510 503 
82652 137 
83085 13 
83111 1209 
83150 169 
83169 275 
83218 1365 
83251 1220 
83406 793 
83504 246 
83712 670 
83743 1347 
83816 7215 
83908 20 
84021 440 
84310 1554 
84384 2066 
84440 184 
84718 27 
84728 255 
84782 940 
84998 175 
85239 344 
85491 392 
85508 190 
85605 1600 
85708 1645 
85821 1214 
85932 143 
85966 113 
86026 264 
86064 315 
86072 1751 
86082 307 
86156 564 
86190 800 
86363 819 
86368 1120 
86484 116 
86533 578 
86727 1796 
86747 164 
86868 6813 
86887 604 
86925 323 
87008 1613 
87058 1975 
87206 840 
87276 2 
87386 2166 
87425 441 
87489 2424 
87567 1817 
87598 462 
87645 505 
87734 1338 
87786 256 
87851 1840 
87917 241 
88353 1734 
88613 241 
88752 348 
88949 89 
88955 97 
89303 113 
89428 864 
89515 443 
90013 3817 
90072 981 
90085 1473 
90177 743 
90256 618 
90313 701 
90478 174 
90881 1054 
91314 264 
91512 8115 
91521 2315 
91767 374 
91822 141 
91830 700 
91925 738 
92094 665 
92290 1920 
92371 1732 
92433 345 
92531 2145 
92545 25480 
92611 1344 
92619 473 
92649 729 
92711 1038 
92876 2644 
93253 643 
93593 581 
93624 362 
93634 1705 
93726 959 
93807 1247 
93813 51 
93876 1830 
93937 989 
93978 281 
94042 361 
94096 983 
94110 1251 
94259 722 
94311 585 
94331 3265 
94416 179 
94682 620 
94705 8621 
94777 743 
94989 2579 
95011 1572 
95082 783 
95193 361 
95202 609 
95238 4736 
95497 431 
95549 380 
95748 933 
95786 490 
96033 1946 
96096 418 
96569 536 
96609 1589 
96706 282 
96851 383 
96922 6382 
97886 227 
98171 1571 
98268 998 
98511 837 
98718 453 
99049 1196 
99232 7262 
99250 507 
99261 874 
99499 36 
99696 21 
99787 915 
99821 82 
100407 744 
100447 72 
100480 279 
100882 816 
100902 559 
100979 278 
101012 226 
101073 430 
101125 467 
101666 65 
101918 539 
101991 766 
102225 713 
102962 1101 
103179 19266 
103183 30 
103999 723 
104022 274 
104778 848 
104828 571 
105088 180 
105241 383 
105532 204 
106370 401 
106464 764 
107040 1981 
107303 499 
107380 794 
107490 82 
107540 702 
107569 298 
107996 1020 
108436 224 
108574 287 
108896 436 
109003 403 
109193 6 
109239 325 
109534 325 
109684 716 
109861 158 
110044 534 
110251 36 
110402 561 
110433 1690 
110445 211 
112135 358 
112453 632 
112646 849 
115589 3333 
118045 260 
118430 1196 
123885 98 
125334 268 
126511 1369 
126656 2198 
126733 15564 
129195 771 
129621 1877 
130533 155 
130723 195 
131352 1155 
131549 3009 
131755 179 
132280 906 
132280 668 
133493 3247 
133734 388 
134163 838 
134676 1909 
135069 648 
135392 15128 
135587 4023 
136934 337 
137478 440 
138275 9414 
138732 2332 
138733 1123 
139220 6135 
139318 4822 
139355 121 
140724 623 
140967 155 
141986 766 
142125 799 
142188 610 
143029 549 
143767 472 
144124 940 
145335 491 
145386 332 
146614 1081 
146932 1514 
147253 333 
147407 110 
147581 667 
148071 213 
148234 1136 
148307 704 
148670 1429 
148822 34 
148954 426 
149027 689 
149141 1669 
149470 1256 
149497 490 
149660 66 
149724 205 
149848 354 
149974 283 
149976 782 
150096 178 
150314 151 
151089 188 
151232 1129 
151673 484 
151707 2981 
152121 3051 
152156 6374 
152212 1737 
152258 427 
152366 1436 
152393 376 
152583 966 
152727 533 
153090 145 
153617 858 
153658 809 
153819 337 
153901 298 
154087 829 
154503 3815 
155100 71 
155165 703 
155180 1151 
155670 811 
155771 1784 
156388 157 
156468 82 
156661 1964 
156692 301 
156879 210 
157004 180 
157016 107 
157231 1295 
158368 1548 
158539 2499 
159429 11551 
159623 1683 
159957 77 
160309 2664 
160392 438 
160702 1278 
160931 186 
160936 786 
161254 1430 
161456 45 
161955 635 
163208 60 
163471 118 
163921 561 
164234 387 
164236 1795 
164614 475 
164637 355 
165548 687 
165834 197 
166321 656 
166333 628 
166494 7 
167382 143 
167392 1352 
167421 143 
168174 824 
168190 631 
168485 1660 
169263 4532 
169571 654 
170383 67 
170404 2367 
170921 1147 
181942 96 
182487 482 
182567 156 
183101 700 
184624 576 
186460 175 
186742 918 
186836 1655 
187140 1873 
188435 45 
193937 123 
194020 187 
194380 795 
199408 4 
202405 163 
204081 1156 
211868 462 
211942 154 
215620 1499 
217213 596 
217213 596 
218740 769 
223400 1249 
225700 333 
225706 1010 
231803 58 
232079 2561 
232095 77 
233128 1102 
234878 657 
235192 61 
235646 1229 
235831 1370 
237284 398 
238351 605 
238440 766 
239328 467 
239843 2216 
240603 1346 
244030 210 
245288 1198 
245306 153 
245960 565 
246249 348 
246959 451 
247944 1539 
247966 146 
248055 47 
248586 1849 
248674 1111 
249458 229 
249640 79 
250431 1746 
250624 279 
251270 813 
252510 220 
252859 259 
253557 1307 
253883 1141 
255375 2867 
256149 65 
256321 335 
257649 272 
259376 1538 
261132 779 
263457 448 
263742 832 
263918 179 
265852 114 
267733 132 
268406 292 
269255 618 
270056 453 
270094 538 
271963 213 
272197 4572 
274214 708 
277537 6210 
277841 244 
280793 545 
287235 73 
288173 306 
308811 39 
313052 563 
315924 830 
317866 269 
317970 1424 
318429 1320 
318550 345 
320006 203 
321911 2504 
321926 756 
324824 3072 
325011 786 
325036 1808 
326227 508 
329404 69 
335045 281 
338164 182 
339803 610 
340240 1540 
340718 895 
341391 257 
345037 1923 
345069 742 
345686 596 
345728 196 
347228 260 
350954 488 
350954 488 
353385 458 
354591 192 
358571 243 
361249 929 
362261 6919 
363308 1379 
365181 396 
365495 804 
371496 1458 
372281 2347 
402457 153 
404565 545 
406587 1123 
406669 435 
408184 245 
425874 577 
431003 1753 
433917 1320 
434315 189 
438135 645 
439839 105 
449984 408 
450012 184 
468923 736 
471910 778 
483283 47 
496637 57 
501651 395 
504299 299 
512691 228 
517605 2575 
520031 0 
523781 2664 
526881 1810 
531580 279 
534332 279 
540363 373 
542764 232 
562135 1490 
578192 414 
582453 609 
585539 1101 
590978 1542 
