2077 2.66174768519
0 552239 
7 3594 
17 1578 
21 1146 
22 141 
22 673 
22 1095 
22 1980 
24 537 
25 749 
27 378 
31 90 
31 430 
32 840 
33 1103 
33 455 
34 312 
38 4509 
39 158 
40 669 
40 106 
43 2156 
46 83 
48 1028 
49 990 
49 828 
49 7197 
50 479 
51 1140 
51 95 
54 1725 
57 130 
58 660 
58 583 
59 668 
59 148 
60 5806 
60 714 
62 544 
62 200 
63 860 
65 85 
67 222 
67 266 
68 287 
68 403 
69 850 
69 181 
71 213 
74 102 
74 1049 
75 20 
78 297 
79 712 
79 165 
80 568 
80 287 
81 1314 
84 177 
84 421 
86 149 
88 116 
89 411 
90 846 
90 1736 
93 595 
93 1176 
95 163 
95 762 
95 2227 
98 669 
98 101 
100 139 
102 8 
102 476 
102 442 
103 10902 
103 1851 
105 1505 
106 116 
106 7076 
106 131 
108 2937 
110 506 
110 132 
110 347 
111 1351 
111 546 
111 10129 
114 443 
115 332 
115 1017 
119 56 
119 367 
121 390 
122 92 
122 579 
123 309 
123 166 
124 8184 
125 330 
125 758 
125 94 
126 11265 
127 1169 
128 514 
128 125 
129 331 
129 711 
130 216 
130 1409 
131 234 
132 148 
134 51 
135 51 
135 1843 
139 1829 
140 174 
140 786 
142 888 
142 61 
143 721 
143 35 
144 1581 
145 301 
145 193 
147 196 
147 458 
148 717 
149 64 
151 159 
151 1574 
152 669 
152 402 
152 124 
152 10 
153 122 
154 770 
154 641 
156 1006 
157 2449 
157 119 
158 2099 
158 361 
159 685 
160 1348 
160 299 
165 168 
167 11 
167 982 
168 76 
170 357 
172 174 
173 949 
173 1279 
173 67 
174 596 
175 2979 
176 352 
176 43 
176 101 
178 927 
179 924 
179 242 
180 2236 
180 3680 
181 142 
181 711 
183 1060 
183 78 
183 204 
185 948 
188 638 
188 102 
188 168 
188 1418 
189 831 
190 111 
191 12 
191 32 
191 1511 
191 821 
192 242 
192 666 
192 1200 
193 199 
195 93 
196 54 
196 359 
196 126 
196 504 
197 388 
197 74 
197 36 
198 232 
198 553 
198 75 
198 159 
200 546 
200 530 
201 134 
201 90 
205 313 
206 194 
206 314 
206 5789 
206 176 
207 1368 
209 594 
210 731 
210 2160 
212 60 
214 488 
215 11 
216 191 
216 751 
217 1009 
218 541 
218 575 
221 279 
221 1310 
224 36 
225 1554 
226 123 
226 136 
227 182 
227 619 
227 553 
229 752 
229 168 
231 437 
231 1019 
233 237 
236 119 
237 238 
237 1217 
238 592 
239 737 
239 93 
240 2652 
240 86 
241 20 
243 409 
243 49 
243 380 
243 148 
244 165 
244 100 
246 1142 
247 1241 
248 200 
249 129 
250 735 
250 552 
251 1903 
252 228 
253 6314 
253 549 
253 140 
255 7 
255 64 
257 619 
259 766 
259 853 
260 4680 
262 203 
264 2505 
264 175 
265 120 
265 133 
265 83 
267 944 
269 355 
269 293 
273 178 
274 8 
274 1225 
274 25 
275 2125 
277 3227 
281 78 
282 724 
283 113 
286 327 
286 161 
288 37 
288 317 
288 99 
292 694 
293 284 
294 36 
294 74 
297 44 
298 2702 
298 115 
298 1372 
299 68 
301 143 
301 182 
303 666 
308 291 
309 1740 
311 232 
315 640 
315 962 
315 3707 
318 25 
321 1245 
321 281 
325 1680 
327 36 
327 899 
327 233 
330 1166 
330 186 
331 66 
331 341 
331 731 
332 1224 
332 484 
332 34 
333 1507 
333 316 
334 474 
334 2145 
335 2800 
337 655 
337 48 
341 1040 
341 1779 
342 86 
344 154 
344 41 
346 695 
347 3589 
348 924 
353 192 
354 569 
355 775 
357 1073 
358 1087 
359 426 
361 43 
364 39 
366 324 
367 666 
367 1290 
369 1696 
370 2373 
371 820 
373 109 
373 77 
373 689 
374 318 
375 70 
376 579 
377 401 
382 105 
382 347 
384 141 
385 1186 
386 1621 
387 636 
388 424 
390 674 
392 199 
392 215 
393 162 
393 75 
394 671 
395 576 
395 292 
395 2840 
396 365 
396 395 
397 1402 
397 709 
398 25 
398 804 
398 549 
398 458 
400 70 
407 186 
409 19 
410 891 
410 157 
419 666 
424 134 
426 7913 
427 209 
428 50 
430 132 
435 1708 
437 1177 
437 1109 
438 797 
438 324 
440 31 
442 1148 
443 140 
443 1 
443 293 
446 831 
447 2496 
448 933 
448 1164 
451 61 
451 103 
452 745 
456 756 
462 423 
462 1565 
463 305 
465 62 
467 979 
467 274 
469 1288 
471 69 
472 447 
473 351 
474 233 
476 108 
477 1613 
481 1160 
481 113 
481 41 
489 1037 
493 69 
494 165 
500 562 
504 70 
506 330 
507 13 
511 292 
512 305 
512 146 
514 844 
515 951 
515 2594 
517 1211 
519 341 
519 718 
519 64 
525 50 
529 482 
532 903 
533 289 
534 381 
537 1049 
538 222 
541 189 
545 1021 
549 844 
551 93 
554 843 
555 5424 
558 454 
564 881 
565 137 
567 387 
570 487 
570 167 
574 9020 
575 90 
576 241 
577 2 
582 88 
582 72 
584 5968 
585 1771 
588 679 
589 91 
590 1420 
593 79 
595 1182 
596 4952 
600 474 
600 428 
600 949 
601 384 
602 404 
603 375 
604 1035 
604 127 
604 451 
607 476 
608 3316 
609 279 
609 184 
609 401 
617 2013 
617 2139 
618 52 
619 315 
624 241 
627 263 
627 708 
636 106 
639 520 
640 1438 
644 986 
647 1223 
650 5221 
653 355 
654 3647 
655 829 
657 467 
659 143 
661 548 
661 1230 
662 787 
667 4328 
670 2377 
671 613 
675 398 
675 267 
680 117 
682 252 
686 71 
687 69 
689 558 
693 15 
696 1056 
698 1002 
704 4052 
706 27 
711 638 
720 112 
722 23 
723 54 
726 66 
727 194 
734 696 
745 1772 
750 249 
757 736 
758 64 
762 165 
763 34 
767 2333 
774 149 
775 1335 
776 363 
782 376 
786 79 
787 337 
793 128 
794 53 
798 1586 
804 1594 
805 82 
805 26 
807 153 
812 501 
814 32 
816 661 
817 201 
818 113 
833 51 
845 2383 
855 654 
862 160 
865 24 
865 75 
869 1601 
871 771 
875 1211 
880 471 
883 11 
887 1642 
888 3062 
896 256 
899 5 
900 1611 
902 179 
902 64 
907 147 
912 119 
920 146 
920 37 
921 1239 
925 595 
927 147 
933 2187 
936 1862 
940 357 
941 799 
944 1052 
947 191 
948 2804 
952 725 
957 5 
958 137 
961 3903 
964 2659 
965 199 
968 661 
968 81 
975 228 
978 278 
984 5590 
989 56 
992 479 
995 16 
996 863 
996 3366 
998 151 
999 85 
1001 146 
1001 140 
1002 678 
1011 52 
1026 6231 
1033 282 
1041 2154 
1045 1248 
1049 129 
1052 924 
1053 283 
1054 129 
1058 1656 
1072 203 
1073 142 
1075 265 
1078 529 
1092 3161 
1093 39 
1094 22 
1097 929 
1099 1635 
1119 777 
1121 545 
1121 172 
1130 310 
1150 593 
1154 509 
1156 594 
1160 812 
1163 465 
1180 269 
1187 210 
1189 264 
1190 133 
1190 82 
1193 104 
1197 338 
1198 212 
1201 704 
1204 155 
1205 717 
1209 55 
1210 1639 
1213 1649 
1214 965 
1214 606 
1217 89 
1231 878 
1233 228 
1239 271 
1239 502 
1241 38 
1244 1097 
1253 35 
1258 1097 
1272 662 
1279 1592 
1281 216 
1290 1476 
1294 239 
1306 591 
1316 239 
1322 20493 
1334 1517 
1343 20 
1344 298 
1362 4411 
1364 61 
1366 205 
1370 4175 
1370 643 
1376 558 
1377 2996 
1378 557 
1381 3038 
1397 96 
1399 207 
1403 33 
1404 335 
1414 1197 
1418 1587 
1427 536 
1430 145 
1444 131 
1452 2693 
1454 185 
1461 513 
1464 10072 
1490 94 
1505 534 
1506 2332 
1507 1524 
1507 1123 
1517 192 
1525 891 
1529 1684 
1530 144 
1538 619 
1549 451 
1550 159 
1570 649 
1589 1498 
1602 205 
1629 132 
1631 1843 
1646 851 
1654 5584 
1656 44 
1658 1089 
1660 914 
1685 1507 
1699 793 
1706 569 
1713 1209 
1722 915 
1725 952 
1726 1138 
1736 8328 
1742 50 
1750 1279 
1759 229 
1768 53 
1781 1401 
1782 160 
1791 738 
1799 1077 
1802 794 
1803 466 
1808 865 
1817 62 
1830 618 
1848 682 
1848 432 
1870 534 
1876 4267 
1878 474 
1878 180 
1882 1135 
1900 1001 
1900 42 
1901 2427 
1912 381 
1921 884 
1923 1012 
1923 646 
1923 922 
1930 227 
1931 3925 
1941 17 
1949 82 
1949 1145 
1954 1477 
1957 297 
1974 1611 
1989 577 
1995 350 
1995 641 
2000 105 
2009 1392 
2023 1045 
2055 904 
2067 196 
2089 1548 
2112 403 
2128 81 
2147 233 
2168 1041 
2169 45 
2198 227 
2217 1060 
2223 133 
2227 194 
2245 44 
2262 2608 
2263 19 
2272 779 
2274 111 
2285 757 
2286 838 
2314 3720 
2322 1128 
2335 205 
2344 819 
2346 43 
2367 695 
2368 1276 
2377 579 
2383 1520 
2413 273 
2437 388 
2438 3632 
2455 231 
2457 1764 
2465 2417 
2498 1816 
2521 583 
2531 301 
2532 257 
2536 81 
2540 830 
2550 2651 
2558 1076 
2564 1337 
2566 18 
2581 195 
2588 67 
2594 78 
2606 781 
2609 266 
2615 1703 
2617 364 
2626 33 
2653 1979 
2661 0 
2674 327 
2676 288 
2676 152 
2690 2548 
2700 3342 
2713 1204 
2733 540 
2735 22326 
2757 201 
2758 343 
2767 337 
2774 19 
2775 1224 
2798 1337 
2800 196 
2803 3893 
2809 576 
2810 69 
2811 401 
2836 15 
2847 61 
2859 138 
2859 1102 
2862 1325 
2870 12 
2875 504 
2876 445 
2880 27310 
2889 243 
2892 741 
2902 58 
2911 235 
2912 571 
2914 1443 
2920 1819 
2922 255 
2925 1040 
2944 770 
2990 378 
3000 749 
3002 131 
3002 0 
3021 765 
3022 647 
3025 2442 
3032 526 
3050 234 
3056 193 
3068 300 
3083 1609 
3093 190 
3097 496 
3113 1096 
3127 315 
3129 592 
3146 34 
3158 887 
3161 860 
3180 414 
3208 755 
3253 3618 
3254 276 
3254 153 
3286 1005 
3288 502 
3317 1315 
3318 276 
3328 196 
3339 1270 
3347 8 
3354 2617 
3361 21 
3367 1019 
3374 659 
3380 7941 
3399 2591 
3403 1836 
3404 3838 
3405 209 
3415 176 
3422 651 
3430 3458 
3442 169 
3444 1587 
3447 1209 
3461 522 
3475 86 
3524 2728 
3534 450 
3547 40 
3564 427 
3580 484 
3588 93 
3604 2399 
3617 230 
3618 285 
3624 113 
3633 53 
3634 235 
3645 92 
3656 320 
3670 272 
3680 1400 
3697 72 
3702 334 
3708 214 
3713 210 
3717 359 
3724 60 
3760 572 
3765 25 
3780 541 
3787 82 
3798 664 
3801 623 
3802 1205 
3849 1888 
3850 1400 
3872 811 
3873 158 
3874 2912 
3897 1443 
3901 36 
3913 1100 
3922 68 
3923 749 
3927 677 
3934 141 
3943 35 
3950 2339 
3963 329 
3989 545 
3992 1 
3993 147 
4004 374 
4021 113 
4028 1393 
4047 744 
4051 1213 
4054 49 
4103 1884 
4104 3296 
4106 898 
4118 610 
4136 782 
4171 1366 
4178 374 
4216 1071 
4217 874 
4234 1871 
4258 1736 
4261 145 
4295 3541 
4308 145 
4317 59 
4318 6 
4334 611 
4335 457 
4357 757 
4388 852 
4413 940 
4421 1215 
4432 161 
4442 49 
4474 1445 
4475 892 
4475 1543 
4477 127 
4481 2345 
4482 773 
4497 4616 
4501 538 
4508 286 
4529 3849 
4531 257 
4537 422 
4544 835 
4550 203 
4570 328 
4581 93 
4583 302 
4597 52 
4599 1363 
4612 2032 
4613 1377 
4621 4213 
4644 343 
4645 476 
4656 121 
4664 654 
4664 649 
4669 456 
4669 336 
4672 69 
4699 413 
4713 1053 
4717 6182 
4734 71 
4748 49 
4752 1319 
4811 91 
4822 259 
4828 301 
4843 55 
4847 448 
4849 516 
4852 3760 
4875 1252 
4880 981 
4893 1780 
4899 2431 
4901 592 
4931 944 
4948 67 
4968 239 
4971 767 
4981 2405 
4997 822 
5011 261 
5044 1385 
5045 109 
5063 1863 
5064 493 
5067 210 
5091 521 
5106 394 
5107 1564 
5118 1437 
5120 353 
5131 315 
5138 859 
5159 525 
5164 652 
5172 2548 
5199 1301 
5202 1328 
5207 506 
5210 59 
5213 337 
5221 57 
5223 306 
5244 368 
5265 1605 
5273 1115 
5276 767 
5303 1564 
5336 223 
5421 28 
5445 830 
5505 417 
5538 247 
5553 437 
5554 3774 
5558 120 
5561 916 
5573 711 
5575 2974 
5579 1225 
5581 492 
5593 410 
5594 1698 
5604 522 
5610 409 
5656 124 
5672 4 
5678 155 
5702 464 
5712 1086 
5751 258 
5778 1369 
5782 173 
5803 94 
5806 1325 
5855 140 
5855 186 
5858 1125 
5887 363 
5903 242 
5928 1686 
5934 13 
5954 19 
5965 281 
5977 238 
5980 670 
6008 1939 
6017 97 
6018 331 
6078 987 
6089 82 
6114 1156 
6122 1054 
6131 363 
6156 39 
6158 184 
6162 54 
6168 374 
6169 253 
6185 106 
6229 827 
6271 748 
6326 387 
6329 560 
6339 70 
6340 973 
6356 46 
6408 1577 
6420 1127 
6420 322 
6422 183 
6456 75 
6456 3156 
6487 922 
6497 0 
6500 91 
6534 211 
6540 319 
6599 412 
6613 1046 
6651 83 
6651 83 
6727 248 
6730 170 
6737 127 
6741 1741 
6743 706 
6744 758 
6751 1795 
6762 1057 
6768 1217 
6769 687 
6819 120 
6845 598 
6850 2828 
6854 396 
6863 2164 
6886 412 
6919 90 
6944 1853 
6946 2153 
6949 596 
6972 491 
6972 159 
6984 525 
6993 1242 
7005 972 
7027 457 
7040 2130 
7054 9222 
7059 1630 
7085 962 
7089 1698 
7113 135 
7119 726 
7162 150 
7166 3619 
7173 204 
7184 1030 
7191 1317 
7210 249 
7223 214 
7236 2311 
7264 17 
7284 534 
7309 567 
7310 1252 
7314 639 
7319 97 
7352 212 
7377 661 
7405 4189 
7408 749 
7410 131 
7424 2649 
7435 255 
7436 1131 
7450 836 
7460 0 
7469 173 
7474 1187 
7485 14 
7542 608 
7571 2186 
7586 951 
7608 1424 
7621 459 
7641 3047 
7659 3017 
7672 376 
7697 316 
7697 572 
7708 958 
7712 740 
7713 148 
7714 1245 
7743 1616 
7765 785 
7819 693 
7821 880 
7833 53 
7865 99 
7876 192 
7880 1867 
7937 1510 
7940 36 
7942 214 
7942 19 
7967 213 
7999 17 
8003 230 
8048 1088 
8063 1467 
8121 2444 
8126 37 
8126 1763 
8172 388 
8223 432 
8237 321 
8277 320 
8284 3150 
8287 1061 
8319 276 
8324 854 
8356 4384 
8384 764 
8414 632 
8453 19021 
8468 5855 
8468 103 
8481 17 
8496 62 
8533 1352 
8533 1352 
8537 33 
8537 33 
8565 564 
8565 564 
8566 40 
8566 40 
8585 858 
8626 110 
8629 1387 
8682 1307 
8716 1099 
8723 2014 
8784 3110 
8789 532 
8807 314 
8851 853 
8905 556 
8955 834 
9003 454 
9028 12182 
9063 489 
9090 447 
9130 24 
9134 32 
9168 1105 
9200 1502 
9272 111 
9308 1126 
9347 185 
9368 449 
9375 686 
9399 246 
9421 820 
9450 17122 
9503 1588 
9538 2342 
9563 1018 
9590 310 
9593 792 
9613 74 
9639 3075 
9643 15 
9654 624 
9659 143 
9744 551 
9758 325 
9761 1799 
9767 392 
9801 463 
9807 237 
9855 648 
9869 219 
9891 239 
9895 2487 
9950 521 
10007 1763 
10035 2133 
10041 376 
10074 1394 
10079 1680 
10086 482 
10102 78 
10112 2058 
10119 391 
10136 1206 
10142 1156 
10208 2421 
10245 5 
10301 3343 
10357 316 
10375 491 
10444 674 
10449 3072 
10490 707 
10508 619 
10511 2110 
10578 1361 
10684 412 
10755 72 
10791 203 
10836 1233 
10851 137 
10888 1320 
10893 154 
10894 2094 
10898 324 
10917 47 
10934 2406 
10935 941 
11003 292 
11040 579 
11041 2735 
11071 1463 
11077 18 
11086 432 
11092 666 
11103 2199 
11145 1258 
11180 815 
11224 1184 
11242 183 
11250 249 
11342 315 
11348 251 
11349 2672 
11395 81 
11429 1215 
11434 1629 
11525 464 
11557 607 
11567 210 
11569 356 
11594 165 
11670 6136 
11685 1041 
11701 149 
11740 5658 
11747 6122 
11748 1571 
11748 537 
11752 562 
11757 257 
11766 708 
11772 1845 
11783 1035 
11817 5029 
11830 432 
11843 345 
11844 721 
11851 276 
11860 211 
11864 2845 
11883 817 
11885 605 
11886 474 
11898 474 
11903 1454 
11910 621 
11911 1165 
11915 3798 
11927 332 
11934 1123 
11948 1652 
11959 837 
11961 3792 
11965 861 
11976 222 
11987 349 
11988 303 
11990 1536 
11993 398 
11997 2042 
12005 1513 
12014 259 
12023 607 
12034 834 
12040 983 
12057 4742 
12100 414 
12111 176 
12166 502 
12181 1054 
12185 930 
12200 3171 
12238 1671 
12279 184 
12284 663 
12309 1926 
12322 50 
12364 735 
12370 91 
12409 1587 
12412 3693 
12443 1024 
12447 477 
12463 137 
12480 1720 
12536 367 
12546 777 
12550 295 
12569 1256 
12576 1471 
12586 512 
12636 7 
12637 1625 
12672 281 
12682 1329 
12706 1758 
12754 673 
12765 705 
12766 1128 
12772 1211 
12776 724 
12786 1841 
12789 3520 
12819 1735 
12832 545 
12836 2690 
12844 1366 
12851 174 
12876 731 
12899 1088 
12903 681 
12905 138 
12920 1647 
12953 688 
12967 1205 
12997 247 
13015 762 
13019 304 
13045 3985 
13064 356 
13153 580 
13178 264 
13194 953 
13214 466 
13235 3529 
13289 730 
13331 701 
13371 131 
13495 108 
13533 102 
13567 2747 
13595 4200 
13608 262 
13660 549 
13693 1236 
13724 1070 
13793 127 
13946 2504 
14070 63 
14122 202 
14123 1661 
14138 439 
14180 277 
14194 1035 
14213 662 
14227 28 
14449 45 
14473 40 
14484 152 
14499 98 
14537 2963 
14572 2857 
14612 14 
14618 5334 
14624 2353 
14683 292 
14719 778 
14739 57 
14873 1448 
14902 1264 
14920 392 
14937 1793 
14981 1211 
15025 666 
15190 1199 
15193 352 
15246 57 
15297 1777 
15362 1420 
15493 685 
15584 287 
15617 1467 
15638 363 
15733 3074 
15833 1245 
15858 802 
15905 360 
15946 683 
15960 4002 
15970 426 
15974 26 
15986 1755 
15992 1110 
15997 949 
16014 182 
16015 9183 
16055 370 
16087 688 
16132 83 
16164 2587 
16195 454 
16228 678 
16327 1037 
16333 629 
16381 87 
16475 1334 
16538 757 
16679 364 
16708 265 
16726 1565 
16736 202 
16807 2011 
16986 3894 
17000 892 
17020 1655 
17149 91 
17204 5323 
17237 399 
17373 2356 
17426 113 
17467 1721 
17468 325 
17508 74 
17553 306 
17694 135 
17703 215 
17744 1087 
17757 3329 
17851 716 
17852 68 
18008 11 
18029 1043 
18034 1370 
18043 78 
18059 915 
18079 1348 
18159 548 
18164 1892 
18201 997 
18225 314 
18496 1362 
18519 236 
18668 2019 
18736 1922 
18805 69 
18808 1349 
18829 822 
18877 359 
19012 239 
19026 554 
19036 529 
19141 2054 
19258 448 
19303 707 
19327 531 
19361 155 
19540 908 
19559 432 
19573 141 
19620 149 
19673 543 
19674 1499 
19774 1655 
19782 58 
19811 475 
20037 2056 
20091 310 
20117 1686 
20120 1372 
20254 1738 
20285 108 
20395 686 
20596 379 
20946 1136 
20951 513 
20988 291 
21105 83 
21163 515 
21272 268 
21315 1653 
21352 436 
21436 1563 
21565 773 
21736 279 
21802 745 
21803 322 
21849 2927 
21858 1009 
21891 127 
21901 1440 
21925 1053 
21969 482 
22062 435 
22139 807 
22143 34 
22180 516 
22306 396 
22380 51 
22701 1359 
22707 1739 
22727 2175 
22771 1698 
22979 76 
23111 611 
23298 258 
23396 1062 
23401 994 
23409 1430 
23438 1571 
23438 1571 
23473 751 
23473 751 
23623 1467 
23738 540 
24223 223 
24268 592 
24304 703 
24380 1620 
24423 1562 
24464 683 
24509 124 
24589 1292 
24634 767 
24743 5187 
24866 291 
25061 1481 
25337 1002 
25345 738 
25365 223 
25608 1065 
25945 1301 
26273 934 
26608 979 
27103 96 
27140 180 
27210 3658 
27226 519 
27244 816 
27659 1835 
28040 249 
28182 972 
28393 27 
28416 142 
28421 3685 
28436 393 
28601 161 
28671 406 
29532 891 
29613 332 
29649 1719 
29701 273 
30142 1030 
30242 24 
31170 944 
31836 1490 
32173 672 
32207 891 
32537 664 
32752 4 
32960 514 
33073 46 
33505 419 
33534 477 
33701 918 
33793 851 
33907 489 
33919 1412 
34361 276 
34362 51 
34546 449 
34621 1459 
35529 1323 
35592 1446 
35632 1471 
36142 1249 
36199 1185 
36781 1962 
36991 1259 
37510 237 
37559 389 
37729 821 
37778 1571 
38023 251 
38038 2026 
38101 353 
39089 344 
39189 154 
39367 1095 
39403 2765 
40436 1427 
40575 139 
42313 1369 
42488 1123 
42715 1974 
42909 562 
42983 1129 
43125 610 
43541 1694 
43809 2360 
43933 9 
44390 231 
44410 464 
44531 623 
45499 437 
46832 960 
46839 765 
47652 492 
48326 27 
48518 1867 
48566 115 
48860 165 
49038 1566 
49060 879 
49078 806 
50137 256 
50269 2021 
50392 995 
50421 1033 
50510 1960 
51033 1138 
52270 262 
52315 154 
52330 1488 
52365 605 
52618 324 
52963 1049 
53234 322 
53296 42 
53349 5407 
53384 459 
53441 185 
53552 103 
53594 617 
53735 200 
53735 200 
53949 468 
53983 188 
54728 94 
54747 350 
55336 1815 
55409 463 
55670 693 
57121 314 
57135 1234 
57363 273 
57663 257 
57777 129 
59293 500 
59387 5 
60374 62 
60626 444 
61356 1460 
61445 90 
62342 566 
62533 1736 
63116 480 
64488 177 
64822 502 
65011 3126 
65118 508 
65701 2574 
65778 104 
66041 145 
66251 553 
68897 1147 
69258 2068 
69403 96 
69586 240 
69618 526 
69749 359 
70120 1298 
70963 526 
71349 1471 
71978 997 
72303 1304 
72326 1758 
72407 1475 
73783 2069 
74362 57 
74770 730 
74799 896 
74854 486 
75216 1052 
75850 1634 
76975 464 
77005 755 
77572 88 
78365 258 
79243 241 
79276 669 
79346 566 
79388 1769 
79396 512 
79453 523 
79500 697 
79849 782 
79942 1052 
80348 272 
80552 668 
81191 1016 
81495 484 
81621 457 
81630 439 
82196 1776 
82208 532 
82257 1596 
82442 100 
82577 558 
82609 197 
82678 393 
82730 9134 
82730 147 
82845 1301 
82868 1298 
82942 237 
83308 544 
83621 34 
84499 2008 
84536 988 
84636 489 
84670 1096 
84984 192 
85233 116 
85254 316 
85534 310 
87081 921 
87550 1963 
87628 904 
87751 414 
88185 878 
88778 1586 
88799 28 
89882 50 
90008 109 
90033 1190 
90155 793 
90179 849 
90341 304 
90614 1444 
90774 700 
91941 2926 
91976 425 
92249 484 
92271 858 
92518 929 
92594 561 
92907 757 
93195 487 
94034 2605 
95748 25 
96060 88 
96206 259 
96425 638 
96463 91 
97307 462 
97566 288 
97756 216 
98405 154 
99163 11 
99703 864 
99796 1309 
100279 98 
101813 1452 
102043 228 
102064 439 
102376 2929 
102455 504 
102520 1950 
102609 1147 
103091 2210 
103319 110 
103443 11 
103578 63 
103648 2667 
104610 928 
104624 1382 
104675 16376 
104705 337 
104726 178 
104791 81 
105228 44 
105923 219 
105983 136 
106847 231 
107006 1337 
107558 534 
108721 2537 
109609 499 
109777 851 
110317 1469 
110633 161 
111030 272 
111102 1835 
111430 737 
112215 1971 
112640 985 
112755 65 
113549 312 
113883 228 
114119 2775 
114186 918 
114497 477 
114609 5044 
114657 2291 
115177 1223 
115270 2054 
115615 249 
115936 646 
116689 641 
118245 153 
119167 1446 
121773 538 
121780 1139 
121955 1206 
122466 3416 
127588 781 
129661 300 
129679 2219 
129720 1353 
133680 764 
139294 1509 
149127 1424 
150010 835 
151084 996 
155224 43 
155347 907 
157886 1150 
159545 186 
159584 1147 
161637 36 
161766 359 
161980 434 
166907 757 
169570 1285 
175512 537 
176322 610 
177792 143 
178255 638 
178904 732 
180069 510 
183640 1067 
183875 156 
184025 650 
184035 1291 
184344 2249 
184998 42 
185484 1122 
185673 598 
186575 1414 
187669 39 
188269 141 
188600 51 
191091 31 
192209 415 
192284 527 
192491 5793 
192613 1278 
192845 1348 
194097 77 
194585 120 
195723 404 
196161 409 
196335 1243 
197300 390 
199904 227 
201851 1177 
202396 533 
206566 1060 
206956 1425 
209246 903 
211719 473 
213240 1344 
214695 173 
216393 2662 
216718 838 
217967 1074 
222429 1916 
223594 621 
228015 3479 
232951 469 
235642 1174 
242416 1283 
244612 1290 
245611 347 
248390 525 
250235 1643 
256266 4891 
256716 565 
257965 10811 
258895 814 
258905 3756 
258967 429 
263056 763 
263325 970 
264597 832 
264997 1036 
268324 148 
271229 1094 
273475 565 
276025 611 
276994 215 
278397 47 
278623 63 
281337 908 
283626 2950 
287151 100 
288813 1785 
291341 186 
291565 329 
292837 2401 
298752 145 
300129 1434 
301381 144 
308185 0 
309836 255 
310257 198 
331183 1422 
338328 306 
349290 705 
356688 685 
360102 1488 
368806 1001 
388843 1048 
408152 261 
426303 501 
431807 264 
435898 1066 
438496 180 
439906 1401 
452438 1309 
467801 1377 
472223 387 
488790 2798 
501725 1350 
527088 1946 
537917 2247 
555619 1679 
557957 1582 
573971 548 
579338 463 
595228 6 
