2352 2.69019675926
0 315404 
8 209 
11 174 
12 335 
12 69 
12 173 
14 628 
18 71 
20 42 
20 157 
21 890 
21 38 
21 41 
21 450 
23 435 
25 70 
25 321 
26 28 
27 273 
27 190 
29 55 
30 1431 
31 225 
31 308 
32 401 
32 810 
34 196 
34 69 
35 132 
35 30 
36 25 
37 319 
37 176 
37 58 
38 396 
38 73 
39 106 
39 15 
42 174 
42 85 
42 54 
42 178 
43 55 
43 528 
45 134 
45 157 
45 1149 
45 812 
46 94 
46 124 
47 102 
47 108 
48 79 
49 238 
49 209 
49 184 
50 89 
50 86 
50 189 
50 332 
51 114 
51 27 
52 86 
52 50 
52 642 
53 121 
53 158 
53 595 
55 95 
55 118 
56 162 
56 191 
56 55 
57 38 
58 53 
59 293 
59 660 
60 84 
61 182 
63 109 
63 233 
64 1116 
64 48 
65 124 
65 70 
67 90 
68 55 
68 16 
69 40 
69 201 
70 151 
71 197 
72 253 
73 38 
74 22 
74 56 
76 202 
77 36 
77 36 
77 188 
79 86 
80 165 
80 36 
80 138 
81 83 
81 111 
82 331 
82 80 
83 197 
83 802 
85 78 
85 64 
85 235 
85 151 
86 194 
88 87 
88 120 
89 418 
89 115 
90 47 
91 38 
94 313 
94 223 
96 221 
97 165 
100 99 
100 107 
101 72 
101 73 
102 30 
102 22 
103 29 
104 58 
106 124 
106 81 
107 96 
108 163 
109 57 
110 99 
111 85 
113 41 
114 73 
114 50 
114 119 
114 46 
116 175 
119 156 
120 144 
121 126 
121 32 
123 13 
124 5568 
126 1188 
127 39 
127 58 
127 181 
128 125 
128 168 
129 108 
129 101 
129 68 
130 65 
131 108 
132 25 
133 211 
134 7 
139 72 
141 83 
144 145 
149 235 
152 243 
154 330 
154 129 
155 108 
159 82 
159 133 
159 52 
160 879 
161 55 
161 456 
164 393 
166 387 
168 26 
169 249 
169 375 
170 95 
170 145 
173 51 
177 128 
178 21 
178 159 
182 1497 
184 14 
184 104 
187 175 
189 190 
191 351 
191 53 
192 80 
194 16 
195 42 
202 197 
205 239 
205 103 
205 111 
205 109 
205 212 
212 141 
214 38 
216 5 
216 126 
217 86 
218 12 
232 1 
236 251 
236 58 
238 178 
250 1200 
250 319 
256 158 
259 26 
264 113 
273 163 
274 50 
275 96 
278 169 
279 307 
285 37 
285 26 
289 613 
293 333 
306 242 
307 268 
313 1352 
322 71 
334 206 
342 101 
342 1040 
360 28 
362 19 
363 244 
382 27 
394 31 
395 69 
396 207 
405 196 
406 77 
417 124 
421 38 
448 138 
449 1299 
461 1611 
473 29 
483 435 
486 79 
495 7573 
538 1464 
540 34 
556 183 
556 183 
557 224 
560 77 
585 100 
587 62 
598 2629 
617 6723 
617 71 
625 100 
637 233 
658 200 
683 1597 
708 1577 
715 390 
725 87 
769 130 
782 37 
794 13 
803 119 
835 221 
873 558 
883 261 
909 559 
924 16 
948 82 
951 13 
993 131 
1026 2 
1065 71 
1070 231 
1093 20 
1112 213 
1113 53 
1158 42 
1198 185 
1200 321 
1211 25 
1214 65 
1214 135 
1240 178 
1302 27 
1332 146 
1421 111 
1456 245 
1530 41 
1571 455 
1573 65 
1602 178 
1773 88 
1792 26 
2062 39 
2079 8 
2184 72 
2229 38 
2350 70 
2364 6 
2367 88 
2407 332 
2413 69 
2462 13 
2533 276 
2636 62 
2742 264 
2790 161 
2866 501 
2903 399 
2921 164 
2959 378 
3200 69 
3224 16 
3266 29 
3363 32 
3489 162 
3886 24 
4517 132 
4654 236 
4876 275 
4908 167 
4931 55 
5035 234 
5144 48 
5150 267 
5450 81 
5469 279 
5688 104 
5757 163 
5806 20685 
5892 1264 
6339 45 
6406 1215 
6480 20 
7054 41 
7416 85 
7641 494 
7925 198 
8275 292 
8329 376 
8360 575 
8610 9 
8625 1657 
8642 870 
8653 485 
8829 52 
9019 98 
9120 8 
9144 241 
9167 33 
9242 25 
9247 105 
9313 76 
9435 57 
9465 104 
9492 68 
9503 110 
9651 200 
9711 68 
10051 208530 
10063 412 
10066 67 
10067 111 
10069 491 
10073 364 
10074 35 
10079 92 
10079 23 
10084 69 
10086 129 
10087 471 
10087 94 
10092 106 
10093 575 
10096 188 
10102 19 
10103 90 
10104 135 
10105 175 
10107 270 
10107 88 
10111 483 
10114 107 
10114 282 
10117 55 
10117 78 
10118 183 
10123 329 
10124 7 
10125 109 
10127 116 
10130 4055 
10131 191 
10131 125 
10132 203 
10133 146 
10135 300 
10139 165 
10141 39 
10141 32 
10141 171 
10142 320 
10145 76 
10146 596 
10147 186 
10149 28 
10154 233 
10155 206 
10156 167 
10162 262 
10163 120 
10165 268 
10165 935 
10165 120 
10169 53 
10169 46 
10171 50 
10177 37 
10179 27 
10185 663 
10188 52 
10189 35 
10200 96 
10200 210 
10201 126 
10203 217 
10206 52 
10210 41 
10214 95 
10228 144 
10229 94 
10229 88 
10232 131 
10238 137 
10251 51 
10251 128 
10257 74 
10262 219 
10285 1091 
10287 375 
10288 80 
10288 107 
10296 162 
10327 55 
10333 58 
10355 32 
10362 160 
10363 30 
10367 71 
10369 64 
10388 116 
10389 51 
10397 34 
10399 126 
10401 8 
10403 582 
10409 217 
10446 473 
10449 103 
10450 68 
10459 34 
10459 180 
10469 99 
10509 129 
10538 171 
10541 35 
10545 111 
10573 71 
10598 93 
10624 276 
10664 48 
10679 209 
10695 256 
10720 20 
10741 174 
10759 34 
10836 1306 
10940 311 
10954 265 
11011 698 
11028 140 
11076 180 
11088 52 
11113 1850 
11148 156 
11238 46 
11241 77 
11241 798 
11517 4310 
11767 53 
11767 9 
12180 57 
12343 157 
12491 3 
12607 38 
12720 154 
13194 44 
13766 13 
13874 218 
14721 4843 
14769 703 
14778 2724 
14814 24 
14897 41 
15092 122 
15795 233 
16271 123 
16281 1027 
16420 155 
16461 111 
16490 134 
16556 400 
16563 18 
16667 597 
16723 309303 
16738 98 
16746 31 
16748 235 
16748 229 
16749 396 
16749 64 
16757 46 
16757 76 
16758 71 
16759 83 
16759 830 
16760 172 
16763 69 
16764 116 
16764 55 
16766 163 
16766 182 
16766 54 
16768 87 
16770 170 
16771 24 
16771 46 
16771 79 
16772 143 
16775 83 
16778 105 
16780 45 
16781 64 
16784 209 
16786 373 
16786 71 
16787 194 
16792 117 
16793 342 
16799 57 
16801 92 
16803 248 
16808 170 
16812 109 
16812 56 
16815 119 
16817 69 
16825 195 
16827 205 
16829 119 
16830 41 
16837 350 
16847 111 
16849 50 
16861 62 
16864 170 
16865 36 
16873 12 
16881 136 
16894 86 
16898 61 
16924 76 
16929 341 
16933 175 
16944 93 
16947 262 
16960 54 
16964 37 
16967 94 
16981 73 
17015 89 
17132 102 
17145 59 
17150 223 
17319 29 
17379 159 
17421 39 
17591 99 
17652 222 
17865 139 
17879 18 
18259 58 
18628 90 
18849 51 
19142 178 
19180 485 
19620 85 
19852 48 
19886 220 
19994 274414 
20008 625 
20010 77 
20011 209 
20019 113 
20023 143 
20027 7 
20028 71 
20030 73 
20031 77 
20032 292 
20032 52 
20032 3905 
20033 498 
20034 377 
20035 113 
20035 282 
20037 61 
20039 88 
20041 254 
20042 78 
20043 144 
20047 68 
20047 318 
20050 37 
20052 56 
20053 307 
20053 91 
20054 413 
20056 202 
20060 218 
20062 257 
20064 89 
20069 170 
20079 80 
20082 23 
20083 53 
20085 103 
20086 42 
20092 107 
20093 259 
20094 52 
20094 123 
20096 47 
20097 78 
20098 247 
20101 18 
20101 44 
20105 12 
20107 183 
20110 378 
20116 79 
20117 123 
20117 34 
20122 429 
20124 106 
20128 63 
20130 119 
20133 32 
20134 33 
20138 69 
20138 22 
20146 302 
20147 60 
20148 379 
20149 113 
20164 29 
20173 76 
20180 194 
20182 347 
20184 260 
20188 43 
20198 88 
20198 51 
20210 37 
20212 50 
20223 32 
20225 102 
20227 130 
20228 604 
20240 69 
20268 281 
20318 325 
20324 112 
20326 59 
20333 196 
20335 37 
20338 282 
20339 189 
20394 162 
20402 100 
20422 101 
20434 37 
20501 82 
20536 30 
20589 30 
20821 221 
20992 103 
20992 103 
21197 110 
21200 35 
21536 358 
22038 512 
22136 130 
22452 154 
22454 155 
22583 718 
22992 274517 
23007 210 
23009 85 
23012 87 
23015 11 
23017 53 
23018 1243 
23019 122 
23023 71 
23025 521 
23027 84 
23033 81 
23036 24 
23036 123 
23038 521 
23039 439 
23039 388 
23044 258 
23044 166 
23046 57 
23047 113 
23048 126 
23048 197 
23050 5 
23053 41 
23054 60 
23054 421 
23058 21 
23062 75 
23063 14 
23063 302 
23074 23 
23086 63 
23095 106 
23105 34 
23109 114 
23120 37 
23124 31 
23133 58 
23140 206589 
23143 100 
23159 225 
23160 160 
23161 50 
23161 19 
23170 70 
23173 598 
23174 148 
23175 1223 
23176 17 
23177 10 
23185 266 
23187 177 
23191 120 
23194 12 
23197 28 
23197 21 
23197 171 
23202 196 
23202 404 
23206 469 
23207 315 
23219 151 
23220 69 
23225 157 
23239 662 
23251 248 
23253 131 
23258 30 
23263 47 
23264 52 
23269 103 
23282 344 
23283 60 
23290 84 
23297 630 
23313 97 
23313 78 
23316 53 
23337 169 
23345 19 
23348 127 
23358 164 
23379 48 
23387 36 
23394 157 
23395 314 
23399 181 
23433 24 
23450 93 
23486 133 
23505 152 
23529 248 
23570 21 
23574 126 
23829 1149 
23904 521 
24095 304 
24132 637 
24188 829 
24223 73 
24321 91 
24348 105 
24715 178 
24779 141 
24851 869 
24870 478 
24892 32 
24985 27 
25051 291413 
25061 219 
25063 99 
25071 127 
25072 404 
25072 135 
25073 219 
25074 142 
25076 3467 
25078 42 
25079 58 
25080 52 
25082 206 
25083 74 
25085 122 
25089 26 
25089 31 
25091 209 
25097 163 
25109 90 
25121 89 
25125 36 
25127 110 
25132 16 
25134 65 
25139 178 
25145 735 
25146 290 
25151 32 
25151 61 
25154 266 
25155 29 
25156 20 
25163 18 
25171 181 
25174 509911 
25176 62 
25182 109 
25185 31 
25191 35 
25202 18 
25204 53 
25206 25 
25207 25 
25209 340 
25209 161 
25210 153 
25212 104 
25213 259 
25213 134 
25214 145 
25214 21 
25214 90 
25217 232 
25218 360 
25219 409 
25220 282 
25221 276 
25222 191 
25222 330 
25223 54 
25223 297 
25224 153 
25225 193 
25225 3561 
25225 389 
25226 182 
25226 98 
25227 171 
25228 65 
25228 2094 
25229 167 
25229 40 
25230 206 
25231 128 
25231 111 
25231 177 
25232 32 
25233 99 
25234 134 
25235 31 
25238 655 
25240 58 
25241 87 
25244 59 
25244 77 
25244 28 
25244 397 
25245 107 
25246 125 
25246 85 
25248 39 
25248 121 
25248 12 
25250 35 
25252 113 
25254 236 
25257 208 
25258 124 
25258 112 
25259 556 
25260 1248 
25260 85 
25261 71 
25262 582866 
25265 1357 
25266 138 
25270 147 
25271 59 
25272 55 
25273 250 
25274 159 
25274 54 
25274 140 
25275 112 
25276 61 
25280 106 
25281 238 
25283 124 
25283 222 
25283 374 
25284 136 
25284 126 
25284 208 
25285 328 
25285 310 
25285 112 
25286 31 
25287 20 
25288 1880 
25289 1007 
25292 352 
25292 115 
25292 60 
25292 4 
25293 114 
25294 20 
25294 164 
25294 97 
25297 77 
25297 172 
25299 169 
25299 250 
25300 46 
25300 48 
25301 150 
25301 196 
25301 26 
25301 43 
25303 140 
25303 227 
25304 106 
25304 183 
25305 113 
25305 216 
25305 449 
25306 514 
25307 39 
25308 28 
25308 2566 
25309 37 
25310 28 
25311 215 
25311 62 
25313 57 
25313 22 
25315 333 
25315 380 
25315 81 
25316 229 
25316 149 
25316 25 
25318 282 
25319 199 
25319 396 
25322 121 
25322 170 
25323 29 
25323 297 
25325 55 
25327 191 
25327 19 
25328 248 
25328 81 
25329 129 
25329 312 
25330 170 
25330 24 
25331 1086 
25331 168 
25331 162 
25332 25 
25333 100 
25333 136 
25333 126 
25333 14 
25337 40 
25337 14 
25338 24 
25338 394 
25340 212 
25342 11 
25342 87 
25343 125 
25343 366 
25344 46 
25345 581 
25346 134 
25346 63 
25347 156 
25349 176 
25350 36 
25351 15 
25353 59 
25354 250 
25356 138 
25360 157 
25361 25 
25362 180 
25362 290 
25364 106 
25365 664 
25366 149 
25366 107 
25368 31 
25370 464 
25371 117 
25371 156 
25372 34 
25372 45 
25373 62 
25375 145 
25377 7 
25378 68 
25380 131 
25384 61 
25384 352 
25386 57 
25386 230 
25387 12 
25389 282 
25392 102 
25393 767 
25395 388 
25397 46 
25398 301 
25399 121 
25402 132 
25402 22 
25404 143 
25406 130 
25407 31 
25408 226 
25411 131 
25414 26 
25415 85 
25415 8 
25418 180 
25422 616 
25423 71 
25429 19 
25432 30 
25432 176 
25433 677 
25433 316 
25437 234 
25439 15 
25441 22 
25446 212 
25451 228 
25456 114 
25460 19 
25464 24 
25476 101 
25477 159 
25494 57 
25502 70 
25504 1220 
25522 210 
25522 84 
25525 264 
25528 107 
25533 396 
25590 362 
25593 159 
25593 984 
25610 9 
25613 67 
25618 164 
25632 211 
25637 162 
25667 26 
25669 78 
25682 101 
25702 5 
25735 241 
25745 47 
25748 186 
25815 55 
25833 211 
25857 15 
25886 18 
25971 73 
25994 53 
26042 39 
26057 78 
26106 17 
26111 100 
26172 257 
26372 186 
26402 45 
26410 182 
26636 335 
26836 19 
26863 11 
27032 120 
27179 98 
27386 106 
27848 149 
28007 45 
28144 105 
28161 62 
28183 204 
28228 48 
28326 253 
28424 15 
29157 122 
29359 165913 
29369 428 
29371 88 
29386 35 
29391 56175 
29393 259 
29395 64 
29398 71 
29403 324 
29404 97 
29419 288 
29421 45 
29434 60 
29435 515 
29435 38 
29438 31 
29439 73 
29443 301 
29443 295 
29453 332 
29459 73 
29462 214 
29466 72 
29467 432 
29467 420 
29471 237 
29472 82 
29479 165 
29480 33 
29486 145 
29487 137 
29488 30 
29488 55 
29495 68 
29496 492 
29505 321 
29511 246 
29523 351 
29526 93 
29528 91 
29528 34 
29529 72 
29529 265 
29534 110 
29536 19 
29543 81 
29551 387 
29559 39 
29562 182 
29568 393 
29570 71 
29571 53 
29609 175902 
29610 128308 
29617 207 
29618 55 
29621 107 
29625 155 
29626 148 
29626 2382 
29627 171 
29627 191 
29632 176 
29633 228 
29636 23 
29637 179 
29640 3940 
29642 123 
29646 78 
29646 43 
29647 78 
29648 214 
29648 25 
29650 246 
29650 1126 
29651 136 
29652 43 
29654 128 
29655 194 
29655 194 
29655 3 
29656 90 
29656 66 
29657 179 
29659 99 
29660 69 
29664 62 
29665 616 
29667 1116 
29670 512 
29673 67 
29675 428 
29675 179 
29677 34 
29677 484 
29679 41 
29685 30 
29688 2246 
29690 42 
29692 50 
29692 110 
29695 35 
29697 644 
29702 217 
29702 293105 
29703 60 
29705 59 
29705 59 
29706 28 
29710 85 
29716 55 
29717 158 
29718 188 
29722 63 
29723 118 
29723 537 
29724 120 
29726 184 
29731 173 
29732 169 
29738 76 
29740 87 
29741 1229 
29741 11 
29741 218 
29751 214 
29754 129 
29762 70 
29762 213 
29763 22 
29765 206 
29765 26 
29766 1765 
29767 213 
29769 246 
29772 79 
29775 131 
29783 78 
29784 73 
29793 148 
29799 169 
29800 287 
29802 34 
29810 21 
29812 30 
29815 172 
29819 82 
29820 515 
29823 29 
29832 33 
29841 1135 
29846 24 
29858 93 
29860 121 
29868 274 
29872 84 
29872 281 
29885 371 
29885 240 
29886 60 
29893 384 
29893 8 
29904 153 
29922 647 
29923 181 
29936 70 
29941 220 
29945 80 
29969 94 
29977 382772 
29978 1294 
29980 212 
29992 181 
29994 190 
29997 274 
29999 129 
30000 221 
30000 84 
30002 92 
30003 200 
30008 118 
30010 97 
30013 51 
30013 259 
30014 15 
30016 178 
30017 420 
30018 40 
30019 879 
30019 43 
30022 51 
30024 62 
30025 173 
30026 933 
30029 184 
30031 154 
30033 78 
30033 189 
30038 76 
30039 125 
30041 312 
30041 62 
30041 43 
30043 74 
30043 137 
30044 31 
30045 74 
30047 38 
30049 135 
30050 155 
30050 59 
30050 141 
30053 67 
30054 20 
30058 1 
30064 64 
30064 10 
30065 230 
30065 83 
30066 118 
30067 338 
30071 56 
30075 144 
30078 283 
30085 263 
30086 124 
30088 21 
30090 175 
30093 130 
30097 202 
30098 482 
30101 129 
30113 99 
30117 112 
30122 52 
30126 128 
30131 60 
30132 138 
30134 297 
30137 252 
30141 48 
30154 51 
30157 220 
30160 105 
30168 297 
30169 95 
30173 63 
30176 433 
30182 65 
30185 935 
30186 64 
30194 107 
30208 58 
30212 115 
30212 79 
30218 56 
30223 278 
30225 26 
30227 79 
30234 17 
30239 91 
30240 116 
30248 72 
30248 598 
30249 183 
30272 170 
30288 312 
30293 882 
30299 49 
30301 81 
30303 125 
30312 153 
30351 80 
30364 147 
30385 571 
30390 15 
30398 69 
30420 94 
30451 371 
30455 277 
30477 11 
30484 116 
30545 460 
30564 17 
30575 11 
30580 177 
30657 72 
30662 142 
30676 117 
30742 87 
30903 97 
31042 51 
31081 164 
31127 1064 
31134 407 
31191 118 
31205 229 
31214 244 
31356 142 
31452 250 
31472 350 
31477 55 
31518 1476 
31581 337 
31981 382 
32095 180 
32295 254962 
32308 174 
32311 124 
32320 64 
32322 77 
32324 394 
32325 319 
32327 80 
32332 571 
32336 51 
32337 326 
32337 85 
32337 51 
32338 93 
32344 229 
32345 103 
32346 223 
32349 580 
32353 68 
32354 117 
32354 68 
32355 62 
32360 191 
32360 160 
32362 361 
32362 86 
32372 293 
32376 152 
32378 54 
32383 92 
32389 330 
32402 1126 
32403 64 
32407 151 
32479 597 
32526 16 
32530 33 
32534 229 
32551 623 
32565 63 
32572 27 
32610 7 
32617 54 
32631 193 
32632 62 
32653 48 
32683 162 
32831 190 
32833 417 
32835 13 
32843 120 
32843 65 
32844 53 
32846 81 
32846 342 
32849 209546 
32853 337 
32862 104 
32862 75 
32863 1095 
32863 91 
32866 468 
32867 315 
32870 71 
32871 154 
32872 460 
32874 126 
32875 82 
32875 50 
32875 141 
32876 149 
32879 84 
32881 555 
32882 88 
32882 104 
32887 124 
32889 23 
32889 44 
32890 39 
32891 164 
32891 82 
32892 188 
32892 45 
32892 60 
32892 26 
32893 261 
32893 25 
32893 25 
32893 64 
32895 49 
32896 41 
32896 673 
32899 131 
32901 96 
32901 1388 
32902 52 
32906 84 
32906 13 
32907 92 
32908 237 
32908 108 
32911 601 
32911 226 
32912 221 
32912 85 
32916 41 
32917 414 
32920 394 
32923 90 
32926 82 
32931 55 
32933 112 
32937 518 
32938 160 
32942 189 
32944 263 
32948 205 
32953 51 
32955 60 
32956 18 
32962 38 
32963 205 
32964 67 
32969 182 
32969 30 
32970 22 
32971 18 
32971 178 
32975 196 
32975 76 
32980 736 
32981 2925 
32983 281 
32986 17 
32988 32 
32988 46 
32991 25 
32995 64 
32996 110 
32996 467 
33010 369 
33019 159 
33022 188 
33027 1074 
33027 100 
33043 55 
33044 22 
33049 165960 
33051 113 
33056 117 
33068 50 
33080 53 
33082 292 
33085 239 
33095 46 
33115 22 
33117 50 
33136 179 
33142 79 
33143 60 
33154 179 
33171 44 
33172 104 
33190 156 
33203 86 
33215 47 
33269 113 
33271 287 
33275 18 
33293 235 
33375 5 
33379 161 
33394 189 
33404 166 
33404 111 
33450 399 
33457 275357 
33460 92 
33487 106 
33489 351 
33498 137440 
33502 340 
33502 196 
33503 157 
33506 64 
33507 44 
33513 45 
33516 365932 
33521 17 
33523 34 
33523 182 
33525 96 
33530 138 
33534 326 
33536 47 
33538 74163 
33539 563 
33540 261 
33542 93 
33544 888 
33547 55 
33551 43 
33552 54 
33553 29 
33553 193 
33555 156 
33556 233 
33558 297 
33559 279 
33562 88 
33564 72 
33566 460 
33566 159 
33574 163 
33577 91 
33577 682 
33578 123 
33581 51 
33581 284 
33582 326 
33586 1 
33586 126 
33590 247 
33593 94 
33594 345 
33598 43 
33601 17 
33605 197 
33605 371 
33606 93 
33609 37 
33611 153 
33613 120 
33614 72 
33619 73 
33619 720 
33620 140 
33621 80 
33625 140 
33628 228 
33631 33 
33632 120 
33637 51 
33637 62 
33640 662 
33640 78 
33643 970 
33645 252 
33646 74 
33646 135 
33647 169 
33648 256749 
33660 126 
33666 149 
33667 355 
33672 159 
33673 54 
33678 71 
33683 74 
33685 180 
33686 35 
33688 100 
33691 117 
33699 56 
33700 43 
33701 17 
33702 44 
33704 1056 
33712 38 
33714 128 
33715 342 
33716 281 
33716 48 
33725 174 
33729 88 
33733 188 
33741 480 
33741 59 
33748 101892 
33752 972 
33755 62 
33755 46 
33757 62 
33761 51 
33766 118 
33769 269 
33775 68 
33778 250 
33780 111 
33781 5 
33788 319 
33789 71 
33793 159 
33803 130 
33807 1172 
33808 289 
33811 1170 
33820 112 
33820 14 
33821 34 
33821 165 
33822 173 
33824 147 
33828 32 
33829 519 
33832 85 
33839 301 
33843 36 
33846 323 
33851 75 
33858 117 
33863 260 
33869 78 
33881 57 
33888 64 
33909 63 
33913 62 
33929 165 
33935 14 
33939 127 
33948 347 
33986 31 
34016 74 
34071 447 
34134 8 
34177 436354 
34187 67 
34195 312 
34205 285 
34209 475 
34213 183 
34214 68 
34215 73 
34216 164 
34217 39 
34222 371 
34225 1374 
34228 2245 
34229 23 
34229 558 
34230 491 
34231 119 
34232 471 
34240 91 
34253 404 
34256 120 
34261 90 
34262 220 
34266 175 
34274 439 
34277 90 
34278 531 
34278 37 
34281 268 
34283 231 
34287 1247 
34287 78 
34294 306 
34297 38 
34303 103 
34313 203 
34314 666 
34321 73 
34325 98 
34391 120 
34411 52 
34419 77 
34424 77 
34431 19 
34455 46 
34491 8 
34537 47 
34538 198 
34613 422 
34618 136 
34655 842 
34883 186 
35087 182 
35112 309874 
35120 381 
35125 67 
35138 120 
35139 67 
35141 276 
35141 34 
35142 166 
35145 267 
35150 41 
35153 21 
35153 122 
35158 63 
35159 227 
35161 512 
35167 89 
35170 64 
35183 218 
35188 543 
35203 79 
35204 98 
35206 91 
35213 284 
35214 1208 
35220 476 
35221 994231 
35230 249 
35233 268602 
35235 19 
35236 63 
35246 22 
35246 99 
35251 2133 
35251 78 
35252 56 
35254 228 
35254 47 
35254 148 
35260 150 
35261 41 
35262 35 
35262 178 
35265 89 
35266 99 
35267 46 
35267 527 
35267 536 
35270 89 
35271 48 
35272 434 
35273 176 
35274 52 
35274 197 
35276 72 
35276 14 
35278 32 
35278 1210 
35279 571 
35279 69 
35281 233 
35286 212 
35287 51 
35287 209 
35287 224 
35288 21 
35289 118 
35290 158 
35290 54 
35290 36 
35291 13 
35294 52 
35296 184 
35297 286 
35300 70 
35303 168 
35303 87 
35306 201 
35306 121 
35306 146 
35307 40 
35307 103 
35309 36 
35312 71 
35313 102 
35314 46 
35315 50 
35317 39 
35318 1866 
35319 91 
35319 357 
35322 38 
35323 142 
35327 449 
35329 54 
35329 255 
35334 242 
35337 46 
35338 431 
35339 308 
35339 275 
35342 45 
35345 30 
35346 139 
35348 65 
35349 118 
35353 86 
35356 75 
35359 89 
35359 51 
35360 66 
35362 45 
35368 166 
35371 279 
35376 40 
35378 59 
35378 203 
35379 19 
35380 385 
35380 307 
35386 65 
35388 119 
35396 371027 
35401 84 
35404 80 
35406 416 
35412 112 
35416 53 
35419 59 
35419 38 
35421 195 
35426 145 
35426 60 
35426 107 
35427 67 
35431 49 
35433 34 
35437 228 
35438 70 
35439 147 
35442 39 
35447 50 
35448 24 
35449 263 
35452 338 
35459 47 
35460 428 
35461 131 
35462 103 
35466 15617 
35469 139 
35470 148 
35472 179 
35472 4 
35473 270 
35477 27 
35482 354 
35486 48 
35489 35 
35489 103 
35489 3492 
35495 313 
35498 57 
35502 72 
35503 320 
35504 194 
35509 220 
35512 84 
35513 73 
35515 86 
35517 56 
35524 425 
35526 313 
35528 52 
35530 234 
35531 122 
35536 110 
35539 137 
35539 151 
35542 56 
35542 75 
35543 108 
35552 215 
35553 216 
35553 25 
35571 185 
35573 24 
35575 95 
35581 72 
35592 135 
35595 111 
35612 174 
35621 54 
35624 169 
35630 330 
35665 61 
35676 43 
35686 228 
35694 447 
35696 166 
35700 125 
35718 44 
35728 244 
35736 80 
35737 78 
35742 71 
35748 20 
35767 174 
35778 306 
35796 158 
35798 59 
35800 16 
35861 21 
35885 125 
35942 92 
35942 272 
35950 46 
36014 106 
36016 115 
36202 184 
36281 69 
36363 298 
36484 43 
36599 315 
36639 509 
36705 247 
36821 52 
36913 157 
37054 126 
37142 12 
37189 291 
37841 329 
39167 43 
40041 146 
40116 99 
40156 68 
40678 37 
42145 363 
42715 609 
42769 45 
43070 415 
43687 75 
45476 45 
45504 192 
52276 480 
62741 69 
63886 168 
67116 517 
70457 381 
71759 2 
73368 483 
73733 18 
73968 73 
74858 24 
76227 75 
76591 62 
76805 135 
76883 92 
77309 324 
77953 101 
78030 438 
78089 142 
78097 813 
78170 382 
79546 184 
79665 634 
79987 8167 
80078 100 
80119 15 
80182 245 
80226 712 
80753 35 
80857 132 
80864 249 
82167 175 
83164 547 
83172 172 
83380 366 
83387 62 
83517 943 
84311 235 
84631 0 
85925 64 
86085 75 
86121 240 
86756 1233 
86778 17 
87267 2219 
87364 21899 
87875 752 
87925 20 
88505 242 
88757 63 
89881 53 
90072 282 
90231 100 
90781 404 
90927 561 
93248 79 
93306 117 
93901 106 
94586 24 
95195 48 
95259 291 
96109 567 
97320 506 
98909 25 
101590 197 
101616 135 
101633 31 
101763 98 
102432 74 
102849 6 
102894 36 
102914 42 
103441 174 
103510 156 
103601 72 
104552 1192 
104579 1626 
104599 276 
104621 107 
104642 31 
104697 65 
104779 327 
104784 141 
104818 262 
105051 46 
105486 80 
106860 391 
107167 513 
108011 491 
108137 387 
108429 236 
108460 594 
108521 187 
111260 171 
112058 304 
112100 170 
112140 238 
112376 901 
112460 48 
112561 196 
112622 6 
112673 288 
113684 242 
116492 91 
116790 261 
118739 79 
118760 353 
118771 92 
118959 1202 
120326 51 
121531 551 
124325 1439 
133592 551 
133784 115 
152868 28 
153851 78 
160807 10 
162070 48 
170342 434 
174780 44 
175518 593 
176992 107 
177742 322 
182622 26 
184245 298 
184381 107 
185731 173 
192702 96 
194661 155 
195654 32 
196360 179 
196377 173 
199918 35 
202180 38 
205280 182 
211616 35 
213216 243 
213405 478 
248921 58 
250389 165 
250840 100 
257146 31 
257255 10 
257270 141 
257560 708 
262391 100 
263095 66 
263638 281 
264523 13 
271507 163 
273627 33 
274900 176 
276598 832 
276701 2857 
276708 529 
276744 235 
276783 1162 
277841 13 
278102 125722 
278117 416 
278124 742 
278134 53 
278140 307 
278144 99 
278146 115 
278148 798 
278151 41 
278160 85 
278180 52 
278204 82 
278207 90 
278209 133 
278212 34 
278213 172 
278220 93 
278225 91 
278236 391 
278241 55 
278253 57 
278259 60 
278259 34 
278290 30 
278291 101 
278307 27 
278316 183 
278322 44 
278349 68 
278438 44 
278438 44 
278439 198 
278439 198 
278456 234 
278456 234 
278612 113 
278616 21 
278630 38 
278918 70 
279625 14 
279773 30 
281841 25 
283855 389 
284161 1076 
285725 323 
288956 603 
298812 161 
300807 193 
301330 31 
346045 85 
347734 371 
347861 299 
350601 2807 
350703 139 
350841 1022 
351514 124 
352755 320 
356805 84 
356952 292 
356993 60 
358770 50 
362273 108 
363950 42 
365851 7 
379278 1 
379926 1209 
421835 113 
424453 2 
432340 25 
434067 521 
434394 93 
434992 1258 
441546 2680 
447827 14 
451185 141 
451616 118 
451671 275 
456555 26 
460203 81 
460424 1802 
460962 52 
461553 117 
468955 135 
469032 192 
469114 61 
469199 20 
514279 41 
517777 32 
518679 166 
537220 43 
546406 271 
548542 11 
548583 195 
550742 67 
550843 338 
551734 68 
551807 135 
552205 20 
552321 21844 
552345 477 
552348 697 
552363 631 
552388 97 
552439 148 
553092 82 
553765 44 
556664 81 
559362 274 
559488 876 
561113 1182 
599819 70 
