2506 7.80710648148
0 7684790 
5 98 
9 4094 
9 29 
19 78 
28 137 
28 649 
28 1714 
32 192 
33 91 
34 241 
35 8408 
37 7787 
38 151 
39 4621 
39 194 
39 5246 
41 10 
42 372 
42 140 
43 138 
43 4 
44 831 
44 556 
46 50 
46 475 
46 5577 
47 1287 
47 768 
47 56 
48 92 
50 769 
51 80 
52 190 
52 104 
52 88 
52 16499 
53 6 
54 0 
54 250 
55 868 
55 382 
55 2614 
56 1202 
59 4491 
60 25 
60 2100 
61 18 
62 492 
62 251 
62 1 
63 54 
63 73 
63 33780 
64 78 
64 5 
67 924 
67 1 
68 168 
68 68 
68 517 
69 1542 
70 1032 
70 87 
71 1722 
71 29 
71 61 
72 30145 
73 200 
73 9 
73 712 
73 1099 
76 593 
76 221 
76 3135 
77 3888 
77 49 
78 619 
78 1137 
79 1037 
79 27 
80 86 
80 1526 
80 1040 
80 3575 
80 118 
81 112 
82 506 
82 457 
82 73 
83 268 
83 114 
84 126 
85 199 
86 876 
86 943 
89 79 
89 10 
89 96 
89 85 
91 611 
93 103 
93 127 
97 43 
97 92 
97 2206 
97 755 
98 46 
99 646 
102 9 
109 187 
109 1117 
109 320 
110 325 
114 42 
115 378 
115 56 
117 11 
118 268 
118 79 
120 24 
120 73 
121 2387 
122 516 
122 48 
123 300 
123 156 
123 58 
124 1253 
124 127 
125 2074 
125 36 
128 94 
128 5 
128 575 
131 34 
131 122 
132 404 
132 67 
134 490 
136 202 
137 151 
138 52 
138 138 
138 125 
140 199 
141 96 
141 747 
142 148 
144 29 
144 202 
144 228 
145 106 
145 61 
146 48 
147 108 
148 116 
148 357 
149 249 
150 28 
150 1733 
151 34 
152 1402 
153 100 
153 968 
154 133 
154 17 
155 75 
156 11407 
159 362 
160 3 
160 724 
161 345 
161 79 
165 111 
165 76 
166 194 
167 74 
167 10 
169 26 
169 302 
169 13 
169 348 
170 136 
170 2 
171 58 
171 3956 
171 1 
172 86 
173 40 
174 361 
174 48 
177 10478 
178 180 
179 673 
180 41 
181 322 
182 186 
182 30 
182 150 
183 232 
183 55 
185 40 
186 74 
187 62 
187 95 
187 8792 
188 237 
190 542 
191 125 
191 196 
194 15 
194 125 
195 4368 
199 7468 
200 23 
201 48 
201 275 
203 218 
203 41 
205 8 
205 239 
205 47 
205 52 
205 8 
206 5 
206 17 
206 144 
207 83 
208 314 
210 2840 
210 512 
211 116 
211 3 
213 4379 
213 1652 
213 25 
216 54 
219 7 
221 2687 
221 186 
221 201 
222 52 
223 464 
224 74 
224 170 
225 402 
226 127 
227 258 
228 102 
230 58 
230 169 
231 626 
231 42 
231 3333 
233 467 
233 11028 
233 244 
234 129 
235 601 
235 435 
237 112 
238 56 
240 1031 
243 36 
246 3538 
248 491 
251 1284 
252 29 
253 11 
256 257 
257 56 
258 989 
259 201 
260 177 
260 66 
262 56 
264 357 
264 108 
267 2600 
269 12 
272 307 
273 5 
275 23 
275 18 
278 24 
279 370 
279 1944 
281 784 
281 78 
284 165 
284 1442 
285 158 
287 50 
287 4257 
288 430 
288 391 
289 37 
291 138 
292 213 
293 15 
294 429 
297 74 
297 181 
297 1554 
298 373 
303 106 
304 421 
304 801 
304 629 
306 43 
306 130 
309 1848 
312 254 
312 211 
312 518 
314 124 
315 2054 
318 369 
320 23 
321 27 
322 645 
323 144 
327 0 
328 51 
331 142 
332 31 
334 331 
334 1728 
334 916 
336 42 
342 1149 
343 351 
343 84 
343 163 
344 38 
344 2630 
347 587 
349 254 
350 204 
353 951 
354 12 
361 38 
367 58 
368 1460 
368 406 
369 53 
369 60 
371 319 
376 3256 
377 43 
378 286 
379 3 
387 718 
387 684 
388 185 
389 180 
389 459 
391 69 
393 183 
399 49 
399 73 
400 937 
402 25 
405 1764 
408 200 
408 8336 
412 131 
413 60 
414 17391 
415 201 
416 632 
419 803 
420 57777 
420 406 
421 41 
427 32 
431 670 
432 2033 
433 4557 
434 157 
435 462 
436 34 
437 861 
438 51 
444 172 
444 1063 
448 345 
454 22 
455 574 
456 206 
457 1446 
457 45 
460 122 
465 1558 
467 3453 
472 97 
472 21 
477 434 
477 3373 
480 228 
481 12 
483 84 
484 152 
487 44 
490 365 
490 70 
491 9989 
492 1787 
492 26 
492 819 
493 1924 
497 215 
500 67 
501 5144 
503 1443 
506 38236 
506 2686 
510 188 
512 116 
513 326 
515 1943 
520 75 
520 13 
521 43 
525 326 
527 272 
531 177 
533 2057 
543 407 
551 2565 
559 6020 
559 10766 
560 53 
560 42 
562 2628 
564 51811 
568 212 
575 1971 
575 437 
580 1270 
582 41672 
582 333 
589 96 
600 37 
600 580 
602 74 
604 5246 
618 2691 
620 664 
625 20 
625 181 
626 42 
627 173 
627 1 
628 1 
630 202 
630 1413 
632 3393 
636 1438 
641 492 
644 7 
647 461 
650 349 
651 1267 
653 481 
661 68 
666 1092 
672 79 
672 506 
685 73 
685 364 
688 4638 
689 29 
694 39 
696 1406 
699 23 
709 120 
710 290 
711 1079 
715 8498 
722 1140 
730 218 
732 2235 
732 4 
735 840 
736 127 
741 653 
769 53 
772 310 
775 892 
777 783 
787 1681 
788 763 
792 331 
805 24 
808 1825 
810 3 
811 4629 
812 1052 
813 4820 
813 1231 
819 341 
822 7 
824 40 
824 1849 
828 433 
832 24 
832 1324 
836 459 
838 905 
844 9 
847 23 
858 3102 
873 182 
879 17 
883 92 
884 48 
885 247 
887 87 
890 2138 
895 17 
904 1293 
905 157 
906 637 
907 1784 
907 280 
908 2 
926 384 
935 34 
937 5 
942 1401 
949 96 
959 4 
960 4359 
962 44 
963 301 
975 88 
976 150 
977 836 
977 332 
980 28 
989 40 
994 5671 
998 4 
1005 13 
1029 0 
1030 337 
1031 379 
1046 383 
1046 109 
1052 1278 
1055 279 
1064 80 
1066 26 
1066 2871 
1070 2512 
1074 715 
1087 12 
1088 1154 
1090 2663 
1097 1426 
1102 318 
1119 170 
1148 527 
1152 1656 
1153 5952 
1161 7 
1170 138 
1171 918 
1183 1109 
1194 2042 
1200 9 
1215 51 
1226 3873 
1234 427 
1236 1643 
1243 69 
1248 54175 
1254 306 
1255 335 
1259 1341 
1267 1309 
1267 5315 
1269 1451 
1270 4676 
1272 13 
1283 245 
1289 27 
1301 1070 
1307 812 
1324 4 
1329 77 
1332 1483 
1335 240 
1336 1033 
1343 613 
1350 18 
1350 532 
1360 159 
1365 1330 
1367 1185 
1370 0 
1374 42 
1392 1001 
1393 27 
1396 40 
1399 435 
1428 4 
1432 793 
1433 7441 
1433 66 
1436 23 
1450 67 
1456 4 
1461 28 
1470 90 
1473 696 
1473 6892 
1474 2536 
1480 72 
1481 286 
1506 21 
1515 773 
1515 467 
1520 800 
1521 47 
1522 666 
1523 403 
1536 486 
1541 1376 
1543 8749 
1551 1009 
1557 1 
1572 31 
1574 657 
1600 960 
1620 197 
1639 12 
1652 146 
1665 269 
1667 983 
1681 18862 
1686 10 
1700 10626 
1701 204 
1702 11645 
1704 806 
1706 32 
1712 389 
1712 6519 
1714 606 
1719 1192 
1720 8 
1722 222 
1731 832 
1737 23 
1737 226 
1748 849 
1751 12 
1756 35 
1764 413 
1766 56 
1792 872 
1796 89 
1804 1082 
1826 7 
1842 1498 
1850 257 
1870 445 
1891 261 
1904 84 
1912 627 
1918 2010 
1923 972 
1923 972 
1930 551 
1930 551 
1933 71 
1933 71 
1934 235 
1934 235 
1937 8645 
1937 8645 
1958 52 
1958 52 
1982 592 
1982 381 
2011 5 
2017 51 
2022 64 
2026 1013 
2035 42 
2047 1362 
2052 1502 
2063 67 
2068 7569 
2071 2 
2081 75 
2084 58 
2089 10 
2095 59 
2103 131 
2139 621 
2153 483 
2153 2015 
2173 4706 
2180 68 
2184 1553 
2196 152 
2221 1 
2236 31 
2283 5 
2285 333 
2292 1725 
2299 16 
2303 537 
2303 650 
2329 804 
2343 948 
2346 374 
2356 29 
2361 1345 
2367 169 
2375 7860 
2376 645 
2394 90 
2397 1 
2397 2119 
2414 65 
2427 152 
2436 579 
2448 54 
2448 21 
2448 168 
2463 33 
2465 743 
2474 5209 
2475 1665 
2476 0 
2484 649 
2492 232 
2524 158 
2540 582 
2550 887 
2566 319 
2568 141 
2581 19 
2608 1255 
2636 20 
2658 249 
2664 1439 
2688 1 
2690 5679 
2708 76 
2711 1357 
2720 4 
2723 299 
2738 11 
2746 59 
2749 1184 
2754 119 
2759 573 
2761 47 
2769 628 
2796 1878 
2800 38 
2805 4 
2812 8 
2847 1662 
2859 338 
2879 175 
2895 761 
2918 436 
2926 674 
2941 25 
2947 98 
2954 212 
2957 1063 
2966 27 
2989 5464 
3008 271 
3038 1577 
3052 7311 
3111 6 
3121 1199 
3130 32967 
3138 368 
3197 20 
3203 310 
3212 59 
3239 13 
3242 1 
3260 56 
3261 405 
3283 1079 
3283 183 
3290 348 
3292 1792 
3344 830 
3346 2319 
3360 664 
3360 10467 
3369 176 
3376 16 
3391 57 
3414 1 
3427 360 
3449 64 
3455 20852 
3467 74 
3471 182 
3482 57 
3486 653 
3496 1049 
3499 41 
3500 119 
3523 218 
3525 1257 
3541 1 
3552 0 
3555 1304 
3555 20 
3563 1879 
3568 11 
3570 774 
3575 1668 
3608 331 
3619 49 
3637 15 
3651 133122 
3655 260 
3663 410 
3666 1 
3668 111 
3672 1115 
3702 397 
3722 28 
3733 31317 
3738 1782 
3739 1077 
3748 27 
3762 262 
3818 442 
3821 28 
3833 196 
3851 14 
3861 1463 
3863 64 
3890 217 
3891 1268 
3893 848 
3932 211 
3932 3721 
3937 463 
3942 67 
3972 26 
3983 641 
3988 263 
3995 1798 
4061 2035 
4067 483 
4082 63 
4094 145 
4103 211 
4144 487 
4206 197 
4207 475 
4218 255 
4232 868 
4268 362 
4269 2642 
4271 597 
4278 6550 
4279 181 
4281 124 
4312 0 
4316 24671 
4339 370 
4367 10 
4385 891 
4388 1494 
4393 1494 
4430 597 
4431 756 
4435 405 
4463 115 
4465 16 
4469 6 
4470 892 
4487 323 
4489 2186 
4502 92 
4517 123 
4525 325 
4528 151 
4541 414 
4548 2635 
4551 3352 
4554 527 
4561 37 
4581 213 
4586 55 
4598 331 
4608 3 
4619 0 
4660 91 
4675 5386 
4691 719 
4696 61 
4706 213 
4732 478 
4811 526 
4831 0 
4840 1026 
4851 126 
4934 160 
5032 3619 
5032 225 
5039 39 
5059 218 
5080 893 
5098 5 
5109 70 
5121 2941 
5156 321 
5180 194 
5238 129 
5287 5183 
5296 37 
5313 249 
5325 156 
5412 235 
5413 259 
5480 35 
5483 435 
5509 759 
5513 4 
5530 540 
5539 1 
5569 3 
5573 375 
5588 190 
5645 5498 
5658 2400 
5686 19 
5743 1470 
5752 126 
5760 1068 
5775 477 
5778 318 
5827 16 
5839 1393 
5893 588 
5896 43 
5948 6 
5966 71 
6027 254 
6038 466 
6040 27 
6062 989 
6062 212 
6092 521 
6098 309 
6116 563 
6133 311 
6147 2292 
6176 6012 
6208 140 
6219 6578 
6245 137 
6266 382 
6323 708 
6395 48 
6464 414 
6468 101 
6471 1334 
6514 3270 
6532 50 
6552 529 
6590 150 
6593 1242 
6613 7759 
6622 94 
6629 1072 
6652 16 
6653 389 
6653 561 
6673 148 
6704 2536 
6721 123 
6723 1175 
6742 223 
6747 639 
6749 663 
6761 2706 
6763 440 
6768 2168 
6847 999 
6867 248 
6883 5225 
6903 208 
6908 1645 
6909 1552 
6925 1329 
6925 13 
6971 431 
6978 22 
7045 1543 
7073 214 
7080 808 
7104 28 
7114 1824 
7208 1180 
7210 11 
7212 533 
7215 54 
7311 20 
7377 160 
7391 28 
7398 1867 
7411 42 
7437 8 
7451 532 
7454 7401 
7466 922 
7515 702 
7573 9126 
7594 690 
7599 100 
7613 3 
7641 1592 
7644 1138 
7676 7275 
7678 1880 
7682 780 
7688 567 
7705 320 
7723 66 
7756 1153 
7778 7580 
7813 81 
7825 360 
7826 411 
7970 1326 
7989 28 
8030 0 
8066 2765 
8113 672 
8118 1811 
8122 208 
8212 104 
8221 1492 
8256 41 
8278 99 
8291 1956 
8330 410 
8390 175 
8403 81 
8408 505 
8420 2241 
8427 149 
8510 28 
8510 818 
8526 1347 
8533 1664 
8572 809 
8605 355 
8610 2259 
8653 220 
8702 1558 
8709 473 
8720 2939 
8750 50 
8751 40 
8754 2570 
8773 19532 
8812 238 
8860 641 
8939 2866 
8955 2710 
8968 481 
9042 1053 
9087 11 
9163 516 
9206 4 
9208 397 
9215 1825 
9234 0 
9280 649 
9283 235 
9296 2082 
9331 727 
9336 986 
9342 222 
9343 6 
9409 3439 
9420 570 
9423 616 
9441 98 
9452 33837 
9462 1598 
9485 854 
9490 37 
9497 345 
9558 693 
9585 558 
9610 1689 
9644 793 
9662 3126 
9668 16 
9719 8 
9772 274 
9784 288 
9817 85 
9832 1 
9850 166 
9861 1171 
9888 638 
9892 9399 
9892 9399 
9898 309 
9899 2279 
9929 85 
9964 0 
9991 1216 
10028 33 
10033 65 
10034 359 
10042 472 
10116 74 
10142 103 
10184 59 
10185 467 
10188 14468 
10215 1116 
10316 2144 
10331 34 
10382 135 
10415 130 
10424 12 
10433 1105 
10476 3 
10513 21 
10522 135 
10533 77 
10535 13 
10552 715 
10593 87 
10610 108 
10618 178 
10668 1626 
10692 1025 
10764 52 
10875 351 
10955 84 
10982 180 
11067 3 
11093 660 
11151 161 
11154 7 
11213 7 
11229 0 
11260 259 
11295 2120 
11338 28 
11346 9863 
11347 71 
11463 95 
11507 1362 
11579 261 
11599 2599 
11607 1070 
11670 17 
11680 4964 
11683 383 
11762 309 
11783 1893 
11790 3663 
11797 48 
11799 51 
11804 33 
11814 128 
11819 791 
11833 359 
11856 0 
11877 481 
11878 681 
11904 290 
11917 1402 
11947 1850 
11973 210 
12020 1495 
12078 746 
12086 1029 
12090 117 
12162 491 
12184 381 
12231 1758 
12322 1561 
12363 175 
12365 6588 
12380 916 
12445 337 
12453 746 
12465 720 
12467 1077 
12518 138 
12554 1069 
12585 615 
12685 2048 
12708 439 
12846 2465 
12927 150 
12943 598 
13043 768 
13121 335 
13148 265 
13233 2082 
13265 65 
13320 1881 
13328 301 
13351 8 
13396 302 
13425 10221 
13432 192 
13552 44 
13582 223 
13709 257 
13782 582 
13822 123 
13839 245 
13927 499 
13932 28 
13981 3103 
14028 1371 
14084 1643 
14186 117 
14256 20 
14260 1546 
14262 3141 
14294 1309 
14300 271 
14308 7 
14328 373 
14376 3621 
14406 459 
14433 627 
14504 97 
14520 33 
14652 132 
14690 301 
14765 225 
14817 192 
14839 945 
14841 1247 
14870 380 
14906 133 
14910 1753 
14940 727 
14983 670 
15030 18988 
15040 491 
15060 296 
15108 549 
15139 28 
15145 19 
15169 3549 
15300 420 
15380 63 
15385 2 
15389 345 
15393 67 
15535 97 
15566 390 
15707 998 
15744 7037 
15751 14 
15783 1146 
15788 1543 
15797 266 
15802 329 
15854 85 
15873 62 
15920 280 
15974 119 
15985 1 
16007 1182 
16010 164 
16101 203 
16150 2 
16204 834 
16219 36 
16260 322 
16282 1182 
16283 493 
16343 6979 
16373 2279 
16437 387 
16465 515 
16510 251 
16523 5 
16531 376 
16576 1147 
16580 37 
16589 19 
16596 574 
16751 38 
16751 38 
16772 1010 
16772 1010 
16804 1169 
16842 1397 
16847 89 
16866 2948 
16966 336 
17013 74 
17075 6813 
17273 1 
17289 119 
17384 1221 
17413 1428 
17454 728 
17475 763 
17478 2374 
17483 39 
17492 1536 
17517 2446 
17547 2997 
17577 109 
17579 9218 
17593 27 
17631 1013 
17751 74 
17789 294 
17801 1190 
17809 4562 
17842 328 
17914 487 
17960 2308 
18004 659 
18080 1236 
18101 775 
18126 478 
18144 1897 
18185 1105 
18213 101 
18223 182 
18341 1383 
18364 1098 
18395 0 
18403 220 
18428 660 
18480 987 
18485 263 
18488 35 
18526 47 
18636 423 
18758 68 
18850 1122 
18946 2048 
19010 14843 
19013 2 
19083 1297 
19224 28 
19266 941 
19272 82 
19309 543 
19357 830 
19368 250 
19400 760 
19486 1392 
19496 127 
19891 166 
19897 146 
19909 32 
19940 3 
20099 766 
20101 578 
20129 860 
20136 3488 
20144 234 
20232 1252 
20313 85 
20335 591 
20358 3694 
20387 290 
20423 1062 
20518 5 
20659 168 
20672 386 
20715 10839 
20730 120 
20731 453 
20744 365 
20791 5068 
20943 915 
20971 13 
20999 1473 
21069 1056 
21074 31 
21224 483 
21237 315 
21263 347 
21280 44 
21311 318 
21351 390 
21389 1324 
21492 431 
21550 1652 
21691 1614 
21697 40 
21715 1893 
21772 129 
21779 406 
21803 360 
21804 705 
21936 504 
22078 484 
22297 937 
22396 80 
22415 396 
22436 576 
22467 2183 
22485 9713 
22520 930 
22538 8 
22558 33492 
22578 1379 
22633 1237 
22758 702 
22822 435 
22826 11878 
22932 176 
22939 542 
22970 486 
23029 9 
23097 15 
23207 14 
23211 14 
23282 1377 
23303 1016 
23435 1968 
23498 139 
23569 1372 
23588 789 
23608 115 
23663 1712 
23791 706 
23855 123 
23906 1185 
23916 144 
23949 1000 
23980 130 
24067 588 
24204 756 
24281 1203 
24449 140 
24491 812 
24576 44 
24930 9 
25116 2076 
25133 2 
25159 3493 
25214 1490 
25262 671 
25295 585 
25349 500 
25594 1274 
25872 652 
25915 1057 
25937 205 
25943 43 
26042 2 
26103 210 
26167 415 
26246 308 
26497 288 
26512 1183 
26594 0 
26653 102 
26756 239 
26791 176 
26826 1691 
27237 40 
27593 121 
27637 14 
27640 35 
27711 16 
27757 215 
27785 180 
27822 13 
27823 216 
27953 1408 
27965 287 
28048 68 
28209 1224 
28393 946 
28535 329 
28604 11 
28633 8006 
28732 3 
28788 1054 
28855 957 
28879 605 
28914 773 
28926 59 
28940 891 
28945 1331 
28954 3887 
28960 905 
28965 289 
29010 962 
29051 1073 
29159 1271 
29164 9606 
29175 236 
29188 179 
29223 573 
29269 304 
29385 140 
29474 128 
29509 248 
29575 985 
29579 406 
29592 1016 
29604 123 
29700 582 
29769 60 
30136 357 
30144 1499 
30198 829 
30358 2736 
30426 102 
30460 240 
30567 789 
30688 101 
30719 175 
30769 646 
30880 410 
31285 538 
31665 816 
31814 220 
31894 3794 
32070 5843 
32118 706 
32266 2117 
32278 12 
32441 144 
32505 954 
32639 36 
32678 216 
32698 629 
32865 1070 
32927 144 
32981 218 
33022 50 
33095 92 
33115 124 
33241 221 
33330 1814 
33485 644 
33734 5 
34156 1525 
34245 529 
34506 2 
34603 1255 
34856 363 
35006 8 
35379 12 
35441 155 
35770 4284 
35783 75 
36007 397 
36130 893 
36575 3162 
36970 434 
37002 921 
37340 2315 
37405 422 
37560 2571 
37680 617 
37697 3 
37845 94 
37965 2605 
38195 4554 
38224 440 
38471 2 
38648 1878 
38672 931 
38734 3 
38803 497 
38812 67 
39002 5914 
39364 14669 
39478 720 
39810 793 
39888 288 
39911 2219 
40165 1787 
40326 178 
40380 146 
40431 4947 
40525 406 
40555 76 
40596 12165 
40697 62 
40733 160 
40921 173 
41004 660 
41147 19360 
41200 12364 
41281 138 
41526 235 
41597 896 
41641 691 
41678 291 
42022 608 
42640 241 
42678 452 
42762 308 
42875 514 
43184 92 
43191 951 
43490 11 
43529 720 
43694 291 
43787 1373 
43841 255 
44113 1466 
44128 486 
44163 1014 
44272 8 
44344 172 
44395 1866 
44460 505 
44679 72 
44695 38 
44814 536 
44944 231 
44959 838 
45344 49 
45418 1779 
45456 594 
45456 230 
45595 470 
45885 125 
45964 27 
46046 1602 
46090 463 
46258 701 
46464 24191 
46703 150 
46767 1490 
46923 183 
46942 11 
46946 391 
47132 2468 
47720 1044 
47725 133 
48137 1367 
48525 1084 
48666 9 
48839 2979 
48927 1869 
48974 435 
48977 1281 
49003 960 
49016 63 
49071 8411 
49090 2577 
49489 2493 
49763 855 
49945 185 
50002 526 
50003 6459 
50304 31 
50351 744 
50527 249 
50710 593 
50796 129 
50819 1319 
50848 5 
50952 238 
51373 45 
51462 2069 
51534 1903 
51675 705 
52044 82 
52139 1034 
52186 2483 
52219 281 
52381 212 
52414 2 
52428 10 
52703 2214 
52741 2426 
52742 1116 
52868 3 
52973 308 
53071 859 
53216 1203 
53595 10337 
53647 748 
53715 768 
53767 493 
53884 667 
53889 187 
53999 10 
54454 681 
54516 1564 
54533 10 
54705 679 
54903 5812 
54916 1406 
55034 594 
55518 923 
55545 19 
55558 4094 
55705 1416 
55999 1140 
56180 15 
56392 1448 
56723 105 
57409 22 
57533 4246 
57791 38 
58159 320 
58568 645 
58676 983 
58683 541 
58756 86 
59225 1048 
59235 827 
59240 21 
59240 79 
59277 107 
59414 48 
59477 1171 
59854 1322 
60214 878 
60535 241 
60798 3342 
60898 34159 
60924 153 
61644 42 
61732 4397 
61785 371 
61813 4 
62075 5366 
62085 884 
62245 1497 
62411 7710 
62415 932 
62427 1182 
62455 3591 
62508 1608 
62612 608 
62684 181 
62687 672 
62780 1998 
62781 1047 
62831 60 
63092 1112 
63736 258 
64057 845 
64106 314 
64112 144 
64244 0 
65003 959 
65208 454 
65351 163 
65643 506 
65793 26 
66032 10675 
66392 1163 
66542 691 
66542 9 
66599 110 
66816 390 
66897 252 
66972 340 
67029 926 
67037 522 
67057 601 
67129 113 
67610 543 
67665 3317 
67950 360 
68274 4067 
68543 4 
68929 301 
69110 935 
69122 940 
69204 4415 
69230 256 
69242 122 
69306 1269 
69631 425 
70108 2337 
70119 11506 
70281 748 
70428 891 
70489 830 
70777 7369 
70934 2328 
70981 336 
71405 1008 
71506 1025 
71639 800 
71820 384 
71993 243 
72055 4 
72120 675 
72190 769 
72198 4144 
72214 1383 
72237 1291 
72377 1117 
72389 59 
72585 157 
72595 108 
72622 794 
72624 1670 
72627 499 
72830 405 
73127 294 
73136 17 
73807 67 
73920 537 
74153 1017 
74292 4065 
74312 335 
74323 512 
74326 611 
74461 228 
74729 27 
74785 372 
74849 3749 
74985 1061 
75129 515 
75202 67 
75304 109 
75463 86 
75697 800 
75980 566 
76027 44 
76051 852 
76084 2 
76179 2040 
76308 963 
76408 875 
76425 115 
76466 628 
76498 132 
76654 815 
76766 58 
76787 340 
76925 1174 
77121 329 
77202 452 
77281 923 
77417 1567 
77623 1379 
77722 3000 
77758 82 
77857 1142 
77983 2292 
78113 140 
78150 407 
78396 406 
78426 18 
78434 752 
79214 329 
79416 12002 
79474 2834 
79495 25546 
79522 139 
79528 346 
79532 1192 
79540 444 
79599 139 
79702 1208 
79707 796 
79715 593 
80004 51 
80026 44 
80122 272 
80178 854 
80305 117 
80645 2872 
80803 635 
80854 922 
80869 1239 
80872 2816 
80911 463 
80916 4376 
80965 61 
81076 537 
81099 566 
81107 88 
81134 4 
81237 379 
81565 2338 
82025 1074 
82328 224 
82351 79 
82366 1272 
82405 414 
82508 335 
82526 904 
82624 323 
83034 61 
83053 1438 
83070 472 
83087 206 
83095 1174 
83283 1103 
83350 3 
83406 734 
83580 134 
84056 223 
84517 71 
84634 60 
84847 931 
84974 1742 
85002 243 
85326 186 
85720 44 
85889 1149 
85893 73 
87494 974 
87807 1634 
88310 35826 
88355 304 
88562 153 
88677 1102 
88839 79 
88976 2291 
88992 593 
89043 561 
89139 210 
89168 230 
89436 1049 
89483 432 
89574 100716 
89982 1123 
90038 232 
90038 232 
90570 1198 
90671 399 
90775 357 
90890 279 
91232 1930 
91508 1049 
91602 538 
91986 313 
92168 285 
92379 339 
92680 93 
92877 623 
92890 1858 
93211 1802 
93341 33 
94315 495 
94331 117 
94716 639 
94844 520 
94926 3380 
95049 1173 
95077 16 
95190 481 
95496 239 
95541 3632 
95665 7450 
95759 565 
96286 1419 
96380 293 
96413 4280 
96786 92 
96927 847 
96980 13 
97124 717 
97125 1279 
97323 745 
97578 265 
97713 286 
98005 640 
98434 604 
98450 1139 
98669 733 
98671 1358 
98891 704 
99140 1411 
99672 4255 
99749 1920 
99811 14100 
99863 677 
100130 1761 
100590 231 
101299 6 
101456 309 
101547 844 
101735 856 
101987 1184 
102880 488 
103061 75 
103326 708 
103724 1022 
104003 3686 
104477 3981 
104800 28979 
104982 9 
105027 2065 
105038 667 
105043 1188 
105346 58 
105560 2278 
105560 2278 
107016 1581 
107451 159 
108299 636 
108336 550 
108425 241 
108798 16 
108942 1946 
109512 72 
110245 45 
110348 1787 
111054 270 
112548 597 
113302 87 
113669 586 
113968 761 
114640 31 
114754 2123 
115463 1821 
115849 687 
116239 133 
116445 405 
116503 8289 
116508 521 
116572 1253 
116760 690 
117195 199 
117201 62 
117241 682 
117269 2958 
117595 289 
117675 4421 
117837 2612 
117991 211 
118135 635 
118500 557 
118535 545 
119655 983 
119796 238 
119850 56 
119865 536 
120005 471 
120093 1 
120099 724 
120133 231 
120329 128 
121159 1313 
122249 164 
123157 824 
123258 11 
123860 1728 
124505 5534 
124581 10 
124944 1262 
125514 1562 
126166 1041 
126237 6769 
126938 51 
126949 49 
126995 302 
127212 1017 
128178 63 
128363 4 
128604 1884 
130290 4172 
130332 847 
131673 1017 
131781 936 
132037 2051 
132355 604 
132508 228 
133675 1315 
136402 481 
136455 164 
136588 845 
137079 348 
137133 399 
138117 485 
139231 2 
140947 134 
141851 399 
142159 334 
142528 496 
142944 551 
143421 88 
143539 16 
143707 111 
145404 956 
145684 843 
145992 520 
146068 874 
146194 157 
146942 377 
147484 298 
148311 281 
149870 1867 
150622 1908 
151060 325 
151089 347 
151089 347 
151314 3831 
151505 1405 
151590 316 
151617 8 
152088 268 
152486 105 
152609 248 
153344 136 
153729 468 
154183 9 
154569 9 
154582 1390 
155293 2497 
155431 179 
155830 1199 
155916 1196 
155926 1878 
155929 253 
155963 465 
156223 287 
156286 0 
156512 83 
156528 1175 
156620 1407 
157059 1186 
157085 82 
157088 1581 
157089 248 
157840 596 
157883 882 
159803 212 
160787 272 
160963 20 
161658 212 
161836 156 
162416 1913 
162856 213 
164304 86 
164451 1126 
165070 213 
165579 24 
165721 1134 
165809 71 
166584 575 
167036 540 
167286 1052 
167994 838 
168336 209 
168470 305 
168701 150 
168728 54 
168898 71 
168981 375 
169121 5 
169770 22 
170092 50 
170337 25 
170434 232 
170617 905 
170691 97 
170822 266 
170890 224 
171609 96 
171790 205 
172057 3113 
172064 286 
172195 576 
172222 922 
172893 171 
172916 121 
173795 2019 
174097 1115 
174795 84 
175214 5292 
175223 2047 
175284 7672 
175314 0 
175604 390 
175643 162 
176189 657 
176380 91 
176653 15 
177115 14775 
177904 60 
177997 562 
178705 169 
179195 129 
179353 102 
179844 705 
180534 2567 
180793 250 
181028 54511 
181166 99 
181172 84 
181199 514 
181444 469 
181852 253 
182172 195 
182601 909 
182706 404 
183193 80 
183299 5 
183914 235 
184490 190 
184497 2538 
184513 1912 
184716 370 
184732 71 
184829 95 
185135 2 
186872 1113 
187528 1715 
187825 2200 
188521 741 
188809 59 
189754 977 
190244 7 
191671 847 
192187 30 
192363 1427 
194027 42 
195245 372 
198111 429 
198893 690 
200733 76 
201302 521 
202361 556 
202750 143 
204940 100 
205361 1 
208051 90 
210810 0 
211418 943 
212699 24 
215532 140 
218763 0 
225019 621 
225022 2011 
225919 735 
226149 18 
227100 791 
230416 2249 
231170 183 
231173 645 
231612 722 
232471 1123 
233442 814 
234663 869 
238128 9219 
238288 1782 
240157 2150 
241257 893 
242471 217 
242923 3123 
245078 2356 
246573 1598 
246745 100 
246751 286 
248093 6098 
248841 3443 
249094 0 
250177 5291 
250294 687 
250359 1084 
250449 28 
250952 2394 
251607 1345 
253216 406 
253685 1553 
253785 1141 
254216 640 
254260 680 
254879 940 
255693 16 
255962 167 
257662 70 
257874 2942 
259060 299 
259276 1228 
260057 2616 
261392 6 
261977 301 
262709 30 
262919 1121 
262944 588 
263025 284 
263271 669 
263750 827 
264131 9 
265513 4149 
267010 115 
268490 1186 
268825 196 
269434 540 
271671 0 
272524 771 
273359 150 
274537 781 
274664 309 
274761 410 
274948 90 
275347 48 
275358 62 
275379 166 
275901 2093 
275934 212 
276049 1306 
276536 420 
277038 580 
277545 503 
278120 1868 
279013 1879 
279809 195 
280979 1363 
282849 242 
283346 756 
283419 628 
283899 68 
284386 138 
285002 283 
286952 1 
289503 783 
291569 25 
295673 529 
295869 813 
295877 325 
298519 1260 
298861 625 
302494 30 
303690 441 
306101 2091 
308934 310 
309215 1158 
309827 2219 
310299 346 
310430 341 
310894 2721 
312757 833 
314442 1946 
316824 1127 
317170 360 
317296 624 
318694 677 
320448 1949 
321884 529 
322369 431 
322588 40 
323314 429 
323503 106 
325068 1317 
326633 137 
326748 710 
331825 5245 
332458 2786 
333306 2842 
333672 1521 
333789 1331 
334399 101 
334586 2504 
335218 946 
335515 106 
336015 44 
336386 164 
336491 1488 
338149 100 
339561 290 
340095 275 
340107 2026 
340509 576 
340912 283 
342381 1060 
344267 698 
345404 609 
346667 5717 
346884 995 
351605 454 
352420 2 
352707 405 
353042 118 
358163 39 
361288 6 
363004 380 
366030 902 
367075 749 
368731 336 
369394 821 
371351 427 
371683 251 
375497 909 
376924 272 
377885 29 
380351 88 
382776 2310 
383297 161 
384814 257 
385663 9 
385923 2020 
389956 0 
397062 1245 
397377 125 
400581 181 
400752 251 
402740 643 
405847 2 
407773 10 
407821 15 
409640 3 
410143 4576 
411390 998 
413693 163 
413934 399 
415798 1941 
415820 710 
416494 792 
416837 3306 
422325 432 
423533 330 
426530 140 
426890 2738 
426907 1647 
427449 187 
428256 234 
429077 2651 
429115 2190 
434487 360 
436406 746 
438192 2845 
438396 383 
438850 913 
440467 44 
442463 1099 
447594 373 
447979 221 
449293 2203 
450057 460 
452080 201 
454959 177 
455234 36 
460391 1411 
460762 651 
465209 154 
465320 1055 
467049 546 
471841 0 
475344 6548 
480085 478 
481553 1171 
482099 0 
492059 65 
493213 1396 
493647 71 
495127 650 
497626 3752 
507174 3324 
507726 1471 
509956 0 
512081 323 
514704 6153 
516561 3874 
519267 1400 
521637 112 
522683 626 
524675 41 
525277 1595 
528870 30 
531747 875 
532362 2838 
532374 7 
532889 97 
533462 240 
538567 1079 
538968 101 
541236 1115 
542268 311 
544723 787 
547488 241 
558205 86 
565898 124 
570393 132 
577544 338 
580098 4345 
580950 833 
581738 2 
583655 830 
594330 1564 
596636 664 
596889 3 
598623 2257 
601387 363 
