2474 7.44327546296
0 4643986 
19 229 
21 150 
23 1004 
23 751 
29 1486 
31 70 
31 247 
33 101 
36 257 
36 181 
36 189 
38 141 
42 694 
43 421 
43 254 
44 136 
46 464 
47 248 
47 162 
47 366 
50 1033 
52 74 
53 1755 
55 3594 
56 130 
57 76197 
57 212 
57 14 
58 734 
59 380 
59 135 
64 529 
66 343 
66 423 
67 271 
67 316 
67 65 
68 485 
69 165 
69 110 
70 384 
71 85 
71 1572 
73 67 
73 283 
73 426 
73 146 
75 335 
76 46 
77 138 
79 170 
80 407 
80 309 
81 160 
81 81 
81 210 
82 730 
82 4562 
83 42 
87 730 
87 71 
87 205 
87 150 
88 202 
88 198 
88 240 
89 1204 
89 234 
89 1081 
89 1233 
90 2525 
90 253 
91 116 
92 818 
94 205 
94 240 
94 821 
94 94 
94 86 
96 98 
96 1379 
96 39 
96 447 
97 112 
98 912 
101 215 
102 1395 
102 1737 
103 36 
104 536 
104 22 
105 850 
105 243 
106 437 
107 48 
108 195 
108 252 
108 149 
110 17549 
111 43 
112 904 
112 391 
113 574 
113 192 
114 1250 
114 71 
114 136 
119 654 
121 119 
122 136 
123 24 
123 1429 
124 106 
124 39 
128 216 
128 75 
129 619 
131 514 
131 147 
132 1220 
133 15612 
133 455 
137 16 
137 175 
137 238 
138 149 
138 332 
139 957 
141 47 
142 155 
142 5844 
146 145 
148 208 
149 513 
150 47 
151 182 
152 0 
158 12106 
162 57 
162 1613 
163 110 
164 283 
166 223 
167 566 
167 1160 
168 246 
168 1728 
169 401 
169 820 
174 138 
175 359 
176 1344 
178 786 
186 81 
188 1291 
188 520 
188 91 
189 412 
192 449 
196 417 
197 201 
198 686 
198 930 
199 213 
199 204 
200 15 
202 30 
205 26 
206 1026 
206 128 
207 242 
208 8 
209 125 
211 487 
211 182 
213 1079 
213 1519 
219 4392 
221 23 
223 349 
224 246 
226 317 
226 110 
231 37 
234 8 
236 113 
244 722 
244 758 
247 382 
248 7 
250 290 
260 79 
261 162 
263 295 
263 51 
264 53 
265 792 
267 1408 
268 1397 
272 304 
273 70 
275 204 
276 381 
282 11 
283 39 
283 109 
283 706 
285 74 
286 9 
287 199 
290 212 
291 51 
292 26644 
298 356 
299 520 
301 532 
301 113 
302 4 
302 421 
302 503 
305 222 
306 767 
310 16 
310 402 
312 25 
314 170 
314 352 
315 6 
315 1405 
322 19 
332 33 
332 174 
333 65 
335 1487 
336 2136 
336 1285 
338 188 
343 281 
343 131 
344 97 
345 76 
347 957 
356 748 
356 67 
359 31 
359 71 
364 203 
368 481 
374 296 
375 37 
375 566 
377 213 
381 16 
389 21 
395 365 
397 142 
399 140 
400 7 
404 1250 
416 199 
418 148 
433 2176 
437 265 
446 122 
451 240 
456 680 
456 10 
459 442 
466 284 
472 1672 
475 122 
478 111 
479 97 
485 423 
494 872 
495 668 
495 12 
506 41 
507 45 
508 69 
511 954 
514 76 
517 22 
527 417618 
545 97 
548 12 
554 433 
560 1454 
564 1228 
571 297 
578 201 
579 25 
579 4 
584 60 
587 10 
591 569 
597 182 
607 746 
609 229 
611 38 
612 7 
613 138 
627 64 
634 145 
639 17 
640 206 
645 8 
649 41 
654 167 
671 199 
685 49 
687 199 
709 6 
713 18 
717 82 
722 122 
722 98 
731 215 
734 46 
737 25 
737 182 
746 305 
749 191 
760 32 
763 24 
769 64 
770 3769 
775 1 
782 905 
787 309 
789 96 
790 327 
790 137 
811 213 
833 650 
846 121 
850 287 
850 126 
854 257 
862 355 
869 143 
870 155 
879 2116 
880 156 
895 16 
901 135 
927 20 
949 13 
958 259 
963 38 
972 143 
983 400 
995 70 
1025 96 
1034 237 
1056 455 
1056 542 
1059 160 
1073 456 
1090 76 
1100 876 
1102 94 
1137 186 
1145 161 
1146 132 
1149 277 
1184 61 
1185 2132 
1192 335 
1192 36 
1200 420 
1200 124 
1206 17 
1207 68 
1216 9 
1221 93 
1222 4184 
1225 42 
1254 34 
1270 324 
1282 228 
1293 385 
1295 232 
1319 241 
1323 15 
1331 41 
1333 190 
1351 40 
1356 6 
1360 358 
1363 79 
1372 150 
1388 296 
1393 134 
1406 43 
1411 41 
1418 140 
1423 196 
1428 2756 
1428 1911 
1430 667 
1458 336 
1463 498 
1466 110 
1474 4 
1499 573 
1523 107 
1528 554 
1541 9 
1546 0 
1554 222 
1564 277 
1568 1675 
1583 26 
1590 435 
1591 2781 
1598 2171 
1604 22 
1607 271 
1608 1062 
1619 200 
1624 322 
1638 43 
1641 2024 
1642 46 
1646 137 
1648 57 
1670 41 
1670 8 
1674 29 
1687 35 
1715 193 
1715 131 
1732 487 
1768 124 
1774 82 
1775 289 
1790 22 
1796 11 
1798 72 
1799 3123 
1809 1892 
1822 132 
1874 157 
1881 207 
1919 44 
1919 6 
1937 1 
1940 746 
1969 82 
1970 339 
1977 208 
2001 585 
2008 141 
2012 1847 
2017 26 
2039 207 
2046 670 
2067 225 
2092 309 
2126 106 
2146 12146 
2147 73 
2157 82 
2180 1542 
2184 69 
2188 202 
2194 2429 
2200 129 
2200 72 
2208 531 
2216 6 
2218 25 
2219 37 
2226 259 
2255 50 
2261 167 
2293 454 
2306 85 
2315 175 
2339 71 
2349 2042 
2414 917 
2420 89 
2435 990 
2437 320 
2457 1718 
2461 557 
2461 1356 
2471 188 
2501 1743 
2513 257 
2541 271 
2541 2911 
2543 169 
2586 43 
2587 288 
2629 1162 
2645 26 
2656 169 
2670 227 
2687 144 
2722 109 
2741 332 
2759 442 
2780 60 
2781 46 
2795 235 
2810 183 
2824 1012 
2826 50 
2838 7616 
2866 377 
2904 644 
2922 61 
2926 116 
2993 605 
3024 449 
3029 501 
3040 352 
3086 486 
3095 88 
3111 3 
3120 1304 
3121 47 
3129 56 
3140 115 
3173 144 
3175 227 
3194 938 
3214 10 
3218 596 
3226 220 
3259 291 
3259 291 
3276 47 
3276 47 
3278 501 
3278 501 
3295 2804 
3295 2804 
3314 36 
3314 36 
3364 14 
3376 10 
3465 1169 
3475 598 
3515 110 
3528 100 
3532 227 
3544 103 
3612 384 
3640 2482 
3704 58 
3704 3320 
3727 178 
3782 207 
3799 56 
3839 810 
3852 6104 
3858 60 
3971 485 
3988 2920 
4009 953 
4009 1337 
4018 11 
4021 31 
4024 308 
4053 71 
4067 801 
4076 1009 
4114 11049 
4132 816 
4164 7162 
4170 528 
4225 1278 
4246 165 
4297 1931 
4309 45 
4339 599 
4405 26 
4430 15 
4440 1021 
4441 103 
4452 89 
4512 23 
4516 1091 
4550 34 
4551 214 
4593 2965 
4597 331 
4644 6 
4661 2835 
4671 766 
4695 769 
4716 157 
4721 114 
4731 3426 
4739 975 
4739 10514 
4741 77 
4809 33 
4835 29 
4839 337 
4891 784 
4908 27 
4962 95 
5025 2149 
5112 45 
5182 2191 
5214 184 
5228 580 
5231 218 
5246 6130 
5249 1006 
5273 1099 
5335 4025 
5359 6282 
5393 37 
5407 72 
5443 263 
5448 64 
5455 968 
5461 37 
5489 119 
5601 73 
5616 53 
5643 532 
5646 90 
5708 19 
5712 9 
5740 2 
5845 1267 
5846 149 
5926 1998 
5960 1104 
6007 6230 
6068 60 
6178 1527 
6199 1518 
6216 86 
6229 18 
6265 0 
6272 16 
6297 2240 
6327 815 
6332 1939 
6363 406 
6384 21 
6447 510 
6468 287 
6544 450 
6553 436 
6570 63 
6631 569 
6659 319 
6813 24 
6899 1353 
7100 41 
7130 1411 
7131 1273 
7151 0 
7186 122 
7200 2791 
7277 87 
7277 154 
7323 246 
7339 92 
7344 5642 
7356 36 
7370 1930 
7397 51 
7552 8691 
7575 1281 
7577 3924 
7586 157 
7593 755 
7628 0 
7681 604 
7787 1087 
7792 56 
7821 283 
7868 24 
7874 231 
7904 130 
7959 475 
7974 1593 
8062 69 
8124 530 
8176 402 
8254 262 
8358 175 
8373 1375 
8383 52 
8392 56 
8435 55 
8446 523 
8457 12 
8504 583 
8532 75563 
8579 0 
8657 302 
8744 164 
8817 161 
8854 1842 
8970 8 
8973 91 
9020 340 
9035 531 
9051 1602 
9108 703 
9127 420 
9170 123 
9180 2397 
9208 295 
9228 24 
9236 213 
9242 536 
9434 230 
9443 808 
9543 810 
9551 509 
9580 5 
9586 17 
9600 113 
9630 101 
9742 4619 
9751 3945 
9851 86 
9894 1472 
9908 4 
9943 507 
10039 149 
10053 459 
10063 68 
10063 332 
10103 255 
10114 2025 
10141 2302 
10154 345 
10172 299 
10172 16986 
10204 43 
10230 29 
10235 89 
10238 1330 
10265 2187 
10319 4 
10359 969 
10369 86 
10372 1224 
10414 30 
10427 1016 
10513 83 
10520 15 
10523 37 
10545 290 
10545 203 
10563 5327 
10565 49 
10596 8 
10618 764 
10618 422 
10674 70 
10732 835 
10734 10 
10737 46 
10749 694 
10759 933 
10763 4 
10791 321 
10796 780 
10799 23 
10816 79 
10833 181 
10903 206 
10934 2946 
10940 421 
10965 428 
10970 24081 
11029 690 
11034 698 
11049 428 
11057 2615 
11063 2149 
11091 408 
11103 78 
11151 516 
11155 489 
11173 54 
11178 442 
11179 1025 
11234 341 
11250 127 
11252 68 
11258 51 
11269 3 
11273 76 
11342 106 
11364 221 
11379 49 
11407 1249 
11418 186 
11443 5 
11447 132 
11476 3019 
11511 430 
11527 125 
11554 8 
11559 6 
11592 484 
11645 28 
11652 42 
11670 54 
11682 285 
11684 536 
11689 91 
11736 245 
11737 29 
11742 210 
11756 127 
11804 333 
11808 712 
11895 4831 
11906 133 
11928 2203 
11944 7851 
11952 1333 
11980 915 
12036 55 
12056 22 
12062 38 
12100 0 
12121 150 
12134 223 
12161 100 
12163 349 
12181 1136 
12213 458 
12280 984 
12319 1157 
12324 1490 
12341 7302 
12346 891 
12352 52 
12361 217 
12376 60 
12397 159 
12423 1496 
12486 15 
12533 165 
12537 1722 
12579 4355 
12591 559 
12601 107 
12602 1700 
12611 1010 
12614 604 
12616 383 
12641 100 
12644 3 
12651 912 
12668 4574 
12678 12 
12720 958 
12769 9419 
12769 414 
12775 448 
12805 24 
12835 108 
12848 182 
12878 555 
12880 100 
12887 372 
12890 511 
12953 1307 
12976 22716 
12978 116 
12984 81 
12999 321 
13010 812 
13023 146 
13073 1106 
13092 2735 
13108 138 
13121 270 
13173 452 
13195 526 
13205 1065 
13208 24 
13246 363 
13337 852 
13350 1924 
13373 3455 
13424 74 
13425 302 
13474 31 
13474 1956 
13479 329 
13481 1686 
13505 1071 
13581 71 
13585 3735 
13634 1563 
13674 1263 
13682 2084 
13695 692 
13774 477 
13951 23 
14013 2373 
14025 1311 
14104 6148 
14166 3135 
14170 225 
14188 81 
14192 1462 
14215 44 
14224 2504 
14227 76 
14230 242 
14260 2083 
14270 0 
14300 1260 
14338 238 
14384 1189 
14404 584 
14446 7715 
14480 113 
14528 142 
14539 260 
14554 231 
14573 2907 
14577 76 
14587 926 
14616 75 
14619 102 
14626 1424 
14661 1446 
14699 23 
14709 1043 
14752 1362 
14759 1267 
14771 271 
14782 1265 
14792 1686 
14806 619 
14889 243 
14929 311 
15030 303 
15086 138 
15146 251 
15192 104 
15198 23 
15234 59 
15303 187 
15323 50 
15358 184 
15370 376 
15388 988 
15389 1459 
15418 75 
15420 433 
15424 895 
15442 1084 
15445 512 
15445 187 
15454 221 
15524 3750 
15592 778 
15601 2760 
15611 180 
15613 167 
15615 4197 
15634 127 
15665 122 
15670 110 
15676 113 
15679 762 
15785 49 
15791 1063 
15804 335 
15860 130 
15875 486 
15901 37 
15921 156 
15928 592 
15947 480 
15968 845 
15979 2679 
16004 318 
16012 329 
16012 679 
16143 410 
16159 184 
16176 282 
16207 25 
16210 131 
16217 393 
16220 255 
16226 205 
16236 414 
16246 1269 
16274 204 
16333 331 
16337 5395 
16359 2786 
16408 1578 
16409 663 
16426 1663 
16448 2809 
16481 890 
16485 69 
16505 684 
16532 205 
16579 489 
16609 20 
16614 2078 
16622 117 
16633 132 
16653 2136 
16662 471 
16669 249 
16697 93 
16822 521 
16826 482 
16878 1052 
16919 236 
16973 75 
17084 293 
17094 1692 
17157 475 
17157 102 
17197 1470 
17247 2861 
17252 136 
17260 7232 
17265 1092 
17289 359 
17298 355 
17307 57 
17380 288 
17403 268 
17412 516 
17418 493 
17451 93 
17487 126 
17508 1523 
17536 239 
17561 2888 
17614 181 
17635 58 
17650 118 
17690 70 
17711 15 
17740 1260 
17826 207 
17827 265 
17848 848 
17885 306 
17885 294 
17892 213 
17960 407 
17970 49 
17994 529 
18014 124 
18037 417 
18126 228 
18169 136 
18202 77 
18238 2561 
18262 673 
18265 589 
18284 3 
18414 407 
18433 343 
18465 325 
18480 555 
18499 2013 
18501 527 
18520 906 
18523 1957 
18524 1117 
18572 290 
18580 427 
18589 47 
18627 20 
18627 20 
18642 3801 
18723 457 
18728 701 
18736 106 
18737 1432 
18744 145 
18750 92 
18775 3506 
18818 441 
18834 6383 
18843 1292 
18863 536 
18882 14457 
18896 834 
18900 514 
18960 474 
18973 737 
19035 199 
19054 300 
19066 1431 
19091 18 
19099 458 
19115 1117 
19166 815 
19184 1489 
19199 851 
19200 11 
19212 685 
19298 6 
19308 99 
19309 1201 
19313 1419 
19383 282 
19413 29 
19426 89 
19435 411 
19453 116 
19455 33 
19472 525 
19480 1736 
19505 1302 
19531 1411 
19633 3115 
19663 4 
19675 1670 
19685 300 
19696 918 
19726 748 
19757 2392 
19838 2259 
19937 1037 
19944 924 
19992 133 
20000 214 
20008 145 
20037 792 
20067 533 
20074 94 
20083 1604 
20136 62 
20163 426 
20219 849 
20259 862 
20267 117 
20273 410 
20316 114 
20341 1251 
20345 214 
20351 2740 
20353 270 
20360 42 
20398 3858 
20497 7 
20531 723 
20551 857 
20570 1270 
20606 108 
20635 1531 
20681 1553 
20710 320 
20711 472 
20729 4522 
20751 85 
20814 448 
20821 295 
20829 328 
20850 56 
20872 78 
20907 234 
20910 421 
20923 657 
21076 118 
21085 521 
21167 1186 
21286 404 
21325 207 
21343 162 
21350 306 
21365 523 
21391 1633 
21422 983 
21434 301 
21544 804 
21552 1251 
21563 4757 
21564 490 
21586 6284 
21597 221 
21658 1229 
21670 396 
21672 132 
21728 1370 
21821 64 
21851 1232 
21865 318 
21879 767 
21890 41 
21892 639 
21905 457 
21907 566 
21953 898 
21970 49 
21977 253 
22036 54 
22115 649 
22129 164 
22143 2551 
22145 498 
22172 286 
22180 105 
22225 3 
22231 269 
22246 66 
22303 1484 
22312 129 
22321 398 
22368 62 
22410 1204 
22433 4027 
22462 1137 
22480 409 
22481 355 
22482 211 
22504 1181 
22513 2673 
22515 1145 
22582 2592 
22591 350 
22595 100 
22630 243 
22660 1637 
22664 185 
22764 16 
22768 1245 
22781 699 
22802 947 
22855 357 
22960 3158 
22985 45 
23011 2 
23031 60 
23052 8 
23065 768 
23081 1921 
23082 476 
23147 185 
23216 196 
23341 717 
23384 147 
23399 529 
23416 46 
23420 266 
23513 604 
23550 3056 
23564 3259 
23565 3223 
23570 1469 
23596 233 
23636 1131 
23647 325 
23649 569 
23660 1740 
23668 475 
23669 10 
23705 2892 
23708 1160 
23711 45 
23779 2 
23782 292 
23837 144 
23838 4347 
23871 284 
23898 119 
24062 1013 
24076 28 
24090 94 
24109 632 
24131 2855 
24146 5 
24244 5122 
24269 124 
24304 2478 
24332 967 
24357 960 
24361 9 
24376 364 
24389 194 
24488 340 
24518 77 
24525 546 
24541 2034 
24552 1248 
24559 766 
24613 396 
24729 397 
24734 1400 
24774 594 
24867 863 
24882 1984 
24886 74 
24938 28 
25152 1165 
25228 632 
25233 83 
25271 1465 
25289 1171 
25334 1244 
25372 1436 
25374 161 
25377 402 
25403 1405 
25418 120 
25433 5644 
25483 467 
25494 113 
25522 96 
25561 357 
25588 68 
25608 14 
25628 610 
25636 1503 
25642 105 
25740 829 
25741 68 
25895 557 
25923 98 
25936 193 
25955 2813 
25958 145 
25988 42 
26007 1584 
26012 100 
26031 1094 
26046 1179 
26064 2216 
26098 919 
26145 462 
26154 2104 
26162 187 
26200 2815 
26214 349 
26216 30 
26233 3548 
26259 625 
26424 2709 
26433 1273 
26522 2154 
26558 3049 
26564 62 
26564 151 
26593 794 
26895 530 
27061 321 
27086 1561 
27099 417 
27110 460 
27167 339 
27175 0 
27230 1408 
27238 1149 
27272 2965 
27279 863 
27376 1390 
27378 375 
27425 2165 
27443 865 
27480 3572 
27487 537 
27488 563 
27525 1001 
27579 223 
27633 1376 
27657 407 
27657 1369 
27708 1181 
27711 701 
27726 508 
27751 649 
27823 1077 
27833 47 
27931 1272 
27933 1889 
27957 96 
28030 1741 
28039 982 
28058 356 
28196 23 
28244 1666 
28261 1560 
28273 76 
28306 2634 
28307 951 
28375 81 
28561 576 
28602 1979 
28610 580 
28622 218 
28647 124 
28668 27 
28685 409 
28919 575 
28938 1546 
29030 6 
29052 5136 
29084 909 
29153 1329 
29199 478 
29218 1467 
29259 171 
29305 204 
29309 200 
29311 1089 
29341 709 
29475 1726 
29496 1021 
29502 378 
29558 1447 
29687 275 
29790 1032 
29827 593 
29885 1084 
29897 261 
29912 841 
29959 206 
30008 309 
30032 1400 
30139 2304 
30165 1506 
30167 3258 
30190 23 
30228 1818 
30293 1406 
30317 30 
30366 347 
30374 518 
30394 2171 
30436 1630 
30514 1368 
30528 131 
30612 2095 
30616 1791 
30629 690 
30639 501 
30646 364 
30685 418 
30735 471 
30756 170 
30804 159 
30915 611 
30954 434 
30985 499 
31022 157 
31025 31 
31056 503 
31066 511 
31145 1322 
31183 9 
31217 1 
31220 2336 
31262 2486 
31270 1198 
31324 2110 
31335 5212 
31405 105 
31420 41 
31428 153 
31434 458 
31459 5093 
31468 1848 
31520 27 
31526 435 
31540 1675 
31569 264 
31621 804 
31633 114 
31635 5 
31639 73 
31673 1747 
31675 1092 
31880 68 
31954 926 
31974 1736 
32007 111 
32031 2443 
32080 565 
32101 261 
32201 897 
32261 348 
32347 788 
32430 1052 
32447 718 
32500 768 
32509 356 
32612 1088 
32761 1953 
32852 711 
32855 656 
32898 3306 
32900 666 
33127 863 
33156 6548 
33243 10 
33343 895 
33343 1625 
33353 1310 
33481 636 
33562 317 
33707 819 
33812 3126 
33818 579 
33826 1539 
33860 678 
33861 1279 
33868 1423 
33869 807 
33872 5670 
33897 165 
33912 1240 
33914 65 
33916 1302 
33936 371 
33936 332 
33936 1715 
33937 677 
33944 108 
33957 47 
33958 59 
33985 104 
34054 8645 
34056 2058 
34059 2082 
34066 134 
34067 332 
34076 284 
34093 812 
34105 302 
34126 862 
34195 894 
34209 7101 
34270 2987 
34283 215 
34377 1271 
34382 490 
34390 82 
34395 1959 
34485 329 
34572 470 
34573 785 
34622 478 
34651 250 
34651 728 
34657 4060 
34670 1878 
34700 7428 
34708 1159 
34712 780 
34716 23 
34733 1399 
34756 914 
34830 169 
34917 746 
34990 50 
35072 262 
35077 2434 
35190 597 
35236 2369 
35248 182 
35276 570 
35309 1690 
35369 667 
35522 347 
35584 126 
35595 21 
35604 660 
35641 564 
35661 773 
35717 560 
35724 10511 
35761 475 
35761 785 
35774 79 
35778 256 
35782 49 
35792 29 
35816 535 
35831 68 
35887 226 
35911 895 
35923 254 
36052 563 
36131 647 
36200 756 
36217 129 
36313 154 
36339 234 
36340 1867 
36355 678 
36366 2109 
36367 780 
36381 312 
36399 324 
36447 1051 
36602 163 
36606 229 
36621 245 
36797 31 
36836 221 
36891 1101 
36913 501 
36939 808 
36947 456 
36975 377 
36981 611 
37019 2366 
37123 283 
37157 3195 
37178 1588 
37197 260 
37218 2400 
37250 1470 
37260 192 
37419 322 
37498 348 
37556 2739 
37577 1359 
37595 604 
37638 807 
37683 1835 
37695 8 
37696 813 
37840 842 
37917 222 
37964 1645 
38037 999 
38079 907 
38086 3574 
38110 2337 
38189 262 
38199 522 
38242 422 
38268 213 
38271 1517 
38336 560 
38393 80 
38423 483 
38465 1384 
38467 119 
38472 8107 
38493 551 
38530 533 
38566 3870 
38693 195 
38740 200 
38809 1406 
38812 453 
38896 975 
38949 393 
38964 12 
39002 417 
39060 2278 
39067 1564 
39233 83 
39240 343 
39284 1733 
39354 279 
39367 672 
39467 821 
39499 164 
39567 852 
39593 1309 
39653 219 
39677 2476 
39783 1307 
39813 39 
39815 716 
40074 119 
40256 109 
40359 456 
40362 6822 
40366 3996 
40407 233 
40575 281 
40579 727 
40861 6 
40876 409 
40926 1368 
41071 516 
41073 215 
41110 910 
41119 107 
41135 1216 
41141 235 
41188 1338 
41262 734 
41280 13 
41534 1282 
41542 185 
41636 46 
41653 67 
41770 181 
41797 2268 
41867 178 
41907 242 
42137 1391 
42221 545 
42278 1215 
42306 102 
42335 3127 
42458 1977 
42469 335 
42495 775 
42509 644 
42548 611 
42603 974 
42662 956 
42699 812 
42715 137 
42723 1651 
42774 633 
42791 1103 
42856 2393 
42863 1387 
42871 69 
42923 1040 
42975 134 
43014 3166 
43061 191 
43244 99 
43275 551 
43386 626 
43427 1478 
43639 86 
43692 1155 
44145 2206 
44295 1758 
44298 764 
44311 2465 
44364 55 
44484 126 
44506 7089 
44538 1425 
44713 191 
44716 369 
44777 596 
44808 149 
44874 627 
44943 206 
44951 131 
44983 56 
45030 174 
45091 135 
45101 764 
45142 1641 
45217 3640 
45218 185 
45257 2229 
45361 95 
45407 138 
45521 1538 
45555 1309 
45560 858 
45651 195 
45888 1724 
46051 128 
46182 886 
46211 3131 
46234 688 
46235 231 
46249 155 
46330 36 
46349 1349 
46350 3416 
46354 133 
46442 71 
46526 1753 
46694 425 
46721 6 
46924 1169 
47049 1972 
47177 1602 
47300 1 
47327 2827 
47402 387 
47534 214 
47646 18 
47662 108 
47769 1921 
47773 955 
47779 1279 
47787 3545 
47821 3439 
47858 2253 
47863 1301 
47978 663 
48171 1147 
48171 1147 
48218 1542 
48235 279 
48244 110 
48364 100 
48623 752 
48629 3711 
48648 2315 
48747 1428 
48774 1264 
48805 47 
48841 1736 
48889 491 
48905 114 
48999 14261 
49102 1095 
49153 106 
49186 310 
49220 1057 
49293 536 
49324 9920 
49367 949 
49396 448 
49396 2455 
49397 210 
49398 347 
49496 198 
49506 484 
49698 738 
49912 61 
49948 775 
50043 1654 
50085 179 
50200 1692 
50284 1887 
50323 58 
50346 742 
50379 3442 
50454 2048 
50613 82 
50695 2573 
50736 685 
50742 596 
50745 1563 
50767 3694 
50813 941 
50833 113 
50846 954 
50877 502 
51123 22 
51138 113 
51481 747 
51574 307 
51682 250 
51750 27 
51819 1339 
51845 114 
51884 362 
52001 186 
52059 1053 
52315 2139 
52323 1056 
52360 147 
52372 104 
52456 1553 
52770 1305 
53320 1086 
53597 8988 
53621 243 
53628 12 
53631 446 
53837 1160 
53889 836 
53919 132 
53978 22 
54047 410 
54197 793 
54211 266 
54397 953 
54413 292 
54429 2070 
54473 1737 
54503 1444 
54549 470 
54627 1071 
54946 1274 
55051 1172 
55052 268 
55101 3829 
55149 1201 
55178 907 
55189 323 
55191 261 
55198 1894 
55226 91 
55235 1435 
55264 95 
55529 5164 
55795 130 
55813 625 
56239 301 
56611 2076 
56923 243 
57054 2148 
57236 658 
57369 2292 
57370 2 
57844 4573 
57923 308 
57933 3820 
57969 226 
57980 250 
58058 1573 
58063 2092 
58347 397 
58389 277 
58573 655 
58601 233 
58689 44 
58786 152 
58819 3 
59238 1722 
59258 2202 
59468 1678 
59509 172 
59753 374 
59853 193 
59981 8006 
60265 21 
60351 275 
60656 1444 
60682 573 
60824 336 
61033 0 
61076 302 
61097 438 
61185 553 
61306 833 
61540 110 
61706 99 
61879 102 
61982 140 
62121 473 
62242 160 
62290 270 
62333 1333 
62403 2406 
62415 163 
62425 933 
62503 681 
62724 105 
63085 35 
63086 462 
63484 67 
63673 413 
63908 2117 
64098 1129 
64145 451 
65130 1792 
65723 6737 
65866 856 
66016 229 
66764 545 
66853 175 
67530 354 
68063 3162 
68090 1097 
68113 1267 
69671 1024 
69776 4554 
69860 1522 
69975 600 
70682 260 
71336 96 
71373 6443 
71569 13671 
71598 768 
71783 146 
72143 1765 
72542 274 
73160 687 
73400 1161 
73460 467 
73565 1268 
73771 556 
73794 74 
74064 291 
74384 1453 
74465 19360 
76326 1779 
76654 38 
77021 354 
77542 6221 
78826 290 
79303 116 
79541 1659 
79679 2338 
80451 280 
81002 1162 
84177 2214 
84469 27 
85341 10 
85419 328 
85440 43 
85653 177 
87390 718 
88037 1108 
88164 1129 
88217 1036 
88445 1091 
88648 1413 
90548 1548 
91221 1079 
91452 453 
91642 1310 
91733 79 
91966 207 
92930 885 
94617 1454 
94698 76 
94999 266 
95020 703 
95390 1359 
95705 834 
96281 751 
96422 771 
96836 152 
97940 84 
97969 585 
98128 245 
98147 976 
98175 390 
98416 493 
98765 621 
99197 72 
99331 244 
100721 1489 
100880 2746 
101749 431 
101762 71 
101897 9 
102253 2328 
102555 830 
102724 346 
102827 269 
102951 484 
103024 88 
103097 240 
103183 67 
103211 938 
103265 1787 
103573 777 
103635 675 
103644 161 
103842 269 
103927 148 
104128 795 
104176 410 
104198 366 
104251 226 
104385 125 
104461 1320 
104648 3632 
104764 970 
105154 1359 
105216 1627 
105232 947 
105312 309 
105532 1206 
105542 195 
105586 1228 
105592 414 
106672 1972 
106726 1330 
106742 538 
107399 1124 
107580 852 
107764 185 
107919 1091 
107969 112 
107997 971 
108129 210 
108337 425 
108669 4309 
108741 163 
109328 1524 
109329 2663 
109895 614 
110248 50 
110945 3072 
111040 786 
111236 1074 
111592 113 
111739 1080 
111970 1368 
112460 335 
112552 287 
113000 634 
113520 349 
113674 73 
113817 11 
113964 645 
114014 1313 
114463 2767 
114463 2767 
114655 124 
115252 579 
115883 1628 
115888 177 
116104 270 
116178 55 
116334 690 
116569 1568 
116626 32 
116997 1319 
117108 107 
117193 302 
118710 97 
119759 1910 
120187 881 
120359 196 
120472 267 
120569 951 
120671 892 
120709 1156 
120807 827 
120924 440 
121007 678 
121222 86 
121391 1198 
121494 1005 
121637 2773 
121844 106 
122214 652 
122532 199 
122858 96 
122974 323 
123271 1072 
123425 120 
123511 856 
123716 186 
124953 1766 
125480 254 
125735 5219 
125777 181 
125996 958 
126006 115 
126089 185 
126106 173 
127245 161 
127414 958 
127524 257 
127525 41 
127637 290 
127707 1026 
127798 1509 
127974 755 
128017 312 
128090 3074 
128314 540 
128326 1275 
129059 471 
129167 162 
129215 60 
129370 301 
129413 69 
129641 1754 
130697 646 
131219 1379 
131321 42 
131622 1761 
131749 243 
131831 196 
132289 235 
132708 2592 
133167 350 
133193 2278 
133388 1641 
133431 2887 
133553 2084 
133743 18 
134727 210 
135281 545 
135391 935 
135416 3685 
135451 671 
136178 1255 
136806 488 
136852 25108 
137270 156 
137316 1582 
137339 554 
137403 24 
138332 451 
138486 1581 
139568 458 
139951 372 
140559 1279 
140662 1348 
140734 192 
140822 1883 
140852 72 
140909 1305 
140986 292 
141313 52 
141414 50 
141497 102 
141676 438 
142249 1711 
143252 2178 
143670 210 
143791 226 
144565 2555 
144805 243 
145217 1025 
145965 764 
146385 278 
146649 245 
146790 1 
146822 178 
147098 422 
147104 378 
147115 215 
147551 929 
147981 1591 
148349 260 
148746 106 
148802 6 
149033 1491 
149113 133 
149143 23051 
149322 429 
149349 1379 
151051 302 
151077 396 
151723 920 
152939 346 
154002 148 
154569 1790 
156086 909 
156289 114 
158323 2347 
162148 280 
164276 164 
165575 342 
165763 336 
165889 404 
166245 172 
166314 421 
166935 727 
167516 143 
167559 218 
167660 937 
170035 1155 
170733 318 
172759 1613 
174785 570 
175694 945 
177969 565 
178483 503 
179337 187 
181337 32 
181490 1964 
183761 503 
184797 954 
185873 41 
187183 465 
187462 209 
188932 500 
189028 1266 
190689 545 
191880 4752 
192620 435 
193067 138 
193464 1708 
193605 254 
195462 327 
196453 4278 
197929 1235 
199472 467 
199508 228 
200306 429 
203018 2145 
203194 286 
203213 71 
203411 1777 
203671 227 
204090 1911 
204768 9686 
205216 779 
205512 642 
206063 294 
208102 72 
209727 256 
211553 1008 
212696 1260 
213092 440 
214131 545 
214250 204 
216087 90 
217158 599 
217280 518 
217621 645 
218080 134 
218296 292 
218301 609 
218305 324 
219066 123 
219959 408 
220347 54 
220981 4822 
221165 237 
221658 452 
222036 410 
222419 373 
222884 1407 
224161 645 
224648 464 
225168 669 
225977 1394 
225978 228 
228072 85 
228135 755 
228423 182 
228770 461 
228771 136 
229471 1100 
230028 1571 
230225 386 
230420 1299 
232350 2552 
232483 76 
233107 2050 
233287 833 
233450 108 
234681 196 
235977 408 
236037 344 
236198 184 
237676 1765 
247436 850 
250992 5 
253303 227 
254560 4553 
256856 501 
257283 814 
257488 350 
260691 279 
260962 226 
267349 188 
267461 1582 
268155 390 
268595 139 
268711 235 
269254 657 
269452 47 
269935 1212 
270518 579 
270530 91 
270856 1152 
271390 6 
272579 17 
273311 1728 
276017 810 
276662 2356 
278353 219 
279130 819 
279979 480 
280496 365 
280547 645 
281110 1332 
281396 925 
281749 1436 
281779 687 
283445 433 
283699 1386 
284751 641 
285494 86 
285515 247 
286637 1 
286899 629 
288480 73 
290958 6580 
292339 348 
292414 486 
293129 641 
293232 1032 
293600 2718 
294340 149 
295905 201 
296404 425 
299389 10414 
299999 467 
300948 128 
301124 671 
302325 983 
305370 5026 
306421 586 
306794 2373 
308218 282 
308235 5993 
309932 2664 
310104 693 
310130 1813 
310223 396 
311607 1421 
311828 85 
312703 283 
324525 206 
333976 68 
336146 380 
348003 1490 
355962 125 
358368 550 
359568 147 
366263 2109 
366847 1137 
367203 1107 
367941 9225 
368064 292 
369572 117 
373169 824 
373190 1683 
377447 4 
379547 1028 
379587 2620 
383383 1208 
388780 1587 
390777 823 
391176 1209 
392347 36 
394278 6 
395766 486 
400357 617 
401742 210 
419780 239 
425107 57 
437958 109 
440263 812 
447704 946 
453815 2 
456832 75 
458177 418 
459954 1490 
462967 37 
464946 881 
465076 176 
474208 1942 
475602 201 
480464 2203 
481493 234 
483775 769 
484710 0 
492904 118 
528643 526 
538755 660 
543344 804 
544020 16 
549684 590 
552037 13 
553444 288 
559473 3053 
560013 202 
560398 26 
561758 208 
562438 6347 
562482 1755 
563708 0 
568248 596 
569690 1210 
572134 311 
575930 154 
