3517 2.71347222222
0 1534444 
6 1617 
6 362 
7 201 
9 786 
10 105 
13 102 
13 144 
13 92 
17 110 
18 153 
23 91 
23 114 
25 30 
26 269 
26 196 
26 48 
27 20 
27 35 
29 630 
29 153 
30 221 
31 17 
32 313 
34 81 
34 122 
34 139 
34 335 
35 134 
35 75 
36 61 
38 32 
39 218 
40 88 
40 112 
40 24 
41 165 
41 217 
42 30 
43 140 
43 487 
45 7 
46 72 
46 68 
47 264 
47 185 
47 28 
47 80 
49 208 
49 136 
50 164 
50 35 
51 423 
51 958 
51 97 
52 12 
52 37 
53 627 
54 296 
54 11 
55 322 
55 175 
56 102 
56 363 
57 121 
57 31 
58 51 
58 53 
59 53 
59 121 
61 13 
61 150 
61 47 
62 440 
62 64 
62 131 
63 121 
64 275 
65 68 
67 234 
67 67 
68 354 
68 495 
69 7 
69 58 
70 42 
71 43 
72 79 
72 69 
73 149 
74 116 
74 163 
74 81 
74 166 
74 90 
75 111 
76 13 
76 772 
77 26 
77 21 
77 20 
78 194 
78 35 
79 36 
79 21 
81 122 
81 442 
81 143 
82 72 
82 35 
82 57 
83 96 
83 28 
83 244 
83 34 
83 334 
83 15 
84 55 
84 68 
84 418 
85 84 
85 308 
85 14 
85 49 
85 268 
86 45 
86 313 
86 101 
87 24 
87 71 
88 18 
89 93 
90 764 
91 670 
93 116 
93 6 
94 10 
94 168 
94 137 
95 101 
95 105 
95 124 
96 25 
96 92 
96 57 
97 200 
97 111 
98 15 
98 142 
99 50 
99 243 
99 229 
100 184 
100 71 
101 307 
101 42 
103 6 
103 36 
103 598 
103 118 
104 71 
104 212 
104 12 
105 26 
105 26 
105 269 
105 87 
105 34 
106 186 
106 30 
106 40 
106 301 
107 163 
107 13 
107 231 
108 171 
109 33 
109 63 
109 7 
109 322 
109 48 
111 33 
111 205 
111 129 
112 98 
112 261 
112 68 
112 270 
113 98 
113 111 
114 22 
114 110 
115 241 
115 35 
116 395 
116 59 
116 116 
117 34 
117 93 
117 72 
119 46 
119 90 
119 559 
120 309 
121 1119 
121 89 
122 684 
122 121 
123 1069 
123 11 
123 64 
123 2593 
124 34 
125 151 
125 116 
127 88 
128 223 
129 778 
129 100 
130 75 
131 94 
131 19 
131 25 
131 46 
132 113 
132 11 
133 28 
133 281 
134 23 
134 215 
134 69 
134 133 
135 31 
136 80 
136 409 
137 226 
138 409 
139 56 
139 65 
139 35 
139 162 
141 31 
141 141 
141 174 
142 49 
143 77 
144 208 
145 35 
145 62 
145 193 
145 69 
146 41 
147 204 
147 16 
147 166 
148 47 
148 52 
149 620 
150 77 
150 20 
150 122 
151 49 
151 128 
152 1 
152 373 
153 62 
153 139 
154 24 
154 4 
154 25 
155 220 
155 123 
156 55 
157 153 
157 97 
157 178 
158 1153 
158 101 
158 38 
159 472 
159 143 
160 95 
160 902 
160 426 
161 57 
161 53 
162 38 
162 60 
163 116 
163 74 
163 18 
164 12 
166 200 
167 131 
168 265 
168 288 
169 106 
170 156 
170 49 
172 1053 
172 149 
173 51 
173 60 
176 137 
179 31 
179 160 
179 635 
180 42 
180 29 
181 58 
181 60 
182 81 
182 70 
183 70 
183 58 
184 27 
184 80 
185 350 
185 11 
185 3787 
187 28 
187 33 
188 136 
188 194 
191 108 
191 81 
191 43 
192 94 
192 63 
193 66 
193 83 
193 162 
194 496 
195 210 
196 124 
196 397 
199 99 
202 82 
203 46 
204 15 
204 476 
204 21 
205 15 
205 84 
205 180 
206 37 
206 43 
207 157 
207 34 
207 97 
209 25 
210 30 
210 23 
211 111 
211 126 
211 501 
212 3 
214 22 
216 227 
219 10 
222 20 
222 67 
223 123 
225 522 
226 28 
226 61 
226 26 
227 104 
228 117 
228 103 
228 25 
229 91 
231 400 
233 103 
234 106 
235 71 
235 108 
236 493 
236 40 
236 45361 
236 95 
237 62 
239 253 
239 29 
240 66 
241 89 
242 297 
242 42 
242 105 
244 8 
245 83 
245 16 
245 27 
246 58 
247 11 
247 62 
247 155 
249 557 
249 1 
249 76 
251 62 
252 58 
252 10 
253 64 
254 343 
255 112 
256 65 
258 237 
258 4 
259 321 
262 11 
264 598 
267 19 
267 18 
268 329 
269 16 
269 80 
271 174 
272 68 
273 21 
275 336 
276 70 
277 2 
277 197 
278 19 
278 61 
282 5 
282 42 
283 135 
287 43 
288 120 
288 94 
288 60 
290 9 
291 463 
292 147 
292 1004 
293 178 
293 35 
293 337 
296 60 
298 224 
299 51 
299 202 
301 75 
301 93 
302 159 
304 131 
304 571 
304 127 
305 175 
307 36 
307 70 
309 120 
310 381 
310 8848 
312 96 
312 555 
313 220 
314 105 
314 17 
315 128 
317 73 
318 37 
318 59 
319 14 
319 88 
323 2 
324 10 
324 85 
325 734 
331 123 
331 38 
332 31 
334 35 
335 30 
335 50 
337 16 
338 182 
338 149 
339 481 
339 92 
340 109 
341 204 
341 96 
342 97 
342 1156 
344 152 
344 61 
345 402 
345 77 
345 196 
345 35 
349 63 
350 332 
350 9 
350 73 
351 166 
352 35 
353 33 
354 236 
356 48 
356 261 
357 22 
358 27 
358 88 
358 36 
360 132 
362 126 
363 204 
363 142 
363 34 
365 61 
366 8199 
368 157 
369 321 
369 207 
369 170 
372 251 
372 223 
372 32 
374 42 
375 80 
377 15 
378 25 
378 36 
380 21 
380 218 
380 59 
382 144 
383 282 
383 17 
385 35 
385 10 
386 96 
387 9 
387 137 
388 10 
392 144 
392 24 
393 25 
393 41 
393 56 
393 6 
393 43 
396 1347 
397 113 
398 149 
399 132 
400 280 
400 175 
400 185 
401 195 
402 247 
403 179 
405 57 
405 8 
406 51 
406 618 
407 98 
409 85 
409 192 
410 64 
410 637 
411 129 
412 128 
418 52 
419 24 
419 84 
419 135 
420 153 
421 95 
424 170 
429 382 
430 206 
430 31 
430 127 
431 40 
433 226 
433 79 
433 13 
434 389 
435 157 
440 376 
441 334 
441 278 
441 216 
444 145 
445 47 
446 24 
447 20 
452 91351 
454 49 
456 103 
456 53 
457 26 
458 45 
459 70 
460 287 
463 50 
464 51 
464 116 
464 567 
467 1218 
467 18 
469 168 
470 259 
470 238 
473 26 
474 38 
475 49 
475 29 
475 71 
476 567 
476 38 
477 614 
478 78 
478 944 
478 129 
479 915 
479 131 
480 112 
480 39 
481 98 
482 163 
482 76 
489 15 
490 29 
490 442 
493 197 
494 132 
494 74 
495 5 
495 55 
496 20 
496 64 
497 170 
498 162 
498 109 
498 1974 
500 22 
500 16 
500 64 
501 29 
504 8 
505 34 
507 1404 
508 259 
513 150 
513 22 
513 24 
513 61 
515 398 
516 98 
517 42 
518 28 
518 104 
519 212 
519 62 
520 907 
521 787 
521 137 
522 71 
522 438 
523 7540 
523 405 
523 7 
523 54 
527 89 
527 116 
527 39 
528 223 
528 30 
528 64 
529 77 
531 47 
531 47 
531 61 
531 17 
532 20 
534 685 
534 79 
535 97 
535 49 
535 246 
536 25 
537 27 
538 681 
539 96 
539 349 
541 508 
542 160 
543 250 
544 459 
545 59 
546 132 
546 1072 
546 188 
547 101 
549 148 
549 35 
550 384 
550 445 
554 122 
554 17 
555 18 
556 135 
556 101 
556 48 
557 29 
557 41 
559 114 
559 56 
559 46 
561 73 
562 34 
562 81 
564 341 
564 878 
566 36 
566 100 
568 28 
569 50 
570 1126 
570 39 
570 52 
571 71 
571 238 
572 179 
573 38 
576 292701 
578 215 
579 1149 
580 91 
580 506 
581 67 
582 93 
582 232 
582 23 
582 34 
583 102 
583 91 
583 91 
583 102 
584 72 
584 32 
586 191 
586 138 
586 2524 
587 53 
589 145 
591 198 
591 274 
592 21 
592 202 
593 679 
593 211 
593 726 
594 116 
595 18 
596 30 
597 175 
598 242 
599 3861 
599 35 
600 119 
600 92 
601 34 
601 207 
603 92 
604 80 
605 271 
606 520 
607 270 
609 915 
610 45 
611 22 
612 14 
612 65 
613 13 
618 49 
622 28 
622 0 
623 150 
623 74 
624 217 
624 47 
627 64 
629 134 
629 285 
631 130 
635 210 
639 111 
640 66 
640 22 
641 2163 
643 125 
643 40 
645 226 
645 37 
645 8 
648 608 
649 156 
650 1 
650 167 
654 256 
656 92 
656 376 
658 371 
658 162 
661 37 
662 172 
664 21 
669 56 
670 398086 
673 147 
675 52 
677 673 
679 51 
680 414 
680 43 
681 365 
682 10 
682 549 
683 288 
684 41 
687 154 
689 72 
690 55 
691 94 
692 155 
694 197 
699 93 
699 33 
701 209 
702 83 
702 73 
704 31 
705 75 
705 122 
706 96 
706 19 
711 525 
711 389 
713 15 
723 46 
724 31 
725 184 
726 37 
727 22 
729 24 
730 30 
731 1 
732 50 
732 404 
736 957 
736 207 
738 77 
741 49 
742 28 
742 4 
744 71 
745 16 
745 28 
747 244 
747 337 
748 20 
751 127 
752 219 
755 2 
758 216 
760 93 
761 1926 
763 119 
763 57 
764 32 
764 218 
768 37 
768 34 
770 51 
771 116 
773 9 
773 14 
774 55 
775 11 
777 111 
779 280 
783 348 
784 4 
784 40 
785 5 
785 23 
785 53 
786 66 
790 162 
792 879 
793 14 
794 16 
797 40 
799 3 
799 9 
800 316 
802 15 
803 17 
806 492 
806 56 
807 30 
809 44 
811 48 
817 22 
817 76 
818 312 
818 85 
819 54 
821 147 
823 9 
825 19 
825 53 
826 166 
826 75 
827 17 
827 16 
827 59 
829 101 
829 27 
829 30 
834 29 
836 13 
837 70 
840 41 
841 12 
843 89 
846 289 
849 317 
851 12 
851 95 
852 325 
853 31 
857 77 
858 37 
865 20 
865 115 
866 56 
868 16 
869 106 
870 83 
874 25 
875 171 
876 232 
876 38 
878 144 
882 60 
883 12 
884 118 
886 91 
888 96 
889 184 
889 266 
889 28 
894 134 
895 180 
895 67 
896 29 
896 9 
905 120 
908 15 
909 14 
909 155 
910 124 
911 215 
914 189 
914 73 
915 40 
918 307 
919 64 
924 503 
925 7 
929 21 
930 159 
931 37 
932 22 
933 1750 
934 147 
936 52 
937 147 
937 270 
939 113 
939 37 
941 28 
944 175 
946 284 
949 40 
952 21 
952 777 
954 177 
955 1188 
956 257 
957 344 
959 53 
960 112 
965 998 
966 134 
967 88 
975 46 
975 88 
978 73 
980 1169 
980 91 
984 36 
985 621 
987 145 
991 9 
991 125 
991 88 
992 34 
993 252 
997 10 
998 37 
999 6 
1004 352 
1005 235 
1007 5 
1012 128 
1013 20 
1015 7 
1017 165 
1017 28 
1018 8 
1025 23 
1027 312 
1030 667 
1033 40 
1034 95 
1037 128 
1039 413 
1040 14 
1040 80 
1043 33 
1043 79 
1046 350 
1047 693 
1050 46 
1050 574 
1050 44 
1053 53 
1055 153 
1056 149 
1058 114 
1058 24 
1059 9 
1062 76 
1064 153 
1065 139 
1066 74 
1066 97 
1067 24 
1069 41 
1070 22 
1072 370 
1074 86 
1075 25 
1076 201 
1076 69 
1079 35 
1084 54 
1084 20 
1086 332 
1087 180 
1087 3 
1089 44 
1089 69 
1089 123 
1091 208 
1093 110 
1095 14 
1097 12 
1098 21 
1098 107 
1102 77 
1103 123 
1107 74 
1108 5585 
1109 102 
1109 67 
1112 13 
1112 413 
1113 8 
1113 53 
1114 65 
1117 57 
1118 22 
1119 127 
1120 18 
1128 71 
1130 54 
1130 63 
1132 21 
1135 309 
1136 317 
1137 70 
1137 197 
1139 72 
1139 303 
1150 146 
1151 60 
1154 24 
1156 142 
1157 23 
1158 123 
1158 198 
1163 769 
1164 39 
1165 118 
1167 134 
1169 52 
1171 83 
1173 119 
1174 19 
1174 22 
1174 84 
1175 1536 
1180 23 
1181 134 
1181 163 
1181 62 
1186 3044 
1187 8 
1187 60 
1189 5 
1190 246 
1194 286 
1196 72 
1196 139 
1198 28 
1205 1428 
1205 75 
1214 301 
1215 157 
1218 214 
1220 70 
1228 109 
1232 1606 
1234 135 
1235 89 
1237 113 
1239 98 
1241 493 
1247 146 
1248 377 
1249 698 
1252 61 
1252 2241 
1259 32 
1263 115 
1263 1737 
1266 12 
1266 134 
1267 17 
1269 54 
1271 9539 
1275 24 
1277 9 
1279 270 
1281 639 
1285 93 
1287 61 
1289 116 
1293 57 
1294 81 
1294 34 
1298 293 
1298 52 
1298 9 
1308 30 
1313 102 
1319 331 
1323 234 
1323 147 
1325 1252 
1327 23 
1332 29 
1333 74 
1336 74 
1337 31 
1340 11 
1341 1539 
1342 59 
1343 13 
1344 3 
1347 10 
1352 58 
1356 126 
1362 244 
1364 108 
1365 45 
1367 15 
1368 162 
1369 465 
1369 53 
1371 73 
1375 555 
1377 50 
1380 61 
1381 5 
1390 2518 
1394 9 
1395 817 
1395 62 
1403 132 
1406 8 
1406 1766 
1407 21 
1408 183 
1410 13 
1411 980 
1417 431 
1420 16 
1421 99 
1424 277 
1424 146 
1424 240 
1428 140 
1431 172 
1431 141 
1434 24 
1435 66 
1435 14 
1436 178 
1437 143 
1438 45 
1439 44 
1439 17 
1442 155 
1454 16 
1460 109 
1461 84 
1466 45 
1466 44 
1466 9 
1467 62 
1469 6 
1470 82 
1473 35 
1473 43 
1475 4 
1484 104 
1484 5 
1485 138 
1487 103 
1487 150 
1488 72 
1491 265 
1491 30 
1493 2 
1500 119 
1503 142 
1503 123 
1504 55 
1504 25 
1507 343 
1508 93 
1508 35 
1508 128 
1509 212 
1509 23 
1510 7 
1511 80 
1511 60 
1512 29 
1514 215 
1515 1503 
1518 159 
1518 303 
1519 228 
1522 28 
1523 18 
1525 4 
1533 136 
1538 124 
1538 33 
1541 189 
1548 24 
1551 18 
1554 56 
1557 99 
1557 7 
1559 205 
1559 66 
1563 50 
1563 24 
1564 21 
1566 36 
1571 155 
1573 9 
1573 59 
1574 28 
1574 1427 
1576 14 
1578 7 
1581 794 
1584 163 
1592 106 
1592 1 
1593 74 
1601 241 
1601 27 
1603 183 
1605 117 
1608 83 
1609 29 
1609 1337 
1610 369 
1612 33 
1613 363 
1613 43 
1613 28 
1617 51 
1622 933 
1623 45 
1625 284 
1626 7 
1627 211 
1632 248 
1633 234 
1637 731 
1639 325 
1640 142 
1640 209 
1642 141 
1642 93 
1646 162 
1648 44 
1649 116 
1659 128 
1665 1217 
1669 68 
1670 20 
1676 42 
1676 24 
1681 36 
1684 1284 
1686 57 
1688 28 
1691 86 
1693 125 
1695 41 
1696 1188 
1697 41 
1697 840 
1700 116 
1706 304 
1706 74 
1710 18 
1711 61 
1711 30 
1712 18 
1714 150 
1720 44 
1720 29 
1725 164 
1727 27 
1728 5684 
1730 71 
1737 102 
1737 67 
1737 322 
1739 39 
1741 1274 
1742 23 
1751 56 
1752 139 
1754 127 
1759 26 
1759 452 
1760 101 
1763 33 
1764 63 
1764 66 
1765 456 
1770 80 
1771 71 
1771 18 
1772 210 
1773 1460 
1774 215 
1778 748 
1781 23 
1784 28 
1787 47 
1787 35 
1787 25 
1793 169 
1802 211 
1803 16 
1805 15 
1805 122 
1810 151 
1811 31 
1817 690 
1819 12 
1819 76 
1829 21 
1831 12 
1833 102 
1834 217 
1837 58 
1839 69 
1839 774 
1843 147 
1849 29 
1850 2 
1861 130 
1862 11 
1862 39 
1865 97 
1868 42 
1874 101 
1874 134 
1876 15 
1876 5 
1878 91 
1881 57 
1882 131 
1882 467 
1882 50 
1887 32 
1893 32 
1896 113 
1908 270 
1909 273 
1911 11 
1914 432 
1918 220 
1921 12 
1924 12 
1924 62 
1927 29 
1931 19 
1932 42 
1933 16 
1936 92 
1941 50 
1943 20 
1944 14811 
1951 8 
1951 499 
1956 279 
1960 30 
1964 22 
1964 235 
1964 156 
1970 32 
1980 44 
1981 19 
1985 243 
1986 44 
1987 12 
1989 187 
1990 194 
1993 34 
1995 75 
1997 56 
1998 153 
1998 36 
2015 87 
2015 38 
2015 155 
2015 34 
2017 12 
2020 10 
2020 15 
2021 21 
2027 36 
2034 112 
2037 99 
2045 77 
2047 77 
2050 47 
2052 283 
2058 65 
2059 48 
2059 42 
2059 21 
2061 40 
2065 14 
2065 60 
2072 64 
2074 28 
2077 201 
2078 134 
2087 91 
2091 336 
2099 35 
2102 59 
2108 380 
2111 120 
2111 18 
2124 7 
2126 145 
2128 25 
2130 11 
2130 58 
2130 26 
2132 64 
2134 19 
2138 27 
2140 37 
2142 105 
2144 73 
2144 32 
2150 86 
2151 132 
2159 236 
2161 14 
2164 83 
2165 44 
2170 10 
2171 32 
2175 42 
2206 170 
2212 54 
2214 51 
2216 194 
2238 6 
2243 881 
2251 117 
2251 98 
2251 147 
2267 24 
2270 4 
2280 19 
2286 107 
2289 47 
2291 4 
2291 57 
2294 18 
2295 81 
2298 399 
2303 21 
2310 63 
2311 72 
2314 26 
2319 402 
2320 1229 
2321 27 
2332 107 
2334 17 
2343 10 
2344 35 
2348 40 
2351 299 
2357 74 
2363 27 
2365 75 
2367 78 
2373 20 
2376 109 
2376 66 
2387 215 
2387 51 
2390 244 
2398 267 
2399 69 
2402 47 
2404 157 
2413 94 
2415 17 
2419 41 
2421 743 
2429 33 
2432 78 
2437 20 
2444 8 
2446 23 
2447 58 
2448 94 
2450 61 
2453 50 
2454 279 
2459 11 
2461 99 
2468 252 
2471 29 
2475 11 
2475 306 
2475 23 
2482 71 
2487 16 
2488 18 
2489 374 
2493 27 
2498 266 
2498 126 
2502 39 
2503 15 
2504 82 
2509 27 
2510 75 
2512 39 
2513 344 
2516 1907 
2523 40 
2529 61 
2532 64 
2532 51 
2533 32 
2537 6 
2545 93 
2550 47 
2552 303 
2557 28 
2560 77 
2560 34 
2570 104 
2570 199 
2572 147 
2579 18 
2579 60 
2582 47 
2600 141 
2606 36 
2612 43 
2617 32 
2618 272 
2618 26 
2625 126 
2625 93 
2626 30 
2628 53 
2630 32 
2633 25 
2636 27 
2639 30 
2640 36 
2641 160 
2643 43 
2660 11 
2667 110 
2672 42 
2685 27 
2690 44 
2695 383 
2697 119 
2699 24 
2705 121 
2706 41 
2708 1354 
2733 27 
2734 24 
2741 1733 
2743 15 
2746 83 
2749 109 
2751 49 
2752 18 
2753 35 
2754 6 
2766 115 
2770 127 
2772 45 
2780 16 
2788 223 
2792 13 
2794 39 
2800 70 
2800 7 
2802 47 
2802 3 
2806 32 
2837 130 
2850 119 
2852 98 
2854 154 
2860 29 
2861 689 
2861 17 
2878 50 
2879 30 
2879 73 
2888 50 
2894 23 
2894 122 
2900 522 
2908 284 
2911 0 
2916 134 
2925 11 
2928 11 
2938 31 
2951 12 
2952 15 
2956 46 
2962 282 
2962 60 
2970 62 
2971 90 
2982 31 
2984 97 
2985 118 
3004 41 
3017 453 
3018 196 
3029 123 
3036 45 
3037 17 
3041 95 
3042 13 
3046 119 
3048 149 
3049 94 
3051 335 
3052 20 
3056 85 
3071 85 
3072 190 
3075 11 
3077 37 
3078 59 
3079 154 
3083 645 
3090 52 
3092 3 
3094 69 
3108 1458 
3112 91 
3117 113 
3118 24 
3120 55 
3122 2 
3124 13 
3125 170 
3126 477 
3134 467 
3137 109 
3137 124 
3142 81 
3143 47 
3147 8 
3151 7 
3155 22 
3161 42 
3161 6 
3161 209 
3163 543 
3163 106 
3168 57 
3172 74 
3173 140 
3175 50 
3187 853 
3189 15 
3205 470 
3205 88 
3214 92 
3216 35 
3216 497 
3218 5 
3220 6000 
3223 100 
3227 44 
3241 65 
3246 21 
3252 35 
3259 1020 
3262 14 
3273 153 
3274 172 
3275 55 
3282 18 
3292 24 
3297 225 
3303 72 
3304 45 
3305 357 
3306 361 
3314 46 
3333 140 
3336 76 
3337 2 
3338 67 
3344 15 
3353 359 
3360 44 
3361 40 
3365 88 
3371 121 
3380 943 
3382 76 
3387 47 
3390 1827 
3394 54 
3396 87 
3404 34 
3414 585 
3414 122 
3415 55 
3416 13 
3428 43 
3433 10 
3436 35 
3437 80 
3443 31 
3459 1864 
3463 207 
3483 43 
3484 53 
3486 17 
3487 237 
3487 112 
3491 110 
3492 366 
3494 135 
3508 37 
3510 147 
3517 36 
3517 82 
3522 41 
3529 141 
3531 83 
3535 192 
3536 43 
3539 430 
3558 14 
3559 168 
3572 56 
3589 214 
3594 1 
3598 77 
3610 4 
3640 34 
3644 32 
3649 26 
3662 147 
3664 81 
3665 3 
3668 19 
3671 21 
3678 21 
3678 107 
3682 25 
3689 379 
3692 37 
3692 13 
3700 30 
3711 200 
3715 176 
3715 177 
3728 297 
3728 249 
3743 3 
3756 240 
3763 39 
3765 44 
3769 39 
3771 91 
3779 224 
3789 61 
3796 79 
3809 36 
3818 626 
3824 43 
3842 61 
3848 82 
3857 11 
3859 18 
3861 14 
3866 7 
3867 37 
3869 104 
3869 64 
3874 31 
3874 322 
3878 485 
3884 8 
3889 41 
3905 922 
3907 6 
3915 23 
3919 11 
3924 33 
3939 32 
3948 67 
3950 739 
3955 97 
3956 436 
3959 20 
3961 218 
3981 21 
3990 43 
3992 2012 
4000 177 
4001 2 
4001 119 
4001 54 
4017 51 
4021 10 
4029 11 
4031 318 
4032 104 
4056 247 
4056 247 
4057 137 
4057 137 
4058 40 
4058 40 
4063 247 
4063 247 
4066 321 
4066 321 
4077 8 
4077 8 
4081 113 
4081 113 
4093 174 
4093 333 
4093 333 
4093 174 
4108 40 
4108 40 
4124 46 
4161 23 
4164 101 
4170 10 
4175 22 
4180 3 
4188 6 
4198 81 
4204 423 
4220 14 
4227 22 
4228 1251 
4243 76 
4246 13 
4251 29 
4256 27 
4261 19 
4262 27 
4282 51 
4322 16 
4324 188 
4327 7 
4344 166 
4375 58 
4396 28734 
4399 27 
4403 133 
4407 71 
4422 10 
4425 28 
4435 138 
4437 34 
4461 55 
4461 47 
4467 19 
4471 118 
4475 151 
4479 34 
4481 31 
4496 43 
4496 16 
4505 10 
4513 72 
4527 20 
4531 4 
4531 7 
4531 39 
4538 86 
4538 163 
4540 62 
4545 33 
4554 42 
4557 4793 
4558 108 
4566 46 
4567 21 
4567 156 
4576 7769 
4589 161 
4590 957 
4591 30 
4602 81 
4614 959 
4619 161 
4624 52 
4629 24 
4632 177 
4636 82 
4639 64 
4648 411 
4654 34 
4655 444 
4655 106 
4656 4 
4661 240 
4669 476 
4673 50 
4686 9 
4694 302 
4698 43 
4699 60 
4700 49 
4703 45 
4730 54 
4730 13 
4730 158 
4745 95 
4750 597 
4750 63 
4772 14 
4800 242 
4828 47 
4829 19 
4838 161 
4845 106 
4849 31 
4851 62 
4852 246 
4856 61 
4859 89 
4880 18 
4887 38 
4892 32 
4894 22 
4901 66 
4917 25 
4930 341 
4930 6 
4939 87 
4946 179 
4972 70 
4973 14 
5017 71 
5024 14 
5031 31 
5042 13 
5046 76 
5047 62 
5049 126 
5058 20 
5064 41 
5074 217 
5075 53 
5084 15 
5096 14 
5105 66 
5111 82 
5117 49 
5119 237 
5121 1 
5131 155 
5141 15 
5142 24 
5168 11 
5173 709 
5173 2343 
5194 70 
5200 66 
5201 45 
5211 163 
5226 69 
5241 100 
5243 23 
5244 23 
5247 43 
5259 251 
5261 8 
5270 553 
5273 18 
5282 141 
5286 62 
5290 177 
5300 15 
5318 69 
5318 7 
5320 208 
5321 24 
5321 1294 
5352 20 
5353 32 
5372 24 
5375 87 
5384 305 
5391 35 
5395 74 
5405 1713 
5425 452 
5426 47 
5427 309 
5440 137 
5446 34 
5448 22 
5455 57 
5461 35 
5467 31 
5469 80 
5494 25 
5496 20 
5508 22 
5509 20 
5518 132 
5521 265 
5534 18 
5561 37 
5564 35 
5564 30 
5565 23 
5577 68 
5591 137 
5604 297 
5607 53 
5622 168 
5627 208 
5633 1371 
5647 66 
5648 805 
5648 26 
5654 18 
5656 476 
5665 21 
5670 69 
5679 28 
5683 156 
5685 65 
5685 195 
5688 332 
5691 22 
5694 13 
5714 39 
5751 44 
5754 18 
5757 81 
5764 580 
5767 77 
5771 1434 
5778 3950 
5779 16 
5781 1 
5784 65 
5796 79 
5804 86 
5813 261 
5834 62 
5837 20 
5842 113 
5870 194 
5876 395 
5891 7 
5891 1004 
5894 56 
5902 33 
5909 158 
5912 64 
5954 30 
5968 62 
5969 115 
5975 151 
5994 36 
5998 82 
6003 46 
6008 22 
6027 15 
6033 72 
6041 181 
6044 474 
6049 19 
6061 80 
6077 45 
6085 13 
6094 8 
6100 84 
6107 98 
6121 20 
6130 27 
6144 36 
6147 55 
6155 9 
6157 29 
6158 48 
6160 149 
6167 160 
6167 9 
6168 20 
6181 21 
6189 31 
6202 10 
6203 457 
6209 8 
6214 1773 
6221 22 
6231 137 
6245 43 
6283 27 
6300 73 
6315 77 
6321 56 
6331 81 
6358 169 
6365 228 
6365 21 
6371 80 
6375 25 
6392 465 
6411 111 
6417 40 
6433 25 
6444 42 
6446 1050 
6448 57 
6465 753 
6475 31 
6492 33 
6492 14 
6501 324 
6513 106 
6522 381 
6529 31 
6540 257 
6540 718 
6554 17 
6569 216 
6588 53 
6590 51 
6599 53 
6604 1482 
6608 64 
6615 312 
6615 61 
6619 399 
6629 52 
6643 9 
6651 26 
6653 762 
6654 81 
6666 78 
6667 127 
6669 52 
6692 34 
6699 365 
6707 56 
6715 280 
6721 16 
6723 212 
6731 10 
6736 56 
6741 13 
6748 67 
6752 72 
6754 30 
6755 118 
6762 173 
6763 457 
6781 7 
6797 18 
6803 41 
6811 46 
6840 4 
6843 14 
6853 36 
6902 93 
6920 24 
6922 25 
6923 41 
6940 126 
6952 104 
6955 152 
6958 11 
6958 48 
6959 12 
6994 53 
7013 28 
7024 7350 
7033 33 
7050 164 
7073 54 
7093 43 
7094 101 
7143 73 
7144 158 
7165 37 
7172 47 
7172 20 
7180 73 
7181 14 
7187 13 
7204 34 
7211 606 
7218 115 
7229 776 
7233 54 
7249 37 
7256 37 
7272 36 
7290 54 
7290 18 
7292 190 
7301 239 
7303 52 
7305 620 
7333 92 
7335 40 
7340 55 
7355 9 
7415 156 
7416 190 
7427 165 
7434 11 
7436 162 
7443 60 
7472 193 
7500 354 
7507 19 
7554 40 
7568 14 
7573 26 
7624 51 
7624 5 
7645 55 
7688 77 
7689 48 
7698 13 
7745 135 
7746 433 
7747 63 
7789 4 
7796 33 
7797 43 
7822 24 
7828 66 
7839 92 
7842 61 
7844 60 
7845 71 
7850 18 
7852 19 
7868 30 
7886 92 
7896 561 
7899 49 
7910 38 
7914 174 
7924 5 
7936 279 
7943 72 
7963 46 
7965 51 
7985 514 
7989 394 
8045 118 
8047 366 
8076 54 
8081 390 
8105 212 
8107 82 
8113 33 
8199 12 
8218 32 
8218 487 
8221 1056 
8230 104 
8238 26 
8248 17 
8256 29 
8258 10 
8289 15 
8290 29 
8292 197 
8302 16 
8315 28 
8319 219 
8347 53 
8354 735 
8354 221 
8359 47 
8360 13 
8400 72 
8402 20 
8432 27 
8434 589 
8442 10 
8464 6 
8472 7 
8527 21 
8528 56 
8535 55 
8538 51 
8560 319 
8587 57 
8591 19 
8598 69 
8600 97 
8603 22 
8609 33 
8615 36 
8619 8 
8621 148 
8656 32 
8676 27 
8687 1351 
8687 40 
8696 42 
8701 46 
8708 77 
8719 1051 
8723 22 
8736 78 
8749 1856 
8758 7 
8782 2412 
8793 137 
8794 117 
8809 8 
8816 114 
8871 16 
8880 4 
8900 26 
8964 3496 
8999 54 
9000 1485 
9005 52 
9006 2 
9017 73 
9022 739 
9042 23 
9065 24 
9109 67 
9113 257 
9118 214 
9122 133 
9143 55 
9149 116 
9158 1560 
9168 15 
9173 84 
9173 15 
9195 190 
9198 77 
9203 22 
9204 577 
9215 523 
9230 807 
9238 2379 
9241 17 
9257 76 
9261 359 
9271 180 
9284 63 
9289 11 
9291 192 
9339 1883 
9341 7 
9350 27 
9372 13 
9385 269 
9443 20 
9460 42 
9495 77 
9506 165 
9512 49 
9520 41 
9537 137 
9537 726 
9553 876 
9560 15 
9573 39 
9598 54 
9600 64 
9656 8 
9660 125 
9670 437 
9680 30 
9705 97 
9706 1698 
9719 109 
9720 4 
9734 28 
9746 42 
9750 139 
9773 174 
9775 104 
9808 319 
9817 56 
9820 113 
9850 67 
9864 8 
9899 132 
9899 78 
9907 40 
9955 1270 
9967 154 
9972 75112 
9974 232 
9977 37 
9978 1012 
9984 394 
9984 127 
9990 945 
9991 203 
9998 146 
9999 61 
10000 144 
10002 143 
10004 213 
10005 116 
10006 148 
10009 332 
10011 2 
10013 697 
10013 112 
10016 208 
10018 154 
10020 130 
10022 50 
10024 725 
10025 24 
10028 130 
10030 188 
10032 162 
10032 71 
10035 107 
10041 14 
10041 1265 
10041 1336 
10049 51 
10050 137 
10051 11 
10052 193 
10053 173 
10053 201 
10055 206 
10055 569 
10058 107 
10060 107 
10061 40 
10061 16 
10067 50 
10069 8 
10072 113 
10073 363 
10074 57 
10078 100 
10081 52 
10082 176 
10087 85 
10091 506 
10092 154 
10093 668 
10094 84 
10095 111 
10095 38 
10099 132 
10105 132 
10109 166 
10111 99 
10113 148 
10114 45 
10119 82 
10123 212 
10127 138 
10141 235 
10145 76 
10155 111 
10165 150 
10166 116 
10178 538 
10179 53 
10180 116 
10185 52 
10188 66 
10188 180 
10190 46 
10200 104 
10202 309 
10215 176 
10228 122 
10232 374 
10236 47 
10247 56 
10248 2571 
10250 108 
10253 107 
10254 410 
10256 34 
10268 269 
10270 72 
10277 32 
10281 74 
10283 193 
10283 139 
10283 108 
10289 12 
10294 64 
10303 186 
10308 28 
10321 10 
10323 334 
10348 500 
10352 332 
10353 34 
10389 252 
10390 98 
10394 101 
10401 206 
10405 17 
10415 72 
10418 9 
10435 36 
10436 722 
10439 84 
10450 48 
10458 228 
10474 27 
10475 180 
10475 225 
10495 1043 
10505 59 
10516 47 
10522 34 
10532 60 
10543 41 
10568 166 
10569 60 
10584 77 
10585 251 
10587 28 
10592 3 
10593 97 
10600 90 
10610 73 
10615 14 
10635 219 
10677 19 
10679 77 
10680 10 
10713 266 
10733 41 
10777 204 
10805 2 
10808 387 
10811 54 
10812 174 
10820 22 
10824 48 
10845 41 
10847 38 
10850 111 
10866 15 
10887 15 
10924 38 
10939 30 
10943 9 
10963 159 
10989 143 
11012 185 
11019 79 
11028 1 
11065 49 
11067 230 
11086 13 
11086 64 
11114 99 
11204 183 
11217 437 
11223 56 
11246 110 
11252 458 
11259 149 
11273 169 
11294 11 
11303 231 
11339 2 
11364 45 
11366 21 
11371 135 
11379 109 
11394 1021 
11395 80 
11409 42 
11428 114 
11431 18 
11436 88 
11453 11 
11486 1450 
11491 89 
11512 109 
11517 9 
11576 178 
11580 124 
11600 22 
11600 210 
11635 121 
11660 2 
11670 80 
11699 231 
11707 29 
11712 56 
11717 4 
11723 65 
11724 27 
11742 49 
11758 31 
11759 135 
11770 338 
11778 143 
11785 93 
11808 77 
11814 26 
11838 278 
11839 85 
11842 110 
11846 351 
11851 15 
11859 55 
11859 264 
11871 40 
11943 146 
11976 352 
11979 6 
11987 1 
11989 84 
11993 263 
11994 164 
12006 22 
12037 89 
12047 40 
12071 18 
12106 59 
12119 144 
12148 8 
12150 22 
12213 19 
12235 13 
12259 103 
12264 3 
12279 174 
12281 25 
12291 187 
12304 327 
12306 21 
12308 54 
12331 110 
12389 10 
12393 159 
12397 277 
12398 83 
12415 139 
12459 39 
12461 103 
12486 136 
12514 74 
12521 70 
12530 47 
12551 41 
12559 406 
12562 32 
12590 24 
12620 132 
12687 16 
12701 14 
12780 143 
12817 15 
12864 9 
12895 74 
12895 31 
12916 204 
12965 19 
12976 32 
12999 33 
13062 40 
13072 45 
13141 170 
13175 27 
13188 323 
13209 75 
13238 140 
13241 86 
13258 25 
13299 19 
13303 37 
13386 32 
13386 148 
13425 38 
13464 32 
13512 129 
13528 1548 
13555 3 
13556 61 
13567 191 
13620 314 
13628 194 
13657 34 
13658 183 
13661 30 
13702 11 
13714 52 
13761 27 
13765 124 
13766 45 
13789 50 
13889 45 
13924 6 
13964 54 
13995 42 
14020 28 
14033 13 
14063 945 
14146 7 
14162 15 
14176 124 
14198 99 
14200 36 
14273 1169 
14330 24 
14338 41 
14356 35 
14379 182 
14395 1854 
14420 53 
14436 37 
14475 28 
14511 846 
14512 700 
14543 390 
14594 8 
14608 324 
14659 251 
14659 497 
14665 98 
14667 102 
14707 32 
14757 438 
14807 129 
14829 77 
14829 23 
14831 66 
14846 21 
14864 1101 
14866 176 
14909 56 
14913 18 
14953 83 
15017 15 
15022 90 
15067 16 
15076 5 
15095 206 
15243 275 
15276 387 
15303 8 
15346 82 
15404 31 
15524 39 
15567 18 
15593 10 
15683 54 
15704 107 
15768 151 
15822 86 
15841 66 
15892 7 
15919 123 
15928 282 
15999 125 
16073 9 
16096 302 
16109 13 
16138 26 
16193 21 
16196 74 
16202 10 
16211 18 
16224 292 
16240 97 
16246 36 
16283 49 
16401 49 
16414 80 
16420 386 
16435 15 
16551 19 
16563 199 
16584 54 
16651 24 
16681 13 
16685 23 
16697 75 
16854 28 
16899 28 
16910 398 
16926 29 
16998 8 
17007 93 
17028 25 
17054 24 
17056 69 
17056 22 
17074 8 
17185 20 
17195 103 
17216 14 
17248 4 
17345 181 
17346 6 
17405 71 
17434 203 
17467 34 
17519 13 
17605 7 
17605 7 
17828 145 
17854 119 
17865 2954 
17888 159 
17904 73 
17936 52 
18038 28 
18063 679 
18070 31 
18089 15 
18146 102 
18235 208 
18319 28 
18333 43 
18337 129 
18361 1672 
18480 78 
18606 159 
18630 77 
18634 11 
18854 1862 
18862 39 
18901 104 
18951 26 
18951 26 
18968 10 
18968 10 
19029 54 
19076 113 
19121 25 
19167 259 
19189 8 
19290 225 
19294 31 
19368 113 
19391 212 
19438 57 
19452 75 
19478 181 
19553 8 
19562 228 
19605 19 
19632 20 
19765 26 
19859 78 
19867 15 
20002 18 
20147 28 
20237 130 
20251 148 
20287 71 
20326 59 
20332 86 
20387 21 
20515 22 
20532 2 
20674 86 
20791 77 
21005 57 
21055 25 
21076 43 
21209 15 
21278 25 
21343 25 
21529 12056 
21543 27 
21693 46 
21727 83 
21734 59 
21750 1 
21790 163 
21865 57 
21879 18 
21905 25 
21914 1665748 
21944 21 
21950 122 
21970 19 
21978 72 
21981 91 
21991 271 
21991 33 
21992 5909 
21993 78 
22002 502 
22004 27 
22006 209 
22013 75 
22013 83 
22014 23 
22015 6 
22024 103 
22024 10 
22028 172 
22034 176 
22040 18 
22040 515 
22042 60 
22045 67 
22047 108 
22050 81 
22050 116 
22057 439 
22060 367 
22061 729 
22063 33 
22065 45 
22072 497 
22073 116 
22073 188 
22077 714 
22086 289 
22089 175 
22092 50 
22093 223 
22099 307 
22101 84 
22106 292 
22106 31 
22117 176 
22123 205 
22124 306 
22124 71 
22127 68 
22132 103 
22138 18 
22139 56 
22149 93 
22153 59 
22154 398 
22156 672 
22157 205 
22161 306 
22163 461 
22164 163 
22166 141 
22168 343 
22173 303 
22181 31 
22182 177 
22185 98 
22198 120 
22204 13 
22206 138 
22209 159 
22211 170 
22214 11 
22219 673 
22225 349 
22228 38 
22240 54 
22243 38 
22249 197 
22257 9 
22262 42 
22263 54 
22263 137 
22272 6 
22274 44 
22275 291 
22277 22 
22284 761 
22296 354 
22298 214 
22301 551 
22304 106 
22306 105 
22309 166 
22322 239 
22326 224 
22330 83 
22340 76 
22340 422 
22343 43 
22360 342 
22365 5 
22376 397 
22386 200 
22391 338 
22395 18 
22398 26 
22414 74 
22415 165 
22418 413 
22418 25 
22424 107 
22427 347 
22431 89 
22440 183 
22447 53 
22451 271 
22494 42 
22515 38 
22527 17 
22527 8 
22563 63 
22576 336 
22581 30 
22609 49 
22618 703 
22631 21 
22642 148 
22651 141 
22655 52 
22662 23 
22679 26 
22683 467 
22685 115 
22712 274 
22738 110 
22757 322 
22782 412 
22824 120 
22831 146 
22832 15 
22860 40 
22897 208 
22948 132 
22955 350 
22970 13 
22980 37 
22986 269 
22993 21 
23011 89 
23015 231 
23039 87 
23051 50 
23053 40 
23061 404 
23064 259 
23067 34 
23090 23 
23094 87 
23104 77 
23116 122 
23131 112 
23134 178 
23135 14 
23148 141 
23217 47 
23225 335 
23288 162 
23297 90 
23314 75 
23322 137 
23324 18 
23363 66 
23374 47 
23421 460 
23422 17 
23457 97 
23529 99 
23534 157 
23556 231 
23558 199 
23564 11 
23604 3 
23647 43 
23656 93 
23670 257 
23690 55 
23698 387 
23738 39 
23742 97 
23749 29 
23780 31 
23790 143 
23810 14 
23817 203 
23819 36 
23822 143 
23828 283 
23878 35 
23889 137 
23895 20 
23895 86 
23899 543 
23933 96 
23941 288 
23942 91 
23966 211 
23990 106 
24074 133 
24100 31 
24118 43 
24159 78 
24160 119 
24176 5 
24213 23 
24231 26 
24301 29 
24322 85 
24423 123 
24464 160 
24505 61 
24517 55 
24525 7 
24545 188 
24546 72 
24587 709 
24596 302 
24597 35 
24599 93 
24654 114 
24739 109 
24747 52 
24799 105 
24869 250 
24871 769 
24876 22 
24920 407 
24954 84 
24980 38 
24993 23 
25049 222 
25062 37 
25110 434 
25162 31 
25188 128 
25244 67 
25261 89 
25298 163 
25302 26 
25308 53 
25345 250 
25372 129 
25377 22 
25388 68 
25455 8 
25464 169 
25469 276 
25514 4 
25561 79 
25740 67 
25769 147 
25854 18 
25949 153 
25961 501 
26006 152 
26025 210 
26102 61 
26182 20 
26371 32 
26429 82 
26575 63 
26589 139 
26611 33 
26617 5 
26711 2893 
26791 903 
26794 72 
26823 286 
26841 93 
26987 13 
26990 28 
27004 7 
27041 24 
27084 112 
27137 183 
27207 28 
27330 18 
27350 18 
27376 67 
27446 58 
27471 20 
27583 53 
27628 21 
27654 22 
27742 10 
27750 82 
27803 57 
27874 25 
27949 287 
28092 12 
28094 220 
28095 23 
28108 15 
28121 95 
28155 75 
28188 12 
28193 13 
28311 39 
28439 214 
28471 96 
28507 35 
28541 70 
28586 89 
28597 130 
28613 166 
28666 421 
28863 119 
28870 133 
28897 3 
28960 15 
29052 26 
29203 14 
29340 859 
29461 153 
29538 94 
29612 49 
29662 43 
29749 24 
29893 375 
29962 72 
30032 72 
30057 391 
30204 10170 
30207 32 
30228 550 
30254 146 
30329 130 
30365 21 
30513 82 
30556 38 
30569 10 
30607 59 
30644 2931 
30647 56 
30694 324 
30729 53 
30747 2254 
30780 153 
30880 75 
30941 12 
31003 15 
31028 44 
31060 55 
31226 6 
31247 33 
31374 10 
31434 3 
31457 3754 
31471 325 
31533 89 
31577 41 
31648 236 
31655 372 
31699 42 
31942 131 
31966 11 
32013 202 
32095 4 
32110 310 
32172 38 
32218 11 
32247 87 
32274 19 
32275 591 
32278 86 
32302 1371 
32310 95 
32562 0 
32737 148 
32871 392 
32961 19 
33028 325 
33214 34 
33243 3929 
33281 488 
33440 290 
33636 102 
33778 60 
33834 189 
33844 26 
33925 43 
33926 8 
34054 70 
34126 516 
34272 44 
34366 31 
34424 355 
34564 426 
34649 20 
34837 51 
35307 55 
35510 61 
35933 19 
36322 11 
36357 461 
36421 78 
36493 47 
37003 22 
37012 40 
37066 152 
37226 288 
37521 50 
37602 93 
37879 52 
37894 154 
38490 138 
38594 21 
38605 254 
38787 25 
38867 222 
39155 33 
39504 497 
39675 79 
39807 91 
40393 138 
40656 22 
41016 33 
41684 64 
41740 1019 
42152 50 
42490 106 
43054 100 
43349 140 
43635 37 
43816 25 
44093 6 
44105 1808 
44277 13 
44327 2 
44509 160 
44708 41 
44727 79 
44771 27 
45056 28 
45061 25 
45077 89 
45360 30 
45985 10 
46604 397 
46803 20296 
46825 1555 
46827 397 
46941 93 
47017 11 
47056 16 
47110 11 
47201 8 
47353 144 
47366 49 
47405 500 
47529 13 
48059 1416 
48310 20 
49679 31 
50049 51 
50956 5 
51039 58 
51226 63 
51303 106 
51818 153 
52254 29 
52573 97 
52646 24 
53988 28 
53992 66 
54419 73 
54469 59 
54709 33 
54971 17 
55425 74 
55637 119 
57872 14 
58077 153 
58474 28 
58858 27 
61537 14 
62625 17 
62650 285 
63003 13 
63119 45 
63319 24 
63409 14 
63548 291 
64881 24 
65095 131 
65469 171 
68115 93 
69141 98 
70116 767 
71936 6 
74447 36 
75458 144 
77490 67 
78374 119 
78829 10 
81765 10 
85562 34 
87236 1715 
89097 12 
92995 1092 
93136 48 
97199 222 
98164 48 
100956 55 
101311 747 
108161 268 
110008 246 
122964 14 
136469 440 
138163 15 
159409 0 
160612 128 
163143 251 
170601 977 
187753 32 
188407 2 
188581 73 
196156 70 
210030 0 
210898 1663 
220812 15 
334678 84 
463099 169 
468790 147 
529404 114 
558518 117 
