2422 2.83153935185
0 1977201 
9 383 
11 188 
13 81 
14 445 
15 105 
15 311 
20 423 
21 85 
21 82 
22 328 
22 207 
22 277 
23 133 
23 34 
23 43 
23 173 
24 30 
25 702 
27 16 
28 152 
28 68 
29 206 
29 129 
30 162 
30 29 
31 72 
32 48 
32 99 
33 189 
33 30 
34 57 
34 99 
35 303 
37 69 
38 114 
39 459 
40 60 
42 27 
42 311 
42 363 
42 99 
43 118 
43 78 
44 92 
44 301 
45 60 
45 68 
45 87 
45 213 
46 154 
46 13 
46 46 
47 44 
47 58 
47 62 
48 75 
48 135 
49 103 
49 182 
49 88 
50 79 
50 155 
50 126 
51 84 
51 215 
52 56 
52 107 
53 45 
53 403 
53 80 
53 31 
53 69 
54 126 
54 285 
54 314 
54 104 
56 20 
56 240 
56 19 
57 78 
57 47 
57 205 
59 122 
59 134 
59 32 
60 53 
60 83 
60 73 
60 186 
61 139 
61 312 
61 47 
62 63 
63 41 
63 72 
63 53 
64 48 
64 49 
64 68 
64 67 
65 108 
66 88 
66 97 
66 56 
66 156 
66 98 
67 73 
67 71 
68 233 
68 625 
68 238 
68 67 
69 113 
69 81 
69 173 
69 182 
70 111 
70 66 
70 242 
71 150 
71 58 
71 186 
71 125 
72 50 
72 164 
72 198 
72 89 
73 253 
73 57 
73 154 
73 305 
73 382 
74 263 
74 41 
74 20 
74 43 
74 188 
75 221 
76 16 
76 116 
76 115 
77 90 
77 19 
79 355 
80 25 
80 168 
80 390 
81 134 
82 88 
82 25 
82 130 
82 106 
82 40 
83 80 
83 344 
83 66 
83 126 
84 64 
85 79 
85 387 
85 280 
85 60 
85 309 
86 180 
86 49 
86 108 
87 407 
89 69 
90 129 
91 123 
92 85 
92 1034 
92 169 
92 175 
92 69 
92 48 
93 50 
94 225 
94 174 
94 933 
95 74 
95 103 
95 78 
95 704 
95 107 
95 68 
95 220 
96 17 
97 254 
98 162 
98 73 
99 25 
99 247 
99 233 
100 76 
100 160 
100 53 
100 153 
101 46 
102 36 
102 46 
102 118 
103 92 
103 347 
103 15 
103 1857 
103 100 
104 21 
104 33 
105 209 
105 134 
105 264 
105 298 
106 35 
106 68 
106 68 
106 3471 
106 192 
107 66 
108 156 
108 411 
108 147 
108 86 
109 205 
109 623 
110 188 
110 190 
110 19 
110 1746 
111 177 
111 75 
111 78 
112 471 
113 155 
114 230 
115 319 
115 93 
115 130 
116 414 
116 202 
117 90 
117 91 
117 32 
117 92 
117 15 
118 102 
119 103 
119 202 
120 118 
120 62 
120 121 
120 143 
120 146 
120 107 
121 89 
121 83 
121 143 
124 110 
124 113 
125 137 
125 35 
125 29 
126 166 
126 42 
126 177 
127 54 
127 15 
128 377 
128 99 
128 104 
128 121 
129 44 
129 96 
129 106 
130 104 
130 2222 
130 3 
130 83 
131 28 
131 168 
131 69 
132 57 
132 58 
133 221 
133 60 
133 45 
134 31 
134 247 
134 269 
134 114 
135 297 
135 42 
136 22 
136 344 
137 29 
137 80 
137 94 
137 190 
138 273 
138 39 
138 185 
138 86 
139 217 
139 15 
140 115 
143 185 
143 305 
143 192 
143 122 
143 12 
143 48 
144 175 
144 24 
144 109 
145 47 
145 103 
145 34 
145 89 
145 83 
145 127 
146 216 
147 55 
148 201 
149 476 
151 32 
151 258 
153 47 
153 101 
154 81 
154 48 
154 35 
155 59 
155 48 
155 11 
156 138 
156 80 
157 112 
158 391 
158 155 
158 45 
158 174 
158 72 
159 192 
159 88 
159 218 
160 56 
162 181 
162 187 
162 169 
163 257 
163 133 
163 100 
163 110 
164 182 
165 126 
165 204 
166 67 
166 138 
166 25 
166 64 
166 248 
166 99 
167 38 
167 141 
167 207 
168 57 
170 75 
170 219 
171 93 
171 62 
172 283 
172 33 
173 66 
173 671 
173 55 
173 93 
174 97 
175 78 
175 98 
175 69 
175 90 
176 71 
176 245 
177 112 
177 64 
177 159 
178 93 
178 9 
179 34 
179 101 
179 167 
180 170 
180 99 
180 77 
180 247 
180 255 
182 105 
182 105 
182 48 
182 43 
183 82 
184 72 
184 98 
184 193 
185 116 
185 133 
185 121 
186 34 
186 103 
186 56 
187 51 
187 351 
188 202 
188 195 
189 787 
192 97 
193 145 
193 177 
193 69 
193 91 
193 122 
193 228 
194 65 
195 76 
197 120 
197 155 
198 199 
199 34 
200 246 
200 178 
201 56 
201 44 
201 84 
202 161 
202 209 
203 110 
205 96 
206 177 
206 218 
206 136 
207 36 
207 102 
207 31 
208 45 
208 188 
208 152 
209 125 
209 166 
210 109 
210 339 
210 88 
210 86 
211 219 
211 61 
212 79 
212 191 
212 80 
213 294 
213 414 
214 77 
215 136 
215 178 
216 100 
216 47 
217 120 
217 65 
218 242 
218 154 
220 341 
220 88 
220 52 
222 45 
223 106 
223 130 
225 227 
225 32 
225 28 
225 28 
226 338 
226 111 
226 123 
226 201 
226 193 
228 126 
228 43 
229 198 
230 46 
230 34 
230 258 
230 179 
231 73 
231 57 
232 117 
232 114 
233 100 
233 220 
233 32 
233 32 
233 15 
234 118 
234 65 
234 114 
234 75 
235 424 
235 224 
236 158 
236 187 
237 25 
238 79 
238 59 
238 324 
241 368 
241 138 
241 11 
242 30 
243 47 
243 33 
244 23 
244 79 
246 107 
247 238 
249 57 
249 67 
249 135 
251 19 
251 154 
252 82 
254 64 
255 129 
255 114 
256 94 
256 724 
258 71 
261 39 
262 17 
262 62 
263 55 
265 486 
265 43 
265 87 
265 82 
265 296 
265 44 
265 32 
266 220 
266 114 
266 6 
268 64 
269 70 
270 127 
270 79 
271 47 
271 86 
272 11 
275 34 
275 54 
275 38 
276 32 
276 95 
277 24 
278 291 
278 275 
278 60 
282 28 
283 57 
284 44 
284 227 
285 43 
286 31 
286 169 
286 164 
287 9 
287 164 
288 82 
288 410 
288 76 
290 105 
290 79 
291 49 
293 111 
293 42 
293 79 
293 22 
293 158 
293 64 
295 119 
296 152 
298 102 
299 114 
299 47 
299 130 
299 113 
300 76 
300 78 
301 178 
302 74 
302 84 
303 131 
304 112 
305 801 
306 152 
307 83 
309 128 
310 80 
310 179 
311 206 
311 63 
312 63 
312 75 
313 46 
315 197 
315 135 
316 97 
316 130 
317 46 
317 20 
318 54 
319 165 
319 64 
319 214 
319 297 
320 190 
321 113 
322 98 
322 65 
324 76 
325 64 
326 15 
326 149 
328 37 
329 34 
329 152 
330 181 
330 147 
330 45 
331 112 
331 142 
332 1103 
332 73 
333 54 
333 96 
334 154 
334 18 
334 234 
334 190 
335 79 
337 107 
337 86 
337 219 
338 399 
339 20 
340 15 
344 33 
344 67 
344 328 
345 64 
346 97 
346 234 
348 22 
350 211 
350 78 
351 105 
351 124 
351 835 
352 280 
353 173 
353 133 
354 20 
356 90 
357 155 
357 49 
360 101 
360 55 
360 147 
360 326 
360 26 
360 236 
364 106 
365 146 
366 116 
366 126 
369 35 
369 29 
370 138 
371 110 
372 118 
372 97 
372 155 
372 95 
373 132 
373 330 
374 81 
374 120 
378 300 
378 125 
380 100 
383 44 
385 271 
385 220 
386 76 
386 23 
386 32 
388 34 
388 145 
389 41 
390 151 
391 24 
392 129 
397 133 
399 64 
400 99 
400 116 
401 63 
401 166 
402 96 
402 70 
403 192 
404 13 
404 82 
405 19 
406 71 
406 31 
407 38 
407 125 
407 12 
408 315 
409 58 
410 346 
411 52 
412 16 
412 184 
413 158 
414 59 
416 105 
416 91 
416 15 
417 174 
417 43 
419 113 
420 72 
420 104 
422 11 
422 160 
423 73 
424 100 
425 65 
427 350 
427 159 
428 178 
429 661 
429 36 
433 115 
435 124 
437 135 
437 98 
438 1035 
438 40 
438 33 
438 87 
440 101 
442 396 
443 104 
446 226 
446 73 
447 64 
447 21 
448 125 
449 140 
450 26 
451 104 
452 111 
452 278 
455 89 
456 63 
457 25 
459 123 
459 292 
459 71 
461 39 
461 49 
463 33 
465 485 
467 14 
469 71 
470 66 
471 165 
471 91 
471 97 
473 133 
473 127 
475 65 
475 68 
476 131 
477 86 
477 78 
478 190 
480 98 
481 57 
482 205 
483 70 
483 86 
484 103 
484 110 
485 193 
486 90 
486 149 
487 382 
488 57 
490 111 
490 56 
492 88 
495 72 
499 195 
500 125 
500 84 
500 138 
500 141 
502 23 
503 64 
504 7 
506 8 
508 63 
511 41 
513 170 
513 126 
513 64 
517 46 
518 45 
518 136 
519 26 
520 81 
520 79 
521 337 
523 48 
523 124 
526 57 
527 31 
527 97 
527 62 
528 149 
529 81 
530 121 
533 66 
534 83 
535 27 
535 86 
538 64 
538 98 
538 71 
538 27 
540 78 
544 56 
546 27 
548 121 
550 431 
551 215 
554 45 
555 4 
557 45 
560 100 
562 91 
562 124 
562 722 
565 166 
565 108 
568 99 
569 148 
570 222 
571 152 
572 170 
573 67 
574 38 
576 35 
577 1 
580 71 
581 60 
585 39 
589 106 
589 39 
589 98 
591 84 
594 331 
594 93 
595 187 
595 468 
597 649 
602 185 
606 340 
607 121 
611 157 
614 63 
617 68 
618 54 
619 156 
620 161 
621 157 
622 141 
622 98 
624 3 
624 14 
626 42 
626 128 
628 59 
629 165 
632 22 
632 114 
634 114 
634 194 
640 103 
641 191 
641 86 
644 268 
644 30 
645 56 
645 58 
647 139 
650 23 
651 65 
651 64 
654 223 
656 77 
657 36 
661 221 
662 621 
663 35 
665 230 
671 56 
671 87 
679 145 
680 121 
682 183 
683 17 
683 139 
684 14 
686 65 
690 190 
690 146 
690 60 
690 31 
690 47 
690 33 
692 118 
693 73 
701 111 
703 78 
704 19 
708 245 
711 39 
713 134 
715 196 
715 34 
716 105 
717 80 
718 29 
718 141 
719 65 
720 204 
720 85 
720 75 
727 167 
733 932 
733 91 
735 44 
737 196 
739 195 
740 127 
744 71 
745 134 
746 75 
746 95 
747 64 
747 63 
748 104 
749 100 
751 577 
756 127 
760 120 
760 189 
762 181 
767 105 
771 36 
771 81 
772 17 
775 53 
777 128 
779 160 
780 217 
780 38 
780 32 
782 58 
783 97 
784 42 
788 51 
788 67 
791 171 
793 43 
793 147 
794 9 
795 108 
796 218 
800 71 
803 84 
804 85 
807 83 
808 48 
811 87 
812 42 
813 71 
813 38 
814 166 
818 386 
820 17 
821 325 
823 117 
823 11 
828 1083 
829 85 
833 68 
836 43 
836 41 
836 167 
842 76 
844 162 
844 50 
847 65 
848 76 
858 429 
858 69 
859 72 
859 89 
862 108 
862 39 
862 42 
868 141 
870 316 
876 23 
877 46 
879 120 
883 12 
883 17 
886 63 
886 533 
888 149 
890 130 
895 178 
895 78 
897 13 
898 133 
900 185 
900 62 
900 124 
902 87 
905 34 
906 71 
906 117 
906 59 
909 94 
910 75 
915 13 
915 46 
915 125 
915 336 
921 125 
925 106 
925 138 
927 204 
927 20 
928 96 
928 105 
928 144 
930 50 
932 31 
934 140 
935 342 
937 90 
945 259 
945 97 
947 74 
948 12 
949 53 
953 87 
954 106 
955 80 
957 110 
958 9 
961 54 
966 17 
969 50 
972 49 
975 280 
975 146 
975 51 
975 122 
976 159 
978 176 
981 271 
985 9 
987 45 
988 11 
989 120 
999 80 
999 158 
1000 37 
1004 47 
1008 114 
1008 80 
1011 31 
1011 89 
1013 70 
1014 229 
1016 31 
1026 146 
1026 45 
1027 197 
1029 148 
1031 163 
1035 211 
1036 129 
1038 68 
1038 73 
1038 119 
1042 89 
1043 141 
1046 125 
1048 194 
1049 30 
1049 111 
1049 66 
1051 246 
1057 175 
1057 65 
1063 137 
1067 81 
1069 110 
1071 39 
1071 28 
1076 30 
1078 81 
1080 51 
1082 4 
1082 175 
1082 175 
1087 40 
1092 13 
1095 2305 
1098 61 
1101 369 
1109 293 
1111 36 
1115 154 
1116 20 
1118 88 
1121 113 
1124 55 
1133 16 
1135 54 
1138 37 
1139 39 
1141 54 
1145 8 
1149 256 
1151 115 
1153 366 
1156 30 
1157 90 
1159 98 
1159 46 
1163 91 
1165 146 
1166 182 
1172 222 
1178 222 
1178 38 
1184 47 
1184 10 
1188 213 
1192 29 
1192 13 
1193 19 
1193 257 
1193 88 
1196 123 
1199 26 
1199 14 
1208 66 
1210 62 
1211 23 
1214 44 
1214 87 
1214 459 
1214 37 
1215 22 
1219 61 
1219 280 
1220 89 
1226 79 
1228 133 
1240 383 
1241 151 
1241 128 
1243 158 
1246 301 
1248 133 
1250 124 
1251 37 
1254 127 
1255 65 
1255 109 
1257 138 
1258 45 
1261 252 
1261 140 
1266 138 
1275 83 
1275 73 
1276 101 
1276 320 
1281 44 
1284 84 
1285 787 
1291 68 
1293 107 
1296 15 
1299 64 
1300 389 
1302 9 
1306 67 
1307 21 
1313 207 
1319 204 
1320 9 
1320 561 
1322 168 
1324 769 
1327 70 
1328 26 
1331 48 
1331 93 
1333 89 
1337 38 
1340 37 
1343 70 
1344 44 
1344 32 
1347 238 
1349 67 
1352 391 
1352 47 
1353 134 
1353 352 
1355 250 
1355 60 
1357 197 
1358 121 
1359 26 
1359 24 
1362 119 
1363 57 
1367 97 
1374 70 
1377 47 
1378 22 
1378 116 
1381 118 
1384 51 
1399 74 
1401 175 
1403 59 
1406 59 
1406 79 
1414 105 
1417 101 
1419 146 
1426 71 
1427 41 
1430 78 
1431 78 
1434 59 
1435 121 
1441 39 
1446 39 
1446 13 
1450 137 
1452 75 
1453 14 
1455 105 
1465 150 
1470 86 
1475 254 
1479 51 
1480 164 
1486 113 
1488 68 
1493 102 
1494 239 
1496 67 
1496 8 
1503 232 
1504 175 
1507 9 
1511 84 
1516 220 
1524 227 
1525 60 
1529 250 
1536 48 
1536 47 
1536 147 
1537 50 
1538 32 
1539 230 
1543 66 
1543 84 
1547 195 
1549 96 
1550 130 
1550 137 
1562 48 
1566 44 
1575 150 
1578 240 
1579 18 
1580 29 
1596 135 
1599 40 
1600 40 
1601 96 
1603 283 
1607 25 
1608 49 
1610 121 
1612 22 
1615 67 
1621 1548 
1622 111 
1629 12 
1632 233 
1635 122 
1635 108 
1637 69 
1638 268 
1653 85 
1659 69 
1660 174 
1661 216 
1664 29 
1669 53 
1673 61 
1677 37 
1684 89 
1686 125 
1689 99 
1705 72 
1716 30 
1720 150 
1726 56 
1730 383 
1733 81 
1733 220 
1746 109 
1755 83 
1756 100 
1759 79 
1759 124 
1768 131 
1768 243 
1772 39 
1778 44 
1780 59 
1788 51 
1798 272 
1799 102 
1800 22 
1814 49 
1816 77 
1826 28 
1828 139 
1829 16 
1830 111 
1830 85 
1835 54 
1841 86 
1847 93 
1849 296 
1853 127 
1855 207 
1865 90 
1867 54 
1868 42 
1870 66 
1880 15 
1884 112 
1888 216 
1894 254 
1897 13 
1899 204 
1902 115 
1905 125 
1907 29 
1911 65 
1912 141 
1917 92 
1919 32 
1923 36 
1927 77 
1930 61 
1931 188 
1943 197 
1943 30 
1946 65 
1947 116 
1956 75 
1956 206 
1957 210 
1960 30 
1963 93 
1977 26 
1988 112 
1991 108 
1992 88 
2003 22 
2005 736 
2010 22 
2014 68 
2021 25 
2023 388 
2030 82 
2040 18 
2040 288 
2044 126 
2047 106 
2049 28 
2053 46 
2054 24 
2055 130 
2057 7 
2057 33 
2057 59 
2064 94 
2067 86 
2072 131 
2075 19 
2080 26 
2080 33 
2083 136 
2099 14 
2105 37 
2107 81 
2114 54 
2123 26 
2134 127 
2137 50 
2140 41 
2145 97 
2146 134 
2159 40 
2163 95 
2165 37 
2169 204 
2170 239 
2188 114 
2188 73 
2198 16 
2216 34 
2216 38 
2217 83 
2225 286 
2228 163 
2234 153 
2234 273 
2234 82 
2236 232 
2241 18 
2243 49 
2251 166 
2253 40 
2254 39 
2255 72 
2258 60 
2260 100 
2274 49 
2294 197 
2306 5 
2308 46 
2313 59 
2320 129 
2323 181 
2323 38 
2324 65 
2327 48 
2328 134 
2329 85 
2332 23 
2335 16 
2340 190 
2351 160 
2368 81 
2379 99 
2384 86 
2386 181 
2397 64 
2421 160 
2429 319 
2434 45 
2436 62 
2439 155 
2443 271 
2446 74 
2448 3796 
2453 64 
2462 67 
2464 91 
2464 11 
2470 47 
2481 22 
2482 76 
2482 118 
2491 158 
2493 15 
2504 92 
2510 32 
2538 21 
2542 235 
2553 31 
2555 37 
2567 179 
2571 234 
2589 29 
2590 36 
2595 26 
2596 193 
2597 73 
2604 45 
2619 105 
2621 28 
2623 45 
2632 78 
2638 23 
2638 54 
2640 642 
2644 98 
2648 284 
2651 27 
2653 114 
2653 84 
2662 137 
2664 102 
2666 59 
2672 15 
2680 136 
2693 74 
2700 365 
2709 164 
2711 67 
2711 94 
2730 100 
2738 19 
2760 123 
2765 225 
2779 68 
2780 45 
2782 11 
2789 76 
2790 113 
2795 103 
2795 26 
2808 225 
2819 104 
2832 11 
2848 65 
2849 101 
2851 76 
2855 47 
2858 40 
2863 150 
2872 91 
2884 51 
2886 54 
2892 84 
2900 914 
2919 631 
2925 120 
2936 18 
2938 126 
2939 285 
2949 91 
2950 82 
2954 214 
2962 80 
2971 12 
2977 124 
2978 81 
2982 10 
2996 192 
2999 111 
3003 126 
3009 35 
3012 11 
3014 282 
3014 43 
3018 11 
3021 69 
3022 89 
3022 150 
3042 399 
3047 97 
3054 61 
3063 109 
3067 85 
3073 155 
3074 203 
3076 113 
3081 131 
3096 48 
3108 63 
3116 712 
3119 69 
3126 34 
3129 46 
3132 142 
3134 149 
3136 120 
3140 28 
3171 133 
3176 77 
3180 120 
3205 42 
3220 41 
3221 100 
3232 152 
3234 87 
3242 36 
3243 133 
3252 27 
3259 23 
3260 59 
3266 59 
3268 68 
3271 142 
3277 255 
3280 59 
3301 69 
3311 168 
3342 19 
3355 27 
3364 87 
3367 19 
3377 61 
3379 65 
3382 154 
3390 7 
3401 44 
3411 30 
3424 81 
3444 58 
3449 109 
3455 118 
3457 88 
3466 9 
3471 243 
3473 56 
3473 52 
3474 62 
3508 59 
3509 72 
3525 123 
3530 29 
3532 44 
3532 25 
3545 116 
3555 53 
3564 199 
3570 81 
3573 24 
3585 23 
3593 245 
3608 48 
3628 46 
3636 38 
3651 150 
3653 79 
3671 126 
3672 180 
3673 120 
3673 57 
3690 111 
3711 24 
3711 67 
3712 71 
3734 27 
3747 90 
3753 43 
3761 105 
3767 39 
3769 129 
3770 69 
3772 118 
3782 27 
3784 112 
3809 26 
3826 147 
3833 37 
3844 5 
3847 56 
3852 85 
3852 388 
3854 120 
3854 33 
3868 58 
3871 140 
3871 101 
3875 38 
3876 53 
3879 113 
3880 212 
3882 69 
3893 83 
3895 281 
3912 64 
3918 29 
3926 73 
3937 230 
3939 109 
3944 69 
3955 52 
3995 92 
4001 47 
4011 49 
4020 74 
4038 72 
4048 48 
4055 29 
4064 27 
4077 533 
4087 69 
4090 54 
4092 27 
4098 36 
4115 35 
4132 977 
4136 17 
4158 105 
4170 73 
4172 136 
4189 70 
4211 33 
4219 50 
4228 34 
4229 62 
4238 11 
4242 22 
4246 73 
4248 36 
4274 21 
4276 4 
4292 108 
4302 123 
4303 63 
4312 112 
4323 134 
4335 48 
4351 137 
4365 13 
4371 1736 
4371 173 
4410 107 
4441 10 
4448 141 
4461 79 
4465 51 
4473 112 
4474 70 
4488 423 
4491 88 
4506 94 
4513 24 
4532 56 
4534 3 
4535 47 
4537 47 
4541 159 
4551 4 
4566 8 
4570 32 
4604 86 
4629 82 
4632 156 
4651 81 
4668 101 
4668 60 
4679 22 
4702 21 
4702 98 
4702 60 
4705 57 
4711 47 
4712 64 
4732 71 
4739 252 
4742 3 
4745 51 
4751 30 
4756 20 
4758 63 
4763 57 
4777 115 
4779 152 
4801 86 
4803 48 
4840 37 
4864 17 
4900 117 
4901 175 
4922 56 
4941 69 
4942 72 
4958 41 
4971 83 
4980 40 
4990 15 
4999 73 
5013 30 
5025 41 
5031 59 
5033 55 
5034 119 
5043 57 
5062 27 
5062 127 
5068 115 
5074 69 
5081 129 
5089 49 
5111 26 
5126 320 
5165 95 
5184 33 
5202 115 
5202 23 
5211 84 
5239 55 
5250 69 
5251 36 
5260 38 
5260 56 
5272 98 
5297 24 
5301 70 
5322 26 
5324 14 
5324 14 
5356 83 
5374 102 
5389 3 
5389 184 
5423 86 
5440 41 
5467 62 
5483 350 
5537 15 
5540 194 
5582 227 
5606 76 
5619 78 
5637 88 
5643 25 
5644 52 
5721 18 
5732 32 
5763 95 
5776 40 
5787 113 
5809 39 
5817 137 
5817 167 
5827 11 
5872 108 
5889 79 
5952 49 
5961 134 
6040 23 
6054 293 
6059 42 
6102 44 
6110 75 
6112 112 
6116 2 
6125 33 
6140 12 
6176 12 
6189 74 
6246 15 
6276 70 
6285 13 
6309 5 
6314 7 
6336 74 
6375 47 
6410 58 
6418 15 
6420 251 
6422 105 
6460 69 
6473 16 
6479 24 
6519 313 
6560 116 
6561 143 
6575 69 
6576 79 
6581 179 
6585 111 
6588 11 
6648 61 
6719 245 
6755 13 
6756 58 
6760 44 
6777 33 
6778 58 
6817 66 
6822 57 
6829 85 
6848 55 
6902 118 
6919 17 
6972 268 
6973 250 
6982 188 
6987 41 
6993 69 
6995 289 
7118 55 
7119 44 
7127 11 
7133 31 
7165 162 
7165 50 
7166 1469 
7214 50 
7234 41 
7260 54 
7262 195 
7268 105 
7286 21 
7297 153 
7308 127 
7342 244 
7359 14 
7395 410 
7414 69 
7416 28 
7426 85 
7457 81 
7458 71 
7459 74 
7478 46 
7479 31 
7488 20 
7528 44 
7570 44 
7580 57 
7634 13 
7647 19 
7676 127 
7760 46 
7844 53 
7916 21 
7933 17 
7937 57 
7946 218 
7947 118 
7966 13 
7980 37 
7993 36 
8050 139 
8075 29 
8164 17 
8193 135 
8211 31 
8218 23 
8270 80 
8285 76 
8293 69 
8333 48 
8357 69 
8418 58 
8422 92 
8456 53 
8485 10 
8531 240 
8555 78 
8577 34 
8582 33 
8627 59 
8659 306 
8737 19 
8755 6 
8755 6 
8758 110 
8758 110 
8783 31 
8783 31 
8785 49 
8785 49 
8821 64 
8825 26 
8836 29 
8838 37 
8879 131 
8989 54 
9082 9 
9102 135 
9110 178 
9131 151 
9136 72 
9161 52 
9252 20 
9355 113 
9383 25 
9432 155 
9470 15 
9487 164 
9499 164 
9531 73 
9578 73 
9598 68 
9603 45 
9612 72 
9619 21 
9637 15 
9674 17 
9678 53 
9697 177 
9709 22 
9756 91 
9815 79 
9853 13 
9858 26 
9873 87 
9881 25 
9896 181 
9900 33 
9967 48 
10025 38 
10095 34 
10099 3 
10143 117 
10266 39 
10335 525 
10358 39 
10391 146 
10467 284 
10597 21 
10647 92 
10651 94 
10662 23 
10712 41 
10716 36 
10769 225 
10807 10 
10811 105 
10834 22 
10868 7 
10876 169 
10898 86 
10912 148 
10928 36 
10995 168 
11059 28 
11064 38 
11084 17 
11094 43 
11114 6 
11128 19 
11131 51 
11160 78 
11210 16 
11222 95 
11233 102 
11280 40 
11329 62 
11362 15 
11478 161 
11505 81 
11530 151 
11544 49 
11545 34 
11547 14 
11548 161 
11651 9 
11756 41 
11807 75 
11828 83 
11833 157 
11856 21 
11955 28 
11988 2038 
11992 18 
12041 7 
12077 18 
12096 58 
12126 28 
12153 67 
12233 26 
12314 51 
12315 18 
12393 47 
12493 198 
12540 47 
12692 104 
12764 29 
12841 37 
12970 103 
12994 137 
13045 74 
13163 40 
13190 196 
13195 303 
13272 63 
13296 219 
13312 88 
13313 104 
13376 55 
13379 82 
13382 90 
13411 98 
13515 15 
13577 37 
13580 2 
13609 17 
13613 27 
13660 164 
13684 65 
13727 51 
13777 111 
13869 94 
13905 140 
13908 50 
13925 164 
13947 6 
14068 453 
14092 88 
14125 154 
14161 31 
14226 83 
14227 65 
14349 46 
14400 38 
14411 67 
14422 331 
14425 168 
14639 23 
14675 22 
14707 15 
14761 17 
14764 92 
14798 6 
14867 5 
14874 43 
14953 13 
14956 38 
14983 88 
15057 46 
15114 65 
15134 81 
15233 84 
15239 108 
15258 812 
15280 121 
15325 29 
15331 314 
15554 97 
15572 44 
15631 84 
15754 113 
15835 69 
15861 35 
15863 55 
15986 62 
16114 114 
16172 152 
16238 69 
16293 25 
16438 116 
16602 94 
16633 52 
16649 3 
16835 6 
17227 1351 
17268 44 
17396 98 
17700 16 
17717 117 
17901 46 
17937 16 
17955 843 
18024 14 
18222 7 
18446 29 
18479 41 
18665 4 
18914 18 
19344 4 
19539 79 
19542 73 
19544 118 
19842 114 
19991 432 
20631 216 
20668 88 
20867 44 
20968 87 
20979 50 
21036 74 
21058 39 
21125 26 
21128 25 
21171 142 
21201 54 
21455 44 
21610 82 
21771 1183 
21802 78 
22089 24 
22377 367 
22470 7 
22565 17 
22586 148 
22647 93 
22862 1785 
22880 64 
22918 1540 
23067 24 
23119 16 
23184 30 
23187 45 
23285 48 
23392 28 
23575 47 
24205 29 
24431 68 
24653 51 
24723 74 
24728 18 
25232 20 
25289 45 
25377 60 
25662 129 
25755 32 
26169 40 
26218 19 
26342 66 
26641 8 
26740 23 
26801 25 
26942 13 
26943 17 
27222 70 
27444 130 
27464 35 
27513 39 
27535 30 
28472 15 
28770 12 
28868 24 
29258 86 
29899 97 
30016 1289 
30049 563 
30073 192 
30092 66 
30162 30 
30195 138 
30292 115 
30517 606 
31282 33 
31454 72 
31881 63 
31929 55 
31944 396 
32231 33 
33376 50 
33468 27 
33868 27 
34575 4 
34890 33 
36648 44 
36847 58 
41685 49 
41828 27 
44676 143 
47301 790 
48455 9 
53075 2 
53803 114 
54025 252 
54025 252 
62706 60 
63180 77 
63703 119 
63965 47 
64317 182 
66925 18 
67278 66 
67817 2 
69888 33 
70250 64 
70860 88 
73208 132 
73593 207 
75473 24 
75978 380 
76435 63 
76818 262 
79592 255 
80721 95 
81081 35 
83193 69 
85515 5 
85897 109 
87054 302 
87838 34 
87928 30 
88294 33 
89448 52 
89728 46 
89805 1341 
99659 1450 
101454 53 
104006 9 
105946 433 
106492 92 
107618 51 
108458 50 
109822 8 
111520 25 
112103 14 
112179 233 
112186 400 
112269 825 
114209 98 
114209 98 
115269 85 
115689 38 
115844 98 
116723 118 
117851 56 
119050 18 
119119 146 
119238 81 
119353 134 
120139 192 
121301 10 
121474 102 
121927 30 
122559 61 
123647 96 
124027 405 
124404 425 
125692 66 
126628 22 
147361 18 
148631 68 
152050 127 
154908 127 
156263 98 
156309 61 
159341 52 
159677 25 
160173 99 
161292 24 
163820 117 
163889 95 
165227 47 
171263 130 
172593 545 
173142 15 
181079 33 
181103 17 
187510 27 
189355 10 
190497 10 
199963 12 
201038 4 
202228 581 
233943 46 
236681 86 
239315 14 
250001 130 
263900 714 
264001 68 
267702 89 
272502 17 
276129 11 
278228 32 
280234 336 
280376 205 
282127 127 
283218 103 
287223 48 
288285 4 
303205 50 
333160 151 
334183 22 
334911 117 
353077 6 
355257 63 
355793 250 
366451 23 
410744 97 
410918 48 
440521 6 
459482 333 
464428 155 
467269 121 
514511 105 
520588 40 
548468 30 
580975 24 
580975 24 
597947 146 
