2737 1.85957175926
0 707739 
6 120 
8 79 
9 273 
10 10 
11 33 
11 140 
12 387 
12 360 
13 12143 
13 650 
13 1798 
15 258 
15 78 
15 90 
15 198 
15 83 
16 1353 
16 230 
16 440 
17 203 
17 38 
17 45 
18 198 
18 653 
18 321 
18 46 
19 240 
19 481 
20 453 
20 13 
20 220 
20 678 
20 136 
20 5 
20 67 
21 273 
21 363 
21 114 
21 977 
21 1001 
21 279 
21 34 
22 1135 
22 77 
22 99 
22 75 
22 192 
23 9 
23 52 
23 362 
23 315 
24 300 
24 16 
24 45 
24 6 
24 137 
24 211 
24 164 
25 61 
25 19 
25 0 
25 159 
25 94 
25 168 
25 47 
26 91 
26 57 
26 129 
26 383 
26 528 
26 112 
26 103 
27 241 
27 167 
27 380 
27 1051 
27 35 
27 69 
28 63 
28 116 
28 27 
28 851 
28 101 
29 45 
29 329 
29 55 
29 770 
29 169 
29 58 
29 272 
29 59 
30 731 
30 85 
30 1136 
31 308 
31 2277 
31 753 
31 69 
32 294 
32 481 
32 62 
32 210 
32 2437 
32 1291 
33 40 
33 1505 
33 27 
33 928 
33 221 
34 573 
34 2469 
34 15 
34 24 
34 79 
34 211 
34 40 
34 66 
34 267 
34 328 
34 83 
35 111 
35 294 
35 1303 
35 89 
35 17 
35 434 
35 252 
35 123 
36 572 
36 360 
36 440 
36 1287 
36 58 
36 151 
36 125 
36 44 
36 142 
37 59 
37 93 
37 88 
37 246 
38 93 
38 146 
38 53 
38 1156 
38 460 
38 120 
39 308 
39 1403 
39 394 
40 207 
40 179 
40 64 
40 457 
40 42 
40 425 
40 1885 
41 18 
41 631 
41 322 
41 490 
42 314 
42 165 
42 385 
42 1022 
42 183 
42 178 
42 61 
42 35 
43 2322 
43 137 
43 162 
43 383 
43 301 
43 424 
43 53 
43 39 
43 37 
44 115 
44 1762 
44 337 
44 7 
45 137 
45 48 
45 525 
45 758 
45 65 
45 132 
46 63 
46 30 
46 188 
46 37 
46 545 
46 29 
46 214 
46 58 
46 31 
46 178 
47 695 
47 67 
47 46 
47 324 
47 247 
47 257 
48 433 
48 72 
48 58 
48 711 
48 54 
48 122 
48 396 
49 46 
49 51 
49 509 
49 429 
49 146 
49 254 
49 175 
49 263 
50 239 
50 46 
50 316 
51 39 
51 138 
51 80 
52 183 
52 484 
52 1040 
52 365 
52 1524 
52 1193 
52 153 
52 369 
53 1227 
53 265 
53 78 
53 100 
53 4 
53 28 
53 419 
53 3013 
54 45 
54 129 
54 1104 
54 58 
54 37 
54 2191 
54 47 
54 156 
54 483 
54 70 
54 128 
54 1394 
55 4033 
55 273 
55 603 
55 6 
55 38 
55 90 
56 86 
56 27 
57 254 
57 254 
57 17 
57 482 
57 101 
57 269 
58 401 
58 647 
58 70 
58 508 
58 69 
58 560 
58 44 
59 372 
59 35 
59 32 
59 8 
59 667 
59 53 
59 64 
59 737 
60 866 
60 63 
60 49 
60 2 
60 77 
60 5679 
60 276 
60 292 
60 790 
61 20 
61 185 
61 78 
61 1231 
61 702 
61 709 
61 335 
61 68 
61 693 
62 30 
62 295 
62 29 
63 623 
63 345 
63 113 
63 208 
63 98 
63 305 
63 457 
63 10 
64 143 
64 309 
64 303 
64 90 
64 10 
64 223 
64 87 
64 132 
64 193 
64 112 
65 217 
65 4 
65 253 
65 29 
66 118 
66 446 
66 101 
66 115 
66 62 
66 234 
66 167 
66 81 
66 586 
66 78 
66 103 
66 1220 
66 26850 
66 294 
67 49 
67 32 
67 536 
67 232 
67 649 
68 27 
68 119 
68 459 
68 116 
68 1360 
68 200 
68 145 
68 1225 
68 750 
69 5162 
69 18 
69 69 
69 14 
69 11 
70 772 
71 892 
71 39 
71 100 
71 35 
71 78 
71 110 
71 164 
71 175 
71 137 
71 793 
71 94 
72 273 
72 592 
72 56 
72 34 
72 65 
72 144 
73 19 
73 25 
73 134 
73 34 
73 146 
74 81 
74 132 
74 57 
74 13 
74 19 
74 391 
74 313 
75 485 
75 59 
75 46 
75 114 
75 152 
75 1146 
75 3636 
76 234 
76 207 
76 278 
76 327 
77 17 
77 397 
77 377 
77 207 
77 553 
77 350 
77 250 
78 126 
78 70 
78 7 
78 351 
78 43 
78 303 
78 239 
79 482 
79 18 
79 41 
79 90 
79 334 
79 312 
80 67 
80 1696 
80 60 
80 473 
80 485 
80 435 
80 102 
81 31 
81 296 
81 43 
81 882 
82 76 
82 346 
82 170 
83 197 
83 177 
83 360 
84 46 
84 76 
84 570 
84 369 
84 49 
84 604 
84 516 
85 115 
85 358 
85 115 
85 106 
85 127 
85 112 
85 189 
85 43 
86 617 
86 13 
86 192 
86 196 
86 55 
87 130 
87 24 
87 184 
88 43 
88 41 
88 358 
89 31 
89 2031 
89 364 
89 125 
89 385 
89 121 
89 167 
90 511 
90 367 
90 121 
90 41 
90 138 
90 1173 
90 76 
90 118 
91 218 
91 1050 
92 20 
92 1138 
92 282 
93 104 
93 160 
93 1334 
93 35 
93 87 
93 115 
94 333 
94 79 
95 442 
96 88 
96 2796 
96 39 
96 8009 
96 724 
96 137 
96 102 
96 111 
96 430 
97 924 
97 55 
97 109 
97 3237 
97 494 
97 384 
97 82 
97 43 
97 1064 
97 1742 
97 6 
97 117 
98 939 
99 42 
99 159 
99 19 
99 233 
99 77 
100 91 
100 39 
100 128 
100 167 
100 715 
101 124 
101 194 
101 493 
101 471 
102 192 
102 216 
102 99 
102 626 
102 1762 
102 35 
102 234 
103 87 
103 280 
103 107455 
103 85 
103 85 
103 43 
103 171 
103 68 
103 2342 
104 553 
105 13 
105 123 
105 609 
105 6 
105 51 
105 165 
105 227 
105 198 
106 272 
106 1585 
106 2582 
106 8401 
106 28 
107 1085 
107 58 
107 11 
107 90 
107 1029 
108 402 
108 162 
108 768 
109 1167 
109 59 
109 125 
109 559 
109 155 
109 76 
109 845 
110 867 
110 976 
110 30 
110 1386 
110 886 
110 85 
110 31 
110 134 
111 170 
111 81 
111 235 
111 69 
112 78 
112 20 
112 676 
112 118 
112 51 
112 91 
113 187 
113 3139 
114 13 
114 14747 
114 319 
114 153 
114 60 
114 184 
115 211 
115 390 
116 100 
116 900 
116 66 
117 173 
117 154 
117 2166 
118 532 
118 999 
118 54 
118 26 
119 692 
119 1389 
119 13 
119 188 
120 1046 
120 9 
120 1822 
120 176 
120 1920 
121 4793 
121 502 
121 4594 
121 18 
121 16 
122 3066 
122 69 
123 409 
123 41 
123 192 
123 564 
123 208 
123 201 
124 26 
124 506 
124 122 
124 200 
125 1230 
125 97 
125 199 
126 26 
126 92 
127 126 
127 115 
127 798 
127 150 
128 130 
128 20 
128 260 
128 1021 
128 229 
128 682 
128 31 
129 61 
129 57 
129 5678 
130 372 
130 43 
130 57 
130 188 
131 804 
131 387 
131 1518 
131 376 
132 11 
133 857 
133 14 
133 718 
133 54 
133 254 
134 922 
135 58 
135 569 
135 633 
135 79 
136 1007 
136 56 
136 457 
136 1795 
137 120 
137 312 
137 1326 
138 22 
139 5 
139 63 
139 45 
139 45 
140 16 
140 252 
140 25 
140 57 
140 47 
141 179 
142 80 
142 268 
143 643 
143 664 
143 60 
144 1225 
144 61 
144 124 
144 357 
144 17 
144 778 
144 464 
144 217 
144 1418 
144 68 
145 230 
145 43 
145 106 
145 152 
146 116 
146 150 
146 6 
147 52 
148 66 
148 34 
148 168 
148 47 
148 30 
148 1784 
149 56 
149 256 
150 95 
150 1620 
150 6 
150 3054 
150 81 
151 35 
151 289 
151 264 
151 2 
151 1533 
151 18 
151 46 
152 350 
152 169 
152 38 
152 602 
154 159 
154 15 
155 1471 
155 115 
155 76 
155 56 
156 1121 
156 70 
156 48 
157 115 
157 225 
157 157 
157 36 
157 36 
157 91 
158 59 
158 78 
158 26 
158 20 
159 100 
159 22 
159 403 
159 142 
159 63 
160 130 
160 82 
160 566 
161 55 
161 57 
161 14 
161 24 
161 161 
162 44 
162 429 
162 125 
162 62 
163 119 
163 221 
163 422 
164 390 
164 59 
164 271 
164 2071 
165 901 
166 1368 
166 437 
166 209 
167 33 
167 497 
168 8 
168 69 
168 377 
168 528 
169 34 
169 299 
169 428 
169 745 
169 687 
170 803 
170 692 
171 636 
171 171 
172 127 
172 39 
173 4 
173 59 
173 1041 
174 302 
174 112 
174 85 
174 313 
175 82 
176 280 
176 211 
176 1572 
176 325 
176 138 
177 94 
177 274 
177 21 
178 5 
178 265 
178 528 
179 491 
179 218 
179 532 
179 127 
180 94 
180 3874 
180 116 
180 140 
180 218 
180 13 
181 6 
181 186 
181 159 
182 120 
182 135 
182 1610 
183 1339 
183 75 
183 200 
184 170 
184 1287 
185 600 
185 217 
185 15 
186 46 
186 1150 
186 315 
187 629 
187 190 
187 152 
188 85 
188 187 
188 74 
189 22 
189 130 
189 689 
190 95 
190 347 
191 326 
191 113 
191 360 
191 125 
192 913 
192 1041 
193 8114 
193 1695 
193 32 
193 99 
195 256 
195 35 
195 450 
195 108 
196 41 
196 630 
196 25 
196 235 
196 285 
197 126 
197 228 
197 852 
197 2118 
197 2513 
197 2726 
198 673 
198 89 
198 66 
198 721 
198 364 
199 23 
199 4 
199 962 
199 35 
200 745 
200 303 
200 277 
200 43 
201 6403 
201 6317 
201 103 
202 71 
202 271 
202 559 
203 263 
203 170 
203 6878 
203 607 
204 793 
205 212 
205 136 
205 272 
206 889 
206 71 
206 27 
208 1370 
208 544 
208 210 
208 279 
209 292 
209 26 
209 5 
209 80 
210 1329 
211 263 
211 434 
211 416 
211 574 
211 2116 
212 11 
213 483 
213 184 
214 130 
214 143 
214 28 
215 56 
216 211 
216 368 
216 369 
217 1301 
217 297 
217 1038 
217 2846 
217 2420 
218 1859 
218 1134 
218 198 
218 537 
219 52 
219 358 
220 514 
220 817 
220 131 
220 711 
221 284 
221 103 
221 51 
222 0 
222 144 
223 144 
224 205 
225 121 
225 23 
225 301 
226 214 
226 413 
226 239 
227 460 
227 2731 
228 35 
229 260 
229 104 
230 40 
230 60 
230 543 
230 473 
231 335 
231 113 
232 73 
233 938 
234 69 
235 2351 
235 943 
236 589 
236 1 
237 73 
237 911 
238 18 
238 263 
239 74 
239 506 
239 1123 
239 1368 
240 208 
240 6 
240 35 
241 1357 
241 54 
241 16 
242 342 
242 7547 
242 176 
242 28 
242 831 
242 544 
243 154 
244 54 
244 932 
244 13 
246 93 
246 798 
247 123 
248 75 
248 30 
249 1364 
249 252 
249 141 
249 151 
249 1479 
250 22 
250 1045 
250 200 
251 767 
251 112 
251 76 
251 8 
252 7 
252 17003 
252 1188 
253 28 
254 56 
255 113 
256 79 
256 268 
256 280 
256 52 
257 310 
257 319 
257 107 
257 5617 
258 45 
258 94 
258 43 
259 1211 
260 1294 
260 1477 
260 138 
261 30 
261 92 
262 377 
263 63 
264 56 
264 357 
264 26 
265 122 
265 26 
266 51 
266 145 
266 50 
267 858 
267 835 
268 150 
269 39 
270 2382 
270 262 
271 2687 
272 24 
273 1212 
273 201 
274 6 
274 5298 
275 124 
275 44 
276 7 
277 156 
277 67 
277 34 
277 76 
278 78 
278 122 
278 4 
278 2141 
279 164 
280 63 
280 80 
281 7 
281 174 
281 53 
282 1728 
282 922 
283 591 
284 506 
284 99 
284 238 
285 2 
285 124 
285 606 
286 134 
287 266 
287 923 
288 509 
288 75 
288 105 
290 4550 
292 228 
293 424 
293 519 
293 1988 
294 16 
294 3774 
294 79 
295 45 
297 305 
297 29 
298 81 
299 48 
299 629 
300 350 
300 305 
300 231 
301 389 
301 149 
301 95 
302 277 
303 458 
304 958 
304 1277 
304 484 
305 1206 
306 1057 
306 274 
309 614 
310 1726 
310 20 
310 74 
311 1434 
311 37 
311 68 
311 1605 
311 549 
313 49 
314 183 
314 845 
315 61 
315 1045 
315 22 
317 65 
317 1061 
319 762 
319 28 
319 472 
319 64 
320 242 
320 66 
321 738 
322 732 
322 217 
323 15 
323 25 
323 1371 
325 31 
325 594 
325 10 
326 944 
327 483 
327 253 
328 74 
331 59 
332 19 
333 34 
333 65 
333 42 
335 99 
336 1628 
337 2159 
338 434 
338 153 
339 50 
339 263 
339 280 
340 61 
340 345 
341 79 
342 935 
342 90 
342 60 
343 620 
344 2702 
344 2129 
345 68 
347 294 
347 1203 
347 70 
348 19 
348 1918 
348 942 
349 164 
349 359 
349 224 
350 69 
350 9 
351 547 
351 2826 
351 1077 
352 51 
352 9 
353 88 
353 314 
354 772 
355 737 
356 67 
357 460 
357 210 
357 99 
358 2292 
358 17 
358 1919 
359 991 
361 1301 
361 5 
363 38 
364 2091 
364 3189 
365 67 
365 1061 
365 35 
365 551 
367 103 
371 39 
371 78 
371 2540 
372 291 
372 125 
372 144 
373 668 
373 382 
375 189 
376 56 
376 6 
376 68 
376 99 
376 153 
376 352 
376 121 
376 18 
378 979 
379 60 
381 462 
381 23 
383 398 
384 1058 
385 507 
385 295 
385 1241 
385 9220 
385 3503 
386 14 
387 272 
388 130 
388 582 
388 41 
390 992 
391 63 
392 445 
393 150 
393 46 
393 1753 
395 255 
395 6 
396 12 
397 1680 
397 89 
397 97 
400 16 
401 1755 
403 1335 
403 11 
404 33 
404 70 
405 266 
407 61 
407 23 
408 45 
409 10 
409 354 
410 92 
414 12 
414 614 
415 69 
415 9 
415 2661 
418 113 
418 776 
419 142 
421 121 
421 43 
421 1049 
422 1642 
422 110 
422 147 
425 292 
426 21 
429 73 
429 16 
430 73 
430 718 
432 204 
432 1565 
432 852 
434 1726 
434 119 
435 7 
435 1635 
437 349 
438 674 
439 36 
439 677 
439 643 
440 120 
440 1243 
442 93 
442 463 
446 170 
447 30 
447 82 
449 180 
450 23 
451 244 
452 4 
452 3 
452 57 
452 946 
453 6214 
453 263 
454 193 
455 2 
456 141 
457 173 
458 108 
458 101 
459 76723 
459 344 
460 75 
460 80 
461 1915 
461 48 
462 83 
465 612 
467 3382 
467 23 
468 26 
469 69 
469 1413 
474 256 
475 173 
476 1727 
476 403 
477 2569 
478 243 
479 330 
481 99 
483 18 
486 174 
487 39 
487 92 
489 55 
489 1555 
489 30 
489 42435 
491 2837 
491 209 
491 63 
502 88 
503 164 
503 36 
503 31 
503 630 
504 645 
507 208 
509 21 
509 21 
509 1203 
509 146 
510 47 
510 425 
511 59 
511 309 
512 271 
513 65 
513 69 
515 116 
516 1817 
517 371 
517 273 
519 125 
520 657 
520 1100 
525 71 
527 45 
531 106 
532 1398 
532 1102 
535 678 
536 796 
536 849 
539 150 
541 908 
545 74 
546 101 
547 110 
548 783 
550 49 
550 441 
551 6 
552 236 
552 90 
553 111 
553 846 
553 49 
555 68 
555 9875 
558 130 
559 1844 
559 62 
560 671 
564 819 
565 2122 
566 1161 
567 4 
568 246 
576 145 
581 725 
581 282 
582 469 
582 129 
585 886 
586 38 
587 642 
588 965 
588 914 
589 74 
589 75 
591 668 
591 699 
592 187 
595 16 
597 509 
598 1262 
600 28 
603 1702 
603 94 
604 470 
608 8958 
611 22 
612 153 
614 46 
615 308 
619 277 
619 89 
621 14 
621 395 
626 259 
628 62 
628 3388 
629 59 
637 618 
641 150 
643 993 
643 1173 
650 89 
651 987 
652 1187 
652 86 
656 35 
657 323 
659 37 
662 371 
664 3 
667 189 
669 40 
672 95 
672 172 
675 57 
677 192 
683 1401 
686 1727 
687 40 
687 1861 
688 846 
688 83 
689 111 
690 793 
692 42 
696 120 
696 1135 
709 1702 
711 314 
711 81 
713 603 
713 9 
715 19 
716 445 
716 217 
717 717 
720 29 
727 81 
728 3511 
729 161 
731 218 
734 56 
736 39 
741 576 
741 436 
742 41 
744 56 
744 236 
745 1710 
745 279 
754 1200 
754 427 
755 34 
759 28 
760 597 
760 1101 
760 463 
762 488 
763 1074 
778 245 
780 210 
780 246 
780 86 
784 42 
785 86 
786 43 
791 9 
794 565 
795 391 
797 32 
798 1628 
803 136 
805 271 
806 2408 
807 51 
809 1279 
815 51 
819 1910 
825 1548 
829 86 
829 1410 
839 692 
845 1600 
845 111 
846 90 
853 37 
866 789 
868 30 
881 1261 
882 58 
885 125 
925 2597 
929 205 
931 542 
940 81 
951 5 
969 90 
978 745 
984 3291 
988 2053 
1013 1206 
1032 103 
1035 22 
1043 1565 
1045 151 
1057 20 
1068 1019 
1108 34 
1119 542 
1121 2729 
1127 25 
1136 101 
1144 1136 
1148 49 
1171 1843 
1171 511 
1173 63 
1173 1652 
1201 721 
1209 1646 
1218 70 
1230 71 
1250 196 
1260 427 
1260 86 
1260 1314 
1270 88 
1287 604 
1292 16 
1292 12787 
1300 1024 
1310 789 
1316 82 
1328 812 
1337 37 
1338 260 
1344 564 
1350 1578 
1350 49 
1351 184 
1354 155 
1356 1021 
1358 577 
1361 118 
1362 1622 
1366 613 
1368 202 
1369 282 
1370 43 
1370 560 
1371 93 
1372 96 
1373 2848 
1376 511 
1376 62 
1377 3375 
1380 1124 
1380 1646 
1382 450 
1383 66 
1384 246 
1384 1013 
1386 188 
1386 144 
1388 433 
1388 235 
1390 357 
1392 145 
1393 1178 
1393 466 
1395 1053 
1396 2 
1396 7 
1397 31 
1398 3692 
1403 1452 
1404 83 
1407 3276 
1409 269 
1410 31 
1410 249 
1410 1118 
1416 27 
1417 2 
1422 103 
1424 63 
1426 154 
1433 487 
1434 54 
1445 622 
1445 44 
1447 552 
1448 528 
1450 48 
1450 890 
1451 1838 
1452 55 
1453 19 
1454 357 
1455 352 
1456 112 
1456 26 
1462 2023 
1462 85 
1466 2654 
1466 1140 
1467 2594 
1468 1263 
1477 261 
1479 1330 
1485 531 
1493 367 
1495 2006 
1497 10 
1504 299 
1510 503 
1513 1158 
1522 44 
1529 250 
1530 14 
1534 837 
1536 379 
1538 144 
1550 1546 
1558 33 
1579 17 
1581 519 
1590 185 
1596 17 
1597 475 
1602 20 
1605 179 
1607 32 
1607 30 
1609 19 
1625 57 
1626 3450 
1626 17 
1628 696 
1634 221 
1635 100 
1645 30 
1665 1412 
1670 788 
1676 52 
1680 1738 
1683 155 
1694 59 
1696 563 
1704 177 
1708 766 
1715 14 
1720 485 
1722 40 
1724 7527 
1732 0 
1732 295 
1734 1219 
1740 287 
1745 90 
1747 323 
1759 55 
1769 6 
1774 901 
1777 1272 
1777 108 
1781 314 
1782 11634 
1787 1231 
1787 749 
1788 1327 
1793 39 
1793 1067 
1807 11 
1810 331 
1832 474 
1833 69 
1836 65 
1844 453 
1852 37 
1863 2600 
1868 3223 
1884 55 
1889 880 
1916 432 
1918 110 
1928 270 
1929 1759 
1942 175 
1958 199 
1960 862 
1962 6292 
1962 67 
1962 2168 
1965 160 
1966 431 
1966 2498 
1968 14 
1970 20 
1971 538 
1971 6 
1971 918 
1971 435 
1972 926 
1973 810 
1973 579 
1974 604 
1975 327 
1975 1139 
1976 610 
1978 2174 
1979 910 
1980 1203 
1984 543 
1984 253 
1987 385 
1988 297 
1990 799 
1991 33 
1992 5 
1994 991 
1995 9 
1995 27 
1996 7 
1996 382 
1997 1085 
1997 23 
2001 173 
2001 150 
2002 108 
2003 2605 
2005 3833 
2005 4 
2006 94 
2006 216 
2007 978 
2012 1324 
2013 201 
2013 469 
2015 21 
2015 77 
2016 63 
2016 616 
2017 629 
2018 312 
2021 7 
2022 800 
2026 101 
2029 655 
2030 281 
2030 234 
2032 34 
2033 37 
2035 3274 
2035 178 
2035 83 
2035 1378 
2036 22 
2037 197 
2038 160 
2038 1038 
2038 1 
2042 484 
2043 758 
2045 724 
2046 221 
2049 585 
2049 1304 
2050 72 
2055 643 
2055 209 
2055 256 
2059 4 
2060 892 
2063 152 
2064 35 
2066 99 
2068 566 
2069 177 
2074 82 
2077 57 
2078 379 
2079 3647 
2083 657 
2084 641 
2086 20 
2086 149 
2089 124 
2090 580 
2090 191 
2099 5765 
2101 1236 
2102 32 
2102 1838 
2105 164 
2107 114 
2115 28 
2125 57 
2125 599 
2127 231 
2140 456 
2146 82 
2151 382 
2152 1030 
2159 1919 
2165 9 
2166 80 
2166 934 
2167 57 
2168 1255 
2175 31 
2180 80 
2180 28 
2185 17 
2186 404 
2186 434 
2188 1421 
2188 42 
2196 550 
2197 963 
2200 331 
2202 1079 
2217 23 
2219 1252 
2220 15 
2222 1201 
2223 8234 
2237 1042 
2241 1471 
2247 758 
2263 444 
2267 346 
2275 711 
2299 284 
2320 17 
2323 164 
2327 1211 
2344 4 
2350 64 
2353 31 
2359 138 
2359 86 
2360 86 
2381 33 
2381 2931 
2384 68 
2403 27 
2407 786 
2420 708 
2422 19 
2441 2575 
2447 321 
2464 3233 
2476 1 
2478 410 
2493 62 
2508 1980 
2532 22 
2553 528 
2572 14 
2573 336 
2586 743 
2590 66 
2597 470 
2603 1110 
2603 958 
2619 1221 
2632 413 
2632 867 
2644 14 
2657 82 
2661 89 
2680 261 
2705 9110 
2712 215 
2713 62 
2738 2286 
2739 128 
2743 111 
2749 585 
2764 1484 
2766 510 
2770 47 
2772 22 
2772 436 
2779 311 
2813 41 
2840 1740 
2855 32 
2926 1233 
2928 644 
2930 900 
2940 532 
2971 2107 
2976 490 
2995 403 
2995 403 
2998 309 
2998 309 
3012 274 
3012 274 
3015 946 
3015 946 
3024 43 
3024 43 
3025 27 
3025 27 
3026 15 
3026 15 
3048 397 
3048 397 
3058 130 
3072 11 
3073 41 
3091 0 
3142 538 
3146 218 
3148 132 
3154 519 
3210 3824 
3237 253 
3245 782 
3267 22 
3284 472 
3305 41 
3326 83 
3332 483 
3354 394 
3390 744 
3399 57 
3441 120 
3442 918 
3447 566 
3469 97 
3470 7 
3485 715 
3491 77 
3503 381 
3526 45 
3540 14 
3556 347 
3559 683 
3580 224 
3608 1300 
3629 66 
3635 20 
3636 2337 
3645 47 
3646 145 
3652 544 
3652 71 
3657 716 
3666 2167 
3669 3174 
3678 53 
3688 676 
3703 1073 
3718 704 
3760 239 
3777 131 
3787 26 
3790 506 
3805 1068 
3815 770 
3816 30 
3826 1421 
3827 156 
3843 950 
3852 531 
3862 429 
3867 2153 
3873 1143 
3903 1661 
3916 89 
3919 9069 
3937 209 
3939 1250 
3943 169 
3962 67 
3964 268 
3968 201 
3974 286 
4008 1597 
4010 664 
4024 93 
4033 45 
4060 1179 
4060 32 
4090 5 
4126 1582 
4127 70 
4139 377 
4166 79 
4176 1499 
4179 211 
4184 1172 
4193 9 
4195 524 
4228 152 
4270 324 
4271 2762 
4281 26 
4282 34 
4290 196 
4310 83 
4313 7 
4325 5 
4335 86 
4341 1529 
4392 141 
4437 68 
4487 95 
4492 1076 
4547 225 
4558 1200 
4615 1138 
4657 861 
4679 1467 
4683 3941 
4698 380 
4887 91 
4925 44 
4991 608 
4992 290 
5002 979 
5023 1385 
5042 943 
5090 921 
5098 169 
5176 551 
5179 687 
5204 688 
5207 584 
5222 79 
5232 48 
5235 741 
5270 84 
5297 1092 
5324 134 
5391 640 
5395 28 
5512 192 
5549 1897 
5550 71 
5552 175 
5563 336 
5599 1681 
5606 2297 
5624 256 
5627 38 
5633 1401 
5651 56 
5654 47 
5700 7 
5705 14 
5707 312 
5724 637 
5725 45 
5841 299 
5859 1345 
5889 64 
5900 295 
5914 34 
5938 1378 
5992 3921 
6014 25 
6027 300 
6107 18 
6125 1034 
6143 4504 
6148 469 
6194 1073 
6209 105 
6223 430 
6245 729 
6249 233 
6271 886 
6277 466 
6298 152 
6387 382 
6389 659 
6434 708 
6440 1263 
6450 498 
6455 158 
6462 200 
6516 2247 
6567 7 
6650 91 
6682 642 
6693 180 
6725 21 
6746 258 
6777 622 
6780 381 
6781 694 
6831 1910 
6831 304 
6881 347 
6920 383 
7017 1735 
7033 224 
7037 527 
7062 2960 
7064 25367 
7164 277 
7193 693 
7306 902 
7312 53 
7344 7 
7349 507 
7393 3782 
7444 554 
7477 40 
7482 49 
7635 468 
7668 1121 
7685 170 
7702 735 
7755 7900 
7818 2356 
7848 120 
7883 609 
7963 2576 
7964 92 
7972 1067 
7982 20 
7985 1130 
8096 20 
8124 49 
8124 209 
8155 6517 
8172 237 
8309 501 
8318 332 
8318 10 
8330 707 
8387 81 
8571 205 
8763 652 
8858 88 
8874 301 
8925 1329 
8978 2037 
9053 304 
9126 463 
9137 1932 
9228 1941 
9260 207 
9417 242 
9467 2351 
9491 836 
9729 1039 
9780 1074 
9825 388 
9844 407 
9913 532 
9913 172 
10106 1114 
10346 30 
10368 802 
10385 813 
10444 738 
10517 995 
10679 1935 
10724 2899 
10764 618 
10788 119 
10856 550 
10910 171 
10952 1107 
10989 33 
11066 136 
11174 3232 
11430 78 
11570 1061 
11607 7 
11639 877 
11650 3556 
11764 460 
12297 7 
12322 1218 
12374 341 
12418 139 
12498 709 
12507 1243 
12541 33 
12546 2441 
12765 834 
12808 754 
12979 309 
12987 178 
13374 886 
13506 1030 
13515 54 
13563 19 
13627 829 
13812 1468 
13834 439 
13919 822 
13938 446 
14399 5 
14452 1230 
14473 1010 
14497 1884 
14637 1008 
14879 913 
14991 42 
15230 1522 
15331 123 
15535 590 
15647 11 
15784 2399 
16052 806 
16326 1054 
16609 46 
16710 3411 
16784 137 
16803 644 
17225 263 
17765 1053 
18061 222 
18098 892 
18513 129 
18591 3699 
18695 1688 
18994 199 
19077 136 
19162 286 
19431 886 
19782 1343 
19882 42 
19922 45 
19932 733 
20552 223 
21118 431 
22026 43 
22551 1124 
22923 2048 
23078 1243 
23427 1649 
23461 1248 
23571 122 
24638 1234 
25022 22 
25089 461 
25253 6 
25515 153 
25536 68 
25710 815 
26509 30 
27284 462 
27562 654 
27758 678 
29280 160 
30720 30 
33854 259 
34158 1460 
34665 915 
34739 6 
35749 620 
35761 240 
36412 417 
36688 923 
36819 391 
37081 580 
37617 1332 
38061 394 
38269 1105 
38511 703 
38612 172 
38620 1374 
38714 1143 
39125 2765 
39296 255 
39502 137 
40006 413 
40008 1500 
40076 458 
40108 14048 
40139 121 
40163 337 
40291 1483 
40490 81 
40578 189 
40633 22 
40802 1489 
41027 1132 
41367 463 
41496 2550 
42202 713 
42418 124 
42419 65 
42446 170 
42864 44 
43126 713 
43307 95 
43414 2 
43433 18 
43557 1064 
43632 341 
43814 1342 
43862 2282 
43964 274 
43984 740 
43991 1294 
44029 2670 
44052 106 
44081 250 
44095 550 
44266 76 
44469 771 
44497 1437 
44605 4 
44631 726 
44635 48 
44756 107 
44861 87 
44886 181 
44959 1571 
45114 164 
45192 259 
45321 201 
45512 82 
45624 465 
45656 22 
45910 139 
45942 19 
46368 383 
46432 688 
46485 1025 
46557 1086 
46666 1910 
46723 964 
46767 1038 
46835 1001 
46922 1045 
46950 27 
47292 3523 
47292 3523 
47437 641 
47565 850 
47585 190 
47630 49 
47856 1643 
47892 14 
47986 2605 
48210 1377 
48277 374 
48559 457 
48595 1139 
48601 110 
48617 395 
48731 2491 
48828 2591 
48910 212 
49103 425 
49305 274 
49309 189 
49348 260 
49707 31 
49744 1277 
49797 356 
50013 338 
50086 772 
50249 9 
50364 319 
50398 893 
50586 403 
50664 1370 
50803 2264 
50867 42 
50912 1481 
50991 1055 
51034 416 
51126 1582 
51169 863 
51218 515 
51286 1005 
51315 174 
51439 1176 
51630 599 
51669 226 
52073 141 
52343 5 
52769 306 
52796 116 
52846 162 
53062 1373 
53699 1348 
53801 240 
53937 660 
54024 1121 
54069 134 
54155 128 
54322 254 
54372 532 
54436 398 
54474 467 
54475 3602 
54506 168 
54673 1156 
55486 28 
55673 501 
55784 2 
55968 74 
56060 288 
56234 348 
56578 11262 
56804 158 
56874 489 
57377 1418 
57398 10 
57410 1838 
57641 1373 
57821 468 
58373 954 
58589 502 
58636 2014 
58662 2495 
59042 7 
59203 7 
59306 2721 
59336 1578 
59563 674 
59610 41 
59670 351 
59697 150 
60097 297 
60578 958 
60666 220 
60778 939 
61387 601 
61765 3571 
62119 44 
62373 933 
62384 3388 
62536 525 
62874 130 
63029 341 
63138 146 
63290 779 
63743 1123 
63932 1621 
63933 98 
64854 168 
65082 481 
65316 1051 
65459 33 
65663 2913 
66196 232 
67128 80 
67258 106 
67347 212 
67352 320 
67456 927 
67612 18 
67954 591 
68119 2409 
68308 34 
68608 386 
68906 422 
69228 94 
69269 134 
69433 68 
69824 787 
70077 97 
70472 2450 
70897 5584 
71066 890 
72082 27310 
72119 1041 
72302 1179 
73688 57 
73926 205 
74039 5609 
74353 211 
74741 167 
74848 155 
75791 241 
75845 198 
76157 514 
76470 457 
77259 493 
77359 2444 
77580 1050 
77663 1228 
77666 787 
78217 540 
78808 1103 
79080 1497 
79385 948 
79402 1763 
79665 72 
80129 666 
80421 888 
80440 292 
80447 1095 
80856 66 
81593 33 
81773 688 
81856 222 
81976 39 
82021 487 
82167 264 
82281 2 
82345 179 
82353 14 
82458 229 
82837 296 
83239 397 
83560 768 
83637 376 
84023 1200 
84427 1887 
84819 56 
85130 454 
85165 2 
85167 655 
85201 992 
85277 16 
85398 900 
85729 430 
86015 340 
86265 18 
87158 571 
87165 30 
87185 499 
87535 3329 
87564 35 
87854 135 
87910 73 
87973 16 
88285 56 
89069 260 
91750 248 
92077 1474 
92992 141 
93133 73 
93670 218 
93800 5187 
95186 165 
95432 116 
95442 195 
97750 1469 
98140 41 
99320 1030 
103464 1732 
103566 32 
105168 1249 
106059 1962 
109608 1427 
111693 1123 
123761 19 
124021 27 
124107 342 
124126 2419 
128202 801 
128842 1832 
131512 566 
134019 42 
138299 868 
138389 2068 
140554 34 
141051 145 
141573 1657 
142542 429 
143731 25 
143849 42 
150127 218 
152058 1449 
153465 1096 
155089 1624 
155109 277 
155487 149 
156917 13 
157755 9 
157907 94 
158167 41 
160563 39 
160700 158 
161079 242 
161789 561 
162592 42 
164408 0 
165112 175 
165297 88 
167170 1343 
167176 20 
167359 510 
167869 349 
167950 93 
167981 207 
169015 13 
169258 561 
170012 802 
170905 1452 
171766 1241 
174792 62 
178556 499 
179229 1371 
180504 43 
183119 985 
184323 2054 
187913 1446 
193320 291 
201160 1387 
210300 197 
217731 363 
227727 63 
228790 554 
232167 13010 
232191 1619 
232237 109 
232412 2463 
236164 130 
238005 79 
238213 1285 
241415 942 
241621 68 
244561 54 
249532 1484 
251045 393 
252984 1067 
253072 323 
255669 1414 
257370 401 
259200 95 
263090 4884 
263528 426 
264926 668 
266729 474 
267968 76 
269265 227 
269512 1807 
271484 226 
282008 480 
282441 146 
285767 1073 
323017 1398 
323059 303 
325919 565 
328546 211 
333050 970 
340893 1161 
345305 47 
346685 35 
346926 316 
348049 101 
349059 1835 
369286 1434 
374582 959 
376755 1045 
381816 175 
388692 20184 
389446 134 
416549 1062 
421023 1609 
430798 35 
434748 1001 
457715 1048 
465919 2508 
505419 1066 
506272 585 
510934 819 
565409 10 
603876 1071 
603876 1071 
604182 183 
