6832 6.02974537037
0 8294201 
7 411 
8 487 
9 591 
11 751 
12 1640 
13 83 
14 109 
15 440 
16 6270 
17 200 
17 216 
18 393 
21 331 
23 64 
23 127 
24 259 
25 230 
25 2544 
26 176 
28 263 
28 57 
29 79 
29 174 
30 2118 
34 113 
34 186 
36 567 
37 75 
40 74 
40 102 
41 160 
41 1023 
43 2325 
44 28 
45 391 
46 20 
46 14 
47 631 
47 216 
48 20 
48 65 
48 349 
50 387 
51 352 
51 673 
51 90 
52 1437 
53 199 
56 154 
57 372 
58 250 
58 155 
59 193 
59 100 
60 72 
60 846 
60 3717 
62 74 
63 1233 
63 0 
63 147 
64 142 
65 103 
66 1813 
66 151 
67 507 
67 150 
67 433 
68 252 
68 405 
69 98 
70 92 
70 873 
71 1011 
72 159 
73 72 
75 415 
75 675 
76 124 
77 380 
77 152 
77 97 
79 787 
79 146 
80 182 
80 251 
82 56 
82 211 
83 186 
83 305 
83 203 
83 337 
83 286 
84 62 
85 306 
86 20 
87 71 
87 135 
87 26 
88 172 
88 169 
88 63 
89 195 
90 211 
91 152 
91 357 
92 78 
92 729 
92 2 
92 107 
93 956 
93 30 
93 109 
93 108 
94 92 
95 602 
95 204 
95 51 
97 263 
97 231 
97 89 
97 76 
97 318 
97 94 
98 45 
98 81 
99 65 
99 1271 
100 1146 
100 691 
102 317 
102 2080 
102 72 
102 323 
102 354 
103 187 
103 103 
104 80 
104 476 
104 184 
105 969 
105 67 
106 242 
106 722 
106 209 
106 526 
106 163 
107 139 
109 431 
109 3487 
109 37 
109 67 
109 52 
110 73 
110 88 
111 4870 
111 47 
111 105 
111 689 
111 4558 
112 480 
112 66 
113 102 
115 466 
115 203 
115 52 
115 138 
115 117 
116 135 
116 39 
116 858 
117 478 
117 16 
117 219 
117 1295 
118 183 
118 216 
119 1036 
120 139 
120 1606 
120 227 
120 168 
120 105 
120 265 
121 195 
121 154 
122 1372 
122 74 
122 88 
122 666 
122 241 
123 85 
124 117 
125 151 
126 11 
126 2 
126 195 
128 37 
128 85 
128 86 
128 79 
128 412 
129 218 
129 829 
129 2131 
130 999 
131 370 
132 31 
132 83 
132 1088 
133 200 
133 330 
133 1535 
134 71 
134 199 
134 9309 
134 247 
134 70 
134 78 
134 1118 
135 1030 
135 91 
135 47 
135 143 
135 486 
136 38 
136 491 
136 197 
137 4292 
138 430 
138 997 
138 325 
139 240 
141 79 
141 151 
141 6575 
141 89 
142 86 
142 261 
142 198 
143 330 
143 396 
144 672 
144 651 
144 531 
144 174 
145 167 
145 33 
145 16 
146 444 
146 876 
146 1042 
146 300 
146 39 
146 45 
147 25 
147 127 
147 355 
147 327 
147 304 
148 227 
148 5 
148 389 
148 36 
148 36 
148 175 
148 338 
149 149 
149 206 
150 196 
150 560 
150 229 
151 268 
151 66 
151 504 
151 292 
152 166 
152 373 
152 673 
152 22 
152 48 
153 266 
153 92 
154 101 
154 508 
154 6726 
154 70 
154 188 
154 170 
155 86 
155 223 
155 95 
156 113 
156 379 
156 206 
156 259 
156 220 
157 257 
157 526 
157 257 
157 67 
158 337 
159 157 
159 110 
159 4116 
159 257 
160 360 
161 969 
161 295 
161 110 
162 505 
162 18 
163 43 
163 627 
163 147 
163 1088 
164 689 
165 23 
165 66 
165 571 
165 36 
165 225 
165 35 
165 17 
165 327 
165 188 
166 73 
166 334 
166 1952 
166 772 
167 698 
167 721 
167 529 
168 244 
168 57 
168 338 
168 20 
168 286 
168 75 
169 2588 
169 136 
169 79 
169 672 
170 74 
170 179 
171 85 
171 13 
171 5661 
172 147 
172 59 
173 1866 
173 421 
173 91 
173 89 
174 395 
174 1000 
174 671 
174 706 
175 237 
175 163 
175 139 
176 259 
176 251 
177 186 
177 138 
177 380 
178 314 
178 167 
179 4699 
179 3992 
179 365 
179 257 
180 1384 
181 1184 
181 44 
181 369 
181 1567 
182 84 
182 197 
183 204 
183 169 
183 863 
183 17 
184 85 
184 154 
184 53 
184 277 
184 466 
185 1162 
185 195 
185 44 
185 204 
187 214 
187 453 
187 95 
187 132 
188 276 
188 638 
189 103 
189 44 
189 377 
190 312 
190 163 
191 97 
192 115 
192 184 
192 56 
192 117 
192 35 
193 567 
193 69 
193 158 
193 362 
193 653 
194 229 
195 2293 
195 172 
195 411 
196 1805 
196 1276 
196 326 
196 61 
197 184 
197 150 
197 497 
198 754 
198 361 
199 521 
199 57 
199 235 
200 679 
200 1343 
201 1535 
201 134 
202 655 
202 1378 
202 232 
203 164 
203 31 
203 23 
203 44573 
205 246 
205 184 
205 101 
205 246 
205 168 
206 60 
206 33 
207 286 
207 47 
207 64 
207 719 
207 73 
207 831 
207 597 
208 128 
208 113 
208 132 
208 606 
208 108 
209 4643 
209 539 
211 408 
211 104 
212 994 
212 272 
213 99 
213 1929 
213 239 
213 479 
214 128 
214 423 
215 805 
215 330 
215 1200 
215 89 
215 46 
215 252 
215 45 
216 154 
216 601 
217 1129 
217 247 
217 204 
218 53 
218 899 
219 567 
219 20 
219 533 
219 1712 
220 1072 
220 193 
220 85 
221 160 
221 111 
222 93 
222 599 
222 151 
223 130 
223 45 
223 7828 
224 148 
224 175 
225 161 
225 96 
227 149 
228 40 
228 257 
229 208 
229 200 
229 46 
229 726 
230 3 
231 585 
231 234 
231 209 
232 122 
233 38 
234 439 
234 813 
234 1154 
234 76 
235 76 
235 62 
235 132 
235 105 
235 126 
237 304 
237 453 
237 383 
237 42 
238 3642 
239 81 
239 334 
239 224 
240 262 
240 355 
240 508 
240 118 
240 135 
241 415 
241 115 
241 462 
241 569 
241 837 
242 74 
242 47 
243 1220 
243 1771 
243 2771 
245 161 
245 236 
246 312 
246 1645 
246 202 
247 145 
247 123 
248 138 
248 124 
248 657 
249 1644 
249 95 
250 92 
250 66 
250 159 
250 368 
250 143 
251 51 
251 130 
251 602 
252 313 
252 76 
252 857 
252 551 
253 896 
253 455 
254 13 
255 11 
255 446 
257 377 
257 602 
257 89 
258 173 
258 73 
258 461 
258 486 
259 237 
260 278 
260 431 
260 646 
261 406 
261 109 
261 80 
262 488 
262 390 
262 38 
262 120 
263 922 
263 1166 
263 123 
264 334 
264 220 
264 1022 
264 112 
264 250 
264 608 
264 149 
265 298 
265 305 
265 147 
266 2990 
266 18 
267 591 
267 950 
267 433 
267 36 
268 195 
268 365 
269 115 
269 583 
269 493 
270 206 
270 786 
270 4622 
271 209 
271 451 
271 347 
271 217 
271 532 
271 36 
271 261 
271 304 
271 1109 
272 763 
273 217 
273 90 
273 130 
274 73 
274 1005 
274 167 
275 1136 
275 241 
276 271 
277 624 
277 688 
278 63 
278 194 
279 87 
279 104 
279 165 
280 149 
281 900 
281 118 
281 162 
282 1642 
282 815 
282 279 
283 128 
283 70 
283 70 
283 339 
283 49 
285 89 
285 87 
286 71 
286 177 
286 285 
286 550 
286 282 
287 664 
287 51 
287 750 
288 4999 
288 346 
289 2040 
289 685 
289 342 
289 35 
289 100 
290 930 
290 130 
290 242 
291 226 
291 298 
291 860 
292 1195 
292 117 
292 32 
294 2233 
294 75 
294 114 
295 762 
295 129 
295 229 
295 1128 
296 7 
296 235 
297 2501 
297 1293 
297 319 
298 414 
298 43 
298 196 
298 43 
298 334 
300 207 
300 28 
301 530 
302 435 
302 359 
303 248 
304 126 
304 29224 
306 565 
307 954 
307 116 
307 6354 
307 67 
307 57 
308 30 
308 396 
308 47 
308 27 
309 1045 
309 239 
309 932 
309 6486 
310 2000 
310 688 
310 1487 
310 995 
311 633 
311 536 
312 196 
312 166 
312 1127 
312 477 
313 262 
314 100 
314 665 
314 797 
314 1820 
314 94 
315 113 
315 518 
315 17 
316 49 
316 270 
316 103 
316 82 
317 160 
317 7459 
318 166 
318 575 
319 407 
320 5753 
320 418 
320 145 
321 491 
321 150 
321 1 
322 6311 
322 324 
322 1952 
323 245 
323 373 
326 734 
326 44 
326 1578 
327 106 
328 198 
328 2247 
328 89 
329 393 
330 463 
330 173 
330 102 
330 2878 
330 116 
330 495 
331 231 
331 45 
332 474 
333 53 
333 92 
333 433 
334 603 
334 896 
334 224 
334 1524 
335 22 
335 288 
337 48 
337 97 
338 540 
338 171 
339 49 
339 113 
340 371 
340 592 
340 418 
340 2841 
341 229 
341 474 
341 802 
342 162 
343 298 
343 35 
344 1203 
346 1147 
346 731 
347 624 
347 0 
347 465 
348 340 
348 1052 
349 320 
349 193 
349 77 
350 268 
350 1037 
350 502 
350 97 
351 238 
351 76 
352 3506 
352 426 
353 141 
353 635 
353 73 
353 118 
354 210 
354 1064 
354 709 
355 37 
355 444 
357 94 
358 344 
358 2307 
358 621 
359 3 
359 120 
359 3740 
360 185 
361 1954 
361 968 
361 32 
362 947 
363 32 
363 36 
363 130 
363 1612 
364 136 
366 839 
366 151 
366 56 
367 156 
367 60 
367 75 
368 242 
368 791 
368 735 
368 79 
368 1296 
369 156 
369 310 
369 315 
370 13 
370 23 
371 188 
372 298 
373 62 
373 100 
374 247 
374 99 
374 109 
375 888 
375 71 
376 798 
376 46 
376 763 
377 40 
377 101 
377 1638 
377 280 
377 53 
378 229 
378 863 
378 381 
378 74 
378 218 
379 158 
379 57 
379 120 
379 746 
380 92 
380 87 
381 2827 
382 3021 
383 591 
383 157 
384 695 
385 116 
386 154 
386 57 
387 151 
387 141 
388 287 
388 847 
388 149 
389 62 
389 30 
389 183 
390 1663 
391 1671 
392 289 
393 42 
393 184 
393 101 
393 129 
393 103 
394 703 
394 233 
394 260 
395 393 
395 214 
395 2258 
396 366 
396 1179 
396 972 
397 28 
398 141 
399 56 
400 76 
401 188 
401 27 
401 1789 
401 137 
402 193 
402 49 
402 223 
403 4184 
404 96 
404 76 
405 117 
405 196 
406 2892 
406 864 
406 2469 
407 381 
407 62 
407 48460 
407 1 
408 193 
408 298 
409 727 
409 5964 
410 84 
411 156 
411 400 
412 64 
412 25 
412 598 
412 540 
412 508 
413 527 
413 779 
414 1000 
414 4844 
414 74 
414 2232 
415 351 
416 133 
416 184 
417 183 
417 152 
417 1212 
417 556 
417 572 
419 463 
419 82 
419 107 
421 540 
421 1243 
421 33 
422 10567 
422 55 
422 675 
423 199 
423 32 
424 194 
424 135 
424 215 
424 230 
424 603 
425 307 
425 174 
425 324 
426 225 
427 220 
427 150 
428 608 
428 324 
428 151 
429 143 
429 85 
430 139 
431 964 
431 114354 
431 86 
432 866 
433 585 
433 96 
434 85 
434 218 
434 853 
435 158 
435 348 
435 8469 
436 270 
436 114 
437 111 
438 153 
438 736 
439 325 
439 670 
440 278 
440 80 
440 266 
441 138 
441 549 
441 758 
442 1105 
442 126 
443 51 
443 300 
444 437 
444 772 
445 223 
446 178 
447 148 
447 39 
447 931 
448 1375 
449 212 
450 1931 
450 964 
450 513 
451 622 
451 371 
451 423 
451 208 
452 134 
452 1560 
453 209 
453 381 
453 525 
453 37 
454 269 
454 294 
455 484 
455 357 
455 2098 
455 270 
455 265 
456 588 
457 577 
459 75 
459 390 
460 748 
460 83 
460 170 
460 792 
460 290 
460 282 
461 185 
461 714 
461 169 
462 658 
462 1560 
463 354 
464 410 
464 452 
465 322 
465 123 
466 266 
466 180 
467 974 
467 2192 
468 339 
468 151 
468 219 
468 414 
469 671 
469 1807 
470 111 
472 134 
472 457 
472 327 
472 72 
474 182 
474 406 
475 178 
475 380 
475 1554 
478 209 
479 504 
480 222 
480 426 
480 448 
481 381 
481 187 
483 695 
484 129 
484 64 
484 409 
486 477 
486 217 
486 498 
487 181 
487 927 
487 889 
487 984 
488 178 
488 167 
489 40 
489 492 
489 95 
490 151 
491 396 
491 486 
492 301 
492 14 
493 1755 
493 119 
495 218 
495 399 
496 35 
497 35 
498 292 
499 115 
499 488 
499 210 
499 54 
500 236 
501 223 
501 445 
502 196 
502 150 
503 522 
505 408 
505 118 
507 39 
507 462 
509 113 
509 649 
509 138 
510 155 
510 53 
511 98 
511 358 
512 516 
512 11 
512 211 
513 667 
513 481 
513 162 
513 422 
514 89 
515 1947 
515 640 
516 303 
517 333 
517 867 
517 329 
517 695 
518 276 
518 366 
518 1040 
518 268 
518 286 
519 945 
520 276 
520 126 
521 272 
521 171 
521 267 
522 207 
523 460 
524 171 
525 513 
526 127 
526 739 
527 465 
529 113 
530 1242 
530 130 
531 315 
532 100 
532 369 
533 79 
533 2240 
533 251 
534 71 
534 639 
535 222 
537 359 
538 246 
539 404 
539 228 
540 81 
541 77 
541 1992 
543 145 
544 181 
544 397 
544 122 
544 369 
546 641 
547 1311 
547 198 
547 1049 
548 156 
548 92 
549 380 
550 240 
550 79 
550 135 
551 439 
551 4474 
553 805 
553 12 
553 96 
554 553 
555 164 
556 246 
556 210 
557 478 
558 219 
559 255 
559 232 
561 841 
561 790 
562 391 
562 26 
563 142 
564 512 
564 174 
564 315 
565 57 
567 176 
567 260 
569 223 
569 123 
569 663 
569 189 
570 498 
571 212 
571 157 
571 446 
571 689 
571 874 
572 333 
572 4 
572 546 
572 160 
573 114 
573 334 
574 2231 
576 2411 
576 30 
577 420 
577 35 
577 259 
577 1366 
577 6210 
578 63 
578 2068 
579 392 
579 82 
579 139 
580 96 
580 322 
580 221 
580 241 
581 280 
581 199 
582 83 
582 57 
583 39 
583 120 
583 681 
583 843 
583 136 
584 266 
585 23 
585 779 
586 1593 
587 2666 
587 237 
588 213 
589 275 
589 134 
589 47 
589 58 
590 235 
590 143 
591 133 
591 55 
592 524 
592 73 
593 77 
593 193 
593 382 
594 383 
594 498 
594 44 
594 144 
596 108 
596 170 
597 77 
597 553 
597 923 
598 220 
600 957 
601 253 
602 336 
604 506 
604 340 
604 153 
604 303 
604 67 
605 25 
605 636 
605 116 
606 107 
607 145 
607 695 
609 987 
609 4121 
610 37 
612 1463 
612 329 
612 331 
613 102 
614 431 
615 208 
615 159 
616 94 
616 592 
616 211 
617 233 
617 151 
617 216 
617 324 
618 127 
619 356 
619 318 
619 30 
619 270 
619 366 
619 768 
620 39 
620 437 
621 253 
621 42 
622 259 
622 201 
624 83 
624 142 
626 83 
627 84 
628 1144 
628 2432 
629 68 
629 11 
630 98 
630 72 
630 446 
631 487 
631 164 
631 733 
631 242 
632 164 
633 75 
633 7078 
633 232 
633 237 
635 297 
635 572 
636 139 
637 805 
638 220 
638 228 
638 1007 
639 187 
640 171 
640 144 
640 9483 
641 61 
641 169 
641 365 
643 109 
645 126 
646 31 
648 61 
648 410 
649 235 
649 185 
649 229 
650 248 
651 75 
651 329 
652 119 
653 405 
653 180 
654 297 
654 86 
654 2 
656 256 
656 130 
656 810 
656 1844 
657 322 
657 174 
658 1772 
658 133 
658 293 
659 839 
660 29 
660 158 
661 1723 
661 249 
662 124 
664 197 
664 6537 
665 99 
665 112 
665 120 
665 590 
666 106 
666 489 
666 251 
669 675 
671 55 
672 300 
672 137 
672 129 
672 963 
674 346 
675 202 
675 161 
675 587 
677 1730 
679 219 
679 195 
680 524 
680 540 
681 40814 
681 218 
681 170 
682 405 
682 2420 
683 135 
683 2530 
683 404 
683 58 
684 1257 
685 226 
687 506 
687 104 
687 267 
688 128 
688 520 
688 357 
689 336 
691 260 
692 157 
693 109 
693 148 
693 297 
693 73 
693 232 
693 368 
693 627 
694 12794 
694 136 
694 499 
694 727 
695 733 
695 704 
696 61 
696 42 
696 2995 
697 799 
697 102 
700 655 
700 319 
701 865 
701 354 
701 390 
701 257 
702 420 
702 614 
703 23 
704 390 
705 96 
705 85 
705 42 
706 178 
707 610 
707 775 
707 490 
708 246 
709 220 
711 357 
712 197 
715 1171 
715 117 
715 97 
716 489 
719 461 
720 122 
720 467 
720 495 
721 123 
721 160 
721 151 
722 395 
722 123 
722 354 
723 200 
724 474 
725 347 
725 1573 
725 292 
726 303 
728 63 
728 118 
728 635 
729 63 
729 787 
729 201 
730 39 
731 8 
731 168 
731 0 
732 332 
733 1041 
733 250 
736 181 
739 198 
740 458 
740 10 
740 648 
740 332 
741 31 
743 165 
743 270 
745 168 
745 493 
745 276 
746 229 
746 46 
748 7287 
748 168 
749 2295 
750 292 
751 3722 
752 341 
752 71 
753 157 
754 273 
754 564 
755 64 
756 36 
756 258 
757 415 
758 1885 
758 851 
758 87 
760 159 
760 152 
761 90 
761 75 
763 151 
764 388 
765 62 
766 954 
766 4355 
766 698 
767 57 
768 71 
769 199 
770 1570 
772 3724 
773 240 
773 1045 
774 616 
775 121 
776 1169 
776 2434 
776 5352 
777 240 
778 98 
778 193 
779 620 
779 174 
779 399 
779 40 
780 37 
780 42 
780 59 
780 177 
782 70 
782 268 
782 790 
783 754 
783 331 
784 369 
785 932 
785 703 
786 110 
787 335 
787 335 
787 34 
790 123 
790 601 
790 46 
791 174 
793 121 
793 73 
794 593 
795 106 
795 1613 
795 100 
796 186 
797 861 
798 83 
798 344 
799 36 
799 204 
800 247 
800 1105 
801 348 
801 174 
802 0 
802 97 
802 172 
803 1091 
804 181 
804 442 
805 764 
806 711 
807 50 
807 555 
808 301 
809 446 
810 97 
811 27 
811 102 
813 252 
813 211 
815 603 
815 418 
817 230 
819 226 
820 90 
820 1155 
821 4020 
822 434 
823 39 
826 43 
826 409 
827 1865 
827 342 
828 60 
829 138 
836 264 
837 130 
837 528 
837 37 
839 631 
840 92 
840 79 
840 874 
840 177 
841 231 
842 24 
843 874 
844 290 
844 1122 
845 457 
845 209 
846 26 
848 156 
849 357 
849 1066 
850 561 
850 29 
850 60 
851 397 
851 465 
852 43 
852 953 
853 339 
854 1102 
855 812 
856 137 
856 336 
856 182 
856 397 
856 702 
857 1356 
858 1327 
859 145 
860 1261 
860 1117 
863 30 
865 387 
865 495 
866 712 
866 330 
866 160 
866 199 
868 237 
869 169 
870 28 
872 10 
873 513 
873 358 
875 151 
875 81 
877 81 
878 187 
878 2435 
880 66 
880 459 
881 113 
882 1429 
882 165 
885 117 
885 197 
885 564 
886 646 
887 1113 
887 223 
889 1165 
890 244 
890 214 
891 241 
892 452 
892 158 
894 418 
895 398 
895 119 
897 91 
897 160 
899 458 
900 847 
902 306 
904 85 
906 763 
906 73 
907 358 
908 108 
910 483 
912 61 
913 212 
913 433 
916 132 
917 98 
918 463 
919 981 
920 310 
920 246 
921 85 
922 1334 
922 342 
924 1488 
925 338 
925 392 
926 110 
927 89 
929 2468 
933 75 
933 449 
935 727 
935 1474 
940 98 
942 141 
942 551 
943 418 
944 732 
947 799 
949 358 
950 948 
950 103 
950 235 
951 799 
951 473 
953 603 
953 349 
953 456 
953 59 
954 92 
954 1627 
955 352 
956 74 
957 246 
958 802 
958 454 
960 544 
962 502 
963 315 
965 216 
966 124 
967 251 
967 290 
968 102 
968 424 
968 82 
968 1194 
968 144 
969 61 
971 176 
971 160 
972 864 
973 938 
974 250 
976 26 
977 565 
977 142 
981 950 
982 15 
984 81 
985 328 
986 1228 
986 595 
987 195 
987 1234 
991 2276 
991 213 
992 57 
993 188 
994 745 
995 68 
996 101 
998 788 
998 105 
998 343 
999 273 
1000 142 
1001 89 
1001 3162 
1002 484 
1002 517 
1003 316 
1006 244 
1006 9 
1007 87 
1008 3732 
1008 144 
1009 144 
1009 217 
1010 183 
1014 101 
1014 32 
1015 94 
1018 620 
1018 91 
1018 291 
1019 77 
1019 198 
1020 68 
1020 37 
1021 1376 
1021 323 
1021 464 
1022 759 
1023 137 
1024 113 
1024 48 
1026 202 
1028 79 
1028 5827 
1030 72 
1031 443 
1032 1697 
1032 17 
1035 834 
1036 1059 
1036 104 
1036 770 
1036 100 
1038 44 
1038 73 
1038 286 
1042 235 
1046 347 
1046 272 
1047 256 
1049 241 
1050 274 
1050 156 
1051 5028 
1053 145 
1054 108 
1056 204 
1057 996 
1059 241 
1059 607 
1059 244 
1060 237 
1060 5188 
1061 321 
1062 111 
1063 268 
1064 42 
1064 385 
1064 349 
1065 316 
1066 282 
1068 133 
1068 433 
1070 324 
1074 245 
1077 31 
1078 355 
1079 626 
1080 349 
1082 42 
1084 205 
1085 250 
1086 243 
1087 372 
1087 2505 
1088 747 
1089 7789 
1090 211 
1090 229 
1090 146 
1096 180 
1096 303 
1097 300 
1099 540 
1100 243 
1101 502 
1103 327 
1104 505 
1106 605 
1106 121 
1107 675 
1107 849 
1107 61 
1111 1249 
1116 21 
1120 169 
1120 446 
1121 190 
1121 17 
1123 836 
1123 355 
1123 451 
1123 69 
1124 423 
1124 128 
1126 182 
1127 335 
1127 563 
1128 229 
1128 1004 
1138 79 
1138 505 
1142 885 
1142 348 
1143 184 
1145 274 
1145 920 
1148 35 
1148 387 
1151 453 
1152 176 
1152 150 
1156 326 
1157 168 
1159 682 
1161 548 
1162 528 
1163 126 
1164 71 
1164 603 
1165 475 
1165 917 
1166 117 
1166 78 
1167 566 
1168 353 
1168 68 
1172 286 
1173 135 
1175 10569 
1175 121 
1176 29 
1177 35 
1178 107 
1181 418 
1182 194 
1182 395 
1182 263 
1182 85 
1183 23 
1183 62 
1184 613 
1184 545 
1185 294 
1188 76 
1188 236 
1190 3188 
1194 373 
1195 6621 
1197 851 
1197 380 
1198 1009 
1199 163 
1200 163 
1200 99 
1203 169 
1204 639 
1205 344 
1207 17188 
1208 145 
1209 83 
1211 4686 
1212 262 
1212 2017 
1213 213 
1213 472 
1214 167 
1215 156 
1218 116 
1219 3072 
1221 445 
1222 42 
1222 228 
1222 27 
1226 70 
1227 75 
1228 120 
1230 621 
1230 340 
1231 204 
1231 39 
1232 177 
1236 31 
1237 406 
1237 31 
1238 86 
1240 62 
1242 196 
1242 202 
1242 113 
1243 2216 
1244 178 
1245 407 
1246 293 
1246 342 
1246 324 
1248 45 
1250 124 
1251 246 
1251 102 
1253 1447 
1253 360 
1253 134 
1254 1902 
1254 6791 
1256 771 
1257 338 
1261 410 
1261 170 
1262 302 
1263 13 
1263 355 
1264 98 
1266 129 
1267 125 
1268 50 
1268 40 
1271 58 
1272 519 
1273 390 
1273 17680 
1274 287 
1274 103 
1281 136 
1281 241 
1282 66 
1285 233 
1287 122 
1288 160 
1290 281 
1290 223 
1291 209 
1291 124 
1293 1238 
1296 237 
1304 232 
1304 422 
1304 16 
1307 410 
1307 93 
1309 708 
1309 56 
1310 70 
1312 539 
1320 79 
1324 92 
1325 3 
1326 72 
1327 95 
1328 115 
1330 144 
1330 107 
1336 531 
1339 355 
1340 223 
1343 156 
1345 145 
1345 96 
1348 602 
1350 182 
1350 297 
1351 95 
1353 762 
1356 101 
1356 114 
1357 234 
1357 264 
1360 161 
1362 722 
1362 147 
1370 164 
1372 346 
1374 304 
1376 528 
1377 317 
1379 1268 
1383 1543 
1383 558 
1384 297 
1384 33 
1385 433 
1387 118 
1388 253 
1391 385 
1391 411 
1392 193 
1397 18 
1400 308 
1401 585 
1401 62 
1401 30 
1402 282 
1402 166 
1403 306 
1407 297 
1408 679 
1413 119 
1414 109 
1414 68 
1417 1844 
1417 455 
1417 964 
1419 154 
1420 63 
1420 78 
1422 604 
1423 289 
1423 43 
1423 106 
1424 38 
1424 105 
1425 2308 
1425 241 
1431 40 
1432 200 
1435 169 
1437 1881 
1437 259 
1438 414 
1441 1629 
1443 90 
1444 265 
1444 352 
1448 316 
1452 192 
1452 461 
1453 230 
1454 323 
1455 257 
1456 245 
1456 17 
1456 180 
1457 30 
1458 615 
1459 471 
1462 78 
1462 275 
1464 154 
1467 604 
1468 178 
1472 535 
1473 418 
1473 102 
1475 676 
1475 80 
1478 121 
1479 426 
1480 71 
1483 246 
1485 139 
1486 171 
1488 453 
1492 58 
1493 523 
1493 994 
1494 369 
1497 238 
1501 331 
1502 41 
1502 232 
1504 54 
1504 292 
1505 2737 
1507 1161 
1509 397 
1516 106 
1517 295 
1519 55 
1525 359 
1525 179 
1529 80 
1531 205 
1533 431 
1533 50 
1534 566 
1536 1027 
1540 252 
1542 226 
1549 248 
1557 462 
1558 19 
1560 1191 
1562 1609 
1566 350 
1566 391 
1568 89 
1571 31 
1575 549 
1576 379 
1576 93 
1577 2687 
1578 144 
1580 224 
1582 71 
1586 125 
1588 460 
1588 37 
1589 424 
1589 120 
1591 108 
1597 107 
1598 1291 
1599 8168 
1601 182 
1603 31 
1603 3372 
1604 1336 
1607 396 
1607 51 
1609 221 
1609 134 
1610 617 
1612 69 
1616 136 
1616 161 
1617 174 
1618 62 
1618 202 
1620 484 
1620 18 
1625 762 
1628 1495 
1629 74 
1629 4477 
1629 47 
1635 50 
1635 255 
1636 25 
1637 502 
1639 1865 
1642 3 
1650 105 
1651 154 
1652 330 
1655 97 
1656 457 
1657 55 
1657 146 
1662 809 
1662 368 
1664 315 
1664 96 
1664 822 
1665 215 
1666 20 
1670 492 
1672 188 
1675 84 
1679 655 
1684 228 
1689 136 
1689 595 
1690 558 
1692 179 
1695 2 
1696 335 
1699 176 
1699 304 
1703 10 
1711 386 
1713 24 
1714 167 
1716 503 
1717 42 
1718 200 
1720 152 
1720 404 
1721 278 
1725 468 
1728 366 
1729 171 
1733 382 
1733 336 
1738 1149 
1739 64 
1744 130 
1746 443 
1747 504 
1748 147 
1752 469 
1753 195 
1755 320 
1756 395 
1756 184 
1757 118 
1760 519 
1760 227 
1763 25 
1764 96 
1765 24274 
1768 39 
1772 1415 
1773 2054 
1774 143 
1777 147 
1779 153 
1782 932 
1784 205 
1785 471 
1785 1377 
1789 61 
1790 2500 
1791 54 
1798 77 
1801 109 
1803 302 
1804 53 
1805 183 
1811 971 
1814 539 
1816 54 
1822 79 
1822 40 
1822 141 
1825 153 
1825 226 
1826 208 
1828 215 
1831 115 
1836 45 
1840 127 
1841 682 
1843 156 
1844 563 
1844 666 
1846 33 
1848 1012 
1848 242 
1851 1194 
1862 485 
1862 178 
1863 3 
1863 1395 
1864 102 
1865 111 
1870 556 
1870 932 
1874 48 
1875 112 
1876 352 
1879 265 
1881 79 
1881 83 
1885 78 
1885 104 
1894 156 
1897 1872 
1899 356 
1899 131 
1903 839 
1906 38 
1906 135 
1907 52 
1908 763 
1908 169 
1911 363 
1912 224 
1913 4595 
1916 380 
1920 237 
1921 2254 
1921 28 
1922 683 
1922 41 
1926 530 
1929 90 
1934 1442 
1935 3138 
1938 577 
1940 3519 
1940 1447 
1941 196 
1944 1165 
1949 33 
1953 42 
1955 1067 
1958 13 
1961 302 
1965 215 
1965 183 
1968 178 
1972 70 
1974 183 
1975 53 
1979 278 
1980 292 
1983 575 
1983 445 
1985 96 
1985 503 
1989 131 
1990 147 
1994 121 
1996 228 
1997 268 
1998 278 
1999 584 
2001 2263 
2002 108 
2002 112 
2003 332 
2005 136 
2007 98 
2011 459 
2011 1970 
2012 83 
2014 1105 
2016 416 
2016 36 
2017 49 
2017 127 
2019 599 
2019 126 
2021 73 
2021 72 
2022 61 
2022 1798 
2024 245 
2024 79 
2024 1 
2026 987 
2027 153 
2028 135 
2028 1434 
2029 193 
2030 155 
2031 439 
2032 103 
2033 168 
2044 63 
2045 46 
2050 913 
2051 35 
2053 227 
2054 1643 
2055 17 
2055 34 
2056 775 
2056 285 
2064 123 
2064 57 
2065 139 
2066 99 
2068 130 
2069 338 
2070 68 
2070 142 
2070 8 
2075 143 
2076 194 
2077 156 
2077 665 
2081 175 
2081 272 
2081 117 
2081 24 
2082 546 
2082 23 
2083 250 
2084 237 
2085 43 
2087 93 
2087 116 
2089 167 
2089 173 
2089 392 
2092 97 
2094 913 
2094 481 
2094 39 
2094 451 
2096 425 
2097 296 
2098 73 
2098 164 
2098 366 
2105 970 
2105 410 
2105 38 
2108 370 
2110 929 
2111 172 
2114 359 
2118 64 
2121 262 
2124 21 
2128 73 
2129 356 
2129 110 
2134 505 
2135 18 
2136 108 
2137 138 
2142 369 
2144 2 
2146 46 
2150 159 
2162 594 
2163 437 
2165 88 
2165 303 
2168 328 
2169 258 
2172 68 
2172 342 
2175 307 
2175 1339 
2179 1414 
2182 1666 
2186 793 
2188 79 
2190 232 
2195 972 
2198 313 
2201 234 
2201 49 
2204 16 
2207 55 
2209 108 
2215 117 
2218 1071 
2218 957 
2220 700 
2227 502 
2230 52 
2233 1466 
2234 103 
2234 1306 
2234 120 
2238 163 
2241 339 
2242 283 
2242 250 
2243 355 
2246 1349 
2249 94 
2250 150 
2250 183 
2255 330 
2256 446 
2258 218 
2260 112 
2271 118 
2271 434 
2272 248 
2275 240 
2278 427 
2279 223 
2283 150 
2285 314 
2287 1771 
2289 439 
2292 125 
2292 145 
2295 118 
2297 530 
2304 1151 
2306 351 
2308 421 
2308 4 
2312 6579 
2314 255 
2314 1308 
2315 65 
2316 71 
2322 414 
2325 351 
2328 86 
2331 21 
2334 29 
2334 464 
2336 474 
2337 438 
2338 315 
2338 48 
2344 385 
2344 583 
2345 258 
2349 370 
2355 145 
2355 923 
2355 100 
2359 409 
2359 84 
2359 799 
2361 99 
2363 168 
2366 131 
2366 10 
2368 102 
2370 116 
2372 198 
2377 1062 
2377 38 
2380 90 
2389 419 
2390 889 
2391 274 
2394 280 
2401 137 
2401 43 
2404 143 
2405 1143 
2407 1333 
2408 55 
2411 169 
2412 251 
2412 1041 
2417 577 
2421 470 
2422 69 
2424 1889 
2425 383 
2427 335 
2429 44 
2433 173 
2434 87 
2435 295 
2435 998 
2436 548 
2437 640 
2438 1815 
2438 99 
2447 982 
2447 209 
2451 249 
2455 232 
2458 632 
2465 44 
2473 641 
2475 136 
2476 218 
2484 12 
2487 236 
2489 193 
2490 36 
2499 131 
2506 1032 
2508 2431 
2510 43 
2514 228 
2517 37 
2519 405 
2520 22 
2524 34 
2526 927 
2530 184 
2534 805 
2535 42 
2535 113 
2535 45 
2537 50 
2538 517 
2540 116 
2545 2701 
2545 480 
2549 103 
2553 779 
2560 276 
2562 561 
2562 41 
2568 292 
2569 152 
2571 140 
2573 240 
2576 152 
2578 172 
2579 2615 
2580 198 
2582 291 
2586 54 
2588 189 
2589 614 
2590 674 
2595 65 
2597 230 
2606 522 
2607 1159 
2609 458 
2613 971 
2616 113 
2617 58 
2618 164 
2620 130 
2622 2251 
2623 418 
2624 181 
2624 241 
2625 83 
2626 252 
2628 237 
2631 179 
2631 969 
2631 287 
2634 217 
2638 82 
2641 743 
2642 151 
2645 1239 
2658 175 
2659 871 
2664 196 
2668 14 
2668 96 
2669 232 
2675 889 
2683 102 
2689 191 
2692 209 
2696 381 
2697 315 
2699 338 
2700 182 
2702 85 
2704 468 
2718 163 
2723 138 
2727 221 
2728 1351 
2732 88 
2733 827 
2733 163 
2733 235 
2733 1603 
2743 248 
2746 909 
2746 293 
2746 310 
2751 4 
2752 1063 
2754 1272 
2757 275 
2759 129 
2759 28 
2761 127 
2763 195 
2772 268 
2776 139 
2778 131 
2779 228 
2779 73 
2784 131 
2790 650 
2791 435 
2793 93 
2795 630 
2796 191 
2797 325 
2801 9 
2803 168 
2808 366 
2808 1468 
2811 221 
2824 332 
2826 350 
2826 146 
2827 273 
2838 94 
2838 178 
2841 913 
2841 128 
2851 158 
2851 119 
2853 691 
2868 263 
2872 2064 
2879 1466 
2886 231 
2890 49 
2895 3186 
2900 114 
2909 978 
2913 118 
2915 786 
2918 634 
2920 2663 
2924 33 
2935 1213 
2956 635 
2957 88 
2965 44 
2966 1325 
2966 30 
2967 267 
2973 1206 
2976 769 
2983 1319 
2986 242 
2991 912 
2994 2261 
2994 291 
2995 145 
3004 58 
3006 880 
3006 365 
3021 323 
3024 84 
3028 67 
3030 217 
3030 122 
3034 357 
3036 212 
3042 428 
3045 108 
3048 204 
3050 171 
3053 7 
3057 252 
3067 1319 
3071 1276 
3073 126 
3073 43 
3073 704 
3075 363 
3081 199 
3083 1278 
3084 59 
3087 105 
3091 205 
3092 745 
3094 377 
3096 119 
3100 178 
3101 54 
3102 1220 
3103 1361 
3107 27 
3108 85 
3114 206 
3116 136 
3123 233 
3128 67 
3129 328 
3138 196 
3139 1138 
3142 1296 
3143 730 
3163 3819 
3166 77 
3168 230 
3182 246 
3184 919 
3189 124 
3190 70 
3191 1290 
3191 89 
3192 149 
3193 641 
3202 168 
3205 1230 
3211 280 
3213 1122 
3213 96 
3216 75 
3216 168 
3217 518 
3218 108 
3218 41 
3221 808 
3221 375 
3226 426 
3228 32 
3231 128 
3235 40 
3243 1880 
3244 79 
3246 109 
3251 281 
3251 352 
3259 70 
3259 31 
3262 395 
3263 662 
3265 72 
3267 191 
3279 236 
3281 306 
3283 361 
3288 68 
3302 142 
3305 100 
3312 116 
3314 18 
3314 284 
3315 295 
3316 155 
3319 326 
3320 31 
3326 763 
3327 242 
3329 713 
3330 115 
3335 529 
3348 583 
3348 160 
3349 168 
3349 959 
3358 269 
3359 359 
3365 222 
3366 849 
3369 1297 
3373 327 
3373 54 
3375 179 
3380 110 
3380 691 
3386 60 
3387 237 
3387 181 
3399 107 
3399 8255 
3401 1436 
3404 74 
3404 164 
3417 159 
3424 26 
3426 211 
3427 689 
3430 78 
3436 144 
3436 422 
3438 3533 
3440 889 
3441 1381 
3444 132 
3446 165 
3446 185 
3451 246 
3463 342 
3466 184 
3468 144 
3471 852 
3473 1 
3475 336 
3477 152 
3480 308 
3483 9694 
3485 119 
3486 171 
3489 156 
3490 2697 
3493 189 
3495 112 
3499 42 
3502 108 
3503 208 
3504 21942 
3504 158 
3504 66 
3508 172 
3510 213 
3512 1542 
3512 280 
3518 195 
3524 61 
3524 144 
3526 117 
3529 742 
3534 290 
3535 51 
3544 222 
3548 129 
3555 155 
3555 739 
3557 294 
3566 117 
3568 61 
3570 52 
3578 180 
3579 61 
3579 1637 
3586 110 
3586 41 
3589 1578 
3589 230 
3593 182 
3593 485 
3600 178 
3603 155 
3603 205 
3605 79 
3609 33 
3610 493 
3613 35 
3619 521 
3621 852 
3631 295 
3634 177 
3640 3944 
3640 357 
3640 240 
3644 161 
3651 395 
3652 98 
3653 190 
3653 380 
3664 29 
3666 1638 
3669 107 
3672 194 
3672 415 
3674 73 
3675 133 
3676 213 
3687 245 
3692 4 
3695 492 
3697 113 
3699 133 
3707 91 
3709 21 
3711 72 
3712 577 
3715 41 
3721 329 
3727 96 
3731 43 
3732 1074 
3738 1716 
3744 38 
3746 69 
3749 139 
3752 133 
3756 961 
3757 210 
3757 215 
3758 134 
3760 3547 
3765 1391 
3768 982 
3772 301 
3772 128 
3778 477 
3783 103 
3784 379 
3788 438 
3810 754 
3813 202 
3817 250 
3819 21 
3830 311 
3832 1990 
3832 1944 
3833 58 
3836 290 
3838 486 
3839 1167 
3844 167 
3851 5 
3855 234 
3856 141 
3862 306 
3869 1226 
3872 1125 
3872 176 
3874 119 
3875 556 
3878 167 
3886 176 
3888 145 
3890 90 
3896 27 
3897 828 
3908 185 
3912 140 
3913 46 
3913 175 
3915 266 
3921 1128 
3922 129 
3925 645 
3939 69 
3941 298 
3942 285 
3946 102 
3951 212 
3954 90 
3954 130 
3957 1414 
3970 112 
3984 1749 
3985 157 
3988 34 
3989 951 
3990 165 
3992 24 
3998 1145 
3998 797 
4012 82 
4016 6522 
4025 95 
4033 149 
4039 29 
4059 137 
4060 11 
4067 131 
4074 592 
4080 40 
4086 433 
4102 363 
4108 180 
4111 1204 
4116 390 
4122 45 
4123 82 
4131 455 
4135 218 
4136 1150 
4136 79 
4140 151 
4147 330 
4148 291 
4158 808 
4159 194 
4159 1445 
4160 87 
4161 363 
4162 36 
4163 142 
4172 169 
4185 173 
4192 51 
4194 205 
4203 289 
4203 22 
4208 323 
4212 100 
4213 673 
4215 10 
4218 253 
4220 223 
4222 143 
4234 242 
4241 227 
4246 139 
4248 1612 
4258 190 
4262 122 
4265 245 
4282 627 
4286 136 
4289 29 
4291 15 
4293 24 
4300 71 
4308 107 
4324 117 
4324 23 
4329 185 
4332 143 
4348 82 
4349 215 
4350 2146 
4350 277 
4356 57 
4365 210 
4379 74 
4388 135 
4393 247 
4393 89 
4393 353 
4398 41 
4400 25 
4407 53 
4408 386 
4409 286 
4411 162 
4413 141 
4416 298 
4421 448 
4424 22 
4444 3 
4450 278 
4451 1270 
4459 70 
4475 212 
4478 280 
4479 128 
4480 359 
4495 79 
4503 44 
4512 455 
4512 828 
4531 1733 
4534 1281 
4538 104 
4539 827 
4545 1540 
4556 362 
4557 507 
4563 184 
4568 162 
4570 1091 
4571 38 
4577 234 
4584 53 
4588 193 
4590 40 
4590 476 
4594 873 
4598 4 
4601 25 
4603 1739 
4616 327 
4621 217 
4628 107 
4636 85 
4639 347 
4644 624 
4647 495 
4656 11052 
4659 250 
4678 423 
4679 219 
4690 57 
4701 62 
4701 270 
4707 153 
4713 845 
4714 418 
4718 72 
4719 269 
4724 163 
4728 191 
4732 200 
4733 1214 
4741 1007 
4742 2524 
4750 268 
4750 929 
4754 531 
4754 50 
4757 125 
4760 216 
4765 400 
4777 608 
4786 185 
4787 448 
4788 593 
4793 1502 
4795 604 
4798 540 
4798 346 
4801 186 
4807 19 
4808 274 
4808 702 
4812 336 
4816 318 
4821 63 
4830 565 
4852 307 
4855 140 
4857 267 
4857 428 
4861 102 
4861 412 
4871 84 
4878 145 
4884 797 
4885 137 
4889 405 
4912 9832 
4922 464 
4922 464 
4924 211 
4924 211 
4942 23 
4942 23 
4944 496 
4944 496 
4950 1284 
4950 1284 
4951 104 
4951 104 
4970 97 
4974 174 
4975 45 
4989 1446 
4991 93 
5023 256 
5026 498 
5030 782 
5035 287 
5040 251 
5041 351 
5054 2539 
5067 254 
5069 744 
5071 160 
5072 1 
5076 632 
5081 333 
5082 196 
5087 219 
5097 268 
5100 88 
5106 190 
5107 84 
5110 70 
5125 853 
5126 278 
5130 45 
5131 37 
5161 51 
5163 181 
5168 8 
5176 1013 
5177 660 
5181 326 
5181 372 
5199 873 
5203 28 
5205 751 
5212 97 
5220 533 
5226 876 
5229 398 
5238 372 
5256 23 
5260 1808 
5271 476 
5272 343 
5272 64 
5274 738 
5284 483 
5288 128 
5291 54 
5311 51 
5313 279 
5315 26 
5318 2002 
5334 275 
5335 191 
5353 284 
5356 161 
5356 93 
5371 125 
5379 52 
5382 125 
5383 26 
5387 49 
5398 721 
5399 227 
5405 150 
5408 64 
5412 74 
5415 115 
5432 228 
5440 1634 
5450 424 
5454 397 
5456 1808 
5488 1738 
5490 1568 
5503 108 
5505 0 
5510 475 
5511 772 
5513 1363 
5514 141 
5516 575 
5517 1441 
5525 244 
5525 684 
5527 1314 
5529 555 
5560 1211 
5563 780 
5563 458 
5568 69 
5570 289 
5573 105 
5575 307 
5576 600 
5578 97 
5581 69 
5583 133 
5587 403 
5590 1730 
5590 103 
5591 413 
5592 362 
5595 96 
5597 141 
5597 952 
5601 157 
5603 102 
5604 105 
5606 405 
5607 800 
5609 680 
5610 344 
5612 110 
5612 31 
5613 1241 
5615 168 
5616 179 
5616 163 
5617 138 
5618 97 
5622 271 
5623 625 
5628 389 
5629 232 
5639 396 
5640 59 
5641 668 
5642 96 
5642 79 
5643 176 
5648 448 
5648 87 
5649 445 
5651 9 
5654 123 
5656 209 
5657 232 
5660 118 
5661 542 
5661 136 
5663 563 
5663 714 
5663 133 
5665 316 
5666 251 
5668 88 
5673 217 
5678 511 
5678 97 
5679 85 
5680 532 
5681 875 
5682 581 
5682 140 
5684 254 
5686 81 
5686 1666 
5690 194 
5691 144 
5694 261 
5694 203 
5695 701 
5695 202 
5700 1350 
5702 881 
5702 495 
5704 432 
5704 41 
5706 86 
5709 93 
5713 112 
5714 293 
5717 95 
5719 745 
5720 293 
5721 1199 
5721 2619 
5725 140 
5729 26 
5731 446 
5736 151 
5737 218 
5741 61 
5743 92 
5745 1360 
5747 127 
5754 90 
5755 55 
5757 182 
5759 22 
5764 736 
5770 528 
5771 256 
5776 840 
5777 26 
5781 120 
5782 223 
5783 991 
5783 135 
5783 54 
5783 81 
5784 438 
5788 178 
5792 1321 
5794 76 
5797 2 
5797 83 
5798 246 
5799 63 
5799 486 
5802 382 
5802 224 
5805 633 
5806 253 
5812 79 
5814 1906 
5814 257 
5816 259 
5821 230 
5824 418 
5824 17 
5834 466 
5834 259 
5835 111 
5838 2216 
5845 584 
5849 193 
5853 215 
5855 237 
5859 4043 
5863 93 
5863 212 
5871 225 
5878 1258 
5878 1441 
5881 1665 
5883 72 
5886 0 
5887 580 
5889 300 
5905 197 
5908 201 
5915 424 
5919 151 
5921 863 
5926 1011 
5926 853 
5930 528 
5932 47 
5932 1000 
5938 125 
5941 509 
5945 614 
5946 74 
5946 602 
5947 10174 
5950 362 
5953 495 
5956 211 
5962 107 
5962 28 
5971 559 
5972 50 
5975 522 
5977 390 
5977 109 
5977 64 
5994 50 
5996 147 
5997 373 
6004 1387 
6008 166 
6008 355 
6010 120 
6010 196 
6014 191 
6017 1046 
6024 116 
6024 357 
6027 3148 
6031 153 
6034 54 
6036 134 
6037 90 
6037 752 
6045 671 
6047 300 
6047 157 
6048 89 
6052 42 
6055 1106 
6062 415 
6064 807 
6067 409 
6068 257 
6069 635 
6088 2145 
6088 24 
6089 241 
6090 60 
6092 93 
6093 881 
6095 491 
6096 92 
6097 162 
6101 1429 
6101 206 
6102 68 
6104 85 
6106 216 
6109 52 
6111 127 
6112 431 
6114 916 
6114 49 
6121 1039 
6122 401 
6123 72 
6124 827 
6127 1326 
6128 112 
6129 127 
6134 162 
6137 476 
6140 161 
6149 45 
6154 1487 
6164 400 
6166 45 
6173 1081 
6177 359 
6178 153 
6180 1396 
6181 46 
6182 24 
6183 472 
6187 622 
6188 52 
6189 58 
6192 161 
6205 314 
6216 107 
6219 39 
6223 168 
6227 17 
6227 303 
6230 223 
6236 64 
6237 63 
6239 260 
6245 305 
6248 473 
6250 1147 
6258 172 
6259 1347 
6260 1554 
6261 662 
6266 580 
6266 553 
6267 760 
6269 931 
6269 817 
6271 725 
6271 232 
6279 1050 
6280 1340 
6281 97 
6283 350 
6291 416 
6298 967 
6301 1299 
6306 529 
6306 100 
6306 197 
6307 16 
6313 73 
6314 199 
6316 236 
6321 211 
6323 269 
6323 655 
6330 58 
6341 767 
6343 476 
6345 4 
6346 121 
6347 509 
6348 20 
6351 452 
6352 674 
6356 381 
6359 383 
6368 140 
6371 173 
6373 261 
6373 203 
6374 291 
6376 81 
6379 814 
6380 348 
6381 328 
6385 363 
6388 838 
6389 409 
6390 270 
6392 90 
6397 213 
6398 563 
6400 90 
6402 794 
6403 344 
6407 1984 
6408 729 
6409 22 
6410 45 
6414 1108 
6416 1360 
6420 56 
6431 22 
6434 1130 
6435 109 
6448 113 
6449 259 
6453 450 
6458 296 
6469 1643 
6473 25 
6474 244 
6478 83 
6484 128 
6486 697 
6494 519 
6497 469 
6497 169 
6501 1543 
6504 511 
6511 92 
6519 534 
6524 65 
6538 1749 
6539 94 
6547 26 
6551 93 
6552 198 
6554 449 
6564 1478 
6565 377 
6567 475 
6575 1014 
6582 555 
6586 415 
6592 1006 
6592 245 
6601 127 
6601 1025 
6602 118 
6605 229 
6606 393 
6607 95 
6608 824 
6611 97 
6611 474 
6618 125 
6619 396 
6619 915 
6624 308 
6624 284 
6626 457 
6627 294 
6629 410 
6630 115 
6631 94 
6634 802 
6635 197 
6636 6904 
6637 347 
6641 332 
6646 211 
6649 572 
6649 397 
6652 1 
6663 622 
6669 1266 
6670 953 
6671 11 
6681 106 
6683 17 
6703 702 
6703 86 
6712 3380 
6717 568 
6717 567 
6718 121 
6726 292 
6728 163 
6729 3374 
6737 76 
6744 189 
6751 253 
6761 67 
6772 136 
6775 83 
6782 1245 
6783 368 
6785 1391 
6791 289 
6791 799 
6792 513 
6794 15 
6805 253 
6806 763 
6807 314 
6831 135 
6836 142 
6837 116 
6840 227 
6840 350 
6852 99 
6856 4 
6856 2048 
6858 136 
6870 81 
6880 245 
6887 333 
6888 176 
6899 244 
6908 62 
6910 503 
6916 161 
6917 969 
6919 692 
6929 44 
6936 320 
6937 49 
6947 155 
6957 349 
6963 34 
6963 710 
6965 30 
6967 526 
6974 952 
6985 29 
6993 63 
6996 292 
7004 176 
7004 144 
7006 172 
7007 205 
7011 54 
7011 508 
7017 48 
7026 239 
7027 239 
7035 477 
7041 345 
7045 200 
7046 469 
7054 1266 
7056 35 
7060 106 
7079 3064 
7082 20433 
7089 212 
7091 192 
7104 54 
7104 1004 
7130 80 
7130 483 
7135 223 
7143 235 
7146 764 
7148 137 
7149 334 
7153 58 
7159 437 
7170 1447 
7170 2196 
7171 191 
7184 53 
7189 617 
7189 511 
7205 169 
7210 481 
7211 294 
7211 366 
7218 987 
7224 105 
7234 932 
7257 151 
7258 80 
7259 143 
7265 110 
7278 588 
7279 1322 
7282 132 
7283 407 
7308 238 
7308 252 
7312 272 
7315 357 
7317 1495 
7317 363 
7320 147 
7321 218 
7325 322 
7325 563 
7326 101 
7344 109 
7352 2445 
7352 480 
7362 252 
7366 314 
7378 249 
7386 31 
7395 83 
7399 722 
7414 415 
7423 90 
7433 1044 
7440 318 
7445 928 
7455 568 
7458 65 
7467 52 
7473 994 
7478 429 
7487 114 
7487 143 
7495 274 
7496 573 
7503 1385 
7503 793 
7507 172 
7510 60 
7511 413 
7515 87 
7538 313 
7538 38 
7541 398 
7542 370 
7545 108 
7546 40 
7547 284 
7558 250 
7562 1031 
7565 2355 
7566 326 
7567 346 
7570 878 
7572 154 
7581 126 
7597 447 
7600 203 
7604 146 
7607 328 
7623 73 
7624 54 
7631 929 
7634 308 
7634 134 
7644 437 
7645 1200 
7655 804 
7666 522 
7673 15 
7675 347 
7676 448 
7680 108 
7695 26 
7701 292 
7702 1014 
7733 203 
7743 21 
7745 13 
7750 54 
7754 185 
7760 1268 
7772 48 
7783 283 
7785 58 
7806 7336 
7808 20 
7808 271 
7817 155 
7821 130 
7830 1387 
7830 166 
7831 649 
7835 206 
7840 416 
7864 94 
7882 185 
7896 35 
7901 1723 
7905 127 
7905 440 
7906 1232 
7910 258 
7912 127 
7915 253 
7928 429 
7932 21 
7947 32 
7953 243 
7954 23 
7977 524 
7978 113 
7984 259 
7984 296 
7986 244 
7989 430 
7990 55 
7990 62 
7993 30 
8004 73 
8006 778 
8013 638 
8021 59 
8033 959 
8048 542 
8049 165 
8052 121 
8066 735 
8090 1182 
8092 728 
8095 111 
8096 227 
8099 18 
8121 65 
8125 38 
8125 74 
8127 1387 
8135 260 
8147 76 
8164 147 
8182 484 
8210 648 
8216 47 
8232 360 
8247 119 
8248 473 
8266 139 
8279 1336 
8337 2000 
8349 424 
8353 766 
8359 378 
8361 408 
8362 39 
8366 3488 
8377 23 
8400 226 
8402 83 
8405 220 
8407 681 
8408 195 
8415 100 
8420 1053 
8428 226 
8441 542 
8442 741 
8449 413 
8457 140 
8462 256 
8463 90 
8482 563 
8491 133 
8494 827 
8533 85 
8548 1270 
8548 35 
8558 246 
8561 1081 
8569 993 
8572 199 
8573 338 
8577 235 
8582 288 
8583 166 
8584 260 
8605 168 
8612 79 
8614 699 
8619 849 
8619 763 
8626 49 
8628 270 
8632 96 
8632 278 
8651 221 
8652 129 
8703 740 
8706 616 
8713 77 
8716 371 
8719 18 
8721 219 
8728 76 
8736 105 
8753 784 
8762 435 
8807 495 
8844 619 
8877 344 
8892 91 
8895 62 
8928 73 
8933 524 
8937 272 
8938 210 
8940 157 
8947 96 
8950 173 
8950 1034 
8957 1451 
8958 196 
8969 55 
8974 191 
8980 159 
8985 236 
8988 181 
8998 75 
9012 1546 
9028 126 
9032 2339 
9058 119 
9061 3021 
9063 864 
9071 157 
9080 84 
9083 218 
9086 442 
9096 99 
9100 406 
9101 2001 
9120 262 
9129 389 
9145 63 
9149 406 
9164 12274 
9180 555 
9183 221 
9197 987 
9205 54 
9206 249 
9215 108 
9216 149 
9235 1017 
9266 716 
9273 460 
9283 332 
9292 133 
9321 447 
9329 716 
9339 946 
9342 31 
9365 78 
9367 41 
9376 879 
9383 1357 
9412 722 
9420 505 
9430 114 
9433 47 
9445 235 
9467 705 
9473 8580 
9476 836 
9487 734 
9498 828 
9503 179 
9514 774 
9517 167 
9525 597 
9526 1716 
9536 1199 
9542 1694 
9543 22431 
9564 171 
9566 226 
9566 1 
9570 486 
9571 300 
9572 253 
9572 119 
9575 261 
9575 332 
9576 1279 
9576 47 
9590 249 
9603 373 
9604 515 
9608 876 
9626 294 
9629 2249 
9635 573 
9642 3316 
9644 6505 
9648 280 
9651 320 
9656 500 
9663 1864 
9667 220 
9673 81 
9698 1331 
9712 421 
9741 155 
9742 565 
9743 376 
9745 569 
9748 449 
9749 168 
9758 214 
9759 99 
9759 310 
9760 1268 
9761 262 
9772 43 
9792 179 
9793 292 
9794 1178 
9794 156 
9797 138 
9799 558 
9800 353 
9803 108 
9811 962 
9823 154 
9838 1785 
9838 141 
9840 544 
9841 500 
9854 41 
9858 432 
9858 1796 
9862 69 
9863 176 
9865 67 
9868 176 
9874 588 
9881 182 
9886 436 
9887 72 
9888 403 
9892 51 
9903 297 
9903 725 
9923 412 
9942 337 
9957 773 
9976 114 
9977 317 
9997 632 
9999 444 
10003 359 
10026 671 
10030 339 
10038 16662 
10054 28 
10055 591 
10065 1325 
10068 267 
10072 1057 
10073 140 
10080 1525 
10102 136 
10104 73 
10113 286 
10133 494 
10137 852 
10149 546 
10152 356 
10154 684 
10157 272 
10163 479 
10163 698 
10164 551 
10168 414 
10170 675 
10178 969 
10179 492 
10180 402 
10180 1658 
10185 559 
10191 782 
10193 162 
10196 146 
10200 563 
10202 219 
10209 154 
10210 158 
10211 117 
10215 169 
10217 383 
10219 951 
10224 189 
10227 314 
10228 830 
10230 532 
10233 339 
10235 786 
10237 440 
10241 141 
10241 163 
10246 260 
10250 309 
10252 77 
10253 341 
10258 825 
10261 98 
10274 177 
10279 706 
10295 156 
10311 658 
10313 1161 
10320 151 
10321 103 
10321 460 
10325 197 
10340 635 
10356 785 
10362 57 
10368 11 
10376 653 
10378 249 
10386 168 
10388 493 
10398 1303 
10407 226 
10417 243 
10418 56 
10430 207 
10441 30 
10448 600 
10468 8 
10472 1019 
10495 417 
10498 546 
10499 235 
10511 169 
10524 50 
10533 496 
10534 111 
10557 283 
10587 715 
10619 710 
10621 424 
10630 713 
10633 752 
10639 513 
10640 279 
10643 685 
10651 10994 
10656 57 
10659 645 
10666 2 
10672 496 
10672 661 
10682 117 
10686 60 
10689 140 
10698 753 
10705 286 
10712 249 
10717 534 
10723 166 
10733 1988 
10740 267 
10749 408 
10756 897 
10771 414 
10787 137 
10803 84 
10807 117 
10825 2518 
10825 424 
10826 336 
10836 305 
10841 111 
10847 73 
10854 26 
10856 96 
10864 81 
10871 330 
10886 655 
10899 560 
10906 2330 
10907 201 
10923 23 
10925 649 
10926 1424 
10957 335 
10967 185 
10969 35 
10981 91 
10983 58 
10997 2013 
11000 191 
11003 1138 
11005 10215 
11016 72 
11017 487 
11046 319 
11053 99 
11076 95 
11088 191 
11113 249 
11128 177 
11130 361 
11133 452 
11134 127 
11161 204 
11185 475 
11198 454 
11206 358 
11219 885 
11233 1068 
11242 95 
11243 303 
11244 301 
11247 238 
11257 57 
11266 105 
11275 70 
11280 527 
11286 681 
11296 436 
11301 292 
11305 2537 
11311 418 
11313 35 
11333 1046 
11334 460 
11336 45 
11353 443 
11377 896 
11396 294 
11396 196 
11401 153 
11406 92 
11414 349 
11415 112 
11423 51 
11424 548 
11436 186 
11449 477 
11456 737 
11470 2381 
11493 639 
11496 1170 
11502 11 
11509 134 
11604 158 
11605 265 
11621 60 
11640 245 
11646 891 
11651 1161 
11678 119 
11689 1123 
11753 64 
11757 603 
11768 79 
11818 246 
11818 49 
11831 105 
11896 279 
11900 948 
11936 15 
11944 862 
11947 178 
11952 1297 
12005 1495 
12012 64 
12027 555 
12049 254 
12050 182 
12096 403 
12099 1124 
12138 638 
12155 332 
12159 285 
12179 76 
12182 71 
12194 191 
12195 233 
12206 154 
12207 22 
12209 0 
12236 153 
12254 162 
12274 2264 
12282 56 
12289 149 
12294 374 
12298 220 
12317 1797 
12333 73 
12352 198 
12363 155 
12403 217 
12422 177 
12447 93 
12479 180 
12524 555 
12535 263 
12575 1130 
12632 53 
12638 1503 
12646 143 
12687 71 
12694 276 
12699 274 
12718 432 
12751 124 
12786 796 
12865 364 
12873 52 
12900 114 
12953 891 
12971 32 
12995 831 
13013 579 
13022 200 
13053 11 
13072 416 
13102 427 
13104 205 
13124 73 
13135 195 
13140 1309 
13175 305 
13176 161 
13188 393 
13213 119 
13229 537 
13234 47 
13239 233 
13249 41 
13291 355 
13303 251 
13305 744 
13314 269 
13321 351 
13324 108 
13339 878 
13350 196 
13367 193 
13372 285 
13375 69 
13381 123 
13387 173 
13431 202 
13445 48 
13452 498 
13474 257 
13514 772 
13525 78 
13540 504 
13558 267 
13560 354 
13572 665 
13578 394 
13588 1482 
13608 87 
13618 341 
13621 181 
13623 186 
13625 281 
13637 954 
13645 843 
13663 1027 
13695 476 
13712 63 
13735 634 
13736 97 
13814 24 
13818 28 
13836 137 
13837 2438 
13858 391 
13908 91 
13998 36 
14013 209 
14027 151 
14037 39 
14045 124 
14062 26 
14090 2014 
14140 485 
14143 152 
14148 160 
14166 949 
14171 341 
14191 162 
14197 21 
14206 1308 
14210 709 
14222 263 
14226 344 
14240 107 
14256 225 
14281 2706 
14283 311 
14304 164 
14305 166 
14321 224 
14321 148 
14331 30 
14340 311 
14371 308 
14397 149 
14411 433 
14412 169 
14424 131 
14430 1211 
14430 331 
14440 83 
14442 203 
14451 617 
14452 455 
14485 668 
14487 732 
14488 638 
14489 532 
14527 1159 
14533 748 
14541 93 
14557 290 
14562 152 
14578 9412 
14583 105 
14606 397 
14608 648 
14622 150 
14629 190 
14694 468 
14718 756 
14738 89 
14756 971 
14756 1467 
14765 298 
14778 85 
14783 283 
14797 176 
14810 718 
14813 144 
14821 91 
14837 195 
14863 216 
14879 77 
14895 487 
14918 2456 
14919 314 
14932 155 
14947 172 
14950 100 
14951 79 
14999 1186 
15002 542 
15040 422 
15050 332 
15059 202 
15061 283 
15078 246 
15133 166 
15133 1219 
15143 659 
15188 184 
15216 102 
15264 237 
15267 132 
15346 707 
15347 1057 
15357 581 
15449 1356 
15483 212 
15517 283 
15519 103 
15534 550 
15541 613 
15545 71 
15557 310 
15759 196912 
15772 1263 
15775 6 
15776 122 
15778 320 
15778 1031 
15782 318 
15783 340 
15801 641 
15806 410 
15808 401 
15811 648 
15813 215 
15813 355 
15821 600 
15826 1256 
15828 243 
15832 1350 
15832 597 
15837 181 
15840 3722 
15842 361 
15845 297 
15847 43 
15859 603 
15862 173 
15865 75 
15868 48 
15870 497 
15875 170 
15892 403 
15892 62 
15893 48 
15893 396 
15908 371 
15917 685 
15919 98 
15924 975 
15927 119 
15937 414 
15940 283 
15953 190 
15953 411 
15978 203 
15998 110 
16026 2087 
16046 339 
16057 28 
16063 328 
16072 54 
16075 254 
16094 70 
16103 404 
16103 356 
16121 33 
16121 263 
16122 1291 
16122 937 
16123 888 
16126 128 
16139 233 
16150 523 
16157 764 
16159 312 
16160 287 
16167 262 
16167 82 
16173 271 
16214 152 
16215 138 
16244 2005 
16250 195 
16287 5 
16321 566 
16325 1072 
16382 510 
16389 36 
16446 570 
16447 328 
16453 546 
16455 832 
16488 509 
16511 23 
16527 423 
16551 179 
16562 96 
16572 192 
16574 136 
16598 212 
16618 110 
16625 95 
16640 175 
16650 51 
16650 79 
16680 1056 
16694 208 
16697 176 
16708 3100 
16722 11 
16728 447 
16743 42 
16801 225 
16807 15920 
16840 433 
16847 47 
16862 329 
16899 951 
16908 729 
16910 226 
16914 1090 
16915 117 
16920 473 
16992 373 
17075 0 
17090 413 
17114 2 
17168 68 
17180 26559 
17203 245 
17208 203 
17210 228 
17212 2078 
17212 43 
17226 777 
17232 69 
17239 292 
17248 511 
17251 194 
17253 1756 
17254 58 
17276 73 
17292 119 
17294 310 
17324 25 
17333 672 
17348 44 
17403 1017 
17428 640 
17437 384 
17437 199 
17446 425 
17491 789 
17509 19 
17533 211 
17537 1633 
17561 374 
17576 1868 
17582 418 
17584 604 
17585 285 
17587 268 
17594 1541 
17601 398 
17634 141 
17656 513 
17714 822 
17720 1086 
17726 186 
17735 69 
17737 797 
17738 439 
17743 157 
17770 584 
17773 90 
17810 401 
17815 76 
17817 29 
17833 597 
17860 2257 
17895 4652 
17900 488 
17918 88 
17941 544 
17967 31 
17985 133 
17988 523 
17990 86 
17995 124 
18014 1594 
18032 187 
18041 826 
18099 32 
18123 7 
18152 65 
18177 160 
18184 686 
18199 185 
18221 148 
18281 113 
18294 388 
18306 1706 
18333 258 
18353 526 
18390 903 
18433 413 
18508 103 
18528 1172 
18601 373 
18633 176 
18687 1548 
18696 47 
18712 107 
18718 2085 
18740 699 
18748 186 
18750 802 
18792 249 
18804 325 
18837 409 
18905 87 
18929 173 
18997 1030 
19007 63 
19018 344 
19037 41 
19043 45 
19055 324 
19074 953 
19136 188 
19163 95 
19195 1161 
19206 176 
19209 277 
19211 106 
19231 144 
19264 8 
19295 569 
19342 513 
19355 181 
19368 1210 
19404 204 
19447 87 
19494 378 
19517 196 
19522 149 
19537 141 
19594 173 
19607 732 
19616 1110 
19711 278 
19714 362 
19853 675 
19890 68 
19896 144 
19897 249 
19935 1631 
19935 523 
19941 1387 
19980 67 
20044 905 
20044 905 
20054 469 
20054 469 
20066 1778 
20066 1778 
20103 1542 
20103 1542 
20119 15 
20119 15 
20240 546 
20276 9 
20278 369 
20296 527 
20315 498 
20394 238 
20415 121 
20424 50 
20427 544 
20445 201 
20458 60 
20508 502 
20509 1374 
20534 107 
20563 24 
20574 48 
20574 804 
20620 365 
20636 210 
20682 214 
20759 239 
20777 295 
20819 2126 
20821 310 
20861 145 
20878 148 
20888 163 
20980 64 
21005 351 
21017 432 
21030 890 
21045 340 
21060 116 
21071 488 
21082 38 
21121 169 
21145 1107 
21146 373 
21168 269 
21207 434 
21219 43 
21277 601 
21307 139 
21442 384 
21492 42 
21532 95 
21576 151 
21594 48 
21734 33 
21764 725 
21770 104 
21882 9408 
21904 2090 
21934 1730 
21934 28 
21946 383 
21952 94 
22024 33 
22040 1974 
22041 564 
22074 828 
22086 194 
22121 225 
22140 72 
22144 1329 
22155 61 
22190 3250 
22285 63 
22389 246 
22411 333 
22464 2439 
22483 629 
22542 1125 
22597 83 
22652 193 
22717 234 
22747 395 
22757 10542 
22781 2181 
22793 635 
22812 433 
22843 510 
22895 1977 
22919 1531 
22939 151 
22955 142 
22973 1059 
23105 48 
23111 50 
23138 110 
23147 492 
23226 511 
23248 40 
23298 409 
23346 450 
23421 414 
23439 154 
23494 1455 
23706 175 
23740 64 
23814 654 
23838 1987 
23853 89 
23894 409 
23907 60 
24076 193 
24095 893 
24162 240 
24190 99 
24250 740 
24333 370 
24401 748 
24566 37 
24748 784 
24970 2001 
24987 38 
25143 387 
25332 35 
25344 13 
25364 103 
25392 200 
25452 155 
25565 249 
25591 705 
25593 0 
25713 0 
25830 251 
25882 1628 
25931 206 
25956 92 
26024 446 
26087 2 
26118 245 
26167 91 
26208 77 
26441 52 
26589 446 
26799 379 
26864 441 
26909 663 
27037 1303 
27287 579 
27473 453 
27574 1201 
27577 14 
27692 626 
27708 64 
27727 55 
28164 484 
28266 262 
28291 18 
28330 4749 
28400 349 
28497 638 
28645 127 
28695 141 
28775 287 
29057 134 
29176 599 
29316 251 
29348 77 
29631 694 
29732 55 
29782 1276 
29820 68 
29981 793 
30214 187 
30331 210 
30447 105 
30483 3749 
30547 110 
30566 0 
30633 1202 
30640 415 
30656 4006 
30671 153 
30672 156 
30716 11884 
30813 469 
30841 247 
30882 759 
30963 113 
31138 1687 
31180 198 
31209 90 
31296 0 
31326 181 
31406 892 
31420 366 
31437 142 
31522 52 
31585 0 
31605 63 
31616 71 
31686 409 
31691 514 
31776 64 
31829 101 
31878 713 
31893 219 
31911 472 
31999 162 
32070 1962 
32086 213 
32145 159 
32220 430 
32276 9 
32399 915 
32423 5873 
32434 130 
32442 231 
32468 90 
32498 231 
32663 425 
32826 2631 
32918 415 
33012 3186 
33046 795 
33404 461 
33437 480 
33518 327 
33532 12 
33595 879 
33679 102 
33689 282 
33733 1187 
33745 138 
33897 223 
34065 53 
34155 0 
34216 2051 
34248 8664 
34481 42 
34643 168 
34853 1177 
34872 111 
34982 159 
35038 222 
35080 48 
35093 209 
35268 0 
35382 109 
35428 479 
35746 309 
35817 395 
35947 156 
36018 889 
36047 630 
36634 261 
36819 212 
36871 162 
36875 195 
37411 38 
37706 1475 
37827 313 
37883 105 
37987 142 
38290 132 
38315 1142 
38347 280 
38499 1122 
38566 57 
38569 168 
38618 390 
38716 907 
38763 558 
38834 264 
38853 96 
38877 3583 
38893 412 
38949 351 
39082 255 
39201 309 
39404 212 
39553 436 
39561 861 
39692 260 
39694 580 
39851 122 
39898 285 
39921 124 
40017 194 
40074 220 
40090 1107 
40105 509 
40285 86 
40290 100 
40327 20 
40368 118 
40392 47 
40463 98 
40563 396 
40650 22364 
40703 609 
40705 1 
40869 1424 
40908 407 
40928 98 
40937 1758 
40939 348 
41001 342 
41019 427 
41064 86 
41067 571 
41107 444 
41170 378 
41178 145 
41206 93 
41239 28 
41244 405 
41245 219 
41253 233 
41266 117 
41279 1072 
41300 5745 
41351 1025 
41402 1109 
41518 173 
41563 476 
41563 1648 
41599 208 
41658 153 
41686 1261 
41730 1327 
41806 2724 
41815 95 
41888 866 
42031 143 
42074 164 
42190 60 
42321 241 
42511 47 
42565 510 
42604 1218 
42618 38 
42632 190 
42658 30 
42752 1579 
42813 411 
42916 694 
42981 30 
43086 1191 
43108 155 
43145 1651 
43163 224 
43310 614 
43353 761 
43452 928 
43549 634 
43855 103 
43907 352 
44002 1511 
44034 38 
44070 104 
44073 360 
44118 348 
44305 334 
44320 132 
44422 305 
44425 3772 
44503 313 
44513 390 
44516 379 
44543 260 
44566 447 
44590 314 
44596 1132 
44624 485 
44643 319 
44727 134 
44863 279 
44871 317 
44942 169 
44990 885 
45002 25 
45072 176 
45082 9408 
45129 1498 
45139 532 
45190 1036 
45198 548 
45212 1574 
45227 377 
45310 1240 
45330 369 
45353 259 
45485 138 
45522 73 
45541 92 
45566 65 
45625 324 
45670 802 
45699 142 
45806 269 
45838 595 
46192 3 
46298 2288 
46303 2677 
46328 102 
46336 146 
46364 43 
46369 327 
46372 557 
46374 76 
46394 71 
46398 29 
46562 104 
46678 31 
46682 81 
46856 435 
47019 362 
47099 225 
47151 1143 
47216 1285 
47323 2443 
47328 863 
47337 1641 
47383 282 
47397 269 
47599 854 
47747 41 
47812 211 
47872 251 
47879 278 
48034 23 
48117 114 
48541 16 
48545 23 
48549 24 
48712 310 
48899 618 
49180 736 
49201 145 
49264 78 
49324 293 
49370 302 
49400 298 
49427 35 
49452 75 
49479 209 
49492 230 
49530 64 
49651 2 
49695 562 
49746 122 
49918 10 
50144 791 
50196 66582 
50206 4387 
50233 126 
50248 122 
50248 233 
50257 471 
50259 197 
50270 138 
50288 22 
50297 122 
50301 108758 
50306 126 
50313 338 
50313 130 
50315 268 
50318 302 
50318 1026 
50319 522 
50320 813 
50322 241 
50343 127 
50347 313 
50350 651 
50351 145 
50358 88 
50359 237 
50360 198 
50362 467 
50365 121 
50372 403 
50383 189 
50385 1248 
50387 197 
50390 218 
50390 79 
50396 180 
50397 874 
50398 237 
50399 450 
50413 136 
50414 118 
50416 751 
50418 90 
50419 21529 
50421 126 
50422 42 
50428 43 
50428 281 
50431 86 
50434 1604 
50436 1631 
50439 183 
50444 109 
50446 94 
50453 32 
50453 140 
50453 45 
50458 196 
50468 54 
50469 25 
50473 328 
50481 158 
50484 105 
50485 812 
50500 2165 
50506 468 
50506 377 
50537 268 
50546 278 
50550 179 
50553 413 
50573 18 
50576 159 
50577 210 
50579 94 
50599 388 
50607 238 
50609 36 
50614 66 
50616 696 
50628 217 
50629 95 
50635 69 
50639 296 
50650 64 
50659 341 
50661 94 
50663 1717 
50674 106 
50675 577 
50677 81 
50691 76 
50703 1123 
50705 975 
50705 195 
50708 751 
50709 140 
50711 230 
50720 19 
50744 222 
50747 478 
50747 39 
50748 218 
50761 673 
50774 88 
50774 967 
50790 893 
50790 371 
50799 13 
50805 61 
50805 61 
50812 144 
50812 144 
50821 51 
50821 51 
50822 168 
50822 168 
50847 496 
50847 496 
50851 402 
50851 402 
50864 391 
50867 62 
50880 444 
50888 1341 
50897 402 
50911 873 
50913 693 
50915 90 
50924 317 
50944 770 
50945 29 
50948 93 
50958 148 
50995 511 
51006 216 
51014 117 
51036 1072 
51037 108 
51060 4 
51064 129 
51101 386 
51104 699 
51119 98 
51134 390 
51141 142 
51152 601 
51160 252 
51199 546 
51262 154 
51266 242 
51266 117 
51280 37 
51290 158 
51306 335 
51339 0 
51340 142 
51357 147 
51362 775 
51364 72 
51367 36 
51373 148 
51385 154 
51391 128 
51395 279 
51408 45 
51448 231 
51455 530 
51463 40833 
51472 228 
51499 378 
51502 994 
51523 708 
51527 535 
51535 426 
51548 222 
51557 232 
51558 72 
51575 1163 
51583 629 
51600 491 
51620 37 
51637 1152 
51649 368 
51654 376 
51675 53 
51685 311 
51685 337 
51687 178 
51710 71 
51724 161 
51725 345 
51752 65 
51766 41 
51771 4269 
51839 283 
51851 194 
51852 101 
51861 513 
51917 86 
51925 202 
51931 788 
51976 41 
52012 203 
52014 91 
52016 407 
52058 304 
52064 84 
52073 427 
52091 117 
52100 179 
52113 68 
52121 35 
52141 198 
52154 190 
52171 206 
52173 495 
52180 101 
52184 107 
52204 201 
52210 97 
52251 108 
52286 181 
52316 304 
52323 20 
52328 214 
52380 160 
52385 133 
52395 743 
52412 297 
52416 58 
52420 114 
52420 65 
52434 244 
52454 157 
52493 133 
52500 366 
52548 272 
52579 1588 
52591 853 
52595 120 
52612 117 
52631 128 
52632 402 
52711 143 
52826 86 
52857 62 
52864 74 
52880 2271 
52920 181 
52921 16 
52936 191 
52956 38 
52975 105 
53003 1352 
53078 812 
53125 110 
53196 198 
53199 778 
53222 59 
53224 344 
53232 58 
53282 141 
53295 503 
53423 88 
53430 10 
53438 313 
53442 184 
53499 1078 
53510 3372 
53638 389 
53660 31 
53708 3130 
53814 1134 
53833 477 
53881 280 
53937 1530 
53945 179 
53969 589 
53987 1623 
53999 1632 
54007 689 
54007 966 
54010 19047 
54069 632 
54122 79 
54161 351 
54165 252 
54191 542 
54196 184 
54197 661 
54198 65 
54215 840 
54250 32 
54272 25 
54295 490 
54298 552 
54308 418 
54355 2329 
54363 49 
54377 20 
54393 1767 
54405 1228 
54410 839 
54463 306 
54473 692 
54514 1 
54523 232 
54526 23785 
54559 544 
54575 179 
54592 57 
54592 283 
54651 57 
54660 498 
54664 11 
54708 128 
54750 348 
54802 135 
54834 75 
54878 456 
54905 77 
54950 708 
54971 209 
54988 470 
55013 166 
55021 207 
55043 336 
55052 63 
55055 550 
55069 2165 
55085 1183 
55100 164 
55181 13 
55199 209 
55241 143 
55242 689 
55320 232 
55334 363 
55378 201 
55407 88 
55474 176 
55485 305 
55521 2539 
55528 137 
55598 24 
55611 287 
55667 353 
55671 84 
55673 55 
55689 5 
55695 1631 
55697 31 
55786 123 
55831 172 
55832 65 
55896 61 
55948 94 
55979 91 
55999 121 
56031 5 
56052 763 
56072 553 
56072 132 
56092 929 
56127 38 
56206 97 
56227 214 
56229 55 
56233 111 
56295 167 
56310 353 
56331 1102 
56404 504 
56414 655 
56421 110 
56438 715 
56537 126 
56665 88 
56738 145 
56761 153 
56868 2143 
56911 16121 
56943 176 
56966 1144 
56973 35 
57018 175 
57021 171 
57055 689 
57062 17 
57082 956 
57104 16 
57213 516 
57227 563 
57238 559 
57259 245 
57332 173 
57341 163 
57384 239 
57386 4862 
57395 625 
57415 1274 
57430 11056 
57455 579 
57455 178 
57459 58 
57477 140 
57485 218 
57521 455 
57521 173 
57522 233 
57526 139 
57564 1904 
57620 64 
57624 654 
57654 33 
57683 196 
57715 110 
57730 271 
57784 482 
57820 192 
57829 1280 
57855 191 
57879 98 
57946 106 
57990 156 
58044 1026 
58113 764 
58152 495 
58197 114 
58212 129 
58292 0 
58316 40 
58354 449 
58397 263 
58402 31 
58405 190 
58509 121 
58561 299 
58595 2468 
58599 131 
58645 755 
58651 157 
58688 483 
58734 78 
58803 187 
58855 6187 
58858 1281 
58866 896 
58949 1530 
58971 15 
59017 1500 
59025 40 
59088 898 
59166 154 
59358 266 
59404 99 
59432 193 
59438 1030 
59449 160 
59468 58 
59475 374 
59663 154 
59719 553 
59975 33 
60111 66 
60198 697 
60220 1905 
60289 359 
60439 207 
60508 431 
60535 21 
60558 438 
60566 43 
60579 471 
60610 54 
60656 764 
60660 1938 
60827 136 
60838 1106 
60876 356 
60897 93 
60898 349 
60901 70 
60914 79 
60936 106 
60939 45 
60988 141 
61004 454 
61015 516 
61090 48 
61099 1069 
61128 562 
61134 1275 
61164 604 
61171 3034 
61220 119 
61228 276 
61256 0 
61271 655 
61374 220 
61388 18 
61432 22 
61477 282 
61520 103 
61634 68 
61670 509 
61794 94 
61834 426 
61883 539 
61889 103 
61936 1184 
61991 550 
62002 0 
62024 28 
62074 306 
62076 738 
62196 326 
62360 258 
62455 374 
62562 1598 
62660 344 
62779 585 
62796 486 
62798 350 
62848 32 
62976 216 
63004 237 
63028 1154 
63033 347 
63036 109 
63219 342 
63226 84 
63237 61 
63293 262 
63313 117 
63411 297 
63498 68 
63641 203 
63671 312 
63694 423 
63724 216 
63756 399 
63898 301 
63991 604 
64023 235 
64042 1492 
64071 633 
64275 589 
64335 101 
64416 1805 
64539 1943 
64574 595 
64604 648 
64639 126 
64735 55 
64779 134 
64921 50 
65525 106 
65597 237 
65611 169 
65635 291 
65722 125 
65949 3578 
65984 418 
66366 1311 
66425 2044 
66454 374 
66479 95 
66657 123 
66729 1248 
66842 333 
66855 36 
67007 1141 
67098 63 
67174 17 
67250 1593 
67293 0 
67475 188 
67482 6540 
67512 110 
67568 275 
67591 588 
67699 4 
67757 0 
67780 61 
67804 74 
67871 212 
67942 332 
67989 83 
68129 88 
68159 2517 
68216 189 
68226 20 
68489 64 
68501 421 
68507 548 
68660 131 
68721 5895 
68742 1051 
68748 310 
68808 78 
68848 392 
68932 446 
69040 13 
69121 435 
69194 161 
69226 255 
69311 322 
69468 1287 
69542 142 
69582 454 
69607 243 
69622 387 
69635 399 
69639 367 
69640 1929 
69641 1419 
69645 1133 
69659 2102 
69681 306 
69682 263 
69683 209 
69723 1110 
69757 279 
69775 937 
69784 753 
69791 217 
69799 1678 
69805 676 
69812 59 
69853 2728 
69862 385 
69868 1430 
69932 939 
69947 637 
69964 131 
70047 463 
70066 189 
70116 10404 
70164 1473 
70170 417 
70178 585 
70204 970 
70254 132 
70268 28 
70328 512 
70349 478 
70386 81 
70430 117 
70433 196 
70464 467 
70468 366 
70535 298 
70536 190 
70545 1267 
70617 148 
70620 252 
70664 1592 
70683 837 
70787 9 
70794 233 
70822 262 
70848 308 
70866 222 
70885 66 
71088 130 
71231 557 
71298 195 
71348 98 
71383 2683 
71456 115 
71470 3815 
71589 197 
71597 174 
71823 396 
71868 1124 
71896 31 
71897 185 
71904 1251 
71904 633 
71954 142 
71958 126 
72070 52 
72145 10 
72229 2101 
72366 173 
72425 2477 
72461 177 
72480 351 
72676 320 
72759 2492 
72778 1734 
72793 86 
72818 113 
72842 210 
72892 390 
72920 517 
72957 110 
73003 27 
73128 317 
73157 66 
73209 655 
73355 456 
73391 314 
73502 226 
73512 478 
73528 107 
73600 82 
73621 66 
73625 71 
73757 285 
73805 566 
73853 3851 
73865 1350 
73917 246 
73968 81 
74055 105 
74096 1858 
74168 2258 
74261 632 
74324 88 
74346 1186 
74349 305 
74370 112 
74402 94 
74403 269 
74466 548 
74599 99 
75211 256 
75212 43 
75299 43 
75457 98 
75466 98 
75567 297 
75919 90 
76110 107 
76299 145 
76394 849 
76451 82 
76511 1490 
76516 1078 
76602 1877 
76614 31 
76651 214 
76745 319 
76871 838 
77308 149 
77467 5363 
77507 52 
77513 316 
77613 1122 
77626 80 
77631 1264 
77867 51 
78071 499 
78148 1389 
78151 1286 
78157 140 
78177 824 
78248 228 
78252 613 
78276 48 
78287 486 
78361 101 
78414 922 
78435 214 
78503 137 
78509 684 
78577 387 
78692 2660 
78709 235 
78838 6548 
78850 2873 
78961 497 
79048 342 
79226 1232 
79236 37 
79432 461 
79498 325 
89961 147 
89997 197 
90021 191 
90069 164 
90070 349 
90130 796 
90171 797 
90275 4 
90286 620 
90286 84 
90340 868 
90344 394 
90394 508 
90415 122 
90448 144 
90647 9 
91002 68 
91079 1692 
91222 7 
91342 155 
91620 162 
91670 79 
91741 330 
91842 633 
91884 45 
91989 3621 
92020 36 
92078 150 
92102 513 
92208 206 
92290 253 
92290 174 
92477 401 
92665 182 
92784 143 
93045 531 
93319 358 
93399 112 
93443 889 
93632 86 
94162 1910 
94204 304 
94250 224 
94396 143 
94619 3512 
94668 2114 
94706 767 
94734 831 
94741 1360 
94754 498 
94796 274 
94888 431 
94903 1525 
94918 213 
94942 719 
95005 553 
95246 477 
95369 218 
95418 681 
95442 682 
95491 50 
95595 1196 
95649 230 
95669 891 
95697 1001 
95701 173 
95706 634 
95728 679 
95733 770 
95741 180 
95756 511 
95786 870 
95808 1012 
95843 267 
95886 165 
95901 175 
95916 223 
96123 568 
96137 7 
96144 172 
96155 118 
96223 197 
96321 883 
96446 155 
96610 106 
96814 171 
96835 162 
96998 166 
97416 87 
97529 170 
97938 243 
99506 410 
99716 1094 
99810 165 
100003 546 
100039 430 
100685 4595 
100833 127 
101056 101 
101136 125 
101310 128 
101448 425 
101690 234 
101753 1666 
102067 716 
102269 237 
102295 119 
102539 293 
102865 300 
103320 183 
103452 93 
103825 0 
104398 621 
105030 126 
105971 442 
106198 168 
106389 11 
107740 168 
108131 72 
108876 74 
109336 19 
109603 172 
110046 208 
110170 167 
110213 147 
110642 1458 
111290 200 
111376 1663 
111528 143 
113802 90 
114265 11 
114461 706 
115863 89 
118460 186 
118519 99 
121270 1324 
121730 0 
121959 800 
122001 167 
122677 58 
123712 5309 
124718 534 
125577 314 
125871 1701 
125983 528 
125990 147 
126014 34 
126276 154 
126406 81 
126446 430 
126794 282 
127514 78 
127777 1663 
128159 157 
128383 301 
128430 142 
128465 1737 
128693 1834 
128794 333 
129025 1347 
129357 41 
129963 69 
131305 130 
131588 342 
132040 73 
133108 56 
133732 182 
134765 121 
135505 69 
136717 139 
137035 1464 
137241 32 
137348 219 
137400 633 
137541 39 
138009 344 
138546 83 
138682 144 
140161 2043 
140452 1207 
141281 476 
141585 111 
141611 235 
141612 119 
141836 217 
142171 468 
142209 89 
142230 212 
142262 310 
142278 100 
142631 133 
142672 86 
142791 1468 
142851 1342 
142941 32 
143198 3106 
143219 342 
143271 90 
143316 102 
143424 292 
143572 0 
143644 207 
143950 358 
144582 0 
144942 921 
145015 54 
145516 52 
146546 488 
146733 1199 
146789 153 
146810 90 
146815 125 
147609 231 
148153 114 
148507 19 
149341 258 
150009 622 
151269 236 
151438 681 
151457 162 
151696 205 
151957 804 
152083 1238 
152189 1005 
152301 350 
152407 135 
152488 1394 
152655 137 
152726 20 
153110 428 
153543 101 
153646 16 
153956 556 
154020 1777 
154076 1206 
154116 156 
154197 377 
154229 254 
154366 116 
154790 77 
155028 1116 
155105 396 
155365 203 
155869 144 
156008 462 
156014 241 
156014 349 
156063 846 
156076 137 
156091 211 
156119 242 
156393 180 
156536 47 
156558 208 
156641 267 
157331 314 
157945 565 
158202 193 
158523 102 
158847 0 
158945 55 
159938 43 
160212 1097 
160227 29 
160504 412 
160691 230 
160718 261 
160781 175 
160791 92 
160800 804 
160832 1351 
160876 562 
161017 649 
161186 1038 
161213 96 
162111 54 
162268 355 
162417 71 
162784 157 
162942 8307 
162986 454 
163040 224 
163062 600 
163143 304 
163172 525 
163210 109 
163238 557 
163257 864 
163323 173 
163327 444 
163386 345 
163468 114 
163514 204 
163561 279 
163638 162 
163648 179 
164635 101 
164925 774 
164989 8 
164996 166 
165135 225 
165374 556 
165539 1122 
165668 704 
166007 315 
166131 1457 
166706 4379 
166827 87 
166874 96 
167167 513 
167527 18 
167770 447 
167809 206 
168046 1486 
168235 120 
168678 2932 
168954 1276 
168994 105 
169067 2125 
169131 154 
169580 178 
169612 79 
169622 312 
169789 566 
170194 120 
170762 967 
170807 366 
171181 761 
171607 78 
172032 27 
172079 111 
172796 1353 
173255 47 
173769 192 
173803 359 
174129 101 
174648 248 
175342 63 
175635 534 
175956 3969 
176074 138 
176205 185 
176637 391 
176723 247 
176767 75 
176984 2415 
177052 4514 
178280 117 
179000 348 
179232 47 
179597 80 
180002 173 
180413 787 
180468 664 
180543 1053 
180549 4584 
180645 286 
180676 111 
180750 399 
180880 119 
181013 85 
181112 99 
181126 82 
181221 2048 
181223 479 
181435 71 
181846 581 
181934 1025 
182040 382 
182040 153 
182091 343 
184312 46 
184474 109 
184475 140 
185307 517 
185488 2825 
185838 1734 
186145 856 
186390 100 
187072 107 
187360 54 
187834 22 
188230 49 
189878 1 
190834 281 
190894 694 
192220 106 
195091 2011 
197769 365 
202819 376 
202960 114 
203506 183 
205460 112 
209273 117 
211474 25 
213614 26 
214715 298 
214745 4182 
219300 7 
221363 4 
223736 46 
226812 237 
227710 204 
227966 337 
228396 2887 
228655 1250 
229615 604 
231501 257 
234466 3 
235399 90 
235457 538 
235498 106 
235588 228 
235928 399 
236705 649 
236738 1271 
236936 329 
237507 73 
237891 1284 
238336 212 
241728 44 
244026 119 
244516 217 
247367 979 
248948 288 
251012 473 
251104 5623 
251141 80 
251175 206 
251407 362 
251503 8 
251599 163 
251696 483 
251792 1239 
251825 196 
251985 149 
252108 227 
252268 132 
252286 59 
252811 235 
252923 845 
253117 54 
253425 462 
253752 620 
253804 3595 
253909 33 
253912 1683 
253930 300 
253930 847 
254154 45 
254158 62 
254651 291 
255006 155 
255311 1083 
256179 138 
256564 35 
256597 51 
256848 489 
256902 118 
257093 108 
258140 620 
261298 35 
261547 775 
263204 1038 
264229 175 
264730 152 
266823 19 
267271 30 
267870 223 
269154 1457 
269225 1421 
269241 1618 
269291 315 
269299 145 
269305 119 
269316 230 
269575 273 
269611 9 
269931 539 
269955 225 
270528 162 
271268 199 
271699 139 
272648 30 
276353 61 
276380 169 
276471 221 
276532 204 
282330 299 
282888 832 
283217 2661 
283410 40 
283628 89 
285090 52 
287681 4904 
287777 232 
288046 116 
288302 170 
288307 47 
292095 335 
299512 0 
299548 77 
299816 4102 
299837 2 
301639 218 
301672 855 
301715 169 
308561 221 
308684 2083 
313280 85 
313538 619 
318043 238 
318473 95 
318594 7422 
318632 291 
319078 1537 
320940 58 
322059 175 
322369 27 
323903 71 
324362 863 
324544 141 
326688 92 
327676 380 
328018 4 
328477 267 
328762 777 
328984 469 
329679 760 
329771 300 
330411 96 
331249 941 
332849 35 
332945 935 
336493 911 
337935 270 
339706 117 
339812 330 
340202 25 
342095 56 
344300 280 
347911 612 
349699 763 
349946 894 
349984 156 
351640 215 
353534 69 
353645 935 
353690 854 
353699 483 
353719 538 
353860 242 
353926 108 
353994 1017 
356171 424 
367918 558 
369429 95 
380152 3653 
380312 210 
380826 261 
381727 63 
385659 1179 
386701 421 
404266 0 
404481 146 
406805 1093 
406830 645 
407006 1073 
409143 392 
409372 399 
410845 132 
411787 30712 
411840 190 
411995 423 
412082 446 
412700 12 
415708 247 
417184 240 
418327 56 
418563 84 
419352 35 
422649 465 
437158 125 
437177 130 
438476 634 
438545 151 
438573 167 
440498 95 
442967 2523 
444024 736 
444491 62 
444939 84 
445034 20 
445318 142 
452760 151 
480805 60 
480954 328 
511539 731 
519751 321 
519798 83 
525585 103 
528007 406 
529617 587 
530208 1331 
531725 8 
583124 530 
592252 1353 
592344 322 
600148 44 
