5934 4.91456018519
0 367 
147 1726075 
162 23 
169 232 
175 77 
177 100 
183 273 
186 31 
187 746 
188 58 
191 115 
193 141 
197 340 
198 147 
200 39 
201 11 
203 101 
203 512 
203 63 
207 86 
209 175 
209 36 
210 99 
213 35 
217 88 
218 136 
221 94 
229 332 
229 211 
230 221 
230 92 
239 58 
243 20 
245 26 
247 269 
248 12 
249 26 
250 30 
251 50 
260 296 
261 67 
261 60 
262 44 
267 45 
268 95 
271 44 
271 437 
272 85 
273 146 
275 60 
278 38 
279 22 
279 108 
281 327 
285 30 
287 131 
287 976 
291 21 
295 21 
296 49 
298 1420 
301 63 
304 111 
305 30 
306 478 
306 97 
311 430 
314 564 
316 100 
319 18 
325 585 
325 103 
329 90 
331 1852 
334 329 
334 98 
334 160 
339 51 
342 32 
344 211 
344 154 
345 439 
347 29 
349 57 
349 52 
350 186 
352 347 
353 2216 
353 79 
354 105 
359 98 
359 116 
361 113 
362 209 
365 197 
366 184 
372 138 
372 110 
373 15 
375 22 
378 410 
378 85 
384 55 
385 153 
387 67 
388 52 
392 155 
401 114 
409 157 
411 313 
411 125 
411 175 
415 76 
416 270 
417 4829 
417 286 
420 500 
425 12 
428 178 
428 253 
428 102 
428 27 
431 106 
434 70 
435 163 
436 689 
436 450 
438 106 
439 75 
442 121 
444 515 
445 403 
446 70 
448 182 
448 60 
449 243 
450 96 
451 14 
453 94 
453 656 
455 45 
458 272 
460 33 
463 457 
463 113 
467 183 
469 2816 
473 2331 
475 228 
477 333 
484 96 
485 146 
485 268 
486 392 
487 176 
489 689 
489 73 
489 148 
490 220 
492 25 
495 167 
498 18 
500 209 
500 273 
503 53 
505 71 
506 32 
507 184 
507 370 
507 206 
508 107 
510 159 
513 55 
513 113 
514 418 
514 88 
517 79 
518 196 
519 94 
522 338 
524 89 
527 174 
528 49 
531 46 
531 192 
533 63 
539 1713 
546 28 
546 66 
548 114 
548 201 
551 117 
552 149 
552 58 
554 116 
557 108 
558 30 
559 92 
561 128 
566 694 
567 40 
569 96 
574 364 
575 17 
576 146 
583 359 
584 2643 
585 58 
585 43 
585 164 
587 182 
587 268 
588 29 
588 363 
588 190 
593 661 
593 190 
593 79 
594 101 
595 64 
595 145 
598 23 
600 280 
602 221 
602 173 
604 275 
606 393 
606 2726 
607 214 
608 280 
612 88 
612 60 
614 1999 
616 23 
616 425 
619 12 
622 132 
623 33 
629 19 
631 191 
634 167 
637 257 
638 26 
640 12 
644 121 
645 380 
648 17 
653 142 
654 62 
656 137 
658 58 
658 181 
665 382 
666 337 
666 342 
668 400 
670 1524 
675 520 
675 52 
676 1682 
679 277 
679 133 
682 8 
684 94 
685 175 
685 186 
686 295 
689 154 
690 2363 
693 76 
695 69 
695 70 
708 4806 
709 28 
719 97 
721 39 
724 366 
725 23 
726 138 
726 185 
730 273 
736 3243 
737 84 
737 151 
740 116 
750 528 
753 121 
754 142 
757 219 
758 163 
760 143 
764 168 
765 56 
769 256 
771 207 
771 104 
772 22 
772 2434 
772 73 
773 42 
773 122 
774 18 
785 124 
793 233 
793 121 
796 54 
803 47 
805 100 
807 105 
811 54 
813 200 
815 26 
818 451 
820 24 
831 165 
835 151 
858 128 
867 790 
868 58 
868 127 
868 381 
872 1098 
873 1977 
879 34 
881 397 
884 14 
885 853 
885 590 
887 95 
890 56 
893 186 
893 151 
896 171 
899 489 
905 109 
912 189 
920 465 
930 175 
934 218 
936 113 
938 733 
939 602 
948 210 
961 121 
962 260 
969 725 
974 120 
974 56 
975 152 
979 892 
979 555 
985 72 
991 31 
992 639 
992 318 
1002 97 
1011 10 
1019 202 
1019 3242 
1026 152 
1026 278 
1027 55 
1027 63 
1028 110 
1028 166 
1040 49 
1052 195 
1053 443 
1060 98 
1068 19 
1069 30 
1071 79 
1074 130 
1076 175 
1077 176 
1081 12 
1084 1761 
1087 283 
1090 113 
1090 128 
1098 187 
1100 134 
1101 46 
1107 103 
1108 67 
1118 309 
1119 44 
1123 60 
1127 41 
1127 37 
1134 99 
1135 226 
1137 76 
1139 143 
1144 300 
1147 26 
1147 47 
1150 941 
1151 277 
1152 348 
1156 1161 
1157 1326 
1158 148 
1159 156 
1162 25 
1166 50 
1168 118 
1171 261 
1174 97 
1176 237 
1176 298 
1177 187 
1178 274 
1179 75 
1180 232 
1180 177 
1185 92 
1185 69 
1187 180 
1189 18 
1189 41 
1191 14 
1192 245 
1192 406 
1193 126 
1194 2572 
1194 480 
1198 697 
1199 237 
1200 291 
1202 53 
1206 50 
1212 194 
1213 1349 
1214 98 
1214 251 
1215 18 
1220 1165 
1226 21 
1228 166 
1235 148 
1235 109 
1236 90 
1237 99 
1240 148 
1243 65 
1243 79 
1244 14 
1247 800 
1249 1029 
1253 70 
1254 456 
1255 119 
1257 143 
1259 622 
1267 29 
1267 285 
1268 78 
1271 58 
1271 128 
1272 27 
1275 41 
1276 51 
1277 165 
1277 41 
1279 46 
1280 114 
1283 41 
1288 48 
1289 268 
1294 98 
1295 172 
1295 207 
1296 355 
1297 234 
1304 244 
1324 261 
1325 75 
1327 23 
1328 361 
1331 111 
1333 110 
1334 153 
1336 98 
1338 67 
1339 8902 
1345 119 
1348 103 
1349 17 
1349 44 
1350 185 
1350 162 
1351 117 
1354 51 
1356 97 
1358 249 
1358 54 
1361 116 
1364 31 
1367 268 
1367 94 
1369 53 
1370 5604 
1374 50 
1379 66 
1385 85 
1389 177 
1390 204 
1391 94 
1393 32 
1395 23 
1396 208 
1397 402 
1407 131 
1411 12 
1413 57 
1418 1826 
1420 270 
1421 82 
1421 58 
1422 79 
1423 28 
1424 19 
1425 401 
1425 109 
1428 160 
1430 37 
1431 71 
1437 79 
1437 9 
1438 247 
1441 141 
1444 81 
1447 24 
1447 3 
1448 621 
1452 16 
1452 15 
1454 151 
1456 303 
1457 707 
1460 193 
1460 32 
1464 1039 
1468 1637 
1472 125 
1473 26 
1477 222 
1481 27 
1483 23 
1483 213 
1484 35 
1486 490 
1487 46 
1490 53 
1497 132 
1497 26 
1498 2072 
1511 336 
1513 85 
1516 27 
1516 14 
1516 128 
1519 70 
1523 37 
1526 148 
1527 35 
1527 73 
1529 36 
1532 1638 
1534 83 
1534 86 
1537 146 
1538 202 
1539 369 
1541 101 
1543 85 
1544 201 
1547 6724 
1548 514 
1553 113 
1556 139 
1560 180 
1561 1509 
1567 64 
1569 113 
1570 46 
1571 70 
1571 559 
1575 219 
1576 11 
1577 652 
1578 177 
1578 202 
1579 64 
1579 107 
1580 62 
1580 30 
1580 21 
1581 34 
1583 96 
1583 109 
1584 178 
1590 813 
1591 15096 
1593 145 
1594 43 
1594 145 
1594 50 
1602 294 
1605 528 
1605 40 
1608 56 
1613 256 
1614 102 
1617 140 
1618 12 
1620 137 
1621 494 
1625 1101 
1626 277 
1627 76 
1628 73 
1633 460 
1639 49 
1639 127 
1642 1361 
1648 224 
1659 204 
1659 126 
1662 1471 
1664 485 
1666 133 
1675 130 
1675 268 
1678 1454 
1678 524 
1680 263 
1685 318 
1693 29 
1694 52 
1697 102 
1699 36 
1700 411 
1700 143 
1703 242 
1706 325 
1706 173 
1706 268 
1707 70 
1708 311 
1711 506 
1711 418 
1722 40 
1724 54 
1724 24 
1727 226 
1729 125 
1734 94 
1737 205 
1739 48 
1739 378 
1741 93 
1742 45 
1742 655 
1747 558 
1757 96 
1760 147 
1760 40 
1763 609 
1766 23 
1766 76 
1767 426 
1769 39 
1775 206 
1779 45 
1783 530 
1793 143 
1794 441 
1799 143 
1801 104 
1802 188 
1802 108 
1810 149 
1811 843 
1815 213 
1818 95 
1818 1375 
1820 346 
1821 144 
1822 246 
1824 204 
1828 102 
1830 34 
1831 22 
1833 69 
1835 171 
1838 52 
1839 60 
1844 399 
1846 46 
1849 23 
1852 833 
1867 8 
1868 62 
1875 18 
1878 591 
1882 82 
1883 273 
1885 233 
1887 47 
1891 92 
1894 49 
1898 883 
1899 37230 
1903 302 
1907 606 
1907 96 
1912 111 
1914 1178 
1915 203 
1918 220 
1920 666 
1923 43 
1927 220 
1929 45 
1930 14 
1930 3399 
1930 228 
1931 107 
1935 16 
1949 122 
1953 176 
1953 874 
1953 17 
1956 24 
1956 83 
1957 587 
1959 25 
1959 367 
1963 77 
1965 297 
1965 175 
1967 18 
1975 133 
1975 170 
1981 379 
1984 61 
1986 20 
1989 123 
1989 100 
1994 301 
1994 59 
1997 169 
1999 81 
1999 280 
2000 152 
2003 135 
2003 34 
2003 420 
2004 274 
2006 228 
2008 319 
2009 15 
2010 616 
2014 140 
2014 273 
2019 79 
2023 36 
2026 47 
2031 780 
2036 986 
2039 30 
2040 59 
2041 53 
2051 500 
2053 430 
2060 77 
2063 6 
2063 20 
2067 116 
2067 15 
2070 66 
2078 136 
2080 205 
2084 11 
2084 42 
2086 82 
2086 151 
2087 14 
2087 208 
2091 75 
2100 912 
2107 169 
2118 62 
2119 204 
2120 293 
2124 318 
2125 474 
2126 55 
2127 82 
2128 6 
2130 174 
2134 90 
2139 159 
2143 90 
2150 19 
2155 239 
2155 191 
2160 24 
2162 228 
2166 54 
2167 17 
2176 40 
2178 62 
2179 66 
2183 118 
2185 326 
2187 46 
2193 106 
2200 55 
2205 96 
2209 16 
2209 25 
2215 23 
2215 113 
2217 435 
2217 64 
2226 18 
2233 52 
2239 255 
2239 226 
2244 166 
2250 117 
2253 46 
2258 425 
2259 144 
2263 101 
2268 1260 
2268 13 
2275 62 
2276 27 
2276 190 
2277 104 
2285 5 
2286 31 
2289 70 
2291 424 
2291 42 
2292 822 
2294 385 
2295 85 
2296 363 
2298 138 
2299 97 
2309 84 
2311 55 
2311 52 
2312 85 
2312 63 
2315 39 
2321 102 
2325 677 
2326 53 
2330 392 
2332 49 
2332 421 
2333 135 
2335 100 
2335 15 
2335 29 
2337 204 
2345 119 
2346 43 
2355 226 
2357 83 
2357 37 
2357 175 
2357 374 
2367 60 
2370 359 
2374 61 
2374 214 
2377 27 
2378 290 
2381 31 
2383 323 
2383 72 
2387 69 
2389 97 
2389 30 
2390 24 
2391 30 
2392 24 
2398 195 
2405 160 
2415 11 
2417 154 
2420 16 
2421 676 
2425 68 
2427 948 
2429 131 
2435 60 
2436 97 
2438 51 
2439 91 
2439 371 
2444 126 
2444 176 
2445 283 
2449 67 
2451 48 
2458 70 
2460 19 
2461 1775 
2462 60 
2465 92 
2467 9 
2468 35 
2470 41 
2470 101 
2471 307 
2474 542 
2476 259 
2482 34 
2483 92 
2485 143 
2488 80 
2495 48 
2496 1367 
2502 395 
2503 73 
2508 368 
2512 24 
2518 341 
2524 121 
2527 12 
2533 755 
2536 14 
2548 247 
2554 86 
2560 3264 
2560 5 
2563 30 
2563 80 
2564 636 
2567 194 
2570 118 
2574 119 
2577 90 
2578 476 
2579 122 
2586 245 
2591 17 
2593 449 
2593 37 
2594 21 
2595 62 
2595 184 
2595 127 
2599 107 
2603 21 
2603 42 
2606 168 
2608 142 
2611 57 
2618 114 
2634 449 
2634 81 
2635 216 
2637 439 
2645 158 
2652 51 
2654 640 
2660 77 
2663 37 
2678 118 
2681 9 
2683 134 
2688 125 
2696 596 
2698 649 
2700 38 
2701 21 
2704 94 
2711 408 
2714 44 
2715 63 
2723 24 
2734 43 
2745 165 
2753 476 
2768 73 
2769 327 
2770 12 
2771 208 
2772 233 
2772 1130 
2774 57 
2774 31 
2776 25 
2777 1427 
2778 545 
2779 572 
2780 139 
2780 59 
2785 416 
2786 27 
2788 19 
2791 11 
2795 231 
2809 254 
2810 94 
2816 101 
2820 165 
2833 111 
2838 72 
2845 987 
2849 421 
2852 110 
2853 99 
2853 53 
2854 39 
2854 2151 
2857 36 
2865 50 
2874 20 
2877 76 
2885 19 
2887 30 
2893 273 
2899 3160 
2900 47 
2902 13 
2902 19 
2907 102 
2918 185 
2925 40 
2929 91 
2938 9 
2941 482 
2944 56 
2945 21 
2946 19 
2956 110 
2957 98 
2959 266 
2970 30 
2971 459 
2979 36 
2986 52 
2989 110 
2996 106 
3020 5 
3021 68 
3048 66 
3048 210 
3055 136 
3064 46 
3066 249 
3074 678 
3074 555 
3077 113 
3080 132 
3082 132 
3083 247 
3088 158 
3089 25 
3090 177 
3091 197 
3093 14 
3097 83 
3107 50 
3107 489 
3108 60 
3117 1197 
3118 3 
3121 54 
3122 2682 
3125 6 
3146 58 
3148 209 
3152 98 
3158 122 
3179 73 
3180 44 
3184 37 
3190 119 
3194 57 
3196 151 
3201 173 
3205 111 
3206 381 
3213 56 
3214 26 
3217 82 
3221 22 
3231 0 
3242 132 
3243 337 
3253 100 
3253 415 
3270 37 
3271 155 
3271 28 
3272 64 
3286 750 
3288 13 
3288 54 
3291 126 
3291 541 
3294 207 
3302 11 
3302 16 
3304 2970 
3308 46 
3312 27 
3316 942 
3320 15 
3326 30 
3326 1746 
3328 65 
3339 35 
3339 22 
3361 257 
3375 136 
3379 181 
3379 1431 
3386 21 
3400 20 
3401 70 
3403 77 
3406 152 
3407 41 
3408 122 
3421 113 
3441 47 
3442 30 
3454 375 
3471 58 
3474 255 
3483 37 
3490 107 
3503 109 
3505 25 
3512 170 
3526 159 
3527 4548 
3533 93 
3534 86 
3541 225 
3556 279 
3557 159 
3565 60 
3571 42 
3585 109 
3605 132 
3605 251 
3609 57 
3610 443 
3623 6 
3623 4455 
3628 73 
3629 1707 
3632 245 
3634 129 
3639 12 
3643 6 
3647 243 
3651 96 
3653 218 
3656 30 
3657 242 
3669 128 
3678 293 
3679 35 
3684 162 
3687 357 
3688 65 
3701 72 
3702 81 
3712 77 
3724 1285 
3725 54 
3734 171 
3740 61 
3741 485 
3743 25 
3746 40 
3746 533 
3773 113 
3786 90 
3786 27 
3789 28 
3794 110 
3818 51 
3820 174 
3821 81 
3827 147 
3828 429 
3830 11 
3833 127 
3843 229 
3852 27 
3861 20 
3862 57 
3864 61 
3872 100 
3875 348 
3878 164 
3882 593 
3903 23 
3913 132 
3915 648 
3918 34 
3920 579 
3923 274 
3926 52 
3927 4370 
3929 26 
3944 40 
3947 131 
3948 150 
3954 263 
3963 61 
3972 168 
3974 26 
3976 260 
3982 52 
3988 114 
3997 55 
4007 34 
4008 116 
4018 46 
4021 37 
4024 156 
4028 48 
4029 390 
4030 22 
4043 27 
4053 50 
4054 94 
4064 109 
4067 630 
4071 1143 
4077 44 
4084 202 
4088 101 
4090 69 
4097 72 
4103 91 
4105 140 
4107 619 
4111 495 
4116 127 
4118 145 
4120 165 
4122 64 
4125 23 
4127 133 
4131 64 
4149 520 
4150 30 
4164 277 
4165 88 
4165 189 
4168 10 
4175 30 
4180 44 
4181 22 
4185 75 
4185 462 
4185 92 
4194 329 
4205 18 
4205 20 
4216 55 
4216 33 
4217 100 
4231 31 
4232 79 
4241 17 
4259 76 
4260 88 
4275 20 
4276 83 
4278 10 
4290 48 
4296 8 
4300 5 
4302 39 
4318 207 
4321 580 
4337 127 
4350 7 
4355 136 
4387 43 
4392 456 
4424 544 
4429 16 
4439 85 
4449 11560 
4451 149 
4456 38 
4464 6 
4466 138 
4473 52 
4473 145 
4489 215 
4489 604 
4497 37 
4502 61 
4512 217 
4514 97 
4517 31 
4519 87 
4528 362 
4536 56 
4545 105 
4553 617 
4555 142 
4558 13 
4559 72 
4561 31 
4561 19 
4568 228 
4572 40 
4588 48 
4590 15 
4594 96 
4619 159 
4631 34 
4632 22 
4634 47 
4635 107 
4638 102 
4640 115 
4645 179 
4650 10 
4652 324 
4653 93 
4661 141 
4662 304 
4672 40 
4682 63 
4683 44 
4694 356 
4695 81 
4699 259 
4701 341 
4702 86 
4706 60 
4716 67 
4736 76 
4740 74 
4744 35 
4755 229 
4758 55 
4768 62 
4781 195 
4782 19 
4802 152 
4807 111 
4819 93 
4833 107 
4838 323 
4838 15 
4840 198 
4842 11 
4846 65 
4849 26 
4853 179 
4860 292 
4925 66 
4926 626 
4940 155 
4951 445 
4952 14 
4955 89 
4964 168 
4977 607 
4982 23 
4999 91 
4999 43 
5003 131 
5016 53 
5041 6 
5077 53 
5085 6 
5087 17 
5088 15 
5098 9 
5105 40 
5107 93 
5124 101 
5149 171 
5168 42 
5172 16 
5175 189 
5186 683 
5205 59 
5215 167 
5217 58 
5233 22 
5247 26 
5269 128 
5279 30 
5303 689 
5306 12 
5327 12 
5332 85 
5335 68 
5357 23 
5363 12 
5369 234 
5369 206 
5382 66 
5404 57 
5405 49 
5407 18 
5431 159 
5445 69 
5473 122 
5500 105 
5505 60 
5528 273 
5544 759 
5548 9 
5564 243 
5565 134 
5577 309 
5578 17 
5584 55 
5587 185 
5601 96 
5605 55 
5614 214 
5626 186 
5642 46 
5670 82 
5674 21 
5693 481 
5711 54 
5713 19 
5716 231 
5735 146 
5743 59 
5748 85 
5765 12 
5766 369 
5777 156 
5789 232 
5790 17 
5796 156 
5799 52 
5818 359 
5820 3936 
5843 85 
5870 142 
5880 91 
5882 31 
5885 2856 
5890 14 
5902 281 
5904 112 
5904 256 
5907 129 
5907 11 
5907 76 
5913 47 
5934 53 
5942 53 
5942 91 
5954 293 
5957 50 
5971 703 
5974 182 
6000 139 
6010 14 
6011 44 
6039 587 
6047 2031 
6053 263 
6059 65 
6067 102 
6070 179 
6072 44 
6085 113 
6091 197 
6093 106 
6094 81 
6106 846 
6107 547 
6109 30 
6109 38 
6112 23 
6115 165 
6123 454 
6124 76 
6134 64 
6141 308 
6143 1583 
6144 70 
6150 192 
6153 42 
6163 164 
6166 152 
6169 14 
6170 30 
6176 124 
6178 325 
6185 76 
6185 56 
6185 414 
6192 238 
6195 53 
6199 206 
6200 213 
6216 47 
6219 15 
6247 16 
6248 82 
6260 37 
6265 12 
6286 348 
6295 63 
6299 99 
6310 53 
6319 104 
6322 176 
6323 437 
6330 62 
6331 116 
6346 3930 
6348 510 
6360 51 
6364 143 
6372 121 
6378 122 
6381 8673 
6382 28 
6384 51 
6387 32 
6390 378 
6397 38 
6404 347 
6418 242 
6423 262 
6424 286 
6426 7 
6432 120 
6445 1146 
6445 226 
6448 58 
6449 23 
6453 83 
6457 23 
6466 37 
6473 722 
6476 559 
6480 82 
6482 44 
6496 133 
6510 773 
6522 339 
6523 764 
6527 48 
6532 29 
6533 63 
6538 651 
6542 440 
6551 1227 
6552 108 
6565 126 
6566 85 
6576 162 
6578 130 
6583 99 
6589 91 
6593 307 
6596 200 
6623 326 
6626 221 
6630 118 
6635 514 
6640 303 
6642 435 
6646 2 
6653 15 
6653 122 
6657 74 
6683 197 
6688 321 
6707 114 
6714 48 
6715 144 
6715 97 
6717 44 
6718 50 
6723 357 
6724 919 
6738 66 
6747 157 
6748 5 
6753 1 
6760 598 
6763 1216 
6768 221 
6770 93 
6774 127 
6797 175 
6805 264 
6821 59 
6846 5803 
6847 209 
6852 221 
6853 57 
6854 25 
6865 104 
6867 445 
6868 5 
6876 251 
6881 106 
6888 320 
6899 5 
6908 39 
6912 556 
6923 8 
6925 28 
6944 202 
6948 629 
6951 129 
6957 195 
6959 69 
6970 270 
6982 93 
6983 315 
6983 190 
6985 63 
6987 642 
6989 153 
6992 163 
6999 20 
7008 26 
7026 206 
7033 1817 
7034 773 
7045 187 
7072 93 
7074 232 
7082 21 
7089 69 
7110 34 
7111 8 
7114 70 
7120 5 
7134 67 
7152 114 
7159 66 
7164 23 
7167 156 
7170 237 
7172 130 
7190 22 
7221 32 
7221 39 
7232 3 
7239 34 
7252 196 
7269 394 
7274 115 
7276 365 
7280 147 
7283 180 
7303 101 
7343 205 
7347 141 
7351 10 
7353 161 
7354 380 
7362 47 
7365 51 
7375 22 
7375 82 
7378 28 
7402 291 
7406 207 
7406 56 
7430 1187 
7460 148 
7509 192 
7524 180 
7526 127 
7538 231 
7541 91 
7559 75 
7567 164 
7574 117 
7578 268 
7588 79 
7591 29 
7594 62 
7613 363 
7618 10 
7646 123 
7647 265 
7650 224 
7661 176 
7662 167 
7677 292 
7697 224 
7703 16 
7707 3 
7707 159 
7725 64 
7730 240 
7739 27 
7765 150 
7779 153 
7784 45 
7785 42 
7791 15 
7793 210 
7796 14 
7796 68 
7803 90 
7805 284 
7808 228 
7808 624 
7814 123 
7818 24 
7885 125 
7892 59 
7896 16 
7899 67 
7903 197 
7915 8 
7932 23 
7938 123 
7962 57 
7987 23 
8005 20 
8032 24 
8051 50 
8051 287 
8071 55 
8095 50 
8095 142 
8113 119 
8116 73 
8123 32 
8124 165 
8159 102 
8160 18 
8164 421 
8165 23 
8173 77 
8196 345 
8203 43 
8205 148 
8212 125 
8225 1711 
8233 16 
8310 86 
8322 492 
8323 58 
8337 13 
8361 15 
8373 63 
8378 151 
8384 217 
8390 74 
8394 12672 
8402 66 
8414 514 
8418 76 
8426 9 
8426 12 
8487 20 
8503 85 
8507 984 
8539 136 
8542 277 
8552 65 
8567 58 
8576 177 
8576 138 
8577 19 
8577 239 
8649 50 
8680 10 
8683 174 
8684 13 
8702 57 
8710 30558 
8749 335 
8750 31 
8799 134 
8811 700 
8840 13 
8859 43 
8860 56 
8887 938 
8889 8 
8890 52 
8894 115 
8895 274 
8899 177 
8905 16 
8916 62 
8918 467 
8936 153 
8950 32 
8956 26 
8958 117 
8979 114 
8980 62 
8988 57 
9049 246 
9051 438 
9053 134 
9074 133 
9078 18 
9081 6111 
9083 286 
9089 11 
9092 7 
9093 1171 
9099 41 
9102 571 
9119 8 
9126 190 
9129 159 
9134 220 
9139 2927 
9147 49 
9152 407 
9153 489 
9157 89 
9157 57 
9159 179 
9162 230 
9201 43 
9202 432 
9295 131 
9301 107 
9313 95 
9325 50 
9330 33 
9350 68 
9356 254 
9358 1253 
9367 155 
9371 98 
9386 23 
9392 546 
9405 114 
9462 120 
9480 283 
9506 70 
9508 126 
9520 153 
9525 175 
9531 94 
9544 97 
9551 1642 
9561 65 
9564 18 
9605 80 
9610 90 
9611 279 
9618 405 
9634 60 
9647 124 
9648 56 
9654 74 
9660 16 
9669 114 
9684 116 
9736 709 
9737 31 
9737 32 
9751 138 
9754 303 
9768 89 
9780 123 
9784 47 
9801 106 
9805 5 
9869 198 
9871 98 
9885 55 
9888 28 
9899 28 
9903 162 
9919 259 
9924 351 
9930 66 
9933 80 
9933 138 
9948 334 
9958 145 
9962 29 
9965 108 
9965 50 
9974 19 
9985 23 
10011 924 
10018 111 
10025 20 
10040 556 
10051 483 
10052 115 
10136 280 
10138 991 
10147 546 
10152 31 
10169 123 
10184 770 
10192 24 
10202 300 
10263 33 
10268 535 
10271 4 
10277 44 
10293 16 
10305 227 
10370 48 
10382 5 
10400 5 
10413 127 
10466 142 
10476 44 
10487 58 
10509 37 
10519 218 
10588 22 
10658 22 
10668 176 
10670 28 
10752 245 
10771 14 
10772 40 
10774 63 
10781 55 
10792 161 
10816 40 
10830 34 
10831 67 
10835 4 
10855 58 
10927 73 
10950 93 
10958 22 
11024 184 
11038 83 
11098 22 
11098 41 
11135 79 
11140 1892 
11169 11 
11170 18 
11250 83 
11254 389 
11261 580 
11280 75 
11326 132 
11328 112 
11333 287 
11345 33 
11360 26 
11372 51 
11377 587 
11386 137 
11441 46 
11450 27 
11460 9 
11463 394 
11479 54 
11482 10 
11485 7 
11493 34 
11495 11 
11500 74 
11510 6 
11559 56 
11560 17 
11597 31 
11599 77 
11604 64 
11609 262 
11632 51 
11773 91 
11780 30 
11806 53 
11808 10 
11841 41 
11996 177 
11996 8 
11998 121 
12004 23 
12007 1635 
12008 120 
12014 83 
12179 14 
12191 89 
12193 198 
12197 42 
12260 331 
12266 39 
12271 177 
12292 35 
12392 61 
12414 53 
12419 49 
12435 172 
12439 1384 
12448 34 
12572 107 
12586 150 
12668 85 
12699 743 
12705 11 
12713 1145 
12817 64 
12820 220 
12822 233 
12822 69 
12860 244 
12871 35 
12877 154 
12933 343 
12955 80 
13003 31 
13138 28 
13176 49 
13198 51 
13266 244 
13283 22 
13290 44 
13368 443 
13537 265 
13554 17 
13612 17 
13640 85 
13678 29 
13735 14 
13743 20 
13769 113 
13789 259 
13792 11 
13794 290 
13847 57 
13858 95 
13869 153 
13898 36 
13919 141 
13984 131 
14061 13 
14150 58 
14175 81 
14297 191 
14297 26 
14359 94 
14362 350 
14369 48 
14369 18 
14371 200 
14390 297 
14394 27 
14403 55 
14416 101 
14417 42 
14419 56 
14419 194 
14422 159 
14427 57 
14430 483 
14468 309 
14526 48 
14563 87 
14576 112 
14586 60 
14591 178 
14593 160 
14595 347 
14606 128 
14612 62 
14685 177 
14695 2 
14723 53 
14741 34 
14747 84 
14761 50 
14761 441 
14786 50 
14858 99 
15003 176 
15179 90 
15183 123 
15190 132 
15202 24 
15202 65 
15205 153 
15242 361 
15366 56 
15374 30 
15381 293 
15384 51 
15397 306 
15430 24 
15438 26 
15447 66 
15462 38 
15478 145 
15538 62 
15542 48 
15665 111 
15681 130 
15692 71 
15708 170 
15774 6 
15874 138 
15947 80 
15979 45 
15987 46 
16011 36 
16028 199 
16064 25 
16085 13 
16086 108 
16222 262 
16233 88 
16236 69 
16268 295 
16275 58 
16294 109 
16301 120 
16312 41 
16312 5 
16333 97 
16344 57 
16457 29 
16461 97 
16512 39 
16560 39 
16589 3497 
16616 15 
16626 311 
16652 783 
16672 219 
16686 1454 
16690 1893 
16695 50 
16826 8 
16827 65 
16894 133 
16900 45 
16907 2179 
16912 57 
16937 120 
16938 192 
17019 141 
17042 322 
17053 53 
17054 17 
17072 2606 
17095 13 
17214 459 
17215 9 
17254 41 
17261 217 
17265 75 
17271 184 
17279 126 
17279 98 
17280 240 
17285 443 
17289 228 
17297 403 
17350 61 
17352 133 
17353 24 
17354 140 
17355 93 
17364 115 
17366 68 
17367 740 
17368 8 
17370 100 
17370 48 
17370 21 
17372 109 
17373 24 
17376 102 
17376 94 
17377 0 
17383 115 
17387 27 
17389 54 
17390 32 
17396 71 
17402 96 
17402 98 
17403 203 
17403 759 
17405 591 
17408 196 
17417 200 
17418 110 
17420 20 
17420 50 
17422 117 
17425 311 
17428 185 
17437 59 
17439 15 
17441 45 
17442 88 
17452 106 
17452 135 
17455 47 
17457 63 
17460 93 
17466 44 
17471 76 
17474 304 
17477 27 
17480 388 
17482 1 
17483 39 
17485 197 
17486 166 
17488 86 
17490 232 
17490 68 
17491 188 
17492 761 
17496 21 
17497 117 
17498 150 
17501 28 
17502 47 
17503 397 
17504 84 
17512 156 
17512 805 
17515 45 
17517 19 
17538 17 
17538 70 
17542 47 
17549 180 
17552 19 
17554 277 
17557 465 
17558 44 
17559 127 
17562 126 
17563 83 
17566 42 
17569 190 
17570 71 
17570 79 
17572 375 
17573 154 
17578 38 
17580 54 
17583 61 
17587 174 
17589 68 
17591 170 
17593 114 
17595 34 
17602 71 
17606 100 
17610 1462 
17616 34 
17620 14 
17628 2354 
17634 55 
17648 32 
17650 32 
17650 72 
17671 38 
17676 326 
17679 75 
17680 68 
17682 52 
17688 96 
17690 49 
17692 91 
17699 77 
17708 67 
17712 357 
17716 48 
17724 5 
17728 85 
17748 153 
17748 77 
17757 149 
17778 78 
17781 194 
17786 191 
17787 47 
17788 77 
17790 836 
17798 91 
17799 45 
17800 103 
17802 1123 
17807 25 
17817 46 
17821 29 
17831 2036 
17831 75 
17849 85 
17854 70 
17862 780 
17870 6170 
17882 191 
17892 105 
17916 82 
17917 73 
17918 948 
17922 212 
17924 49 
17928 237 
17929 124 
17932 168 
17933 213 
17934 271 
17935 196 
17941 741 
17942 68 
17953 1 
17970 29 
17975 86 
17978 596 
17985 334 
18005 48 
18010 40 
18017 719 
18029 553 
18039 6 
18041 49 
18044 77 
18045 237 
18049 422 
18055 80 
18059 30 
18067 412 
18088 24 
18125 15 
18126 138 
18138 41 
18145 855 
18208 182 
18217 256 
18219 78 
18219 4868 
18221 91 
18246 1422 
18251 50 
18251 1559 
18265 20 
18268 150 
18272 30 
18276 763 
18280 109 
18289 179 
18296 88 
18304 248 
18306 736 
18344 121 
18361 63 
18368 18 
18369 46 
18370 537 
18378 269 
18379 26 
18384 21 
18397 58 
18415 72 
18426 78 
18426 38 
18428 3083 
18437 37 
18438 181 
18440 41 
18460 36 
18460 78 
18473 303 
18476 69 
18482 1280 
18493 79 
18496 188 
18499 30 
18519 22 
18531 38 
18547 21 
18556 22 
18567 49 
18570 2359 
18581 13 
18582 48 
18585 171 
18592 48 
18613 15 
18618 42 
18622 40 
18622 135 
18624 78 
18628 155 
18629 239 
18632 213 
18639 56 
18642 68 
18645 62 
18657 983 
18671 68 
18681 94 
18681 380 
18683 910 
18689 135 
18690 19 
18691 168 
18698 15 
18699 85 
18708 4 
18711 115 
18730 899 
18731 370 
18745 326 
18747 80 
18749 504 
18752 344 
18762 174 
18763 134 
18767 153 
18782 443 
18782 1159 
18787 33 
18796 529 
18799 229 
18814 43 
18819 176 
18820 8 
18824 733 
18841 1320 
18845 93 
18849 17 
18852 97 
18861 19 
18877 911 
18879 95 
18890 358 
18892 26 
18894 39 
18916 79 
18934 318 
18941 84 
18983 12 
18992 55 
18995 80 
19032 5 
19037 94 
19116 67 
19118 920 
19128 73 
19153 152 
19165 6 
19172 208 
19180 42 
19214 91 
19227 127 
19279 20 
19280 22 
19286 1 
19290 140 
19316 83 
19332 79 
19370 12 
19370 13 
19371 158 
19408 16 
19424 71 
19427 356 
19436 128 
19443 47 
19476 42 
19484 43 
19488 451 
19549 465 
19559 21 
19562 14 
19566 58 
19568 44 
19573 86 
19586 893 
19606 8 
19608 59 
19642 50 
19668 70 
19672 1351 
19679 51 
19682 37 
19684 146 
19697 17 
19724 285 
19736 59 
19748 147 
19775 107 
19775 32 
19796 160 
19806 442 
19822 797 
19831 60 
19836 100 
19840 132 
19847 59 
19866 129 
19867 305 
19870 1329 
19894 1074 
19908 660 
19914 261 
19915 583 
19925 135 
19952 35 
19967 89 
19967 29 
19986 209 
19997 96 
19998 237 
20001 98 
20002 318 
20002 114 
20005 226 
20011 57 
20014 24 
20022 21 
20023 37 
20028 87 
20037 22 
20038 23 
20059 56 
20086 358 
20116 63 
20122 155 
20122 153 
20141 152 
20147 40 
20160 49 
20161 10 
20168 426 
20181 62 
20201 29 
20207 110 
20230 21 
20248 355 
20250 136 
20273 13 
20292 36 
20336 93 
20341 228 
20362 61 
20364 68 
20389 135 
20390 217 
20402 562 
20412 33 
20412 81 
20422 78 
20443 49 
20444 1328 
20510 6 
20519 76 
20524 39 
20535 44 
20536 196 
20540 18 
20556 5 
20562 27 
20584 602 
20607 268 
20621 47 
20644 243 
20722 648 
20730 96 
20765 295 
20767 766 
20789 73 
20806 9 
20840 52 
20863 550 
20865 76 
20871 40 
20895 178 
20909 58 
20913 44 
20915 9 
20930 33 
20954 715 
20964 411 
20967 24 
21006 202 
21059 60 
21066 207 
21068 213 
21080 193 
21088 183 
21089 85 
21096 33 
21115 22 
21117 8 
21141 21 
21148 23 
21167 35 
21177 6 
21188 25 
21212 96 
21235 57 
21244 187 
21246 26 
21249 2843 
21263 63 
21264 38 
21303 78 
21317 23 
21353 87 
21371 77 
21418 61 
21420 134 
21458 48 
21462 70 
21463 182 
21466 16 
21478 2 
21481 109 
21507 13 
21516 15 
21574 84 
21576 590 
21590 271 
21591 546 
21608 88 
21609 36 
21614 35 
21622 273 
21628 29 
21633 29 
21635 39 
21668 111 
21738 90 
21749 348 
21808 79 
21826 24 
21827 235 
21839 10 
21842 165 
21851 200 
21872 344 
21894 98 
21905 38 
21914 138 
21922 933 
21992 2 
22010 111 
22052 25 
22053 180 
22055 39 
22057 13 
22076 49 
22079 19 
22086 54 
22106 9 
22148 71 
22180 36 
22193 0 
22198 117 
22234 35 
22280 35 
22298 34 
22345 20 
22347 405 
22434 128 
22447 33 
22460 140 
22489 83 
22496 65 
22535 142 
22566 9 
22568 11 
22588 84 
22588 146 
22731 26 
22764 2515 
22799 128 
22844 185 
22874 2063 
22874 2798 
22899 139 
22937 32 
22981 24 
23021 6 
23031 17 
23070 190 
23100 28 
23107 64 
23240 43 
23293 61 
23299 212 
23346 27 
23398 219 
23401 326 
23409 3 
23413 75 
23502 101 
23507 327 
23564 15 
23572 155 
23583 15 
23633 61 
23652 197 
23658 49 
23666 34 
23692 54 
23703 117 
23755 255 
23858 8 
23877 16 
23889 363 
23890 514 
23906 7 
23906 548 
23915 73 
23917 10 
23923 65 
23937 293 
23956 31 
23988 15 
24000 392 
24000 85 
24004 190 
24028 112 
24041 81 
24084 138 
24141 23 
24151 12054 
24186 552 
24195 104 
24203 42 
24207 294 
24254 142 
24257 45 
24262 81 
24279 22 
24301 85 
24336 203 
24345 12 
24349 548 
24367 124 
24378 1446 
24402 24 
24404 48 
24445 60 
24456 3 
24477 100 
24483 63 
24511 46 
24608 126 
24659 46 
24662 15 
24680 154 
24699 65 
24713 45 
24719 396 
24729 108 
24735 130 
24785 607 
24892 47 
24936 34 
25015 14 
25046 928 
25152 339 
25158 1494 
25180 90 
25188 46 
25220 97 
25220 97 
25230 53 
25230 53 
25245 147 
25245 147 
25286 355 
25286 355 
25454 14385 
25469 173 
25474 69 
25483 1875 
25485 1919 
25486 519 
25500 1494 
25501 573 
25506 300 
25507 3 
25508 298 
25514 578 
25514 1 
25515 164 
25520 14 
25526 213 
25526 191 
25527 12 
25528 70 
25528 203 
25529 243 
25530 601 
25531 93 
25531 363 
25531 279 
25532 118 
25532 60 
25532 414 
25533 263 
25533 718 
25533 51 
25534 230 
25537 24 
25538 115 
25539 101 
25539 93 
25539 765 
25539 58 
25539 225 
25541 458 
25541 820 
25542 338 
25544 6 
25545 146 
25545 115 
25548 408 
25550 38 
25552 133 
25553 93 
25553 45 
25554 13 
25555 5 
25555 194 
25556 41 
25556 13 
25557 106 
25559 111 
25560 22 
25562 815 
25562 33 
25562 49 
25563 37 
25566 32 
25567 522 
25569 318 
25570 45 
25570 383 
25570 68 
25571 18 
25571 363 
25572 737 
25572 34 
25573 449 
25573 95 
25575 33 
25575 60 
25575 8 
25578 46 
25579 0 
25580 32765 
25580 346 
25581 681 
25581 639 
25581 419 
25582 16 
25582 477 
25583 62 
25583 47 
25583 175 
25589 98 
25591 37 
25591 34 
25593 126 
25595 16 
25601 407 
25604 44 
25606 60 
25608 15 
25612 224 
25613 112 
25621 49 
25622 34 
25625 134 
25625 158 
25626 399 
25630 18 
25632 1069 
25633 117 
25634 75 
25636 3 
25640 137 
25643 61 
25645 70 
25646 49 
25647 40 
25647 32 
25649 202 
25651 51 
25651 48 
25652 12 
25655 121 
25656 898 
25658 18 
25662 20 
25666 7 
25668 77 
25672 25 
25688 511 
25698 150 
25700 6 
25703 282 
25708 34 
25708 22 
25710 15 
25710 39 
25712 387 
25715 139 
25716 301 
25723 118 
25723 68 
25729 86 
25730 50 
25737 137 
25738 183 
25753 76 
25754 15 
25758 56 
25764 14 
25768 29 
25770 15 
25775 116 
25776 5 
25780 78 
25796 261 
25808 66 
25818 152 
25834 13 
25851 125 
25865 122 
25868 158 
25878 1564 
25879 13 
25885 109 
25902 158 
25904 15 
25911 14 
25934 691 
25934 30 
25940 43 
25953 186 
25959 128 
25967 7 
25967 9 
25980 2 
25984 112 
26010 10 
26012 200 
26054 32 
26058 32 
26067 1705 
26069 637 
26082 73 
26108 2019 
26139 514 
26151 0 
26171 798 
26216 20 
26260 7 
26264 172 
26286 70 
26316 438 
26324 62 
26330 121 
26429 77 
26438 538 
26470 59 
26474 145 
26488 107 
26529 26 
26546 0 
26584 125 
26597 36 
26604 53 
26661 153 
26684 784 
26687 1 
26702 112 
26743 317 
26744 113 
26758 53 
26789 32 
26844 43 
26848 63 
26922 98 
26942 8 
26985 38 
27038 94 
27040 60 
27053 27 
27076 8 
27088 318 
27091 710 
27099 1016 
27104 71 
27107 122 
27169 99 
27215 168 
27233 21 
27242 36 
27337 108 
27399 93 
27464 22 
27466 868 
27531 151 
27532 90 
27553 132 
27568 34 
27597 14 
27599 498 
27622 255 
27662 7 
27669 0 
27815 8 
27835 269 
27894 72 
27916 75 
27938 71 
27979 301 
28001 159 
28128 22 
28277 79 
28303 46 
28386 149 
28439 89 
28490 159 
28543 55 
28632 151 
28640 33 
28655 972 
28677 16 
28689 37 
28731 42 
28742 408 
28838 123 
28848 490 
28906 37 
28931 418 
28986 23 
28997 145 
29066 18 
29155 331 
29163 8 
29173 76 
29189 76 
29193 25 
29228 43 
29233 1562 
29277 26 
29373 234 
29413 401 
29455 74 
29561 307 
29732 17 
29792 6 
29898 18 
30220 44 
30322 15 
30358 41 
30373 201 
30392 1819 
30545 1818 
30584 708 
30591 63 
30631 208 
30644 30 
30764 35 
30799 156 
30864 78 
30883 91 
31059 265 
31067 72 
31093 234 
31104 96 
31157 207 
31214 83 
31293 134 
31301 26 
31313 422 
31327 187 
31482 26 
31517 329 
31561 117 
31752 257 
31806 137 
31974 13 
31984 159 
32030 26 
32100 53 
32313 97 
32316 59 
32393 142 
32427 291 
32472 74 
32485 26 
32497 117 
32592 212 
32682 72 
32700 138 
32716 154 
32758 17 
32765 264 
32791 151 
32855 256 
32889 74 
32895 10 
32980 37 
33088 52 
33211 22 
33273 0 
33366 251 
33453 161 
33479 1212 
33540 268 
33588 137 
33866 92 
33910 7 
33980 117 
34303 13 
34417 155 
34585 197 
34751 56 
34861 162 
35046 929 
35305 35 
35614 20 
35835 23 
35862 29 
36194 67 
36301 41 
36303 41 
36306 265 
36326 258 
36330 43 
36336 5 
36340 10 
36342 287 
36346 12 
36349 25 
36350 47 
36352 26060 
36356 7 
36356 69 
36362 23 
36363 15 
36363 18 
36366 280 
36378 218 
36379 89 
36380 186 
36383 216 
36384 410 
36402 3 
36409 31 
36410 92 
36420 11 
36422 105 
36427 354 
36429 31 
36439 13 
36443 404 
36445 190 
36445 190 
36447 229 
36449 381 
36449 4 
36455 446 
36465 561 
36478 1402 
36498 24 
36514 102 
36540 45 
36541 2769 
36556 66 
36584 646 
36600 848 
36645 27 
36689 874 
36718 29 
36728 199 
36740 358 
36748 262 
36867 181 
37064 30 
37089 19 
37133 253 
37179 40 
37317 255 
37320 18 
37415 185 
37461 124 
37522 5 
37627 24 
37755 363 
37870 45 
37880 2 
37981 26 
38064 415 
38121 1 
38224 145 
38240 240 
38331 68 
38377 408 
38401 262 
38422 83 
38510 35 
38544 174 
38671 27 
38761 221 
38967 67 
38994 25 
39081 21 
39097 313 
39108 313 
39316 745 
39432 194 
39494 496 
39507 209 
39550 287 
39564 55 
39733 351 
39988 79 
40015 9 
40256 208 
40285 75 
40327 455 
40502 655 
40769 118 
40920 0 
41004 1014 
41185 49 
41239 9 
41457 185 
41538 166 
41589 113 
41743 33 
41768 27 
41932 228 
42183 79 
42313 445 
42694 45 
43039 26 
43309 120 
43397 353 
43444 81 
43495 553 
43504 6 
43582 39 
43711 304 
43802 1032 
43831 247 
44049 1 
44122 93 
44183 403 
44274 290 
44344 407 
44386 40 
44502 65 
45115 20 
45116 479 
45272 72 
45404 32 
45537 1326 
45683 20 
45722 21 
45771 253 
45921 60 
46089 166 
46390 263 
46461 187 
46636 148 
46672 2267 
46682 38 
46686 86 
46757 59 
46808 28 
46872 11 
47431 187 
47502 80 
47513 86 
47663 167 
47687 80 
47732 6 
47747 188 
47799 9 
48122 66 
48185 44 
48190 26 
48374 124 
48514 26 
48568 55 
48650 75 
48811 3 
48842 109 
48892 5 
48969 34 
49228 15 
49539 6 
49594 4949 
49599 322 
49631 125 
49726 54 
49821 20 
49971 24 
50072 206 
50138 86 
50143 10 
50163 109 
50185 899 
50240 116 
50313 248 
50338 127 
50471 12389 
50718 289 
50834 68 
50853 26 
50891 34 
51228 194 
51281 793 
51294 134 
51299 56 
51340 133 
51447 14 
51536 44 
51557 6 
51598 4617 
51600 23 
51679 96 
51680 61 
51700 697 
51717 459 
51753 39 
51793 151 
51862 77 
52024 81 
52194 48 
52396 60 
52453 97 
52460 28 
52598 21 
52727 175 
52756 900 
52842 196 
52899 452 
53060 119 
53069 131 
53206 143 
53216 60 
53300 161 
53325 14 
53351 53 
53407 255 
53513 544 
53594 737 
53814 157 
53976 31 
54003 8 
54079 49 
54137 12 
54237 37 
54602 164 
54645 47 
54792 241 
55073 394 
55129 46 
55440 32 
55448 133 
55500 599 
55504 15 
55548 48 
55570 34 
55806 13245 
55836 68 
56071 118 
56432 91 
56799 253 
56830 63 
56852 683 
56866 193 
56884 2003 
56919 72 
57120 48 
57174 52 
57263 74 
57282 161 
57290 821 
57291 61 
57306 1193 
57313 9 
57586 97 
57829 14 
57888 26 
57908 98 
57938 7 
58099 528 
58146 241 
58158 6 
58160 36 
58217 27 
58282 80 
58603 111 
58642 1087 
58669 696 
58796 1410 
58953 16 
59023 997 
59026 684 
59031 203 
59278 10 
59287 3 
59334 826 
59370 61 
59420 115 
59492 128 
59594 1245 
59629 1167 
59666 278 
59718 388 
59790 4714 
59914 93 
59966 40 
60138 17 
60221 286 
60601 72 
60641 90 
60688 196 
60786 1302 
60794 9 
60803 1329 
61040 65 
61053 113 
61054 27 
61206 218 
61280 22 
61334 171 
61546 25 
61588 242 
61677 315 
61859 43 
62085 683 
62108 104 
62160 47 
62214 114 
62392 46 
62511 5340 
62579 93 
62584 124 
62800 369 
62919 227 
62949 46 
63000 384 
63090 335 
63099 227 
63103 183 
63120 15 
63163 81 
63272 44 
63301 38 
63335 20 
63391 153 
63463 346 
63477 756 
63496 471 
63568 64 
63588 192 
63690 1093 
64136 43 
64195 22 
64233 29 
64240 12 
64278 235 
64320 12 
64322 1231 
64429 27 
64453 434 
64498 103 
64501 245 
64702 75 
64816 428 
64932 1298 
65331 161 
65440 18 
65518 83 
65700 110 
65711 43 
65730 233 
65788 163 
65832 956 
65840 242 
65903 186 
66088 114 
66346 521 
66695 46 
66698 57 
66726 139 
66729 18 
66738 235 
66747 5 
66823 203 
66859 14 
66920 230 
66988 107 
67124 136 
67147 1482 
67208 32 
67236 245 
67307 940 
67324 488 
67324 72 
67462 2 
67533 20 
67547 139 
67641 37 
67789 631 
67841 107 
67934 187 
67941 326 
67977 55 
68083 122 
68121 78 
68137 97 
68290 211 
68312 147 
68331 170 
68340 40 
68361 65 
68367 236 
68389 637 
68391 2544 
68423 43 
68540 230 
68580 82 
68586 166 
68586 192 
68608 32 
68621 164 
68654 225 
68656 606 
68682 1060 
68746 34 
68770 98 
68809 127 
68813 44 
68822 4192 
68887 149 
68947 348 
68962 107 
68989 304 
69032 331 
69057 581 
69226 70 
69236 239 
69257 43 
69271 38 
69346 127 
69413 397 
69464 348 
69526 68 
69560 124 
69670 13 
69688 54 
69752 26 
69753 29 
69831 21 
69844 11 
69882 128 
69965 114 
70019 29 
70024 102 
70027 35 
70074 279 
70156 46 
70262 45 
70383 150 
70390 570 
70460 58 
70483 75 
70494 112 
70551 128 
70599 213 
70694 18 
70720 274 
70762 131 
70825 318 
70825 318 
70867 102 
70888 176 
70911 92 
70916 959 
71029 232 
71083 95 
71095 86 
71140 265 
71171 34 
71200 511 
71258 147 
71454 36 
71548 282 
71566 830 
71783 67 
71934 17 
72041 64 
72090 643 
72129 27 
72378 199 
72522 82 
72700 99 
72795 266 
72865 53 
73117 45 
73135 45 
73237 426 
73324 16 
73387 8 
73396 656 
73447 167 
73468 62 
73475 573 
73483 4 
73518 278 
73793 14 
73833 106 
73854 169 
73886 262 
73897 192 
73925 181 
73937 548 
73940 897 
74010 1303 
74183 94 
74198 24 
74280 164 
74404 68 
74434 94 
74493 95 
74544 228 
74551 51 
74553 1102 
74588 32 
74597 86 
74718 60 
74796 139 
74978 982 
75034 6 
75064 26 
75082 74 
75137 40 
75240 78 
75354 23 
75361 158 
75380 62 
75394 84 
75441 191 
75543 89 
75551 329 
75616 23 
75690 422 
75772 91 
75810 169 
75855 377 
75901 66 
75908 14 
75960 247 
75961 73 
76139 74 
76251 515 
76317 964 
76326 40 
76398 30 
76431 893 
76562 207 
76649 39 
76685 49 
76745 544 
76905 4 
76932 26 
76951 257 
76955 389 
77079 26 
77119 407 
77152 203 
77164 301 
77311 74 
77492 114 
77495 83 
77537 2852 
77600 67 
77701 232 
77752 231 
77927 24 
77972 180 
78007 241 
78126 50 
78145 248 
78230 128 
78237 40 
78258 44 
78336 157 
78347 98 
78386 142 
78611 37 
78670 375 
78682 509 
78910 1303 
78956 89 
78968 142 
79051 105 
79146 610 
79172 7 
79307 179 
79402 107 
79915 36 
79918 54 
80152 58 
80169 20 
80251 166 
80297 26 
80424 24 
80458 281 
80570 66 
80605 88 
80681 544 
80911 110 
80921 3 
80933 274 
80934 16 
80950 64 
80987 77 
81010 28 
81016 116 
81057 51 
81064 91 
81077 56 
81079 833 
81130 466 
81229 4 
81231 59 
81305 37 
81365 128 
81441 202 
81575 39 
81578 47 
81625 215 
81698 9 
81829 22 
81917 7 
81924 234 
81935 71 
81944 25 
81980 309 
82049 130 
82082 211 
82149 179 
82180 88 
82222 13 
82256 26 
82262 85 
82291 143 
82310 803 
82316 45 
82371 48 
82391 128 
82418 743 
82606 343 
82612 86 
82622 88 
82694 40 
82705 12 
82706 898 
82811 0 
82844 51 
82937 2034 
82960 22 
83041 45 
83042 387 
83136 14 
83157 55 
83210 48 
83235 110 
83237 101 
83252 368 
83294 18 
83362 6 
83422 7 
83614 64 
83675 95 
83699 19 
83784 9 
83959 29 
83977 120 
83979 388 
84030 130 
84086 16 
84106 84 
84210 44 
84254 34 
84313 47 
84359 6 
84376 0 
84377 72 
84532 109 
84575 66 
84604 63 
84833 1009 
84881 66 
84909 103 
84923 7 
84945 291 
84954 316 
85011 66 
85064 17 
85111 367 
85280 131 
85335 110 
85352 264 
85537 78 
85636 71 
85757 47 
85758 86 
85911 35 
85920 237 
86091 18 
86117 14 
86139 8 
86498 428 
86603 56 
86609 44 
86636 59 
86662 100 
86885 79 
86956 8346 
86960 102 
87035 242 
87048 493 
87244 31 
87285 452 
87347 281 
87463 62 
87520 23 
87802 583 
87866 14 
87943 62 
87987 248 
88049 22 
88093 534 
88096 730 
88438 603 
88561 32 
88634 127 
88658 13 
88683 20 
88918 144 
89033 108 
89049 33 
89195 549 
89202 55 
89205 93 
89300 71 
89420 80 
89501 1565 
89543 20 
89596 63 
89638 106 
89655 126 
89801 39 
89924 720 
90030 54 
90110 74 
90164 149 
90363 22 
90588 145 
90824 62 
90831 14 
91396 94 
91403 18 
91417 250 
91515 426 
91589 460 
91722 61 
91783 42 
91848 27 
91897 41 
91903 61 
91981 69 
92027 266 
92064 474 
92383 53 
92402 132 
92476 27 
92539 153 
92547 158 
92559 85 
92585 122 
92585 221 
92606 69 
92650 103 
92673 20 
92695 157 
92736 40 
92760 343 
92766 64 
92770 4 
92780 60 
92821 128 
92831 15 
92857 66 
92859 19 
92910 108 
92938 156 
92947 391 
92949 102 
92969 65 
93023 122 
93027 73 
93051 79 
93179 86 
93227 43 
93278 82 
93291 87 
93304 8 
93308 665 
93355 282 
93358 43 
93414 52 
93454 22 
93472 34 
93509 281 
93513 64 
93515 41 
93569 200 
93640 3 
93754 10 
93812 39 
93839 158 
93843 89 
93885 34 
93897 16 
93902 389 
93917 2054 
93940 75 
93953 109 
93972 87 
94002 81 
94026 798 
94051 47 
94052 49 
94113 72 
94190 41 
94252 155 
94302 58 
94354 616 
94480 108 
94525 126 
94527 60 
94593 20 
94783 84 
94789 11 
94825 65 
94841 12 
94974 0 
94980 51 
95109 283 
95165 44 
95214 1752 
95241 128 
95285 389 
95316 226 
95477 2483 
95486 225 
95509 454 
95531 118 
95614 803 
95641 132 
95644 96 
95688 69 
95719 246 
95748 221 
95821 184 
95825 184 
95921 171 
95953 949 
95959 29 
95973 312 
95993 211 
96045 3 
96074 140 
96090 77 
96100 39 
96117 39 
96215 10 
96267 208 
96278 7160 
96297 1466 
96331 230 
96351 5964 
96429 115 
96522 54 
96541 259 
96694 160 
96769 19 
96793 127 
96836 426 
96856 390 
96929 27 
96987 355 
96989 52 
97108 100 
97116 45 
97128 36 
97169 39 
97208 237 
97342 121 
97431 76 
97491 74 
97547 32 
97604 292 
97627 31 
97724 819 
97765 16 
97926 236 
98206 15 
98237 361 
98265 96 
98276 76 
98363 1 
98411 127 
98442 164 
98447 74 
98739 78 
98746 27 
98775 31 
98860 20 
98993 1950 
98993 29 
99095 58 
99111 42 
99113 382 
99172 41 
99258 431 
99461 36 
99653 94 
99715 36 
99831 56 
99844 73 
99962 185 
100043 108 
100069 20 
100204 158 
100230 41 
100262 55 
100538 18 
100712 94 
100718 15 
100742 45 
100786 279 
100828 17 
101093 18 
101186 65 
101226 98 
101348 25 
101355 7 
101384 48 
101561 199 
101797 203 
101825 173 
101836 60 
101881 28 
102035 25 
102085 187 
102325 55 
102601 187 
102607 46 
102640 456 
102742 93 
102763 532 
102784 73 
102790 46 
102956 36 
102975 149 
103107 120 
103188 28 
103220 50 
103535 3 
103542 104 
103604 49 
103615 28 
103628 49 
103766 63 
103787 38 
103866 96 
103931 69 
104120 89 
104236 11 
104267 50 
104413 42 
104430 6 
104540 152 
104932 12569 
105067 61 
105198 290 
105294 924 
105354 727 
105377 12 
105468 58 
105650 712 
105687 43 
105711 66 
105819 1053 
105847 720 
105949 350 
105973 122 
106085 285 
106144 874 
106187 0 
106332 55 
106463 2223 
106743 7 
106982 124 
107057 13 
107310 15 
107726 9 
107923 252 
108047 36 
108190 11 
108396 279 
108561 54 
108615 26 
108648 661 
109046 235 
109188 39 
109417 20 
109433 17 
109605 45 
109618 17 
109691 260 
109719 30 
109775 12 
109804 23 
109806 163 
109817 402 
109849 49 
109862 69 
109877 104 
109885 156 
109939 14 
110029 716 
110259 23 
110300 159 
110310 49 
110319 92 
110336 3 
110345 47 
110382 21 
110429 80 
110518 211 
110559 92 
110580 101 
110951 175 
110997 299 
111091 296 
111431 57 
111517 177 
111601 16 
111607 1004 
111648 396 
111684 36 
111705 2611 
111716 304 
111738 82 
111743 280 
111831 146 
111848 22 
111898 307 
112045 301 
112076 13 
112121 15 
112158 416 
112229 125 
112265 1387 
112334 78 
112342 197 
112416 567 
112437 148 
112697 110 
112709 299 
112753 59 
112760 263 
112953 102 
113191 137 
113438 39 
113761 2018 
113902 195 
113906 42 
114170 155 
114227 142 
114424 24 
114441 319 
114457 3438 
114754 39 
115219 60 
115502 141 
115602 29 
115677 362 
115825 187 
115853 15 
115870 458 
115941 1221 
116003 21 
116058 78 
116083 215 
116084 45 
116139 203 
116164 24 
116332 87 
116395 33 
116395 33 
116531 189 
116560 117 
116738 102 
116778 3540 
116800 159 
116848 149 
116964 14 
116981 164 
117025 36 
117037 51 
117100 34 
117135 205 
117169 120 
117171 69 
117250 9 
117254 57 
117263 317 
117377 492 
117377 19 
117394 286 
117462 52 
117564 102 
117625 61 
117643 136 
117645 214 
117648 29 
117942 920 
117995 127 
117996 121 
118014 45 
118095 104 
118199 47 
118209 90 
118330 40 
118567 49 
118697 198 
118707 33 
118748 142 
118845 78 
118941 27 
119009 59 
119016 68 
119102 75 
119210 27 
119237 30 
119423 92 
119808 417 
120279 67 
120360 328 
120373 661 
120479 104 
120560 91 
120656 31 
120699 59 
120750 80 
121129 87 
121502 110 
121675 481 
121772 55 
122516 72 
122893 120 
123812 308 
124071 172 
124373 59 
124973 506 
125181 52 
125636 135 
125806 35 
125895 89 
125959 22 
126590 1548 
126927 28 
127359 30 
128267 36 
128888 10 
128958 163 
129244 27 
129389 129 
129496 39 
131225 71 
131467 162 
133905 162 
134265 302 
134305 41 
134372 22 
134561 33 
135120 91 
135264 135 
135442 82 
135633 119 
135701 56 
135882 47 
136542 170 
136701 38 
137213 6 
137389 78 
138010 51 
138764 14 
138877 78 
138959 5445 
139102 186 
139138 151 
139419 14 
139483 38 
139644 642 
140441 29 
140638 247 
140739 151 
140885 181 
140969 81 
141311 19 
141539 7 
141606 22 
141639 248 
141646 8 
141959 70 
142958 83 
143697 911 
144509 193 
144521 64 
144867 17 
145109 4 
145211 1744 
145664 78 
145738 10 
145763 106 
145799 743 
145853 50 
146398 28 
146637 92 
146663 604 
146751 278 
147416 106 
147600 146 
147871 110 
147963 198 
148060 33 
148267 25 
148396 334 
148466 27 
148531 30 
148724 69 
148795 112 
148995 24 
149100 182 
149139 91 
149171 119 
149281 47 
149345 230 
149354 41 
149392 31 
149400 42 
149415 872 
149463 63 
149675 14 
149688 20 
149752 5 
150044 43 
150335 132 
150391 78 
150446 47 
150621 630 
150682 34 
150771 238 
150830 31 
150948 108 
150950 80 
150984 92 
151010 25 
151019 386 
151025 7 
151110 229 
151148 54 
151149 93 
151185 12 
151222 56 
151238 8 
151245 403 
151267 10 
151397 169 
151418 55 
151424 19 
151441 120 
151603 20 
151635 20 
151635 301 
151727 57 
151737 73 
151761 42 
151764 175 
151865 12 
151868 274 
151889 9 
151920 170 
151926 2084 
151941 77 
151950 62 
151974 33 
151979 394 
151979 21 
151979 91 
151989 18 
151993 113 
152005 185 
152012 86 
152046 113 
152064 220 
152066 389 
152069 30 
152069 115 
152101 22 
152103 126 
152134 49 
152151 66 
152160 8 
152180 110 
152188 215 
152190 13 
152208 127 
152226 104 
152236 61 
152276 150 
152310 61 
152317 58 
152327 48 
152344 5 
152346 42 
152362 764 
152372 72 
152434 15 
152447 38 
152516 64 
152554 60 
152569 237 
152579 13 
152587 47 
152588 15 
152603 87 
152687 73 
152690 9 
152695 798 
152705 81 
152716 84 
152723 72 
152764 275 
152780 32 
152783 64 
152787 2314 
152828 433 
152831 111 
152834 150 
152837 3029 
152849 22 
152871 38 
152883 34 
152885 8 
152892 6 
152898 30 
152906 105 
152922 266 
152926 56 
152930 124 
152935 112 
152967 40 
152998 375 
153023 104 
153024 51 
153029 78 
153030 43 
153030 118 
153035 19 
153089 23 
153117 69 
153123 38 
153134 32 
153134 45 
153141 127 
153179 36 
153187 51 
153188 318 
153198 1011 
153220 123 
153285 98 
153295 86 
153298 232 
153308 9592 
153310 23 
153321 95 
153327 363 
153340 306 
153352 1068 
153363 94 
153379 7 
153390 109 
153410 14 
153420 75 
153445 18 
153467 23 
153488 12 
153494 77 
153502 183 
153520 7 
153532 33 
153535 1626 
153547 78 
153564 76 
153566 464 
153585 43 
153590 45 
153596 375 
153628 182 
153645 326 
153654 2 
153666 99 
153709 20 
153723 22 
153730 9 
153733 10 
153736 51 
153743 426 
153759 49 
153762 16 
153780 22 
153784 20 
153795 82 
153797 45 
153808 222 
153823 44 
153839 29 
153857 86 
153873 5 
153880 297 
153886 448 
153896 100 
153908 295 
153912 304 
153924 80 
153987 63 
154021 14 
154030 15 
154075 276 
154082 138 
154099 61 
154113 89 
154114 18 
154115 146 
154121 26 
154131 65 
154136 18 
154153 26 
154156 86 
154157 84 
154172 11 
154192 17 
154200 67 
154228 104 
154250 261 
154277 60 
154278 1763 
154285 30 
154292 195 
154294 378 
154300 1565 
154309 55 
154324 471 
154342 160 
154359 66 
154367 59 
154372 68 
154379 26 
154399 567 
154463 42 
154471 116 
154484 77 
154491 43 
154498 2762 
154501 137 
154542 88 
154545 61 
154578 18 
154580 8 
154581 68 
154592 791 
154597 36 
154606 33 
154606 100 
154627 17 
154641 29 
154673 66 
154678 32 
154706 8 
154726 54 
154726 123 
154732 19 
154766 7 
154775 492 
154775 63 
154778 21 
154791 97 
154834 27 
154867 123 
154878 197 
154900 1577 
154927 48 
154947 50 
154950 50 
154953 135 
154959 61 
154962 463 
154971 15 
154990 643 
155020 116 
155027 67 
155041 42 
155047 56 
155058 144 
155064 27 
155067 3153 
155075 105 
155081 49 
155105 224 
155136 628 
155152 1008 
155157 48 
155157 42 
155178 12 
155181 64 
155217 10 
155270 42 
155279 10 
155289 83 
155292 520 
155361 110 
155401 8 
155410 305 
155417 164 
155438 66 
155462 17 
155468 56 
155479 107 
155492 47 
155522 8 
155532 7 
155538 75 
155559 27 
155563 345 
155573 138 
155576 131 
155585 12 
155609 144 
155638 25 
155646 44 
155658 82 
155678 47 
155699 57 
155705 86 
155719 19 
155721 0 
155742 162 
155743 174 
155744 94 
155749 247 
155750 2 
155777 286 
155787 86 
155795 449 
155805 76 
155825 52 
155847 98 
155856 21 
155886 620 
155889 76 
155895 135 
155915 182 
155928 23 
155938 23 
155942 453 
155961 63 
155967 5543 
155970 49 
155998 422 
156023 59 
156026 89 
156048 86 
156049 125 
156059 3367 
156064 37 
156090 118 
156090 30 
156099 142 
156099 47 
156126 2600 
156144 1310 
156154 101 
156158 131 
156173 165 
156192 93 
156198 264 
156204 107 
156207 42 
156213 49 
156224 118 
156249 220 
156253 9 
156264 78 
156288 17 
156296 53 
156312 3132 
156352 16 
156377 103 
156416 229 
156422 75 
156430 133 
156432 10 
156437 82 
156449 61 
156464 222 
156493 25 
156498 242 
156518 63 
156535 77 
156537 160 
156538 25 
156545 50 
156552 41 
156555 130 
156556 238 
156557 1324 
156560 140 
156581 63 
156581 76 
156599 37 
156602 85 
156609 69 
156635 328 
156649 287 
156674 11 
156682 11827 
156703 15 
156721 10 
156725 43 
156728 8 
156735 3241 
156739 129 
156747 75 
156791 25 
156815 51 
156831 46 
156856 470 
156865 469 
156868 145 
156868 12 
156943 100 
156956 382 
156977 28 
156980 9 
156983 29 
157004 184 
157012 297 
157012 133 
157013 262 
157021 81 
157022 2287 
157027 12 
157048 125 
157074 55 
157085 2301 
157088 165 
157106 21 
157106 27 
157135 10 
157136 5495 
157138 37 
157156 19 
157187 6 
157210 111 
157232 35 
157248 178 
157251 31 
157264 146 
157272 8 
157275 91 
157284 9 
157302 18 
157348 95 
157359 107 
157380 21 
157381 51 
157398 12 
157497 54 
157500 76 
157504 147 
157514 567 
157516 56 
157524 26 
157530 26 
157536 22 
157584 605 
157586 72 
157612 4 
157645 13 
157667 48 
157681 112 
157689 1700 
157701 64 
157725 53 
157750 70 
157764 57 
157776 25 
157799 173 
157812 49 
157823 304 
157844 171 
157852 5 
157949 49 
157983 100 
158025 61 
158036 277 
158056 56 
158133 1853 
158154 95 
158172 47 
158179 65 
158194 21 
158231 31 
158232 137 
158239 15 
158253 74 
158256 39 
158262 33 
158264 138 
158272 26 
158285 39 
158339 3530 
158339 31 
158353 37 
158365 39 
158387 119 
158400 1707 
158404 11 
158434 47 
158437 71 
158444 52 
158444 63 
158449 49 
158455 602 
158466 39 
158468 20 
158507 20 
158524 382 
158527 79 
158537 25 
158590 133 
158603 173 
158621 89 
158641 167 
158683 231 
158734 374 
158770 2233 
158775 9 
158790 153 
158818 508 
158837 131 
158857 255 
158870 263 
158884 36 
158886 13 
158918 131 
158948 171 
158960 398 
158971 18 
158975 65 
159025 994 
159111 32 
159146 5843 
159166 81 
159205 39 
159210 169 
159261 186 
159261 40 
159270 435 
159314 8691 
159396 399 
159493 7 
159502 10 
159546 17 
159555 28 
159567 55 
159612 19 
159616 775 
159637 6 
159668 26 
159680 4 
159681 29 
159683 28 
159690 318 
159695 142 
159733 186 
159763 8 
159881 30 
159917 452 
159940 70 
159979 77 
160050 156 
160060 38 
160064 85 
160064 69 
160095 25 
160106 338 
160119 141 
160137 93 
160232 19 
160266 173 
160275 20 
160282 25 
160368 4 
160374 12 
160425 376 
160493 145 
160508 29 
160523 84 
160529 124 
160534 10 
160535 68 
160556 28 
160587 188 
160597 120 
160644 88 
160663 33 
160678 54 
160711 76 
160747 180 
160781 292 
160788 104 
160814 12 
160834 79 
160880 108 
160931 77 
160952 102 
161022 15 
161023 460 
161023 63 
161058 51 
161066 59 
161094 28 
161143 95 
161146 76 
161153 5 
161164 28 
161181 29 
161192 21 
161222 28 
161227 47 
161237 83 
161256 20 
161281 15 
161284 9 
161291 20 
161296 93 
161309 142 
161310 23 
161343 775 
161354 1 
161360 770 
161391 11 
161438 26 
161447 28 
161448 157 
161467 83 
161469 128 
161478 38 
161558 690 
161570 95 
161591 98 
161682 78 
161692 129 
161692 24 
161734 71 
161759 12 
161769 281 
161795 36 
161810 44 
161810 697 
161834 1 
161875 27 
161877 20 
161881 69 
161917 1314 
161947 60 
161964 564 
161965 144 
161973 13 
161974 25 
162031 122 
162073 13 
162093 233 
162094 29 
162112 14 
162131 658 
162134 12 
162171 14 
162196 67 
162220 51 
162240 88 
162282 54 
162299 38 
162308 9 
162316 40 
162348 453 
162350 103 
162385 5 
162392 183 
162400 228 
162415 4623 
162461 48 
162461 48 
162472 22 
162472 22 
162516 33 
162529 82 
162536 65 
162577 0 
162584 139 
162615 30 
162616 75 
162624 21 
162625 1934 
162631 138 
162634 71 
162644 265 
162655 64 
162683 43 
162683 9 
162691 137 
162707 5 
162720 62 
162731 27 
162760 6 
162773 743 
162797 92 
162820 22 
162847 71 
162849 25 
162856 142 
162884 69 
162885 37 
162892 291 
162906 20 
162929 22 
162971 21 
162981 78 
163007 25 
163035 1165 
163040 13 
163141 189 
163147 154 
163168 4 
163168 111 
163173 365 
163189 539 
163201 107 
163204 60 
163227 1181 
163239 4 
163241 40 
163255 10 
163257 76 
163286 58 
163288 31 
163347 218 
163378 9 
163390 129 
163430 85 
163511 222 
163519 13 
163530 536 
163561 44 
163605 166 
163613 3 
163637 65 
163643 171 
163650 38 
163686 80 
163753 142 
163836 159 
163836 71 
163838 19 
163920 1 
163989 12 
164029 8 
164134 74 
164138 126 
164189 57 
164227 32 
164270 208 
164281 187 
164297 8 
164298 39 
164311 333 
164313 3 
164323 69 
164334 59 
164343 36 
164453 22 
164472 123 
164488 31 
164497 164 
164508 97 
164564 60 
164576 28 
164600 123 
164618 620 
164630 1 
164647 31 
164808 187 
164840 249 
164859 19 
164883 38 
164934 61 
164948 37 
164953 67 
164953 8 
164992 24 
165000 2038 
165016 55 
165021 15 
165024 48 
165075 146 
165083 838 
165090 22 
165122 12 
165143 108 
165191 4 
165195 113 
165210 60 
165307 467 
165316 788 
165325 133 
165326 6 
165341 70 
165352 236 
165390 154 
165548 55 
165549 292 
165563 21 
165587 34 
165700 187 
165701 38 
165748 63 
165750 555 
165761 17 
165819 33 
165852 6 
165882 50 
165904 64 
165916 1137 
165997 41 
166044 53 
166079 24 
166148 37 
166149 32 
166272 670 
166283 74 
166303 32 
166331 28 
166332 46 
166398 152 
166413 46 
166420 27 
166440 19 
166446 96 
166447 71 
166489 55 
166537 30 
166626 9 
166708 8 
166791 169 
166791 46 
166859 33 
166874 16 
166888 1064 
166914 77 
166921 78 
166928 7 
166975 75 
166983 77 
166997 76 
167006 24 
167043 18139 
167249 61 
167307 13 
167342 97 
167404 17 
167404 483 
167409 2773 
167418 48 
167448 21 
167471 342 
167486 10 
167547 68 
167565 96 
167640 197 
167654 29 
167689 0 
167758 7 
167859 22 
167886 130 
167887 361 
167895 774 
167945 96 
167977 203 
167993 27 
168038 71 
168085 17 
168098 10 
168111 85 
168120 62 
168122 44 
168125 67 
168150 282 
168209 108 
168231 205 
168249 258 
168254 18 
168302 910 
168312 27 
168379 107 
168422 37 
168452 156 
168636 1644 
168707 146 
168714 156 
168746 207 
168755 170 
168771 215 
168786 54 
168825 127 
168827 41 
168834 21 
168867 84 
169027 47 
169049 18 
169069 104 
169106 72 
169127 66 
169174 107 
169243 28 
169267 13 
169273 5 
169288 5 
169355 200 
169365 26 
169377 47 
169404 13 
169524 57 
169597 47 
169607 28 
169615 68 
169665 35 
169732 52 
169872 542 
169872 35 
169886 62 
169897 17 
169898 191 
169987 3 
170181 63 
170184 91 
170192 72 
170206 57 
170215 12 
170221 60 
170294 41 
170356 252 
170399 146 
170401 130 
170403 353 
170411 41 
170453 125 
170507 10 
170537 583 
170561 44 
170570 144 
170598 353 
170635 81 
170644 22 
170753 19 
170757 1128 
170842 607 
170855 31 
170938 2984 
170967 39 
170969 194 
170980 91 
171014 58 
171085 50 
171099 277 
171146 54 
171199 175 
171222 125 
171223 19 
171255 115 
171379 1196 
171398 187 
171461 388 
171469 180 
171508 146 
171521 388 
171528 31 
171537 75 
171582 93 
171618 65 
171623 22 
171664 34 
171670 262 
171717 12 
171899 7 
171944 352 
172243 9 
172269 23 
172317 41 
172404 265 
172434 66 
172451 38 
172457 8 
172523 64 
172527 29 
172675 10 
172694 464 
172761 433 
172780 75 
172793 24 
172916 65 
172928 113 
172944 9 
173236 14 
173248 42 
173309 131 
173392 267 
173463 58 
173549 5 
173568 75 
173629 56 
173668 75 
173700 1 
173715 40 
173741 12 
173779 72 
173871 334 
174003 216 
174117 31 
174141 49 
174208 69 
174388 159 
174413 11777 
174453 746 
174457 343 
174501 1552 
174605 49 
174683 28 
174737 4 
174830 23 
174970 999 
175029 14 
175167 515 
175197 233 
175275 113 
175339 97 
175351 52 
175372 77 
175382 164 
175412 16 
175625 1 
175651 17 
186347 3 
186386 148 
186477 75 
186595 163 
186755 9 
186810 16 
186938 98 
187049 6 
187098 7 
187125 11 
187133 24 
187177 73 
187221 199 
187560 812 
187863 42 
187928 96 
188003 366 
188028 15 
188129 49 
188201 114 
188225 29 
188333 57 
188397 205 
188635 49 
188853 71 
188920 20 
188989 90 
189001 4 
189018 235 
189028 41 
189056 58 
189098 12 
189419 64 
189583 293 
189643 1 
189727 117 
189774 223 
189818 465 
189897 5 
189899 154 
189972 99 
190120 8 
190138 152 
190287 361 
190350 114 
190357 608 
190405 10 
190786 40 
190996 27 
191029 55 
191146 63 
191161 13 
191259 107 
191259 40 
191633 24 
191805 99 
191834 32 
191890 253 
191931 35 
191942 66 
192120 22 
192130 26 
192366 45 
192552 29 
192744 44 
193273 147 
193327 50 
193551 421 
193577 42 
193639 96 
193664 94 
193698 89 
193699 221 
193708 41 
193801 26 
194092 25 
194118 10 
194333 42 
194454 90 
194502 103 
194556 48 
195001 16 
195051 96 
195179 1526 
195538 88 
195632 31 
195760 9 
196010 21 
196097 590 
196131 93 
196150 12 
196165 448 
196242 852 
196424 45 
196661 2 
197156 200 
197162 54 
197169 198 
197188 42 
197230 181 
197576 39 
197637 108 
197722 54 
197860 126 
197942 22 
198051 88 
198221 29 
198328 181 
198424 31 
198518 44 
198532 120 
198624 365 
198641 45 
198663 142 
198817 241 
198870 8 
198882 13 
198896 38 
198929 30 
199417 161 
200451 115 
200528 52 
200569 143 
200595 164 
200633 514 
200662 53 
200684 2001 
201359 78 
201494 12 
201594 44 
201705 83 
201824 2492 
201944 115 
202095 98 
202191 209 
202196 11 
202347 169 
202739 171 
202936 18 
203771 11 
204205 22 
204277 188 
204379 47 
204871 152 
205602 76 
205655 43 
205822 46 
205874 141 
206137 189 
206687 7456 
206714 371 
206714 371 
206758 31 
206758 31 
206919 146 
207357 46 
207392 78 
207567 149 
207647 21 
208017 1 
208424 18 
208959 9 
209350 106 
209659 762 
209803 26 
209952 27 
210002 9 
210012 1143 
210106 17 
210153 784 
210157 49 
210223 96 
210234 176 
210299 434 
210404 2 
210625 64 
210628 820 
210667 763 
210735 152 
210812 2348 
210818 568 
210968 325 
211187 239 
211306 34 
211556 10 
211645 405 
211665 240 
211675 39 
211718 362 
211763 27 
212454 2718 
212513 24 
212712 45 
214084 76 
214305 93 
214704 206 
214735 10 
214749 863 
215114 1417 
215130 738 
215349 121 
215509 380 
215523 67 
215673 53 
215821 79 
216028 32 
216425 18 
216465 75 
216581 759 
217156 367 
217245 6350 
218192 132 
219160 35 
219219 370 
219509 19 
219694 71 
220333 33 
221222 64 
221567 66 
221608 49 
221631 7 
222507 29 
222795 150 
224539 180 
224561 361 
225738 387 
226344 72 
226454 54 
227324 252 
228129 170 
228615 48 
228726 126 
228883 16 
229220 38 
229271 6 
229300 47 
229595 69 
230171 11 
230497 567 
231652 42 
232988 25 
233161 42 
233205 107 
233262 39 
233725 25 
234051 63 
234230 23115 
234261 88 
234626 25 
234640 119 
234761 24 
234897 203 
234916 1375 
236621 6 
236687 32 
236750 21 
237018 311 
237177 78 
237201 70 
237216 173 
237310 42 
237445 23 
237710 539 
237772 304 
238269 106 
238411 89 
238681 21 
238835 29 
238899 29 
239002 140 
239186 167 
239297 26 
239637 65 
239741 69 
239883 72 
240049 15 
240076 6 
241632 339 
242147 13 
242258 244 
242989 59 
243050 59 
244016 19 
244771 13 
245561 433 
245966 461 
246279 5 
247018 177 
247055 130 
247273 13 
248128 2 
248493 75 
248539 423 
248594 311 
249408 63741 
249446 355 
249479 404 
249497 379 
249559 159 
249564 4 
249700 33 
249765 180 
249778 52 
249819 251 
249841 153 
250060 311 
250293 468 
250836 29 
250956 352 
251168 58 
251336 85 
251624 238 
252203 182 
252952 47 
252991 8 
253032 84 
253242 232 
254545 80 
254809 3906 
255080 1276 
255158 106 
255276 31 
255492 425 
255742 74 
256234 45 
256595 25 
256838 398 
256926 662 
257016 92 
257090 35 
257392 0 
257460 23 
258205 51 
258293 166 
258350 135 
258352 1868 
258638 146 
261469 35 
261824 49 
262711 0 
262986 70 
263451 319 
264892 12 
265144 72 
265295 5 
265417 10 
266032 69 
266296 219 
266344 42 
266829 57 
267087 24 
267187 207 
267188 54 
268290 38 
268595 46 
268997 55 
269726 176 
269954 15 
270660 100 
272164 50 
272339 234 
272585 92 
272871 92 
273026 1030 
275502 91 
277274 54 
277698 158 
278008 91 
278226 141 
278434 37 
279426 55 
279971 77 
281037 266 
281638 36 
282098 10 
282539 343 
282854 138 
284226 74 
284613 192 
285940 19 
288258 49 
289692 76 
291940 36 
294468 512 
295017 440 
299690 24 
300582 233 
305439 64 
306075 86 
306477 77 
308552 160 
308770 186 
309820 72 
311906 37 
311920 441 
312775 206 
314291 262 
314893 301 
322308 52 
322370 71 
323615 19 
323928 14 
325147 37 
326520 15 
326743 53 
327531 546 
327746 171 
328901 13 
329259 179 
329290 1307 
329717 74 
329966 106 
330589 50 
331426 57 
338577 64 
341777 44 
343285 85 
344663 29 
348882 24 
350880 503 
350912 476 
352079 9 
353125 290 
358202 12 
358619 48 
359280 146 
359984 138 
361452 3 
367444 53 
368481 270 
369749 528 
370530 12 
375997 74 
376644 0 
378031 36 
387169 70 
388679 35 
396824 84 
397087 9 
404137 24 
405609 7108 
408420 56 
408449 144 
408489 99 
412647 29 
414383 81 
415158 20 
415730 138 
418607 164 
421536 73 
423224 159 
423361 2 
425129 90 
425615 16 
428197 366 
429861 93 
433101 98 
439003 435 
439029 1191 
442079 0 
444487 15 
449414 59 
449958 154 
455068 3 
455197 233 
455269 929 
457748 6 
457849 64 
459783 67 
460945 12155 
461310 946 
461317 134 
461342 189 
465014 95 
466111 431 
466257 33 
466442 417 
468003 113 
468481 115 
472859 3 
476299 19 
484263 121 
485821 128 
492114 144 
493030 82 
495228 152 
497498 231 
499313 270 
499594 50 
499846 81 
501240 51 
511771 15 
515235 149 
515588 534 
516396 163 
516915 82 
518481 4176 
521558 0 
527281 17 
528095 42 
530938 128 
532429 38 
532597 4 
533272 257 
533558 18 
535539 111 
541373 71 
541404 79 
543330 43 
544055 737 
545460 122 
545505 230 
555547 96 
556289 51 
556467 34 
566878 1461 
602048 9 
604000 56 
