5227 3.92571759259
0 3600795 
11 29 
13 144 
14 319 
14 165 
14 798 
17 56 
18 27 
18 25 
21 962 
22 102 
24 92 
27 88 
27 326 
28 39 
28 318 
29 7 
30 109 
31 9 
32 201 
32 77 
33 303 
33 93 
34 82 
35 127 
37 13 
37 80 
37 18 
38 52 
39 97 
40 85 
40 97 
43 129 
45 94 
46 53 
46 44 
46 14 
47 45 
48 60 
49 42 
50 8 
52 60 
52 52 
52 279 
53 70 
54 40 
56 454 
56 7 
56 28 
57 41 
57 54 
58 127 
58 116 
59 137 
59 22 
59 36 
60 20 
61 49 
61 62 
62 37 
63 60 
64 76 
64 213 
64 75 
64 302 
65 42 
66 316 
66 95 
66 63 
67 217 
67 257 
67 12 
67 9 
68 13 
68 68 
69 121 
69 189 
69 36 
70 1000 
70 5 
71 82 
71 119 
71 20 
72 23 
73 158 
73 104 
73 15 
73 22 
73 53 
74 81 
74 105 
74 40 
74 72 
75 16 
75 19 
76 31 
76 26 
78 103 
78 345 
78 59 
78 33 
79 27 
80 229 
80 836 
80 81 
80 172 
81 426 
81 29 
82 51 
83 83 
84 35 
84 118 
84 12 
84 295 
84 189 
84 7 
85 44 
85 54 
85 88 
86 33 
87 101 
87 42 
87 138 
87 144 
87 89 
88 15 
88 294 
88 19 
89 65 
90 27 
90 100 
91 21 
91 38 
91 118 
91 46 
93 94 
93 84 
94 20 
94 23 
94 38 
95 187 
95 25 
97 70 
97 69 
97 177 
97 43 
98 40 
98 65 
99 44 
99 92 
99 8 
99 241 
100 42 
100 90 
100 67 
101 50 
101 118 
103 64 
103 318 
103 56 
103 34 
103 85 
105 68 
105 518 
105 8 
105 81 
106 24 
106 7 
106 17 
107 87 
107 129 
108 80 
108 1525 
108 143 
109 26 
109 110 
109 513 
109 85 
109 59 
110 29 
110 149 
110 47 
110 13 
110 11 
110 48 
111 93 
111 839 
111 85 
111 67 
112 66 
113 4269 
113 127 
113 85 
113 233 
113 17 
113 29 
114 29 
114 33 
114 26 
114 154 
115 51 
115 68 
115 53 
115 50 
116 70 
116 11 
116 162 
116 31 
116 58 
117 55 
117 23 
117 85 
117 15 
119 16 
119 72 
120 28 
120 111 
120 39 
120 115 
121 14 
122 163 
122 5 
122 55 
122 103 
123 50 
123 61 
123 101 
123 133 
123 100 
123 113 
124 107 
124 35 
124 8 
125 79 
125 79 
125 207 
125 80 
125 12 
125 155 
125 64 
125 21 
126 60 
126 34 
126 34 
126 177 
127 31 
127 46 
127 56 
128 440 
128 39 
129 92 
129 7 
129 58 
129 89 
129 826 
130 39 
130 154 
130 105 
130 115 
130 60 
130 170 
130 94 
130 15 
131 89 
131 45 
132 96 
133 35 
134 43 
134 214 
134 58 
134 21 
135 114 
136 13 
136 334 
136 124 
136 37 
136 15 
137 226 
137 97 
137 115 
137 125 
138 328 
138 325 
139 42 
139 43 
140 53 
140 42 
140 55 
141 9 
141 151 
141 137 
141 101 
142 21 
142 83 
142 21 
142 257 
142 62 
143 141 
143 91 
143 28 
143 5 
143 5 
143 533 
144 128 
144 43 
145 48 
145 120 
145 82 
145 60 
146 68 
146 57 
146 107 
146 100 
146 132 
147 31 
148 6 
148 525 
148 150 
148 56 
149 168 
151 339 
151 7 
151 34 
152 77 
153 60 
153 49 
153 149 
153 47 
153 77 
154 17 
156 43 
156 85 
156 73 
156 12 
156 229 
156 20 
157 26 
158 104 
159 185 
159 141 
160 196 
160 36 
160 70 
160 71 
160 53 
161 169 
161 13 
161 78 
162 55 
162 147 
162 37 
162 38 
162 683 
163 128 
164 60 
164 55 
164 44 
164 56 
165 220 
165 81 
165 156 
165 140 
166 1 
166 40 
166 120 
166 194 
166 85 
167 141 
167 55 
168 8 
168 120 
168 66 
168 9 
168 85 
168 159 
169 133 
170 28 
170 16 
170 81 
170 62 
170 682 
170 60 
170 36 
171 421 
171 469 
171 77 
171 19 
172 94 
172 29 
172 115 
172 533 
173 172 
173 52 
174 5 
174 142 
174 33 
174 307 
174 42 
175 51 
175 62 
175 44 
175 60 
175 413 
175 158 
175 34 
176 63 
176 19 
177 52 
177 22 
178 69 
178 16 
179 2 
180 95 
180 53 
180 136 
180 51 
180 2323 
180 111 
181 281 
181 75 
181 134 
182 45 
183 125 
183 93 
183 61 
184 84 
184 58 
185 79 
186 74 
186 52 
188 623 
189 624 
189 2 
190 220 
190 105 
191 61 
192 111 
192 56 
193 53 
194 68 
194 76 
194 32 
194 38 
195 42 
195 33 
195 38 
196 37 
196 41 
196 475 
196 133 
197 7 
197 130 
198 38 
198 18 
198 122 
199 60 
199 60 
199 70 
200 22 
200 45 
200 43 
200 35 
202 48 
203 50 
203 35 
204 35 
205 44 
205 56 
207 58 
207 100 
208 137 
209 196 
209 116 
209 104 
210 144 
211 61 
211 132 
211 216 
213 32 
213 207 
214 113 
214 910 
215 224 
215 64 
216 32 
216 81 
218 58 
218 34 
219 96 
219 259 
220 73 
220 146 
220 29 
221 22 
221 223 
222 68 
222 28 
223 57 
223 241 
224 6 
228 21 
229 40 
229 58 
230 84 
230 42 
231 81 
232 183 
233 119 
234 149 
234 35 
234 57 
235 42 
235 54 
235 22 
235 30 
236 117 
236 13 
238 210 
239 31 
239 72 
240 11 
240 86 
240 166 
240 45 
242 71 
242 100 
242 8 
242 78 
242 427 
243 24 
243 17 
244 28 
244 33 
244 116 
244 183 
244 142 
245 93 
246 91 
246 128 
247 191 
248 180 
249 213 
249 127 
249 36 
249 75 
250 302 
250 93 
251 113 
251 27 
252 47 
252 87 
252 12 
252 27 
253 98 
253 156 
254 77 
255 39 
256 36 
256 60 
256 150 
258 156 
259 40 
260 50 
260 599 
261 157 
262 64 
263 43 
263 8 
264 96 
264 100 
264 7 
264 5 
264 31 
265 231 
266 43 
266 413 
266 112 
267 474 
267 165 
268 35 
269 613 
269 51 
270 16 
270 101 
271 26 
271 8 
272 4 
272 45 
272 31 
272 164 
273 57 
273 144 
275 42 
275 54 
276 90 
276 13 
276 124 
277 46 
277 6 
277 95 
277 64 
277 1733 
277 131 
278 75 
278 130 
278 137 
278 50 
278 20 
280 99 
280 314 
281 632 
281 19 
281 11 
281 220 
281 33 
282 155 
283 26 
283 20 
284 56 
284 42 
284 32 
284 55 
285 134 
286 54 
286 2 
286 15 
286 91 
287 162 
287 37 
288 50 
288 143 
290 54 
291 334 
292 118 
292 125 
293 57 
293 140 
294 21 
294 96 
294 272 
295 170 
295 47 
296 52 
296 103 
296 171 
296 32 
296 12 
297 69 
297 12 
297 10 
298 5 
298 52 
298 554 
300 59 
300 101 
300 22 
300 16 
301 49 
301 268 
302 93 
302 86 
303 27 
303 80 
303 38 
304 35 
304 194 
304 44 
305 14 
305 99 
306 46 
306 64 
307 159 
307 82 
307 261 
307 104 
307 159 
307 56 
308 22 
308 115 
309 22 
309 44 
309 83 
311 100 
311 116 
311 30 
312 87 
313 21 
313 179 
313 190 
315 9 
315 3 
316 110 
316 101 
316 85 
316 461 
317 65 
319 151 
319 45 
320 5 
320 155 
321 63 
322 0 
322 9 
322 463 
324 48 
325 194 
325 77 
325 51 
325 88 
325 66 
326 6 
326 67 
326 11 
327 139 
327 70 
328 30 
330 144 
330 39 
331 146 
331 434 
332 57 
333 102 
333 162 
333 12 
333 20 
334 29 
334 41 
334 17 
335 77 
335 132 
335 32 
335 57 
335 54 
336 32 
336 30 
336 11 
338 9 
338 259 
339 13 
339 155 
339 126 
340 31 
341 164 
341 60 
341 865 
342 224 
344 155 
345 84 
345 52 
345 11 
346 6 
346 87 
346 6 
347 66 
347 43 
347 54 
349 56 
349 111 
350 182 
350 68 
351 57 
351 79 
352 57 
353 49 
353 121 
353 94 
354 417 
354 381 
356 74 
357 25 
357 14 
357 139 
357 16 
358 31 
359 43 
361 68 
361 437 
363 130 
363 54 
364 8 
365 247 
366 48 
366 203 
368 125 
368 77 
369 55 
369 43 
369 30 
370 153 
370 8 
370 73 
371 228 
371 12446 
372 34 
373 94 
374 26 
378 67 
378 71 
379 46 
380 6 
381 112 
382 16 
382 341 
383 62 
383 286 
383 53 
383 68 
385 27 
385 133 
386 569 
386 56 
387 4 
387 108 
387 45 
388 33 
389 119 
389 311 
391 1620 
393 30 
394 17 
394 28 
394 196 
394 23 
394 102 
396 8 
396 81 
397 92 
397 204 
398 1058 
398 102 
399 168 
399 21 
399 62 
400 164 
400 44 
400 59 
401 60 
401 67 
402 99 
403 58 
404 788 
405 116 
405 16 
405 40 
405 100 
406 39 
408 62 
408 41 
408 14 
409 3 
409 2 
411 108 
413 59 
414 98 
414 71 
414 345 
415 43 
415 9 
415 60 
416 12 
416 88 
417 217 
417 145 
417 162 
417 0 
418 89 
418 180 
418 23 
419 10 
420 63 
420 239 
420 49 
420 5 
421 50 
421 51 
421 358 
422 6 
422 97 
423 52 
423 191 
423 421 
424 51 
425 113 
425 6 
425 89 
425 17 
425 52 
426 34 
427 20 
427 75 
427 52 
427 6 
427 14 
428 403 
431 56 
432 52 
433 136 
433 29 
435 26 
435 163 
435 51 
436 53 
436 61 
436 235 
436 36 
437 49 
437 56 
438 94 
438 75 
438 262 
439 73 
440 225 
441 7 
441 74 
442 19 
442 0 
442 14 
443 130 
444 55 
445 228 
445 28 
447 73 
448 16 
450 53 
450 132 
450 83 
451 1569 
452 20 
452 20 
452 63 
454 26 
454 469 
454 75 
454 246 
455 49 
456 18 
456 17 
456 84 
457 83 
458 51 
458 219 
458 64 
459 158 
459 39 
460 40 
460 118 
461 77 
461 62 
461 0 
462 161 
463 92 
463 66 
463 49 
463 69 
465 148 
465 47 
466 60 
466 73 
466 61 
467 6 
467 27 
467 49 
468 75 
468 16 
469 39 
469 13 
470 2 
472 10 
472 77 
473 65 
473 12 
474 54 
474 23 
475 86 
475 43 
475 106 
476 55 
477 20 
480 6 
480 61 
481 332 
483 304 
483 76 
484 238 
485 117 
486 48 
486 185 
487 45 
488 21 
488 14 
489 84 
490 7 
491 88 
491 247 
492 147 
492 262 
493 118 
495 50 
495 23 
495 44 
496 103 
499 56 
503 26 
503 116 
503 150 
504 130 
505 74 
506 8 
510 570 
510 78 
510 127 
513 43 
513 45 
514 126 
515 35 
515 191 
517 6 
517 135 
517 104 
517 601 
518 120 
519 777 
520 166 
520 179 
521 113 
521 56 
523 263 
524 14 
524 255 
527 20 
529 16 
529 29 
529 19 
529 37 
530 74 
530 73 
530 101 
531 240 
531 87 
533 57 
534 20 
534 81 
535 26 
536 124 
536 83 
537 61 
537 89 
538 143 
541 160 
541 26 
544 25 
544 108 
545 1 
545 70 
546 50 
546 22 
546 8 
547 65 
547 32 
548 68 
548 122 
549 143 
550 96 
550 198 
550 33 
551 21 
552 115 
553 102 
553 170 
554 200 
554 171 
555 17 
556 69 
557 50 
557 31 
558 129 
559 13 
560 76 
560 10 
562 52 
562 31 
564 134 
565 76 
567 236 
567 47 
568 46 
569 65 
569 10 
569 87 
572 11 
573 60 
573 71 
578 9 
579 12 
579 57 
579 104 
580 42 
580 43 
582 106 
584 28 
585 87 
587 47 
588 136 
591 15 
591 20 
592 102 
592 144 
592 230 
595 44 
596 32 
597 39 
597 110 
598 4 
598 46 
599 62 
599 111 
600 72 
601 63 
603 48 
603 24 
604 139 
604 45 
605 200 
605 36 
607 210 
607 96 
608 340 
610 249 
610 57 
610 29 
612 86 
613 134 
613 52 
613 176 
614 33 
615 103 
615 50 
616 425 
616 329 
617 43 
619 104 
619 33 
619 194 
620 71 
621 79 
622 21 
622 109 
622 134 
625 78 
626 129 
626 90 
626 369 
628 57 
628 11 
629 104 
630 110 
630 82 
632 56 
632 33 
633 68 
634 20 
634 37 
634 42 
635 80 
636 36 
640 100 
642 67 
643 271 
644 107 
644 32 
645 17 
646 30 
647 28 
647 138 
648 3233 
648 24 
650 202 
651 43 
651 116 
652 104 
652 22 
653 84 
653 37 
656 38 
657 13 
658 6 
659 15 
659 12 
660 12 
660 41 
661 132 
661 99 
661 259 
661 114 
666 122 
666 23 
666 67 
667 41 
667 90 
667 46 
667 1500 
668 12 
668 115 
669 6 
669 5 
669 159 
669 88 
670 99 
670 292 
670 55 
670 135 
671 119 
671 139 
671 58 
671 44 
673 11 
673 30 
674 350 
674 46 
676 116 
677 40 
677 77 
678 25 
678 143 
678 16 
681 249 
682 74 
683 46 
683 21 
684 61 
684 78 
687 60 
688 80 
689 30 
692 27 
692 140 
693 24 
694 116 
694 95 
695 80 
695 94 
697 6 
697 262 
697 13 
698 37 
700 11 
702 200 
703 32 
703 278 
703 52 
704 486 
704 21 
704 125 
705 24 
706 949 
706 89 
710 89 
711 314 
712 54 
712 165 
714 17 
714 112 
715 23 
715 56 
719 69 
720 294 
721 42 
723 343 
723 100 
724 43 
724 66 
725 104 
725 118 
726 28 
726 186 
727 159 
729 67 
729 44 
729 8 
731 118 
732 19 
732 9 
733 29 
735 5 
736 285 
738 78 
740 80 
740 123 
740 69 
740 45 
741 34 
742 76 
742 25 
743 152 
743 94 
743 19 
744 276 
745 110 
746 46 
746 115 
747 1361 
748 30 
748 144 
749 61 
749 88 
751 18 
752 17 
752 164 
752 28 
753 53 
754 21 
755 44 
756 55 
757 151 
757 6 
757 26 
759 16 
762 15 
764 1097 
765 104 
765 9 
767 92 
767 24 
767 287 
767 42 
768 3 
769 41 
771 57 
772 85 
772 103 
775 100 
778 39 
778 6 
780 16 
780 54 
780 76 
781 71 
782 30 
783 369 
783 13 
784 29 
784 22 
784 237 
784 23 
784 13 
785 11 
786 19 
786 45 
790 25 
790 23 
790 81 
791 159 
792 35 
793 896 
793 14 
793 17 
794 10 
794 26 
795 85 
795 95 
795 26 
798 93 
799 141 
799 39 
799 54 
800 113 
801 22 
802 23 
804 9 
805 49 
805 126 
806 235 
809 27 
809 54 
809 201 
810 193 
812 102 
813 48 
815 90 
815 80 
817 231 
818 18 
821 1549 
821 80 
822 130 
825 39 
825 77 
825 88 
825 5 
828 22 
828 81 
828 48 
830 40 
831 123 
832 20 
833 90 
833 24 
834 42 
836 15 
839 71 
841 42 
842 135 
842 81 
843 220 
845 264 
846 15 
847 138 
847 376 
847 160 
849 11 
851 122 
854 16 
855 69 
859 27 
860 8 
860 77 
861 79 
862 19 
862 202 
862 103 
864 226 
864 43 
864 34 
868 14 
869 25 
870 85 
870 75 
871 64 
873 112 
876 142 
879 29 
879 80 
881 25 
881 17 
881 424 
881 110 
881 85 
882 149 
883 16 
883 190 
884 77 
886 6 
887 413 
887 3 
888 64 
889 46 
890 292632 
891 97 
892 175 
893 23 
894 249 
896 108 
897 100 
897 41 
897 179 
898 19 
898 1 
899 40 
901 8 
902 109 
904 188 
904 34 
905 63 
906 65 
909 11 
909 31 
911 46 
911 104 
917 61 
919 51 
920 63 
921 25 
922 135 
922 13 
922 410 
923 25 
924 46 
925 62 
926 88 
927 18 
927 75 
929 59 
930 317 
931 116 
932 17 
932 11 
933 78 
935 107 
936 9 
936 22 
936 8 
937 213 
937 22 
938 75 
938 72 
939 10 
939 21 
943 2 
944 26 
945 11 
947 19 
947 291 
948 169 
948 69 
949 60 
952 84 
954 28 
955 98 
956 380 
957 42 
957 37 
958 105 
958 107 
958 72 
959 105 
960 86 
965 35 
966 139 
967 46 
968 155 
971 7 
971 65 
971 29 
972 56 
973 52 
973 118 
974 37 
974 4 
974 24 
974 18 
975 140 
978 36 
979 96 
983 38 
983 27 
983 37 
984 252 
987 404 
988 174 
989 32 
990 66 
993 78 
996 182 
996 12 
996 155 
999 40 
1001 79 
1002 13 
1004 828 
1006 28 
1007 125 
1007 4 
1009 27 
1009 3 
1013 83 
1014 47 
1016 95 
1020 58 
1020 76 
1020 66 
1022 147 
1024 28 
1025 55 
1025 39 
1025 135 
1025 38 
1027 49 
1027 41 
1027 36 
1028 23 
1028 452 
1029 273 
1030 91 
1030 61 
1031 102 
1031 93 
1032 179 
1032 22 
1035 147 
1035 48 
1040 40 
1042 15 
1042 62 
1042 37 
1043 71 
1044 61 
1046 154 
1047 83 
1048 8 
1048 57 
1049 17 
1049 7 
1049 28 
1051 33 
1052 35 
1053 133 
1054 11 
1057 170 
1058 79 
1059 103 
1060 86 
1061 33 
1062 64 
1062 32 
1063 34 
1063 712 
1063 9 
1063 13 
1064 265 
1065 73 
1067 10 
1070 5 
1070 51 
1071 23 
1073 307 
1075 163 
1076 30 
1077 23 
1078 22 
1078 183 
1079 135 
1079 112 
1080 48 
1080 105 
1080 84 
1081 11 
1081 29 
1081 94 
1082 121 
1084 29 
1084 9 
1087 274 
1089 296 
1089 36 
1090 115 
1092 25 
1093 39 
1093 56 
1094 87 
1095 238 
1096 183 
1097 5 
1098 49 
1100 53 
1100 76 
1101 219 
1102 175 
1103 25 
1103 65 
1104 7 
1105 43 
1106 26 
1107 98 
1108 29 
1109 130 
1109 46 
1110 36 
1110 1 
1113 68 
1114 39 
1116 4 
1116 48 
1116 61 
1116 16 
1117 76 
1117 143 
1118 49 
1121 21 
1122 6 
1123 24 
1123 187 
1124 53 
1126 15 
1126 135 
1129 118 
1130 98 
1131 145 
1131 113 
1131 389 
1132 40 
1133 32 
1133 32 
1134 82 
1135 82 
1135 77 
1137 635 
1139 82 
1140 115 
1140 41 
1140 1216 
1141 49 
1143 280 
1143 265 
1144 175 
1144 8 
1144 22 
1144 51 
1145 98 
1146 41 
1147 49 
1147 6 
1148 69 
1149 9 
1150 56 
1151 30 
1151 33 
1152 106 
1152 71 
1158 9 
1158 41 
1163 171 
1163 90 
1165 89 
1169 49 
1173 81 
1174 91 
1174 52 
1176 33 
1178 48 
1178 56 
1179 97 
1179 50 
1181 54 
1182 109 
1184 203 
1184 47 
1184 96 
1189 71 
1190 23 
1192 21 
1192 63 
1192 42 
1193 52 
1194 77 
1195 69 
1196 100 
1199 51 
1200 14 
1200 2 
1200 25 
1202 179 
1203 26 
1203 29 
1204 264 
1206 93 
1207 91 
1207 34 
1212 141 
1212 19 
1215 77 
1218 114 
1218 8 
1219 55 
1222 68 
1228 47 
1229 36 
1229 67 
1230 246 
1231 23 
1232 46 
1233 10 
1237 63 
1237 120 
1241 145 
1242 53 
1244 102 
1245 16 
1246 27 
1249 224 
1250 133 
1251 175 
1251 14 
1252 208 
1252 79 
1254 10 
1254 7 
1256 46 
1258 30 
1259 129 
1260 112 
1261 9 
1263 85 
1263 19 
1263 61 
1264 95 
1264 6 
1266 55 
1266 42 
1267 18 
1268 224 
1269 32 
1269 68 
1273 115 
1275 50 
1275 127 
1277 30 
1280 32 
1281 32 
1283 17 
1283 8229 
1290 43 
1290 29 
1291 47 
1292 63 
1292 77 
1297 14 
1297 29 
1297 68 
1297 116 
1298 167 
1300 28 
1300 67 
1301 103 
1305 60 
1306 9 
1306 111 
1310 4696 
1311 20 
1316 34 
1322 162 
1326 16 
1326 36 
1327 26 
1331 53 
1331 94 
1334 62 
1337 305 
1337 179 
1338 119 
1338 24 
1341 69 
1341 15 
1342 8 
1345 26 
1351 35 
1351 39 
1353 33 
1353 63 
1357 6 
1357 79 
1357 103 
1358 3 
1360 127 
1364 18 
1366 241 
1369 85 
1374 3382 
1375 47 
1375 11 
1375 57 
1376 40 
1376 78 
1377 106 
1378 128 
1384 43 
1384 795 
1385 69 
1385 47 
1385 11 
1388 85 
1388 16 
1390 47 
1392 24 
1394 117 
1395 23 
1395 56 
1396 33 
1397 76 
1398 17 
1399 15 
1399 9 
1400 1102 
1403 109 
1404 1764 
1408 65 
1409 4 
1410 32 
1410 214 
1411 35 
1412 20 
1412 44 
1414 27 
1416 66 
1417 50 
1418 125 
1421 30 
1421 55 
1421 202 
1423 62 
1426 17 
1428 199 
1433 153 
1434 29 
1435 27 
1435 14 
1438 8 
1439 385 
1444 12 
1445 29 
1447 178 
1447 62 
1448 84 
1448 87 
1452 1314 
1452 87 
1454 35 
1456 5 
1460 11 
1522 154 
1523 6 
1525 37 
1526 68 
1527 245 
1528 38 
1528 51 
1529 48 
1530 36 
1530 1163 
1532 17 
1532 92 
1533 3 
1535 32 
1537 340 
1538 155 
1540 42 
1540 95 
1547 4 
1547 24 
1549 12 
1551 136 
1553 83 
1554 33 
1554 113 
1556 25 
1556 14 
1557 81 
1558 46 
1559 34 
1562 10 
1562 42 
1563 40 
1564 1443 
1565 80 
1568 78 
1569 23 
1574 853 
1574 34 
1576 304 
1577 58 
1580 202 
1581 44 
1583 74 
1589 14 
1589 24 
1590 57 
1590 27 
1591 23 
1592 69 
1593 65 
1593 31 
1595 63 
1597 162 
1601 26 
1603 50 
1603 22 
1607 39 
1608 0 
1610 81 
1612 25 
1613 85 
1613 65 
1620 11 
1621 127 
1624 11 
1632 49 
1633 13 
1633 33 
1633 88 
1636 84 
1639 72 
1641 171 
1643 20 
1644 2 
1646 81 
1648 101 
1649 130 
1650 18 
1654 59 
1655 42 
1659 136 
1659 87 
1660 11 
1660 9 
1664 199 
1664 105 
1665 10 
1669 103 
1669 133 
1670 59 
1670 120 
1670 60 
1684 114 
1684 62 
1684 22 
1685 46 
1690 86 
1695 56 
1698 261 
1698 44 
1698 26 
1700 66 
1702 74 
1704 1415 
1708 44 
1711 73 
1712 60 
1712 36 
1715 26 
1715 71 
1716 21 
1716 22 
1716 47 
1718 37 
1718 45 
1718 75 
1719 64 
1725 60 
1725 241 
1727 24 
1728 33 
1738 47 
1741 65 
1743 353 
1744 103 
1748 156 
1748 7 
1749 280 
1749 52 
1750 142 
1751 301 
1752 113 
1752 10 
1752 31 
1753 25 
1753 100 
1753 101 
1756 21 
1757 43 
1758 73 
1759 66 
1759 1018 
1760 47 
1761 25 
1761 12 
1762 19 
1763 55 
1765 29 
1766 24 
1767 5 
1769 40 
1770 67 
1770 73 
1770 71 
1770 10 
1772 74 
1774 81 
1776 242 
1776 131 
1781 103 
1782 78 
1783 62 
1783 23 
1784 73 
1785 37 
1785 22 
1785 28 
1788 81 
1789 119 
1789 113 
1793 126 
1794 29 
1795 133 
1795 76 
1797 58 
1798 55 
1801 32 
1802 47 
1802 23 
1807 18 
1808 99 
1809 15 
1810 104 
1810 1 
1811 98 
1811 62 
1811 41 
1812 74 
1814 114 
1814 31 
1818 9 
1819 209 
1819 85 
1820 26 
1824 67 
1826 71 
1827 55 
1828 123 
1831 43 
1834 92 
1835 30 
1837 16 
1837 64 
1838 27 
1839 16 
1841 19 
1845 33 
1846 78 
1849 94 
1851 6 
1855 37 
1857 49 
1857 84 
1859 46 
1865 66 
1866 174 
1867 20 
1867 73 
1869 8 
1869 51 
1873 73 
1875 197 
1878 17 
1879 13 
1880 0 
1880 19 
1894 203 
1900 77 
1900 27 
1901 64 
1903 205 
1905 12 
1907 327 
1907 228 
1908 18 
1908 55 
1910 97 
1912 60 
1916 91 
1921 128 
1921 78 
1924 42 
1924 68 
1925 148 
1932 26 
1933 470 
1933 75 
1933 123 
1933 74 
1933 19 
1933 13 
1934 87 
1935 40 
1935 151 
1937 20 
1940 88 
1942 32 
1945 10 
1945 173 
1947 37 
1947 116 
1949 38 
1949 28 
1950 97 
1953 181 
1953 174 
1955 229 
1955 52 
1956 16 
1959 109 
1959 58 
1959 143 
1960 19 
1962 11 
1962 3 
1964 118 
1966 62 
1967 15 
1969 65 
1971 0 
1973 104 
1976 45 
1977 11 
1978 29 
1985 583 
1985 18 
1986 91 
1987 25 
1987 84 
1989 114 
1990 92 
1992 157 
1993 19 
1993 73 
1994 8 
1995 31 
1996 13 
1997 113 
1997 45 
2000 140 
2003 10 
2006 56 
2010 35 
2019 32 
2020 15 
2023 22 
2025 30 
2025 35 
2028 53 
2028 33 
2029 195 
2029 128 
2032 89 
2034 148 
2035 11 
2039 17 
2041 99 
2041 33 
2044 171 
2044 24 
2045 11 
2046 237 
2051 44 
2051 16 
2055 16 
2058 81 
2059 22 
2061 10 
2062 114 
2062 95 
2062 147 
2065 43 
2068 24 
2069 8 
2070 24 
2070 94 
2070 54 
2071 16 
2072 112 
2074 26 
2075 171 
2076 45 
2079 185 
2079 139 
2080 91 
2084 40 
2087 43 
2088 59 
2089 24 
2094 23 
2097 57 
2098 12 
2100 52 
2101 35 
2103 43 
2104 80 
2112 41 
2118 6 
2125 28 
2125 41 
2125 16 
2132 17 
2132 128 
2133 42 
2139 46 
2140 59 
2142 244 
2145 70 
2148 10 
2149 56 
2154 127 
2157 13 
2161 12 
2163 40 
2168 31 
2169 158 
2170 12 
2171 9 
2173 44 
2175 50 
2179 49 
2180 19 
2181 137 
2182 32 
2182 10 
2183 107 
2183 9 
2188 330 
2189 25 
2189 182 
2193 24 
2195 210 
2199 6 
2200 41 
2201 158 
2201 10 
2201 184 
2201 35 
2202 158 
2203 51 
2204 253 
2210 86 
2214 103 
2215 44 
2217 130 
2217 10 
2220 104 
2221 131 
2223 202 
2223 11 
2225 80 
2225 88 
2231 55 
2232 12 
2234 53 
2236 44 
2236 128 
2237 79 
2241 48 
2242 13 
2242 9 
2243 32 
2244 367 
2244 11 
2247 60 
2250 96 
2252 183 
2254 175 
2256 94 
2257 36 
2258 122 
2261 3 
2261 28 
2261 53 
2262 70 
2264 51 
2264 341 
2265 67 
2273 242 
2274 48 
2279 122 
2281 58 
2281 51 
2282 10 
2282 134 
2282 27 
2282 23 
2282 15 
2283 153 
2283 19 
2287 27 
2293 43 
2296 328 
2296 126 
2296 106 
2297 6 
2301 16 
2303 28 
2303 86 
2306 80 
2307 9 
2307 35 
2309 9 
2311 35 
2315 22 
2317 125 
2317 43 
2319 3 
2322 57 
2322 26 
2323 24 
2328 91 
2334 63 
2334 52 
2337 28 
2338 39 
2346 12 
2348 68 
2357 8 
2357 86 
2369 78 
2375 112 
2376 3 
2377 32 
2377 174 
2380 16 
2383 24 
2384 19 
2385 66 
2386 51 
2388 64 
2389 106 
2392 79 
2392 94 
2398 27 
2399 53 
2403 7 
2404 189 
2408 22 
2409 120 
2411 39 
2411 19 
2413 59 
2420 36 
2421 27 
2421 100 
2422 25 
2423 44 
2424 13 
2424 28 
2424 342 
2428 61 
2430 29 
2434 30 
2437 23 
2437 33 
2438 75 
2439 301 
2439 51 
2440 44 
2443 72 
2444 14 
2446 19 
2446 107 
2447 39 
2448 24 
2455 7 
2455 88 
2458 19 
2458 89 
2459 8 
2461 82 
2461 68 
2462 17 
2463 41 
2463 116 
2472 13 
2472 29 
2477 31 
2478 270 
2482 9 
2486 13 
2490 29 
2493 60 
2495 102 
2496 70 
2498 38 
2500 110 
2503 65 
2504 29 
2510 130 
2516 35 
2517 31 
2520 25 
2525 129 
2528 89 
2529 26 
2531 19 
2534 116 
2534 29 
2542 33 
2545 70 
2548 63 
2549 16 
2549 11 
2550 30 
2552 25 
2555 42 
2557 12 
2558 108 
2559 13 
2563 2738 
2564 24 
2565 63 
2566 210 
2566 32 
2567 56 
2569 1023 
2575 9 
2575 26 
2576 1187 
2581 31 
2583 39 
2586 17 
2586 706 
2590 77 
2590 14 
2594 84 
2596 280 
2599 167 
2606 62 
2617 30 
2622 17 
2629 17 
2630 34 
2630 26 
2630 130 
2631 109 
2633 25 
2635 56 
2635 25 
2638 29 
2640 22 
2645 55 
2645 129 
2647 2 
2651 38 
2651 12 
2651 19 
2652 14 
2653 71 
2655 150 
2657 199 
2659 328 
2664 40 
2667 0 
2667 7 
2668 10 
2670 81 
2670 28 
2672 7 
2676 36 
2677 17 
2677 136 
2677 22 
2679 146 
2680 1 
2680 43 
2682 90 
2683 70 
2692 35 
2692 3 
2693 78 
2693 74 
2695 34 
2700 64 
2706 114 
2707 33 
2708 95 
2712 11 
2717 231 
2720 179 
2720 57 
2720 43 
2722 74 
2724 68 
2728 29 
2731 7 
2733 81 
2733 101 
2734 74 
2736 54 
2736 169 
2744 28 
2747 70 
2753 4 
2754 82 
2755 13 
2757 40 
2757 28 
2766 27 
2767 62 
2768 16 
2770 45 
2771 69 
2773 6 
2773 27 
2776 74 
2781 29 
2784 21 
2784 11 
2785 19 
2786 81 
2796 43 
2797 51 
2799 14 
2801 3 
2805 25 
2806 105 
2808 187 
2815 471 
2818 268 
2819 91 
2822 2 
2823 98 
2827 13 
2831 142 
2834 98 
2842 162 
2844 12 
2847 37 
2849 48 
2853 18 
2854 12 
2856 54 
2857 82 
2861 65 
2863 96 
2864 123 
2866 7 
2867 153 
2869 58 
2870 78 
2872 22 
2873 51 
2876 16 
2881 18 
2884 77 
2891 70 
2894 91 
2894 1266 
2903 20 
2903 6 
2904 73 
2910 8 
2911 73 
2912 13 
2913 10 
2913 20 
2914 20 
2916 94 
2925 276 
2928 41 
2929 16 
2931 9 
2931 8855 
2932 38 
2932 7 
2934 43 
2936 172 
2938 46 
2945 13 
2949 24 
2950 59 
2950 58 
2960 45 
2962 128 
2963 31 
2967 209 
2968 30 
2972 45 
2977 64 
2977 18 
2978 24 
2979 68 
2982 18 
2984 124 
2988 14 
2990 25 
2990 6 
2992 759 
2994 16 
2998 3 
3000 79 
3002 76 
3003 18 
3007 101 
3012 41 
3012 41 
3012 31 
3017 17 
3021 22 
3022 80 
3025 41 
3025 106 
3025 87 
3028 16 
3030 31 
3042 82 
3043 12 
3047 23 
3049 27 
3056 41 
3056 37 
3056 157 
3059 5 
3062 29 
3064 108 
3064 12 
3065 136 
3068 47 
3074 143 
3084 72 
3085 93 
3091 204 
3091 10 
3092 75 
3092 28 
3096 10 
3106 54 
3108 98 
3110 116 
3112 57 
3113 52 
3115 35 
3117 57 
3118 13 
3127 34 
3129 7 
3130 71 
3131 40 
3136 64 
3139 34 
3144 250 
3145 87 
3149 9 
3150 103 
3153 47 
3153 30 
3154 188 
3154 8 
3163 24 
3168 41 
3172 51 
3178 68 
3179 55 
3180 685 
3181 16 
3186 38 
3188 103 
3193 275 
3195 372 
3199 2 
3199 31 
3201 113 
3202 18 
3208 92 
3209 173 
3211 78 
3213 73 
3217 490 
3218 79 
3225 26 
3227 140 
3228 217 
3233 74 
3234 52 
3237 29 
3240 144 
3243 36 
3254 57 
3254 59 
3256 7 
3257 28 
3257 126 
3261 50 
3264 28 
3273 56 
3277 9 
3277 15 
3277 26 
3280 18 
3281 167 
3282 5 
3286 125 
3288 110 
3301 6 
3365 11 
3372 86 
3377 173 
3377 158 
3378 4 
3379 42 
3380 97 
3381 41 
3381 13 
3384 70 
3384 52 
3389 66 
3399 6 
3401 21 
3403 7 
3404 81 
3405 97 
3406 9 
3410 213 
3415 18 
3422 35 
3423 26 
3424 23 
3428 74 
3430 52 
3431 47 
3434 38 
3442 18 
3443 4 
3446 95 
3460 37 
3471 62 
3475 134 
3480 86 
3482 107 
3485 83 
3486 23 
3487 44 
3508 46 
3512 7 
3515 10 
3518 16 
3520 68 
3524 28 
3526 58 
3526 76 
3528 22 
3537 311 
3542 10 
3544 3 
3548 48 
3552 26 
3565 18 
3565 18 
3566 129 
3566 129 
3575 71 
3575 19 
3579 29 
3583 8 
3586 16 
3587 100 
3590 16 
3596 5 
3598 784 
3600 20 
3601 147 
3602 16 
3610 35 
3615 16 
3615 119 
3631 79 
3632 35 
3634 97 
3635 29 
3636 84 
3636 30 
3637 61 
3639 7 
3640 105 
3642 4 
3643 29 
3643 88 
3646 28 
3650 13 
3651 13 
3653 59 
3655 65 
3655 50 
3656 111 
3658 8 
3658 33 
3660 75 
3663 53 
3664 17 
3665 96 
3665 161 
3666 176 
3667 296 
3670 13 
3670 143 
3670 70 
3671 82 
3671 82 
3689 61 
3693 18 
3694 58 
3698 99 
3704 47 
3705 12 
3705 47 
3707 39 
3707 27 
3715 37 
3720 69 
3722 19 
3723 11 
3726 2 
3726 8 
3739 35 
3744 40 
3745 10 
3745 20 
3752 63 
3753 6 
3760 64 
3761 40 
3763 29 
3775 19 
3779 29 
3786 10 
3793 36 
3796 94 
3814 29 
3817 10 
3823 12 
3824 163 
3829 108 
3829 62 
3832 33 
3833 85 
3835 33 
3835 18 
3836 42 
3839 90 
3841 81 
3842 68 
3843 128 
3856 56 
3858 33 
3864 64 
3866 96 
3866 32 
3876 30 
3876 104 
3877 26 
3884 36 
3887 47 
3887 47 
3888 90 
3888 27 
3891 22 
3891 966 
3892 12 
3897 25 
3898 19 
3901 17 
3908 17 
3913 162 
3919 1846 
3927 75 
3935 129 
3942 160 
3942 31 
3957 14 
3957 57 
3957 68 
3964 28 
3965 129 
3966 5 
3971 10 
3976 91 
3981 24 
3990 65 
3993 331 
3993 48 
3997 3 
4002 104 
4002 79 
4004 33 
4005 2 
4014 120 
4026 33 
4028 16 
4029 70 
4032 14 
4037 27 
4043 41 
4043 40 
4052 7 
4058 92 
4114 36 
4115 80 
4119 53 
4122 66 
4123 29 
4127 69 
4135 24 
4135 7 
4136 26 
4136 29 
4138 35 
4141 105 
4150 43 
4161 21 
4161 192 
4171 10 
4179 12 
4180 111 
4180 12 
4189 146 
4200 133 
4208 289 
4208 86 
4212 205 
4215 174 
4222 100 
4225 121 
4228 36 
4234 28 
4237 31 
4240 24 
4245 50 
4245 75 
4250 23 
4251 40 
4259 10 
4263 51 
4265 84 
4266 59 
4266 12 
4270 105 
4280 342 
4281 152 
4281 58 
4281 41 
4284 49 
4286 53 
4286 36 
4291 79 
4298 58 
4300 80 
4304 24 
4309 122 
4311 40 
4313 38 
4314 53 
4315 42 
4316 38 
4318 28 
4318 460 
4325 37 
4327 20 
4335 7 
4347 34 
4347 14 
4355 23 
4368 14 
4369 13 
4372 0 
4382 63 
4384 24 
4384 79 
4391 334 
4395 211 
4396 3 
4398 89 
4401 64 
4405 64 
4414 25 
4415 8 
4419 50 
4420 0 
4421 25 
4421 8 
4424 183 
4432 298 
4437 62 
4444 22 
4450 69 
4451 13 
4452 44 
4460 9 
4466 14 
4470 126 
4470 23 
4471 51 
4473 44 
4475 80 
4485 7 
4488 27 
4497 23 
4498 23 
4499 127 
4500 5 
4503 16 
4505 40 
4512 53 
4516 68 
4519 324 
4523 282 
4523 183 
4528 79 
4529 34 
4531 97 
4534 51 
4534 4 
4537 15 
4544 44 
4546 176 
4546 36 
4549 36 
4550 2028 
4553 15 
4558 348 
4559 46 
4562 39 
4563 15 
4570 25 
4571 41 
4574 85 
4574 94 
4575 35 
4575 71 
4580 63 
4582 84 
4591 9 
4603 97 
4606 42 
4607 13 
4607 21 
4618 44 
4624 230 
4639 6 
4642 326 
4650 114 
4654 67 
4655 29 
4655 148 
4659 14 
4660 80 
4660 8 
4661 23 
4670 85 
4670 27 
4681 11 
4681 69 
4688 5 
4689 140 
4703 95 
4706 65 
4707 435 
4708 203 
4711 41 
4713 10 
4715 202 
4720 151 
4735 44 
4741 189 
4742 142 
4743 89 
4751 80 
4752 38 
4755 25 
4756 6 
4757 65 
4757 14 
4759 181 
4770 12 
4770 8 
4772 23 
4785 98 
4797 327 
4799 46 
4802 7 
4813 6 
4813 20 
4813 43 
4818 76 
4820 54 
4827 24 
4828 18 
4828 38 
4828 57 
4836 18 
4836 50 
4841 7 
4848 82 
4852 24 
4865 37 
4870 87 
4880 37 
4883 92 
4885 332 
4892 99 
4893 18 
4894 27 
4896 19 
4902 5 
4905 25433 
4906 11 
4911 15 
4918 14 
4930 86 
4933 22 
4944 135 
4946 18 
4957 42 
4967 30 
4968 10 
4971 9 
4973 5 
4976 65 
4983 24 
4983 78 
4992 5 
4995 112 
4999 93 
5010 214 
5010 5 
5013 93 
5015 7 
5016 50 
5080 27 
5083 24 
5084 99 
5086 86 
5091 127 
5094 21 
5096 311 
5102 52 
5102 26 
5108 32 
5109 68 
5112 36 
5112 118 
5121 165 
5121 18 
5124 44 
5129 38 
5131 18 
5132 357 
5133 1 
5133 318 
5145 63 
5147 32 
5150 73 
5167 41 
5185 80 
5186 33 
5189 96 
5191 15 
5198 167 
5198 27 
5198 25 
5214 26 
5215 47 
5222 14 
5231 77 
5238 140 
5239 8 
5247 5 
5248 36 
5252 61 
5259 92 
5267 19 
5270 28 
5272 122 
5274 705 
5274 155 
5289 46 
5289 3 
5297 50 
5302 17 
5306 47 
5310 5 
5321 48 
5324 130 
5334 134 
5337 93 
5345 41 
5347 56 
5353 24 
5363 111 
5365 16 
5366 8 
5368 19 
5378 93 
5384 102 
5385 56 
5390 12 
5396 13 
5398 26 
5415 40 
5419 104 
5435 52 
5440 40 
5449 19 
5451 186 
5456 97 
5456 113 
5457 28 
5458 30 
5459 13 
5459 16 
5473 56 
5474 34 
5479 99 
5482 32 
5491 86 
5502 128 
5504 1893 
5509 226 
5527 25 
5538 17 
5548 32 
5554 33 
5556 9 
5558 110 
5558 61 
5559 263 
5567 16 
5570 41 
5578 42 
5581 15 
5582 27 
5583 18 
5592 48 
5596 14 
5596 124 
5598 2 
5599 47 
5610 63 
5614 44 
5614 220 
5618 29 
5621 77 
5623 66 
5636 132 
5637 23 
5643 72 
5649 1 
5652 44 
5654 12 
5657 65 
5658 118 
5663 29 
5669 116 
5680 57 
5683 23 
5694 7 
5701 30 
5704 36 
5706 18 
5724 111 
5724 18 
5729 32 
5737 139 
5740 21 
5768 33 
5770 20 
5780 16 
5783 8 
5786 12 
5788 48 
5790 11 
5792 82 
5810 12 
5811 189 
5823 14 
5836 74 
5838 60 
5848 43 
5852 21 
5860 140 
5861 51 
5869 45 
5873 81 
5873 11 
5875 167 
5884 97 
5890 59 
5897 65 
5898 133 
5900 32 
5907 37 
5912 30 
5919 28 
5921 30 
5925 58 
5926 8 
5927 28 
5937 10 
5952 16 
5960 38 
5965 85 
5982 109 
5982 38 
5982 51 
5998 42 
6004 25 
6006 94 
6033 51 
6035 95 
6046 118 
6049 11 
6050 18 
6066 50 
6070 10 
6084 89 
6087 30 
6088 128 
6098 58 
6099 80 
6099 52 
6100 117 
6102 6 
6117 41 
6118 27 
6129 67 
6131 25 
6137 9 
6142 147 
6154 47 
6157 180 
6159 62 
6165 118 
6183 24 
6190 12 
6192 16 
6203 148 
6211 105 
6218 29 
6219 30 
6220 143 
6222 34 
6240 108 
6245 14 
6255 17 
6264 114 
6267 43 
6282 59 
6290 4 
6295 45 
6298 4 
6308 160 
6314 33 
6315 99 
6382 46 
6382 42 
6393 160 
6397 37 
6414 2 
6417 69 
6419 44 
6424 30 
6425 241 
6430 8 
6440 3 
6458 21 
6460 17 
6466 27 
6467 128 
6468 18 
6470 54 
6476 155 
6486 16 
6490 9 
6493 76 
6493 45 
6501 68 
6503 6 
6505 166 
6513 184 
6523 11 
6546 31 
6556 9 
6561 24 
6562 38 
6569 54 
6575 53 
6577 9 
6579 108 
6585 8 
6593 273 
6597 17 
6607 21 
6621 14 
6624 46 
6640 4 
6646 18 
6648 5 
6648 1 
6661 33 
6675 26 
6682 163 
6696 21 
6711 18 
6712 31 
6717 5 
6723 81 
6728 38 
6729 25 
6732 18 
6741 19 
6749 16 
6753 45 
6757 280 
6759 27 
6779 90 
6780 46 
6792 14 
6807 14 
6820 11 
6821 5 
6831 67 
6846 30 
6856 42 
6856 1 
6857 4 
6858 21 
6859 90 
6873 18 
6883 62 
6885 20 
6900 85 
6910 15 
6911 7 
6911 51 
6924 68 
6940 62 
6943 108 
6946 2 
6961 59 
6969 31 
6978 17 
6981 69 
6987 189 
6990 51 
6991 4 
7002 200 
7007 42 
7008 23 
7008 220 
7015 62 
7022 11 
7026 23 
7026 225 
7032 88 
7044 10 
7050 11 
7066 3 
7073 41 
7076 16 
7086 154 
7089 189 
7095 15 
7095 19 
7112 5 
7113 37 
7123 93 
7130 15 
7138 24 
7144 26 
7156 106 
7159 46 
7159 24 
7167 97 
7240 36 
7240 32 
7245 4 
7247 16 
7248 31 
7255 229 
7256 32 
7261 154 
7263 10 
7265 95 
7266 13 
7277 10 
7280 28 
7304 107 
7310 41 
7351 43 
7351 8 
7353 48 
7363 51 
7368 106 
7379 17 
7382 232 
7396 63 
7427 31 
7433 62 
7434 27 
7440 11 
7440 16 
7442 45 
7447 25 
7449 76 
7469 20 
7486 40 
7497 19 
7515 128 
7524 48 
7524 53 
7556 39 
7557 17 
7563 27 
7567 27 
7571 74 
7572 161 
7578 100 
7588 25 
7602 55 
7612 129 
7614 51 
7621 38 
7684 17 
7692 101 
7694 95 
7701 54 
7707 18 
7708 301 
7709 9 
7711 2 
7714 36 
7714 3 
7723 113 
7730 109 
7739 17 
7744 18 
7746 75 
7747 19 
7748 19 
7760 47 
7772 48 
7778 16 
7792 53 
7796 101 
7802 163 
7820 171 
7824 57 
7829 48 
7830 64 
7835 76 
7840 22 
7841 16 
7842 37 
7867 23 
7874 31 
7877 7 
7880 11 
7885 12 
7889 2775 
7900 5 
7921 17 
7922 31 
7935 45 
7936 63 
7938 92 
7952 108 
7955 98 
7958 69 
7960 46 
7961 29 
7981 2 
7986 19 
7987 18 
7995 29 
8003 15 
8005 190 
8005 38 
8025 35 
8044 59 
8067 61 
8074 23 
8077 48 
8083 82 
8095 11 
8113 4 
8113 8 
8121 19 
8129 2 
8134 27 
8135 96 
8143 38 
8156 1770 
8168 36 
8183 8 
8189 4 
8192 224 
8273 29 
8274 116 
8277 26 
8283 41 
8285 40 
8287 92 
8288 306 
8295 13 
8296 42 
8301 46 
8310 119 
8314 24 
8318 16 
8320 59 
8357 15 
8390 137 
8409 48 
8427 23 
8431 33 
8445 80 
8449 272 
8453 114 
8456 79 
8468 38 
8474 2 
8498 11 
8503 7 
8509 1 
8512 20 
8514 57 
8532 143 
8535 18 
8538 107 
8539 0 
8545 140 
8555 39 
8583 56 
8588 13 
8589 37 
8592 143 
8624 23 
8632 69 
8637 15 
8640 21 
8646 22 
8654 26 
8654 108 
8670 66 
8671 76 
8760 23 
8765 240 
8766 4 
8766 33 
8778 22 
8785 15 
8799 2 
8805 4 
8812 108 
8817 38 
8832 38 
8842 16 
8842 26 
8843 93 
8851 42 
8872 9 
8878 30 
8891 212 
8891 141 
8893 1 
8894 80 
8902 20 
8909 95 
8917 4 
8933 37 
8937 114 
8939 117 
8960 8 
8965 18 
8979 44 
9028 36 
9043 286 
9046 23 
9069 60 
9071 59 
9083 29 
9089 4 
9102 14 
9102 87 
9104 31 
9122 53 
9123 109 
9135 6 
9135 103 
9143 56 
9165 38 
9174 100 
9179 114 
9242 16 
9247 8 
9265 28 
9266 26 
9273 5 
9275 8 
9276 23 
9288 31 
9290 0 
9292 47 
9292 42 
9303 42 
9310 37 
9317 43 
9319 4 
9347 31 
9359 277 
9366 85 
9369 17 
9380 10 
9400 27 
9414 34 
9414 18 
9420 26 
9441 21 
9449 14 
9451 25 
9454 57 
9464 77 
9475 60 
9477 121 
9508 9 
9509 39 
9510 34 
9515 37 
9522 64 
9592 336 
9595 37 
9614 35 
9616 0 
9632 14 
9642 49 
9679 215 
9681 37 
9716 71 
9721 18 
9724 59 
9727 93 
9735 35 
9749 25 
9757 18 
9777 99 
9794 143 
9804 12 
9807 18 
9811 137 
9812 28 
9823 24 
9836 143 
9837 13 
9839 41 
9840 118 
9842 9 
9849 38 
9850 4 
9857 19 
9867 35 
9940 36 
9944 84 
9948 7 
9949 35 
9953 18 
9959 42 
9973 15 
9974 3 
9975 100 
9981 47 
9983 71 
9996 19 
10001 3 
10005 33 
10009 40 
10012 46 
10036 73 
10037 26 
10046 3 
10053 12 
10066 22 
10081 29 
10081 38 
10089 164 
10093 1244 
10124 78 
10124 252 
10127 14 
10140 57 
10157 43 
10171 6 
10182 324 
10183 244 
10197 115 
10198 139 
10210 138 
10212 40 
10220 6 
10255 25 
10268 13 
10271 37 
10284 23 
10302 164 
10367 438 
10370 95 
10374 139 
10383 10 
10383 92 
10387 177 
10392 103 
10412 15 
10417 2 
10424 66 
10426 29 
10429 122 
10440 36 
10441 9 
10443 76 
10485 40 
10500 61 
10500 41 
10519 6 
10533 49 
10548 38 
10564 20 
10582 28 
10594 8 
10598 41 
10598 19 
10601 1 
10630 9 
10632 10 
10637 54 
10661 14 
10689 3 
10689 5 
10692 23 
10695 135 
10705 109 
10797 16 
10797 16 
10837 99 
10845 4 
10870 238 
10874 30 
10875 33 
10889 11 
10899 186 
10900 13 
10905 97 
10910 11 
10933 4 
10935 80 
10965 97 
10966 18 
11052 33 
11054 250 
11065 161 
11070 14 
11079 66 
11131 6 
11163 54 
11257 172 
11291 122 
11324 28 
11341 180 
11341 128 
11345 41 
11355 51 
11365 104 
11366 41 
11400 31 
11407 125 
11451 7 
11467 8 
11490 173 
11491 132 
11496 181 
11497 3 
11497 112 
11580 19 
11599 122 
11616 21 
11647 80 
11665 39 
11668 57 
11674 12 
11704 22 
11723 65 
11730 12 
11775 163 
11784 31 
11790 37 
11860 29 
11864 123 
11888 8 
11906 21 
11922 105 
11945 13 
11953 20 
12006 2 
12028 12 
12054 47 
12057 9 
12155 27 
12185 13 
12225 76 
12225 62 
12239 9 
12262 96 
12265 23 
12270 29 
12274 27 
12285 75 
12302 21 
12326 52 
12326 17 
12341 208 
12353 15 
12384 51 
12393 21 
12398 20 
12408 17 
12480 86 
12494 26 
12500 19 
12562 9 
12567 8 
12569 44 
12586 23 
12592 44 
12614 41 
12629 47 
12655 75 
12658 486 
12664 16 
12668 10 
12723 568 
12750 48 
12763 1 
12770 42 
12793 35 
12799 14 
12818 5 
12857 15 
12868 18 
12879 89 
12884 133 
12912 27 
12923 1935 
12927 12 
12933 50 
12941 128 
13052 347 
13058 28 
13063 79 
13083 13 
13084 48 
13085 21 
13108 17 
13111 198 
13111 89 
13122 28 
13122 10 
13142 37 
13144 215 
13145 11 
13148 14 
13160 10 
13162 33 
13163 38 
13171 61 
13246 20 
13249 555 
13277 140 
13281 11 
13288 1 
13290 7 
13303 103 
13306 89 
13308 12 
13329 31 
13402 16 
13414 36 
13418 15 
13439 36 
13466 70 
13523 42 
13531 55 
13539 96 
13543 22 
13548 92 
13569 49 
13574 19 
13597 72 
13598 60 
13598 91 
13600 10 
13602 437 
13607 58 
13623 33 
13631 3 
13639 38 
13648 73 
13676 15 
13696 59 
13732 13 
13732 40 
13745 186 
13760 9 
13765 20 
13828 29 
13838 137 
13912 28 
13915 40 
13922 32 
13942 5 
13942 33 
13982 7 
13987 14 
13999 16 
14000 59 
14003 22 
14006 5 
14015 57 
14016 68 
14021 376 
14041 34 
14049 11 
14054 34 
14090 92 
14091 69 
14103 84 
14110 21 
14114 24 
14198 91 
14242 18 
14245 82 
14256 10 
14288 14 
14303 142 
14310 39 
14327 21 
14340 55 
14376 40 
14422 15 
14426 21 
14470 16 
14476 42 
14477 19 
14479 18 
14489 165 
14497 321 
14508 177 
14509 25 
14511 87 
14514 69 
14515 28 
14520 82 
14522 12 
14529 8 
14531 49 
14554 84 
14623 71 
14626 36 
14629 10 
14632 16 
14638 159 
14644 79 
14652 16 
14665 47 
14676 151 
14682 40 
14685 121 
14705 20 
14710 7 
14710 16 
14712 82 
14712 109 
14731 50 
14731 50 
14732 898 
14760 43 
14769 29 
14774 6 
14778 3 
14790 7 
14806 5 
14814 6 
14831 271 
14834 225 
14834 30 
14842 100 
14845 34 
14867 4 
14872 8 
14956 5 
14964 222 
15012 72 
15028 26 
15052 17 
15056 19 
15062 27 
15075 88 
15081 36 
15084 100 
15084 67 
15095 47 
15110 36 
15111 738 
15123 83 
15133 40 
15155 25 
15162 32 
15175 179 
15228 251 
15228 38 
15239 166 
15241 74 
15255 72 
15262 6 
15263 2545 
15284 27 
15287 89 
15433 44 
15449 5 
15456 120 
15460 28 
15468 14 
15489 180 
15507 959 
15519 212 
15528 31 
15531 92 
15543 254 
15554 88 
15557 750 
15582 411 
15592 406 
15594 106 
15596 380 
15606 20 
15626 7 
15651 716 
15653 2165 
15655 137 
15659 69 
15659 11 
15665 37 
15668 6 
15704 93 
15705 4 
15717 46 
15718 245 
15731 179 
15732 29 
15754 239 
15766 19 
15785 7 
15810 1880 
15820 147 
15857 16 
15861 49 
15865 59 
15870 37 
15877 204 
15880 34 
15882 79 
15892 66 
15910 5 
15947 20 
15951 6 
15988 6 
15999 3 
16006 173 
16055 130 
16059 29 
16060 6 
16197 10 
16220 14 
16223 10 
16299 10 
16320 59 
16331 81 
16344 7 
16397 0 
16399 38 
16445 1 
16466 301 
16482 19 
16503 21 
16506 37 
16506 11 
16508 49 
16509 43 
16518 32 
16533 65 
16569 138 
16643 79 
16662 19 
16668 18 
16679 58 
16720 55 
16734 3 
16819 1 
16952 57 
16960 8 
16998 4 
17011 38 
17013 23 
17054 2 
17092 9 
17094 59 
17133 11 
17135 92 
17188 53 
17189 199 
17194 13 
17203 17 
17224 4 
17235 63 
17236 89 
17243 43 
17249 75 
17268 54 
17269 23 
17273 42 
17301 103 
17309 18 
17313 0 
17386 9 
17422 37 
17426 96 
17442 20 
17449 2 
17520 41 
17525 57 
17531 24 
17539 18 
17550 43 
17553 3 
17600 8 
17629 9 
17653 23 
17676 37 
17687 30 
17689 4 
17691 2 
17699 212 
17703 88 
17732 2 
17742 7 
17752 2 
17795 8 
17814 15 
17827 73 
17889 55 
17890 1 
17949 8 
17994 42 
17997 24 
18004 6 
18032 19 
18063 43 
18065 17 
18070 3 
18153 6 
18154 38 
18187 21 
18200 41 
18215 65 
18230 21 
18236 46 
18281 55 
18310 92 
18343 30 
18347 18 
18351 290 
18353 50 
18395 15 
18433 39 
18499 23 
18523 53 
18546 198 
18571 15 
18589 119 
18629 78 
18636 68 
18691 81 
18692 8 
18721 4 
18726 89 
18730 1 
18817 26 
18929 100 
18977 12 
19011 273 
19038 5 
19053 10 
19061 47 
19072 32 
19089 30 
19125 166 
19134 97 
19141 22 
19208 17 
19246 13 
19251 17 
19320 223 
19340 293 
19341 96 
19382 9 
19432 14 
19478 34 
19566 24 
19623 129 
19651 31 
19662 294 
19662 294 
19673 6 
19673 6 
19679 142 
19679 142 
19688 9 
19688 9 
19703 21 
19703 21 
19781 37 
19788 24 
19872 61 
19946 28 
19950 43 
20075 26 
20249 18 
20294 167 
20299 35 
20328 38 
20334 61 
20344 10 
20348 57 
20371 59 
20387 9 
20439 9 
20494 157 
20537 7 
20565 132 
20565 28 
20612 25 
20615 12 
20620 17 
20644 37 
20674 17 
20708 152 
20710 63 
20715 22 
20719 52 
20720 93 
20745 20 
20812 18 
20819 20 
20864 29 
20893 159 
20894 34 
20990 1 
21020 79 
21146 27 
21169 13 
21213 109 
21236 164 
21246 13 
21270 25 
21287 134 
21333 8 
21358 10 
21361 6 
21388 99 
21416 25 
21471 312 
21611 20 
21675 5 
21675 12 
21732 137 
21795 89 
21803 58 
21861 20 
21905 33 
21931 38 
21951 8 
22045 5 
22048 31 
22124 4 
22158 49 
22196 22 
22281 59 
22304 22 
22326 42 
22360 39 
22369 8 
22454 19 
22466 42 
22490 18 
22501 15 
22595 7 
22665 70 
22723 26 
22727 13 
22737 22 
22745 30 
22809 89 
22814 9 
22825 18 
22881 62 
22900 4 
22951 17 
23065 21 
23097 40 
23212 61 
23266 105 
23283 9 
23330 20 
23416 49 
23450 22 
23489 49 
23524 33 
23540 1 
23606 11 
23716 10 
23728 46 
23852 14 
23858 17 
23899 13 
23905 40 
23983 16 
24129 2 
24155 146 
24292 44 
24558 143 
24615 103 
24894 177 
24949 281 
24957 85 
24974 1 
25243 17 
25278 136 
25436 141 
25444 43 
25447 31 
25465 11 
25514 139 
25706 4 
25759 8 
25821 15 
25962 44 
25998 15 
26052 16 
26114 62 
26185 14 
26504 41 
26527 315 
26551 389 
26880 17 
26970 125 
27004 13 
27064 17 
27188 65 
27228 16 
27356 267 
27446 2 
27490 9 
27491 26 
27565 36 
27566 37 
27707 10 
27843 57 
28035 8 
28104 5 
28119 6 
28132 9 
28167 7 
28200 10 
28297 7 
28336 68 
28651 18 
28709 10 
28717 20 
28780 12 
28832 508 
29145 0 
29280 21 
29416 17 
29468 14 
29635 3 
29752 28 
29818 10 
29835 59 
29986 0 
30268 33 
30560 23 
30654 4 
30960 21 
31019 47 
31127 20 
31226 0 
31590 21 
31720 3 
31727 506 
31739 3 
31872 33 
31941 74 
32033 15 
32087 45 
32227 49 
32725 3690 
32891 22 
33267 40 
33303 2 
33397 494 
33464 1195 
33683 23 
34225 121 
35476 411 
35510 41 
35750 12 
35785 332 
36067 34 
36360 477 
36824 0 
36900 8 
37077 55 
37100 602 
37582 31 
37767 139 
38611 19 
38820 92 
39231 33 
39389 16 
39491 29 
39607 6207 
39700 5812 
39797 32 
40036 4 
40265 23 
40515 16 
41775 13 
41941 37 
42228 9 
42328 11 
42656 22 
42720 15 
42737 31 
43059 964 
43827 13 
43828 22 
43843 1669010 
43882 51 
43891 91 
43919 481 
43939 207 
43964 146 
43972 13 
43982 133 
44019 50 
44067 246 
44094 164 
44132 149 
44132 148 
44145 590 
44159 93 
44159 311 
44181 150 
44203 1172 
44210 76 
44212 40 
44213 95 
44227 16 
44260 31 
44286 52 
44317 158 
44418 35 
44426 5 
44439 4237 
44446 412 
44525 80 
44554 48 
44627 11 
44639 19 
44797 55 
44827 681 
44885 113 
44950 237 
45021 165 
45042 36 
45059 177 
45256 270 
45289 114 
45430 26 
45491 28 
45519 5 
45660 5 
45668 62 
45695 40 
45794 49 
45836 15 
45872 160 
45988 44 
46030 114 
46074 82 
46115 40 
46144 465 
46154 181 
46168 11 
46186 44 
46200 208 
46242 1517 
46257 388 
46291 16 
46312 21 
46338 659 
46374 82 
46389 55 
46401 15 
46495 29 
46503 41 
46696 62 
46978 81 
47003 4 
47072 177 
47087 132 
47194 23 
47207 68 
47237 9 
47393 1 
47417 109 
47417 17 
47512 351 
48001 182 
48029 28 
48085 8 
48205 73 
48407 14 
48472 57 
48493 11 
48626 40 
48646 108 
48656 114 
48747 138 
48848 108 
48935 124 
48946 29 
49091 43 
49197 155 
49203 31 
49268 41 
49316 72 
49381 1306 
49516 6 
49530 82 
49782 102 
49823 7 
49859 129 
49859 129 
49894 25 
49894 25 
49992 31 
50051 30 
50051 16 
50083 65 
50129 85 
50251 13 
50320 0 
50381 5 
50507 120 
50514 5 
50569 37 
50585 133 
50704 82 
50714 40 
50758 236 
50861 13 
50882 72 
50907 8 
50929 130 
50998 28 
51041 360 
51146 105 
51194 131 
51262 18 
51286 139 
51358 33 
51365 30 
51453 27 
51521 10 
51525 102 
51682 80 
51795 71 
51845 7 
52077 13 
52131 5 
52192 113 
52386 10 
52465 215 
52507 30 
52696 39 
52823 350 
52853 18 
52926 9 
52943 35 
53004 217 
53043 254 
53128 104 
53405 40 
53472 23 
54081 92 
54146 22 
54384 305 
54839 7 
54955 84 
54967 11 
55122 12 
55153 24 
55165 96 
55213 27 
55248 233 
55394 11 
55430 16 
55528 1489 
55594 23 
55681 19 
55876 8 
55879 39 
55915 52 
56067 231 
56070 8 
56167 35 
56282 28 
56328 10 
56368 3 
56395 55 
56403 5 
56506 223 
56522 82 
56541 4 
56578 6 
56677 38 
56679 34 
56779 46 
56895 24 
57103 12 
57166 49 
57176 93 
57352 64 
57546 6 
57798 10 
57813 172 
57837 129 
57855 2 
57896 39 
57904 8 
57945 43 
58004 62 
58061 0 
58062 8 
58096 24 
58353 58 
58435 3 
58625 220 
58695 8 
58763 15 
58829 62 
58944 12 
58957 36 
59009 5 
59079 30 
59080 31 
59190 19 
59238 58 
59287 1 
59316 3 
59325 3 
59481 6 
59540 12 
59733 34 
59740 19 
59900 1 
59950 27 
60008 12 
60190 15 
60439 27 
60530 13 
60531 0 
60542 0 
60745 28 
60805 14 
60880 2 
61142 58 
61326 26 
61488 114 
61591 16 
61684 85 
61732 43 
62164 47 
62169 112 
62257 14 
62665 68 
62911 4 
63046 2 
63081 14 
63346 64 
63603 7 
63606 382 
63727 37 
63900 42 
63953 57 
64048 15 
64057 2 
64180 11 
64383 20 
64848 21 
64853 4 
64857 196 
64893 14 
64925 7 
65022 289 
65066 29 
65069 2070 
65151 3 
65344 23 
65364 26 
65463 13 
65654 41 
65756 142 
66003 681 
66327 5 
66474 25 
66536 15 
66581 51 
66642 31 
66713 175 
66729 112 
66776 28 
66938 3 
67100 30 
67329 11 
67336 11 
67387 48 
67466 5 
67971 14 
68062 10 
68174 107 
68452 27 
68482 10 
68520 15 
68683 45 
68906 5 
68987 59 
69053 18 
69086 57 
69268 99 
69491 45 
69552 14 
69581 89 
69749 33 
69790 20 
70034 8 
70279 18 
70561 73 
70792 31 
70960 406 
70969 15 
71068 30 
71175 5 
71235 63 
71238 51 
71319 502 
71469 1 
71473 14 
71575 13 
71581 34 
71829 56 
72250 50 
72417 0 
72569 36 
72844 54 
73238 49 
73444 254 
73483 4 
73571 128 
74397 139 
75033 21 
75534 12 
76134 5 
76539 147 
76591 235 
76790 384 
76927 55 
77083 91 
77272 19 
77361 19 
77508 11 
77602 70 
77609 2 
77618 101 
77636 27 
77720 14 
77747 9 
77987 182 
78071 8 
78304 5 
78316 26 
78460 12 
78519 5 
78584 10 
78673 70 
78774 15672 
79163 25 
79629 80 
79900 80 
79900 80 
79983 71 
79983 18 
80205 69 
80291 543 
80508 178 
80598 21 
80846 41 
81101 1 
81268 11 
81570 963 
81626 9 
81670 16 
81684 6 
82089 6 
82397 10 
82580 53 
83009 44 
83719 34 
83733 2 
83737 104 
84037 15 
84109 29 
84224 131 
84399 43 
84466 8 
84667 97 
84821 13 
84897 47 
85236 1 
85601 14 
85817 93 
85836 17 
85877 2 
85923 7 
86465 33 
86707 115 
86843 187 
86875 223 
86936 69 
87510 39 
87563 24 
88012 752 
88122 1 
88497 1298 
88935 33 
89197 8781 
89233 322 
89353 519 
89460 76 
89702 248 
89800 58 
89983 2 
90112 206 
90170 1064 
90854 30 
90860 61 
90877 64 
91111 148 
91474 11 
91612 167 
91711 1129 
91750 28 
92320 102 
92338 131 
92606 28 
92671 251 
92989 4 
93166 3 
93173 23 
93399 13 
93429 168 
93662 25 
93816 315 
93839 31 
93849 84 
94144 29 
94411 68 
94604 206 
94967 19 
95000 166 
95214 3 
95911 5 
95944 25 
96085 23 
96309 176 
96462 189 
96918 14 
97022 47 
97375 15 
97620 22 
97714 46 
97832 40 
98148 161 
98235 10 
98286 59 
98296 77 
98378 215 
98495 144 
99005 31 
99703 38 
99868 106 
99890 11 
99979 19 
100036 9 
100149 11 
100441 221 
100528 12 
100565 25 
100591 403 
100617 36 
100633 247 
101059 66 
101110 63 
101119 113 
101176 81 
101962 113 
102054 95 
102127 39 
102674 6 
102686 37 
102694 20 
103301 133 
103340 0 
104011 1 
104057 445 
105406 138 
105774 50 
106310 14 
107106 123 
107109 3 
107383 72 
108053 23 
108509 10 
108971 254 
109593 57 
111449 273 
112583 4 
112810 6 
113423 42 
114169 57 
114514 28 
116384 5 
120167 48 
121122 15 
121245 5 
124246 7 
129876 20 
130756 54 
131668 23 
131960 1 
136125 62 
136348 16 
139513 2 
143145 20 
143378 151 
144225 4 
144300 44 
145552 29 
147395 15 
149165 4 
149931 21 
150670 135 
150945 8 
151381 0 
155832 56 
158389 2 
161423 6 
165895 7 
166247 0 
166540 0 
170971 17 
172478 9 
173041 4 
179306 102 
181084 0 
181355 137 
181375 142 
183794 85 
184156 44 
184666 61 
187998 36 
188046 46 
189973 11 
192843 345 
198895 811 
199200 23 
200262 6 
203871 169 
206611 22 
217658 53 
235280 79 
245928 14 
249266 1387 
249714 52 
253940 1 
254344 46 
254946 0 
257241 29 
258285 1475 
261302 38 
275304 307 
282941 23 
286701 39 
290549 2 
307106 3 
314299 2 
320010 36 
332766 27 
333452 12 
334291 158 
339167 3 
350178 3507 
352558 4 
352656 35 
354850 122 
355698 218 
355812 9 
357158 46 
357524 136 
366219 11 
370895 97 
375038 3 
376509 47 
433349 2 
438233 4 
463178 6 
504577 2 
538769 307 
539109 208 
540746 95 
540975 152 
540996 121 
541320 62 
576328 402 
581247 4 
582737 140 
586380 35 
600190 39 
604424 1 
