9025 5.71876157407
0 1816 
13 568 
39 159 
43 104 
46 473 
58 62 
62 105 
70 226 
94 355 
103 60 
110 634 
113 1281 
116 284 
118 335 
122 126 
133 78 
139 48 
149 272 
151 89 
156 79 
170 118 
172 16 
176 1087 
181 23 
185 329 
186 208 
190 117 
196 19 
200 118 
201 213 
239 223 
239 178 
249 44 
249 50 
263 99 
272 43 
278 65 
285 316 
294 289 
300 105 
316 384 
340 409 
360 457 
369 208 
377 49 
379 15 
389 1009 
391 501 
397 115 
408 72 
409 828 
411 101 
420 65 
422 271 
422 48 
424 157 
430 206 
434 429 
439 427 
441 459 
450 14 
459 2104 
462 167 
465 445 
471 771 
476 151 
487 717 
492 399 
505 58 
521 84 
523 101 
526 56 
529 132 
530 135 
534 350 
537 1587 
539 800 
539 112 
542 135 
544 256 
547 121 
548 108 
558 568 
558 1901 
561 691 
562 198 
567 25 
570 1493 
573 52 
574 255 
574 120 
578 435 
581 98 
581 1449 
582 3572 
591 4171 
595 143 
596 608 
598 3441 
601 238 
607 130 
614 40 
615 200 
615 261 
616 463 
617 41 
619 82 
621 120 
627 64 
627 703 
628 237 
628 89 
632 127 
633 238 
638 53 
641 150 
642 115 
643 231 
652 59 
653 237 
653 143 
655 67 
657 68 
664 174 
664 34 
664 330 
665 104 
665 279 
667 146 
670 162 
671 15 
673 68 
673 189 
676 108 
676 1098 
683 6 
684 9 
685 1655 
695 107 
701 611 
704 82 
705 70 
705 158 
708 96 
711 46 
713 299 
716 5 
720 336 
721 66 
721 159 
723 24 
724 210 
729 292 
738 62 
738 195 
739 193 
741 670 
741 45 
742 25 
746 524 
755 86 
755 16 
755 705 
757 144 
757 1097 
758 42 
758 48 
773 244 
779 81 
799 453 
802 225 
808 883 
812 134 
813 93 
826 47 
837 111 
845 33 
854 1059 
857 776 
858 111 
862 432 
863 25 
863 198 
867 111 
873 14 
874 66 
876 388 
883 219 
889 41 
893 53 
895 402 
896 341 
898 306 
900 334 
903 168 
908 86 
913 107 
913 722 
920 130 
924 1041 
929 332 
933 38 
937 336 
944 74 
947 79 
950 158 
955 176 
958 39 
961 42 
962 99 
969 467 
971 69 
972 242 
975 102 
975 144 
986 256 
995 47 
997 232 
997 199 
1001 115 
1002 747 
1004 148 
1008 180 
1012 377 
1013 87 
1016 82 
1017 435 
1017 91 
1017 112 
1018 128 
1020 1687 
1022 171 
1023 491 
1023 388 
1025 342 
1025 784 
1028 187 
1029 247 
1031 147 
1032 111 
1033 619 
1033 490 
1034 108 
1035 5 
1036 1082 
1037 318 
1038 422 
1041 33 
1046 183 
1048 114 
1049 122 
1049 284 
1050 5862 
1051 111 
1062 197 
1063 47 
1064 189 
1065 946 
1065 19 
1067 52 
1070 38 
1071 193 
1072 123 
1079 15 
1081 40 
1083 167 
1083 70 
1085 394 
1086 448 
1092 86 
1094 362 
1094 260 
1096 78 
1098 152 
1099 741 
1103 75 
1104 37 
1106 44 
1107 648 
1108 469 
1109 592 
1112 88 
1113 87 
1116 41 
1118 479 
1118 83 
1118 143 
1121 13 
1126 116 
1126 27 
1128 85 
1128 306 
1129 192 
1129 936 
1133 75 
1141 535 
1141 116 
1144 46 
1145 311 
1146 349 
1146 263 
1147 2556 
1148 878 
1149 196 
1152 3 
1154 358 
1155 1571 
1156 758 
1157 3556 
1158 580 
1159 385 
1162 94 
1163 2794 
1168 473 
1168 231 
1169 1839 
1170 62 
1172 50 
1172 6 
1172 97 
1175 1006 
1179 2393 
1179 1988 
1180 137 
1181 274 
1184 197 
1185 53 
1191 18 
1193 34 
1194 12 
1196 149 
1208 184 
1213 205 
1214 342 
1216 23 
1219 38 
1221 32 
1223 81 
1223 77 
1224 90 
1224 108 
1225 111 
1230 139 
1230 295 
1238 133 
1239 601 
1240 236 
1243 438 
1244 134 
1244 149 
1248 158 
1248 131 
1249 3 
1253 161 
1256 33 
1258 210 
1259 239 
1260 109 
1262 1409 
1267 40 
1268 68 
1268 18 
1272 701 
1276 48 
1280 255 
1285 40 
1288 835 
1292 66 
1295 929 
1303 126 
1306 136 
1306 27 
1308 15 
1314 24 
1315 2 
1315 2 
1323 27 
1323 27 
1323 106 
1323 106 
1324 3736 
1324 3736 
1327 152 
1327 152 
1330 25 
1330 25 
1334 103 
1334 103 
1336 200 
1336 200 
1337 193 
1337 193 
1343 159 
1343 159 
1344 86 
1344 86 
1346 195 
1346 195 
1349 86 
1349 86 
1355 478 
1355 478 
1355 775 
1355 775 
1356 77 
1356 77 
1360 109 
1360 109 
1363 24 
1363 24 
1363 34 
1363 34 
1364 452 
1364 452 
1364 62 
1364 62 
1368 58 
1368 293 
1368 293 
1368 58 
1369 1069 
1369 1069 
1376 85 
1376 9 
1376 9 
1376 85 
1380 71 
1380 71 
1382 137 
1382 208 
1384 40 
1386 18 
1386 136 
1388 108 
1389 38 
1390 192 
1394 47 
1394 98 
1394 235 
1398 164 
1399 1241 
1404 78 
1405 655 
1409 318 
1416 64 
1417 55 
1419 359 
1419 149 
1422 67 
1424 154 
1425 31 
1429 147 
1429 104 
1430 157 
1431 187 
1431 2126 
1432 133 
1433 255 
1434 75 
1436 150 
1437 901 
1439 1251 
1440 82 
1440 765 
1441 32 
1442 460 
1445 28 
1445 48 
1447 63 
1448 18 
1448 704 
1451 100 
1451 7792 
1452 151 
1453 655 
1455 67 
1455 14 
1455 60 
1457 21 
1462 31 
1464 222 
1466 6576 
1468 150 
1470 74 
1470 114 
1470 483 
1472 91 
1473 66 
1473 166 
1474 347 
1479 4568 
1481 71 
1482 72 
1483 175 
1485 41 
1487 131 
1488 433 
1491 1894 
1495 269 
1495 23 
1502 909 
1503 221 
1503 78 
1506 387 
1506 17 
1509 138 
1510 205 
1510 70 
1511 418 
1512 24 
1513 58 
1514 939 
1514 243 
1515 895 
1522 126 
1523 131 
1527 279 
1527 96 
1528 404 
1530 13 
1530 181 
1530 17 
1531 416 
1535 184 
1536 2052 
1536 49 
1537 62 
1538 628 
1539 2819 
1541 2 
1545 10 
1547 170 
1551 438 
1552 61 
1552 28 
1554 719 
1555 3451 
1555 722 
1559 62 
1561 924 
1561 303 
1561 74 
1563 110 
1563 70 
1566 178 
1567 58 
1570 119 
1571 175 
1572 117 
1572 11 
1574 248 
1575 114 
1575 119 
1575 38 
1576 239 
1576 187 
1581 42 
1584 166 
1585 447 
1586 1927 
1587 45 
1587 1034 
1587 39 
1588 423 
1590 706 
1591 134 
1593 1344 
1598 1927 
1598 72 
1599 214 
1604 17 
1608 71 
1610 285 
1612 141 
1612 126 
1617 185 
1617 16 
1617 192 
1617 82 
1618 325 
1618 2724 
1618 15 
1619 1334 
1620 21 
1622 21 
1623 944 
1632 167 
1632 1849 
1633 347 
1635 465 
1637 167 
1640 528 
1641 145 
1643 76 
1646 130 
1647 38 
1649 1965 
1649 80 
1650 54 
1658 518 
1659 61 
1661 20 
1663 202 
1664 1838 
1664 86 
1664 166 
1666 54 
1669 76 
1672 164 
1675 141 
1675 79 
1676 2246 
1682 582 
1682 197 
1685 938 
1685 100 
1687 2042 
1688 150 
1691 4 
1692 324 
1693 472 
1696 116 
1700 183 
1703 156 
1704 21 
1704 132 
1706 61 
1708 131 
1714 75 
1715 63 
1719 168 
1720 60 
1721 87 
1721 254 
1723 81 
1725 877 
1726 14 
1727 658 
1730 105 
1731 162 
1735 505 
1738 628 
1744 134 
1744 1141 
1745 40 
1746 18 
1747 181 
1747 200 
1751 79 
1754 84 
1759 19 
1760 145 
1764 116 
1765 60 
1765 11 
1765 323 
1766 241 
1768 309 
1772 53 
1772 96 
1775 29 
1780 62 
1780 46 
1780 68 
1783 9 
1786 68 
1789 714 
1790 155 
1792 403 
1792 101 
1793 108 
1794 77 
1794 63 
1795 850 
1799 283 
1800 646 
1802 152 
1802 165 
1804 44 
1804 272 
1808 1677 
1811 39 
1811 1071 
1812 73 
1813 172 
1816 22 
1819 137 
1821 25 
1821 65 
1822 317 
1822 92 
1826 15 
1830 176 
1831 119 
1832 23 
1834 789 
1839 515 
1839 78 
1840 23 
1840 305 
1841 92 
1841 143 
1842 1144 
1843 1750 
1844 207 
1846 67 
1847 124 
1852 673 
1853 34 
1853 29 
1856 100 
1857 505 
1857 246 
1859 21 
1860 237 
1861 260 
1861 182 
1862 31 
1866 44 
1867 226 
1869 207 
1870 30 
1870 275 
1871 185 
1872 46 
1873 97 
1875 10 
1877 2050 
1878 2875 
1878 32 
1880 8204 
1881 117 
1882 103 
1883 1080 
1883 593 
1887 105 
1889 193 
1889 48 
1890 20 
1891 541 
1893 41 
1893 306 
1896 452 
1897 44 
1899 70 
1899 160 
1900 251 
1900 1005 
1901 35 
1902 389 
1903 179 
1904 85 
1905 711 
1906 350 
1907 165 
1907 70 
1908 226 
1910 137 
1910 115 
1910 7 
1911 578 
1913 61 
1913 220 
1915 114 
1917 143 
1917 153 
1918 246 
1921 512 
1922 106 
1925 292 
1927 425 
1927 202 
1929 149 
1932 122 
1933 1720 
1933 33 
1934 192 
1935 2 
1935 933 
1938 39 
1939 7 
1941 41 
1944 106 
1946 71 
1952 202 
1952 60 
1954 199 
1954 42 
1955 88 
1955 322 
1961 1264 
1962 3267 
1965 502 
1965 44 
1967 257 
1968 121 
1969 84 
1969 151 
1974 100 
1977 82 
1977 247 
1979 465 
1979 160 
1982 756 
1983 6 
1983 822 
1984 127 
1985 206 
1985 20 
1985 43 
1986 253 
1986 168 
1986 11 
1987 1144 
1987 6 
1988 44 
1991 43 
1993 122 
1993 227 
1994 478 
1994 26 
1997 33 
1999 244 
1999 85 
1999 24 
1999 121 
2000 19 
2000 105 
2001 83 
2002 186 
2005 110 
2008 61 
2009 102 
2012 159 
2012 2162 
2014 81 
2014 322 
2015 64 
2018 119 
2018 493 
2019 173 
2019 659 
2026 373 
2027 201 
2027 31 
2028 19 
2028 136 
2029 146 
2030 42 
2030 109 
2035 469 
2042 465 
2043 5647 
2043 386 
2044 433 
2046 1253 
2047 285 
2050 46 
2051 243 
2051 2106 
2054 123 
2054 80 
2056 399 
2056 94 
2056 127 
2056 55 
2057 52 
2058 84 
2059 323 
2060 155 
2061 101 
2062 20 
2065 100 
2065 70 
2066 87 
2068 64 
2075 175 
2075 105 
2075 1594 
2078 637 
2078 33 
2079 37 
2081 1884 
2088 173 
2090 76 
2090 45 
2091 159 
2091 96 
2092 65 
2094 119 
2095 5730 
2096 307 
2096 377 
2097 76 
2098 132 
2099 14338 
2102 37 
2104 28 
2105 46 
2105 39 
2108 12 
2109 51 
2109 805 
2110 59 
2111 482 
2111 60 
2111 2 
2112 33 
2115 650 
2116 396 
2119 259 
2119 110 
2123 961 
2128 887 
2128 192 
2129 40 
2129 185 
2129 79 
2132 239 
2133 334 
2135 191 
2135 27 
2136 183 
2137 279 
2138 224 
2138 84 
2141 370 
2143 638 
2147 278 
2149 223 
2152 472 
2153 787 
2153 3025 
2155 2331 
2155 2076 
2156 137 
2156 67 
2158 67 
2158 64 
2163 200 
2164 562 
2167 419 
2167 164 
2168 199 
2169 285 
2170 99 
2171 27 
2175 418 
2179 43 
2180 17 
2180 60 
2182 111 
2182 453 
2184 245 
2185 3362 
2187 14 
2189 13 
2190 182 
2192 84 
2192 84 
2195 14 
2203 101 
2203 123 
2205 599 
2206 264 
2206 379 
2206 91 
2207 324 
2208 87 
2208 185 
2210 47 
2211 9 
2212 63 
2212 21 
2213 3429 
2216 11 
2216 35 
2217 617 
2220 196 
2223 3083 
2225 743 
2230 76 
2230 1091 
2232 741 
2233 1355 
2234 659 
2235 925 
2236 46 
2236 25 
2237 24 
2239 59 
2241 827 
2242 47 
2242 123 
2245 200 
2246 57 
2248 809 
2249 206 
2249 38 
2252 150 
2253 190 
2260 43 
2263 242 
2263 19 
2264 82 
2265 73 
2266 214 
2267 55 
2268 43 
2268 2263 
2271 241 
2272 82 
2273 130 
2277 418 
2278 40 
2278 2 
2279 907 
2279 22 
2279 342 
2280 137 
2281 565 
2282 201 
2282 179 
2282 97 
2285 30 
2285 30 
2286 1179 
2287 220 
2287 95 
2288 1842 
2291 21 
2293 1 
2294 18437 
2295 162 
2300 198 
2300 547 
2302 392 
2302 35 
2303 43 
2303 43 
2304 54 
2306 35 
2309 72 
2311 121 
2311 2904 
2312 229 
2313 510 
2313 190 
2314 356 
2317 77 
2318 159 
2319 244 
2320 56 
2322 26 
2322 2461 
2322 79 
2323 149 
2324 49 
2324 34 
2328 164 
2329 323 
2332 146 
2332 18 
2332 121 
2334 37 
2336 133 
2336 90 
2336 140 
2338 70 
2339 87 
2342 74 
2345 344 
2345 14 
2345 300 
2346 236 
2347 33 
2348 73 
2348 99 
2349 876 
2350 158 
2351 325 
2355 222 
2355 140 
2355 50 
2357 123 
2358 34 
2359 75 
2360 1989 
2360 149 
2361 333 
2363 243 
2364 75 
2365 44 
2367 53 
2369 171 
2375 37 
2376 8 
2376 158 
2377 49 
2377 110 
2377 73 
2378 32 
2380 408 
2382 952 
2383 15 
2384 5 
2385 54 
2385 609 
2386 108 
2389 656 
2390 354 
2391 84 
2395 140 
2395 160 
2396 65 
2396 13704 
2398 225 
2399 205 
2399 5 
2400 152 
2400 213 
2400 65 
2403 47 
2403 274 
2404 138 
2405 129 
2406 131 
2408 66 
2409 165 
2409 173 
2411 7 
2412 52 
2413 177 
2414 154 
2415 77 
2416 52 
2417 87 
2418 116 
2423 32 
2424 226 
2425 36 
2425 49 
2428 150 
2428 11866 
2429 75 
2429 40 
2430 387 
2431 143 
2432 36 
2433 98 
2434 932 
2435 29 
2438 45 
2442 137 
2447 109 
2449 17 
2449 510 
2450 379 
2450 77 
2453 137 
2454 88 
2456 41 
2458 36221 
2458 17 
2459 3988 
2461 657 
2464 57 
2464 856 
2465 97 
2467 78 
2470 244 
2470 9 
2471 60 
2472 641 
2474 23 
2476 3105 
2477 104 
2478 110 
2482 108 
2485 113 
2495 364 
2496 94 
2497 19 
2497 5 
2498 170 
2500 593 
2501 47 
2503 125 
2505 791 
2513 301 
2513 1146 
2513 211 
2513 43 
2517 132 
2518 212 
2519 39 
2520 1909 
2523 3 
2525 22 
2525 0 
2525 749 
2526 4118 
2526 50 
2526 98 
2526 558 
2527 36 
2528 733 
2528 115 
2529 840 
2530 85 
2532 2974 
2533 43 
2533 32 
2534 200 
2539 221 
2540 150 
2540 298 
2542 52 
2542 912 
2545 120 
2546 89 
2547 122 
2550 1107 
2551 9 
2552 101 
2554 1017 
2554 36 
2556 76 
2558 22 
2560 17 
2563 436 
2565 63 
2566 168 
2566 118 
2566 5357 
2568 249 
2569 1773 
2569 1961 
2573 312 
2573 103 
2573 22 
2577 36 
2578 1150 
2580 4068 
2581 72 
2581 710 
2582 88 
2584 62 
2585 39 
2590 49 
2593 1381 
2594 255 
2595 566 
2596 74 
2596 55 
2596 114 
2597 140 
2598 243 
2600 577 
2602 71 
2605 221 
2606 677 
2606 290 
2610 127 
2612 51 
2612 116 
2614 473 
2615 94 
2615 76 
2616 27 
2617 439 
2618 67 
2618 1848 
2619 25 
2623 629 
2624 273 
2625 957 
2627 248 
2627 351 
2627 108 
2629 49 
2629 967 
2631 44 
2634 106 
2636 58 
2639 60 
2639 74 
2639 214 
2640 183 
2642 1394 
2644 192 
2644 7 
2644 383 
2646 3063 
2648 137 
2650 236 
2650 91 
2652 12 
2653 93 
2654 485 
2655 97 
2655 467 
2656 109 
2658 244 
2661 573 
2662 5 
2663 481 
2663 634 
2663 119 
2665 185 
2666 109 
2667 96 
2667 935 
2669 32 
2670 13 
2672 627 
2673 89 
2674 64 
2675 1376 
2676 62 
2677 97 
2677 63 
2677 1587 
2682 187 
2683 136 
2688 146 
2688 430 
2689 178 
2689 139 
2694 3545 
2697 714 
2697 98 
2700 593 
2700 142 
2703 88 
2705 712 
2705 520 
2706 134 
2707 339 
2709 130 
2714 16 
2718 85 
2722 104 
2725 108 
2726 66 
2729 47 
2731 266 
2731 538 
2731 151 
2735 1038 
2735 215 
2737 124 
2741 183 
2742 26 
2743 187 
2747 8 
2749 26 
2753 1027 
2759 61 
2762 530 
2764 279 
2765 247 
2768 141 
2769 199 
2771 85 
2772 60 
2776 41 
2776 202 
2781 72 
2784 262 
2785 45 
2787 122 
2788 356 
2788 1998 
2789 5410 
2792 119 
2793 184 
2793 69 
2800 45 
2801 9 
2803 203 
2804 90 
2805 1292 
2806 92 
2807 269 
2809 9 
2812 43 
2815 127 
2815 63 
2816 214 
2817 1093 
2818 121 
2821 59 
2824 76 
2824 72 
2826 459 
2826 123 
2827 79 
2831 1412 
2834 53 
2835 115 
2838 242 
2838 273 
2842 18 
2842 95 
2843 486 
2845 46 
2847 67 
2848 35 
2852 513 
2856 297 
2860 203 
2862 99 
2864 51 
2864 62 
2865 56 
2867 240 
2868 820 
2869 48 
2869 8 
2871 417 
2873 309 
2874 197 
2876 24386 
2877 211 
2878 232 
2882 28 
2887 86 
2887 585 
2890 0 
2894 118 
2895 62 
2896 405 
2898 297 
2901 59 
2902 43 
2905 18 
2906 288 
2906 157 
2906 652 
2906 53 
2916 14 
2917 219 
2918 275 
2918 274 
2919 124 
2919 38 
2922 2136 
2922 1080 
2923 52 
2924 133 
2927 86 
2928 171 
2929 450 
2931 112 
2933 751 
2933 10 
2933 228 
2937 570 
2939 107 
2941 815 
2942 24 
2942 103 
2944 72 
2944 235 
2945 183 
2950 226 
2951 300 
2952 185 
2952 212 
2954 57 
2959 352 
2961 72 
2961 338 
2962 71 
2963 617 
2970 60 
2971 140 
2974 34 
2977 207 
2977 279 
2980 255 
2985 73 
2986 156 
2990 27 
2991 74 
2991 254 
2992 504 
2992 102 
2996 483 
3002 209 
3003 48 
3003 40 
3004 36 
3004 109 
3005 44 
3005 104 
3010 49 
3013 2858 
3015 172 
3016 22 
3019 119 
3020 25 
3025 72 
3027 544 
3027 44 
3031 64 
3031 162 
3033 779 
3033 540 
3034 109 
3034 54 
3035 77 
3035 38 
3036 25 
3037 192 
3038 237 
3038 24 
3046 100 
3048 147 
3048 45 
3049 561 
3052 100 
3053 44 
3054 24 
3058 240 
3058 53 
3059 31 
3059 9486 
3059 535 
3066 85 
3069 72 
3070 16 
3071 467 
3071 1344 
3072 120 
3074 66 
3074 4221 
3076 88 
3077 106 
3083 1807 
3084 12 
3084 21 
3085 221 
3088 6 
3090 332 
3091 126 
3094 111 
3095 178 
3095 572 
3096 225 
3096 775 
3099 77 
3101 6017 
3104 35 
3110 35 
3110 162 
3111 147 
3111 539 
3111 36 
3115 9 
3118 104 
3119 76 
3122 5 
3123 13 
3123 165 
3126 64 
3126 207 
3128 15 
3128 49 
3131 248 
3132 1422 
3132 35 
3133 130 
3133 257 
3134 62 
3135 4843 
3138 24 
3138 13 
3140 58 
3142 332 
3144 111 
3145 212 
3147 604 
3149 67 
3152 132 
3154 124 
3165 155 
3166 185 
3169 561 
3173 103 
3173 58 
3179 1175 
3182 108 
3182 319 
3186 101 
3187 283 
3189 152 
3191 34 
3193 164 
3197 231 
3197 264 
3198 941 
3199 111 
3199 64 
3200 0 
3202 67 
3203 200 
3203 1580 
3206 32 
3207 77 
3208 73 
3209 4 
3217 41 
3218 1282 
3225 75 
3225 992 
3225 106 
3228 51 
3240 116 
3242 110 
3245 2240 
3251 42 
3251 1212 
3252 171 
3253 1505 
3255 45 
3256 47 
3260 21 
3260 422 
3262 63 
3263 82 
3266 21 
3269 340 
3269 313 
3274 274 
3275 39 
3277 42 
3277 319 
3278 1178 
3282 13 
3282 317 
3286 60 
3289 136 
3292 93 
3294 117 
3294 26 
3294 88 
3295 50 
3296 45 
3297 91 
3300 2 
3303 732 
3307 283 
3308 117 
3311 198 
3311 11 
3311 70 
3312 827 
3313 1632 
3315 114 
3323 118 
3324 4 
3324 48 
3325 2549 
3331 1077 
3333 148 
3334 762 
3335 27 
3335 126 
3339 128 
3340 111 
3342 1089 
3343 451 
3343 28 
3343 81 
3348 108 
3348 111 
3348 215 
3352 13 
3354 313 
3355 103 
3355 64 
3357 25 
3359 98 
3364 74 
3366 98 
3368 36 
3370 139 
3378 117 
3383 13 
3385 87 
3386 450 
3386 53 
3386 6 
3389 44 
3391 142 
3391 37 
3395 275 
3395 62 
3397 99 
3398 69 
3398 49 
3400 167 
3403 73 
3404 73 
3408 157 
3409 237 
3410 153 
3410 20 
3414 30 
3421 99 
3421 55 
3424 401 
3426 61 
3428 22 
3429 270 
3429 84 
3431 260 
3433 18 
3435 114 
3437 274 
3441 610 
3446 76 
3450 369 
3450 90 
3458 150 
3458 288 
3462 123 
3463 141 
3465 72 
3467 560 
3473 81 
3477 522 
3477 38 
3480 74 
3481 88 
3482 0 
3482 133 
3484 262 
3486 2 
3492 7 
3499 930 
3501 80 
3510 43 
3510 7 
3511 17 
3516 499 
3516 415 
3517 3155 
3518 419 
3520 478 
3521 720 
3524 10 
3526 57 
3528 82 
3531 3016 
3533 478 
3537 65 
3539 363 
3541 35 
3543 483 
3546 172 
3546 273 
3549 59 
3549 182 
3553 67 
3554 54 
3559 404 
3562 247 
3565 235 
3567 34 
3570 34 
3570 6 
3574 91 
3581 203 
3584 209 
3584 301 
3584 419 
3588 32 
3592 91 
3592 1962 
3593 1078 
3594 386 
3597 185 
3598 0 
3599 45 
3600 21 
3602 29 
3603 152 
3607 63 
3609 102 
3609 151 
3611 601 
3611 3940 
3613 78 
3618 160 
3619 172 
3620 300 
3620 22 
3622 287 
3622 215 
3623 1168 
3625 1291 
3633 325 
3635 170 
3639 192 
3639 155 
3641 684 
3642 19 
3646 115 
3646 1308 
3646 118 
3647 49 
3649 61 
3652 38 
3653 206 
3655 38 
3658 654 
3660 49 
3660 168 
3662 16 
3668 201 
3670 391 
3673 58 
3677 121 
3678 20 
3678 5 
3678 21 
3679 31 
3679 499 
3680 213 
3681 70 
3683 99 
3687 1650 
3688 45 
3689 333 
3690 324 
3691 25 
3697 948 
3699 48 
3699 0 
3701 83 
3702 227 
3705 11 
3709 123 
3710 399 
3712 5 
3715 37 
3717 30 
3721 50 
3722 14 
3723 69 
3725 310 
3729 439 
3730 642 
3734 15391 
3734 31 
3742 65 
3745 225 
3745 309 
3745 185 
3746 200 
3750 415 
3753 196 
3758 12 
3759 186 
3759 214 
3760 565 
3761 53 
3763 962 
3765 739 
3768 500 
3779 290 
3784 2228 
3784 69 
3785 87 
3787 928 
3789 69 
3789 82 
3791 76 
3792 125 
3795 109 
3797 91 
3798 163 
3802 506 
3802 61 
3804 1052 
3805 109 
3805 140 
3805 196 
3806 175 
3806 43 
3806 62 
3808 94 
3808 199 
3809 167 
3811 1834 
3811 201 
3812 2504 
3817 675 
3821 295 
3822 1025 
3823 64 
3825 265 
3827 58 
3827 112 
3831 397 
3843 78 
3843 48 
3850 530 
3857 653 
3857 101 
3858 117 
3860 61 
3860 227 
3861 59 
3862 364 
3863 82 
3864 108 
3864 17 
3866 49 
3866 128 
3866 49 
3868 191 
3874 76 
3875 107 
3876 49 
3880 4 
3882 596 
3882 231 
3883 331 
3883 215 
3884 193 
3885 782 
3891 1352 
3891 1673 
3893 98 
3894 72 
3898 156 
3901 20 
3907 384 
3908 717 
3908 89 
3911 39 
3911 2067 
3911 655 
3914 75 
3915 154 
3917 398 
3918 58 
3919 142 
3919 1366 
3920 27 
3921 53 
3921 21 
3922 143 
3923 76 
3923 329 
3925 13 
3925 324 
3925 1396 
3930 10 
3931 131 
3933 52 
3937 603 
3938 418 
3941 16 
3942 193 
3951 63 
3951 232 
3952 132 
3955 30 
3956 54 
3957 226 
3958 79 
3958 93 
3960 530 
3961 51 
3961 847 
3963 222 
3968 117 
3971 249 
3971 4912 
3973 46 
3977 142 
3981 380 
3982 413 
3986 56 
3988 57 
3989 24 
3990 127 
3992 881 
3993 367 
3995 27 
3995 34 
3996 243 
3997 35 
3997 6 
3997 123 
4001 627 
4002 1764 
4002 577 
4002 121 
4004 16 
4006 37 
4008 65 
4008 65 
4014 407 
4017 140 
4028 58 
4030 171 
4031 110 
4035 133 
4036 176 
4040 97 
4041 74 
4042 176 
4043 66 
4052 237 
4054 275 
4056 86 
4058 11235 
4060 267 
4060 105 
4062 643 
4062 241 
4062 418 
4066 50 
4067 73 
4069 105 
4073 137 
4073 12 
4074 485 
4075 582 
4077 59 
4078 110 
4078 512 
4086 83 
4087 59 
4088 172 
4089 108 
4090 7 
4090 78 
4095 91 
4095 9 
4097 4109 
4098 310 
4099 71 
4102 320 
4103 41 
4104 133 
4109 118 
4109 531 
4116 91 
4121 62 
4128 457 
4129 3308 
4130 41 
4133 115 
4134 53 
4138 157 
4138 14 
4140 77 
4142 156 
4143 574 
4143 4015 
4147 95 
4149 121 
4155 191 
4157 239 
4162 63 
4164 102 
4164 16 
4167 582 
4168 1067 
4169 1272 
4174 59 
4175 224 
4176 143 
4176 137 
4177 716 
4177 104 
4178 341 
4187 42 
4191 21 
4198 114 
4199 38 
4201 31 
4203 20 
4206 1015 
4207 2940 
4209 136 
4209 83 
4210 587 
4224 162 
4229 42 
4229 107 
4232 13 
4238 84 
4242 41 
4245 67 
4245 237 
4246 70 
4247 62 
4247 60 
4247 62 
4247 139 
4251 81 
4252 1160 
4252 18 
4253 430 
4258 3175 
4259 30 
4264 208 
4271 1586 
4271 131 
4274 2295 
4275 2 
4278 43 
4279 66 
4281 424 
4281 231 
4283 162 
4288 1184 
4292 252 
4294 725 
4296 153 
4298 212 
4300 699 
4302 414 
4310 239 
4311 176 
4311 46 
4314 61 
4327 49 
4329 536 
4334 174 
4335 53 
4336 140 
4336 181 
4337 171 
4337 185 
4338 96 
4339 35 
4339 44 
4340 33 
4342 60 
4343 163 
4345 785 
4350 41 
4350 413 
4350 85 
4352 91 
4354 234 
4354 45 
4354 1178 
4355 73 
4363 652 
4365 32 
4367 86 
4368 120 
4368 10 
4370 3552 
4373 73 
4373 20 
4375 105 
4380 115 
4382 326 
4382 73 
4385 30 
4397 107 
4406 810 
4407 28 
4415 36 
4417 1630 
4418 117 
4419 387 
4428 110 
4430 720 
4433 38 
4438 36 
4443 17 
4449 38 
4449 498 
4450 142 
4450 140 
4459 376 
4459 31 
4460 170 
4461 12 
4461 208 
4464 194 
4465 8 
4465 56 
4466 1151 
4468 655 
4471 147 
4471 180 
4472 40 
4472 132 
4472 109 
4475 138 
4478 483 
4480 15 
4483 177 
4489 152 
4489 51 
4489 90 
4491 101 
4491 1514 
4493 112 
4498 698 
4514 40 
4516 109 
4517 455 
4517 197 
4520 31 
4522 336 
4522 253 
4526 43 
4529 532 
4534 157 
4534 16 
4535 596 
4536 24 
4536 836 
4537 79 
4540 30 
4542 104 
4543 30 
4544 129 
4547 96 
4552 1137 
4559 127 
4560 134 
4560 84 
4561 60 
4564 517 
4568 98 
4574 264 
4575 13399 
4579 126 
4581 411 
4584 238 
4586 239 
4589 5 
4594 1443 
4597 25 
4600 1003 
4600 14 
4601 45 
4602 59 
4604 400 
4605 11 
4606 71 
4609 263 
4610 170 
4612 837 
4613 394 
4615 24 
4616 42 
4622 125 
4622 683 
4622 327 
4626 14 
4626 689 
4627 213 
4629 159 
4631 172 
4632 46 
4633 733 
4636 1330 
4636 42 
4637 172 
4638 131 
4642 6 
4643 1105 
4643 70 
4650 107 
4651 124 
4653 424 
4654 229 
4657 27 
4657 379 
4661 246 
4661 595 
4663 65 
4665 181 
4669 232 
4670 49 
4672 848 
4682 84 
4683 3 
4684 74 
4686 357 
4692 342 
4695 2142 
4699 1195 
4703 1006 
4705 151 
4705 1123 
4714 43 
4714 67 
4719 79 
4719 9 
4720 461 
4722 76 
4724 339 
4728 436 
4728 62 
4729 1096 
4732 462 
4734 149 
4735 656 
4736 33 
4736 292 
4741 218 
4741 86 
4743 329 
4745 134 
4748 54 
4749 22 
4758 1077 
4761 66 
4761 219 
4764 131 
4765 27 
4772 169 
4773 206 
4776 32 
4785 225 
4785 359 
4786 233 
4786 21 
4788 198 
4797 50 
4801 63 
4802 3057 
4804 78 
4805 129 
4811 229 
4814 234 
4814 164 
4815 177 
4817 88 
4817 74 
4818 40 
4818 32 
4819 309 
4823 63 
4828 33 
4829 74 
4831 996 
4837 38 
4840 69 
4842 117 
4844 87 
4845 17 
4848 94 
4850 0 
4858 89 
4861 117 
4862 114 
4864 248 
4864 552 
4869 1697 
4871 1066 
4872 887 
4876 33 
4879 415 
4881 411 
4884 88 
4885 60 
4887 219 
4889 74 
4889 115 
4898 175 
4899 117 
4899 301 
4900 1060 
4906 6428 
4908 39 
4910 5754 
4915 186 
4916 175 
4916 141 
4918 102 
4922 7546 
4925 247 
4929 152 
4929 10 
4930 159 
4934 834 
4940 59 
4945 494 
4949 42 
4949 1191 
4951 72 
4951 381 
4962 123 
4963 215 
4963 61 
4963 78 
4969 22 
4970 374 
4971 1182 
4971 23 
4973 600 
4974 10 
4975 408 
4975 151 
4979 112 
4989 93 
4993 267 
4996 26 
4996 37 
4996 1059 
5000 108 
5007 147 
5009 113 
5013 902 
5014 21 
5015 2 
5022 8 
5022 107 
5032 193 
5037 34 
5037 57 
5038 268 
5040 79 
5043 135 
5044 28 
5046 478 
5055 1270 
5057 73 
5057 100 
5058 240 
5060 313 
5063 71 
5066 96 
5069 5 
5081 513 
5086 104 
5089 266 
5089 1211 
5090 165 
5092 98 
5097 375 
5098 61 
5100 77 
5102 1269 
5103 41 
5116 72 
5118 167 
5118 100 
5124 564 
5124 30 
5126 126 
5128 77 
5130 3 
5133 490 
5134 20879 
5140 151 
5140 468 
5144 1356 
5152 202 
5162 140 
5163 233 
5168 159 
5169 21 
5172 50 
5172 7 
5175 106 
5176 784 
5176 1453 
5176 158 
5184 48 
5186 347 
5188 54 
5192 27 
5192 522 
5200 345 
5205 112 
5208 18 
5209 59 
5219 163 
5223 420 
5223 29 
5225 38 
5227 181 
5228 60 
5230 82 
5238 110 
5239 216 
5248 94 
5249 48 
5250 43 
5253 663 
5256 53 
5259 31 
5267 479 
5268 105 
5269 106 
5270 402 
5274 372 
5277 112 
5278 111 
5279 203 
5285 110 
5290 85 
5292 10 
5296 811 
5307 18 
5309 217 
5310 260 
5315 251 
5316 22 
5316 79 
5322 80 
5323 525 
5323 108 
5324 96 
5325 256 
5326 5 
5328 738 
5328 66 
5335 12 
5341 177 
5344 563 
5344 643 
5349 312 
5351 65 
5353 1158 
5355 15 
5357 442 
5360 4013 
5367 65 
5368 16 
5372 285 
5375 98 
5376 374 
5380 156 
5381 247 
5385 98 
5385 69 
5387 380 
5388 26 
5388 87 
5388 8880 
5391 82 
5392 1312 
5392 2246 
5393 265 
5395 2805 
5402 175 
5404 86 
5405 482 
5406 2439 
5426 8 
5428 26 
5432 902 
5432 156 
5439 88 
5439 14 
5441 232 
5441 335 
5442 127 
5451 14 
5451 129 
5452 67 
5456 56 
5459 12539 
5466 879 
5470 107 
5471 2852 
5476 252 
5478 106 
5481 8 
5482 37 
5484 132 
5491 1798 
5493 44 
5498 340 
5502 116 
5503 65 
5505 358 
5507 117 
5508 99 
5509 131 
5512 148 
5516 21 
5520 678 
5521 60 
5522 10 
5523 1036 
5531 149 
5537 41 
5548 213 
5548 1481 
5558 28 
5561 1171 
5562 125 
5567 86 
5577 193 
5594 47 
5595 120 
5597 125 
5598 91 
5603 758 
5606 46 
5608 92 
5610 81 
5616 284 
5618 91 
5620 762 
5627 123 
5635 52 
5635 264 
5635 150 
5640 199 
5642 10 
5642 21 
5644 160 
5644 1186 
5647 25 
5648 237 
5652 254 
5652 57 
5654 187 
5658 30 
5666 82 
5668 203 
5671 31 
5674 25 
5676 383 
5677 58 
5699 106 
5699 13 
5699 77 
5700 124 
5706 29 
5714 58 
5715 394 
5717 223 
5719 115 
5719 490 
5719 413 
5721 29 
5726 153 
5733 19 
5733 20 
5738 61 
5739 1 
5740 300 
5744 391 
5752 166 
5752 397 
5758 279 
5759 3112 
5760 29 
5760 80 
5764 31 
5768 238 
5770 149 
5771 733 
5780 802 
5783 57 
5783 235 
5793 181 
5794 955 
5794 76 
5795 105 
5808 427 
5808 3274 
5809 8 
5817 72 
5817 73 
5828 22 
5830 121 
5832 50 
5832 36 
5834 42 
5835 67 
5840 81 
5841 138 
5846 171 
5846 25 
5851 3 
5855 364 
5855 19 
5856 14 
5856 302 
5859 241 
5862 192 
5865 166 
5866 97 
5868 18 
5874 167 
5875 152 
5878 21393 
5881 41 
5885 31 
5886 28 
5888 250 
5891 107 
5892 99 
5892 170 
5894 131 
5896 30 
5897 86 
5898 261 
5900 16 
5907 151 
5908 111 
5909 18 
5913 74 
5916 12 
5918 279 
5920 61 
5924 240 
5928 863 
5928 376 
5931 114 
5932 45 
5934 117 
5936 257 
5937 85 
5939 215 
5940 156 
5943 272 
5945 97 
5948 472 
5951 432 
5951 233 
5953 560 
5953 338 
5954 139 
5960 135 
5965 126 
5968 61 
5970 1251 
5981 42 
5983 1431 
5992 42 
5994 286 
5997 84 
5999 192 
5999 429 
6003 280 
6008 16 
6009 85 
6016 67 
6016 2314 
6018 125 
6018 1189 
6019 114 
6031 15 
6031 100 
6032 1415 
6037 119 
6041 5633 
6043 63 
6044 64 
6044 123 
6044 397 
6044 34 
6051 45 
6055 50 
6055 551 
6065 24 
6071 230 
6072 173 
6090 833 
6091 22 
6097 7160 
6101 6 
6106 17 
6106 270 
6106 7151 
6108 77 
6109 52 
6110 145 
6116 349 
6116 230 
6119 159 
6123 506 
6127 1117 
6130 168 
6138 18 
6139 120 
6156 80 
6159 143 
6163 50 
6163 136 
6165 132 
6166 1585 
6166 457 
6168 474 
6177 127 
6178 91 
6178 1235 
6181 301 
6187 54 
6188 120 
6191 196 
6193 24 
6195 861 
6198 56 
6198 75 
6203 26550 
6204 335 
6208 137 
6210 103 
6211 4 
6212 118 
6217 84 
6218 484 
6219 54 
6220 261 
6226 56 
6228 601 
6234 393 
6236 70 
6237 496 
6238 84 
6240 204 
6240 18 
6247 19 
6247 689 
6254 65 
6256 63 
6257 2 
6257 46 
6259 162 
6262 362 
6264 84 
6265 800 
6266 161 
6267 102 
6268 97 
6271 314 
6272 94 
6280 314 
6284 1028 
6287 208 
6291 76 
6294 84 
6299 71 
6300 471 
6301 163 
6302 1668 
6308 100 
6308 13 
6310 117 
6311 32 
6318 77 
6320 16 
6321 529 
6322 42 
6323 36 
6327 334 
6328 13 
6329 111 
6330 232 
6334 103 
6337 13 
6340 65 
6342 32 
6344 992 
6344 234 
6346 142 
6346 1065 
6347 260 
6348 3922 
6351 74 
6352 38 
6356 298 
6359 63 
6361 32 
6361 115 
6362 151 
6363 24 
6370 52 
6371 68 
6372 36 
6372 223 
6374 75 
6377 101 
6378 31 
6380 117 
6384 33 
6397 233 
6400 916 
6406 73 
6407 103 
6409 18 
6412 147 
6412 62 
6418 12 
6424 143 
6430 198 
6430 17 
6435 19 
6442 56 
6447 699 
6448 177 
6448 84 
6451 130 
6452 47 
6454 2610 
6458 464 
6464 124 
6466 54 
6468 215 
6471 96 
6476 54 
6476 160 
6481 43 
6484 111 
6490 237 
6493 50 
6496 532 
6503 52 
6504 261 
6504 42 
6508 68 
6509 120 
6523 210 
6526 56 
6526 101 
6533 35 
6536 189 
6539 525 
6539 10 
6544 226 
6545 36 
6553 784 
6554 88 
6556 132 
6561 116 
6563 75 
6567 299 
6569 93 
6574 1104 
6575 803 
6579 46 
6583 444 
6588 19 
6589 29 
6599 9 
6599 87 
6601 1763 
6601 1263 
6602 126 
6604 67 
6605 45 
6612 534 
6615 570 
6617 219 
6629 660 
6632 1348 
6633 425 
6640 85 
6642 33 
6644 767 
6645 661 
6647 152 
6650 38 
6663 425 
6667 110 
6671 213 
6676 42 
6682 209 
6684 67 
6685 126 
6697 187 
6699 620 
6701 45 
6702 120 
6702 70 
6703 71 
6704 138 
6704 153 
6706 47 
6707 30 
6710 235 
6713 679 
6715 1813 
6717 35 
6719 56 
6722 493 
6728 225 
6730 93 
6731 21 
6737 1011 
6737 20 
6739 5 
6739 256 
6742 389 
6745 541 
6750 216 
6761 120 
6762 28 
6767 132 
6774 733 
6777 257 
6780 152 
6782 216 
6783 78 
6785 95 
6790 328 
6790 792 
6794 231 
6794 102 
6797 126 
6802 786 
6802 90 
6803 209 
6807 16 
6810 478 
6812 130 
6813 1440 
6821 374 
6824 56 
6825 42 
6827 340 
6831 175 
6834 42 
6838 413 
6839 161 
6844 102 
6846 146 
6846 61 
6846 18 
6847 37 
6848 166 
6851 159 
6851 413 
6852 14 
6852 56 
6852 16 
6853 329 
6855 1303 
6855 206 
6860 283 
6861 159 
6861 83 
6862 1271 
6865 37 
6881 147 
6883 42 
6883 81 
6884 77 
6887 479 
6891 37 
6892 563 
6897 85 
6897 193 
6899 44 
6901 85 
6901 171 
6903 306 
6907 86 
6907 50 
6915 27 
6921 112 
6930 139 
6930 118 
6941 222 
6941 417 
6942 73 
6944 137 
6947 61 
6948 117 
6949 19 
6950 114 
6953 32 
6962 56 
6964 873 
6971 1433 
6972 70 
6972 440 
6976 86 
6976 96 
6985 29 
6986 78 
6987 229 
6990 65 
6991 79 
6995 52 
6997 75 
6999 104 
7001 20 
7002 105 
7003 514 
7004 86 
7011 147 
7013 46 
7013 249 
7024 530 
7035 113 
7038 813 
7045 39 
7046 393 
7047 14 
7050 4 
7052 126 
7059 79 
7063 173 
7065 123 
7067 70 
7077 188 
7078 226 
7086 243 
7087 27 
7096 331 
7097 51 
7099 7061 
7099 50 
7101 234 
7107 896 
7108 98 
7108 258 
7109 314 
7109 52 
7116 43 
7117 193 
7118 86 
7118 152 
7119 87 
7119 89 
7123 839 
7128 129 
7131 192 
7132 152 
7133 21624 
7134 28 
7135 77 
7139 102 
7143 257 
7145 39 
7147 2542 
7148 34 
7149 210 
7155 81 
7155 62 
7156 212 
7159 135 
7163 207 
7163 155 
7164 65 
7165 34 
7166 321 
7167 104 
7168 14 
7171 64 
7173 729 
7178 169 
7180 546 
7181 239 
7182 23 
7182 117 
7183 546 
7190 22 
7194 95 
7196 138 
7197 164 
7199 119 
7201 704 
7208 277 
7214 10 
7215 165 
7218 111 
7219 471 
7223 1044 
7223 25 
7229 1419 
7230 712 
7230 107 
7232 303 
7233 28 
7235 1483 
7239 338 
7239 160 
7244 40 
7245 29 
7247 241 
7247 56 
7249 68 
7253 461 
7256 29 
7262 44 
7263 525 
7267 958 
7270 1614 
7275 182 
7275 17 
7283 137 
7285 94 
7287 44 
7295 417 
7296 165 
7297 62 
7298 122 
7304 1067 
7305 2188 
7305 4 
7306 1407 
7309 4 
7311 120 
7312 189 
7315 226 
7321 160 
7323 163 
7323 295 
7325 477 
7332 6 
7335 8 
7341 155 
7343 55 
7346 63 
7352 256 
7361 114 
7363 57 
7366 273 
7367 92 
7371 116 
7372 35 
7374 31 
7376 234 
7376 164 
7380 32 
7382 78 
7390 219 
7394 472 
7398 12009 
7399 151 
7401 3274 
7402 210 
7406 7 
7408 23 
7410 533 
7410 146 
7413 1246 
7415 1071 
7419 391 
7424 59 
7434 36 
7437 287 
7439 58 
7439 148 
7444 157 
7447 6 
7450 114 
7451 77 
7455 89 
7455 29 
7457 82 
7457 31 
7459 32 
7463 1172 
7466 317 
7466 167 
7467 291 
7467 1146 
7470 7 
7471 251 
7475 100 
7479 340 
7480 45 
7489 257 
7493 39 
7495 8 
7505 159 
7517 39 
7518 327 
7522 63 
7524 253 
7525 92 
7527 144 
7530 109 
7532 78 
7533 104 
7537 480 
7537 54 
7539 301 
7543 622 
7545 4 
7550 50 
7551 1779 
7556 38 
7557 2093 
7562 391 
7567 399 
7567 323 
7573 279 
7575 95 
7577 139 
7581 101 
7582 156 
7584 137 
7585 177 
7591 169 
7595 410 
7598 171 
7603 20 
7609 125 
7609 160 
7613 504 
7619 46 
7621 211 
7621 536 
7624 297 
7625 63 
7625 2159 
7626 34 
7630 57 
7632 10 
7636 11 
7640 125 
7643 239 
7648 62 
7648 319 
7649 1310 
7650 69 
7654 63 
7655 38 
7661 132 
7664 164 
7666 45 
7676 58 
7678 1682 
7680 12 
7683 76 
7683 594 
7684 132 
7684 18 
7685 60 
7686 30 
7686 551 
7686 12 
7687 100 
7698 124 
7700 432 
7702 45 
7707 7 
7712 247 
7716 72 
7716 605 
7719 89 
7722 17 
7724 252 
7729 112 
7733 1090 
7734 148 
7736 1475 
7736 18 
7744 38 
7754 898 
7759 42 
7760 34 
7770 243 
7773 96 
7774 712 
7784 112 
7785 931 
7790 108 
7792 17 
7792 37 
7794 623 
7800 77 
7800 61 
7805 90 
7806 132 
7810 1709 
7812 446 
7814 221 
7814 255 
7821 106 
7824 121 
7829 253 
7832 128 
7832 165 
7835 1307 
7837 305 
7837 106 
7841 55 
7843 106 
7846 91 
7849 1374 
7850 44 
7858 1938 
7859 39 
7861 795 
7867 146 
7868 55 
7870 168 
7877 34 
7878 44 
7879 41 
7884 287 
7888 63 
7888 107 
7891 320 
7894 1 
7899 89 
7899 103 
7904 84 
7911 63 
7912 606 
7915 92 
7917 257 
7920 1457 
7925 73 
7925 85 
7926 44 
7927 79 
7934 125 
7934 61 
7937 37 
7949 67 
7950 478 
7954 330 
7964 12 
7965 387 
7966 63 
7975 174 
7983 42 
7985 58 
7985 2320 
7988 34 
7994 443 
7995 574 
7997 115 
8000 89 
8000 10 
8007 145 
8011 178 
8012 318 
8012 25 
8014 400 
8021 23 
8023 348 
8025 343 
8025 46 
8026 278 
8028 96 
8029 63 
8034 182 
8035 28 
8046 51 
8048 68 
8049 63 
8049 21 
8057 53 
8063 88 
8064 492 
8070 165 
8073 78 
8076 49 
8081 9 
8082 31 
8087 439 
8095 49 
8095 162 
8095 61 
8101 40 
8104 446 
8104 554 
8108 125 
8114 36 
8115 18 
8115 260 
8116 151 
8116 1448 
8116 2594 
8119 882 
8120 17 
8120 2271 
8125 19 
8127 86 
8128 226 
8130 249 
8133 68 
8140 12 
8148 52 
8150 59 
8154 41 
8158 27 
8158 293 
8158 316 
8161 54 
8169 1054 
8178 149 
8183 483 
8184 165 
8185 274 
8192 1090 
8193 32 
8198 356 
8201 215 
8207 216 
8211 77 
8215 50 
8216 96 
8216 6 
8221 410 
8222 8 
8231 82 
8233 108 
8235 233 
8235 28 
8235 250 
8235 276 
8241 59 
8243 109 
8243 179 
8255 116 
8257 40 
8258 55 
8262 70 
8268 19 
8270 120 
8271 84 
8272 60 
8273 39 
8274 38 
8276 21 
8283 62 
8284 28 
8288 195 
8289 13 
8295 54 
8299 93 
8299 157 
8305 266 
8312 131 
8319 147 
8324 35 
8329 166 
8331 35 
8332 158 
8334 1454 
8336 28 
8338 33 
8340 116 
8341 92 
8342 83 
8350 83 
8354 163 
8356 101 
8356 23 
8360 278 
8360 130 
8364 53 
8370 153 
8383 112 
8384 71 
8384 9 
8387 245 
8394 422 
8402 159 
8402 83 
8416 202 
8420 63 
8420 790 
8422 232 
8424 605 
8425 102 
8430 179 
8431 39 
8435 72 
8437 131 
8439 160 
8440 151 
8442 146 
8448 51 
8449 23 
8450 222 
8454 27 
8457 215 
8462 200 
8463 73 
8469 230 
8470 109 
8475 1 
8478 142 
8478 180 
8482 60 
8483 269 
8485 6 
8492 691 
8494 3653 
8498 79 
8501 214 
8505 755 
8515 71 
8520 67 
8520 57 
8523 312 
8531 26 
8533 493 
8534 199 
8542 33 
8542 340 
8552 88 
8559 144 
8560 72 
8569 23 
8574 108 
8578 109 
8579 144 
8580 149 
8581 37 
8581 220 
8582 55 
8583 75 
8585 220 
8587 904 
8587 171 
8595 68 
8596 80 
8597 50 
8601 99 
8602 24 
8605 188 
8621 155 
8623 163 
8630 1496 
8631 180 
8633 193 
8637 179 
8640 15 
8642 132 
8645 68 
8648 27 
8661 9 
8661 170 
8662 29 
8666 23 
8667 252 
8672 6 
8673 433 
8674 23 
8675 534 
8675 227 
8676 196 
8677 35 
8678 1010 
8678 697 
8679 15 
8680 628 
8681 52 
8688 854 
8700 113 
8701 621 
8701 1 
8701 1295 
8705 661 
8707 31 
8712 38 
8737 83 
8739 188 
8747 139 
8747 712 
8750 327 
8754 45 
8754 736 
8755 63 
8757 149 
8759 32 
8767 182 
8771 78 
8777 1809 
8779 1223 
8779 1539 
8784 81 
8785 283 
8787 102 
8790 59 
8791 491 
8796 73 
8796 210 
8813 198 
8815 139 
8817 40 
8824 10 
8827 241 
8834 15 
8838 171 
8839 963 
8843 481 
8849 204 
8853 165 
8856 11 
8856 109 
8859 94 
8865 84 
8865 4 
8868 197 
8871 2460 
8875 17 
8882 550 
8886 25 
8890 2 
8894 54 
8896 52 
8897 55 
8911 68 
8916 88 
8918 72 
8928 244 
8931 744 
8931 10 
8937 195 
8940 346 
8941 227 
8941 18 
8944 902 
8945 26 
8948 94 
8964 457 
8965 274 
8967 61 
8974 218 
8983 26 
8988 28 
8989 118 
8989 0 
8991 17 
8991 219 
9001 67 
9004 208 
9006 294 
9020 42 
9033 763 
9036 1472 
9047 216 
9048 25 
9050 210 
9050 341 
9054 84 
9058 133 
9061 167 
9061 1052 
9067 31 
9068 106 
9068 11 
9077 175 
9080 187 
9083 65 
9084 109 
9085 756 
9086 199 
9088 86 
9088 165 
9090 542 
9091 198 
9091 241 
9100 113 
9110 76 
9136 84 
9136 74 
9145 5 
9145 52 
9146 16 
9153 117 
9154 96 
9165 230 
9178 54 
9181 158 
9182 403 
9184 58 
9184 59 
9191 21 
9192 486 
9201 41 
9205 138 
9207 772 
9207 191 
9208 232 
9210 329 
9211 122 
9212 213 
9216 584 
9220 1124 
9222 522 
9233 37 
9235 149 
9241 55 
9265 164 
9267 31 
9268 141 
9271 96 
9280 13 
9282 96 
9284 29 
9287 123 
9293 169 
9294 1015 
9300 181 
9300 1030 
9306 47 
9310 382 
9310 78 
9310 129 
9316 127 
9317 86 
9325 104 
9325 189 
9330 177 
9330 15 
9332 441 
9337 139 
9338 251 
9343 129 
9345 444 
9346 73 
9359 13 
9360 321 
9364 178 
9365 199 
9368 159 
9368 20 
9375 90 
9380 1644 
9382 161 
9384 30 
9385 1 
9389 436 
9390 115 
9390 341 
9391 24 
9393 120 
9398 98 
9401 4 
9401 61 
9401 10 
9402 49 
9405 33 
9406 80 
9412 527 
9418 82 
9422 546 
9426 143 
9429 76 
9430 236 
9431 276 
9436 104 
9437 185 
9440 373 
9440 44 
9447 553 
9459 14 
9461 68 
9474 170 
9476 207 
9485 32 
9485 9 
9490 53 
9493 14 
9497 156 
9500 46 
9500 178 
9504 516 
9512 70 
9514 383 
9520 1286 
9523 87 
9527 619 
9529 288 
9531 43 
9533 38 
9545 641 
9551 8 
9554 53 
9557 94 
9557 27 
9559 611 
9564 15 
9565 111 
9566 140 
9570 179 
9574 13 
9581 71 
9583 125 
9584 316 
9585 245 
9587 204 
9588 330 
9590 1913 
9593 4 
9594 183 
9600 52 
9602 3500 
9605 101 
9607 130 
9610 84 
9612 81 
9613 21 
9617 3042 
9618 546 
9622 53 
9622 738 
9623 4147 
9623 132 
9623 38 
9625 817 
9629 246 
9635 260 
9639 64 
9639 105 
9642 122 
9646 119 
9648 29 
9650 29 
9651 288 
9653 191 
9655 26 
9655 70 
9655 59 
9657 105 
9657 119 
9659 18 
9661 138 
9663 35 
9664 21 
9665 2143 
9679 62 
9688 22 
9694 177 
9697 1570 
9697 112 
9699 90 
9711 156 
9713 139 
9714 5 
9715 121 
9715 624 
9724 898 
9726 183 
9730 170 
9737 676 
9737 236 
9743 126 
9743 109 
9743 471 
9752 62 
9757 50 
9759 140 
9761 127 
9762 24 
9762 32 
9763 137 
9763 57 
9764 68 
9766 24 
9767 1265 
9772 4 
9774 47 
9775 63 
9775 72 
9778 51 
9779 57 
9780 77 
9790 75 
9790 86 
9796 5 
9798 25 
9799 119 
9803 49 
9804 970 
9807 234 
9807 127 
9807 463 
9817 1228 
9822 216 
9834 119 
9840 244 
9844 43 
9855 338 
9859 61 
9867 98 
9867 233 
9869 22 
9869 55 
9871 11026 
9872 23 
9874 970 
9875 106 
9882 141 
9887 96 
9892 2117 
9894 66 
9894 8 
9896 13 
9896 39 
9902 207 
9907 100 
9912 1004 
9912 705 
9917 41 
9920 64 
9920 27 
9923 66 
9923 1330 
9924 278 
9926 206 
9927 54 
9928 405 
9929 236 
9932 1969 
9932 119 
9936 25 
9944 152 
9948 97 
9950 748 
9951 231 
9952 575 
9957 176 
9958 63 
9963 90 
9972 170 
9973 541 
9975 950 
9975 186 
9978 27 
9980 90 
9981 71 
9981 44 
9982 26 
9983 102 
9989 65 
9994 170 
9999 26 
9999 158 
10005 93 
10006 117 
10007 78 
10016 79 
10017 23 
10018 209 
10027 150 
10029 38 
10030 361 
10069 212 
10069 307 
10071 3759 
10072 26 
10073 178 
10078 48 
10082 136 
10083 12 
10089 105 
10090 540 
10095 121 
10097 160 
10103 0 
10103 68 
10107 317 
10111 349 
10113 11622 
10115 30 
10116 76 
10117 51 
10123 202 
10123 97 
10126 345 
10127 13 
10128 202 
10129 346 
10129 924 
10129 453 
10136 60 
10137 71 
10137 435 
10138 17 
10139 37 
10146 884 
10148 8661 
10151 11 
10154 1778 
10156 50 
10157 601 
10163 64 
10163 50 
10165 317 
10166 68 
10170 69 
10171 56 
10172 42 
10176 46 
10176 59 
10184 270 
10184 39 
10185 195 
10189 122 
10189 1827 
10190 227 
10192 123 
10194 523 
10195 480 
10197 594 
10199 348 
10200 102 
10209 15 
10215 204 
10216 35 
10216 108 
10221 102 
10223 56 
10223 202 
10227 26 
10232 318 
10236 611 
10241 75 
10241 11 
10245 12 
10248 111 
10248 20 
10250 263 
10253 229 
10254 58 
10259 295 
10265 7 
10268 142 
10274 257 
10276 54 
10281 51 
10286 133 
10287 298 
10291 28 
10294 83 
10295 90 
10300 26 
10306 177 
10307 117 
10307 710 
10317 174 
10320 148 
10325 291 
10331 171 
10332 103 
10335 208 
10335 78 
10335 53 
10336 181 
10337 708 
10340 215 
10342 647 
10345 34 
10351 155 
10352 115 
10355 48 
10359 103 
10361 39 
10366 110 
10368 27 
10373 113 
10374 275 
10374 77 
10377 269 
10377 18 
10378 138 
10378 30 
10381 284 
10382 107 
10382 34 
10387 125 
10390 89 
10390 1885 
10390 9 
10392 1224 
10408 319 
10408 212 
10411 42 
10417 38 
10418 288 
10419 3042 
10421 1214 
10422 373 
10426 335 
10428 82 
10436 51 
10440 44 
10440 377 
10446 141 
10447 112 
10447 40 
10449 22 
10452 118 
10458 201 
10461 129 
10462 416 
10463 452 
10469 68 
10473 1263 
10477 567 
10489 402 
10491 1133 
10495 105 
10496 417 
10499 494 
10507 263 
10508 152 
10516 161 
10517 1329 
10518 51 
10522 423 
10529 115 
10531 109 
10533 2127 
10534 20 
10536 512 
10537 157 
10538 247 
10542 120 
10544 1479 
10547 49 
10548 206 
10548 31 
10549 272 
10550 193 
10552 669 
10552 259 
10556 20 
10559 1555 
10560 722 
10564 19 
10570 48 
10573 462 
10578 84 
10581 53 
10588 23 
10596 22 
10597 213 
10597 34 
10604 22 
10605 227 
10606 7 
10609 91 
10610 495 
10613 409 
10626 12 
10626 30 
10628 87 
10632 213 
10632 69 
10641 42 
10642 132 
10642 111 
10643 74 
10650 762 
10652 27 
10652 897 
10654 20 
10654 786 
10668 123 
10668 453 
10671 46 
10672 154 
10681 60 
10681 115 
10681 16 
10683 2 
10686 71 
10687 131 
10687 25 
10687 157 
10688 3 
10689 226 
10694 140 
10707 108 
10710 103 
10711 1201 
10711 829 
10728 191 
10729 71 
10740 289 
10741 48 
10745 21 
10748 138 
10751 31 
10753 597 
10758 176 
10767 19 
10771 285 
10771 880 
10773 9 
10773 51 
10774 89 
10776 809 
10778 16 
10780 129 
10782 82 
10786 142 
10795 959 
10798 496 
10799 63 
10801 427 
10801 19 
10814 127 
10818 589 
10835 3675 
10842 23 
10845 120 
10846 105 
10847 1490 
10853 68 
10857 295 
10858 246 
10858 137 
10859 108 
10861 26 
10863 42 
10867 175 
10867 225 
10872 73 
10879 178 
10880 2287 
10886 1068 
10886 54 
10897 246 
10903 17 
10904 661 
10906 269 
10910 295 
10917 161 
10925 1210 
10929 322 
10929 3145 
10933 797 
10935 290 
10936 73 
10945 455 
10945 62 
10948 588 
10948 71 
10951 277 
10952 137 
10953 893 
10959 54 
10962 26 
10965 539 
10974 220 
10975 77 
10977 50 
10981 5275 
10983 338 
10985 53 
10986 568 
11000 50 
11007 214 
11009 203 
11012 55 
11020 73 
11020 1615 
11021 83 
11023 418 
11026 41 
11027 81 
11028 37 
11028 432 
11029 80 
11030 116 
11032 258 
11033 339 
11045 275 
11046 1629 
11048 1089 
11053 42 
11056 4 
11057 77 
11057 79 
11061 64 
11066 172 
11067 83 
11068 26 
11068 163 
11071 37 
11071 9 
11075 58 
11082 144 
11082 97 
11082 1363 
11083 161 
11086 39 
11091 141 
11094 1597 
11104 16 
11108 93 
11108 168 
11114 228 
11116 107 
11118 126 
11122 159 
11127 4 
11130 318 
11130 224 
11135 42 
11142 105 
11143 65 
11149 5914 
11151 1831 
11151 443 
11167 163 
11168 165 
11169 50 
11174 172 
11180 658 
11181 370 
11182 52 
11182 360 
11197 2823 
11198 368 
11199 147 
11200 40 
11202 1027 
11203 11 
11210 173 
11212 153 
11227 221 
11231 26 
11231 160 
11234 71 
11234 442 
11237 112 
11238 59 
11242 373 
11246 498 
11246 2063 
11251 512 
11252 1135 
11257 60 
11258 34 
11258 181 
11258 53 
11263 210 
11265 15 
11280 234 
11285 46 
11287 25 
11303 796 
11318 315 
11319 250 
11325 6 
11330 26 
11337 77 
11338 27 
11338 119 
11339 23 
11347 23 
11350 216 
11352 122 
11356 331 
11365 382 
11367 140 
11371 307 
11380 50 
11382 132 
11384 573 
11385 142 
11387 75 
11389 159 
11391 425 
11391 420 
11398 65 
11402 225 
11406 83 
11410 34 
11413 184 
11414 154 
11414 62 
11423 205 
11424 39 
11425 743 
11429 468 
11429 5 
11442 122 
11443 156 
11445 82 
11452 155 
11452 123 
11457 1651 
11457 132 
11458 139 
11460 650 
11462 171 
11470 97 
11472 1208 
11477 157 
11477 12 
11480 16 
11483 303 
11486 85 
11488 34 
11493 9 
11500 57 
11510 131 
11510 72 
11514 343 
11514 22 
11516 102 
11516 22 
11519 108 
11526 252 
11527 731 
11533 57 
11536 52 
11537 45 
11541 362 
11541 54 
11541 135 
11544 445 
11548 172 
11568 56 
11570 126 
11570 175 
11579 150 
11581 81 
11591 35 
11596 61 
11605 93 
11607 90 
11611 132 
11616 382 
11621 23 
11621 11981 
11624 56 
11625 209 
11627 224 
11629 10 
11630 181 
11637 903 
11642 321 
11643 471 
11648 670 
11654 51 
11655 99 
11656 167 
11656 40 
11658 26 
11658 164 
11670 626 
11673 24 
11673 501 
11675 315 
11676 2917 
11687 83 
11688 480 
11691 1458 
11700 40 
11703 1498 
11706 248 
11707 155 
11711 68 
11714 143 
11719 107 
11721 144 
11728 43 
11731 293 
11738 331 
11739 169 
11741 183 
11742 9 
11743 931 
11753 62 
11764 59 
11770 205 
11771 155 
11772 84 
11773 1020 
11780 109 
11781 53 
11781 1023 
11783 238 
11787 3571 
11790 13 
11796 119 
11808 209 
11809 309 
11810 431 
11814 679 
11818 142 
11825 1391 
11825 182 
11829 281 
11841 53 
11851 56 
11855 343 
11866 101 
11866 3 
11875 123 
11888 61 
11916 408 
11919 45 
11922 1080 
11926 86 
11928 270 
11928 93 
11935 1869 
11937 108 
11938 163 
11940 10 
11941 75 
11945 353 
11950 134 
11952 25 
11961 175 
11964 36 
11966 456 
11967 96 
11968 75 
11971 127 
11971 97 
11973 409 
11973 250 
11974 89 
11980 104 
11980 64 
11982 2521 
11986 3846 
11994 90 
12015 22 
12018 432 
12020 26 
12022 355 
12026 32 
12034 6 
12035 76 
12035 299 
12038 91 
12038 332 
12041 157 
12043 312 
12049 149 
12049 28 
12052 110 
12067 40 
12067 130 
12067 1318 
12081 152 
12082 152 
12085 46 
12089 41 
12093 85 
12098 165 
12101 77 
12110 665 
12113 27 
12115 46 
12122 83 
12123 207 
12127 62 
12130 173 
12138 238 
12141 109 
12144 45 
12146 64 
12154 204 
12157 575 
12159 175 
12166 109 
12177 43 
12185 40 
12188 8 
12195 41 
12202 49 
12206 56 
12208 112 
12221 45 
12225 100 
12234 193 
12244 123 
12258 72 
12269 36 
12271 50 
12278 441 
12290 9 
12310 232 
12313 26 
12316 58 
12324 22 
12327 316 
12328 102 
12332 641 
12334 656 
12342 108 
12343 76 
12343 119 
12352 98 
12353 33 
12355 126 
12357 14 
12360 18 
12365 45 
12372 157 
12375 9 
12376 67 
12381 57 
12384 183 
12390 95 
12390 24 
12395 186 
12404 251 
12406 29 
12414 563 
12418 57 
12442 221 
12444 2 
12452 118 
12457 195 
12464 79 
12469 16 
12476 41 
12486 220 
12487 93 
12495 1374 
12503 5 
12532 215 
12532 215 
12532 526 
12535 15 
12535 1213 
12539 139 
12542 69 
12547 162 
12549 474 
12551 168 
12551 429 
12560 81 
12562 115 
12577 232 
12582 340 
12584 83 
12584 237 
12592 84 
12595 81 
12598 1353 
12603 360 
12605 92 
12611 26 
12620 18 
12621 2 
12629 860 
12631 203 
12634 16 
12639 2 
12642 156 
12653 278 
12660 970 
12663 32 
12664 68 
12666 780 
12675 78 
12676 60 
12687 246 
12692 450 
12694 35 
12697 285 
12701 100 
12701 69 
12710 100 
12718 13 
12722 38 
12724 109 
12730 202 
12730 27 
12731 25 
12743 14 
12744 133 
12746 298 
12750 223 
12762 930 
12762 263 
12767 12 
12768 26 
12768 80 
12769 92 
12773 158 
12776 28 
12784 1338 
12786 12 
12787 103 
12789 3314 
12790 684 
12793 39 
12803 179 
12805 233 
12807 274 
12811 309 
12822 2724 
12835 132 
12836 8 
12850 0 
12855 751 
12856 60 
12858 8026 
12867 278 
12870 656 
12874 53 
12876 2 
12876 252 
12877 583 
12877 50 
12878 188 
12879 1153 
12879 67 
12893 95 
12906 142 
12907 498 
12909 21 
12911 51 
12918 409 
12919 104 
12925 111 
12928 231 
12928 420 
12930 10 
12936 72 
12937 156 
12940 1385 
12943 357 
12949 496 
12951 52 
12954 1568 
12955 40 
12960 1176 
12966 148 
12968 139 
12972 3 
12977 220 
12980 327 
12988 276 
12988 146 
12990 133 
12991 49 
12991 27 
12996 304 
12997 121 
12999 77 
13002 29 
13008 1840 
13010 165 
13013 278 
13013 11 
13019 227 
13020 243 
13023 181 
13038 847 
13053 111 
13061 86 
13061 1789 
13070 681 
13071 10 
13077 298 
13079 229 
13081 29 
13082 132 
13083 1388 
13086 129 
13086 20 
13106 1469 
13108 254 
13114 67 
13118 106 
13120 221 
13123 275 
13126 146 
13136 117 
13138 33 
13142 366 
13143 1999 
13149 15 
13152 97 
13158 57 
13159 61 
13162 45 
13166 26 
13166 24 
13169 116 
13169 648 
13171 1330 
13177 132 
13178 364 
13178 7 
13178 56 
13181 20 
13199 111 
13200 142 
13201 65 
13208 274 
13216 27 
13224 225 
13243 81 
13246 60 
13251 108 
13253 55 
13257 346 
13258 45 
13263 401 
13265 78 
13269 707 
13272 21 
13272 20 
13281 732 
13286 11 
13292 21 
13296 240 
13300 20 
13328 162 
13328 155 
13335 323 
13337 66 
13344 31 
13348 185 
13354 191 
13357 23 
13370 22 
13372 279 
13375 20 
13379 418 
13383 89 
13385 170 
13391 67 
13392 1607 
13400 57 
13414 24 
13416 41 
13419 0 
13425 74 
13426 103 
13431 18 
13440 104 
13443 136 
13451 318 
13454 311 
13460 188 
13467 383 
13484 402 
13490 1407 
13496 580 
13500 293 
13502 48 
13503 669 
13510 1086 
13531 28 
13535 17194 
13541 223 
13542 204 
13547 171 
13547 42 
13549 285 
13558 38 
13560 80 
13563 265 
13566 537 
13574 59 
13584 213 
13589 95 
13599 287 
13601 159 
13605 528 
13607 16 
13610 343 
13611 676 
13627 53 
13627 58 
13635 326 
13644 103 
13647 53 
13651 1702 
13657 74 
13657 166 
13659 62 
13660 10 
13662 43 
13663 127 
13664 62 
13665 98 
13665 646 
13669 164 
13672 12 
13678 42 
13681 103 
13683 9 
13687 862 
13695 47 
13695 60 
13696 23 
13696 335 
13699 65 
13703 209 
13731 1492 
13734 24 
13738 31 
13744 33 
13753 28 
13765 322 
13766 20 
13766 26 
13766 9 
13772 24 
13776 6793 
13781 164 
13783 100 
13788 1357 
13794 212 
13797 133 
13802 71 
13816 154 
13825 348 
13846 82 
13856 165 
13861 20 
13863 46 
13870 74 
13889 139 
13900 65 
13900 137 
13901 156 
13907 1374 
13913 456 
13915 93 
13915 55 
13920 18 
13926 176 
13927 36 
13929 292 
13931 140 
13933 49 
13943 24 
13949 38 
13958 316 
13958 65 
13959 59 
13959 1087 
13965 59 
13966 1258 
13974 1244 
13977 373 
13981 645 
13982 55 
13995 238 
13997 54 
13997 108 
13997 64 
13999 136 
13999 28 
14007 79 
14012 145 
14014 92 
14015 78 
14018 2271 
14019 85 
14027 613 
14041 149 
14057 2646 
14059 57 
14063 325 
14074 130 
14077 44 
14084 31 
14109 645 
14124 574 
14137 380 
14139 73 
14139 11 
14139 88 
14140 471 
14145 46 
14147 171 
14159 18 
14165 44 
14169 196 
14186 427 
14187 39 
14189 136 
14194 120 
14194 143 
14202 67 
14203 29 
14212 619 
14216 515 
14224 118 
14227 41 
14230 1073 
14245 169 
14246 87 
14253 270 
14268 417 
14274 625 
14289 2488 
14295 74 
14297 402 
14318 2 
14320 262 
14324 63 
14327 186 
14328 166 
14332 23 
14338 165 
14345 21 
14351 80 
14355 57 
14358 94 
14362 468 
14372 105 
14375 1 
14392 212 
14396 94 
14402 197 
14407 536 
14410 146 
14411 109 
14413 302 
14413 13 
14419 5 
14439 32 
14450 126 
14453 12 
14484 253 
14489 611 
14490 181 
14501 37 
14501 3240 
14503 917 
14511 63 
14511 10447 
14514 4313 
14516 231 
14520 34 
14527 1933 
14536 136 
14542 1955 
14543 24 
14546 181 
14546 612 
14547 103 
14550 78 
14551 1071 
14552 475 
14561 126 
14562 75 
14568 544 
14569 35 
14570 49 
14570 1357 
14577 59 
14598 77 
14598 138 
14604 215 
14608 107 
14609 134 
14611 142 
14622 36 
14639 47 
14641 54 
14643 33 
14646 86 
14647 1253 
14656 466 
14658 679 
14663 48 
14668 205 
14682 37 
14686 677 
14689 201 
14690 42 
14695 518 
14696 246 
14705 529 
14709 117 
14719 157 
14722 50 
14726 343 
14730 515 
14731 245 
14742 8593 
14759 9 
14763 94 
14769 13 
14771 163 
14774 210 
14784 1214 
14785 441 
14786 229 
14787 13 
14795 75 
14823 28 
14830 127 
14837 554 
14839 138 
14839 42 
14848 5 
14866 677 
14867 226 
14868 169 
14875 1 
14883 1265 
14888 179 
14891 247 
14892 27 
14896 30 
14905 740 
14905 218 
14905 126 
14905 313 
14912 8 
14914 41 
14914 208 
14921 22 
14922 172 
14928 892 
14946 181 
14947 147 
14959 31 
14961 54 
14976 360 
14988 77 
14990 34 
14995 250 
15000 296 
15008 458 
15016 1510 
15018 171 
15020 11 
15021 915 
15026 40 
15026 52 
15027 13 
15031 3 
15036 120 
15038 108 
15044 351 
15045 914 
15046 85 
15062 88 
15065 158 
15085 26 
15093 258 
15095 121 
15100 81 
15103 41 
15104 25 
15108 41 
15108 12 
15112 93 
15113 107 
15122 379 
15130 155 
15130 322 
15135 98 
15148 39 
15155 63 
15165 114 
15176 81 
15197 67 
15203 8 
15217 13 
15221 427 
15223 284 
15235 1980 
15240 212 
15240 338 
15241 146 
15241 337 
15244 368 
15245 59 
15246 51 
15248 38 
15253 4 
15269 137 
15269 155 
15274 259 
15288 616 
15291 420 
15296 135 
15297 41 
15320 1961 
15321 353 
15324 220 
15331 19 
15336 104 
15339 2 
15348 27 
15350 565 
15354 2856 
15358 239 
15363 51 
15364 45 
15366 315 
15367 197 
15371 3792 
15371 120 
15376 20 
15379 50 
15387 195 
15392 449 
15398 981 
15401 18 
15401 591 
15402 72 
15403 147 
15407 48 
15416 59 
15417 40 
15423 176 
15423 128 
15431 70 
15449 297 
15455 44 
15459 56 
15463 280 
15466 207 
15491 114 
15497 140 
15500 52 
15508 13 
15509 892 
15514 131 
15515 43 
15521 80 
15523 378 
15523 72 
15530 190 
15532 120 
15543 214 
15546 157 
15552 69 
15559 186 
15559 20 
15559 15 
15565 151 
15566 58 
15576 180 
15580 285 
15580 563 
15583 21 
15583 15 
15587 20824 
15591 265 
15595 131 
15607 215 
15611 735 
15614 108 
15616 3 
15627 165 
15629 10 
15631 13 
15636 38 
15636 80 
15642 163 
15643 307 
15644 515 
15644 15 
15646 50 
15646 617 
15654 3470 
15655 359 
15657 4 
15663 132 
15668 3304 
15669 279 
15671 1102 
15672 50 
15686 15 
15689 95 
15694 107 
15695 5 
15700 119 
15705 255 
15706 203 
15707 227 
15716 1422 
15718 63 
15728 325 
15731 41 
15732 54 
15733 2722 
15737 111 
15746 135 
15747 317 
15751 36 
15756 130 
15758 111 
15764 120 
15769 9 
15772 952 
15774 70 
15780 86 
15781 60 
15786 59 
15790 407 
15791 57 
15795 50 
15797 1 
15815 269 
15815 91 
15816 183 
15819 22 
15822 45 
15826 131 
15826 937 
15834 1106 
15846 166 
15847 480 
15848 106 
15851 122 
15859 358 
15862 102 
15868 959 
15875 3597 
15877 4161 
15887 663 
15890 121 
15893 75 
15901 291 
15909 99 
15932 75 
15932 1191 
15934 623 
15938 29 
15943 0 
15952 53 
15962 98 
15964 80 
15966 126 
15973 121 
15975 144 
15977 200 
15995 141 
15995 249 
16007 598 
16009 111 
16019 742 
16021 21 
16026 201 
16030 32 
16039 241 
16039 77 
16040 242 
16041 710 
16072 191 
16082 88 
16092 20 
16093 28 
16096 307 
16096 172 
16097 56 
16099 56 
16106 213 
16107 211 
16108 202 
16109 1 
16139 254 
16143 62 
16147 80 
16147 47 
16149 137 
16154 164 
16168 462 
16173 91 
16187 9 
16196 66 
16199 46 
16201 43 
16212 101 
16223 182 
16231 116 
16233 928 
16246 46 
16254 33 
16255 12 
16255 848 
16264 28 
16269 51 
16269 100 
16288 13 
16303 20 
16307 291 
16321 753 
16328 103 
16339 15 
16364 217 
16364 116 
16389 202 
16390 250 
16400 48 
16406 11 
16420 64 
16423 41 
16430 226 
16435 233 
16439 936 
16450 204 
16464 16 
16466 92 
16466 825 
16477 47 
16487 27 
16488 35 
16495 364 
16497 57 
16501 56 
16519 32 
16520 39 
16526 42 
16527 78 
16531 75 
16533 244 
16536 14 
16550 93 
16557 264 
16561 119 
16580 68 
16588 348 
16599 972 
16602 1059 
16604 205 
16604 593 
16615 440 
16618 841 
16625 236 
16629 20 
16636 9 
16642 252 
16657 201 
16658 90 
16663 145 
16696 51 
16700 181 
16701 14 
16716 2040 
16723 76 
16727 66 
16729 1444 
16731 168 
16751 227 
16751 227 
16753 111 
16753 111 
16754 109 
16754 109 
16756 302 
16756 302 
16757 44 
16757 44 
16761 22 
16761 22 
16783 70 
16783 70 
16807 41 
16807 41 
16815 51 
16815 51 
16832 40 
16840 413 
16846 93 
16847 124 
16848 246 
16854 735 
16854 88 
16859 136 
16888 122 
16906 304 
16907 55 
16908 67 
16911 90 
16914 42 
16919 553 
16919 2213 
16943 15 
16947 1029 
16947 166 
16962 116 
16962 8 
16967 67 
16968 760 
16982 109 
16984 290 
16993 70 
17002 90 
17026 175 
17051 1291 
17056 51 
17062 1292 
17066 68 
17074 73 
17075 395 
17080 79 
17080 52 
17082 1395 
17088 184 
17089 180 
17093 17 
17102 59 
17103 29 
17106 20 
17108 19 
17109 69 
17112 32 
17116 58 
17129 106 
17135 146 
17139 129 
17142 1149 
17143 564 
17145 408 
17150 1153 
17159 19 
17173 124 
17213 237 
17220 115 
17222 56 
17223 81 
17235 93 
17246 114 
17252 61 
17256 1391 
17263 71 
17266 198 
17273 20 
17275 18 
17276 68 
17276 194 
17281 6 
17282 308 
17285 603 
17288 134 
17292 1814 
17304 117 
17306 29 
17312 71 
17324 133 
17327 450 
17330 40 
17334 112 
17344 439 
17347 122 
17349 771 
17351 8 
17353 92 
17366 74 
17372 58 
17376 169 
17380 53 
17381 97 
17382 156 
17388 55 
17392 181 
17396 139 
17400 493 
17405 59 
17412 492 
17415 1108 
17417 53 
17420 16 
17422 263 
17422 26 
17423 3857 
17428 33 
17433 14 
17435 75 
17435 151 
17443 1301 
17447 1021 
17454 56 
17459 3475 
17464 204 
17476 7 
17488 114 
17497 253 
17515 235 
17517 155 
17519 30 
17526 106 
17536 124 
17539 1523 
17546 110 
17562 31 
17570 112 
17574 104 
17574 311 
17578 445 
17587 122 
17590 157 
17591 136 
17593 49 
17594 59 
17613 217 
17620 48 
17629 342 
17633 42 
17637 23 
17639 44 
17647 16 
17653 217 
17657 155 
17658 1475 
17659 12 
17696 54 
17712 180 
17714 75 
17724 136 
17739 111 
17745 41 
17750 50 
17752 20 
17767 164 
17774 126 
17784 123 
17798 64 
17802 54 
17806 659 
17812 116 
17819 71 
17821 86 
17821 46 
17823 626 
17836 103 
17845 67 
17853 5 
17853 39 
17859 66 
17862 10 
17872 14 
17875 366 
17879 388 
17881 842 
17898 113 
17899 83 
17903 483 
17919 145 
17943 46 
17945 1353 
17946 1246 
17950 1334 
17955 68 
17960 2141 
17960 7 
17965 571 
17965 422 
17966 757 
17980 217 
17982 437 
17983 192 
17987 90 
17990 81 
17993 2539 
17998 54 
17998 158 
18005 19 
18005 64 
18007 1299 
18018 67 
18024 7 
18039 81 
18049 123 
18051 44 
18053 245 
18057 7 
18102 42 
18125 219 
18125 128 
18129 55 
18134 14 
18151 19 
18157 364 
18163 28 
18192 144 
18200 123 
18202 13 
18205 180 
18208 92 
18213 161 
18226 122 
18238 860 
18238 143 
18262 124 
18266 936 
18272 63 
18278 65 
18278 58 
18279 19 
18280 60 
18280 809 
18289 272 
18294 146 
18302 17 
18302 67 
18306 156 
18316 31 
18319 493 
18331 45 
18337 802 
18339 323 
18339 115 
18339 94 
18349 86 
18353 38 
18356 224 
18359 738 
18388 131 
18394 275 
18394 86 
18409 307 
18410 374 
18415 3750 
18437 273 
18442 115 
18447 551 
18462 186 
18473 127 
18484 535 
18485 350 
18488 675 
18489 25 
18503 1206 
18506 224 
18507 313 
18517 27 
18520 7 
18525 3 
18533 340 
18534 567 
18534 157 
18539 379 
18540 634 
18540 63 
18561 385 
18570 90 
18571 112 
18575 683 
18579 470 
18580 106 
18584 147 
18586 34 
18597 86 
18598 631 
18614 121 
18632 692 
18634 232 
18637 307 
18652 90 
18661 558 
18662 125 
18666 69 
18672 45 
18674 289 
18681 51 
18683 330 
18685 149 
18685 5 
18690 88 
18699 108 
18700 126 
18704 40 
18711 3 
18717 45 
18721 75 
18725 40 
18731 110 
18736 196 
18739 63 
18746 100 
18754 80 
18759 64 
18761 180 
18774 114 
18776 10 
18781 829 
18781 81 
18784 627 
18785 44 
18786 108 
18794 36 
18800 333 
18806 98 
18814 201 
18825 36 
18832 2 
18834 53 
18852 123 
18856 323 
18876 295 
18876 62 
18880 36 
18882 27 
18884 191 
18886 189 
18887 40 
18894 93 
18905 32 
18910 61 
18926 300 
18928 282 
18938 784 
18995 83 
18999 108 
19027 133 
19028 287 
19034 1112 
19048 192 
19051 349 
19058 11 
19065 89 
19067 505 
19081 839 
19091 31 
19109 45 
19117 2252 
19118 16 
19130 541 
19132 108 
19141 205 
19158 39 
19167 37 
19173 298 
19189 90 
19208 82 
19223 325 
19249 14 
19249 81 
19249 115 
19264 505 
19265 78 
19266 71 
19271 34 
19287 55 
19289 537 
19307 215 
19309 64 
19310 150 
19312 12 
19315 135 
19318 644 
19340 86 
19346 153 
19349 222 
19354 114 
19371 281 
19372 264 
19378 47 
19381 94 
19386 65 
19407 211 
19411 73 
19431 36 
19441 237 
19441 111 
19446 301 
19447 1860 
19454 278 
19467 631 
19471 20 
19472 105 
19473 87 
19476 283 
19478 108 
19480 3144 
19492 32 
19509 40 
19516 589 
19518 5 
19519 306 
19521 159 
19529 1204 
19533 41 
19534 305 
19543 15 
19543 335 
19549 78 
19559 160 
19578 1926 
19594 430 
19604 115 
19605 12 
19608 108 
19609 294 
19634 108 
19641 52 
19643 141 
19649 24 
19650 53 
19655 174 
19660 137 
19675 147 
19680 70 
19691 10292 
19699 2041 
19705 103 
19707 235 
19711 134 
19720 427 
19724 48 
19725 259 
19732 298 
19734 58 
19735 285 
19738 111 
19740 21 
19743 83 
19754 226 
19760 177 
19768 126 
19776 54 
19794 70 
19795 102 
19807 71 
19815 136 
19815 83 
19819 751 
19830 803 
19834 199 
19847 64 
19852 236 
19860 70 
19873 152 
19890 154 
19895 61 
19907 104 
19923 291 
19951 2545 
19955 509 
19966 48 
19977 1751 
19983 163 
19985 411 
19993 1084 
19996 118 
20001 14 
20002 258 
20011 1487 
20046 284 
20053 113 
20054 181 
20065 750 
20071 55 
20082 15 
20085 950 
20094 209 
20106 9 
20129 54 
20133 223 
20162 196 
20166 74 
20184 916 
20199 1238 
20212 22 
20227 894 
20229 639 
20254 294 
20258 359 
20266 178 
20266 103 
20284 55 
20299 220 
20300 123 
20311 34 
20317 82 
20332 39 
20336 59 
20341 51 
20343 151 
20348 75 
20356 33 
20359 1637 
20370 222 
20388 326 
20395 8 
20414 396 
20417 180 
20417 943 
20417 3442 
20421 1329 
20444 99 
20444 129 
20456 5 
20461 561 
20470 192 
20482 104 
20485 154 
20489 73 
20499 1007 
20501 5 
20515 917 
20517 66 
20519 289 
20521 125 
20541 305 
20543 3147 
20548 824 
20548 22 
20548 254 
20561 531 
20566 87 
20575 63 
20589 36 
20594 45 
20600 8705 
20614 75 
20636 77 
20639 87 
20648 307 
20674 111 
20705 83 
20706 301 
20708 114 
20712 181 
20719 1179 
20726 12 
20728 72 
20730 111 
20751 8 
20763 110 
20770 59 
20782 60 
20782 122 
20783 35 
20787 183 
20799 231 
20802 423 
20805 431 
20810 315 
20824 94 
20825 697 
20826 574 
20826 280 
20837 79 
20840 89 
20841 284 
20844 57 
20847 853 
20856 139 
20856 79 
20866 116 
20871 173 
20873 33 
20895 203 
20902 7686 
20908 678 
20933 7 
20940 37 
20960 395 
20965 118 
20969 30 
20969 35 
20994 32 
20998 964 
21003 163 
21012 63 
21015 28 
21032 56 
21045 5 
21048 114 
21054 217 
21065 99 
21066 71 
21072 16 
21073 20 
21077 83 
21078 148 
21079 282 
21080 117 
21083 137 
21093 453 
21094 135 
21129 693 
21140 65 
21154 240 
21161 92 
21163 65 
21172 42 
21176 117 
21182 50 
21208 827 
21229 810 
21234 29 
21236 606 
21252 13 
21254 104 
21263 139 
21263 24 
21263 343 
21269 224 
21272 5 
21272 134 
21274 332 
21278 29 
21284 582 
21286 232 
21292 103 
21292 6 
21294 70 
21305 214 
21308 601 
21308 1102 
21310 64 
21315 260 
21323 51 
21333 323 
21335 8024 
21338 392 
21346 121 
21355 840 
21374 613 
21375 401 
21378 1147 
21379 143 
21391 370 
21396 156 
21425 35 
21425 337 
21428 82 
21429 49 
21438 22 
21440 49 
21442 233 
21446 54 
21446 350 
21453 118 
21469 29 
21472 1382 
21472 235 
21480 0 
21482 187 
21487 33 
21488 36 
21490 36 
21511 69 
21516 777 
21518 216 
21523 8617 
21532 1989 
21539 72 
21541 9 
21543 55 
21560 135 
21568 101 
21584 497 
21589 67 
21595 62 
21597 141 
21606 128 
21608 700 
21608 2 
21616 753 
21628 107 
21634 50 
21636 767 
21636 1639 
21661 218 
21675 118 
21690 50 
21699 70 
21705 73 
21721 364 
21721 154 
21727 227 
21729 21 
21737 39 
21745 99 
21746 19 
21759 304 
21759 169 
21767 2567 
21768 499 
21775 483 
21779 81 
21784 122 
21786 168 
21786 237 
21809 125 
21818 76 
21819 33 
21823 73 
21824 978 
21830 171 
21838 269 
21838 125 
21848 9 
21849 42 
21853 6 
21854 33 
21863 87 
21864 124 
21867 373 
21874 659 
21892 148 
21895 77 
21898 73 
21911 117 
21917 683 
21918 47 
21927 90 
21929 31 
21946 232 
21959 123 
21974 325 
21976 32 
21992 51 
21994 2774 
21994 753 
22002 244 
22009 32 
22019 172 
22029 206 
22038 219 
22049 730 
22056 84 
22062 229 
22063 16 
22067 127 
22072 122 
22073 205 
22078 118 
22081 4028 
22092 17 
22095 525 
22103 51 
22106 46 
22110 34 
22116 67 
22123 36 
22129 111 
22133 539 
22140 94 
22151 129 
22154 129 
22156 248 
22157 914 
22165 229 
22174 260 
22176 309 
22180 208 
22213 47 
22233 425 
22233 386 
22236 253 
22239 45 
22243 357 
22260 116 
22269 1 
22272 353 
22276 395 
22285 58 
22285 333 
22294 13 
22310 176 
22336 69 
22344 27 
22348 155 
22351 116 
22357 1017 
22364 867 
22375 25 
22378 149 
22379 28 
22381 95 
22381 9 
22382 169 
22399 678 
22400 122 
22418 52 
22422 53 
22427 77 
22444 224 
22446 488 
22446 22 
22470 56 
22472 403 
22476 19 
22476 150 
22483 73 
22484 7 
22490 614 
22491 6 
22505 23 
22507 99 
22520 31 
22545 47 
22549 68 
22557 67 
22572 256 
22574 193 
22603 212 
22607 123 
22611 64 
22626 95 
22647 151 
22681 19 
22691 91 
22695 439 
22725 215 
22728 60 
22737 145 
22742 60 
22747 79 
22749 39 
22752 69 
22757 48 
22766 342 
22785 149 
22793 400 
22804 163 
22809 173 
22809 548 
22816 181 
22817 215 
22832 503 
22838 308 
22838 2692 
22847 206 
22860 43 
22866 96 
22873 1820 
22882 149 
22908 98 
22909 184 
22911 177 
22918 37 
22930 134 
22931 13 
22935 1492 
22938 107 
22942 35 
22950 59 
22956 1164 
22956 99 
22958 22 
22973 43 
22974 104 
22979 165 
22987 32 
22990 163 
23016 76 
23029 226 
23040 93 
23049 16 
23051 11 
23058 87 
23058 24 
23083 200 
23098 594 
23101 73 
23107 488 
23108 249 
23127 1363 
23137 48 
23161 64 
23161 138 
23178 223 
23182 685 
23220 114 
23220 322 
23226 58 
23233 52 
23238 90 
23239 216 
23240 35 
23256 4494 
23283 87 
23323 47 
23324 335 
23339 79 
23340 98 
23342 84 
23343 37 
23348 158 
23351 345 
23375 243 
23387 1717 
23390 205 
23400 55 
23402 33 
23427 19 
23450 257 
23456 453 
23482 50 
23494 76 
23501 250 
23508 98 
23509 487 
23509 134 
23511 24 
23514 52 
23516 35 
23537 114 
23543 581 
23564 239 
23572 151 
23591 22 
23596 75 
23597 127 
23603 4 
23628 150 
23632 445 
23641 109 
23644 196 
23649 26 
23650 218 
23654 703 
23706 215 
23709 9 
23717 353 
23717 20 
23721 156 
23723 46 
23728 52 
23734 53 
23737 963 
23750 308 
23752 163 
23764 1339 
23768 156 
23779 0 
23784 84 
23824 43 
23855 283 
23855 116 
23868 602 
23879 33 
23885 81 
23896 9 
23930 2119 
23940 152 
23946 143 
23950 60 
23953 402 
23961 140 
23984 160 
23994 73 
24018 612 
24022 52 
24031 64 
24032 226 
24043 48 
24043 52 
24067 68 
24094 234 
24094 482 
24097 10 
24099 427 
24102 6 
24111 353 
24116 117 
24121 96 
24130 21 
24136 40 
24139 669 
24180 112 
24180 39 
24201 74 
24206 90 
24207 72 
24212 28 
24216 195 
24225 257 
24225 1215 
24252 59 
24252 60 
24265 104 
24274 115 
24275 2555 
24282 72 
24286 142 
24287 19 
24314 109 
24334 191 
24335 19 
24351 170 
24370 67 
24380 422 
24404 78 
24414 77 
24417 312 
24428 92 
24435 89 
24441 103 
24448 479 
24462 64 
24467 34 
24470 8 
24481 34 
24481 1779 
24482 123 
24504 579 
24538 35 
24551 0 
24555 24 
24559 626 
24590 114 
24591 8 
24596 69 
24618 53 
24634 142 
24651 360 
24656 8 
24657 39 
24658 102 
24659 1070 
24664 98 
24690 57 
24703 114 
24710 404 
24720 71 
24737 46 
24757 151 
24769 5 
24773 9 
24793 522 
24799 304 
24802 198 
24813 703 
24821 513 
24822 45 
24822 15 
24829 253 
24829 123 
24829 129 
24833 55 
24835 71 
24841 23 
24842 112 
24847 126 
24856 930 
24865 73 
24870 256 
24897 318 
24904 302 
24913 66 
24933 80 
24960 87 
24962 144 
24977 48 
25014 627 
25022 15274 
25029 43 
25037 144 
25049 79 
25063 98 
25063 318 
25066 27 
25079 19 
25079 39 
25081 54 
25082 333 
25088 45 
25094 780 
25104 249 
25122 609 
25124 45 
25134 20 
25151 156 
25166 87 
25172 37 
25175 17 
25178 71 
25181 0 
25191 189 
25205 336 
25212 519 
25214 17 
25225 345 
25242 75 
25242 152 
25244 40 
25247 47 
25252 648 
25260 19 
25268 265 
25270 61 
25276 38 
25280 272 
25282 212 
25286 982 
25316 99 
25318 53 
25330 41 
25333 94 
25339 34 
25346 244 
25349 85 
25381 256 
25392 474 
25400 146 
25400 314 
25413 115 
25416 780 
25430 191 
25431 44 
25455 265 
25485 647 
25500 82 
25502 257 
25506 6 
25512 40 
25517 2436 
25536 62 
25543 23 
25556 63 
25557 129 
25558 418 
25572 267 
25597 5 
25599 148 
25606 16 
25607 99 
25614 160 
25634 3311 
25636 87 
25648 157 
25659 80 
25666 83 
25671 110 
25683 12856 
25686 58 
25690 14 
25695 41 
25697 121 
25700 68 
25736 340 
25741 91 
25763 117 
25765 739 
25766 971 
25766 488 
25767 190 
25767 173 
25775 71 
25778 2 
25782 44 
25783 13 
25808 35 
25814 91 
25828 11 
25828 269 
25830 93 
25841 98 
25842 37 
25852 146 
25861 34 
25872 56 
25873 70 
25873 86 
25883 91 
25888 122 
25890 524 
25893 73 
25906 158 
25928 17 
25936 70 
25937 45 
25939 152 
25949 178 
25955 46 
25958 35 
25961 10 
25975 156 
25979 478 
25980 112 
25998 80 
26018 226 
26020 12 
26032 134 
26041 133 
26065 166 
26067 222 
26077 643 
26088 77 
26090 2 
26110 395 
26118 1879 
26121 146 
26124 299 
26130 18 
26151 321 
26166 77 
26176 46 
26202 55 
26216 125 
26218 122 
26244 143 
26261 210 
26261 0 
26262 311 
26262 1091 
26285 48 
26310 41 
26318 19 
26338 280 
26342 1573 
26349 175 
26350 441 
26357 19 
26359 408 
26360 158 
26383 356 
26400 130 
26406 432 
26415 56 
26418 51 
26431 34 
26482 171 
26495 60 
26506 48 
26519 35 
26524 22 
26537 149 
26547 255 
26551 72 
26556 14 
26560 215 
26570 58 
26595 120 
26598 160 
26600 91 
26602 1022 
26614 35 
26616 74 
26620 605 
26629 883 
26629 215 
26630 99 
26653 2293 
26668 47 
26674 67 
26687 587 
26688 541 
26692 121 
26707 91 
26710 193 
26728 274 
26737 47 
26740 558 
26745 138 
26770 69 
26808 33 
26856 39 
26861 40 
26863 10 
26899 3092 
26915 187 
26957 1062 
26972 151 
26994 88 
27019 110 
27094 534 
27103 53 
27158 13 
27168 88 
27178 119 
27200 1072 
27232 51 
27273 135 
27289 227 
27294 62 
27312 188 
27338 293 
27339 86 
27345 66 
27347 71 
27359 65 
27363 366 
27369 73 
27388 126 
27409 83 
27454 12 
27588 63 
27601 31 
27614 96 
27632 19 
27641 135 
27668 429 
27671 8 
27681 92 
27685 104 
27699 66 
27733 159 
27734 344 
27801 43 
27834 61 
27848 19 
27880 52 
27888 125 
27892 86 
28003 61 
28034 8 
28041 857 
28056 34 
28069 83 
28127 29 
28166 408 
28199 360 
28212 48 
28216 419 
28326 165 
28338 50 
28412 56 
28436 102 
28445 107 
28479 61 
28569 86 
28639 13 
28660 164 
28664 40 
28710 364 
28752 119 
28770 54 
28838 34 
28845 49 
28871 11 
28885 36 
28949 906 
28995 1024 
29006 825 
29011 387 
29019 138 
29023 758 
29028 642 
29034 185 
29038 283 
29046 629 
29047 715 
29085 92 
29096 171 
29098 11 
29104 236 
29111 90 
29115 1581 
29192 88 
29219 88 
29219 206 
29241 521 
29296 295 
29307 985 
29307 136 
29319 165 
29319 434 
29372 160 
29374 64 
29376 327 
29407 311 
29497 583 
29518 637 
29631 80 
29675 126 
29679 121 
29693 56 
29702 164 
29722 50 
29748 86 
29831 47 
29835 36 
29859 162 
29935 22 
29960 102 
29973 83 
29976 245 
29992 9 
30090 210 
30097 283 
30155 12 
30281 2458 
30347 11 
30416 60 
30468 51 
30568 8 
30632 22 
30639 2233 
30764 116 
30814 112 
30815 38 
30853 567 
30892 408 
30904 43 
30908 464 
30972 298 
31059 143 
31079 78 
31115 137 
31162 10 
31192 108 
31270 56 
31393 116 
31401 23 
31466 8136 
31474 3 
31494 22 
31522 26 
31534 259 
31550 218 
31605 542 
31624 64 
31747 86 
31750 38 
31750 216 
31800 674 
31800 674 
31875 452 
31995 56 
32001 56 
32017 78 
32020 37 
32058 196 
32078 65 
32095 177 
32106 175 
32158 179 
32172 74 
32200 75 
32240 16 
32441 40 
32477 384 
32530 2299 
32572 300 
32633 103 
32740 412 
32773 372 
32825 176 
32860 1111 
32952 50 
32974 53 
33009 56 
33025 254 
33134 70 
33190 64 
33342 184 
33405 11 
33456 146 
33491 11 
33506 25 
33508 108 
33554 101 
33565 63 
33639 198 
33771 16 
33843 53 
34044 104 
34098 93 
34200 1 
34234 313 
34266 38 
34284 202 
34298 66 
34331 10 
34340 27 
34345 154 
34355 239 
34435 9 
34437 151 
34438 154 
34449 31 
34467 774 
34493 111 
34503 105 
34505 9 
34511 151 
34515 220 
34524 3652 
34555 243 
34575 58 
34583 227 
34600 267 
34626 52 
34635 174 
34658 100 
34686 276 
34701 11 
34721 12 
34751 112 
34756 185 
34767 112 
34782 192 
34793 359 
34804 36 
34826 32 
34929 334 
35025 15 
35075 40 
35133 89 
35147 127 
35317 516 
35360 227 
35377 29 
35510 41 
35530 94 
35652 468 
35706 231 
35766 175 
35858 56 
35995 45 
36227 1010 
36243 17672 
36247 159 
36250 50 
36270 276 
36284 349 
36301 491 
36417 16 
36464 243 
36477 218 
36478 199 
36512 218 
36585 155 
36613 45 
36666 70 
36708 159 
36717 149 
36736 201 
36753 159 
36776 197 
37013 77 
37140 113 
37168 43 
37196 421 
37268 545 
37319 408 
37340 40 
37385 87 
37425 41 
37429 112 
37560 46 
37576 72 
37632 123 
37681 59 
37739 5 
37750 257 
37759 0 
37780 314 
37785 93 
37790 311 
37838 210 
37849 85 
38077 44 
38105 41 
38151 117 
38181 87 
38434 615 
38462 1019 
38586 69 
38598 49 
38632 52 
38655 96 
38676 394 
38925 80 
38977 46 
39025 208 
39034 288 
39042 167 
39199 86 
39268 90 
39308 538 
39624 190 
39781 45 
39809 257 
39852 253 
39908 168 
39925 49 
40027 77 
40033 35 
40083 92 
40088 48 
40253 3 
40298 104 
40312 9 
40315 102 
40350 47 
40565 84 
40592 5 
40686 35 
40714 2316 
40754 356 
40824 86 
40941 87 
40955 266 
41017 280 
41188 29 
41256 205 
41274 167 
41344 2498 
41363 133 
41365 690 
41480 68 
41498 30 
41510 72 
41618 43 
41621 164 
41669 54 
41870 40 
41952 27 
42086 193 
42150 28 
42185 68 
42198 171 
42255 10 
42417 104 
42465 21 
42921 859 
43109 44 
43290 474 
43415 29 
43516 28 
43529 17 
43540 1091 
43627 48 
43657 109 
43678 30 
43694 133 
43762 65 
43870 128 
43978 581 
44030 53 
44047 66 
44100 67 
44144 7 
44308 14 
44477 80 
44484 393 
44529 387 
44571 18 
44634 48 
44700 2 
44700 180 
44804 155 
44958 38 
44969 24 
45115 10 
45131 12 
45232 577 
45335 389 
45347 119 
45396 33 
45696 2519 
45794 142 
46017 74 
46107 447 
46178 132 
46251 15 
46294 167 
46296 54 
46435 1498 
46437 305 
46468 857 
46787 154 
46821 6 
47015 488 
47074 693 
47099 7 
47304 105 
47656 79 
47773 108 
47897 393 
48087 200 
48090 27 
48126 196 
48170 63 
48197 1010 
48262 305 
48494 15 
48563 61 
48677 7 
48723 31 
48734 32 
49069 153 
49101 147 
49214 151 
49293 66 
49459 93 
49515 13 
49854 211 
50157 41 
50170 9086 
50208 407 
50267 67 
50305 1349 
50620 23 
50757 5 
51012 43 
51131 53 
51176 1157 
51178 16 
51227 153 
51240 333 
51290 118 
51475 60 
51498 304 
51581 25 
51655 2186 
51700 38 
51737 57 
51782 58 
52074 351 
52205 97 
52419 388 
52452 2076 
52460 227 
52672 967 
52689 83 
52771 150 
52872 26 
52938 166 
53115 361 
53144 2778 
53403 105 
53596 247 
53745 482 
53985 83 
54118 51 
54119 636 
54380 138 
54405 129 
55181 632 
55487 69 
55893 955 
56122 12 
56207 153 
56301 49 
56444 1673083 
56455 119 
56455 4 
56471 335 
56476 131 
56479 116 
56482 186 
56486 124 
56490 68 
56506 115 
56507 50 
56507 436 
56508 6329 
56512 514 
56535 170 
56537 1045 
56538 403 
56542 185 
56544 136 
56547 946 
56550 105 
56558 90 
56561 66 
56563 263 
56564 142 
56567 131 
56568 158 
56569 36 
56570 73 
56585 39 
56585 102 
56586 120 
56587 259 
56587 152 
56588 376 
56590 313 
56594 71 
56596 91 
56601 461 
56601 89 
56605 190 
56607 73 
56607 320 
56609 368 
56618 890 
56619 196 
56620 380 
56620 53 
56621 255 
56623 153 
56624 248 
56625 64 
56636 31 
56640 176 
56640 211 
56642 4 
56642 201 
56642 439 
56648 182 
56651 18 
56660 123 
56660 35 
56661 371 
56662 247 
56664 115 
56669 123 
56675 6828 
56682 57 
56684 382 
56690 180 
56690 38 
56693 734 
56694 20 
56704 62 
56708 161 
56709 260 
56710 239 
56711 235 
56718 125 
56719 163 
56719 171 
56723 62 
56726 172 
56732 551 
56735 252 
56736 269 
56737 513 
56745 102 
56749 35 
56750 35 
56753 829 
56770 113 
56792 315 
56802 44 
56811 32 
56821 57 
56829 54 
56832 102 
56842 201 
56848 377 
56854 28 
56859 113 
56863 70 
56865 30 
56869 160 
56876 293 
56884 0 
56893 124 
56910 46 
56914 14 
56929 45 
56930 104 
56933 104 
56941 119 
56941 26 
56944 43 
56948 155 
56956 144 
56956 79 
56960 167 
56963 40 
56970 36 
56974 126 
56975 62 
56975 96 
56978 59 
56985 40 
56991 46 
56994 411 
56998 108 
57009 235 
57011 386 
57011 33 
57011 152 
57020 1196 
57020 46 
57032 296 
57038 17 
57038 87 
57043 591 
57043 591 
57045 82 
57053 46 
57108 135 
57111 310 
57112 197 
57124 14 
57126 55 
57138 117 
57140 168 
57142 102 
57145 43 
57161 19 
57186 268 
57214 132 
57221 79 
57274 99 
57278 132 
57279 89 
57309 47 
57313 30 
57333 107 
57341 14 
57353 36 
57364 189 
57369 2809 
57377 300 
57378 3 
57411 15 
57419 478 
57446 39 
57450 32 
57470 68 
57484 68 
57487 36 
57487 152 
57515 233 
57542 20 
57558 27 
57579 168 
57600 72 
57616 40 
57628 16 
57636 13 
57639 20 
57686 45 
57710 52 
57720 41 
57744 50 
57748 433 
57748 53 
57764 132 
57800 42 
57822 32 
57823 29 
57824 89 
57824 19 
57833 119 
57842 529 
57865 19 
57873 129 
57897 111 
57906 107 
57922 56 
57955 2219 
57957 44 
57958 205 
57961 372 
58010 151 
58015 96 
58030 44 
58032 39 
58037 50 
58060 42 
58072 105 
58107 34 
58162 3 
58162 392 
58163 90 
58216 14 
58236 97 
58253 19 
58266 189 
58269 209 
58269 76 
58312 290 
58344 32 
58363 80 
58424 50 
58431 24 
58438 86 
58458 48 
58477 26 
58485 181 
58490 21 
58519 24 
58562 6 
58601 33 
58627 67 
58651 488 
58667 28 
58683 87 
58692 75 
58692 111 
58695 109 
58748 119 
58776 252 
58820 107 
58860 52 
58890 750 
58922 4 
58934 197 
58981 86 
58982 30 
58988 28 
58991 37 
58999 217 
59026 339 
59070 32 
59108 31 
59142 32 
59144 136 
59144 2 
59200 332 
59202 73 
59270 15 
59315 1448 
59340 81 
59367 20 
59382 13 
59390 12 
59391 33 
59397 18 
59400 5 
59406 490 
59409 18 
59439 62 
59468 52 
59479 7 
59527 180 
59548 42 
59555 43 
59570 37 
59571 170 
59624 400 
59627 293 
59637 15 
59648 135 
59682 65 
59716 37 
59725 55 
59730 967 
59741 81 
59808 328 
59824 144 
59871 161 
59902 220 
59954 48 
59962 30 
59990 271 
60004 69 
60025 13 
60049 68 
60059 254 
60075 9 
60197 74 
60204 26 
60207 23 
60215 151 
60246 15 
60277 255 
60330 26 
60336 27 
60339 23 
60342 101 
60359 258 
60360 237 
60360 156 
60360 218 
60373 220 
60379 107 
60409 80 
60411 91 
60431 74 
60436 33 
60477 11627 
60501 61 
60515 53 
60579 168 
60603 16 
60635 173 
60729 120 
60792 238 
60835 65 
60872 165 
60877 13 
60909 178 
60956 56 
60970 245 
60994 77 
61030 54 
61033 164 
61061 147 
61184 14 
61211 111 
61243 63 
61263 63 
61292 82 
61305 108 
61319 57 
61358 109 
61391 30 
61410 191 
61432 44 
61469 185 
61495 0 
61499 101 
61507 38 
61518 59 
61520 94 
61622 7 
61625 84 
61666 125 
61722 166 
61803 2 
61805 269 
61805 19 
61845 209 
61846 101 
61868 81 
61932 60 
61974 79 
61981 316 
62037 59 
62041 76 
62068 13 
62073 106 
62074 80 
62092 37 
62094 1909 
62130 9 
62146 68 
62232 175 
62236 67 
62264 104 
62281 34 
62284 68 
62313 4 
62335 116 
62335 116 
62343 73 
62343 73 
62347 163 
62347 163 
62348 107 
62348 107 
62360 133 
62360 133 
62380 90 
62380 90 
62401 389 
62401 389 
62437 291 
62441 33 
62482 80 
62499 234 
62515 38 
62540 239 
62600 18 
62608 136 
62621 95 
62624 291 
62658 41 
62663 39 
62680 179 
62686 25 
62686 57 
62688 64 
62720 234 
62739 36 
62746 217 
62770 152 
62771 54 
62780 408 
62792 45 
62804 111 
62860 27 
62862 59 
62917 67 
62948 238 
62952 20 
62952 3 
62959 118 
62964 235 
63053 206 
63128 21 
63143 498 
63171 324 
63186 28 
63246 3 
63326 132 
63330 19 
63368 70 
63377 39 
63424 12 
63444 107 
63463 281 
63532 58 
63548 162 
63562 44 
63579 323 
63668 71 
63673 124 
63693 9 
63711 207 
63726 39 
63732 8 
63746 45 
63787 152 
63822 157 
63845 31 
63914 165 
63983 194 
63995 45 
64024 1143 
64037 50 
64062 19 
64073 18 
64074 13 
64192 70 
64205 108 
64244 82 
64272 69 
64294 159 
64309 29 
64320 1233 
64334 332 
64347 40 
64377 26 
64386 64 
64399 27 
64423 17 
64442 59 
64474 46 
64486 153 
64573 301 
64576 204 
64585 647 
64614 4126 
64638 58 
64643 67 
64662 34 
64669 18 
64730 74 
64799 111 
64803 38 
64845 92 
64860 54 
64929 762 
64935 124 
64945 74 
64952 304 
64965 201 
64981 24 
64994 4 
65022 58 
65150 2820 
65159 16 
65166 206 
65171 32 
65183 157 
65204 101 
65232 85 
65252 68 
65262 10 
65289 9 
65296 137 
65301 40 
65304 13 
65311 87 
65343 60 
65370 188 
65397 21 
65424 46 
65449 191 
65459 94 
65500 227 
65574 575 
65625 53 
65629 171 
65637 14 
65712 230 
65722 65 
65779 25 
65784 105 
65788 37 
65832 92 
65838 61 
65873 98 
66002 10 
66038 36 
66043 57 
66075 24 
66083 5 
66133 85 
66134 131 
66179 519 
66189 28 
66225 44 
66236 25 
66245 49 
66297 359 
66309 37 
66313 47 
66315 200 
66369 204 
66406 33 
66491 132 
66492 31 
66516 120 
66622 76 
66655 11 
66709 2 
66726 96 
66790 43 
66950 22 
67022 476 
67079 54 
67162 210 
67218 33 
67259 7 
67331 45 
67345 25 
67361 3059 
67362 165 
67383 53 
67478 54 
67527 932 
67557 1050 
67585 57 
67620 86 
67638 128 
67645 1155 
67650 310 
67682 23 
67695 50 
67745 36 
67849 53 
67983 36 
67984 72 
68000 61 
68005 35 
68046 147 
68057 11 
68070 484 
68072 73 
68088 1505 
68207 72 
68216 96 
68334 16 
68336 152 
68428 35 
68450 139 
68470 29 
68500 55 
68521 31 
68534 44 
68541 65 
68630 20 
68693 36 
68780 6 
68794 273 
68801 85 
68867 64 
68940 18 
68947 215 
68960 69 
68966 91 
69025 46 
69037 9 
69047 181 
69056 35 
69070 34 
69088 5 
69119 52 
69148 88 
69158 6 
69171 48 
69202 39 
69248 130 
69265 17 
69272 6364 
69309 4507 
69319 420 
69336 34 
69341 234 
69405 31 
69412 425 
69451 45 
69452 119 
69537 154 
69555 50 
69629 139 
69637 30 
69641 288 
69671 67 
69753 38 
69753 39 
69784 33 
69789 61 
69797 97 
69823 96 
69888 324 
69939 17 
69960 32 
69984 107 
70012 295 
70019 929 
70119 117 
70119 25 
70170 89 
70198 116 
70305 155 
70313 106 
70355 68 
70378 231 
70383 136 
70428 104 
70448 56 
70506 94 
70606 5 
70638 103 
70671 83 
70713 3 
70785 201 
70861 37 
70874 189 
70896 48 
70900 22 
70909 0 
71042 35 
71075 59 
71228 158 
71321 43 
71357 135 
71364 635 
71395 32 
71412 64 
71468 27 
71469 22 
71472 22 
71472 25 
71528 530 
71550 209 
71576 102 
71628 47 
71779 91 
71806 104 
71862 37 
71875 0 
71879 122 
71917 78 
71950 102 
71957 37 
71988 63 
72055 82 
72181 20 
72291 123 
72352 34 
72484 1265 
72505 282 
72549 365 
72660 63 
72691 75 
72699 430 
72703 138 
72730 92 
72778 267 
72831 23 
72916 17 
72965 121 
73145 143 
73234 6 
73276 295 
73328 337 
73384 78 
73393 438 
73407 238 
73444 117 
73479 130 
73620 48 
73675 167 
73757 71 
73780 14 
73797 80 
73887 149 
73895 108 
73940 18 
73952 39 
74025 56 
74065 3727 
74177 204 
74219 519 
74226 66 
74229 31 
74236 35 
74279 196 
74597 89 
74657 574 
74695 87 
74729 447 
74731 51 
74831 12 
74999 75 
75059 139 
75060 54 
75078 78 
75161 36 
75199 31 
75311 32 
75318 111 
75350 4 
75421 75 
75424 304 
75671 152 
75696 350 
75720 87 
75833 16 
75937 661 
75985 571 
75987 309 
76008 144 
76036 386 
76056 140 
76073 82 
76104 59 
76116 82 
76246 290 
76260 37 
76386 0 
76796 9 
76858 66 
76871 249 
76900 176 
76958 262 
77054 136 
77105 23 
77118 98 
77152 237 
77229 73 
77320 228 
77345 101 
77346 315 
77394 108 
77412 346 
77425 1916 
77527 5 
77585 93 
77608 131 
77661 59 
77779 68 
77867 48 
77902 135 
77904 210 
77914 223 
78089 54 
78131 182 
78160 27 
78212 67 
78222 63 
78277 17 
78322 78 
78425 82 
78503 20 
78529 927 
78591 22 
78667 17 
78878 82 
78889 100 
78890 149 
78922 174 
78987 53 
79031 91 
79057 122 
79106 173 
79154 70 
79226 26 
79269 108 
79406 99 
79420 56 
79431 34 
79446 11 
79591 35 
79655 706 
79660 89 
79669 39 
79678 37 
79710 315 
79717 1950 
79728 715 
79778 112 
79797 63 
79865 29 
79972 1032 
80021 60 
80037 48 
80080 78 
80082 17 
80270 246 
80304 46 
80333 30 
80389 70 
80508 114 
80523 98 
80528 25 
80574 100 
80857 170 
80951 44 
80959 61 
81034 520 
81242 109 
81243 114 
81270 83 
81408 535 
81493 290 
81589 204 
81674 92 
81777 538 
81784 148 
81799 164 
81813 492 
81921 500 
82104 138 
82192 42 
82204 487 
82351 26 
82401 82 
82447 196 
82525 73 
82616 40 
82654 309 
82658 15 
82756 445 
82786 150 
82791 229 
82792 435 
82876 43 
82979 94 
83059 5 
83077 62 
83132 54 
83273 54 
83285 19 
83299 58 
83312 40 
83416 331 
83425 142 
83497 35 
83559 33 
83641 36 
83659 21 
83677 101 
83710 1164 
83904 69 
83928 75 
83930 129 
83964 117 
84021 928 
84082 946 
84093 1669 
84131 269 
84214 137 
84221 232 
84293 93 
84359 204 
84474 138 
84570 443 
84574 446 
84600 684 
84638 1634 
84638 13 
84657 72 
84774 46 
85366 401 
85392 61 
85471 250 
85588 511 
85608 162 
85720 64 
85877 43 
85991 36 
86003 12 
86023 1330 
86031 60 
86051 331 
86106 83 
86127 75 
86130 691 
86140 2710 
86241 30 
86294 94 
86359 57 
86615 346 
86618 52 
86713 65 
86741 70 
86866 285 
86960 169 
86968 1060 
86982 170 
87255 51 
87349 10 
87403 6 
87457 33 
87473 64 
87474 8 
87488 98 
87507 76 
87634 25 
87642 37 
87693 25 
87751 38 
87772 2 
87812 50 
87907 7 
87931 420 
87938 111 
88004 20 
88059 44 
88065 266 
88068 42 
88115 10 
88123 144 
88147 103 
88223 134 
88264 227 
88281 49 
88329 6 
88338 23 
88363 30 
88434 104 
88521 7 
88571 95 
88580 104 
88593 57 
88670 42 
88709 27 
88750 4 
88780 329 
88868 53 
88921 81 
89015 158 
89190 11 
89197 63 
89215 159 
89323 21 
89362 65 
89591 12 
89661 119 
89672 7373 
89752 32 
89778 548 
89853 24 
89862 75 
90051 391 
90068 152 
90141 22 
90170 243 
90191 20 
90193 62 
90221 82 
90301 380 
90306 39 
90345 27 
90416 167 
90433 104 
90604 45 
90657 22 
90934 204 
90957 48 
91039 55 
91047 72 
91084 214 
91195 65 
91273 938 
91291 75 
91355 14 
91380 43 
91392 120 
91466 18564 
91483 42 
91560 30 
91586 0 
91595 39 
91634 39 
91872 1581 
92101 626 
92141 181 
92152 462 
92160 41 
92185 32 
92192 49 
92326 35 
92330 2140 
92428 654 
92514 151 
92623 953 
92625 19 
92627 40 
92654 1391 
92770 1056 
92835 20 
92840 115 
92868 53 
93169 94 
93178 167 
93188 339 
93225 102 
93302 121 
93335 62 
93375 837 
93402 1255 
93440 61 
93479 48 
93486 137 
93529 33 
93557 637 
93558 81 
93629 54 
93672 521 
93675 163 
93695 875 
93736 515 
93741 35 
93826 84 
93842 22 
93869 296 
93901 491 
93912 166 
94062 118 
94083 127 
94184 1345 
94255 24 
94256 110 
94278 86 
94295 1 
94399 15 
94429 9 
94465 827 
94559 76 
94645 280 
94657 0 
94689 96 
94742 235 
94780 46 
94886 44 
94891 38 
94945 37 
95175 53 
95183 37 
95234 9 
95375 35 
95379 4 
95431 0 
95529 0 
95549 488 
95563 38 
95745 32 
95773 21 
95811 140 
95818 5 
95889 52 
95945 1 
95976 15 
95981 122 
96283 51 
96305 46 
96352 31 
96398 320 
96533 148 
96538 82 
96629 413 
96786 29 
96906 11735 
96945 8 
96953 729 
97344 212 
97418 105 
97448 42 
97519 140 
97559 139 
97676 512 
97738 12 
97874 146 
97897 1044 
97939 27 
98000 446 
98043 210 
98091 36 
98103 15 
98150 26 
98255 55 
98461 146 
98624 71 
98644 52 
98701 168 
98705 71 
98948 23 
99189 84 
99349 204 
99402 15 
99562 30 
99585 72 
99587 289 
99591 565 
99717 1183 
99933 34 
100040 33 
100283 163 
100297 101 
100335 67 
100336 99 
100404 4 
100609 3 
100786 219 
100835 121 
100909 768 
100972 49 
100977 73 
101043 318 
101340 37 
101382 76 
101515 91 
101533 140 
101548 227 
101597 7 
101665 20 
101676 1655 
101713 431 
101918 295 
101984 314 
101988 216 
102008 45 
102019 105 
102111 207 
102279 336 
102339 7 
102351 163 
102354 42 
102386 228 
102395 103 
102427 137 
102457 146 
102611 23 
102616 94 
102684 91 
102701 18 
102873 185 
103048 124 
103211 179 
103234 58 
103438 81 
103695 356 
103701 108 
103770 36 
104080 32 
104190 32 
104232 64 
104242 1708 
104332 1640 
104614 133 
105139 422 
105469 83 
105571 45 
105701 18 
105735 302 
105836 1530 
116871 142 
116943 28 
116952 466 
116966 206 
116990 18 
117107 1042 
117499 443 
117854 21 
118041 10 
118110 175 
119510 34 
120348 88 
120398 596 
120442 579 
120870 10 
121097 20 
121357 50 
121399 46 
121475 64 
121814 85 
122541 124 
123002 109 
123110 42 
123284 5 
123590 487 
123647 8 
123791 149 
123813 39 
124140 471 
124372 176 
124470 85 
124603 250 
124628 155 
124784 133 
124857 25 
125043 147 
125742 74 
126227 161 
126341 99 
126375 571 
126420 189 
126453 18 
126470 6 
126495 117 
126551 58 
126772 12 
127316 411 
127578 235 
127617 213 
127842 22 
128632 66 
128866 15 
128947 230 
128990 113 
129284 416 
129451 658 
130327 1014 
130365 181 
130630 293 
130758 83 
131095 52 
131306 299 
132143 110 
133183 3 
133212 342 
133622 5 
134097 111 
134212 439 
134367 318 
135186 530 
135716 616 
135925 102 
136923 635 
139379 77 
139581 2793 
141302 72 
141540 59 
144044 30 
144497 165 
145208 6 
146413 34 
147131 53 
147180 10 
148145 560 
148753 50 
149033 10 
150397 42 
150704 9 
151066 1 
151405 41 
151856 546 
152022 1961 
153288 38 
154039 66 
154632 18 
156343 19 
158524 112 
158801 38 
159689 1499 
160177 287 
160250 17 
160316 19 
160643 315 
161047 46 
161803 64 
161970 32 
162383 235 
162475 133 
162638 400 
163198 8 
163787 49 
164938 5 
165129 795 
165279 3 
165326 156 
165526 19 
165958 307 
166108 72 
166534 48 
166721 295 
166732 359 
166791 119 
166794 65 
167559 386 
167590 13 
167590 13 
167828 146 
168118 127 
168229 145 
168520 10 
168675 305 
169406 18 
171305 172 
171449 201 
171637 57 
172050 175 
172389 83 
173407 71 
173597 1 
173765 199 
173909 613 
174492 69 
174665 17 
174850 39 
175126 319 
175316 4347 
175416 628 
175644 1387 
175803 105 
175985 929 
176455 468 
176455 137 
176616 4 
177227 1 
177274 92 
177676 127 
177929 10 
178111 19 
178276 12 
178464 79 
178558 121 
178916 308 
179060 677 
180839 339 
181854 983 
182354 116 
182354 116 
182905 176 
183600 7 
183643 21 
184000 23 
184143 88 
184185 311 
184544 329 
185105 370 
185578 171 
185802 13 
186536 16 
186554 44 
186763 80 
187050 38 
187598 0 
187988 0 
188781 112 
189332 45 
189661 57 
189733 46 
190424 177 
190609 156 
191293 91 
192102 265 
192810 2146 
192898 18 
193367 818 
193429 100 
193595 88 
193800 60 
194008 664 
194580 106 
195281 345 
195358 41 
195813 79 
195969 31 
196034 18 
196457 1431 
196632 144 
197074 71 
199082 217 
199682 190 
200634 621 
200804 28 
201179 57 
201333 12 
201357 15 
201392 6814 
201434 69 
202368 176 
202430 33 
202896 74 
203091 908 
203643 36 
203759 9 
203985 368 
204697 589 
204967 402 
205211 45 
205486 57 
205803 21 
205892 258 
205907 91 
205965 186 
206291 900 
206351 87 
206373 475 
206483 93 
206616 29 
207299 34 
207579 20 
208538 98 
208571 31 
209276 48 
209373 176 
209920 59 
210031 37 
210244 1244 
210259 103 
210285 183 
210432 39 
211149 132 
211729 822 
213299 126 
213447 16 
213528 220 
213662 152 
213767 395 
213957 93 
214158 175 
215461 97 
215486 1001 
215722 42 
216605 372 
216855 80 
216860 220 
217139 37 
217398 11 
217980 49 
218250 1289 
218269 2157 
218327 98 
218355 121 
218368 345 
218470 356 
218858 115 
218933 175 
219097 112 
220088 110 
220300 10 
220431 235 
220720 45 
222904 55 
224168 15 
224476 174 
228479 0 
228825 20 
228956 762 
230559 1 
231729 39 
235391 705 
235766 102 
236123 10 
237033 127 
237290 600 
238293 217 
238802 10 
239625 52 
239729 171 
240674 6 
242068 81 
242523 35 
244444 96 
244716 311 
244859 0 
247262 2639 
249538 100 
249773 54 
252378 238 
253874 205 
254000 21 
254183 32 
254790 107 
254908 42 
254933 94 
255736 21 
256164 21 
256568 1349 
256626 649 
256837 85 
256938 115 
257064 188 
257548 45 
257553 172 
258134 59 
259074 23 
259251 67 
260002 13 
261193 1044 
262645 12 
264968 276 
265041 32 
266066 190 
269411 27 
269481 56 
269836 239 
269872 68 
271544 84 
272878 62 
273594 146 
273823 149 
275239 398 
275819 47 
276398 311 
276462 8 
276564 154 
278506 351 
279271 289 
279317 1694 
279506 473 
279816 1235 
281225 193 
281420 162 
281940 424 
282689 226 
283045 392 
283341 232 
284195 106 
286203 121 
286676 225 
286864 23 
287195 97 
288124 96 
288798 89 
289731 80 
292150 262 
292256 30 
292387 115 
292530 102 
292793 294 
293198 243 
293834 171 
294426 288 
298301 64 
299154 242 
301608 574 
301619 7 
302234 163 
302722 267 
302735 292 
302794 134 
302924 83 
303307 19 
303768 97 
304463 283 
304731 75 
307369 14 
307443 91 
311902 22 
312106 1100 
317617 46 
318102 630 
326608 26 
326659 22 
328492 274 
332655 137 
333583 587 
336211 263 
336413 490 
336864 57 
339328 347 
346740 25 
352829 119 
353979 236 
353999 82 
356117 73 
357371 635 
357819 210 
357895 35 
360367 37 
361663 17 
362576 69 
366074 12 
367259 2 
368333 134 
368791 63 
369647 198 
371932 205 
373212 55 
386497 12 
390242 168 
391127 143 
391535 0 
398857 144 
408490 59 
410257 145 
413243 26 
417321 85 
419224 114 
419967 196 
422051 68 
422686 382 
432423 92 
438897 0 
441462 178 
452348 137 
454315 134 
456714 34 
458321 865 
458414 239 
461128 25 
467016 8 
468893 126 
470789 111 
473552 31 
479690 34 
481850 34 
485402 57 
489085 41 
489287 60 
489624 100 
490073 42 
491930 75 
495226 86 
495587 22 
496580 54 
497128 76 
498070 28 
498070 28 
498704 984 
500050 79 
502769 29 
506298 16 
509364 235 
511484 44 
512091 836 
513226 71 
514201 716 
517259 771 
517270 226 
517434 40 
520659 145 
521458 392 
530785 116 
533368 10 
535109 448 
541871 91 
542290 69 
543136 74 
544660 127 
546027 771 
547234 51 
555082 19 
558320 304 
571891 10 
575891 43 
578786 603 
591854 100 
595568 44 
596887 58 
599865 292 
603499 210 
