2480 4.49155092593
0 194098 
7 200 
10 96 
11 302 
17 1763 
20 13 
22 66 
24 45 
27 153 
28 105 
29 18 
30 12 
32 153 
35 376 
36 25 
37 163 
37 80 
40 681 
41 18 
41 22 
42 123 
43 60 
44 321 
44 22 
45 882 
45 121 
46 20 
46 66 
46 285 
46 4 
47 62 
48 87 
50 14 
51 18 
51 4 
52 665 
53 174 
54 65 
56 440 
57 104 
57 678 
58 764 
58 1196 
59 11 
59 60 
59 22 
60 2 
61 629 
62 160 
62 15 
62 162 
62 20 
63 164 
64 3 
64 19 
65 465 
68 95 
69 21 
72 16 
73 48 
73 25 
73 32 
74 9 
75 16 
75 371 
76 93 
78 1042 
80 129 
82 13 
83 340 
84 56 
86 431 
87 2784 
87 74 
87 255 
88 126 
89 12 
90 651 
91 16 
93 36 
95 36 
96 15 
98 90 
100 7503 
100 68 
102 5 
102 415 
102 190 
102 36 
102 11 
103 135 
103 18 
103 25 
104 104 
105 8 
106 0 
107 199 
107 674 
108 34 
108 3 
108 45 
109 18 
116 395 
117 56 
118 5 
118 46 
119 3 
120 6 
122 95 
123 3328 
123 68 
124 39 
125 192 
125 34 
126 1374 
126 24 
127 18 
127 25 
129 199 
129 1 
131 106 
132 267 
134 22 
134 31 
134 1 
134 28 
134 16 
134 21 
135 72 
136 21 
136 0 
136 22 
137 33 
137 23 
138 31 
138 44 
139 942 
139 5 
140 65 
140 115 
141 28 
141 28 
142 21 
142 19 
143 50 
144 302 
145 91 
146 380 
153 52 
153 63 
154 228 
154 203 
155 100 
156 14 
157 762 
159 279 
159 243 
163 59 
164 164 
166 36 
166 11 
167 19 
170 370 
171 74 
172 485 
175 684 
177 7 
177 7 
177 30 
178 4 
178 69 
179 21 
183 30 
183 81 
183 26 
185 93 
185 14 
186 14 
186 13 
187 21 
188 56 
193 13 
194 37 
196 717 
198 26 
199 107 
199 44 
199 7 
201 29 
202 32 
204 6 
205 7 
205 24 
209 10 
210 20 
211 32 
212 1386 
212 332 
212 343 
214 86 
216 39 
218 5 
219 132 
219 19 
220 30 
220 12 
221 115 
221 30 
224 742 
224 107 
225 12 
226 37 
231 13 
234 3 
234 48 
234 25 
235 35 
235 766 
237 50 
238 267 
239 48 
239 15 
240 324 
241 140 
242 22 
242 326 
244 27 
246 95 
246 24 
249 252 
252 1 
253 767 
258 597 
260 40 
260 485 
261 35 
261 241 
261 1377 
262 81 
263 2 
265 18 
265 49 
271 27 
274 16 
276 33 
276 60 
277 4 
278 21 
279 84 
280 5 
280 612 
281 29 
282 10 
282 14 
284 10 
286 85 
287 34 
288 19 
290 54 
295 25 
296 6 
298 467 
301 152 
302 7 
302 7 
306 24 
306 14 
308 85 
309 121 
312 255 
317 4 
317 293 
317 9 
317 65 
322 0 
324 106 
325 510 
327 274 
328 20 
328 5 
329 207 
330 19 
332 10 
334 86 
337 202 
337 7 
338 8 
339 71 
339 21 
340 16 
340 299 
341 21 
343 22 
343 4 
344 47 
344 23 
345 6 
348 76 
348 7 
351 29 
355 59 
356 49 
360 86 
360 19 
369 37 
369 43 
373 58 
374 20 
375 37 
377 5 
380 32 
384 44 
385 15 
387 18 
389 12 
390 169 
392 6 
392 1 
397 16 
398 196 
402 55 
403 2297 
404 129 
405 78 
406 3 
412 138 
412 16 
413 15 
413 12 
414 12 
418 31 
421 5 
426 55 
430 514 
432 12 
433 15 
435 27 
435 16 
437 28 
437 118 
439 183 
439 10 
443 200 
445 65 
446 189 
448 447 
449 238 
451 14 
451 19 
457 10 
458 59 
463 20 
464 53 
465 5 
466 82 
468 17 
471 21 
477 484 
480 120 
483 17 
486 22 
487 5 
488 18 
488 18 
496 63 
498 936 
505 7 
509 168 
509 5 
511 8 
514 1142 
514 8 
514 405 
516 8 
517 18 
519 95 
528 326 
529 130 
531 7 
531 11 
531 175 
535 21 
537 18 
538 72 
538 155 
553 8 
557 2 
558 4 
562 47 
565 15 
576 28 
577 18 
579 216 
582 2519 
583 21 
583 28 
588 17 
592 71 
595 16 
596 5 
596 30 
597 18 
598 37 
599 711 
603 17 
605 40 
606 126 
614 316 
614 13 
616 34 
620 91 
623 27 
625 55 
627 72 
628 67 
633 8 
633 72 
633 1 
634 322 
638 19 
641 1 
643 26 
644 54 
650 38 
656 5 
657 67 
660 6 
661 5 
664 3 
666 16 
666 40 
667 20 
669 1443 
673 9 
675 13 
676 109 
676 19 
679 75 
680 12 
680 10 
682 2 
686 18 
692 50 
693 2 
693 25 
694 21 
697 345 
702 16 
703 17 
705 16 
708 42 
722 119 
723 0 
731 4 
734 2 
734 47 
735 8 
737 70 
740 17 
740 102 
740 87 
742 7 
746 39 
748 96 
755 13 
755 58 
759 30 
761 138 
768 18 
769 1 
777 6 
778 25 
779 13 
791 15 
791 17 
792 13 
796 30 
804 21 
809 16 
814 7 
817 92 
829 3 
829 230 
834 28 
836 85 
838 32 
841 767 
843 125 
845 56 
847 516 
850 48 
851 11 
854 10 
862 336 
865 33 
865 7 
870 31 
881 62 
881 53 
884 20 
885 48 
890 600 
891 2 
897 16 
898 89 
900 34 
901 20 
903 13 
905 233 
919 59 
923 9 
923 19 
924 26 
925 35 
926 47 
932 7 
933 152 
935 783 
937 3 
941 122 
948 50 
948 36 
948 71 
951 13 
957 61 
977 12 
977 12 
978 34 
978 31 
978 31 
978 34 
983 13 
983 13 
990 189 
990 189 
992 30 
992 28 
992 28 
992 30 
1001 70 
1001 70 
1006 111 
1006 111 
1010 23 
1010 23 
1015 12 
1015 12 
1021 55 
1021 55 
1025 639 
1025 10 
1025 639 
1025 10 
1030 14 
1030 14 
1034 13 
1034 13 
1038 61 
1038 184 
1038 61 
1038 184 
1044 13 
1047 8 
1048 92 
1054 6 
1056 1 
1064 11 
1065 7 
1066 26 
1069 36 
1070 4 
1070 479 
1076 15 
1076 62 
1089 144 
1090 10 
1092 15 
1103 62 
1117 13 
1117 99 
1129 199 
1133 48 
1134 1 
1140 18 
1142 76 
1145 40 
1151 3 
1152 92 
1158 82 
1158 2 
1160 30 
1166 102 
1170 10 
1172 21 
1181 53 
1185 18 
1190 62 
1190 94 
1195 27 
1196 10 
1206 9 
1211 54 
1217 83 
1217 341 
1219 8 
1228 41 
1230 67 
1235 35 
1236 35 
1239 21 
1245 19 
1247 20 
1250 6 
1253 30 
1261 3 
1266 21 
1268 109 
1272 3 
1274 277 
1286 68 
1292 2 
1297 10 
1306 17 
1309 18 
1310 12 
1313 94 
1314 38 
1319 68 
1324 48 
1327 9 
1330 28 
1336 13 
1336 16 
1340 218 
1346 3 
1351 39 
1353 27 
1353 18 
1353 5 
1374 9307 
1377 7 
1377 25 
1380 106 
1381 42 
1386 60 
1388 6 
1389 4 
1389 13 
1392 37 
1394 2 
1413 9 
1435 143 
1437 35 
1442 6444 
1442 212 
1445 239 
1450 10 
1453 70 
1457 20 
1458 15 
1464 19 
1467 26 
1478 28 
1493 112 
1493 433 
1495 34 
1498 26 
1499 21 
1499 7 
1500 1 
1502 545 
1503 5 
1504 286 
1531 17 
1543 42 
1549 137 
1550 361 
1551 10 
1552 2 
1552 15 
1555 38 
1562 5 
1568 39 
1574 3 
1581 13 
1581 17 
1586 60 
1586 26 
1607 55 
1608 171 
1609 13 
1625 37 
1627 32 
1628 23 
1639 15 
1643 137 
1648 48 
1649 37 
1652 31 
1655 10 
1656 52 
1657 58 
1657 83 
1662 59 
1663 158 
1665 75 
1668 40 
1681 3 
1690 15 
1691 2 
1693 36 
1697 22 
1705 27 
1710 27 
1727 6 
1727 6 
1736 100 
1740 52 
1746 13 
1763 11 
1765 1 
1765 2 
1768 3 
1779 18 
1783 58 
1784 485 
1792 19 
1793 21 
1805 10 
1807 2 
1814 140 
1816 2724 
1817 6 
1819 1 
1829 32 
1830 8 
1836 17 
1844 159 
1861 136 
1868 22 
1874 85 
1876 38 
1877 23 
1878 29 
1885 0 
1886 0 
1892 80 
1904 24 
1904 20 
1908 2 
1915 63 
1916 4 
1916 24 
1917 1 
1922 2 
1940 9 
1947 3 
1951 107 
1959 12 
1959 11 
1965 6 
1966 118 
1969 66 
1970 46 
1972 0 
1979 40 
1981 7 
2000 37 
2028 64 
2028 34 
2036 46 
2049 30 
2052 18 
2059 131 
2072 21 
2075 24 
2089 12 
2093 39 
2094 128 
2097 56 
2097 60 
2100 6 
2101 11 
2106 102 
2109 7 
2111 27 
2114 16 
2123 16 
2130 32 
2142 13 
2144 47 
2161 10 
2162 28 
2164 606 
2168 13 
2178 42 
2185 7 
2185 233 
2190 16 
2193 21 
2199 73 
2203 11 
2203 69 
2207 6 
2210 0 
2214 57 
2221 39 
2224 18 
2228 98 
2232 45 
2235 2 
2238 45 
2242 16 
2257 49 
2258 7 
2263 83 
2264 7 
2267 142 
2269 78 
2273 194 
2274 4 
2275 4 
2295 29 
2303 671 
2312 19 
2316 65 
2316 30 
2326 9 
2336 19 
2337 11 
2340 6 
2344 10 
2352 13 
2355 0 
2356 1 
2361 15 
2362 4 
2379 5 
2382 112 
2383 26 
2392 6 
2393 38 
2396 13 
2405 12 
2413 633 
2414 89 
2426 43 
2458 45 
2468 4 
2470 21 
2477 50 
2489 16 
2496 48 
2499 26 
2503 152 
2503 284 
2507 10 
2510 9 
2524 14 
2536 3 
2539 7 
2547 6 
2549 31 
2550 47 
2556 9 
2560 88 
2566 397 
2588 55 
2592 24 
2596 0 
2597 63 
2603 360 
2620 8 
2623 62 
2636 1 
2642 1 
2652 59 
2656 615 
2658 16 
2661 0 
2669 34 
2675 56 
2682 14 
2682 25 
2687 139 
2695 11 
2739 50 
2744 8 
2754 32 
2757 16 
2764 37 
2764 16 
2765 2 
2771 98 
2772 10 
2772 61 
2787 24 
2791 37 
2795 35 
2805 20 
2806 13 
2814 17 
2823 14 
2827 16 
2836 32 
2837 1 
2838 124 
2840 14 
2841 78 
2841 8 
2843 17 
2846 4 
2864 4 
2874 18 
2875 16 
2878 48 
2884 9 
2892 13 
2893 4 
2894 16 
2895 16 
2898 10 
2922 63 
2936 11 
2936 2 
2944 18 
2964 0 
2973 60 
2977 1 
2980 33 
2991 33 
2992 19 
2995 106 
2996 23 
3005 4 
3006 39 
3030 23 
3030 0 
3037 4 
3041 48 
3047 62 
3054 15 
3072 11 
3075 256 
3079 16 
3084 11 
3097 26 
3097 18 
3099 19 
3103 32 
3110 15 
3133 29 
3139 219 
3153 37 
3156 6 
3157 14 
3161 14 
3177 47 
3180 70 
3181 24 
3212 11 
3225 25 
3232 83 
3251 17 
3255 60 
3267 5 
3270 5 
3276 3 
3279 13 
3286 3 
3289 51 
3304 16 
3304 8 
3305 2 
3313 23 
3313 23 
3332 33 
3339 552 
3345 249 
3355 3 
3362 30 
3372 129 
3373 188 
3373 58 
3383 31 
3399 17 
3401 6 
3402 22 
3411 3 
3418 8 
3422 1 
3437 40 
3443 6 
3454 15 
3456 62 
3469 96 
3477 280 
3529 63 
3531 100 
3534 69 
3535 10 
3537 3 
3548 29 
3550 13 
3554 14 
3560 12 
3621 5 
3637 27 
3641 122 
3644 8 
3648 68 
3650 32 
3677 23 
3679 5 
3692 100 
3695 96 
3696 38 
3707 10 
3710 154 
3747 73 
3752 5 
3760 2 
3773 116 
3777 2 
3778 9 
3782 23 
3792 55 
3808 7 
3828 15 
3847 54 
3848 13 
3857 53 
3872 10 
3895 52 
3917 12 
3923 21 
3931 26 
3935 21 
3957 5 
3998 8 
3998 17 
4000 9 
4005 309 
4035 213 
4042 60 
4058 18 
4059 70 
4059 3 
4060 15 
4062 19 
4069 7 
4089 2 
4091 82 
4092 22 
4096 1472 
4099 4 
4118 1 
4125 17 
4158 12 
4159 16 
4197 27 
4208 6 
4246 150 
4253 3 
4254 43 
4257 3 
4293 11 
4306 11 
4307 18 
4316 75 
4341 49 
4360 29 
4395 13 
4400 164 
4420 57 
4427 53 
4456 4 
4459 5 
4460 20 
4471 167 
4483 33 
4486 11 
4499 4 
4556 11 
4561 2 
4563 2 
4570 42 
4572 23 
4588 8 
4597 58 
4598 14 
4601 3 
4603 6 
4610 21 
4642 813 
4654 74 
4661 35 
4678 0 
4691 5 
4695 9 
4714 268 
4717 4 
4730 58 
4742 19 
4767 3 
4768 13 
4774 32 
4803 33 
4806 16 
4817 217 
4826 3 
4842 298 
4854 1401 
4861 21 
4862 72 
4864 136 
4881 6 
4892 10 
4895 1 
4898 211 
4909 84 
4919 17 
4922 53 
4937 45 
4942 18 
4957 66 
4963 9 
4973 9 
4984 50 
5014 12 
5036 3 
5043 13 
5044 54 
5049 5 
5053 10 
5077 129 
5077 46 
5092 7 
5095 9 
5102 1 
5107 20 
5118 0 
5167 2 
5186 1298 
5193 69 
5206 1 
5217 18 
5257 9 
5260 50 
5263 1 
5271 134 
5272 13 
5274 258 
5275 5 
5295 8 
5329 59 
5339 10 
5342 25 
5342 42 
5355 40 
5392 6 
5425 10 
5426 12 
5468 95 
5477 24 
5480 46 
5483 13 
5509 3 
5537 5 
5585 17 
5624 20 
5631 38 
5640 14 
5671 10 
5676 123 
5688 38 
5694 10 
5707 58 
5730 1301 
5756 1428 
5776 6 
5777 1194 
5779 18 
5787 12 
5795 11 
5795 15 
5835 14 
5836 11 
5837 20 
5839 111 
5899 3 
5915 27 
5937 25 
5967 43 
5990 59 
5997 5 
6011 27 
6011 15 
6054 21 
6061 15 
6072 6 
6100 134 
6106 25 
6107 6 
6125 15 
6148 102 
6156 57 
6179 12 
6191 18 
6198 15 
6205 10 
6210 6 
6222 23 
6232 1 
6288 3 
6297 31 
6337 1 
6370 36 
6378 16 
6380 5 
6424 20 
6431 27 
6432 8 
6463 15 
6476 47 
6540 9 
6565 4 
6569 15 
6585 184 
6683 177 
6687 17 
6726 21 
6780 116 
6803 19 
6821 182 
6832 5 
6886 62 
6895 68 
6909 11 
6910 13 
6924 10 
6926 12 
6927 8 
6946 7 
6959 6 
6974 28 
6986 8 
6986 6 
7057 7 
7064 9 
7086 4 
7088 7 
7123 3 
7132 8 
7136 6 
7145 13 
7201 0 
7242 32 
7263 3 
7282 18 
7301 21 
7310 11 
7314 53 
7340 11 
7374 15 
7390 7 
7405 688 
7405 18 
7438 14 
7450 13 
7455 143 
7458 67 
7477 50 
7505 3 
7516 6 
7521 3 
7576 8 
7601 21 
7624 3 
7634 7 
7634 0 
7635 19 
7670 109 
7749 278 
7757 5 
7828 17 
7859 21 
7918 33 
7965 15 
7982 24 
8058 4 
8085 22 
8087 17 
8091 5 
8114 12 
8127 12 
8191 12 
8194 40 
8200 66 
8225 71 
8239 38 
8255 104 
8271 7 
8281 17 
8282 2 
8299 13 
8340 15 
8402 20 
8430 124 
8451 32 
8482 8 
8487 26 
8508 103 
8518 2 
8578 7 
8578 33 
8586 5 
8610 20 
8610 39 
8613 1 
8635 5 
8650 17 
8657 36 
8704 0 
8721 13 
8821 7 
8891 2 
8918 14 
8927 22 
8967 33 
8982 16 
9020 53 
9023 1 
9053 5 
9066 64 
9147 42 
9169 11 
9207 14 
9228 10 
9265 10 
9418 20 
9424 56 
9441 98 
9451 105 
9499 15 
9521 11 
9574 12 
9629 23 
9690 83 
9735 6 
9739 15 
9742 116 
9838 13 
9854 4 
9854 73 
9882 12 
9887 4 
9958 494 
9962 1 
9967 136 
10038 8 
10105 10 
10136 7 
10136 26 
10150 34 
10196 18 
10198 54 
10276 1 
10286 12 
10305 7 
10324 125 
10331 6 
10331 36 
10387 9 
10418 28 
10437 29 
10458 39 
10510 50 
10630 19 
10677 210 
10763 10 
10780 2 
10802 5 
10807 49 
10828 41 
10862 9 
10868 51 
10908 15 
10949 36 
10968 6 
10987 5 
10998 8 
11007 20 
11018 9 
11036 14 
11059 10 
11065 14 
11131 2 
11198 37 
11223 30 
11314 13 
11323 8 
11356 16 
11363 18 
11385 8 
11396 110 
11405 111 
11459 21 
11474 15 
11495 15 
11499 670 
11517 9 
11568 4 
11610 3 
11612 1 
11629 47 
11681 33 
11723 288 
11733 7 
11843 311 
11883 43 
11910 54 
11917 30 
11918 29 
11954 34 
12066 7 
12089 3 
12115 47 
12138 8 
12160 1 
12189 12 
12248 12 
12265 975 
12310 9 
12316 106 
12343 52 
12356 23 
12358 6 
12379 1 
12387 12 
12398 21 
12460 84 
12463 1 
12564 6 
12566 34 
12569 27 
12571 7 
12586 27 
12619 0 
12671 1 
12682 63 
12703 461 
12705 1 
12723 4 
12733 13 
12740 43 
12747 13 
12755 31 
12781 30 
12816 78 
12834 3 
12840 5 
12845 53 
12866 30 
12974 146 
13006 56 
13006 461 
13013 82 
13043 9 
13043 11 
13045 68 
13069 490 
13120 22 
13122 18 
13140 19 
13177 8 
13189 50 
13202 11 
13212 593 
13217 35 
13242 12 
13249 177 
13250 5 
13261 289 
13287 10 
13309 22 
13366 91 
13394 16 
13395 10 
13396 8 
13399 43 
13401 21 
13414 322 
13452 5 
13456 9 
13463 26 
13499 11 
13582 330 
13597 19 
13617 14 
13633 8 
13639 7 
13651 1 
13675 20 
13679 16 
13687 1 
13767 17 
13852 37 
13893 16 
13919 1962 
13935 9 
14019 8 
14028 6 
14078 6 
14094 2 
14115 10 
14153 12 
14195 4 
14233 1 
14243 2 
14249 11 
14305 3 
14322 81 
14326 15 
14369 12 
14383 10 
14386 23 
14428 32 
14512 22 
14538 17 
14553 8 
14553 15 
14570 3 
14644 8 
14654 3 
14661 14 
14683 12 
14700 8 
14705 37 
14708 20 
14752 20 
14754 17 
14760 11 
14761 8 
14766 16 
14842 8 
14901 1 
14948 24 
14976 17 
15022 5 
15067 0 
15125 8 
15146 12 
15153 20 
15156 15 
15193 45 
15202 17 
15219 14 
15275 3 
15317 213 
15318 6 
15344 8 
15379 2 
15415 7 
15428 14 
15448 2 
15468 2 
15468 3 
15479 60 
15528 41 
15549 16 
15574 2 
15593 40 
15623 73 
15645 18 
15656 11 
15704 0 
15733 34 
15792 18 
15832 18 
15834 6 
15867 16 
15906 66 
15910 0 
15999 4 
16054 2 
16107 8 
16129 30 
16164 9 
16170 12 
16187 2 
16187 30 
16188 8 
16203 47 
16267 35 
16268 12 
16276 0 
16277 7 
16309 6 
16318 22 
16324 24 
16414 55 
16439 441 
16469 189 
16486 263 
16492 14 
16524 10 
16555 6 
16628 60 
16657 3 
16667 6 
16684 1 
16689 119 
16756 1 
16828 2 
16842 4 
16845 94 
16865 3 
16906 1 
16909 11218 
16927 300 
16952 344 
16956 67 
16965 12 
17069 36 
17076 1 
17103 5 
17141 7 
17185 1 
17203 7 
17209 66 
17220 3 
17233 1 
17257 122 
17303 9 
17304 14 
17315 9 
17320 5 
17330 17 
17359 563 
17365 21 
17366 2 
17431 390 
17436 73 
17454 2 
17473 9 
17506 6 
17551 18 
17646 14 
17655 10 
17889 11 
17918 3 
17964 9 
17969 0 
17974 0 
17978 0 
17998 1167 
18027 26 
18085 24 
18087 0 
18088 27 
18117 15 
18217 39 
18253 0 
18292 15 
18396 183 
18430 20 
18472 8 
18489 28 
18508 339 
18511 846 
18522 10 
18547 1650 
18583 550 
18601 18 
18722 16 
18754 7 
18825 4 
18827 8 
18865 14 
18865 20 
18878 13 
18903 7 
18926 263 
19024 1 
19117 11 
19159 11 
19327 26 
19333 16 
19408 4 
19414 2 
19457 3 
19465 212 
19493 11 
19532 62 
19562 14 
19564 69 
19581 2 
19585 29 
19602 14 
19618 3 
19690 1 
19730 28 
19775 11 
19810 226 
19813 15 
19830 41 
19859 9 
19906 1214 
19960 13 
19965 77 
20032 17 
20033 8 
20078 23 
20137 2 
20223 36 
20244 1417 
20328 4 
20365 9 
20379 5 
20388 10 
20426 281 
20499 17 
20508 13 
20520 5 
20557 5 
20561 5 
20569 43 
20587 2 
20613 32 
20615 30 
20649 4 
20658 32 
20705 11 
20757 4 
20934 2 
20954 27 
20974 6 
21037 29 
21047 31 
21102 9 
21185 2 
21213 21 
21274 1 
21300 16 
21309 6 
21398 5 
21403 5 
21508 1 
21515 9 
21547 13 
21573 1 
21593 17 
21602 6 
21647 10 
21662 16 
21969 2 
22044 28 
22057 10 
22076 5 
22113 8 
22205 19 
22213 0 
22229 2 
22230 12 
22318 5 
22329 0 
22405 19 
22419 9 
22419 1 
22447 10 
22452 5 
22499 35 
22515 7 
22545 66 
22559 35 
22575 11 
22587 129 
22629 9 
22741 32 
22847 47 
22923 11 
22927 10 
22927 14 
22938 107 
23009 0 
23012 21 
23014 617 
23077 1 
23181 10 
23226 73 
23231 3 
23272 15 
23278 23 
23323 5 
23361 47 
23364 66 
23372 17 
23388 8 
23469 6 
23490 3 
23510 3 
23511 502 
23642 14 
23650 4 
23653 1227 
23678 2 
23700 5 
23719 989 
23763 171 
23765 9 
23789 2 
23790 22 
23799 8 
23827 9 
23845 11 
23857 438 
23979 39 
23987 3 
24100 228 
24117 504 
24211 203 
24249 0 
24274 1022 
24304 473 
24359 6 
24368 2 
24368 0 
24448 432 
24470 0 
24514 6 
24711 0 
24714 9 
24737 5 
24761 291 
24846 5 
24934 2 
24939 7 
25095 0 
25115 14 
25172 8 
25270 15 
25297 10 
25322 0 
25338 8 
25356 8 
25384 37 
25413 3 
25593 209 
25662 0 
25689 8 
25719 16 
25741 218 
25743 0 
25793 6 
25848 36 
25853 17 
25855 3 
25924 6 
26049 9 
26140 47 
26316 11 
26323 24 
26366 97 
26499 46 
26499 7 
26538 10 
26610 4 
26732 13 
26793 7 
26795 106 
26903 8 
26926 1 
26936 13 
27010 13 
27045 28 
27090 247 
27156 731 
27210 269 
27259 1258 
27264 33 
27319 0 
27352 6 
27606 24 
27655 12 
27729 158 
27769 5 
27791 1782 
27814 335 
27839 923 
27858 139 
27965 626 
28010 28 
28041 541 
28138 1 
28149 2 
28174 20 
28175 858 
28194 137 
28208 4 
28252 40 
28278 187 
28288 119 
28288 12 
28325 47 
28424 0 
28463 2 
28466 7 
28479 14 
28491 3 
28502 4 
28517 38 
28539 20 
28583 26 
28586 117 
28637 24 
28719 3 
28726 11 
28728 7 
28842 12 
29001 802 
29006 6 
29040 8 
29092 3 
29291 568 
29331 8 
29337 3 
29358 79 
29382 9 
29403 28 
29520 39 
29526 54 
29543 6 
29578 722 
29753 14 
29781 131 
29783 7 
29927 8 
29931 1 
29975 1 
30008 536 
30046 11 
30069 25 
30069 8 
30070 17 
30121 9 
30150 2 
30153 82 
30279 5 
30308 28 
30318 2 
30360 1 
30421 33 
30432 37 
30451 2 
30463 1 
30509 8 
30620 5 
30641 110 
30696 14 
30819 85 
30844 13 
30859 49 
30883 7 
31063 5 
31063 5 
31256 2 
31257 2 
31489 0 
31514 13 
31580 19 
31684 19 
31725 27 
31872 1 
32081 0 
32084 0 
32147 8 
32228 4 
32278 7 
32327 1 
32366 9 
32399 28 
32468 4 
32520 2 
32585 408 
32606 5 
32609 14 
32623 2 
32652 4 
32669 4 
32774 4 
32891 197 
32994 535 
32996 2 
33096 2 
33102 63 
33350 29 
33506 52 
33507 11 
33834 16 
33987 4 
34020 1 
34190 6 
34400 400 
34405 9 
34446 38 
34468 0 
34508 4 
34516 212 
34554 20 
34655 53 
34702 2040 
34812 11 
34826 6 
34913 12 
35018 5 
35035 16 
35059 11 
35198 6 
35231 4 
35354 0 
35399 6 
35477 84 
35489 15 
35525 7 
35590 8 
35898 5 
35937 9 
35952 1 
35976 4 
35982 2 
36457 11 
36607 60 
36816 2 
36853 14 
37073 39 
37097 7 
37328 116 
37428 1572 
37670 29 
37693 16 
37976 1210 
38376 3 
38378 3 
38664 5 
38973 16 
39053 7 
39114 57 
39260 12 
39730 14 
39831 25 
39858 1 
39908 12 
40082 25 
40184 234 
40266 11 
40484 7 
41353 2 
41382 6 
41638 2 
41733 43 
41767 2 
41785 15 
41997 17 
44363 0 
44764 30 
46669 46 
49342 20 
51780 311 
55353 41 
56402 1 
63315 2 
64512 16 
65713 3 
67881 42 
68469 3 
68666 7 
68943 7 
68978 23 
69675 5 
69736 1 
70578 3 
71356 11 
72749 12 
72836 8 
73040 106 
74219 29 
75261 54 
76024 2 
77569 6 
78528 38 
79311 2 
79369 294 
80256 17 
80332 267 
80618 20 
81987 4 
83106 105 
83759 2 
83948 0 
84531 148 
86706 16 
87145 31 
87153 0 
87772 5 
87869 7 
88119 955 
88228 245 
88398 12 
88610 2861 
89393 385 
89507 8 
89748 6 
90772 133 
91050 12 
91967 3 
92180 358 
92414 2 
92439 334 
93439 101 
94508 40 
94992 195 
95805 45 
95960 5 
96476 113 
98144 56 
98247 5 
98599 0 
98793 69 
99727 112 
99813 73 
100703 1059 
100835 128 
100840 25 
100887 247 
100892 158 
100895 85 
100937 3 
101302 4 
101401 5 
101497 6 
101700 3 
101954 1 
103456 5 
103866 3 
104428 0 
104659 146 
104670 146 
106250 2 
107662 52 
107676 47 
108909 30 
110441 1 
110456 31 
110486 3 
110593 54 
111475 54 
111743 6 
113185 38 
113698 23 
114186 17 
114262 392 
114635 8 
115166 444 
116252 68 
117202 195 
117713 249 
117969 7 
118267 10 
118793 7 
118832 5 
120364 18 
120408 23 
120674 2 
120748 31 
120792 14 
120842 14 
121506 2 
121895 23 
122203 3 
124149 6 
126886 2471 
126918 163 
154687 2 
155450 11 
157701 80 
158269 39 
164468 6 
166274 509 
166569 39 
166799 689 
172247 57 
172875 8 
177690 16 
182324 392 
182366 329 
182438 269 
182754 25 
183260 290 
183738 16 
183738 16 
184065 19 
187839 62 
187855 124 
187966 694 
187997 898 
188502 181 
189889 684 
190247 5 
190845 16 
191498 8 
191736 821 
191798 265 
191819 30 
191997 189 
192332 0 
192895 58 
192988 92 
195098 104 
195698 0 
196359 678 
196390 261 
196427 284 
196618 323 
196757 503 
196879 0 
196919 4 
197153 30 
197392 116 
198602 105 
198824 26 
199026 31 
199026 31 
199053 23 
199053 23 
199199 35 
200990 12 
201141 865 
201157 304 
201217 14 
201319 331 
202565 4 
203787 406 
204791 348 
204812 589 
204829 738 
204848 1213 
205099 42 
205184 0 
205246 1033 
205468 50 
205701 80 
206078 36 
206214 896 
206263 3 
206713 128 
206759 4 
208544 45 
209239 11 
210877 80 
230944 641 
244384 122 
246387 4 
248112 149 
255086 47 
257105 64 
259212 28 
267278 713 
269437 55 
269693 69 
269992 880 
272820 12 
277567 18 
280033 384 
281177 0 
283624 6 
285312 91 
285720 38 
286623 0 
288717 1 
293344 29 
295461 259 
297853 115 
301163 13 
304341 96 
304817 6 
322072 0 
327920 62 
329524 42 
330239 750 
330424 83 
331734 243 
333568 58 
334020 36 
334020 36 
334901 12 
335808 24 
341050 68 
341346 26 
341364 1174 
343313 0 
345391 16 
346412 0 
346501 577 
348416 84 
348443 16 
350035 88 
351579 169 
351706 25 
352090 22 
352338 13 
353283 28 
355317 612 
355401 432 
355693 766 
355934 8 
356075 34 
356307 15 
356397 7 
359987 47 
362580 32 
362928 0 
363228 3 
363907 35 
364505 42 
365355 8 
367838 68 
369873 2 
370449 2210 
370470 1027 
371626 6 
371961 10 
372236 6 
374482 29 
374826 347 
374900 42 
374932 40 
376428 564 
378106 82 
378285 12 
378482 63 
378978 56 
379001 3314 
379001 1034 
379024 278 
379026 585 
379034 419 
379041 397 
379046 963 
379086 5840 
379091 1210 
379093 4 
379141 731 
379242 2 
379295 149 
379354 1045 
379441 42 
379602 15 
379719 635 
380374 9 
380809 9 
380813 93 
382531 0 
382540 1690 
382540 40 
382735 673 
382769 202 
382818 47 
382935 134 
382942 2 
383278 30 
383362 95 
383487 40 
383736 104 
383740 2177 
383794 153 
383817 19 
383829 14 
383918 20 
383920 83 
383943 22 
384043 14 
384049 107 
384164 138 
384235 100 
384261 6 
384320 140 
384322 7 
384325 14 
384449 84 
384568 34 
384701 193 
385078 11 
385776 1 
386417 3 
386986 25 
388470 7 
389309 550 
389414 283 
390066 436 
391509 41 
392259 59 
392660 5 
393764 38 
399684 1 
412864 10 
418606 16 
418865 109 
422667 5 
423647 8 
424292 284 
441633 125 
443198 3676 
444348 25 
448849 21 
449097 326 
449665 1 
454136 32 
454498 2 
457232 16 
457402 12 
458644 12 
459248 397 
459530 6 
460907 0 
460963 7 
461507 1 
461886 224 
461983 39 
463544 37 
463954 7 
464118 6 
464261 0 
464344 22 
464450 26 
465045 191 
466406 36 
466586 37 
466698 2 
466899 1 
466913 14 
467632 3 
468257 13 
469247 5 
469757 18 
501150 1 
506595 23 
509253 9 
509734 16 
511156 8 
511631 1 
512398 171 
518037 85 
518126 246 
525034 35 
530211 74 
530697 25 
540166 0 
546316 1470 
547085 26 
548486 6 
552930 1 
553942 7 
554940 379 
554992 1028 
555374 57 
555762 8 
555890 116 
555927 428 
556325 207 
556384 108 
557086 69 
557274 3 
557334 1 
557924 38 
558142 144 
569135 7 
579920 29 
586291 3 
592816 8 
597894 26 
