5604 8.12784722222
0 13418666 
5 54 
12 200 
17 160 
18 954 
18 737 
19 810 
20 829 
20 1396 
20 60 
24 122 
25 928 
26 830 
26 26 
28 4091 
28 65 
28 837 
29 145 
30 2765 
30 1384 
31 915 
31 3445 
32 1270 
34 1202 
34 595 
35 1163 
35 471 
36 976 
38 4457 
39 145 
41 138 
42 323 
43 629 
44 1384 
44 46 
45 1633 
45 194 
45 135 
46 1034 
47 361 
47 60 
48 1492 
48 838 
49 1112 
49 107 
49 25519 
50 3933 
51 315 
53 989 
53 750 
54 206 
54 179 
55 607 
55 117 
55 4560 
56 156 
56 209 
56 9224 
56 1385 
57 1651 
57 223 
57 374 
59 484 
59 390 
60 1925 
61 5560 
62 424 
62 522 
63 59 
64 1656 
64 117 
66 405 
68 475 
68 33778 
68 721 
68 536 
69 444 
69 500 
69 252 
70 957 
70 1054 
70 237 
71 742 
72 82 
72 784 
72 481 
72 165 
73 261 
74 658 
75 973 
75 268 
75 675 
75 377 
77 1904 
77 397 
77 10 
78 542 
78 32 
78 2484 
78 248 
78 1884 
79 323 
79 643 
80 2389 
80 705 
80 859 
81 771 
82 265 
83 867 
84 1572 
85 24 
85 684 
86 271 
86 412 
88 83 
88 382 
88 140 
88 397 
88 292 
89 461 
90 269 
90 392 
91 225 
91 2090 
91 281 
92 218 
92 10495 
92 109 
93 94 
93 357 
94 296 
94 92 
96 84 
96 524 
96 1096 
99 1093 
99 1135 
99 1565 
101 3331 
102 491 
102 51 
103 1161 
103 801 
103 870 
104 291 
104 708 
104 224 
104 406 
105 1405 
105 173 
105 30 
106 303 
106 551 
107 362 
108 195 
108 479 
108 406 
109 3438 
109 446 
109 977 
110 357 
111 3316 
113 1156 
113 62 
113 136 
114 504 
114 423 
114 201 
114 170 
115 783 
116 653 
116 277 
116 3424 
117 184 
117 211 
118 85 
120 985 
120 538 
121 52 
121 801 
121 353 
121 677 
122 932 
122 859 
123 921 
124 2140 
124 1869 
124 7818 
125 135 
126 1247 
127 28 
127 9666 
127 149 
128 271 
129 205 
129 581 
129 5 
130 2963 
130 272 
131 1448 
131 84 
132 996 
132 345 
133 2102 
133 1189 
133 312 
134 474 
134 2643 
135 42 
136 1758 
136 53 
136 346 
137 275 
137 787 
139 72 
140 144 
140 51 
141 182 
141 843 
141 361 
142 4269 
142 1063 
142 352 
143 113 
144 2311 
144 85 
144 931 
145 108 
145 562 
146 2073 
146 83 
146 457 
147 420 
148 75 
149 172 
150 110 
151 205 
152 838 
153 820 
153 335 
154 753 
155 831 
155 36 
155 171 
156 255 
157 388 
157 1652 
157 1026 
159 1580 
159 9408 
160 5586 
160 667 
161 731 
163 888 
164 82 
165 2542 
166 1304 
167 2470 
167 613 
169 50 
169 314 
172 343 
173 28 
173 287 
173 524 
174 377 
175 416 
177 411 
177 182 
180 17421 
180 805 
180 324 
184 2438 
184 920 
184 374 
185 971 
186 1369 
187 1255 
188 164 
189 196 
190 793 
190 2003 
192 499 
193 41 
193 407 
194 1795 
194 1353 
195 562 
195 251 
195 957 
197 83 
197 1501 
197 155 
199 1191 
200 665 
201 2711 
202 5001 
203 6543 
203 1250 
205 288 
205 57 
206 80 
207 1169 
207 2939 
208 309 
211 226 
211 1322 
211 33 
211 2215 
212 1997 
213 906 
213 31351 
214 716 
214 661 
214 1120 
214 87 
215 1622 
215 683 
216 642 
216 841 
217 601 
217 118 
217 50 
218 175 
218 63 
219 2417 
220 801 
221 99 
223 198 
223 1236 
223 1079 
224 106 
224 2110 
225 3183 
226 2 
227 14 
227 2416 
227 558 
228 193 
228 2018 
229 1493 
229 154 
230 273 
230 187 
230 221 
230 3150 
231 468 
233 312 
234 644 
234 1806 
236 637 
238 3057 
238 3927 
240 3021 
241 781 
241 1102 
242 348 
242 86 
243 407 
243 1069 
244 485 
245 54 
245 1803 
248 5382 
250 1302 
250 3692 
250 7827 
250 1292 
252 1029 
252 657 
253 230 
255 41 
256 565 
256 116 
256 475 
257 1606 
258 282 
259 34 
259 434 
259 96 
260 704 
260 273 
260 161 
261 710 
261 824 
262 1076 
263 533 
263 2488 
263 590 
265 3359 
266 1163 
267 1258 
268 670 
268 771 
268 1962 
271 109 
272 164 
273 1461 
273 1105 
274 890 
274 241 
274 398 
274 896 
275 798 
275 340 
276 369 
277 2710 
278 1972 
278 3088 
279 121 
279 1064 
280 225 
280 28 
283 1664 
283 447 
284 579 
285 1811 
285 1890 
285 653 
285 30 
286 1487 
286 109 
286 478 
286 1083 
287 615 
287 394 
289 208 
294 2515 
296 120 
297 702 
298 301 
299 593 
300 2662 
301 5920 
302 919 
304 1393 
304 215 
304 949 
305 1107 
306 2028 
306 229 
308 110 
309 591 
309 10238 
311 176 
316 162 
316 1042 
317 627 
318 3947 
318 704 
319 1751 
320 2057 
321 2183 
323 1784 
323 280 
323 5366 
324 231 
324 68 
326 367 
326 728 
328 172 
328 283 
328 1091 
329 4360 
330 643 
330 7762 
331 568 
331 1045 
332 224 
333 2896 
333 1220 
334 703 
336 3215 
336 389 
336 3422 
337 599 
337 227 
337 22 
337 148 
338 46 
339 2029 
339 306 
340 2102 
341 119 
341 732 
342 104 
342 783 
344 523 
344 1091 
344 1263 
345 831 
345 436 
348 1492 
348 143 
349 731 
349 291 
350 65 
351 802 
352 288 
352 64 
352 45 
354 603 
354 376 
354 14589 
359 1853 
359 2997 
361 1748 
363 138 
364 277 
364 717 
365 472 
365 179 
365 556 
366 124 
367 1041 
370 913 
370 577 
372 1985 
372 150 
374 685 
374 14 
374 342 
375 6621 
376 9547 
377 187 
377 90 
378 754 
379 471 
380 221 
380 420 
381 890 
381 1258 
382 1062 
383 8676 
383 3558 
383 149 
387 1625 
388 2442 
390 1873 
391 120 
392 281 
395 17599 
396 870 
398 4049 
399 54 
401 402 
403 123 
404 67 
405 2477 
407 64 
409 849 
409 815 
410 468 
410 1073 
411 1520 
411 1675 
412 321 
416 624 
419 534 
419 220 
421 32590 
421 329 
422 35 
422 828 
423 99 
423 2817 
424 1117 
425 1072 
426 687 
427 7315 
427 3393 
428 503 
490 611 
491 1108 
492 165 
493 1873 
493 322 
494 597 
497 201 
502 373 
503 1215 
504 677 
504 629 
508 1761 
510 487 
510 3896 
511 790 
512 684 
516 576 
517 734 
520 203 
522 1246 
524 253 
526 1223 
526 201 
527 1032 
527 44616 
531 333 
532 732 
532 480 
533 1064 
534 1696 
536 629 
538 435 
540 362 
541 415 
541 42 
545 35 
546 891 
548 43 
549 311 
549 962 
552 95 
558 491 
559 917 
560 281 
563 1764 
563 18 
563 610 
564 111 
564 2247 
564 91 
566 1729 
566 299 
568 2869 
569 723 
569 522 
569 753 
571 1658 
572 1821 
577 225 
578 4014 
579 1174 
581 2308 
588 170 
591 680 
591 2139 
597 351 
598 389 
599 1855 
600 87 
603 139 
603 96 
603 3042 
604 1133 
612 1143 
615 247 
617 2151 
618 875 
618 1256 
619 374 
619 10 
621 849 
621 1004 
622 1138 
623 830 
628 390 
635 218 
637 1271 
638 950 
643 1552 
644 287 
644 379 
644 1088 
645 58 
646 1549 
651 1745 
651 3428 
652 144 
655 109 
657 58 
659 187 
663 299 
665 396 
666 66 
667 630 
669 449 
669 546 
672 74 
673 407 
673 358 
677 4181 
677 4202 
679 2388 
681 225 
681 466 
686 3582 
689 1401 
697 552 
697 802 
700 978 
702 926 
702 539 
704 1012 
707 1162 
710 204 
710 1266 
714 826 
716 2224 
720 94 
724 1229 
729 194 
730 2813 
731 69 
732 2875 
736 637 
736 1777 
738 121 
742 809 
742 402 
748 6549 
749 158 
755 103 
755 1124 
757 325 
760 7 
761 5578 
763 4152 
763 47 
764 245 
766 444 
769 87 
769 988 
770 1896 
775 971 
776 86 
777 609 
783 349 
783 358 
783 145 
789 423 
790 122 
797 719 
798 1005 
799 90 
803 485 
803 304 
807 805 
813 476 
817 444 
822 139 
837 412 
837 2036 
838 2340 
840 113 
845 101 
849 224 
850 145 
853 251 
860 622 
862 512 
863 211 
864 302 
869 655 
870 1844 
872 595 
877 1907 
879 164 
888 437 
889 11931 
892 3445 
893 650 
899 226 
900 80 
901 318 
901 356 
904 1203 
904 411 
907 883 
908 779 
909 3888 
911 1160 
912 225 
916 821 
917 1266 
920 1129 
923 1085 
924 785 
924 99 
924 656 
928 312 
929 289 
935 1202 
943 957 
947 1024 
950 439 
955 662 
960 25 
962 530 
965 3168 
966 1260 
968 3957 
968 144 
970 90 
976 36 
978 42 
979 902 
986 5721 
988 476 
990 73 
990 1901 
991 1172 
992 92 
999 1670 
1000 1334 
1002 3292 
1003 5547 
1011 289 
1015 5439 
1022 3518 
1024 846 
1029 602 
1031 5448 
1034 932 
1035 369 
1036 1684 
1037 820 
1038 254 
1039 2853 
1039 1367 
1041 2078 
1054 476 
1056 1016 
1059 82 
1067 756 
1070 1883 
1071 894 
1074 1159 
1076 1144 
1076 601 
1077 559 
1079 5679 
1088 1883 
1092 183 
1092 64 
1094 50 
1099 2473 
1107 1449 
1108 2006 
1109 50 
1113 305 
1114 88 
1117 28 
1120 358 
1121 350 
1126 732 
1127 215 
1131 270 
1131 487 
1132 105 
1132 69 
1137 465 
1143 1527 
1143 1230 
1150 3896 
1151 1287 
1175 1018 
1177 372 
1181 7938 
1182 815 
1183 9 
1189 1300 
1190 488 
1193 2373 
1193 214 
1195 23 
1197 331 
1204 59 
1204 125 
1205 186 
1207 731 
1208 1155 
1215 284 
1216 185 
1221 142 
1226 3146 
1228 327 
1230 1058 
1232 429 
1234 461 
1235 1728 
1248 662 
1265 929 
1283 74 
1285 82 
1287 766 
1288 315 
1302 991 
1302 159 
1304 362 
1304 1221 
1304 126 
1306 958 
1309 136 
1314 719 
1316 1295 
1322 810 
1322 125 
1323 1998 
1325 302 
1329 760 
1341 314 
1343 50 
1346 772 
1357 306 
1357 17 
1363 19 
1364 2 
1365 383 
1366 5304 
1366 2582 
1367 747 
1379 225 
1380 625 
1381 1594 
1382 653 
1383 732 
1385 36 
1396 294 
1405 1174 
1414 2482 
1424 1407 
1428 56 
1433 437 
1438 108 
1446 108 
1451 1095 
1451 4567 
1455 118 
1460 3022 
1466 1649 
1482 511 
1486 925 
1490 2269 
1495 609 
1499 141 
1515 759 
1515 237 
1526 4536 
1533 461 
1535 159 
1537 397 
1539 220 
1551 1951 
1556 523 
1568 619 
1575 18 
1577 1346 
1581 376 
1587 1320 
1591 945 
1600 1924 
1601 1607 
1603 915 
1604 167 
1605 1803 
1612 434 
1614 704 
1615 2476 
1616 277 
1622 1645 
1622 4012 
1623 56 
1626 204 
1628 187 
1641 718 
1650 745 
1654 471 
1657 905 
1664 1005 
1673 2242 
1678 1445 
1679 530 
1691 5832 
1699 181 
1700 66 
1701 1239 
1702 898 
1707 179 
1708 1271 
1713 691 
1713 32 
1718 81 
1739 816 
1745 226 
1745 1428 
1747 40 
1751 193 
1753 2863 
1756 4 
1765 664 
1765 9 
1779 3073 
1782 29 
1784 1119 
1790 375 
1804 835 
1814 1258 
1818 50 
1827 2060 
1835 90 
1839 909 
1841 139 
1841 161 
1844 85 
1845 1071 
1846 1282 
1854 1856 
1855 1630 
1866 672 
1869 22 
1871 844 
1877 1264 
1877 1158 
1880 909 
1895 479 
1899 234 
1901 281 
1901 317 
1902 4120 
1908 8225 
1933 861 
1959 1394 
1962 814 
1973 306 
1979 551 
1981 27 
1985 62 
1998 1135 
2001 256 
2006 790 
2007 151 
2013 499 
2014 982 
2015 287 
2026 128 
2043 90 
2044 26 
2045 436 
2058 58 
2070 1496 
2078 237 
2080 469 
2097 740 
2106 1456 
2107 1989 
2112 126 
2120 1454 
2129 2348 
2142 172 
2145 1202 
2148 649 
2154 834 
2159 1485 
2160 205 
2166 137 
2175 271 
2197 3219 
2205 743 
2206 199 
2223 3286 
2226 586 
2230 545 
2240 584 
2243 26 
2243 846 
2245 129 
2249 11633 
2250 336 
2251 994 
2252 667 
2261 22 
2267 1352 
2268 712 
2268 495 
2283 142 
2283 3145 
2292 384 
2307 249 
2316 9 
2319 1462 
2331 192 
2338 286 
2343 3097 
2343 323 
2346 1255 
2349 50 
2351 961 
2354 191 
2358 266 
2368 795 
2371 1081 
2375 78 
2377 264 
2378 935 
2416 713 
2421 3561 
2423 642 
2425 583 
2435 624 
2436 1455 
2440 265 
2454 421 
2470 3234 
2479 640 
2517 1072 
2519 1009 
2520 3255 
2521 237 
2524 16088 
2549 225 
2554 544 
2554 588 
2560 132 
2565 412 
2567 1005 
2568 490 
2569 2815 
2575 17 
2575 924 
2583 713 
2600 662 
2603 1278 
2603 846 
2617 202 
2624 233 
2625 36 
2628 2864 
2638 39 
2645 274 
2646 1577 
2652 1159 
2655 608 
2662 551 
2662 245 
2664 1657 
2668 304 
2671 420 
2711 344 
2720 407 
2732 419 
2732 60 
2747 795 
2758 122 
2758 694 
2807 4858 
2810 7 
2816 287 
2824 1285 
2835 1187 
2836 736 
2849 190 
2855 99 
2856 157 
2858 681 
2877 46 
2878 936 
2881 281 
2887 2137 
2889 775 
2904 16 
2936 332 
2938 636 
2938 2814 
2939 1226 
2964 2218 
3003 13 
3005 17 
3008 425 
3008 159 
3009 6082 
3023 235 
3028 1097 
3033 921 
3048 153 
3048 446 
3053 1589 
3054 748 
3082 5183 
3090 623 
3108 425 
3115 2346 
3132 114 
3150 6455 
3150 86 
3165 17 
3172 1019 
3178 850 
3185 24 
3191 356 
3197 1120 
3221 310 
3223 930 
3243 93 
3246 1002 
3254 2127 
3256 884 
3258 1653 
3280 317 
3294 1753 
3302 295 
3302 1172 
3305 704 
3310 1471 
3311 250 
3327 670 
3337 651 
3345 1551 
3370 1587 
3385 546 
3390 855 
3427 376 
3432 33 
3433 386 
3462 1886 
3465 1598 
3469 905 
3469 340 
3471 111 
3474 1098 
3477 103 
3516 1061 
3519 115 
3519 67 
3531 189 
3537 57 
3542 338 
3562 180 
3577 188 
3584 508 
3590 8429 
3590 1307 
3605 183 
3614 224 
3622 556 
3656 484 
3656 722 
3659 107 
3671 111 
3675 210 
3687 160 
3687 3416 
3712 1442 
3712 398 
3712 4152 
3722 2376 
3760 321 
3763 480 
3767 3340 
3772 4160 
3773 59 
3777 863 
3781 382 
3789 1389 
3816 877 
3825 2970 
3830 984 
3856 1817 
3858 104 
3871 2117 
3877 1234 
3888 291 
3893 139 
3896 404 
3907 307 
3908 787 
3914 66 
3921 3092 
3921 399 
3930 705 
3944 745 
3948 662 
3961 315 
3971 307 
3976 1248 
3982 390 
4013 192 
4014 8306 
4017 218 
4024 769 
4037 709 
4039 1906 
4069 43 
4080 103 
4089 658 
4104 496 
4105 1364 
4123 1502 
4126 169 
4128 372 
4132 1816 
4137 185 
4140 146 
4141 374 
4153 487 
4167 1477 
4179 2576 
4181 387 
4185 515 
4187 642 
4187 4234 
4201 1103 
4205 237 
4226 241 
4233 29 
4251 183 
4256 1272 
4285 63 
4285 63 
4288 275 
4288 275 
4291 404 
4291 404 
4307 767 
4307 767 
4319 1062 
4319 1062 
4323 756 
4349 1138 
4355 216 
4360 124 
4375 315 
4385 509 
4403 3347 
4406 642 
4410 919 
4410 118 
4412 678 
4445 154 
4451 6600 
4460 9192 
4461 10 
4473 418 
4486 74 
4523 162 
4527 46 
4558 281 
4595 501 
4627 1295 
4653 335 
4671 574 
4698 1392 
4724 525 
4747 681 
4750 344 
4779 96 
4779 1324 
4790 361 
4801 666 
4842 2115 
4843 954 
4877 490 
4878 71 
4884 543 
4885 189 
4901 64 
4924 890 
4930 337 
4947 2878 
4948 51 
4956 4727 
4959 1119 
4960 1641 
4966 394 
4978 1343 
5035 3481 
5044 586 
5047 57 
5068 1366 
5071 327 
5092 585 
5139 343 
5145 40 
5151 715 
5160 1806 
5160 42 
5165 260 
5165 755 
5166 350 
5178 19 
5185 256 
5188 436 
5192 11 
5208 1411 
5219 55 
5228 399 
5231 195 
5244 368 
5265 148 
5273 164 
5278 291 
5289 974 
5297 378 
5312 366 
5318 249 
5318 427 
5322 253 
5335 416 
5348 29 
5349 223 
5369 909 
5377 2844 
5383 616 
5395 1161 
5401 582 
5414 36 
5423 2813 
5423 791 
5442 3751 
5477 296 
5492 280 
5495 184 
5501 885 
5502 847 
5503 598 
5517 100 
5519 808 
5525 26933 
5539 608 
5541 416 
5541 155 
5544 336 
5554 966 
5556 1360 
5577 2254 
5602 13 
5610 2596 
5621 899 
5623 897 
5623 300 
5630 283 
5643 1101 
5647 905 
5676 1659 
5690 891 
5712 370 
5718 256 
5728 196 
5729 106 
5773 167 
5793 1234 
5797 2558 
5801 1049 
5806 1363 
5827 5364 
5847 98 
5858 353 
5859 1 
5860 1219 
5871 218 
5896 399 
5904 1610 
5948 333 
5963 53 
5994 199 
6000 787 
6004 1102 
6049 528 
6064 420 
6080 604 
6083 13641 
6090 78 
6123 262 
6159 201 
6167 1513 
6187 2952 
6205 339 
6222 572 
6223 285 
6228 928 
6228 392 
6246 422 
6249 982 
6261 500 
6303 1454 
6319 447 
6328 899 
6370 851 
6401 56 
6427 273 
6431 225 
6484 534 
6509 17 
6518 771 
6528 663 
6557 51 
6568 59 
6590 576 
6600 179 
6607 281 
6610 5332 
6610 1745 
6625 684 
6647 415 
6653 279 
6673 332 
6688 342 
6697 230 
6719 855 
6727 678 
6737 1514 
6744 560 
6777 433 
6792 394 
6803 78 
6805 598 
6818 90 
6822 1486 
6826 1684 
6884 234 
6945 788 
6954 1050 
6957 950 
7003 1032 
7028 621 
7042 557 
7100 6737 
7112 451 
7132 655 
7146 221 
7155 2123 
7158 635 
7178 375 
7189 352 
7230 612 
7231 1277 
7241 49 
7248 782 
7300 927 
7308 214 
7319 416 
7323 2761 
7325 30 
7379 1790 
7397 837 
7403 3292 
7445 2405 
7449 588 
7452 438 
7492 507 
7494 655 
7496 191 
7502 423 
7504 329 
7519 433 
7524 266 
7535 822 
7556 510 
7557 1415 
7572 316 
7622 715 
7624 2378 
7644 88 
7681 643 
7788 510 
7809 409 
7853 497 
7861 3536 
7864 310 
7877 553 
7890 110 
7914 1372 
7916 628 
7925 98 
7948 976 
7968 146 
8021 485 
8037 893 
8041 755 
8045 679 
8071 420 
8080 5955 
8112 912 
8189 1449 
8190 114 
8190 10 
8261 1343 
8369 1146 
8412 61 
8425 1419 
8457 1040 
8457 30796 
8494 319 
8504 557 
8508 43 
8511 2477 
8518 397 
8520 23 
8594 1741 
8661 36 
8664 546 
8726 686 
8760 168 
8768 317 
8785 779 
8798 431 
8807 175 
8816 412 
8851 212 
8863 358 
8865 331 
8894 862 
8899 1365 
8910 349 
8986 700 
9004 200 
9013 1189 
9040 627 
9058 552 
9101 256 
9126 96 
9139 271 
9168 1258 
9168 2750 
9185 2027 
9245 2065 
9303 23 
9320 502 
9348 1342 
9364 3471 
9369 434 
9372 2128 
9385 752 
9402 671 
9483 1986 
9487 14201 
9488 1121 
9502 480 
9516 408 
9542 226 
9552 606 
9609 863 
9612 1733 
9613 758 
9620 54 
9623 1155 
9626 1354 
9637 444 
9656 2466 
9674 578 
9719 408 
9770 610 
9774 2063 
9777 1159 
9800 1020 
9805 4513 
9815 746 
9817 1322 
9857 622 
9950 785 
9952 961 
9993 14 
10013 118 
10046 120 
10098 260 
10126 934 
10206 56 
10215 176 
10217 539 
10233 1090 
10253 954 
10258 579 
10268 223 
10269 80 
10292 275 
10296 627 
10310 77 
10312 874 
10326 994 
10351 1143 
10376 412 
10387 90 
10388 41030 
10410 550 
10417 1299 
10476 786 
10495 43 
10497 5147 
10545 2606 
10563 296 
10571 1193 
10580 560 
10588 630 
10599 209 
10676 39 
10722 161 
10783 352 
10791 5538 
10839 1710 
10858 283 
10878 2517 
10891 1174 
10934 442 
10965 43 
10992 685 
11022 8407 
11092 208 
11129 2909 
11130 159 
11140 600 
11186 661 
11246 10911 
11268 468 
11277 46 
11295 811 
11309 1614 
11326 56 
11358 381 
11429 1218 
11435 407 
11445 593 
11473 941 
11488 20 
11490 289 
11498 284 
11518 2044 
11616 635 
11653 1305 
11671 514 
11678 1707 
11690 962 
11734 601 
11738 2316 
11745 2344 
11768 366 
11780 222 
11797 161 
11807 307 
11822 569 
11824 649 
11842 322 
11864 573 
11878 835 
11890 640 
11913 1474 
11920 120 
11932 44 
11959 544 
11960 388 
12012 314 
12054 116 
12057 1264 
12060 332 
12085 843 
12093 981 
12105 1179 
12113 1837 
12126 153 
12211 70 
12334 110 
12370 200 
12401 2020 
12415 108 
12428 715 
12442 160 
12449 220 
12500 244 
12543 422 
12602 115 
12619 1981 
12630 716 
12636 752 
12641 3325 
12776 87 
12802 1961 
12818 198 
12841 439 
12846 289 
12939 973 
12946 2684 
12970 75 
12973 270 
12990 294 
13000 927 
13047 67 
13048 200 
13105 1277 
13111 287 
13174 1199 
13198 411 
13209 1478 
13229 138 
13232 747 
13240 580 
13261 71 
13271 1433 
13307 940 
13322 44 
13328 765 
13382 188 
13400 72 
13412 946 
13454 449 
13531 7040 
13577 898 
13581 1175 
13615 335 
13628 346 
13636 647 
13670 647 
13694 1242 
13695 358 
13721 2074 
13723 483 
13753 241 
13775 347 
13789 605 
13794 3513 
13899 1070 
13900 521 
13928 2306 
13938 2541 
13979 1990 
14002 1125 
14008 115 
14026 3657 
14055 63 
14056 4640 
14062 376 
14083 254 
14122 852 
14132 274 
14149 2307 
14154 1538 
14179 1207 
14195 151 
14199 2085 
14227 103 
14240 660 
14279 311 
14366 666 
14388 686 
14389 2651 
14394 313 
14394 1007 
14432 201 
14449 624 
14449 2075 
14450 2474 
14482 1029 
14509 1506 
14543 194 
14545 1401 
14553 886 
14562 445 
14583 322 
14607 492 
14630 593 
14635 303 
14703 2298 
14710 170 
14739 1559 
14770 299 
14798 3033 
14934 708 
14994 458 
15054 14 
15088 168 
15169 650 
15171 857 
15172 2127 
15175 132 
15204 2198 
15208 1806 
15253 1364 
15262 7610 
15264 2033 
15272 9048 
15282 524 
15335 559 
15357 1948 
15388 622 
15465 912 
15476 949 
15486 13893 
15504 941 
15514 1403 
15537 359 
15605 547 
15615 429 
15640 359 
15658 318 
15671 325 
15679 679 
15700 350 
15719 1882 
15732 410 
15777 267 
15779 228 
15805 18 
15814 3970 
15835 1091 
15876 111 
15895 1275 
15908 150 
15952 1373 
16013 1229 
16029 946 
16039 224 
16046 291 
16096 562 
16097 414 
16103 164 
16129 6186 
16136 994 
16139 343 
16165 447 
16166 226 
16173 963 
16176 335 
16176 3182 
16206 328 
16224 38 
16233 687 
16237 1115 
16263 1313 
16280 5145 
16302 326 
16311 1290 
16316 1780 
16364 233 
16368 3291 
16374 1543 
16375 83 
16381 1378 
16386 652 
16394 270 
16415 586 
16437 3619 
16458 393 
16469 11 
16490 383 
16499 289 
16527 239 
16537 1403 
16592 832 
16593 326 
16594 36 
16615 345 
16616 101 
16619 83 
16637 1178 
16640 428 
16652 312 
16658 1229 
16662 1323 
16671 2097 
16705 54 
16708 1533 
16720 595 
16772 111 
16779 319 
16782 1534 
16806 247 
16809 1279 
16811 2937 
16841 622 
16854 169 
16877 185 
16879 2774 
16884 536 
16889 20833 
16901 2226 
16910 14 
16921 785 
16946 735 
16967 285 
16970 338 
16986 2654 
16991 1964 
17022 113 
17052 182 
17056 2090 
17063 556 
17070 762 
17078 239 
17089 737 
17110 159 
17146 140 
17158 574 
17176 59 
17185 858 
17222 264 
17238 1057 
17253 1322 
17258 1242 
17301 528 
17310 189 
17319 520 
17320 1587 
17327 1259 
17328 51 
17344 1490 
17382 949 
17398 5218 
17442 469 
17463 14106 
17464 851 
17498 191 
17513 1799 
17517 847 
17532 793 
17584 63 
17588 299 
17606 360 
17610 297 
17692 1144 
17696 527 
17701 504 
17716 683 
17721 709 
17728 1054 
17730 765 
17731 657 
17748 3853 
17798 210 
17822 1256 
17840 88 
17888 440 
17920 596 
17920 832 
17932 1067 
17987 159 
17989 161 
17999 736 
18048 118 
18060 1079 
18072 1472 
18077 339 
18079 42 
18102 817 
18112 1331 
18114 59 
18129 127 
18149 1307 
18167 563 
18168 57 
18170 4277 
18171 99 
18174 285 
18183 1073 
18185 523 
18195 1304 
18213 334 
18215 1058 
18235 1611 
18254 1561 
18257 2001 
18265 833 
18327 845 
18329 1184 
18336 1623 
18339 436 
18339 1006 
18348 35 
18364 162 
18365 634 
18368 389 
18423 358 
18427 2299 
18427 1127 
18440 2427 
18443 452 
18447 2792 
18459 242 
18485 5847 
18517 176 
18519 987 
18581 277 
18612 1250 
18627 134 
18629 1229 
18629 657 
18645 2633 
18646 2937 
18648 1290 
18692 2611 
18695 63 
18708 507 
18712 15 
18734 81 
18734 572 
18736 189 
18743 788 
18785 1992 
18813 2395 
18837 453 
18847 319 
18872 1356 
18926 1179 
18933 478 
18933 105 
18940 1592 
18964 722 
18990 704 
18990 309 
19008 936 
19025 206 
19044 1035 
19064 1068 
19074 1110 
19095 3466 
19097 446 
19108 114 
19128 305 
19133 1279 
19140 329 
19144 126 
19151 1282 
19167 209 
19171 1145 
19222 648 
19240 2468 
19264 1734 
19308 66 
19336 305 
19339 976 
19363 711 
19370 254 
19374 251 
19376 171 
19390 731 
19414 1350 
19437 128 
19455 617 
19483 3981 
19484 3560 
19534 80 
19572 2 
19589 653 
19606 631 
19653 744 
19663 787 
19711 7138 
19734 976 
19744 45 
19744 45 
19753 4200 
19753 4200 
19768 993 
19768 993 
19776 326 
19776 326 
19787 378 
19787 378 
19792 98 
19792 98 
19800 4644 
19800 4644 
19839 20 
19839 20 
19867 103 
19881 35806 
19882 1536 
19900 130 
19904 3408 
19932 664 
19944 1548 
19949 133 
19963 2119 
19978 2234 
19996 1184 
20023 917 
20026 1928 
20029 366 
20031 921 
20042 847 
20058 769 
20068 3472 
20088 685 
20097 449 
20114 859 
20128 229 
20158 621 
20168 480 
20224 202 
20242 234 
20248 2 
20252 1181 
20279 682 
20285 743 
20332 547 
20335 1274 
20337 1869 
20338 386 
20343 1451 
20351 159 
20360 1099 
20368 1091 
20386 310 
20422 962 
20432 544 
20443 45 
20445 1120 
20458 115 
20477 1104 
20494 855 
20524 5309 
20553 1081 
20556 211 
20569 339 
20587 245 
20604 552 
20663 472 
20674 229 
20690 1104 
20696 46 
20709 445 
20727 350 
20732 826 
20758 446 
20761 51878 
20765 479 
20778 2578 
20790 786 
20798 720 
20809 262 
20823 740 
20824 92 
20824 244 
20838 238 
20844 910 
20845 89 
20866 3093 
20868 728 
20905 2600 
20911 1109 
20920 2007 
20924 199 
20931 282 
20943 1319 
20946 1426 
20971 67 
20981 1033 
20982 1294 
20989 1140 
20994 670 
21022 136 
21026 4795 
21037 369 
21043 1169 
21048 337 
21048 286 
21064 422 
21064 797 
21076 539 
21106 777 
21108 1000 
21129 1235 
21134 603 
21136 2460 
21183 630 
21257 1362 
21321 855 
21337 3601 
21367 2594 
21374 439 
21380 817 
21404 2641 
21405 2493 
21406 436 
21447 2738 
21473 365 
21476 159 
21499 647 
21520 4550 
21534 3882 
21556 1012 
21558 961 
21566 510 
21569 2164 
21580 593 
21587 1300 
21631 539 
21640 1083 
21645 367 
21660 88 
21660 1270 
21663 274 
21672 553 
21694 1075 
21731 275 
21754 1048 
21755 474 
21756 196 
21780 1376 
21806 2472 
21807 900 
21820 15738 
21825 239 
21856 1137 
21874 417 
21938 32 
21944 1784 
21944 354 
21950 83 
21951 1251 
21969 296 
22023 722 
22039 397 
22041 1281 
22078 932 
22100 635 
22110 666 
22133 133 
22154 1294 
22173 1243 
22176 1240 
22195 156 
22216 1401 
22227 360 
22255 498 
22258 248 
22345 99 
22353 660 
22359 757 
22366 1749 
22367 1084 
22380 166 
22406 1247 
22432 286 
22437 56 
22474 752 
22483 4151 
22488 593 
22501 11 
22533 763 
22555 1323 
22561 1194 
22578 301 
22578 866 
22582 334 
22585 140 
22591 1939 
22592 318 
22601 342 
22618 1322 
22633 577 
22635 1044 
22662 9255 
22662 9374 
22679 102 
22683 584 
22687 544 
22690 5258 
22693 11283 
22723 500 
22729 437 
22744 1017 
22747 1050 
22748 207 
22758 1520 
22787 1431 
22788 324 
22793 1876 
22804 1113 
22821 1427 
22825 594 
22829 334 
22829 572 
22848 485 
22859 364 
22863 137 
22867 1267 
22902 810 
22903 79 
22928 3267 
22931 2086 
22968 420 
22988 2179 
23004 75 
23006 238 
23047 245 
23114 731 
23145 810 
23152 618 
23167 1389 
23238 10 
23247 1018 
23250 11 
23251 429 
23297 1288 
23323 369 
23331 860 
23362 53 
23362 4449 
23372 26 
23392 5480 
23402 473 
23403 1580 
23419 1627 
23467 2301 
23489 927 
23489 161 
23499 938 
23513 4159 
23521 1233 
23534 957 
23584 213 
23589 21 
23589 1096 
23608 810 
23610 618 
23653 2512 
23655 483 
23659 2029 
23664 258 
23709 227 
23747 893 
23765 669 
23770 511 
23798 335 
23803 1060 
23828 3273 
23845 528 
23859 441 
23864 3250 
23864 2357 
23892 1070 
23902 1211 
23903 87 
23911 2476 
23984 631 
23986 641 
23987 1234 
24004 1034 
24004 1183 
24012 770 
24025 1201 
24035 1001 
24044 56 
24062 496 
24123 263 
24142 141 
24169 554 
24171 1417 
24171 976 
24181 58 
24201 1055 
24273 962 
24295 267 
24296 1369 
24330 721 
24390 1444 
24398 2791 
24402 295 
24412 24 
24440 1441 
24458 774 
24480 9241 
24487 869 
24519 2090 
24525 1256 
24529 726 
24534 1427 
24536 1585 
24548 436 
24560 250 
24574 1164 
24578 329 
24583 20 
24593 1845 
24596 483 
24598 1995 
24615 485 
24621 186 
24637 471 
24645 824 
24708 1188 
24742 2527 
24742 25 
24752 715 
24791 83 
24831 943 
24854 177 
24872 539 
24877 1639 
24887 458 
24911 496 
24914 1298 
24957 2504 
24980 859 
24982 357 
24987 970 
24995 937 
25001 2975 
25018 264 
25028 11483 
25029 130 
25037 1029 
25131 98 
25143 712 
25149 1436 
25172 746 
25174 447 
25183 192 
25186 59 
25213 48 
25260 2395 
25278 1359 
25313 488 
25330 1504 
25332 183 
25379 584 
25380 192 
25402 1255 
25402 801 
25443 571 
25452 1006 
25496 40 
25521 1299 
25527 142 
25573 2590 
25577 227 
25581 321 
25588 557 
25601 3624 
25618 1081 
25630 633 
25670 889 
25689 1363 
25698 397 
25704 5254 
25720 1909 
25729 1061 
25741 337 
25763 273 
25774 164 
25776 2617 
25800 352 
25811 1399 
25815 316 
25829 2435 
25855 2277 
25865 293 
25925 137 
25930 100 
25940 739 
25956 327 
25989 133 
25997 830 
26003 1731 
26025 291 
26028 1195 
26040 519 
26061 379 
26068 664 
26071 1172 
26077 382 
26109 2931 
26152 1017 
26163 915 
26172 929 
26225 4801 
26260 2577 
26297 1737 
26302 904 
26338 4383 
26360 1136 
26376 899 
26396 1214 
26404 137 
26439 758 
26449 4 
26474 36 
26484 301 
26486 837 
26530 211 
26536 1410 
26560 1120 
26588 1442 
26605 960 
26606 1427 
26630 720 
26635 293 
26700 463 
26737 328 
26747 797 
26778 709 
26792 1376 
26799 634 
26808 756 
26838 448 
26846 1119 
26855 3223 
26869 2154 
26871 1310 
26878 298 
26891 275 
26896 3226 
26905 679 
26931 977 
26931 544 
26957 413 
26997 21 
27009 591 
27025 1564 
27032 1326 
27043 1595 
27076 73 
27100 366 
27116 87 
27119 3025 
27133 2297 
27135 186 
27137 453 
27174 932 
27178 431 
27194 1434 
27203 2061 
27246 1590 
27251 1943 
27261 548 
27271 527 
27283 252 
27292 1458 
27295 1167 
27304 837 
27306 2186 
27352 540 
27380 381 
27385 2506 
27399 687 
27407 150 
27430 749 
27430 12 
27455 373 
27476 1985 
27482 230 
27483 228 
27486 2755 
27507 1789 
27535 453 
27536 961 
27541 321 
27549 5 
27573 1548 
27574 53 
27586 2006 
27610 923 
27642 654 
27643 259 
27643 642 
27643 436 
27668 312 
27676 2874 
27682 549 
27736 371 
27739 1272 
27750 219 
27757 571 
27761 113 
27764 1660 
27770 562 
27778 1416 
27780 1441 
27784 665 
27807 1222 
27818 352 
27823 499 
27865 328 
27875 105 
27900 595 
27909 2275 
27950 684 
27956 3645 
27978 591 
27991 106 
27993 2625 
27996 1901 
28017 145 
28025 839 
28031 252 
28034 1803 
28084 459 
28110 1903 
28143 159 
28156 1623 
28157 1201 
28183 1051 
28184 760 
28188 1702 
28193 895 
28221 1136 
28233 167 
28249 1393 
28286 8029 
28300 1168 
28324 540 
28330 104 
28352 380 
28356 736 
28359 1020 
28387 1174 
28453 435 
28465 1090 
28471 31 
28473 1095 
28487 623 
28519 1390 
28523 542 
28536 613 
28543 513 
28576 211 
28600 302 
28626 202 
28634 1749 
28635 1583 
28638 322 
28662 1192 
28667 1372 
28686 1015 
28689 632 
28745 1028 
28750 661 
28751 118 
28771 643 
28773 62 
28778 1184 
28790 216 
28843 1157 
28861 1689 
28897 339 
28906 377 
28921 288 
28929 2610 
28944 50 
28952 239 
29001 560 
29012 1248 
29023 476 
29033 1186 
29035 8 
29039 702 
29041 280 
29041 1350 
29055 1649 
29062 174 
29088 1190 
29091 454 
29092 507 
29095 1412 
29097 282 
29133 277 
29140 89 
29142 766 
29160 4108 
29161 68 
29167 1717 
29170 170 
29199 796 
29220 836 
29232 1644 
29243 480 
29250 1288 
29266 302 
29268 461 
29270 1617 
29292 457 
29333 226 
29347 190 
29354 14 
29366 770 
29377 2527 
29380 1460 
29398 670 
29413 4506 
29413 351 
29475 424 
29493 136 
29497 1026 
29499 153 
29508 112 
29544 94 
29557 1632 
29598 1500 
29600 701 
29617 2031 
29700 86 
29718 14 
29745 752 
29770 682 
29788 902 
29788 8074 
29796 1346 
29832 1176 
29847 584 
29861 917 
29866 992 
29868 268 
29874 1056 
29909 340 
29914 730 
29946 1523 
29965 4689 
29968 222 
29984 365 
30092 588 
30116 1823 
30149 826 
30157 1520 
30162 1616 
30166 70 
30207 1188 
30213 243 
30230 1081 
30312 535 
30343 522 
30352 94 
30354 364 
30366 2491 
30386 1628 
30387 2801 
30390 968 
30404 847 
30419 2055 
30445 260 
30447 9864 
30456 117 
30464 1342 
30465 1484 
30470 253 
30488 25 
30509 1567 
30550 321 
30575 2740 
30582 801 
30586 1851 
30616 235 
30621 117 
30622 1639 
30632 1804 
30648 1018 
30665 871 
30680 3517 
30727 1225 
30772 2793 
30790 1035 
30810 1294 
30825 613 
30844 1170 
30883 1036 
30883 29 
30888 1529 
30938 539 
30941 525 
30984 617 
30988 73 
31011 471 
31038 59 
31045 1644 
31070 378 
31087 867 
31109 301 
31112 1026 
31130 811 
31140 1447 
31143 52 
31148 481 
31158 1289 
31190 920 
31209 540 
31233 1913 
31243 798 
31295 2038 
31340 765 
31358 182 
31360 426 
31387 834 
31392 3724 
31472 1048 
31486 517 
31508 436 
31511 257 
31526 1510 
31537 449 
31567 202 
31568 1373 
31593 48 
31600 1030 
31619 2437 
31621 1006 
31622 319 
31623 859 
31648 442 
31656 373 
31657 1230 
31663 326 
31665 520 
31682 99 
31686 917 
31708 1154 
31765 514 
31777 472 
31802 879 
31820 7764 
31841 181 
31859 1277 
31869 53 
31880 6968 
31883 1448 
31890 126 
31907 1398 
31915 99 
31930 1366 
31937 581 
31940 999 
31993 257 
32006 1634 
32008 108 
32029 1211 
32030 805 
32046 1552 
32049 711 
32058 730 
32072 1371 
32074 1941 
32095 694 
32106 915 
32106 255 
32122 2765 
32137 1306 
32140 7617 
32196 2687 
32216 142 
32217 181 
32226 727 
32229 781 
32253 36 
32264 1431 
32273 1259 
32280 33 
32331 375 
32339 711 
32343 235 
32344 275 
32350 828 
32372 336 
32377 1206 
32425 19 
32518 24 
32558 1146 
32562 1224 
32612 1051 
32628 1287 
32641 246 
32691 1635 
32699 159 
32717 320 
32721 1182 
32752 57 
32772 85 
32772 190 
32779 12 
32794 2346 
32838 1092 
32840 7890 
32842 326 
32844 1016 
32862 1168 
32863 439 
32872 305 
32887 109 
32911 577 
32920 269 
32921 145 
32946 145 
32960 865 
33047 594 
33069 508 
33073 61 
33076 1236 
33129 72 
33160 1164 
33161 1230 
33162 710 
33162 87 
33171 63 
33177 2941 
33193 2586 
33219 129 
33233 929 
33240 2890 
33240 2890 
33262 1082 
33262 1082 
33277 260 
33277 260 
33279 830 
33279 830 
33284 2933 
33284 2933 
33333 1314 
33350 911 
33358 1397 
33368 171 
33385 1173 
33390 1183 
33404 2651 
33414 66 
33458 1265 
33464 1700 
33467 959 
33501 1027 
33501 578 
33508 840 
33509 835 
33518 418 
33536 110 
33572 434 
33578 2474 
33579 639 
33583 1123 
33605 1035 
33612 672 
33641 2186 
33653 5115 
33674 469 
33686 1459 
33691 4 
33694 833 
33736 677 
33740 124 
33741 1208 
33745 1707 
33760 730 
33775 771 
33778 107 
33803 2153 
33809 62 
33818 366 
33836 182 
33848 352 
33849 1035 
33884 36 
33896 1899 
33911 6118 
33941 1119 
33974 1598 
34020 1482 
34030 134 
34040 1508 
34052 1717 
34061 286 
34078 931 
34087 2405 
34089 2055 
34140 294 
34143 3758 
34143 403 
34151 2789 
34159 4644 
34162 461 
34179 134 
34187 352 
34190 1416 
34192 181 
34201 721 
34215 3336 
34224 849 
34236 1245 
34237 431 
34257 3591 
34277 1033 
34281 2827 
34289 193 
34304 3320 
34305 374 
34305 563 
34306 778 
34310 5256 
34327 2616 
34336 1226 
34337 2220 
34343 322 
34345 1000 
34376 694 
34384 335 
34388 2075 
34388 1931 
34388 404 
34390 2362 
34412 253 
34431 150 
34461 338 
34467 1232 
34471 105 
34483 620 
34493 915 
34496 261 
34514 7 
34527 1441 
34532 227 
34536 41 
34548 1210 
34553 795 
34562 774 
34569 518 
34580 3733 
34591 23 
34606 989 
34632 506 
34632 1036 
34634 1511 
34644 835 
34658 712 
34686 418 
34703 338 
34709 2958 
34711 768 
34715 87 
34724 913 
34727 44 
34741 419 
34743 308 
34770 40 
34796 580 
34806 1078 
34836 1627 
34866 584 
34874 97 
34906 2074 
34958 2531 
34959 1310 
34964 1126 
34998 776 
34999 6238 
35005 1204 
35018 384 
35025 546 
35038 60 
35045 312 
35055 3619 
35102 335 
35122 79 
35122 9223 
35124 556 
35127 1126 
35146 2446 
35215 646 
35235 1146 
35240 946 
35262 1895 
35268 748 
35276 156 
35280 1637 
35281 92 
35284 225 
35318 258 
35322 1018 
35324 52 
35333 15668 
35359 341 
35361 1169 
35363 607 
35374 764 
35374 240 
35408 312 
35438 57 
35443 1728 
35444 1000 
35460 1200 
35460 25 
35484 681 
35504 33 
35531 487 
35554 555 
35562 1822 
35568 1147 
35588 72 
35590 1038 
35599 1082 
35601 308 
35605 656 
35628 320 
35630 5229 
35659 803 
35663 458 
35684 153 
35687 1181 
35707 37 
35731 2736 
35748 46008 
35762 107 
35771 1293 
35808 427 
35857 915 
35864 7878 
35866 400 
35872 29 
35873 356 
35880 224 
35882 346 
35915 92 
35954 2692 
36015 257 
36022 215 
36022 1653 
36031 1685 
36036 208 
36037 83 
36068 104 
36077 173 
36085 1467 
36088 1914 
36089 535 
36095 506 
36104 450 
36106 138 
36107 193 
36120 975 
36131 16 
36169 384 
36178 688 
36181 2945 
36223 2008 
36227 613 
36231 85 
36240 140 
36244 680 
36262 37 
36270 738 
36324 253 
36343 433 
36345 1351 
36348 1554 
36351 4590 
36355 1542 
36357 1133 
36379 947 
36424 1227 
36425 718 
36434 148 
36436 1708 
36442 354 
36448 2776 
36470 558 
36475 906 
36487 633 
36497 2403 
36500 90 
36507 779 
36639 279 
36660 516 
36692 240 
36696 1385 
36699 205 
36708 583 
36713 98 
36715 272 
36718 4002 
36735 782 
36738 61 
36780 980 
36785 850 
36788 135 
36816 759 
36841 935 
36865 3431 
36881 666 
36885 1521 
36904 299 
36927 2439 
36945 1108 
36953 2097 
36965 483 
36968 188 
36980 2298 
36996 1505 
37055 830 
37072 2826 
37074 14840 
37086 116 
37091 306 
37138 1219 
37138 171 
37140 56 
37145 1138 
37146 826 
37168 562 
37175 574 
37206 1624 
37212 2015 
37212 1076 
37229 82 
37230 369 
37248 57 
37266 215 
37269 110 
37310 249 
37310 335 
37357 1156 
37388 63 
37395 38 
37446 4034 
37448 278 
37458 678 
37490 98 
37505 135 
37509 689 
37544 728 
37560 96 
37582 808 
37587 139 
37594 706 
37599 801 
37601 9948 
37622 901 
37671 23 
37693 120 
37739 3308 
37744 1256 
37756 596 
37770 185 
37775 11500 
37801 371 
37821 1164 
37830 2616 
37831 1147 
37846 1339 
37853 584 
37873 1529 
37895 11 
37918 1324 
37922 823 
37927 601 
37939 1397 
37967 184 
37994 1133 
38011 527 
38051 637 
38063 380 
38097 821 
38098 545 
38099 396 
38104 697 
38121 104 
38150 1681 
38165 1147 
38167 388 
38180 1449 
38190 115 
38194 431 
38201 50 
38230 560 
38235 199 
38264 46081 
38271 318 
38271 156 
38277 1016 
38313 569 
38319 1523 
38373 878 
38402 366 
38441 4323 
38461 691 
38470 1615 
38512 878 
38513 147 
38518 1241 
38523 339 
38533 267 
38536 812 
38555 274 
38562 76 
38592 1326 
38594 330 
38598 143 
38600 194 
38621 1001 
38634 2697 
38636 2987 
38643 1473 
38669 347 
38673 58 
38696 2040 
38706 5209 
38730 3488 
38736 1187 
38736 2015 
38749 685 
38754 1003 
38761 153 
38767 1665 
38785 365 
38791 948 
38816 926 
38826 525 
38826 451 
38833 23 
38841 2122 
38856 3191 
38892 2127 
38929 408 
38938 701 
38972 756 
38991 1631 
39022 5441 
39027 558 
39049 4051 
39067 409 
39075 153 
39075 262 
39076 209 
39083 170 
39096 2242 
39108 1700 
39136 2861 
39155 707 
39169 120 
39183 729 
39197 48 
39204 84 
39207 822 
39217 280 
39222 127 
39226 1593 
39241 4628 
39254 8 
39266 184 
39279 324 
39282 52 
39288 1877 
39304 1319 
39324 1587 
39375 730 
39381 2069 
39388 1073 
39432 4972 
39442 90 
39444 211 
39454 3027 
39479 1274 
39500 18 
39514 10081 
39521 347 
39525 512 
39527 305 
39542 1084 
39546 11655 
39581 223 
39603 475 
39606 1264 
39612 859 
39619 2584 
39662 417 
39667 2057 
39690 219 
39705 5030 
39705 241 
39708 815 
39720 6403 
39759 143 
39767 326 
39768 230 
39768 284 
39777 99 
39779 2024 
39797 370 
39816 1363 
39820 154 
39827 305 
39833 577 
39837 3984 
39850 787 
39858 2314 
39859 762 
39930 2604 
39937 749 
39977 374 
39998 3132 
40017 847 
40033 1786 
40043 1303 
40058 889 
40062 2307 
40096 325 
40106 147 
40108 1445 
40121 83 
40128 486 
40139 1204 
40191 109 
40209 14 
40226 30 
40234 132 
40246 1445 
40254 239 
40264 103 
40346 477 
40357 39 
40406 661 
40407 828 
40413 38 
40440 249 
40442 3861 
40496 1154 
40507 891 
40515 4193 
40547 1023 
40552 2722 
40647 2076 
40662 4416 
40666 543 
40672 1508 
40676 6622 
40681 824 
40687 980 
40716 796 
40727 192 
40735 1218 
40767 955 
40776 2473 
40801 495 
40804 1882 
40817 95 
40874 825 
40896 1850 
40904 375 
40917 214 
40973 514 
40977 856 
40977 964 
40981 22 
41010 1984 
41022 39 
41023 1157 
41026 765 
41040 36 
41058 131 
41060 2135 
41107 915 
41119 3554 
41121 397 
41155 256 
41157 744 
41161 302 
41219 575 
41221 298 
41249 120 
41325 413 
41355 204 
41379 144 
41422 178 
41427 478 
41429 68 
41437 1173 
41453 64 
41477 35 
41494 1309 
41501 22 
41509 775 
41524 61 
41526 2411 
41528 323 
41534 1096 
41539 935 
41544 5373 
41550 752 
41583 9 
41631 2693 
41638 803 
41662 542 
41675 130 
41683 813 
41687 5792 
41691 1109 
41711 382 
41711 867 
41712 309 
41734 1035 
41734 559 
41748 312 
41762 2234 
41777 1132 
41831 250 
41842 378 
41845 564 
41848 712 
41853 226 
41854 268 
41858 808 
41869 493 
41909 449 
41930 127 
41971 2189 
41979 1538 
42002 564 
42009 442 
42011 118 
42030 1594 
42071 229 
42079 1277 
42088 23 
42092 2886 
42096 1238 
42109 368 
42124 681 
42149 508 
42162 753 
42179 1560 
42213 848 
42232 592 
42235 92 
42236 359 
42243 968 
42251 1708 
42252 1482 
42266 100 
42303 3086 
42327 166 
42356 235 
42358 209 
42361 956 
42364 2506 
42373 801 
42379 624 
42405 880 
42422 1034 
42425 1105 
42436 1293 
42460 571 
42470 505 
42478 623 
42486 249 
42517 923 
42519 120 
42521 231 
42524 77 
42525 1736 
42530 4 
42541 1355 
42554 796 
42560 226 
42589 291 
42632 485 
42673 2968 
42694 791 
42722 22 
42749 404 
42750 387 
42754 132 
42761 2525 
42779 898 
42807 1490 
42853 580 
42873 538 
42889 691 
42898 591 
42902 753 
42908 1485 
42917 159 
42942 263 
42960 147 
42967 1321 
42971 1658 
42981 60 
42982 1784 
43008 1890 
43043 8 
43048 37 
43051 2337 
43064 167 
43082 1236 
43091 174 
43115 888 
43124 2413 
43144 1120 
43157 12 
43176 41 
43181 550 
43189 1852 
43199 405 
43226 1121 
43231 2121 
43236 5745 
43266 1484 
43291 851 
43313 3260 
43313 256 
43323 13 
43334 148 
43336 803 
43341 875 
43367 1366 
43383 60 
43387 1521 
43405 1047 
43433 169 
43440 527 
43464 550 
43505 998 
43511 216 
43516 8932 
43527 860 
43535 255 
43550 61 
43557 1041 
43562 1255 
43572 2421 
43579 62 
43586 745 
43593 3432 
43596 2895 
43619 198 
43632 7233 
43651 114 
43653 301 
43653 1187 
43674 76 
43675 189 
43688 190 
43740 14 
43751 11 
43774 794 
43781 4108 
43791 598 
43796 48 
43804 94 
43805 2813 
43854 5173 
43855 529 
43886 255 
43891 399 
43899 880 
43904 18 
43923 646 
43943 1921 
43954 649 
43960 1292 
43962 211 
43978 305 
44010 114 
44012 244 
44024 2784 
44030 125 
44049 728 
44050 97 
44078 2145 
44089 7128 
44093 1035 
44110 383 
44140 518 
44179 5573 
44188 179 
44191 342 
44193 3401 
44223 217 
44338 228 
44350 1219 
44436 565 
44511 398 
44522 1253 
44528 1013 
44543 660 
44553 310 
44558 342 
44583 417 
44590 262 
44605 854 
44636 780 
44667 532 
44670 691 
44685 431 
44705 1630 
44708 1274 
44714 89 
44739 1160 
44768 1144 
44799 24 
44873 143 
44889 3419 
44896 1091 
44898 965 
44900 576 
44904 420 
44913 361 
44916 280 
44921 405 
44934 681 
45019 222 
45034 1127 
45040 454 
45061 1390 
45076 50 
45109 686 
45111 1412 
45158 3353 
45193 287 
45193 246 
45218 598 
45242 414 
45253 269 
45265 110 
45284 1092 
45290 739 
45335 334 
45386 2190 
45386 1155 
45388 338 
45391 21 
45418 1082 
45443 497 
45466 1416 
45473 947 
45475 772 
45489 656 
45496 3717 
45520 191 
45536 546 
45538 1399 
45559 605 
45562 6382 
45571 203 
45610 1559 
45614 10759 
45615 4805 
45617 574 
45620 286 
45627 167 
45629 489 
45635 982 
45661 254 
45666 105 
45673 446 
45727 200 
45731 555 
45738 137 
45741 604 
45765 2376 
45779 1393 
45780 208 
45797 104 
45801 81 
45818 1605 
45847 346 
45849 2231 
45861 271 
45874 1271 
45876 380 
45893 191 
45896 163 
45901 1595 
45911 817 
45913 19 
45913 154 
45922 1585 
45930 1331 
45941 2187 
45952 102 
45964 266 
45972 2775 
45975 204 
45979 1089 
45986 76 
46025 201 
46047 192 
46060 518 
46067 540 
46097 893 
46107 181 
46127 233 
46134 6364 
46152 1057 
46153 98 
46198 215 
46203 59 
46260 228 
46264 382 
46305 3351 
46308 1620 
46379 158 
46388 1186 
46401 246 
46477 1199 
46477 334 
46489 1269 
46551 1298 
46559 467 
46578 213 
46595 753 
46602 1557 
46634 395 
46665 1761 
46689 304 
46701 4667 
46704 440 
46708 676 
46713 151 
46723 432 
46730 1831 
46735 1371 
46737 590 
46749 893 
46755 2273 
46773 425 
46784 293 
46787 310 
46795 1363 
46798 27 
46804 511 
46813 1273 
46826 1322 
46835 151 
46859 688 
46884 1308 
46884 155 
46903 1123 
46962 176 
47021 30 
47029 281 
47044 389 
47048 1604 
47100 628 
47128 183 
47138 402 
47216 141 
47224 1066 
47231 1012 
47255 117 
47312 228 
47315 953 
47334 289 
47435 965 
47441 1735 
47444 305 
47447 1113 
47448 286 
47462 1020 
47487 945 
47496 564 
47516 1342 
47551 936 
47560 622 
47572 468 
47588 495 
47590 261 
47619 123 
47667 1160 
47691 1392 
47702 390 
47702 259 
47719 1121 
47721 1986 
47734 33 
47739 590 
47786 94 
47786 94 
47787 139 
47787 139 
47790 1384 
47790 1384 
47820 662 
47829 111 
47833 4374 
47842 962 
47851 105 
47877 1473 
47890 602 
47898 132 
47907 1214 
47921 53 
47943 14 
47945 988 
47958 860 
48017 4886 
48039 931 
48051 405 
48067 1091 
48083 227 
48091 105 
48099 1519 
48117 602 
48133 3704 
48151 602 
48181 1198 
48204 656 
48233 1619 
48254 543 
48265 1629 
48268 259 
48330 2012 
48342 708 
48469 285 
48520 128 
48533 950 
48546 736 
48555 260 
48564 2060 
48592 103 
48593 951 
48613 1349 
48616 565 
48637 878 
48645 2351 
48647 1896 
48693 244 
48726 1255 
48746 339 
48780 1358 
48797 191 
48806 573 
48827 364 
48882 587 
48896 1177 
48967 859 
48985 627 
49001 8853 
49012 225 
49018 432 
49052 47 
49053 4010 
49072 925 
49082 228 
49096 852 
49120 145 
49122 380 
49157 928 
49161 638 
49201 644 
49218 47 
49226 584 
49230 190 
49246 130 
49283 496 
49321 503 
49333 1282 
49357 661 
49374 1653 
49405 916 
49429 817 
49441 220 
49488 15 
49508 447 
49522 326 
49585 747 
49600 134 
49648 146 
49648 271 
49650 771 
49689 634 
49696 1053 
49709 540 
49714 247 
49718 10 
49732 1609 
49733 865 
49742 1072 
49748 609 
49775 341 
49821 785 
49849 402 
49922 13 
49959 308 
49998 2663 
50008 832 
50011 1592 
50014 445 
50021 711 
50038 217 
50050 554 
50057 1362 
50095 391 
50099 418 
50113 527 
50119 416 
50157 784 
50159 198 
50176 1187 
50181 79 
50189 833 
50223 2463 
50281 432 
50295 447 
50301 113 
50352 873 
50366 238 
50368 1095 
50376 533 
50379 757 
50381 1392 
50405 752 
50414 3305 
50453 1593 
50468 741 
50471 26 
50474 530 
50492 654 
50502 29383 
50533 17366 
50536 554 
50554 282 
50575 1036 
50600 485 
50610 18660 
50651 185 
50664 949 
50675 3362 
50678 158 
50679 1843 
50698 572 
50701 1457 
50740 441 
50747 185 
50756 18 
50758 104 
50766 233 
50775 57 
50804 151 
50835 431 
50895 1071 
50905 490 
50917 2424 
50922 597 
50978 1446 
50979 173 
50982 355 
50988 526 
51002 91 
51009 489 
51033 22 
51077 43 
51096 1694 
51103 500 
51112 6373 
51113 496 
51134 247 
51147 164 
51149 677 
51182 745 
51205 203 
51236 1081 
51282 761 
51291 209 
51384 160 
51387 1245 
51413 285 
51423 2347 
51484 605 
51521 1257 
51565 8 
51566 757 
51620 369 
51654 194 
51717 591 
51754 199 
51755 706 
51768 221 
51799 71 
51799 113 
51855 1212 
51872 18 
51876 550 
51907 689 
51914 1209 
51915 8117 
51943 445 
51987 984 
51989 3196 
52005 3850 
52078 639 
52114 150 
52159 377 
52169 1184 
52188 461 
52194 49 
52231 184 
52264 3186 
52271 1202 
52287 431 
52320 217 
52354 1326 
52354 159 
52373 449 
52376 1871 
52385 280 
52392 1116 
52414 30 
52416 249 
52418 176 
52540 349 
52586 440 
52588 290 
52589 204 
52627 68 
52634 1806 
52664 1536 
52673 423 
52712 61 
52722 286 
52733 476 
52778 109 
52795 3556 
52814 189 
52849 15 
52872 1001 
52879 353 
52882 87 
52964 618 
52976 267 
52994 1568 
53037 10360 
53058 1396 
53077 19 
53088 6820 
53094 500 
53109 356 
53114 18 
53117 439 
53187 204 
53215 409 
53252 314 
53253 2750 
53318 1437 
53378 474 
53403 108 
53406 1033 
53427 16 
53443 8349 
53443 15 
53449 1262 
53456 29 
53499 623 
53525 429 
53561 12 
53610 23 
53692 211 
53775 76 
53826 623 
53829 441 
53834 6131 
53834 655 
53846 1071 
53860 417 
53878 847 
53880 275 
53889 242 
53931 866 
53980 434 
53991 432 
54019 438 
54025 110 
54046 241 
54053 568 
54063 437 
54077 166 
54080 138 
54090 232 
54100 509 
54100 101 
54108 1006 
54144 645 
54152 705 
54186 2861 
54210 10 
54229 279 
54238 843 
54272 875 
54279 575 
54320 1038 
54330 2876 
54362 1169 
54391 111 
54410 1581 
54419 1442 
54484 513 
54519 4325 
54522 361 
54533 1909 
54539 1177 
54560 5103 
54562 122 
54567 544 
54582 32 
54591 907 
54600 2102 
54633 296 
54672 1239 
54775 1400 
54784 943 
54790 141 
54795 1693 
54806 153 
54819 622 
54899 883 
54920 1133 
54943 238 
54974 1622 
54980 153 
54996 69 
55043 11126 
55044 260 
55046 1856 
55048 784 
55049 86 
55055 462 
55074 1238 
55080 166 
55096 1105 
55113 340 
55122 1150 
55155 563 
55173 62 
55192 1969 
55200 274 
55200 816 
55246 518 
55269 443 
55291 275 
55322 2192 
55338 294 
55342 38 
55353 1054 
55357 520 
55421 525 
55436 5 
55442 525 
55470 79 
55494 146 
55496 955 
55502 368 
55547 93 
55550 588 
55554 490 
55555 185 
55568 487 
55591 114 
55614 278 
55624 1219 
55639 681 
55669 1196 
55678 156 
55678 54 
55691 1071 
55783 1751 
55800 887 
55800 3841 
55816 366 
55837 110 
55870 57 
55993 173 
56011 984 
56018 8949 
56041 266 
56077 50 
56132 1247 
56135 152 
56147 597 
56186 1258 
56205 70 
56258 1513 
56336 2820 
56349 2277 
56380 1318 
56393 130 
56408 553 
56408 2046 
56420 57 
56438 78 
56444 902 
56510 335 
56523 10 
56525 92 
56546 518 
56559 1200 
56604 371 
56620 1471 
56634 450 
56647 5682 
56725 95 
56759 16 
56764 76 
56894 569 
56915 298 
57012 1255 
57026 1233 
57073 415 
57078 17 
57090 247 
57215 117 
57267 1251 
57314 553 
57403 299 
57448 599 
57463 794 
57534 429 
57546 230 
57566 8761 
57690 1469 
57715 588 
57811 990 
57827 568 
57837 1116 
57841 2968 
57871 737 
57899 1198 
57943 752 
57965 1777 
57974 771 
57999 290 
58185 4329 
58189 1347 
58262 1048 
58412 1025 
58505 339 
58599 1363 
58844 138 
58976 373 
59293 1101 
60333 965 
60510 116 
60511 2079 
60546 455 
60608 1818 
60620 507 
60686 543 
60695 362 
60717 438 
60726 342 
60740 133 
60744 1936 
60748 66 
60786 1781 
60796 1559 
60806 1778 
60822 1031 
60848 618 
60866 119 
60873 105 
60881 164 
60883 907 
60885 1244 
60922 19 
60954 83 
60969 1958 
61000 119 
61030 1236 
61052 614 
61074 407 
61083 249 
61145 4103 
61163 322 
61171 7588 
61214 568 
61225 332 
61252 528 
61255 43 
61267 1860 
61273 691 
61273 424 
61316 22 
61324 1122 
61342 1043 
61351 5314 
61354 335 
61374 1121 
61391 509 
61398 283 
61486 635 
61514 1213 
61522 1206 
61549 2381 
61565 181 
61575 1307 
61584 1836 
61586 1155 
61608 18400 
61624 2851 
61636 1176 
61645 1161 
61719 838 
61726 4145 
61728 54 
61731 693 
61782 769 
61820 91 
61840 1045 
61844 145 
61850 175 
61880 982 
61946 3340 
61963 1467 
62026 1239 
62114 114 
62155 571 
62178 345 
62253 1009 
62276 2060 
62306 785 
62306 785 
62316 1504 
62316 1504 
62317 929 
62317 929 
62405 783 
62525 304 
62633 1605 
62652 1587 
62663 74 
62683 1198 
62717 567 
62726 639 
62737 530 
62795 317 
62808 306 
62822 261 
62843 155 
62904 788 
62910 1252 
62914 1670 
62960 1324 
63051 5931 
63062 1057 
63071 259 
63076 1724 
63083 647 
63087 1693 
63090 7029 
63136 764 
63154 2 
63196 375 
63205 1861 
63209 415 
63297 19 
63314 549 
63372 1171 
63431 474 
63467 202 
63600 956 
63624 177 
63760 480 
63791 1428 
63863 379 
63882 901 
63914 839 
63927 2904 
63928 759 
64013 155 
64021 244 
64176 1844 
64246 1408 
64253 4088 
64257 2185 
64364 418 
64458 1175 
64487 993 
64539 1068 
64589 1320 
64600 356 
64666 166 
64674 667 
64690 1572 
64717 1261 
64731 154 
64757 750 
64792 338 
64921 771 
64924 1054 
64925 874 
64944 2635 
64952 397 
65087 637 
65094 532 
65122 238 
65133 160 
65151 2113 
65152 1541 
65258 372 
65284 2447 
65286 124 
65295 1317 
65510 2172 
65517 2435 
65527 3632 
65534 801 
65571 47 
65613 381 
65678 1237 
65680 1139 
65730 151 
65737 373 
65790 555 
65826 691 
65829 457 
65837 340 
65848 42 
65874 1082 
65946 1230 
65985 325 
66026 8649 
66076 1672 
66109 685 
66158 885 
66188 14 
66217 1026 
66263 515 
66269 590 
66269 432 
66278 201 
66280 622 
66416 1051 
66420 1114 
66447 1294 
66462 164 
66500 221 
66573 463 
66613 781 
66614 132 
66615 111 
66676 1402 
66701 1005 
66774 426 
66789 467 
66879 369 
66942 1027 
66980 788 
67008 2793 
67159 621 
67233 479 
67254 857 
67270 319 
67281 1377 
67434 625 
67446 81 
67481 190 
67483 169 
67499 852 
67505 405 
67566 267 
67567 447 
67638 71 
67655 492 
67784 147 
67820 82 
67848 106 
67856 1133 
67929 877 
67942 447 
67951 207 
67969 361 
67993 286 
68014 680 
68016 1415 
68057 1221 
68155 596 
68189 2032 
68190 532 
68224 133 
68322 167 
68411 1609 
68422 167 
68454 173 
68537 416 
68674 1989 
68770 1906 
68804 517 
68838 600 
68887 131 
68894 359 
68917 1491 
68939 11 
69022 673 
69047 983 
69128 227 
69220 197 
69264 1005 
69447 479 
69462 35 
69524 105 
69531 353 
69541 404 
69615 447 
69647 215 
69886 185 
69892 1279 
69896 331 
69959 129 
70021 2061 
70039 2977 
70061 2668 
70078 797 
70094 1732 
70152 3633 
70198 3850 
70262 577 
70277 910 
70318 142 
70329 494 
70494 415 
70517 6025 
70527 949 
70683 1000 
70739 208 
70800 114 
70869 2071 
70886 1870 
70919 1530 
70957 996 
71093 420 
71094 3670 
71107 1131 
71165 1484 
71227 370 
71228 473 
71261 32 
71283 306 
71283 306 
71292 78 
71372 454 
71372 292 
71400 207 
71431 395 
71658 390 
71776 1033 
71825 809 
71891 2074 
71939 807 
72102 104 
72163 115 
72221 306 
72263 176 
72266 797 
72365 592 
72384 52 
72404 639 
72536 100 
72536 3217 
72553 472 
72696 158 
72732 1420 
72837 1217 
72991 761 
73006 218 
73045 531 
73064 7050 
73087 421 
73114 343 
73185 71 
73214 891 
73366 125 
73371 574 
73479 404 
73686 316 
73752 3501 
73857 1368 
73882 408 
73918 1086 
73971 105 
74023 1152 
74207 851 
74362 1042 
74551 625 
74595 632 
74665 1167 
74691 821 
74694 169 
74729 731 
74746 216 
74807 1549 
74906 71 
74958 90 
75067 40 
75160 531 
75322 597 
75384 1643 
75393 2539 
75404 1077 
75460 1951 
75495 658 
75534 406 
75601 355 
75639 810 
75663 252 
75680 1491 
75681 1501 
75709 581 
75717 110 
75756 91 
75763 248 
75810 193 
75998 55 
76258 1714 
76309 251 
76313 21 
76322 609 
76336 602 
76349 7498 
76366 7080 
76380 447 
76431 266 
76439 2245 
76466 1312 
76479 228 
76515 534 
76536 419 
76537 1216 
76583 842 
76588 345 
76614 352 
76721 687 
76726 9289 
76791 156 
76836 733 
76900 587 
76968 502 
77011 9 
77023 510 
77071 435 
77198 845 
77433 147 
77452 3795 
77472 19 
77602 102 
77673 4591 
77750 612 
77950 215 
78345 221 
78442 208 
78468 444 
78766 397 
78797 1595 
78999 1511 
79038 704 
79182 350 
79316 21 
79384 1584 
79585 2892 
79670 135 
79683 2554 
79770 729 
79893 572 
79909 440 
79930 335 
79969 201 
80169 608 
80200 671 
80211 217 
80269 11109 
80408 118 
80456 839 
80485 3593 
80594 72 
80623 620 
80763 1630 
80774 391 
81155 53 
81222 1850 
81230 4076 
81348 525 
81385 3675 
81409 502 
81488 936 
81645 1336 
81743 349 
81787 799 
82138 623 
82190 534 
82265 256 
82284 991 
82289 119 
82292 154 
82318 2244 
82355 260 
82400 833 
82580 847 
82882 1309 
82975 194 
83037 833 
83282 165 
83291 447 
83458 2350 
83563 93 
83631 79 
83632 428 
83638 1773 
83764 115 
83827 429 
83874 92 
83956 504 
83973 1137 
84095 181 
84151 298 
84193 228 
84231 47 
84236 495 
84238 440 
84287 285 
84314 363 
84417 1250 
84515 1316 
84586 1434 
84653 135 
84696 9176 
84718 832 
84775 1711 
84778 1154 
84836 1268 
84840 1299 
84842 1138 
84938 178 
84957 1021 
84961 294 
84981 21 
85001 1020 
85083 133 
85104 123 
85190 642 
85285 248 
85489 345 
85563 192 
85608 2572 
85665 14 
85676 112 
85740 15 
85741 823 
85921 1068 
85970 2198 
85973 428 
86026 322 
86041 6552 
86064 68 
86275 1206 
86288 138 
86353 270 
86363 1021 
86366 221 
86571 24 
86645 660 
86684 23 
86736 10 
86934 1366 
86955 89 
87167 595 
87930 127 
88006 797 
88039 980 
88055 604 
88499 342 
88627 901 
88700 1230 
88790 13 
88799 364 
89046 974 
89148 46 
89167 134 
89206 125 
89655 249 
89745 2 
89783 297 
89832 410 
90052 954 
90364 340 
90554 1660 
90563 143 
90631 546 
90734 931 
90766 256 
91018 638 
91231 30 
91380 175 
91448 318 
91572 1230 
91638 277 
91665 463 
91742 74 
91787 317 
91797 1265 
91818 646 
91962 616 
91984 1496 
92060 146 
92522 69 
92522 69 
92564 10 
92564 10 
92787 147 
92923 1643 
93001 1925 
93186 816 
93408 2242 
93565 308 
93572 1051 
93675 706 
93734 538 
94702 1683 
94735 147 
94920 369 
95424 291 
95455 788 
95747 412 
96131 203 
96137 1734 
96246 1276 
96447 1635 
96756 149 
96945 305 
97298 1263 
97413 410 
97510 119 
97622 1199 
97914 850 
98111 2254 
98163 233 
98451 1283 
98962 2486 
99545 477 
99739 1451 
99998 35 
100046 668 
101427 1513 
101753 1950 
101863 984 
102499 2277 
102860 492 
102919 1164 
103137 674 
103411 906 
104533 752 
104727 228 
106164 1442 
106392 937 
106403 3376 
106889 608 
107067 581 
107076 155 
107116 966 
107950 494 
107954 499 
108004 609 
108149 1117 
108272 971 
109205 588 
109948 1015 
110049 252 
110919 1262 
111146 852 
111574 517 
113270 1586 
113390 2762 
113752 406 
114135 351 
114185 1186 
114201 90 
114285 181 
114433 1127 
114974 2519 
115443 126 
115554 31 
116234 588 
116264 3702 
116382 1786 
117578 3327 
117810 1505 
118088 53 
118103 122 
118340 1789 
118551 225 
118629 3410 
118705 768 
118759 6565 
118875 1571 
119154 181 
119353 467 
119468 89 
119495 545 
119692 280 
120538 1634 
120590 320 
122258 2061 
122265 952 
122311 287 
122383 106 
122464 638 
122682 575 
122862 7434 
122900 1252 
122925 25 
123202 1180 
123300 1189 
123385 776 
123385 776 
123532 1406 
123544 1503 
123669 131 
123766 365 
123843 191 
123900 860 
123964 644 
124039 921 
124140 1569 
124145 877 
124277 811 
124305 125 
124373 762 
124617 583 
124730 243 
124875 11 
124921 114 
125001 498 
125063 135 
125125 111 
125458 22 
125539 358 
126039 7254 
126142 898 
126177 210 
126324 1096 
126362 591 
126736 1614 
126840 425 
126857 403 
126967 126 
126994 712 
127018 934 
127129 888 
127145 1301 
127177 282 
127289 69 
127515 870 
127515 899 
127686 333 
128036 674 
128072 1663 
128726 1279 
129028 237 
129133 210 
129137 247 
129264 304 
129941 563 
129968 664 
130007 1886 
130304 1919 
130469 547 
130516 816 
130657 240 
130970 443 
131014 292 
131495 294 
131748 5145 
131833 371 
131849 1885 
131907 682 
132105 192 
132246 230 
132416 1742 
132466 560 
132563 1114 
132574 1163 
132719 560 
132797 404 
132840 1123 
132968 1328 
133068 514 
133288 1082 
133294 612 
133310 512 
133595 119 
133757 378 
133900 156 
134093 733 
134104 109 
134290 794 
134304 632 
134430 22 
134452 665 
134642 1429 
134649 1947 
134653 648 
134680 932 
134696 84 
134815 6 
134821 505 
134841 282 
134856 440 
134921 121 
135148 2233 
135348 5608 
135434 4279 
135702 302 
135712 277 
135741 155 
135863 2774 
136109 235 
136465 2242 
136515 701 
136656 1071 
136793 1313 
137206 622 
137218 914 
137223 819 
137374 164 
137508 98 
137712 26 
138078 167 
138481 156 
138796 549 
138816 145 
139024 31 
139068 290 
139136 134 
139158 386 
139175 785 
139176 14 
139180 167 
139195 75 
139346 929 
139442 1219 
139547 845 
139572 72 
139894 376 
140184 596 
140341 688 
140560 783 
140634 26 
140798 794 
140978 451 
141054 289 
141287 32 
141550 1257 
141787 50 
141892 1186 
141981 864 
142381 75 
142636 825 
142756 1132 
142894 70 
143069 905 
143094 673 
143106 662 
143347 374 
143815 882 
143891 714 
144036 3076 
144115 948 
144211 250 
144222 73 
144266 596 
144284 1187 
144323 3126 
144519 1390 
144636 535 
144645 853 
144904 1070 
145061 979 
145093 313 
145145 1029 
145177 343 
145204 755 
145289 433 
145394 927 
145596 116 
145635 415 
145853 571 
145879 766 
146408 536 
146840 857 
146957 308 
146982 2123 
146999 1781 
147004 392 
147090 111 
147182 486 
147504 69 
147681 4892 
147700 792 
147766 1025 
147953 120 
148007 1773 
148010 382 
148830 311 
148862 1041 
149029 138 
149060 1049 
149378 908 
149717 732 
150030 327 
150169 1590 
150286 141 
150454 1550 
150469 1091 
150605 159 
150680 1572 
150889 32 
151048 1476 
151139 153 
151173 1137 
151185 1215 
151480 169 
151520 355 
151658 361 
152058 590 
152074 349 
152227 2925 
153901 1017 
153919 1761 
153935 701 
154154 440 
154287 1680 
154504 128 
154517 413 
155000 10 
155266 752 
155271 437 
155611 22 
156196 96 
156241 43 
156382 1017 
156391 19000 
156410 1825 
156558 558 
156755 151 
156776 46 
156894 1395 
157276 67 
157495 181 
157504 354 
157831 2489 
158117 326 
158216 39 
158941 839 
159046 1325 
159419 324 
159876 1201 
160235 521 
160483 785 
160649 1153 
160736 196 
160972 1357 
161379 406 
161460 756 
161494 343 
161532 512 
162061 1176 
162526 1271 
163667 610 
163772 158 
163833 370 
163887 20 
163981 833 
164315 1472 
164498 769 
164738 1376 
164768 278 
164783 975 
165239 285 
165255 3141 
165530 648 
166676 88 
166826 207 
166840 9147 
166862 7365 
166884 1652 
167139 1093 
167395 1917 
167544 364 
167680 890 
168006 773 
168178 494 
168684 1052 
168686 631 
168725 1155 
169069 591 
169487 272 
169617 47 
169988 485 
170402 1706 
171170 831 
171494 1859 
171993 1845 
172154 591 
172228 672 
172906 575 
173237 27 
174487 382 
174870 1709 
175429 566 
175701 860 
177766 447 
178147 272 
178209 62 
178222 334 
179339 251 
179664 231 
180596 1127 
180790 370 
181246 904 
181755 251 
182525 121 
182737 786 
182848 736 
182850 83 
182927 1365 
185411 229 
187479 1170 
187949 128 
188833 1649 
189277 469 
190179 176 
190812 1802 
190821 4300 
192820 207 
195363 1859 
195537 273 
196381 142 
197063 2685 
197292 252 
197767 147 
200492 577 
200752 644 
200874 3578 
204742 523 
204794 457 
205697 119 
206482 1229 
206951 198 
208567 28 
208951 6432 
209236 1381 
209320 1367 
211312 146 
211633 252 
212414 1258 
213103 129 
213927 765 
214981 271 
215229 1596 
215550 471 
217177 413 
217505 1044 
217547 1544 
218228 169 
218835 173 
218895 693 
219041 31 
219204 1210 
219751 311 
219761 581 
220607 1070 
220816 667 
220983 349 
221134 419 
221752 307 
221805 2786 
221917 1442 
222387 258 
222878 687 
222932 1523 
222958 1576 
222992 1559 
223232 1152 
223627 2 
224669 89 
225427 4938 
227748 911 
228245 588 
228707 231 
228909 1707 
229538 1295 
229840 1060 
229920 5 
230406 201 
230794 38 
230927 24 
231201 207 
232117 778 
232891 1442 
233201 211 
233516 466 
233933 274 
234881 1007 
235086 599 
235353 468 
236043 409 
236380 637 
237600 324 
237674 67 
239190 1098 
239350 766 
240240 1637 
240319 1282 
240426 467 
241154 1446 
241282 45 
241508 395 
241557 81 
241593 275 
242392 779 
242624 1573 
243191 186 
243497 26 
243558 0 
243717 769 
243774 1108 
243961 1631 
245103 945 
245696 4 
245782 253 
247635 1079 
247682 61 
247791 913 
248015 206 
249061 3917 
249674 1869 
249803 284 
250426 1021 
250465 256 
250701 1421 
251581 194987 
251608 2062 
251629 37 
251632 1611 
252791 1095 
253725 631 
254375 1272 
254838 750 
256600 1610 
256701 211 
266190 133 
271499 1357 
275452 122 
275673 643 
278407 1957 
283127 753 
287902 63 
289124 1516 
294305 929 
294982 6220 
296025 5715 
297511 30 
298503 884 
298570 174 
299366 438 
301244 187 
302645 2072 
304938 108 
305270 2813 
310215 544 
311154 10 
311243 747 
311854 220 
314589 368 
316223 115 
316904 728 
318301 2020 
318532 779 
318896 1305 
323538 1974 
323750 139 
324020 189 
324771 231 
327837 316 
328060 98 
328489 259 
332713 30 
332737 201 
335810 487 
336952 1597 
337882 76 
345373 1922 
350600 85 
353321 66 
371475 1537 
373053 1162 
378863 31 
379251 48 
394297 1241 
401626 194 
402631 648 
405680 323 
406156 1086 
413158 2675 
413746 772 
414567 1081 
414923 4490 
418408 243 
419987 160 
420218 1423 
421847 1408 
424153 1 
426537 219 
431487 478 
432414 151 
433612 54 
439558 515 
471536 314 
477309 284 
479067 598 
487792 1613 
490881 1587 
492699 149 
506352 122 
508201 1083 
514934 21 
520293 302 
527640 127 
536459 179 
546032 98 
584022 793 
597990 64 
599909 1438 
600302 539 
603740 7333 
603824 180 
603943 317 
604241 359 
