2923 12.5826736111
0 1417912 
6 1051 
7 46 
15 573 
17 1360 
17 399 
18 376 
20 1787 
20 167 
71 52 
72 186 
72 116 
72 104 
73 82 
73 206 
74 429 
74 196 
75 49 
76 385 
76 250 
76 187 
76 233 
77 2142 
77 39 
77 47 
77 738 
77 2280 
77 56 
77 518 
78 1069 
78 390 
79 1425 
79 334 
80 121 
80 92 
81 131 
81 575 
81 12 
81 163 
81 44 
82 172 
82 241 
83 293 
83 584 
83 11 
84 313 
85 465 
85 558 
85 167 
85 205 
85 258 
86 21 
86 1529 
86 1008 
86 207 
87 132 
87 332 
87 11 
88 309 
89 42 
89 106 
89 50 
89 204 
89 189 
91 137 
91 52 
92 195 
92 358 
93 252 
93 292 
93 80 
93 60 
94 162 
94 974 
94 188 
94 319 
95 90 
95 53 
95 251 
95 3 
95 563 
96 755 
97 40 
97 18 
97 1111 
98 66 
98 454 
99 214 
99 468 
99 359 
99 11034 
100 230 
101 736 
102 70 
102 98 
102 474 
102 2794 
103 385 
103 461 
103 180 
103 49 
105 62 
105 273 
105 21 
106 101 
106 64 
106 281 
107 17 
107 313 
108 80 
108 228 
108 649 
108 165 
109 48 
109 25 
109 72 
110 470 
111 66 
111 624 
111 2124 
112 48 
113 70 
113 76 
114 281 
115 32 
115 1255 
115 417 
116 36 
117 410 
117 47 
117 168 
117 174 
117 205 
118 224 
118 221 
119 76 
120 277 
120 163 
121 71 
122 128 
122 96 
122 149 
122 6 
122 1370 
123 4001 
123 1251 
124 24 
126 190 
126 18 
126 117 
126 51 
126 39 
126 130 
126 39 
127 116 
127 206 
128 107 
129 393 
129 22 
130 43 
130 140 
131 40 
131 90 
131 228 
132 578 
132 812 
132 136 
133 180 
133 51 
133 111 
135 84 
135 175 
135 405 
136 754 
136 384 
137 1455 
137 2172 
137 94 
138 231 
139 720 
141 106 
141 92 
141 72 
142 73 
143 166 
143 92 
143 1842 
143 141 
144 350 
144 74 
145 482 
145 3319 
145 25 
146 151 
146 195 
146 239 
146 321 
149 46 
150 53 
151 351 
151 111 
152 43 
152 22 
152 28 
152 226 
153 719 
154 158 
155 20 
155 23 
156 145 
157 1365 
157 162 
158 147 
158 27 
158 36 
159 247 
159 39 
159 553 
160 721 
163 124 
163 453 
163 68 
163 38 
165 498 
167 8 
167 1037 
167 100 
168 49 
168 650 
168 251 
169 19 
170 188 
171 592 
171 208 
172 193 
172 82 
173 290 
174 300 
174 29 
174 495 
175 42 
175 34 
176 4 
176 516 
176 4089 
176 137 
177 33 
178 203 
178 142 
179 17 
181 11 
181 432 
181 86 
181 217 
181 129 
182 64 
183 61 
183 68 
183 191 
184 107 
186 111 
186 32 
187 86 
188 113 
189 209 
189 299 
189 233 
191 4057 
191 164 
192 461 
193 174 
193 31 
193 823 
195 49 
196 24 
197 4 
197 119 
197 328 
198 112 
198 337 
199 234 
200 157 
200 119 
201 72 
201 44 
205 66 
205 618 
207 424 
208 464 
209 618 
210 218 
213 56 
213 12 
216 114 
218 64 
219 83 
220 7 
223 190 
226 310 
226 250 
227 169 
227 41 
227 341 
229 13 
230 904 
231 18 
233 867 
235 1014 
236 16 
236 48 
238 25 
239 362 
239 62 
240 977 
240 399 
241 140 
241 209 
242 10 
242 496 
243 729 
244 253 
245 142 
247 1283 
248 494 
251 110 
253 237 
253 82 
254 173 
255 348 
255 68 
256 11 
256 307 
258 247 
258 35 
259 154 
259 674 
263 38 
263 1413 
264 135 
264 271 
264 732 
264 101 
264 726 
265 158 
265 22 
265 157 
266 111 
267 619 
268 3 
268 245 
269 71 
269 33 
269 23 
269 52 
270 100 
272 96 
272 22 
272 122 
273 288 
273 234 
273 31 
276 212 
277 460 
279 299 
280 187 
281 27 
281 543 
282 60 
282 100 
339 167 
340 180 
344 75 
344 209 
349 624 
354 7321 
355 1103 
357 165 
357 72 
358 562 
359 5 
361 54 
361 551 
361 300 
365 113 
366 164 
367 92 
367 733 
368 1245 
369 73 
370 452 
372 120 
373 299 
373 865 
375 73 
377 249 
380 348 
381 98 
382 60 
382 59 
382 185 
389 433 
390 96 
390 440 
393 7 
399 495 
401 88 
402 1360 
402 74 
404 152 
408 868 
409 1019 
410 502 
412 487 
415 187 
416 55 
417 80 
419 55 
421 277 
424 271 
427 978 
427 7 
429 81 
432 273 
433 36 
434 69 
434 71 
434 12 
435 965 
436 131 
438 134 
439 1 
444 106 
444 34 
447 23 
448 812 
449 66 
453 128 
455 37 
456 1377 
457 50 
457 143 
459 46 
463 228 
467 78 
471 398 
472 45 
477 449 
477 1155 
479 553 
480 235 
482 37 
484 1260 
485 141 
486 497 
488 96 
490 35 
492 115 
503 77 
504 182 
510 129 
513 214 
514 128 
518 11 
519 457 
520 11169 
521 57 
521 178 
522 291 
524 293 
525 3112 
526 2023 
529 198 
530 2126 
536 37 
539 45 
539 36 
539 9 
543 331 
544 153 
545 146 
545 29 
549 143 
551 261 
551 147 
552 356 
554 80 
554 48 
554 13 
556 245 
558 203 
558 1347 
614 878 
615 27 
615 226 
616 105 
617 59 
620 571 
625 69 
625 13 
625 229 
628 5212 
630 71 
630 134 
639 62 
640 85 
641 360 
643 34 
648 96 
653 17 
654 162 
656 647 
657 25 
658 32 
660 38 
661 530 
663 425 
666 477 
669 5 
670 274 
670 1904 
673 108 
673 49 
678 9 
689 72 
689 517 
691 81 
697 1145 
698 1130 
698 114 
698 706 
699 41 
701 84 
701 21 
702 388 
703 102 
708 300 
708 399 
708 89 
712 100 
714 126 
715 74 
720 213 
726 148 
727 497 
730 327 
731 295 
734 279 
735 12 
735 129 
738 76 
740 49 
742 280 
746 18 
749 56 
750 53 
751 2937 
757 504 
765 26 
766 157 
767 498 
774 1028 
782 107 
789 215 
801 58 
801 114 
802 179 
854 283 
856 72 
857 52 
857 284 
862 167 
863 1354 
864 545 
864 77 
868 23 
873 105 
873 53 
873 557 
878 3391 
881 126 
886 80 
891 570 
892 118 
892 123 
894 1513 
899 128 
900 13 
901 62 
901 51 
903 5652 
906 52 
907 58 
913 44 
915 241 
916 307 
922 862 
923 222 
926 41 
937 924 
942 441 
946 12 
947 16 
951 1508 
953 1765 
953 220 
957 21041 
959 201 
1015 1043 
1015 77 
1020 916 
1022 196 
1024 4 
1025 0 
1026 335 
1028 46 
1029 127 
1029 60 
1031 68 
1036 8 
1039 186 
1045 194 
1045 108 
1058 544 
1059 39 
1062 98 
1064 37 
1071 107 
1077 660 
1078 525 
1085 270 
1088 143 
1091 338 
1093 564 
1093 36 
1097 3530 
1098 118 
1100 169 
1100 1064 
1101 43 
1106 6 
1106 268 
1111 487 
1117 140 
1121 264 
1123 2664 
1123 43 
1123 28 
1127 18 
1129 18 
1135 151 
1135 27 
1135 34 
1137 1348 
1146 65 
1146 8932 
1153 275 
1160 37 
1162 352 
1169 87 
1170 188 
1175 54 
1182 198 
1187 3 
1194 590 
1199 70 
1204 128 
1205 37 
1262 1058 
1271 33 
1272 251 
1273 123 
1277 154 
1280 107 
1286 3129 
1288 218 
1288 303 
1289 991 
1294 646 
1295 321 
1297 6505 
1297 177 
1308 971 
1309 79 
1313 12 
1317 288 
1322 273 
1323 4 
1324 735 
1326 69 
1331 31 
1335 21 
1335 71 
1343 140 
1345 545 
1348 76 
1351 457 
1355 126 
1357 1266 
1364 318 
1364 252 
1364 165 
1373 17 
1375 1138 
1382 90 
1390 739 
1398 181 
1404 170 
1404 57 
1404 64 
1405 635 
1406 192 
1406 1869 
1408 628 
1408 362 
1412 83 
1413 58 
1413 209 
1418 105 
1426 90 
1427 67 
1430 41 
1432 9 
1434 181 
1439 923 
1442 127 
1445 147 
1446 22 
1449 52 
1464 146 
1466 369 
1467 9 
1469 272 
1470 1080 
1479 34 
1487 222 
1487 774 
1490 1065 
1498 165 
1502 159 
1506 88 
1564 13 
1567 42 
1569 1945 
1571 696 
1573 63 
1578 30 
1578 24 
1581 505 
1581 657 
1582 3671 
1588 28 
1596 588 
1597 126 
1608 10 
1617 220 
1625 89 
1633 372 
1651 250 
1652 18 
1654 4560 
1655 165 
1655 21 
1657 11 
1658 320 
1667 22 
1676 1799 
1678 266 
1679 50 
1680 77 
1690 68 
1698 224 
1704 205 
1708 201 
1714 1029 
1744 271 
1744 172 
1745 100 
1759 17 
1760 70 
1767 187 
1775 103 
1775 276 
1782 18 
1784 268 
1785 17 
1785 442 
1871 284 
1874 93 
1879 28 
1882 130 
1890 124 
1901 43 
1901 196 
1911 52 
1913 377 
1914 13 
1924 206 
1924 18 
1927 3868 
1929 709 
1938 108 
1941 189 
1941 246 
1963 106 
1972 28 
1975 244 
1988 312 
2004 165 
2006 109 
2009 128 
2018 75 
2021 87 
2021 16 
2026 292 
2039 581 
2039 456 
2040 132 
2045 116 
2067 57 
2070 29 
2074 92 
2076 65 
2076 11 
2076 91 
2080 1389 
2102 476 
2106 776 
2166 211 
2171 57 
2176 1236 
2182 122 
2182 172 
2186 141 
2188 213 
2203 249 
2204 43 
2218 138 
2227 12 
2227 98 
2233 1079 
2258 12 
2265 1100 
2267 15 
2267 38 
2267 1167 
2272 124 
2284 368 
2301 852 
2304 66 
2328 143 
2349 577 
2358 110 
2367 77 
2400 70 
2405 19 
2416 512 
2418 26 
2423 56 
2436 156 
2494 286 
2498 154 
2501 4973 
2509 196 
2509 34 
2516 420 
2516 37 
2534 957 
2536 310 
2553 16 
2560 12 
2565 187 
2571 440 
2578 77 
2582 103 
2613 126 
2632 62 
2641 601 
2660 516 
2670 421 
2675 1099 
2677 35 
2678 416 
2692 6 
2705 223 
2719 29 
2721 1923 
2725 1534 
2785 73 
2790 81 
2795 27 
2795 27 
2798 60 
2816 143 
2820 27 
2821 565 
2822 44 
2827 111 
2829 95 
2844 22 
2845 64 
2852 191 
2858 9 
2859 8 
2865 9767 
2869 37 
2883 79 
2901 84 
2913 244 
2932 153 
2936 601 
2938 216 
2939 27 
2947 110 
2953 235 
2971 273 
2974 151 
2977 1036 
2991 259 
2991 259 
2992 7 
2993 15 
2999 36 
2999 947 
3062 106 
3067 409 
3093 382 
3097 91 
3103 526 
3110 109 
3125 103 
3126 815 
3143 173 
3148 308 
3185 98 
3190 28 
3191 219 
3197 143 
3199 40 
3203 80 
3207 2511 
3215 358 
3239 165 
3258 9 
3261 4 
3262 184 
3332 525 
3333 189 
3348 3343 
3393 69 
3396 31 
3399 3 
3399 67 
3400 51 
3414 142 
3419 304 
3420 228 
3426 1899 
3442 1074 
3443 44 
3457 36 
3462 310 
3472 1 
3488 308 
3490 195 
3511 434 
3513 32 
3517 89 
3532 114 
3540 318 
3605 152 
3608 66 
3613 13 
3629 214 
3642 163 
3647 618 
3651 108 
3656 102 
3658 474 
3661 57 
3705 5 
3716 476 
3733 67 
3740 1180 
3747 107 
3807 259 
3810 44 
3815 28 
3835 65 
3835 94 
3857 1740 
3858 906 
3875 76 
3894 292 
3895 180 
3899 17 
3912 2867 
3916 34 
3923 30 
3937 1866 
3949 27 
3951 157 
3957 55 
3963 4120 
3970 77 
3978 487 
3983 79 
3989 1957 
3997 516 
4088 78 
4092 12 
4092 26 
4100 34 
4120 12 
4139 1012 
4153 127 
4164 149 
4174 303 
4174 46 
4175 245 
4177 376 
4194 2 
4199 950 
4227 253 
4234 58 
4238 754 
4247 13 
4249 316 
4262 101 
4264 60 
4275 45 
4365 29 
4369 80 
4389 117 
4436 160 
4441 783 
4441 6 
4449 33 
4463 17 
4463 125 
4491 512 
4494 29 
4495 196 
4524 24 
4587 53 
4587 399 
4589 14 
4604 151 
4607 24 
4615 59 
4624 12 
4642 1137 
4644 27 
4650 2060 
4746 23 
4775 10 
4796 1382 
4805 680 
4809 59 
4819 48 
4830 43 
4841 104 
4885 90 
4900 559 
4909 323 
4917 17 
4923 682 
4926 1 
4929 1091 
4941 55 
5014 126 
5041 776 
5047 80 
5059 85 
5079 266 
5085 11624 
5092 21 
5096 389 
5099 97 
5109 143 
5130 74 
5133 24 
5158 59 
5174 936 
5177 75 
5271 93 
5277 174 
5281 9 
5313 45 
5331 42 
5349 212 
5351 26 
5379 95 
5399 48 
5413 198 
5419 14 
5426 118 
5446 3599 
5498 66 
5499 332 
5501 238 
5504 375 
5512 53 
5523 270 
5573 830 
5592 24 
5597 212 
5611 40 
5614 87 
5621 3 
5639 1536 
5657 181 
5662 40 
5663 21 
5674 181 
5680 117 
5730 200 
5730 7 
5760 139 
5765 134 
5768 1787 
5768 162 
5773 236 
5778 44 
5801 150 
5815 381 
5845 87 
5846 38 
5866 9 
5870 73 
5919 253 
5920 226 
5922 32 
5989 16 
5992 8 
6014 132 
6015 135 
6025 22 
6033 9 
6057 394 
6070 49 
6099 218 
6128 409 
6131 451 
6163 34 
6178 401 
6213 25 
6227 104 
6230 92 
6240 10 
6339 309 
6341 4102 
6349 26 
6393 377 
6467 1004 
6468 282 
6471 8 
6475 116 
6484 194 
6489 177 
6500 975 
6502 171 
6521 41 
6521 401 
6522 208 
6639 140 
6660 455 
6663 52 
6683 868 
6690 16 
6702 25 
6724 17 
6729 765 
6740 11 
6765 206 
6808 212 
6863 92 
6885 88 
6986 54 
7011 409 
7026 42 
7091 207 
7144 12 
7147 337 
7167 107 
7179 34 
7184 8 
7223 69 
7238 454 
7328 318 
7412 1376 
7463 1027 
7500 72 
7502 137 
7508 95 
7536 55 
7569 529 
7583 284 
7592 95 
7693 66 
7734 24 
7780 69 
7801 1274 
7806 1310 
7808 70 
7817 39 
7818 19 
7830 601 
7835 1085 
7860 1049 
7907 85 
7909 18 
7915 8 
7924 155 
7954 26 
7963 671 
7990 1058 
7993 255 
8095 153 
8109 87 
8113 745 
8116 265 
8123 18 
8131 84 
8159 803 
8178 333 
8193 3124 
8195 436 
8196 342 
8205 2112 
8225 113 
8244 29 
8248 33 
8337 171 
8338 210 
8345 202 
8401 207 
8437 9 
8453 147 
8475 917 
8485 2154 
8521 168 
8578 180 
8600 224 
8633 4842 
8633 320 
8663 72 
8784 973 
8791 14 
8817 734 
8871 31 
8888 63 
8988 26 
9005 7747 
9022 152 
9040 322 
9041 170 
9070 1809 
9073 283 
9087 3797 
9096 145 
9110 48 
9122 141 
9133 236 
9144 52 
9168 79 
9287 112 
9291 113 
9320 472 
9323 10813 
9336 61 
9435 400 
9499 177 
9514 52 
9531 2923 
9542 16 
9548 163 
9610 39 
9715 930 
9740 98 
9764 1916 
9770 923 
9820 885 
9842 136 
9870 159 
9884 145 
9891 37 
9893 21 
9964 179 
9968 100 
9978 520 
9981 21 
9985 94 
10031 1085 
10073 306 
10087 36 
10184 782 
10203 44 
10233 23 
10250 329 
10310 9 
10396 1133 
10398 467 
10400 29 
10401 24 
10411 130 
10448 171 
10489 863 
10490 228 
10502 4 
10534 38 
10581 326 
10607 188 
10623 72 
10627 58 
10644 752 
10657 227 
10673 351 
10674 378 
10690 182 
10691 29 
10719 53 
10729 70 
10740 73 
10748 104 
10754 100 
10785 1149 
10787 379 
10803 5633 
10807 127 
10832 2502 
10844 73 
10847 207 
10888 456 
10910 94 
10938 7149 
10943 239 
10958 521 
10965 8331 
11008 191 
11016 1186 
11019 108 
11047 1267 
11095 504 
11104 270 
11129 49 
11136 64 
11167 132 
11192 55 
11224 2044 
11233 395 
11236 512 
11251 651 
11273 67 
11415 245 
11416 417 
11442 1195 
11452 458 
11475 235 
11491 812 
11497 228 
11501 105 
11545 2322 
11569 488 
11578 523 
11578 150 
11589 418 
11616 459 
11626 32 
11641 135 
11645 42 
11669 100 
11672 41 
11743 193 
11763 662 
11769 1097 
11796 16 
11837 139 
11866 296 
11896 29234 
11925 5 
11927 26 
11935 176 
11935 176 
11956 639 
11961 368 
11964 561 
11969 350 
12080 1101 
12097 186 
12108 31 
12123 48 
12135 739 
12144 433 
12254 947 
12396 129 
12436 117 
12436 19 
12438 108 
12469 102 
12499 496 
12571 77 
12645 409 
12648 1236 
12659 7 
12665 76 
12683 44 
12693 137 
12715 2116 
12720 545 
12723 20 
12737 292 
12738 17 
12755 275 
12972 30 
13075 270 
13086 52 
13102 315 
13146 34 
13168 251 
13187 259 
13198 23 
13206 169 
13251 36 
13274 382 
13373 34 
13394 26 
13448 89 
13477 711 
13504 2817 
13510 15 
13516 34 
13548 272 
13551 790 
13564 151 
13629 249 
13650 31 
13665 371 
13707 275 
13744 7 
13751 106 
13751 106 
13767 115 
13822 1105 
13924 276 
13930 71 
13971 63 
14136 104 
14140 3 
14148 174 
14163 889 
14169 448 
14175 355 
14178 16253 
14244 106 
14251 134 
14261 158 
14264 67 
14277 44 
14314 16725 
14320 26 
14324 75 
14327 1558 
14337 18 
14360 169 
14364 504 
14411 673 
14423 18 
14489 929 
14510 437 
14527 35 
14533 158 
14535 14 
14552 3750 
14561 1142 
14572 112 
14605 947 
14633 17 
14647 352 
14655 83 
14657 45 
14668 22 
14706 2 
14713 37 
14714 1308 
14726 419 
14755 238 
14767 595 
14770 517 
14791 100 
14803 80 
14824 1673 
14879 255 
14962 1014 
14975 836 
15014 1720 
15020 652 
15038 1425 
15039 1826 
15054 774 
15078 157 
15104 473 
15137 169 
15168 784 
15181 255 
15247 110 
15308 203 
15329 67 
15481 177 
15483 137 
15486 75 
15487 298 
15531 786 
15579 65 
15616 393 
15619 204 
15626 324 
15668 61 
15716 668 
15717 59 
15736 116 
15739 458 
15742 4984 
15801 98 
15827 1554 
15831 1792 
15835 145 
15849 39 
15862 558 
15871 1845 
15879 256 
15883 459 
15900 1770 
15941 1156 
15941 189 
15959 339 
15974 1094 
15982 235 
16048 55 
16082 34 
16116 179 
16151 35 
16237 1038 
16263 86 
16281 60 
16309 188 
16408 101 
16424 918 
16523 11 
16538 8663 
16538 8663 
16596 416 
16647 9405 
16674 608 
16691 876 
16701 288 
16744 511 
16813 384 
16934 7 
16939 147 
16993 15 
16994 47 
16998 19 
17008 97 
17019 170 
17108 2361 
17127 815 
17133 129 
17311 1362 
17431 15 
17529 862 
17561 247 
17565 153 
17587 375 
17619 21 
17640 244 
17679 64 
17695 1134 
17704 759 
17751 1791 
17775 666 
17778 59 
17791 332 
17900 155 
17902 221 
17903 123 
17920 731 
17987 53 
18073 249 
18095 8 
18191 475 
18278 1511 
18297 405 
18321 481 
18349 229 
18357 10 
18367 101 
18392 85 
18539 446 
18570 187 
18578 37 
18587 381 
18587 126 
18618 117 
18623 39 
18631 240 
18737 257 
18752 227 
18809 2684 
18809 355 
18842 3466 
18851 64 
18852 1378 
18886 57 
18901 221 
18904 1374 
18995 580 
19088 227 
19180 304 
19195 726 
19228 49 
19237 19 
19271 82 
19308 900 
19376 5651 
19380 1151 
19399 2664 
19511 174 
19533 799 
19546 1343 
19555 45 
19578 47 
19601 655 
19634 338 
19705 218 
19722 9 
19824 2486 
19825 478 
19843 26 
19901 1826 
19942 551 
19944 4 
19972 34 
20041 99 
20055 78 
20090 189 
20124 75 
20137 158 
20155 1228 
20176 5015 
20256 568 
20263 42 
20286 516 
20323 59 
20323 6 
20331 691 
20338 347 
20356 425 
20385 386 
20401 24 
20428 241 
20459 355 
20474 297 
20512 255 
20520 211 
20541 610 
20564 257 
20608 129 
20634 226 
20684 621 
20710 1130 
20724 15 
20738 446 
20740 287 
20795 228 
20809 1117 
20831 417 
20847 613 
20860 296 
20879 1181 
20890 1539 
20898 77 
20901 757 
20936 300 
20965 248 
20976 16 
21011 1193 
21024 897 
21027 1383 
21136 1277 
21221 63 
21252 1290 
21260 129 
21298 155 
21320 1173 
21331 1293 
21334 1700 
21357 1535 
21383 452 
21400 167 
21427 41 
21443 27 
21445 496 
21457 396 
21467 99 
21474 345 
21518 27 
21529 328 
21544 131 
21562 501 
21563 2 
21573 460 
21616 112 
21621 933 
21625 121 
21705 1412 
21705 693 
21756 6 
21770 72 
21797 358 
21868 64 
21893 18 
21893 208 
21901 168 
21905 976 
21905 49 
21926 43 
21979 96 
21998 319 
22011 5515 
22022 718 
22027 13 
22141 564 
22152 322 
22181 551 
22183 449 
22220 279 
22230 772 
22301 143 
22308 802 
22313 119 
22338 106 
22391 810 
22481 500 
22489 175 
22525 35 
22580 1179 
22622 2655 
22708 629 
22720 597 
22784 1504 
22786 725 
22819 1398 
22836 105 
22838 12 
22850 72 
22878 346 
22885 613 
22886 133 
22904 50 
22923 156 
22953 34 
22982 263 
22987 184 
22990 43 
23069 582 
23089 569 
23108 277 
23108 227 
23197 896 
23262 559 
23273 6 
23300 25 
23321 1347 
23348 358 
23392 428 
23394 390 
23411 1018 
23419 256 
23456 431 
23463 27 
23467 210 
23519 1493 
23524 454 
23528 1093 
23614 749 
23621 65 
23633 140 
23688 406 
23707 1812 
23729 559 
23783 247 
23790 270 
23881 664 
23903 24 
23907 7 
23983 893 
23990 1235 
24000 147 
24024 23 
24053 1062 
24054 1973 
24055 507 
24142 367 
24201 1410 
24209 468 
24271 1132 
24274 415 
24293 531 
24303 9138 
24320 130 
24331 1133 
24333 1 
24349 449 
24376 135 
24461 1505 
24482 325 
24487 246 
24494 7 
24502 370 
24508 320 
24517 81 
24522 34 
24536 13 
24540 88 
24557 102 
24573 1442 
24584 879 
24631 318 
24750 0 
24750 256 
24899 41 
24970 1030 
24981 263 
25015 1131 
25048 878 
25083 2764 
25136 311 
25145 96 
25149 857 
25170 253 
25177 116 
25184 47 
25191 914 
25225 916 
25235 513 
25304 184 
25404 2382 
25414 333 
25426 647 
25427 442 
25440 69 
25476 1330 
25484 43 
25500 1705 
25502 146 
25525 1159 
25538 315 
25545 1040 
25572 175 
25573 1127 
25596 240 
25684 214 
25690 10 
25706 224 
25712 739 
25717 137 
25722 584 
25765 189 
25826 1167 
25838 777 
25842 17 
25887 76 
25925 230 
25982 39 
26011 745 
26028 234 
26060 207 
26066 555 
26149 126 
26149 482 
26169 263 
26191 10 
26399 1299 
26462 2476 
26505 146 
26563 1306 
26586 1 
26596 7 
26598 142 
26613 32 
26631 300 
26727 31 
26733 994 
26798 693 
26800 41 
26822 157 
26835 408 
26868 163 
26892 757 
26953 8 
26973 360 
26989 485 
26992 998 
27065 203 
27076 497 
27096 1352 
27100 486 
27104 1149 
27112 311 
27265 629 
27283 111 
27293 789 
27295 708 
27354 1178 
27354 201 
27386 835 
27388 29 
27432 293 
27437 112 
27440 1070 
27481 4437 
27528 382 
27534 116 
27543 692 
27731 562 
27738 291 
27782 147 
27791 13 
27798 541 
27799 1553 
27799 532 
27854 168 
27879 210 
28073 8 
28156 591 
28208 107 
28244 2238 
28252 20 
28271 729 
28275 33 
28302 7 
28308 34 
28473 192 
28551 397 
28587 755 
28669 331 
28679 108 
28785 632 
28791 344 
28797 966 
28860 28 
28874 477 
28926 111 
28943 327 
28951 28 
28967 16 
28982 158 
28996 28 
29074 622 
29077 67 
29089 1328 
29119 3316 
29122 234 
29189 15 
29197 5446 
29215 61 
29223 1 
29229 29 
29236 9984 
29256 570 
29352 294 
29413 5141 
29436 255 
29459 7 
29467 224 
29636 1134 
29637 169 
29656 2 
29661 1402 
29678 38 
29710 0 
29715 444 
29804 177 
29805 94 
29806 5 
29813 655 
29822 248 
29863 112 
29886 946 
29902 20 
29994 404 
30008 1023 
30035 1555 
30091 515 
30108 56 
30129 57 
30136 147 
30138 2136 
30228 2652 
30267 62 
30306 343 
30329 775 
30341 15 
30352 32 
30367 601 
30517 135 
30528 750 
30572 44 
30593 1577 
30609 801 
30664 799 
30763 104 
30794 109 
30798 825 
30816 1049 
30822 1261 
30857 1396 
30872 497 
31060 6364 
31098 1198 
31106 213 
31157 563 
31212 171 
31215 404 
31311 401 
31350 6 
31364 483 
31476 332 
31539 749 
31554 242 
31606 102 
31614 759 
31623 11 
31627 216 
31777 3643 
31795 179 
31835 50 
31856 1517 
31859 1433 
31880 301 
31903 94 
31911 104 
31996 903 
32073 247 
32077 1039 
32087 359 
32148 1 
32256 1055 
32303 962 
32323 216 
32397 355 
32402 385 
32565 55 
32617 235 
32639 49 
32736 821 
32765 637 
32786 2207 
32808 1092 
32814 403 
32841 227 
32844 302 
32924 284 
32988 458 
33023 131 
33029 1058 
33037 593 
33038 194 
33063 1472 
33221 120 
33254 4409 
33487 68 
33551 460 
33559 293 
33562 888 
33660 510 
33710 18 
33731 3067 
33749 757 
33793 466 
33854 1673 
33883 557 
33890 476 
33976 372 
33985 165 
34030 20 
34096 22 
34104 665 
34170 377 
34214 1787 
34244 25 
34345 77 
34352 114 
34373 2366 
34413 545 
34460 376 
34582 273 
34726 254 
34826 47 
34829 1236 
34835 152 
34903 1086 
34993 51 
35104 215 
35107 374 
35210 300 
35333 127 
35344 125 
35345 6 
35351 1570 
35351 280 
35372 503 
35397 48 
35426 515 
35527 650 
35543 5262 
35583 387 
35841 264 
35844 229 
35899 174 
36014 542 
36018 1517 
36067 40 
36115 107 
36115 858 
36172 611 
36255 1372 
36289 771 
36308 921 
36326 266 
36445 875 
36452 2629 
36486 1107 
36639 36 
36678 98 
36859 118 
36914 2 
36932 90 
37192 40 
37219 544 
37241 365 
37254 563 
37317 55 
37347 71 
37446 29 
37502 458 
37533 0 
37542 1891 
37549 32 
37553 118 
37565 17 
37756 10 
37800 12 
37813 384 
37931 205 
37997 369 
38007 784 
38022 944 
38037 3471 
38221 886 
38226 414 
38236 1942 
38250 76 
38326 115 
38328 531 
38417 261 
38427 565 
38429 24 
38430 421 
38445 39 
38484 80 
38547 40 
38600 3 
38623 315 
38635 57 
38635 1168 
38651 285 
38652 189 
38657 7589 
38660 3083 
38661 290 
38677 254 
38684 5 
38685 1458 
38689 3832 
38691 87 
38784 84 
38825 244 
38828 231 
38849 117 
38863 900 
38878 176 
38889 171 
38989 169 
39240 360 
39410 130 
39460 170 
39469 62 
39546 215 
39589 789 
39714 1390 
39725 73 
39801 496 
39858 725 
39869 1580 
39941 1984 
39990 2422 
39994 2422 
40075 293 
40130 59 
40173 15 
40393 503 
40557 725 
40920 231 
40957 74 
41135 14 
41385 248 
41530 17 
41587 46 
42009 7128 
42034 161 
42103 839 
42250 58 
42461 52 
42542 186 
42622 654 
42627 5 
42637 69 
42849 101 
42915 228 
43030 1282 
43133 7 
43142 351 
43215 353 
43223 414 
43241 41 
43256 289 
43407 116 
43412 198 
43442 166 
43504 366 
43686 476 
43765 540 
43936 1227 
43956 293 
43997 1147 
44004 1583 
44173 2826 
44181 9 
44265 177 
44312 110 
44433 236 
44532 1169 
44568 2090 
44575 281 
44590 2748 
44634 742 
44661 17 
44764 77 
44881 30 
45125 1039 
45262 7852 
45347 90 
45372 142 
45638 30 
45642 376 
45685 233 
45769 67 
45787 54 
45791 917 
45824 52 
45831 385 
45890 172 
46043 1103 
46059 1170 
46116 701 
46132 86 
46149 532 
46174 728 
46436 144 
46670 415 
46681 1392 
46929 7867 
46948 46 
47309 199 
47373 61 
47375 446 
47410 723 
47490 306 
47574 99 
47579 228 
47732 498 
47917 12 
48124 52 
48494 54 
49103 1682 
49293 143 
50022 663 
50313 455 
50677 167 
51285 469 
51429 36 
51701 1384 
51796 12 
52076 184 
52140 560 
52146 79 
52276 1624 
52581 610 
53216 305 
53650 333 
54070 57 
54070 57 
54119 509 
54119 509 
54552 2073 
54798 1415 
55056 376 
55714 491 
55753 1589 
56148 167 
56711 541 
56894 760 
57039 149 
57716 155 
57813 1010 
57952 444 
58106 1 
58113 111 
59485 10 
59556 415 
59596 46 
59708 29 
59748 27 
59897 214 
60315 253 
60457 538 
60595 1156 
61329 600 
61354 347 
61520 699 
61882 13486 
61901 26 
61937 293 
62023 354 
62245 134 
62332 1439 
62395 249 
62588 594 
62627 148 
62780 52 
62891 983 
62913 91 
62990 365 
63059 85 
63253 322 
63358 420 
63538 1229 
63550 302 
63778 526 
63843 114 
63952 389 
64076 294 
64398 860 
65179 320 
65390 692 
65601 120 
65808 1434 
66142 83 
66294 49 
66615 401 
67120 772 
67384 397 
67502 506 
67963 51 
68174 179 
68346 92 
68368 67 
68608 534 
68702 3024 
68753 382 
68798 586 
68915 209 
69113 403 
69234 277 
69242 1055 
69721 818 
69742 581 
69883 1307 
69899 543 
69982 246 
70461 395 
70662 267 
71591 255 
71907 655 
72055 1795 
72111 140 
72122 1225 
72155 2730 
72174 24 
72275 4153 
72311 3057 
72314 1075 
72363 227 
72620 1449 
72649 20 
72649 340 
72704 10 
72772 347 
72939 3977 
73006 125 
73050 1002 
73091 193 
73597 1127 
74221 146 
74280 102 
74352 152 
74378 488 
74495 531 
74639 2224 
74787 283 
74994 34 
75030 640 
75151 80 
75205 153 
75229 694 
75278 596 
75353 135 
75395 134 
75471 164 
75523 303 
75578 1560 
75586 169 
75702 700 
75730 11 
75971 153 
76179 10 
76347 148 
76493 258 
76755 243 
76843 44 
77311 26 
78279 22 
78421 705 
79083 277 
79209 165 
79742 164 
79783 171 
80520 1322 
80709 658 
80719 1424 
81133 22 
81489 168 
81902 757 
83172 3228 
83213 212 
83217 1459 
83374 916 
83553 464 
84368 80 
84500 169 
84843 80 
85147 2645 
86523 101 
86803 425 
87605 608 
88481 1106 
90465 135 
91353 663 
91458 90 
91466 393 
91494 763 
91526 2975 
91559 48 
91573 93 
91671 196 
91780 689 
91818 48 
92110 1067 
92240 87 
92567 31 
92870 92 
93169 16 
93441 166 
94185 239 
94510 437 
94973 952 
97669 50 
98127 514 
99253 1011 
100303 81 
101950 721 
102444 4671 
102650 2274 
102686 1547 
103193 431 
103221 1082 
103832 102 
105031 4186 
105187 117 
105364 155 
106501 10814 
107135 26 
107362 140 
107722 229 
107794 472 
108520 122 
108911 198 
110584 84 
110704 359 
111267 1052 
111926 497 
111966 803 
113246 374 
113283 901 
113685 576 
114561 310 
114725 155 
115016 96 
115931 985 
116038 1354 
116160 497 
116242 554 
116410 4 
116451 797 
116494 209 
116966 431 
117575 9 
118527 185 
118651 1151 
120141 380 
121130 56 
121308 21 
122210 75 
122457 46 
122695 89 
123463 43 
123865 129 
124323 29 
125280 289 
127757 710 
129381 194 
129651 1 
129904 4 
130891 81 
135214 96 
135379 524 
135943 71 
136239 16 
136420 21 
136986 55 
142395 3 
143320 11 
144968 42 
145047 215 
145594 78 
147173 34018 
147191 529 
147203 34 
147217 1337 
147224 320 
147235 30 
147243 337 
147254 301 
147262 253 
147269 2761 
147273 518 
147281 402 
147288 21 
147299 225 
147317 56 
147339 25 
147340 121 
147468 256 
147591 254 
147639 153 
147783 85 
147812 595 
147837 342 
148159 12 
148198 453 
148284 283 
148286 49 
148878 53 
149342 63 
149828 68 
149838 573 
149843 286 
150023 36 
150325 289 
150622 15 
151429 150 
151430 597 
151490 101 
151834 106 
152146 67 
152251 284 
152848 966 
153481 32 
153739 355 
155595 95 
156604 680 
157386 951 
159479 184 
159610 82 
159672 100 
160402 306 
160566 299 
160623 781 
160921 1052 
161582 42 
161829 155 
162020 444 
162108 1217 
162130 11 
162400 31 
162935 155 
163030 3346 
163111 1611 
163329 649 
163444 18 
163836 989 
164336 279 
164731 1459 
164831 22 
165478 705 
165546 19 
166073 1181 
166142 92 
166635 32 
167472 29 
168565 93 
168618 1024 
173886 384 
174289 2051 
174359 451 
174467 897 
174723 883 
174743 701 
178476 31 
180112 550 
180599 151 
181040 130 
181091 116 
183906 1486 
185048 521 
185838 28 
188260 252 
189694 223 
191110 79 
191905 1601 
193870 637 
193927 500 
194449 1216 
194698 1009 
195841 1059 
195950 5 
198291 10 
198599 172 
199885 19 
199906 985 
200014 177 
200507 390 
200531 931 
200544 63 
200560 293 
200575 91 
200618 164 
201391 14 
202372 248 
202447 358 
202491 47 
205830 400 
205924 354 
206324 1329 
208887 263 
209136 2998 
209182 968 
209249 511 
210342 21 
211016 2217 
211069 91 
211134 363 
211783 795 
212063 526 
212178 15 
212402 211 
214460 853 
214514 1567 
214647 157 
215196 296 
215333 806 
215582 279 
215620 1404 
215934 147 
216419 729 
216557 46 
217167 464 
217674 315 
219402 153 
219484 623 
220169 381 
221614 249 
221614 249 
222487 1099 
222601 82 
222799 8 
223262 19082 
224043 435 
224285 268 
224529 53 
226186 274 
226215 126 
228814 821 
230919 140 
231550 46 
232236 0 
233093 183 
235707 96 
239264 693 
239322 2012 
239367 1030 
239538 34 
239642 1882 
240226 74 
240423 3014 
241279 101 
242016 1901 
242092 385 
242593 244 
243245 628 
243619 203 
247038 549 
251226 1810 
253279 243 
254351 589 
256517 30 
257607 460 
257883 563 
258199 2132 
258394 557 
258602 20 
258933 70 
259115 619 
259174 1064 
259226 1208 
259515 35 
259924 29 
261618 172 
262931 115 
265492 2 
265678 196 
267340 70 
267547 2239 
267559 12863 
267732 1817 
267921 45 
268363 661 
272132 124 
276240 92 
280686 1058 
280712 496 
280773 980 
282851 204 
282878 283 
282893 1034 
284240 1085 
285163 1208 
286863 577 
287475 25 
288248 163 
288687 155 
288987 2269 
291395 546 
292465 42 
293668 1230 
293933 961 
294042 591 
296166 87 
297124 393 
297432 328 
298783 1764 
299066 582 
299127 491 
302522 29 
302999 80 
306142 341 
306755 69 
307838 238 
309048 303 
309205 100 
309268 135 
309925 604 
310655 72 
321080 722 
321411 814 
328389 6536 
329226 290 
332124 53 
332862 116 
334198 71 
334616 3444 
335606 332 
335671 5 
336646 726 
341867 157 
342449 10738 
342478 476 
342479 1094 
342480 436 
342491 501 
342491 447 
342534 41519 
342556 177 
342558 198 
342559 1398 
342581 953 
342585 2606 
342593 406 
342595 289 
342599 71 
342602 1940 
342634 1061 
342650 52 
342674 356 
342681 66 
342752 279 
342754 405 
342813 272 
343008 358 
343293 128 
343331 47 
343427 244 
344363 42 
344621 93 
345665 131 
347046 88 
347457 135 
347861 11 
348417 883 
350566 5 
353965 11 
354297 40 
354662 46 
358837 1582 
364182 9 
364505 7347 
364669 152 
364885 51 
365116 306 
365962 8 
370002 1643 
370141 1140 
371382 89 
371490 135 
371736 1000 
372180 154 
373383 128 
374322 99 
381561 718 
384287 10 
389273 8 
397924 128 
399845 574 
401875 173 
402056 60 
407652 11 
410334 9 
412459 13 
417569 525 
418485 41505 
418505 257 
418513 177 
418519 783 
418551 70 
418592 150 
418601 70 
418622 150 
418897 281 
418927 583 
419960 396 
420143 23 
420248 73 
420519 161 
420723 17 
421299 100 
421500 17 
422119 9 
426401 330 
426945 69 
428005 448 
440933 637 
447156 916 
451857 142 
466560 71 
470599 817 
478735 11 
483430 315 
505910 352 
507120 230 
507269 49 
507400 104 
516833 10 
517042 47 
517997 406 
545217 229 
550708 279 
552089 303 
553731 908 
553964 238 
556993 100 
563114 350 
565285 88 
572623 102 
576330 284 
584800 38 
590771 562 
591017 1756 
594222 1060 
595061 22 
597967 446 
599939 140 
600531 836 
603327 62 
