3493 13.4048611111
0 2809104 
10 395 
11 50 
15 22 
31 136 
32 428 
39 207 
40 76 
43 48 
43 112 
44 59 
44 384 
44 479 
44 44 
46 141 
49 117 
49 5 
50 202 
51 76 
55 218 
56 32 
58 463 
58 103 
58 2081 
59 142 
60 136 
63 1372 
63 181 
66 339 
66 1056 
67 271 
67 152883 
72 131 
72 68 
74 181 
76 11 
77 592 
78 112 
79 2025 
81 75 
81 103 
81 149 
83 138 
84 472 
84 341 
87 142 
88 207 
89 47 
90 162 
90 74 
90 104 
91 4 
92 189 
95 136 
96 12 
96 26 
96 81 
98 6 
98 14 
99 47 
100 331 
100 79 
102 232 
104 409 
106 45 
106 177 
107 76 
107 493 
107 24 
110 123 
111 619 
112 41 
113 127 
119 32 
120 61 
121 1250 
122 107 
123 618 
124 110 
125 22 
125 666 
125 17 
126 517 
126 111 
132 94 
134 184 
134 183 
136 28 
136 112 
136 60 
137 75 
137 3 
138 179 
138 42 
139 23 
139 599 
140 84 
142 204 
142 156 
142 48 
143 30 
143 203 
145 82 
146 108 
146 102 
151 161 
152 187 
153 144 
154 11 
154 68 
154 24 
155 57 
156 13 
156 110 
157 742 
158 15 
159 143 
160 217 
160 1547 
163 480 
164 209 
166 370 
167 193 
168 323 
171 4 
171 2334 
171 1701 
172 770 
172 114 
172 174 
174 58 
175 11 
175 703 
176 227 
176 241 
178 85 
180 79 
182 123 
184 225 
184 31 
187 762 
188 37 
188 940 
191 93 
193 816 
194 83 
194 123 
195 118 
195 25 
195 25 
196 213 
196 821 
200 337 
201 275 
201 13 
202 84 
202 99 
202 71 
204 4 
204 99 
207 77 
209 60 
210 234 
211 259 
212 56 
213 143 
213 267 
215 91 
215 12 
216 218 
218 98 
218 333 
220 39 
220 22 
220 24 
223 187 
223 820 
226 43 
228 2733 
228 51 
228 32 
228 34 
231 12 
231 256 
231 64 
232 214 
233 1142 
234 421 
234 49 
235 79 
236 113 
237 726 
237 42 
238 2903 
238 339 
240 49 
242 15 
245 144 
245 123 
246 105 
247 535 
247 35 
248 168 
249 172 
249 3059 
249 24 
250 122 
250 151 
256 17 
257 161 
258 58 
258 128 
260 268 
260 24 
262 6 
267 33 
268 59 
268 109 
269 96 
269 910 
274 65 
275 313 
275 26 
276 158 
279 63 
279 642 
281 58 
282 291 
285 9 
285 2 
287 41 
287 53 
288 298 
290 358 
291 84 
292 27 
293 134 
294 335 
295 276 
295 149 
295 86 
295 94 
299 38 
301 76 
301 621 
302 56 
303 80 
304 45 
305 57 
306 549 
306 80 
308 622 
308 8 
310 127 
311 137 
311 103 
315 27 
316 62 
317 22 
318 128 
320 88 
320 899 
324 203 
325 8 
325 84 
326 137 
327 385 
329 61 
329 175 
331 131 
334 91 
334 405 
338 191 
339 993 
340 26 
345 22 
347 92 
349 306 
349 143 
353 333 
354 59 
355 6 
356 236 
357 570 
357 0 
359 90 
362 27 
364 25 
366 326 
368 66 
369 143 
373 770 
376 11 
376 295 
378 1186 
380 1864 
383 6 
385 783 
385 63 
387 65 
391 281 
392 24 
393 63 
393 430 
393 29 
397 79 
400 15 
402 76 
403 213 
403 658 
406 32 
406 137 
409 100 
411 21 
411 573 
415 77 
422 306 
423 47 
425 15 
435 23 
436 45 
436 33 
438 11 
440 68 
440 31 
441 38 
445 40 
446 346 
446 113 
446 101 
447 46 
448 103 
449 162 
452 120 
452 115 
453 41 
454 131 
454 469 
455 30 
455 389 
456 65 
456 96 
456 222 
459 147 
462 70 
464 207 
468 36 
469 42 
471 33 
472 99 
473 179 
474 517 
476 41 
476 268 
478 25 
478 167 
479 832 
480 27 
482 36 
483 166 
485 206 
490 39 
490 115 
493 32 
493 161 
498 153 
499 3 
499 73 
500 204 
505 156 
508 290 
509 1042 
512 74 
516 147 
516 185 
516 36 
518 127 
521 12 
522 7140 
522 8 
522 29 
522 159 
524 63 
526 112 
526 45 
532 32 
533 19 
534 9 
537 3 
540 65 
541 62 
543 59 
547 23 
548 663 
549 120 
551 69 
553 49 
554 692 
559 92 
561 154 
563 35 
565 10 
566 131 
567 28 
567 105 
568 104 
568 74 
568 165 
569 55 
575 382 
576 93 
582 15 
587 564 
588 73 
591 73 
596 58 
600 142 
600 142 
606 145 
609 42 
611 45 
613 164 
616 2488 
617 22 
617 49 
625 111 
625 460 
629 15 
630 149 
631 11 
633 132 
634 13 
637 1874 
638 82 
643 75 
651 195 
651 142 
652 187 
652 48 
653 513 
654 23 
655 20 
658 226 
659 361 
665 28 
667 44 
670 275 
671 313 
675 54 
677 191 
677 159 
680 60 
680 96 
689 104 
691 47 
691 39 
693 44 
694 26 
700 107 
701 1 
705 334 
712 37 
714 906 
718 100 
718 25 
718 15555 
720 44 
722 87 
723 118 
725 20 
728 17 
735 145 
736 36 
745 14 
745 66 
747 622 
751 5747 
755 2 
756 6 
756 119 
757 14 
759 238 
761 164 
761 651 
770 85 
779 819 
781 34 
782 13 
792 205 
792 57 
793 4085 
797 75 
800 4 
800 75 
801 242 
804 27 
809 46 
810 107 
812 68 
813 54 
813 10 
815 27 
817 359 
822 119 
824 81 
825 56 
826 150 
826 24 
832 78 
835 514 
836 72 
848 47 
851 7 
855 9152 
859 0 
864 138 
869 59 
870 633 
872 204 
875 49 
876 4972 
876 18 
881 657 
882 944 
888 19 
890 51 
906 161 
906 7 
907 76 
915 61 
916 6 
917 28 
923 131 
939 246 
942 22 
942 3 
943 12 
945 141 
946 19 
948 35 
956 57 
959 12 
962 70 
963 10 
969 17 
972 58 
975 47 
977 169 
979 150 
982 8 
982 12 
983 188 
983 753 
983 459 
987 7 
989 152 
990 48 
998 139 
999 134 
1002 65 
1006 259 
1006 178 
1010 216 
1013 46 
1016 121 
1016 195 
1018 153 
1026 206 
1030 113 
1033 86 
1035 338 
1035 53 
1036 13 
1048 190 
1055 360 
1061 202 
1062 153 
1063 520 
1065 62 
1068 1956 
1073 85 
1074 216 
1075 41 
1079 283 
1080 115 
1081 44 
1091 514 
1091 38 
1096 8 
1096 4994 
1097 19 
1100 280 
1101 495 
1108 54 
1110 159 
1117 3 
1118 90 
1118 16 
1124 73 
1128 215 
1129 27 
1132 25 
1132 111 
1132 38 
1141 428 
1142 964 
1144 53 
1150 67 
1152 407 
1155 478 
1166 77 
1166 114 
1166 58 
1169 14 
1177 61 
1178 87 
1179 51 
1185 18 
1186 165 
1189 228 
1191 28 
1193 46 
1195 10 
1205 605 
1205 269 
1206 25 
1210 83 
1218 18 
1220 25 
1222 21 
1227 284 
1229 250 
1237 56 
1246 98 
1249 187 
1260 5 
1270 117 
1276 801 
1277 5 
1278 116 
1282 13 
1283 55 
1283 64 
1286 79 
1293 49 
1299 120 
1299 20 
1316 42 
1318 86 
1319 101 
1320 744 
1322 55 
1328 66 
1328 147 
1329 28 
1330 162 
1330 107 
1337 16 
1340 17 
1340 1430 
1342 450 
1342 27 
1343 125 
1345 16 
1346 273 
1348 31 
1349 14 
1352 6 
1356 93 
1358 86 
1362 61 
1372 23 
1374 18 
1375 85 
1393 57 
1393 55 
1395 88 
1395 81 
1407 6 
1416 43 
1419 31 
1423 13 
1424 5957 
1440 278 
1446 23 
1449 8 
1454 26 
1455 233 
1456 241 
1461 81 
1474 298 
1474 24 
1481 22 
1481 90 
1483 92 
1483 127 
1489 35 
1494 203 
1494 24 
1500 35 
1501 14 
1501 1051 
1504 637 
1522 46 
1532 1016 
1532 42 
1532 342 
1535 78 
1536 20 
1538 78 
1538 54 
1542 27 
1545 35 
1547 179 
1555 7 
1556 29 
1558 479 
1558 9 
1563 788 
1565 8 
1567 25 
1568 99 
1568 137 
1570 11 
1571 46 
1584 22 
1588 233 
1592 119 
1600 1075 
1608 142 
1617 232 
1617 132 
1621 40 
1638 56 
1645 5 
1648 134 
1659 18 
1661 91 
1665 37 
1681 56 
1681 18 
1686 125 
1687 351 
1692 16 
1697 238 
1698 93 
1698 87 
1701 14 
1716 53 
1724 296 
1724 17 
1725 54 
1734 3 
1735 27 
1741 67 
1745 148 
1767 12 
1767 150 
1769 76 
1773 33 
1774 121 
1778 19 
1781 18 
1785 31 
1792 52 
1792 16 
1796 324 
1797 16 
1798 23 
1809 278 
1812 34 
1825 16 
1828 7 
1832 844 
1838 32 
1838 125 
1841 144 
1845 26 
1848 23 
1848 956 
1859 302 
1862 48 
1862 38 
1862 77 
1865 167 
1866 84 
1867 25 
1870 240 
1876 5275 
1884 18 
1888 3 
1890 21 
1894 136 
1896 40 
1908 96 
1915 75 
1926 14 
1926 249 
1934 1173 
1948 4 
1951 27 
1957 5 
1957 41 
1959 33 
1971 21 
1976 2067 
1976 7 
1983 14 
1989 33 
2004 125 
2005 109 
2006 59 
2009 446 
2014 72 
2027 7 
2028 44 
2031 39 
2031 95 
2032 337 
2036 246 
2038 69 
2045 34 
2056 60 
2058 1544 
2062 541 
2064 19 
2066 59 
2072 57 
2072 16 
2093 78 
2100 15 
2102 86 
2106 82 
2107 81 
2109 243 
2110 7 
2117 22 
2123 160 
2124 16 
2136 130 
2137 23 
2137 42 
2141 78 
2141 8 
2143 81 
2144 180 
2148 31 
2156 49 
2157 3 
2162 21 
2184 830 
2209 15 
2221 8 
2225 12 
2225 162 
2227 117 
2228 75 
2248 322 
2256 307 
2257 500 
2266 649 
2271 113 
2271 8 
2271 168 
2274 51 
2275 681 
2279 65 
2284 145 
2286 65 
2287 128 
2287 461 
2296 43 
2297 74 
2298 1102 
2309 171 
2312 402 
2314 101 
2315 206 
2321 20 
2328 97 
2340 354 
2342 35 
2349 110 
2361 134 
2373 77 
2376 53 
2384 63 
2387 9 
2389 9 
2391 455 
2393 18 
2397 284 
2398 91 
2405 37 
2413 32 
2416 51 
2416 47 
2420 54 
2422 3 
2425 81 
2428 40 
2433 46725 
2442 23 
2443 67 
2457 347 
2459 43 
2460 170 
2460 33 
2462 66 
2472 229 
2476 238 
2483 60 
2483 63 
2502 40 
2504 0 
2507 81 
2509 20 
2510 141 
2511 45 
2516 112 
2517 15 
2522 15 
2524 0 
2528 461 
2533 1137 
2535 941 
2542 8 
2545 38 
2550 146 
2550 12 
2559 15 
2565 75 
2566 34 
2568 60 
2569 29 
2585 57 
2586 47 
2591 72 
2599 119 
2603 75 
2613 81 
2615 695 
2617 1220 
2618 116 
2631 174 
2634 32 
2640 149 
2642 18 
2642 36 
2649 38737 
2659 105 
2662 52 
2673 16 
2696 38 
2699 19 
2704 104 
2710 22 
2711 31 
2714 88 
2719 1094 
2720 121 
2726 169 
2728 42 
2735 78 
2753 41 
2757 123 
2766 74 
2777 221 
2779 365 
2780 34 
2781 8 
2784 31 
2785 94 
2786 3 
2787 6 
2787 13 
2790 79 
2791 33 
2796 51 
2798 73 
2802 80 
2808 6 
2808 187 
2812 28 
2817 113 
2822 116 
2824 42 
2835 749 
2843 355 
2843 66 
2845 53 
2846 463 
2870 26 
2881 9398 
2889 218 
2889 22 
2892 77 
2893 31 
2905 10 
2907 17 
2911 2413 
2920 11 
2928 24 
2934 111 
2937 18 
2942 45 
2954 189 
2958 133 
2970 1124 
2974 483 
2980 926 
2987 10 
3002 11 
3014 166 
3022 928 
3030 221 
3039 83 
3040 49 
3045 9 
3052 369 
3067 48 
3070 33 
3074 7 
3078 325 
3084 41 
3085 0 
3095 212 
3104 787 
3123 12 
3127 373 
3134 13 
3142 47 
3148 65 
3152 574 
3168 30 
3171 8 
3171 18 
3173 16 
3180 8 
3181 33 
3187 39 
3193 5 
3195 418 
3199 54 
3199 616 
3209 45 
3219 9 
3226 32 
3227 13 
3228 18 
3237 64 
3240 155 
3248 20 
3252 120 
3261 27 
3271 4 
3280 15 
3281 12 
3289 75 
3296 2 
3302 1537 
3305 84 
3307 229 
3307 114 
3325 29 
3338 33 
3349 104 
3350 8 
3358 87 
3362 7 
3376 605 
3378 712 
3391 19 
3436 20 
3448 15 
3450 34 
3452 217 
3453 1565 
3459 18 
3470 12 
3472 40 
3480 61 
3514 7 
3528 38 
3542 160 
3549 11 
3550 35 
3553 6 
3555 138 
3557 395 
3565 13 
3570 27 
3571 181 
3581 70 
3591 9 
3593 112 
3594 14 
3606 12 
3606 53 
3609 78 
3609 70 
3612 14 
3617 4 
3629 167 
3633 83 
3641 34 
3648 81 
3648 184 
3655 68 
3655 22 
3663 5 
3667 60 
3674 6 
3677 90 
3694 23 
3694 26 
3705 36 
3713 488 
3720 135 
3724 68 
3726 70 
3731 74 
3747 34 
3756 252 
3757 85 
3763 147 
3771 58 
3777 91 
3780 27 
3782 586 
3788 107 
3789 250 
3789 66 
3790 4 
3794 27 
3796 789 
3805 71 
3814 118 
3816 40 
3825 160 
3826 30 
3832 16 
3832 35 
3855 86 
3864 50 
3869 741 
3869 10 
3870 79 
3883 47 
3886 213 
3905 33 
3941 60 
3942 121 
3960 60 
3965 63 
3967 44 
3989 318 
3990 1075 
3992 183 
3996 27 
4002 7 
4004 53 
4013 4 
4022 1465 
4024 9 
4030 21 
4040 32 
4056 12 
4058 27 
4064 3 
4068 68 
4085 137 
4096 46 
4097 178 
4109 51 
4133 14 
4136 1172 
4144 10 
4153 123 
4161 35 
4171 250 
4178 16 
4193 2 
4195 32 
4204 2 
4205 4 
4208 305 
4222 7 
4236 206 
4236 82 
4247 35 
4251 17 
4257 64 
4292 7 
4292 647 
4295 110 
4299 59 
4300 44 
4302 1 
4310 109 
4322 104 
4322 14 
4324 12 
4327 203 
4327 581 
4329 46 
4335 164 
4338 19 
4339 11 
4344 13 
4347 177 
4356 28 
4357 100 
4386 13 
4398 314 
4400 179 
4409 17 
4415 92 
4425 9 
4432 2904 
4436 16 
4438 67 
4439 30 
4445 2 
4446 40 
4448 112 
4454 105 
4455 15 
4456 50 
4482 114 
4496 271 
4512 4 
4518 380 
4532 646 
4537 9 
4540 68 
4544 19 
4558 365 
4559 578 
4562 47 
4563 42 
4567 194 
4576 6 
4580 35 
4610 44 
4613 266 
4626 12 
4628 30 
4644 8 
4645 182 
4648 339 
4652 12 
4654 46 
4654 16 
4662 24 
4666 31 
4673 1191 
4676 24 
4707 10 
4718 60507 
4723 322 
4731 84 
4732 387 
4734 43 
4736 56 
4745 111 
4745 139 
4747 75 
4750 14 
4751 48 
4754 249 
4756 5 
4762 80 
4776 70 
4787 125 
4791 1 
4799 131 
4801 158 
4803 240 
4815 14 
4822 116 
4832 1049 
4840 19 
4841 41 
4844 39 
4856 448 
4858 2296 
4864 8 
4886 22 
4891 13 
4891 105 
4908 12 
4911 56 
4935 139 
4945 30 
4946 60 
4947 43 
4959 1 
4974 148 
4987 39 
5016 63 
5020 29 
5027 16 
5036 113 
5042 76 
5048 9 
5050 47 
5057 15 
5069 56 
5071 28 
5072 9 
5079 125 
5087 96 
5088 1789 
5092 5 
5106 1012 
5109 134 
5132 3 
5140 29 
5146 170 
5156 33 
5158 158 
5169 20 
5170 127 
5174 14 
5176 662 
5179 44 
5191 29 
5197 59 
5199 47 
5208 29 
5233 97 
5257 46 
5258 43 
5258 650 
5272 95 
5275 6 
5277 9 
5295 17 
5298 41 
5308 24 
5329 168 
5337 79 
5342 48 
5350 442 
5361 173 
5364 21 
5365 129 
5369 70 
5370 191 
5375 336 
5392 13 
5393 21 
5394 115 
5404 64 
5405 4 
5412 128 
5420 1079 
5424 158 
5425 466 
5426 2 
5441 713 
5453 6 
5459 63 
5476 29 
5478 241 
5490 22 
5490 101 
5493 24 
5497 35 
5500 367 
5513 105 
5521 165 
5528 88 
5533 27 
5540 116 
5554 69 
5575 118 
5581 113 
5584 250 
5598 15 
5600 24 
5606 289 
5610 16 
5619 13 
5625 32 
5634 4 
5636 48 
5642 29 
5643 959 
5643 12 
5647 50 
5671 75 
5678 14 
5692 76 
5697 9 
5700 21 
5712 25 
5722 1210 
5722 248 
5724 101 
5747 20 
5748 386 
5749 35 
5750 10 
5751 31 
5764 77 
5778 11 
5789 63 
5789 37 
5793 157 
5799 7 
5823 26 
5823 51 
5831 36 
5835 71 
5849 12 
5877 26 
5882 41 
5901 822 
5902 151 
5902 63 
5903 21 
5905 9 
5905 56 
5920 14 
5957 32 
5958 186 
5963 41 
5994 13 
5998 5 
6001 22 
6002 19 
6022 13 
6024 2 
6033 217 
6036 77 
6038 38 
6050 38 
6050 205 
6051 191 
6061 91 
6068 29 
6087 20 
6103 27 
6114 90 
6126 21 
6155 6 
6168 574 
6171 152 
6194 103 
6195 54 
6207 52 
6208 0 
6210 73 
6224 8 
6233 20 
6234 85 
6235 26 
6239 25 
6243 24 
6245 342 
6277 132 
6279 110 
6288 44 
6291 162 
6291 448 
6296 8 
6302 2 
6309 352 
6328 168 
6335 128 
6356 61 
6369 318 
6383 15 
6398 187 
6400 35 
6406 97 
6428 46 
6430 42 
6436 15 
6437 88 
6462 70 
6485 5 
6488 2 
6492 15 
6492 156 
6502 31 
6504 5 
6504 29 
6514 64 
6519 246 
6521 350 
6525 19 
6528 197 
6548 934 
6551 59 
6551 42 
6568 64 
6579 147 
6582 423 
6594 58 
6595 73 
6601 613 
6609 139 
6612 47 
6636 77 
6641 54 
6652 6 
6659 57 
6665 13 
6672 79 
6674 41 
6684 3 
6691 10 
6694 50 
6704 17 
6716 49 
6726 236 
6739 226 
6743 51 
6763 4368 
6767 26 
6769 69 
6810 38 
6812 32 
6832 23 
6835 88 
6838 71 
6840 51 
6843 90 
6858 11 
6866 9 
6881 7 
6887 16 
6888 19 
6904 35 
6916 17 
6928 28 
6935 25 
6939 62 
6941 100 
6948 36 
6949 13 
6952 9 
6953 18 
6960 30 
6971 10 
6986 5067 
6993 49 
6994 97 
7001 20 
7009 52 
7013 12 
7013 917 
7018 102 
7024 22 
7034 56 
7036 321 
7059 74 
7059 51 
7089 242 
7101 435 
7103 6 
7107 508 
7119 24 
7120 86 
7139 62 
7141 17 
7144 11 
7160 62 
7167 14 
7169 32 
7170 109 
7174 32 
7175 139 
7194 62 
7200 87 
7204 13 
7217 4 
7221 81 
7223 83 
7230 58 
7237 77 
7238 19 
7243 265 
7252 76 
7284 46 
7314 13 
7324 2741 
7339 9 
7341 10 
7341 123 
7344 3 
7347 31 
7354 47 
7360 22 
7362 18 
7386 42 
7391 64 
7399 252 
7402 3 
7405 32 
7414 29 
7417 852 
7424 73 
7427 11 
7431 36 
7453 326 
7467 152 
7489 321 
7492 50 
7496 380 
7518 19 
7545 136 
7549 187 
7564 12 
7583 36 
7604 30 
7606 33 
7609 1028 
7609 84 
7627 52 
7634 176 
7659 57 
7685 34 
7696 20 
7708 66 
7715 37 
7735 94 
7743 14 
7748 133 
7749 0 
7756 19 
7767 11 
7771 78 
7778 331 
7779 60 
7785 53 
7788 21 
7807 4 
7816 4 
7825 7 
7843 51 
7846 66 
7851 105 
7856 149 
7862 262 
7869 53 
7875 34 
7886 138 
7887 44 
7892 151 
7894 163 
7900 88 
7909 91 
7912 88 
7924 39 
7935 335 
7949 44 
7959 58 
7968 50 
7979 3 
7980 86 
7981 26 
7982 106 
8018 13 
8027 305 
8030 1739 
8034 333 
8037 5 
8041 17 
8050 22 
8075 16 
8077 28 
8087 49 
8087 21 
8088 25 
8101 217 
8105 2 
8107 2 
8117 210 
8120 256 
8127 7 
8137 27 
8139 45 
8156 574 
8159 329 
8186 201 
8196 196 
8210 2 
8213 20 
8226 85 
8260 4 
8263 10 
8265 2 
8266 39 
8272 1875 
8273 38 
8275 56 
8276 84 
8280 0 
8288 9 
8305 48 
8322 29 
8329 25 
8332 67 
8338 30 
8339 266 
8348 105 
8357 186 
8376 25 
8378 22 
8399 46 
8411 81 
8419 9 
8425 167 
8435 45 
8442 373 
8443 19 
8457 42 
8463 74 
8465 69 
8472 135 
8473 12 
8474 18 
8476 73 
8487 124 
8494 1 
8495 8 
8500 66 
8520 13 
8543 106 
8550 246 
8565 16 
8569 34 
8579 31 
8587 319 
8588 7 
8610 55 
8611 74 
8618 31 
8632 16 
8644 52 
8646 248 
8656 7 
8667 11 
8668 8 
8675 37 
8695 10 
8709 18 
8719 132 
8719 77 
8737 31 
8738 1246 
8766 952 
8774 15 
8779 25 
8787 16 
8788 18 
8789 15 
8790 41 
8794 16 
8824 8 
8826 38 
8827 50 
8836 49 
8839 24 
8843 38 
8887 35 
8888 17 
8894 0 
8900 255 
8905 71 
8910 150 
8915 2543 
8930 60 
8935 39 
8981 200 
9011 5 
9011 188 
9015 284 
9026 229 
9052 452 
9063 5 
9065 41 
9077 53 
9089 75 
9092 154 
9108 4 
9123 56 
9134 49 
9152 64 
9164 26 
9185 105 
9185 14 
9197 83 
9203 70 
9210 8 
9210 237 
9212 3377 
9224 31 
9256 122 
9273 24 
9295 106 
9296 51 
9300 63 
9311 69 
9321 5 
9321 86 
9337 90 
9340 22 
9345 186 
9345 16 
9351 405 
9372 26 
9374 162 
9391 15 
9403 51 
9433 61 
9444 3 
9444 86 
9445 103 
9459 988 
9463 223 
9464 32 
9472 33 
9482 28 
9483 1170 
9484 88 
9495 2927 
9496 517 
9507 46 
9510 40 
9521 30 
9521 36 
9532 20 
9536 16 
9538 70 
9540 48 
9550 1632 
9575 40 
9579 18 
9584 37 
9607 60 
9615 13 
9625 75 
9644 115 
9646 29 
9667 19 
9669 20 
9677 19 
9691 304 
9697 62 
9724 43 
9734 57 
9735 114 
9738 65 
9744 19 
9747 32 
9752 39 
9765 106 
9766 103 
9767 20 
9775 56 
9787 11 
9790 31 
9793 206 
9798 9 
9841 3 
9851 39 
9859 132 
9863 8 
9903 57 
9922 35 
9935 331 
9939 67 
9958 120 
9975 45 
9976 88 
9980 147 
9985 135 
9987 2 
10008 18 
10008 33 
10014 428 
10024 132 
10025 26 
10035 17 
10036 47 
10048 61 
10050 7 
10058 85 
10082 60 
10089 16 
10115 3 
10140 10 
10164 9 
10166 18 
10170 19 
10174 23 
10180 216 
10185 12 
10199 22 
10220 239 
10233 51 
10236 37 
10237 6 
10246 68 
10246 40 
10251 27 
10254 60 
10258 92 
10263 122 
10294 96 
10295 25 
10333 45 
10342 21 
10343 43 
10359 22 
10373 141 
10376 62 
10378 127 
10405 3 
10408 15 
10410 139 
10423 17 
10435 65 
10441 255 
10444 14 
10445 5 
10456 228 
10468 44 
10484 343 
10485 142 
10486 21 
10495 122 
10505 14 
10518 100 
10519 24 
10525 198 
10535 93 
10541 348 
10542 9 
10543 59 
10544 414 
10549 54 
10568 3 
10590 171 
10592 17 
10599 52 
10609 528 
10617 81 
10625 924 
10634 95 
10642 14 
10651 30 
10673 9 
10677 3 
10682 11 
10691 113 
10696 8 
10708 48 
10711 1163 
10723 73 
10729 68 
10736 474 
10736 110 
10738 27 
10740 7 
10748 88 
10762 0 
10781 416 
10784 21 
10789 14 
10790 17 
10803 142 
10821 14 
10822 39 
10842 2424 
10845 51 
10857 49 
10858 14 
10860 321 
10867 70 
10869 6 
10880 137 
10888 19 
10892 116 
10900 108 
10903 183 
10924 55 
10927 65 
10953 35 
10971 18 
10977 20 
10986 19 
10988 61 
11011 29 
11028 349 
11028 51 
11028 31 
11037 45 
11043 48 
11047 1 
11062 1 
11063 92 
11080 52 
11083 22 
11092 2347 
11131 6 
11134 13 
11135 29 
11162 17 
11168 36 
11184 74 
11190 87 
11193 60 
11197 1024 
11198 69 
11215 5 
11215 5 
11233 5 
11233 5 
11240 1070 
11240 1070 
11241 461 
11241 461 
11262 639 
11262 64 
11262 64 
11262 639 
11330 9 
11353 171 
11360 71 
11369 59 
11371 12 
11400 34 
11413 54 
11430 38 
11446 17 
11449 169 
11452 60 
11456 121 
11460 11 
11461 16 
11480 3 
11490 11 
11509 11 
11510 21 
11528 38 
11529 16 
11546 770 
11547 9 
11548 181 
11549 119 
11589 16 
11591 56 
11595 74 
11597 83 
11625 18 
11627 66 
11629 153 
11629 48 
11634 161 
11636 68 
11640 77 
11647 21 
11670 55 
11672 83 
11695 82 
11716 3 
11763 108 
11777 27 
11777 16 
11780 35 
11794 31 
11807 32 
11816 61 
11819 240 
11828 118 
11837 41 
11854 1032 
11854 16 
11878 50 
11882 35 
11899 92 
11912 17 
11918 141 
11921 28 
11929 456 
11942 7 
11948 7 
11949 223 
11955 20 
11971 81 
11976 74 
11981 25 
12012 1452 
12015 133 
12017 1154 
12033 52 
12091 103 
12094 2 
12102 9 
12102 8 
12102 39 
12106 8 
12107 89 
12108 113 
12147 11 
12150 100 
12156 114 
12166 63 
12170 297 
12174 94 
12187 37 
12197 179 
12231 4 
12241 65 
12242 55 
12259 109 
12261 150 
12263 28 
12276 15 
12277 18 
12282 25 
12285 110 
12287 1087 
12302 31 
12312 29 
12323 44 
12328 91 
12329 26 
12330 104 
12339 39 
12343 97 
12350 0 
12365 94 
12376 10 
12385 12 
12394 61 
12404 23 
12415 34 
12418 421 
12458 215 
12482 36 
12483 19 
12491 17 
12492 25 
12507 16 
12527 7 
12533 113 
12552 4 
12556 67 
12561 181 
12564 29 
12576 2412 
12580 11 
12588 29 
12614 15 
12618 38 
12628 38 
12636 51 
12669 25 
12687 134 
12692 1656 
12705 14 
12723 8 
12814 17 
12815 74 
12828 16 
12828 195 
12843 28 
12844 39 
12856 45 
12902 13 
12911 5 
12917 32 
12923 29 
12926 27 
12940 56 
12952 155 
12958 9 
12958 235 
12966 11 
12977 53 
12979 57 
13023 139 
13036 12 
13036 31 
13041 205 
13078 109 
13100 27 
13114 28 
13115 85 
13134 8 
13149 21 
13154 39 
13169 48 
13172 42 
13178 5 
13192 40 
13203 116 
13204 0 
13216 71 
13221 97 
13224 19 
13234 173 
13234 22 
13235 169 
13245 16 
13254 25 
13270 8 
13319 5 
13322 163 
13346 22 
13350 192 
13424 8 
13453 2 
13467 21 
13489 415 
13496 10 
13498 7 
13510 13 
13511 21 
13533 48 
13538 10 
13544 27 
13557 4 
13573 27 
13578 27 
13583 328 
13634 64 
13639 38 
13653 96 
13656 63 
13659 14 
13666 22 
13667 21 
13687 362 
13705 182 
13730 121 
13751 67 
13765 1 
13787 42 
13815 93 
13840 27 
13856 128 
13875 41 
13891 42 
13908 72 
13910 48 
13918 71 
13922 12 
13927 138 
13928 15 
13934 54 
13944 16 
13945 25 
13947 22 
13952 156 
13958 36 
13984 113 
14005 14 
14013 10 
14029 22 
14030 206 
14056 8 
14062 104 
14064 12 
14071 12 
14091 7 
14100 10 
14123 45 
14124 11 
14216 5 
14219 217 
14246 1 
14250 17 
14265 5 
14271 67 
14275 81 
14296 40 
14337 25 
14352 47 
14363 115 
14365 111 
14410 525 
14433 25 
14478 51 
14506 14 
14522 55 
14533 12 
14535 74 
14541 5 
14542 91 
14548 9 
14551 64 
14570 176 
14578 15 
14596 167 
14601 203 
14604 37 
14627 49 
14653 14 
14671 13 
14767 8 
14770 165 
14777 8 
14782 53 
14789 50 
14828 13 
14835 59 
14840 7 
14902 16 
14929 31 
14935 28 
14941 41 
14973 126 
15007 62 
15021 82 
15037 59 
15044 1 
15045 50 
15066 23 
15082 78 
15129 7 
15145 15 
15155 11 
15163 82 
15166 3 
15176 36 
15176 44 
15184 42 
15204 69 
15207 178 
15221 28 
15230 17 
15296 33 
15299 676 
15349 92 
15419 1721 
15426 43 
15433 8 
15439 66 
15444 135 
15460 19 
15464 18 
15466 29 
15476 134 
15476 54 
15503 216 
15506 407 
15523 74 
15527 64 
15531 1797 
15539 34 
15575 43 
15587 12 
15591 26 
15619 14 
15652 49 
15734 43 
15762 71 
15783 55 
15815 14 
15827 2 
15842 16 
15869 21 
15884 0 
15916 238 
15963 30 
15967 53 
15981 42 
15984 51 
16001 9 
16069 78 
16073 3 
16078 17 
16099 3 
16148 20 
16163 53 
16164 4 
16186 41 
16192 75 
16289 464 
16333 164 
16409 49 
16420 25 
16461 16 
16467 171 
16472 10 
16515 48 
16545 66 
16548 85 
16563 66 
16564 72 
16656 175 
16678 11 
16679 17 
16727 380 
16783 13 
16788 0 
16846 214 
16861 3 
16876 70 
16900 12 
16900 17 
16917 20 
16943 13 
16944 1404 
16960 40 
17018 179 
17022 18 
17027 35 
17028 65 
17046 15 
17054 55 
17090 61 
17111 13 
17113 122 
17175 37 
17177 5 
17193 123 
17259 11 
17259 93 
17260 101 
17261 13 
17275 53 
17281 20 
17296 25 
17300 4 
17311 11 
17440 32 
17491 3 
17503 14 
17522 131 
17568 87 
17569 1964 
17623 187 
17641 12 
17655 41 
17691 16 
17696 28 
17713 12 
17713 12 
17743 53 
17836 31 
17842 665 
17887 39 
17895 22 
17927 11 
17928 55 
17950 41 
17999 124 
18049 117 
18071 938 
18080 118 
18090 11 
18109 7 
18220 45 
18222 570 
18222 20 
18224 190 
18236 42 
18249 40 
18266 261 
18274 4 
18277 199 
18324 55 
18338 1 
18345 35 
18390 2899 
18391 2126 
18465 5 
18478 13 
18507 15 
18514 21 
18527 48 
18560 14 
18571 89 
18648 4 
18649 13 
18652 31792 
18664 49 
18681 341 
18702 14 
18707 3 
18738 10 
18745 3 
18782 56 
18861 25 
18903 97 
18953 12 
19006 18 
19054 48 
19090 14 
19115 5 
19133 25 
19135 49 
19146 20 
19155 121 
19157 21 
19164 10 
19177 17 
19198 97 
19207 9011 
19211 15 
19297 2569 
19306 26 
19340 16 
19348 2 
19372 33 
19378 105 
19397 75 
19432 87 
19436 1183 
19457 16 
19487 26 
19495 26 
19506 14 
19530 2006 
19614 112 
19663 31 
19689 95 
19715 16 
19726 570 
19737 71 
19739 48 
19748 28 
19784 5 
19790 0 
19797 8 
19805 26 
19828 56 
19848 30 
19878 31 
19930 11 
19949 1 
20003 7 
20019 49 
20111 22 
20164 7 
20175 1295 
20182 73 
20232 88 
20237 91 
20258 73 
20301 37 
20304 182 
20315 63 
20359 508 
20359 22 
20478 987 
20517 118 
20531 29 
20674 13 
20705 293 
20708 2 
20716 137 
20779 312 
20806 29 
20935 4927 
20948 2 
20979 11 
20987 54 
20990 498 
20993 14 
21058 214 
21073 32289 
21088 1042 
21128 9 
21172 5 
21185 56 
21195 3 
21225 32 
21237 13 
21325 32 
21330 59 
21336 92 
21345 6 
21357 51 
21363 12 
21377 9 
21402 6 
21443 449 
21459 11 
21567 44 
21617 1288 
21701 64 
21710 9 
21732 46 
21785 33 
21809 276 
21861 10 
21925 64 
21926 773 
21951 2 
22079 5665 
22155 22 
22192 16 
22193 156 
22274 22 
22292 1214 
22298 16 
22303 16 
22310 0 
22347 1568 
22376 0 
22398 3 
22447 21 
22477 75 
22494 1702 
22516 504 
22534 33 
22607 38 
22616 18 
22654 197 
22770 6 
22779 81 
22787 83 
22795 26 
22822 19 
22844 47 
22857 164 
22870 7 
22872 20 
22880 46 
22911 27 
22920 19 
22996 46 
23044 194 
23062 18 
23109 67 
23143 79 
23162 12 
23179 13120 
23233 8 
23259 42 
23265 9 
23301 24 
23447 118 
23456 276 
23466 22 
23496 14 
23504 21 
23525 20 
23535 32 
23620 50 
23653 46 
23686 49 
23701 60 
23750 159 
23781 201 
23815 13 
23886 77 
23905 43 
23921 2 
23939 6 
23985 5 
23996 41 
24061 34 
24111 46 
24117 42 
24137 91 
24171 7 
24188 50 
24251 3 
24253 75 
24255 12 
24279 16 
24280 65 
24281 25443 
24296 5362 
24328 380 
24330 295 
24352 31 
24361 41 
24403 64 
24447 14 
24463 44 
24467 92 
24527 11 
24652 17 
24661 73 
24668 24 
24670 53 
24739 1272 
24751 22 
24862 41 
24877 24 
24946 99 
24986 69 
25030 53 
25070 68 
25105 15 
25221 81 
25268 62 
25300 10 
25354 31 
25522 192 
25530 136 
25539 9 
25545 12 
25550 41 
25553 15 
25593 8 
25643 16 
25680 13 
25688 16 
25727 0 
25751 58 
25782 21 
25811 22 
25914 34 
25917 43 
25940 571 
25955 5 
25969 1390 
25992 131 
26009 91 
26012 26 
26027 78 
26035 156 
26053 496 
26112 183 
26168 2257 
26187 55 
26223 22 
26367 34 
26382 46 
26389 40 
26395 663 
26403 17 
26410 811 
26427 68 
26530 27 
26603 34 
26614 87 
26650 14 
26705 11 
26719 54 
26727 13 
26767 13 
26798 4604 
26827 389 
26840 71 
26842 4 
26909 175 
26919 31 
26945 81 
27002 220 
27045 39 
27052 4 
27126 3 
27185 32 
27210 231 
27263 527 
27273 17 
27452 56 
27468 219 
27539 56 
27558 67 
27585 602 
27600 19 
27606 19 
27776 65 
27780 50 
27891 600 
27896 13 
27983 69 
28056 27 
28083 34 
28100 4 
28140 22 
28179 91 
28249 615 
28257 13 
28289 209 
28328 31 
28334 118 
28352 9 
28439 25 
28457 16 
28463 26 
28489 17 
28508 16 
28538 16 
28610 52 
28667 6 
28719 94 
28869 31 
28881 14 
28882 57 
28969 0 
29148 8 
29183 71 
29261 144 
29454 1 
29511 348 
29551 15 
29601 138 
29702 9 
29751 58 
29759 80 
29762 279 
29790 50 
29847 9 
29886 22 
29961 70 
29972 31 
29990 53 
30123 6 
30150 42 
30389 299 
30415 42 
30454 5 
30564 55 
30653 135 
30765 21 
30800 849 
30908 42 
30933 19 
30944 252 
30968 1508 
31020 5 
31051 430 
31058 16 
31065 224 
31095 58 
31140 16 
31237 34 
31244 6 
31279 6 
31307 39 
31350 141 
31393 17 
31573 99 
31746 175 
31751 20 
31755 7 
31774 544 
31802 47 
31881 52 
32061 28 
32124 59 
32196 26 
32211 50 
32240 297 
32248 2 
32296 2107 
32380 114 
32400 21 
32512 56 
32599 2773 
32642 27 
32645 31 
32720 6 
33268 59 
33334 1928 
33527 1 
33547 16 
33592 485 
33607 40 
33643 42 
33667 3 
33700 46 
33773 18 
33805 58 
33938 4 
33945 1 
33978 12 
33984 71 
33986 58 
34034 11 
34061 103 
34267 7 
34356 2 
34470 23 
34515 15 
34530 13 
34634 23 
34661 58 
34779 26 
34885 4 
34916 17 
34964 8 
34965 19 
34967 2 
35062 32 
35088 61 
35125 22 
35265 44 
35268 24 
35446 46 
35498 3 
35652 12 
35668 54 
35901 10 
35963 18 
35992 5 
36036 39 
36036 22 
36113 23 
36157 23 
36174 9 
36187 8 
36209 18 
36215 37 
36238 3130 
36409 4 
36481 1270 
36488 23 
36596 110 
36639 23 
36646 139 
36749 125 
36755 22 
36759 172 
36857 14 
36923 15 
36928 12 
36935 80 
37183 191 
37203 266 
37218 413 
37232 191 
37248 8 
37338 77 
37390 33 
37539 54 
37681 10 
37730 529 
37750 90 
37813 13 
37927 23 
37999 2 
38058 4 
38075 46 
38122 913 
38202 804 
38223 57 
38288 8 
38464 292 
38508 31 
38577 3 
38645 41 
38688 19 
38716 51 
38769 121 
38898 82 
38932 24 
38973 20 
39026 14 
39036 30 
39133 31 
39227 158 
39410 18 
39463 0 
39632 688 
39708 2 
39868 1778 
39872 16 
39988 257 
40024 1220 
40030 0 
40041 2 
40058 1220 
40061 100 
40159 3 
40161 43 
40264 13 
40274 8 
40306 39 
40311 14 
40373 4 
40379 9 
40771 38 
41089 48 
41196 28 
41387 74 
41497 2 
41617 50 
41705 24 
41711 39 
41742 14 
41801 245 
41858 33 
41871 142 
41956 402 
42154 25 
42226 927 
42269 13 
42579 25 
42845 178 
42860 18 
43109 2 
43284 28 
43664 2 
43678 98 
43678 7 
43818 45 
43977 41 
44104 20710 
44110 89 
44284 391 
44350 127 
44355 16 
44646 19 
44695 212 
44696 13 
44704 8 
44737 35 
44915 90 
44951 185 
45252 282 
45333 10 
45357 15 
45699 40 
45798 108 
45857 7 
45881 616 
45946 174 
45956 226 
46006 900 
46097 1 
46117 184 
46188 106 
46280 150 
46550 123 
46565 3 
46623 86 
46657 12 
46671 6 
46799 11 
46862 174 
46971 20 
47036 9 
47252 141 
47338 107 
47386 310 
47502 11 
47511 3 
47570 14106 
47606 885 
47616 122 
47626 12 
47660 76 
47681 67 
47732 4 
47780 35 
47978 47 
48149 25 
48392 86 
48459 11 
48535 3 
48860 51 
49390 87 
49606 20 
49857 15 
50015 95 
50035 502 
50037 48 
50181 69 
50233 0 
50302 772 
50304 4 
50494 3 
50497 1 
50651 25 
50685 23 
50749 87 
51036 2 
51071 17 
51252 48 
51288 3 
51427 16 
51622 24 
51802 81 
51922 54 
52044 1 
52267 70 
52285 24 
52356 6 
52393 13 
52432 39 
52597 360 
53075 55 
53203 3 
53319 228 
53425 11 
53449 69 
53769 3 
53856 1 
53905 3 
53949 8 
54003 117 
54286 18 
54472 10 
54549 298 
54551 469 
54576 7 
54581 68 
54767 851 
54775 5182 
54867 5 
54939 16 
54982 18 
55288 7 
55491 56 
55496 221 
55579 43 
55815 29 
55912 97 
55983 11 
56063 64 
56189 188 
56211 10 
56670 6 
56780 145 
57195 9 
57274 83 
57327 117 
57337 24 
57576 29 
57639 52 
57822 10 
58035 396 
58211 431 
58678 6722 
59000 15 
59294 62 
59298 90 
59376 938 
59551 18 
59668 28 
60203 12 
60249 13 
60297 59 
60619 17 
60814 6 
61048 72 
61126 24 
61723 101 
61932 51 
62051 85 
62107 1259 
62169 9 
62392 16 
62445 291 
62915 21 
63613 42 
63626 41 
63838 94 
63883 450 
64189 40 
64233 30 
64434 484 
64576 3 
64814 7 
65172 18 
65298 3 
65312 0 
65345 4 
65561 0 
65696 110 
65811 4 
66225 7 
66248 5 
66498 2 
66622 178 
66814 13 
67282 13 
67387 1 
67846 182 
67897 2 
68096 245 
68193 7 
68429 38 
68577 1 
68751 81 
69051 64 
69116 20 
69211 19 
69919 57 
69964 482 
69995 1315 
70318 86 
70323 331 
70410 56 
70626 40 
71283 18 
71333 8 
71405 1779 
71968 12 
72147 27 
73513 0 
74530 73 
75503 127 
76430 8 
76452 1473 
76494 68 
78005 0 
78201 2357 
79416 4549 
79508 34 
79748 110 
79835 169 
80349 122 
80469 4 
81030 4 
81068 19 
81176 133 
81197 299 
81445 33 
81622 4370 
81641 10 
82104 8 
82206 91 
84727 190 
84861 4 
86173 3 
86304 104 
86342 3299 
86365 3643 
86470 191 
86579 164 
87071 172 
87433 248 
88746 2 
88898 16 
89464 3 
90586 14 
90593 108 
90920 705 
92297 1635 
92297 1635 
93113 11 
93504 25 
93914 17 
95437 165 
95575 193 
95763 1050 
95921 155 
96501 4 
96768 86 
97333 7 
97567 105 
98045 16 
98314 27 
98501 3 
98641 9 
99237 59 
100602 512 
101575 77 
101866 337 
102716 433 
103134 2224 
104237 307 
104304 16393 
104320 1063 
104518 556 
104613 1 
104896 932 
106024 6 
106944 99 
107059 41 
107070 160 
107862 2235 
108489 0 
108925 622 
109348 0 
109439 29 
110109 13 
110534 78 
110691 325 
111294 5720 
111359 1998 
111844 123 
112121 539 
112746 4 
112989 1462 
113778 106 
114006 28 
114100 2 
114856 253 
114905 61 
116199 23 
117108 28 
117439 54 
118130 15 
118361 431 
119625 13 
123368 159 
124382 197 
124575 269 
125739 21 
126197 2 
126463 690 
126511 14 
126920 206 
128948 1000 
130752 542 
131173 29 
132550 46 
133559 38 
133851 121 
136989 8 
139004 92 
140517 6 
140536 3 
141227 23 
143451 2128 
146103 2 
151233 9 
151397 169 
153703 2 
155160 1120 
156633 64 
157860 43 
158775 205 
158978 57 
159163 33 
160534 162 
160786 67 
162887 0 
169186 24 
171810 11938 
172094 128 
173144 32 
173239 597 
173732 3937 
173776 66 
174016 15 
174217 15 
174310 781 
174657 30 
175283 556 
175497 75 
176088 983 
176753 1182 
178771 243 
179578 701 
181026 5 
183339 2 
183936 156 
184840 60 
185390 187 
186463 7 
186524 93 
190225 32 
194389 8686 
197742 33562 
197763 2205 
197929 82 
199533 46 
199976 139 
200295 5 
200707 154 
207458 145 
210481 9 
212307 31 
215499 238 
218579 466 
219682 5 
219748 30 
223581 84 
224638 331 
225968 1 
226908 154 
229061 7 
230537 594 
230804 7 
235399 15 
235506 30 
237006 11 
240709 234 
241482 25 
241694 40 
244529 15 
245068 54 
248483 44 
252017 172 
252719 12 
254097 1619 
256654 543 
259324 394 
262709 5 
263912 907 
268366 257 
268603 48 
271303 1178 
271504 106 
273544 112 
275302 60 
278390 2 
279564 10 
279635 14 
279726 191 
283233 1780 
290399 869 
292005 60 
293133 37 
293359 1 
293816 163 
300478 116 
301645 1 
301708 696 
301811 17 
302110 17 
303475 598 
306276 1325 
306503 145 
311752 443 
313279 994 
314421 6 
321296 10 
322782 341 
327228 294 
327761 213 
328581 1299 
330715 114 
332706 33 
333627 79 
333986 58 
334853 180 
336683 16 
336922 98 
337398 4 
338929 3 
339014 3 
340928 327 
347024 15 
354800 152 
357472 171 
360182 270 
360878 802 
365019 70 
375764 48 
377800 149 
380508 2 
384314 12 
386508 7123 
394469 218 
403557 77 
407936 202 
408618 41 
410395 20 
411079 31 
414320 3099 
414533 271 
415369 678 
419628 1 
421731 76 
424971 9 
432139 0 
434537 356 
435871 42 
439775 82 
440391 192 
442372 454 
445815 25 
447826 6076 
448146 471 
452475 19 
453127 2095 
456133 122 
457305 69 
457571 106 
461136 35 
467318 149 
468623 125 
469208 33 
490353 799 
496489 55 
499951 47 
501311 35 
509045 21 
517885 254 
518730 127 
530008 121 
534813 1624 
544827 25 
547483 64 
547950 123 
550564 91 
555474 34 
557273 17 
558930 11 
566353 736 
584117 1 
586028 354 
589948 82 
