2309 14.6802199074
0 33278 
14 144 
22 305 
28 48 
34 163 
38 109 
44 177 
44 47 
50 118 
52 216 
56 109 
59 222 
62 81 
63 435 
64 73 
67 651 
70 46 
70 49 
71 1009 
78 19 
80 190 
83 234 
86 134 
86 115 
100 66 
101 145 
104 62 
112 287 
123 45 
125 96 
139 56 
143 85 
146 58 
153 261 
156 78 
160 988 
161 518 
162 154 
164 447 
172 96 
229 95 
238 64 
246 35 
248 120 
249 140 
250 136 
258 123 
261 140 
263 107 
271 242 
274 406 
274 46 
302 40 
317 569 
319 96 
321 52 
321 48 
341 84 
342 58 
359 71 
360 202 
379 18 
382 46 
386 92 
391 158 
397 28 
399 223 
400 33 
404 52 
408 139 
421 71 
430 52 
488 65 
490 33 
491 69 
493 57 
496 110 
511 764 
516 15 
533 193 
533 1548 
537 176 
538 46 
540 40 
553 537 
560 14 
578 49 
584 72 
584 72 
612 184 
632 115 
660 227 
683 66 
693 178 
702 76 
703 57 
739 56 
764 66 
828 112 
830 85 
845 30 
859 56 
864 57 
869 133 
872 50 
893 568 
897 176 
920 20 
921 224 
928 65 
934 35 
936 137 
945 477 
946 24 
1001 70 
1059 115 
1065 107 
1091 41 
1125 16 
1145 83 
1195 253 
1205 134 
1206 123 
1215 96 
1244 61 
1252 8 
1254 76 
1276 79 
1277 81 
1301 16 
1333 230 
1339 643 
1347 26 
1349 60 
1357 65 
1373 21 
1399 77 
1405 83 
1409 15 
1418 53 
1449 29 
1453 96 
1472 29 
1492 25 
1492 53 
1511 44 
1551 279 
1552 35 
1571 24 
1573 147 
1585 53 
1596 33 
1637 45 
1639 251 
1644 55 
1646 14 
1647 158 
1658 35 
1673 24 
1684 684 
1714 81 
1762 38 
1776 12 
1828 91 
1866 177 
1877 66 
1907 90 
1949 39 
2091 185 
2103 26 
2115 23 
2165 48 
2174 104 
2175 14 
2208 111 
2215 61 
2240 39 
2267 123 
2273 9 
2281 99 
2331 55 
2341 88 
2356 221 
2377 142 
2435 68 
2451 2 
2463 397 
2501 170 
2515 26 
2533 146 
2546 9 
2602 19 
2615 57 
2625 172 
2644 126 
2664 574 
2704 73 
2757 152 
2797 40 
2807 84 
2820 48 
2826 105 
2827 334 
2951 4 
2982 41 
3178 19 
3181 13 
3208 95 
3255 96 
3318 34 
3348 30 
3356 144 
3357 143 
3365 61 
3395 20527 
3404 251 
3418 61 
3438 9 
3609 28 
3613 59 
3669 7 
3715 57 
3751 41 
3794 465 
3815 35 
3842 145 
3847 60 
3863 214 
3881 92 
3884 579 
3941 96 
4113 23 
4128 23 
4153 33 
4176 95 
4209 180 
4242 43 
4249 333 
4282 264 
4294 111 
4314 27 
4451 43 
4526 25 
4529 135 
4541 146 
4562 24 
4581 20 
4643 54 
4651 122 
4679 91 
4709 8 
4709 8 
4744 54 
4788 37 
4944 41 
5036 12 
5092 225 
5212 91 
5226 6 
5231 141 
5319 26 
5361 35 
5366 256 
5431 64 
5477 48 
5497 20 
5521 28 
5606 22 
5624 23 
5655 18 
5725 53 
5749 290 
5861 56 
5924 34 
5928 355 
6027 35 
6190 125 
6227 98 
6284 75 
6324 7 
6330 9 
6455 61 
6542 48 
6672 129 
6700 51 
6743 82 
6959 69 
6964 28 
7122 129 
7207 2 
7260 73 
7284 71 
7453 89 
7550 416 
7566 33 
7674 20 
7678 9 
7714 47 
7752 8 
7888 56 
7922 1780 
8127 12 
8137 31 
8248 89 
8391 115 
8467 106 
8506 76 
8861 77 
8906 42 
8916 87 
9093 66 
9171 6 
9263 71 
9300 68 
9358 28 
9519 138 
9716 14 
9903 87 
10109 11 
10118 54 
10398 105 
10506 28 
10586 20 
10632 35 
10713 30 
10814 71 
10885 19 
11060 73 
11214 31 
11240 100 
11450 60 
11540 9 
11853 30 
11878 42 
12597 77 
13000 120 
13015 15 
13037 608 
13331 69 
14705 126 
14930 26 
15421 82 
15879 8 
15922 46 
16046 103 
16274 61 
16280 13 
16876 97 
17156 295 
17375 144 
17528 54 
17545 90 
17739 622 
17806 168 
18506 44 
18753 19 
18902 123 
19016 63 
19474 8 
20710 183 
21186 529 
21453 28 
21808 5 
21874 77 
22041 1014 
22133 134 
22611 33 
22623 84 
23354 145 
23682 58 
23918 21 
25047 29 
26919 55 
27632 30 
28111 2 
28417 356838 
28439 1070 
28441 178 
28443 99 
28444 101 
28446 5300 
28448 156 
28452 108 
28452 260 
28454 13 
28454 181 
28455 120 
28455 216 
28455 191 
28457 247 
28458 375 
28459 140 
28462 228 
28463 151 
28463 85 
28464 175 
28464 771 
28465 31 
28465 70 
28467 99 
28468 119 
28468 825 
28468 167 
28469 60 
28472 95 
28474 138 
28475 454 
28475 22 
28475 77 
28476 156 
28477 45 
28479 76 
28480 861 
28482 117 
28482 34 
28483 128 
28483 66 
28483 286 
28484 287 
28484 296 
28484 39 
28484 295 
28485 109 
28485 136 
28486 61 
28486 224 
28487 357 
28487 118 
28488 812 
28488 526 
28489 128 
28490 76 
28490 37 
28490 53 
28492 59 
28492 22 
28493 87 
28493 43 
28494 70 
28494 97 
28494 84 
28494 326 
28496 103 
28497 1399 
28498 80 
28498 42 
28498 28 
28500 61 
28504 114 
28504 305 
28504 12 
28507 379 
28507 282 
28509 79 
28513 32 
28515 27 
28515 38 
28518 101 
28519 125 
28519 131 
28520 213 
28525 4145 
28525 446 
28527 97 
28528 471 
28530 58 
28531 2729 
28531 103 
28532 386 
28532 52 
28538 317 
28539 87 
28540 127 
28542 72 
28544 107 
28546 99 
28547 109 
28547 118 
28549 45 
28549 127 
28550 224 
28550 8 
28552 51 
28553 34 
28553 30 
28554 69 
28554 40 
28557 132 
28557 154 
28557 176 
28558 63 
28562 90 
28563 357 
28565 87 
28565 56 
28565 125 
28565 146 
28567 140 
28570 48 
28571 41 
28573 318 
28574 85 
28575 27 
28575 31 
28581 46 
28583 19 
28583 224 
28584 187 
28585 144 
28586 79 
28587 17 
28590 121 
28591 85 
28592 101 
28595 1398 
28596 191 
28597 99 
28598 544 
28599 108 
28602 24225 
28604 127 
28604 25 
28606 32 
28606 187 
28608 18 
28608 21 
28610 136 
28610 80 
28612 91 
28613 84 
28624 60 
28624 75 
28626 24 
28631 106 
28633 1151 
28635 369 
28638 734 
28640 15 
28642 148 
28644 297 
28646 50 
28649 849 
28652 121 
28652 104 
28659 1039 
28662 73 
28662 3256 
28665 376 
28666 210 
28671 1151 
28675 153 
28677 68 
28678 403 
28683 84 
28689 5 
28691 440 
28693 39 
28693 874 
28694 151 
28696 450 
28697 83 
28697 59 
28701 113 
28703 19 
28704 35 
28704 141 
28706 441 
28707 24 
28709 3985 
28710 222 
28711 24 
28715 94 
28715 378 
28715 700 
28717 71982 
28718 66 
28722 115 
28728 363 
28728 157 
28729 26 
28731 64 
28731 104 
28739 61 
28739 64 
28741 102 
28743 523 
28744 78 
28748 148 
28751 19 
28754 55 
28754 21 
28756 207 
28761 92 
28762 193 
28765 71 
28768 421 
28770 31 
28770 64 
28771 127 
28771 38 
28774 115 
28784 68 
28789 130 
28791 8 
28793 80 
28800 165 
28801 262 
28802 49 
28802 139 
28803 241 
28803 68 
28803 164 
28804 179 
28808 81 
28810 11661 
28810 116 
28810 63 
28812 150 
28812 62 
28813 13 
28816 32 
28816 39 
28817 54 
28818 115 
28818 54 
28819 31 
28819 121 
28822 65 
28825 125 
28827 84 
28827 149 
28830 12 
28832 138 
28835 36 
28835 512 
28843 75 
28843 114 
28843 44 
28844 56 
28857 137 
28862 83 
28867 44 
28868 274 
28868 113 
28868 17 
28871 378 
28880 78 
28882 124 
28886 96 
28886 95 
28891 24 
28892 86 
28893 21 
28903 131 
28909 61 
28911 138 
28911 99 
28911 15 
28912 520 
28912 129 
28920 560 
28928 12 
28929 226 
28941 147 
28943 376 
28944 12 
28945 17 
28958 120 
28958 268 
28961 403 
28971 98 
28979 21 
28979 60 
28980 200 
28984 54 
28988 47 
28991 125 
28996 280 
28996 34 
28997 30 
28998 447 
29003 115 
29005 109 
29014 64 
29016 114 
29021 33 
29028 71 
29030 152 
29030 17 
29033 305 
29033 23 
29039 256 
29039 246 
29040 71 
29041 57 
29043 645 
29043 35 
29054 34 
29062 57 
29063 26 
29064 33 
29065 31 
29065 247 
29068 131 
29068 29 
29071 157 
29072 488 
29078 23 
29080 44 
29083 42 
29089 137 
29091 95 
29099 23 
29102 209 
29103 199 
29110 17 
29116 55 
29117 24 
29119 121 
29119 59 
29126 41 
29132 178 
29133 63 
29144 26 
29155 62 
29157 89 
29167 199 
29168 220 
29168 13 
29179 10 
29180 73 
29180 607 
29193 460 
29215 101 
29218 33 
29223 49 
29223 34 
29223 30 
29224 353 
29243 129 
29254 279 
29261 30 
29264 204 
29267 41 
29271 30 
29272 52 
29278 62 
29279 185 
29295 53 
29307 46 
29310 53 
29319 88 
29336 398 
29337 364 
29341 194 
29344 119 
29349 95 
29349 75 
29358 91 
29358 56 
29362 83 
29363 304 
29366 4839 
29374 68 
29376 20 
29378 493 
29390 103 
29396 103 
29405 222 
29419 131 
29420 9 
29435 65 
29438 119 
29443 75 
29447 130 
29447 121 
29466 454 
29467 88 
29470 147 
29477 28 
29479 63 
29482 8 
29486 99 
29486 22 
29488 78 
29492 177 
29501 219 
29504 38 
29505 111 
29508 21 
29520 62 
29523 78 
29524 69 
29524 64 
29525 159 
29529 147 
29533 93 
29541 6 
29552 124 
29556 217 
29558 165 
29560 50 
29576 106 
29586 40 
29587 33 
29587 76 
29589 154 
29590 98 
29603 54 
29613 65 
29614 30 
29614 27 
29615 33 
29620 40 
29628 72 
29629 69 
29641 106 
29672 123 
29682 14 
29683 192 
29687 41 
29696 22 
29697 230 
29710 105 
29714 149 
29799 92 
29804 181 
29825 50 
29828 36 
29828 190 
29829 106 
29851 5 
29866 50 
29871 116 
29880 92 
29881 61 
29882 258 
29884 26 
29896 144 
29905 50 
29912 410 
29913 124 
29926 92 
29930 43 
29944 47 
29949 179 
29955 46 
29961 148 
29966 9 
29974 122 
29977 50 
30005 27 
30005 17 
30033 5 
30051 19 
30056 86 
30065 55 
30077 30 
30089 128 
30112 8 
30116 25 
30119 38 
30128 73 
30132 332 
30132 116 
30133 72 
30145 16 
30164 14 
30166 321 
30167 42 
30174 47 
30178 39 
30180 59 
30188 277 
30195 61 
30208 552 
30215 185 
30225 42 
30253 283 
30273 62 
30278 40 
30288 56 
30302 86 
30307 247 
30310 39 
30324 5 
30328 85 
30335 57 
30352 61 
30362 18 
30372 82 
30373 233 
30384 314 
30402 24 
30402 7 
30405 278 
30422 50 
30450 13 
30465 2 
30472 698 
30473 88 
30501 43 
30503 22 
30504 69 
30514 21 
30521 31 
30531 12 
30554 390 
30563 63 
30574 53 
30577 92 
30597 91 
30606 5 
30619 11 
30622 142 
30625 117 
30652 210 
30659 3 
30660 206 
30663 65 
30711 134 
30729 209 
30741 14 
30745 51 
30753 81 
30755 49 
30787 21 
30788 83 
30814 23 
30817 59 
30827 3976 
30828 73 
30829 27 
30851 55 
30903 128 
30912 47 
30947 146 
30953 12 
30970 24 
30997 21 
31000 84 
31014 131 
31020 51 
31020 30 
31048 148 
31060 1 
31063 625 
31073 25 
31092 12 
31116 181 
31121 28 
31130 257 
31150 12 
31168 10 
31168 86 
31174 87 
31183 17 
31186 100 
31229 317 
31254 205 
31256 421 
31261 144 
31266 30 
31376 84 
31380 88 
31380 96 
31401 57 
31439 191 
31448 113 
31487 12 
31488 83 
31501 164 
31501 76 
31502 170 
31510 22 
31542 51 
31543 147 
31561 148 
31568 71 
31572 1127 
31579 115 
31591 98 
31597 73 
31599 74 
31610 81 
31612 99 
31619 168 
31662 55 
31687 144 
31696 36 
31712 219 
31723 9 
31726 79 
31732 96 
31763 197 
31797 16 
31807 102 
31867 32 
31868 56 
31871 21 
31874 33 
31875 66 
31888 42 
31895 383 
31896 146 
31903 111 
31908 234 
31986 46 
31994 13 
32111 110 
32148 60 
32160 140 
32162 66 
32209 109 
32308 122 
32352 132 
32388 57 
32421 21 
32427 120 
32431 348 
32442 220 
32451 24 
32463 33 
32519 73 
32588 102 
32599 175 
32600 142 
32601 9 
32612 18 
32639 1354 
32686 190 
32710 73 
32737 178 
32744 71 
32747 29 
32756 260 
32764 227 
32792 105 
32804 1 
32816 38 
32847 66 
32872 29 
32877 308 
32971 68 
32981 20 
32992 30 
33001 94 
33028 87 
33050 12 
33105 34 
33106 3788 
33146 101 
33232 62 
33243 362 
33247 2 
33267 154 
33321 54 
33470 75 
33493 20 
33552 45 
33612 192 
33615 902 
33654 33 
33751 64 
33751 145 
33776 76 
33873 367 
33913 36 
33923 89 
34051 55 
34077 48 
34092 66 
34119 31 
34158 55 
34232 7 
34255 155 
34277 60 
34288 32 
34340 192 
34360 133 
34361 111 
34367 35 
34388 395 
34448 72 
34487 81 
34533 28 
34554 47 
34605 10 
34639 42 
34722 32 
34780 25 
34819 16 
34821 20 
34949 151 
34966 104 
35031 6 
35111 72 
35123 171 
35158 873 
35166 196 
35218 17 
35228 43 
35231 222 
35234 9 
35260 40 
35289 56 
35296 27 
35314 33 
35326 231 
35393 36 
35562 80 
35576 103 
35590 10 
35615 29 
35775 139 
35852 19 
35865 9 
35876 40 
35879 94 
35966 134 
36087 58 
36092 30 
36111 16 
36150 47 
36198 24 
36235 13 
36273 28 
36293 32 
36326 39 
36347 12 
36378 12 
36386 65 
36408 72 
36435 64 
36443 149 
36563 118 
36598 45 
36777 84 
36867 110 
36992 131 
37037 61 
37081 18 
37100 35 
37114 141 
37145 19 
37153 38 
37182 193 
37185 172 
37270 44 
37282 42 
37286 113 
37312 335 
37340 31 
37456 234 
37489 85 
37520 127 
37585 27 
37674 61 
37714 17 
37733 151 
37779 4 
37792 169 
37837 12 
37840 91 
37856 281 
37857 45 
37868 52 
37884 57 
37943 48 
37986 178 
38174 119 
38205 41 
38271 88 
38315 48 
38332 87 
38575 58 
38598 102 
38621 68 
38628 79 
38628 79 
38699 14 
38742 7 
38759 25 
38833 18 
38860 188 
38983 36 
39011 11 
39087 7 
39103 63 
39118 45 
39121 70 
39147 20 
39153 58 
39166 281 
39170 26 
39224 35 
39270 101 
39346 983 
39354 7 
39538 39 
39624 67 
39672 94 
39689 44 
39763 102 
39891 112 
39925 148 
39934 17 
39963 41 
39996 50 
40020 25 
40024 79 
40042 35 
40496 109 
40536 11 
40542 153 
40566 16 
40586 91 
40642 41 
40643 88 
40670 76 
40786 52 
40860 81 
40916 48 
41122 78 
41574 844 
41578 7 
41598 69 
41610 43 
41809 19 
42015 54 
42034 178 
42056 72 
42088 81 
42193 16 
42271 30 
42434 50 
42462 17 
42640 15 
42778 47 
42792 11 
42858 34 
42948 32 
43028 60 
43041 30 
43133 173 
43442 26 
43463 105 
43585 44 
43636 50 
43692 203 
43737 19 
43876 52 
43892 48 
43912 27 
43982 26 
44066 34 
44308 10 
44421 23 
44479 25 
44650 1 
44654 108 
44939 106 
45047 7 
45132 11 
45327 73 
45532 33 
45648 88 
45659 30 
45737 44 
46066 78 
46157 92 
46325 296 
46340 22 
46614 150 
46667 566 
46910 24 
47316 18 
47336 42 
47675 22 
47726 33 
47844 299 
48141 53 
48227 124 
48860 22 
49131 19 
49141 127 
49162 24 
49524 162 
49654 180 
49877 12 
50029 744 
50034 79 
50173 9 
50284 17 
50312 148 
50327 199 
50352 8 
50462 59 
50564 5497 
51069 37 
51158 126 
51188 123 
51303 19 
51394 81 
51893 45 
52108 66 
52215 72 
52340 36 
52607 7 
52675 10 
52855 160 
52916 182 
52935 21 
52942 83 
53273 146 
53360 53 
53460 636 
53460 636 
53553 696 
53553 696 
53645 41 
53718 9 
53974 64 
54166 7 
54317 21 
54437 37 
54449 39 
54577 18 
54930 122 
55052 24 
55318 91 
55391 1 
55516 110 
56294 75 
56324 59 
56586 37 
56663 49 
57353 19 
57651 11 
57666 17 
57789 6 
57900 59 
57959 29 
58049 26 
58120 16 
58122 9 
58286 51 
58300 181 
58418 44 
59214 16 
59324 141 
59329 83 
59797 35 
59870 173 
59973 72 
60283 41 
60426 68 
60718 92 
63591 124 
63672 20 
63674 122 
63809 5 
65745 5 
65766 8 
66213 70 
66813 130 
68063 4 
68120 14 
69501 64 
69788 22 
69905 33 
69908 16 
70365 42 
70450 54 
70785 20 
72219 81 
72279 55 
72618 43 
72648 41 
73270 7 
73383 18 
73393 29 
73881 42 
75108 90 
75428 60 
75850 34 
76191 16 
76405 18 
76571 4 
76761 91 
76836 1695498 
76846 373 
76857 661 
76870 24 
76879 51 
76883 594 
76885 101 
76887 146 
76887 147 
76888 45 
76888 181 
76890 0 
76892 302 
76895 101 
76900 32 
76911 165 
76911 48 
76911 48 
76911 122 
76914 86 
76916 46 
76917 18 
76918 38 
76919 48 
76920 49 
76921 24 
76923 58 
76923 163 
76926 964 
76934 83 
76941 170 
76950 6 
76951 98 
76951 11 
76952 300 
76952 29 
76954 177 
76955 167 
76958 258 
76964 79 
76974 202 
76975 163 
76977 168 
76982 384 
76982 86 
76982 147 
76983 15 
76984 514 
76992 121 
76993 55 
76993 7 
76993 1 
76997 70 
77004 1221 
77004 82 
77006 77 
77012 141 
77018 36 
77020 149 
77022 82 
77026 50 
77032 164 
77034 237 
77035 119 
77036 12 
77043 543 
77043 80 
77048 73 
77054 74 
77056 1125 
77059 14 
77059 270 
77061 22 
77068 81 
77074 533 
77077 67 
77078 115 
77078 96 
77081 25 
77081 106 
77083 440 
77084 47 
77092 33 
77094 15 
77095 78 
77110 10 
77113 38 
77115 145 
77119 16 
77124 43 
77126 91 
77129 91 
77130 36 
77133 82 
77133 110 
77133 37 
77137 53 
77140 58 
77140 3 
77143 35 
77148 55 
77170 331 
77172 44 
77175 41 
77175 83 
77185 137 
77199 72 
77209 13 
77222 48 
77222 220 
77223 1351 
77223 52 
77224 160 
77224 159 
77232 26 
77233 100 
77234 17 
77234 347 
77236 131 
77237 2126 
77242 116 
77243 108 
77244 121 
77245 90 
77246 113 
77247 208 
77253 61 
77254 71 
77254 59 
77259 156 
77261 111 
77263 101 
77264 26 
77269 20 
77273 720 
77275 6 
77280 46 
77281 70 
77359 217 
77366 15 
77370 11 
77371 13 
77387 41 
77392 269 
77398 32 
77400 26 
77403 9 
77404 131 
77424 143 
77433 59 
77437 67 
77442 29 
77448 146 
77455 31 
77458 30 
77468 106 
77491 389 
77497 3 
77506 64 
77517 17 
77529 66 
77530 110 
77537 13 
77546 181 
77556 77 
77572 83 
77585 155 
77589 63 
77594 137 
77643 46 
77645 22 
77646 57 
77656 39 
77665 89 
77679 94 
77705 154 
77749 141 
77754 8 
77769 23 
77782 27 
77787 103 
77787 186 
77803 128 
77818 59 
77818 35 
77823 31 
77846 22 
77850 142 
77851 36 
77856 23 
77866 15 
77872 27 
77873 6 
77873 66 
77875 72 
77878 71 
77880 17 
77887 529 
77891 15 
77899 118 
77902 82 
77903 13 
77903 13 
77918 66 
77950 32 
77954 149 
77980 13 
78064 127 
78066 87 
78076 49 
78085 49 
78112 246 
78119 57 
78127 55 
78131 45 
78165 58 
78174 18 
78184 430 
78198 253 
78212 78 
78216 188 
78230 199 
78232 4 
78233 65 
78265 195 
78269 10 
78272 15 
78298 117 
78311 51 
78315 69 
78319 74 
78320 68 
78336 252 
78343 192 
78365 22 
78365 289 
78369 21 
78380 42 
78405 86 
78430 78 
78437 47 
78528 53 
78534 8 
78560 24 
78578 55 
78627 47 
78639 139 
78641 46 
78651 48 
78656 145 
78664 78 
78668 274 
78688 135 
78695 79 
78704 64 
78728 11 
78735 61 
78747 52 
78747 9 
78752 104 
78753 177 
78759 69 
78777 312 
78800 4 
78821 59 
78826 20 
78831 105 
78843 88 
78843 124 
78858 23 
78865 137 
78898 11 
78901 20 
78913 44 
78967 61 
78973 12 
79038 9 
79040 714 
79054 357 
79078 29 
79085 18 
79099 39 
79109 60 
79110 335 
79206 246 
79207 22 
79210 19 
79223 101 
79239 64 
79269 222 
79281 142 
79281 53 
79315 25 
79315 530 
79329 28 
79336 7 
79365 4 
79378 9 
79383 71 
79386 37 
79393 30 
79399 326 
79401 62 
79405 52 
79409 17 
79410 11 
79432 5 
79435 136 
79457 20 
79493 53 
79515 73 
79522 90 
79537 75 
79593 79 
79598 29 
79641 109 
79647 7 
79648 37 
79659 106 
79695 42 
79711 1 
79722 42 
79742 53 
79749 279 
79773 65 
79775 79 
79810 54 
79820 32 
79860 99 
79894 99 
79896 243 
79921 28 
80035 12 
80041 89 
80071 108 
80098 67 
80102 93 
80129 271 
80144 105 
80178 28 
80194 68 
80196 10 
80200 12 
80215 7 
80219 11 
80220 60 
80232 6 
80251 191 
80261 76 
80263 3 
80276 19 
80285 9 
80350 62 
80368 201 
80397 138 
80397 42 
80398 200 
80500 2 
80512 149 
80537 347 
80573 10 
80582 96 
80616 88 
80694 11 
80715 4 
80756 167 
80765 778 
80771 25 
80801 187 
80827 140 
80860 91 
80867 59 
80885 49 
80925 16 
81001 18 
81020 43 
81022 117 
81028 29 
81037 122 
81063 88 
81074 78 
81091 22 
81129 10 
81136 23 
81174 173 
81249 34 
81271 38 
81286 4068 
81287 15 
81289 61 
81303 29 
81349 93 
81356 6 
81375 187 
81393 11 
81415 78 
81420 66 
81467 68 
81470 24 
81475 29 
81492 162 
81498 9 
81573 25 
81593 41 
81596 33 
81597 94 
81599 48 
81617 78 
81701 0 
81715 138 
81765 40 
81781 79 
81841 38 
81909 78 
81917 60 
81919 184 
82002 17 
82027 770 
82034 35 
82062 33 
82095 56 
82104 29 
82123 59 
82143 98 
82171 129 
82268 63 
82320 35 
82346 360 
82377 45 
82391 74 
82424 27 
82500 34 
82554 31 
82654 26 
82667 53 
82677 46 
82700 12 
82723 43 
82723 13 
82726 57 
82741 19 
82763 47 
82770 20 
82777 90 
82846 50 
82904 30 
82914 144 
82937 38 
82964 85 
82988 50 
83000 423 
83161 106 
83198 39 
83236 267 
83241 22 
83275 35 
83370 79 
83399 1 
83399 45 
83451 318 
83473 27 
83488 43 
83527 25 
83627 35 
83645 55 
83658 367 
83718 55 
83718 47 
83741 0 
83744 2 
83764 181 
83847 18 
83880 477 
83932 285 
83986 35 
83988 174 
84099 97 
84112 72 
84137 57 
84172 24 
84208 497 
84217 19 
84228 15 
84240 96 
84355 134 
84383 107 
84395 4644 
84402 682 
84458 58 
84460 135 
84477 694 
84688 44 
84836 23 
84894 41 
84934 49 
84956 93 
84991 84 
85124 8 
85200 100 
85214 52 
85264 21 
85361 95 
85421 98 
85426 132 
85520 56 
85695 187 
85714 79 
85748 17 
85904 14 
85929 19 
85932 211 
85943 12 
85969 30 
85998 54 
85998 33 
86073 9 
86122 78 
86125 12 
86254 35 
86395 439 
86403 125 
86494 2 
86520 21 
86627 29 
86645 42 
86929 4 
86945 332 
87333 267 
87338 119 
87364 21 
87410 49 
87503 12 
87504 126 
87570 28 
87632 75 
87667 62 
87698 23 
87701 8 
87798 386 
87808 44 
87945 108 
88020 128 
88021 33 
88026 101 
88078 49 
88089 97 
88178 24 
88345 53 
88346 42 
88362 32 
88433 10 
88467 82 
88503 44 
88662 46 
88665 109 
88680 24 
88807 51 
88813 23 
88847 51 
88877 117 
88911 79 
88920 42 
89014 97 
89017 74 
89136 51 
89138 40 
89146 23 
89163 211 
89197 15 
89323 94 
89353 9 
89419 115 
89508 89 
89582 16 
89724 20 
89758 227 
89903 470 
89972 14 
90020 10 
90036 45 
90125 14 
90162 70 
90162 70 
90178 55 
90270 5 
90329 65 
90511 57 
90540 11 
90570 188 
90759 62 
91081 155 
91147 34 
91299 37 
91325 80 
91517 7 
91616 20 
91865 18 
91958 442 
92010 25 
92075 81 
92692 19 
92802 57 
92862 113 
92899 187 
92962 6 
92989 8 
93291 30 
93769 29 
93906 44 
94107 7 
94572 26 
94641 11 
94644 29 
94662 66 
94904 18 
95152 7 
95220 93 
95276 39 
95296 708 
95453 63 
95485 21 
95600 6 
95821 16 
95935 52 
96068 11 
96154 48 
96158 17 
96187 40 
96235 40 
96310 16 
96351 46 
96780 18 
96941 86 
97016 4 
97077 73 
97181 108 
97315 51 
97315 13 
97413 59 
97602 16 
97606 37 
97659 52 
97674 28 
97748 98 
97975 18 
97976 100 
98221 29 
98228 66 
98678 113 
98680 139 
99128 19 
99350 60 
99356 35 
99371 3 
99438 33 
99521 14 
99544 162 
99767 67 
99879 13 
99982 13 
100142 44 
100171 46 
100504 0 
100611 30 
100630 44 
100725 143 
100863 41 
100911 90 
101546 59 
101980 23 
102027 42 
102160 23 
102493 631 
102622 46 
103029 492 
103192 23 
103271 18 
103641 28 
103986 58 
104018 176 
104059 27 
104534 19 
104921 29 
105032 19 
105364 54 
105551 14 
106690 13 
107061 45 
107560 239 
107972 346 
108313 29 
108764 240 
108888 273 
108889 239 
108987 5 
109355 70 
109358 140 
109552 10 
110281 0 
110328 234 
110484 53 
110557 21 
110793 14 
110804 20 
110909 51 
112073 309 
112097 3 
112197 34 
112411 1652 
112972 20 
113300 5 
113641 480 
114328 28 
115062 23 
115310 5 
115863 15 
116231 130 
116541 168 
116762 303 
116793 22 
117017 12 
117713 58 
119456 28 
121234 178 
122867 12 
123060 7 
123413 18 
124198 17 
125539 14 
125854 8 
126334 20 
126593 103 
127402 148 
127929 13 
127984 61 
128129 24 
129753 37 
129844 213 
130824 78 
131219 70 
132213 89 
132213 89 
132276 10 
132732 85 
132774 101 
133615 23 
133617 14 
134382 143 
134554 170 
135565 16 
135565 16 
136372 79 
137585 4 
137626 164 
137805 39 
138021 11 
140005 1182 
141663 23 
143182 3 
146839 398 
147271 328 
147407 316 
149314 11 
151293 56 
153972 33 
154526 30 
156135 2 
157695 144 
160927 22 
163540 10 
165114 20 
167279 65 
167355 42 
169617 272 
173833 58 
174697 97 
175659 0 
176523 25 
177280 21 
179608 18 
181077 75 
183138 7 
187396 9 
187976 58 
190709 234 
196329 190 
196566 6 
197703 59 
197824 2 
197917 52 
200184 171 
201772 21 
202764 8 
203318 158 
204359 268 
204787 92 
205147 205 
207830 102 
209533 122 
211424 29 
213885 49 
213920 61 
215429 48 
215440 25 
218454 42 
221087 111 
222071 187 
222148 155 
225175 674 
225204 712 
226398 163 
228562 11 
231803 12 
232386 429 
233206 19 
233787 232 
245638 15 
247150 18 
248088 556 
248318 52 
248894 156 
259255 527 
259482 69 
262952 78 
263267 1018 
263552 268 
271339 114 
271402 84 
275069 77 
285795 163 
288985 82 
289106 3 
292731 65 
292852 108 
292891 205 
293574 15 
295812 12 
295943 98 
296044 36 
296500 34 
299963 43 
301148 94 
301293 482 
303964 105 
304563 169 
305182 91 
310868 1527 
311611 61 
318611 25 
321520 263 
328090 575 
328885 3 
336887 87 
338506 241 
346601 12 
351317 11 
355237 35 
358646 67 
364211 172 
364876 148 
367560 43 
368984 32 
369912 22 
370890 46 
372464 0 
377831 2697 
387105 4 
387602 12 
389391 45 
389813 146 
391352 54 
392092 57 
392196 66 
393167 16 
395162 4 
403760 258 
409354 91 
413945 9 
429577 21 
431321 44 
432374 21 
449502 174 
455088 38 
466528 108 
470532 9978 
470567 94 
470620 496 
470929 619 
472295 25 
474319 87 
475573 33 
475716 164 
476802 32 
486593 46 
486629 62 
487723 46 
494840 11 
498168 3 
506716 347 
508915 177 
517128 105 
523286 105 
529819 114 
538047 139 
538347 340 
538566 49 
545003 386 
545192 202 
553761 56 
556685 19 
556775 275 
556907 79 
557671 8 
559669 566 
560368 165 
568060 713 
568719 350 
570654 67 
572991 19 
597819 93 
