2536 14.0265046296
0 3130993 
10 179 
13 1591 
16 112 
16 3022 
18 111 
22 640 
23 9 
23 403 
26 226 
27 429 
28 56 
29 212 
31 276 
38 1358 
39 177 
40 485 
41 75 
41 224 
42 180 
42 522 
43 189 
43 41 
45 70 
46 62 
47 230 
47 64 
47 281 
48 219 
48 35 
49 831 
49 882 
49 6 
49 47 
50 393 
50 80 
50 1015 
52 88 
52 247 
53 38 
53 311 
54 162 
56 1373 
56 672 
57 232 
57 495 
58 254 
59 568 
59 482 
59 786 
59 873 
59 24 
59 60 
59 336 
60 37 
60 6 
60 313 
62 212 
62 109 
64 219 
64 38 
65 483 
65 38 
65 80 
66 3192 
66 276 
66 520 
66 215 
66 214 
68 326 
68 98 
69 53 
69 143 
69 431 
69 117 
70 64 
70 742 
70 147 
71 331 
71 294 
75 242 
75 3089 
76 7 
76 177 
77 285 
77 296 
77 42 
77 27 
78 19 
78 120 
78 2043 
80 760 
80 2235 
81 516 
81 685 
82 133 
83 68 
83 269 
84 88 
85 338 
85 30 
86 623 
87 285 
87 51 
89 1834 
89 720 
89 156 
91 31 
91 21 
91 800 
91 1244 
91 109 
91 435 
92 4 
93 874 
93 116 
94 139 
95 200 
95 431 
95 321 
95 92 
96 4440 
98 270 
98 150 
98 508 
101 40 
101 16 
101 238 
102 24 
102 5 
102 391 
102 645 
103 65 
103 473 
103 36 
104 653 
105 137 
106 10088 
106 72 
106 82 
107 753 
107 24 
110 215 
110 133 
110 314 
111 636 
111 90 
112 75 
113 128 
113 370 
114 83 
114 110 
114 265 
115 99 
115 468 
117 146 
117 57 
117 107 
118 66 
119 49 
119 14 
120 218 
120 197 
121 19 
123 354 
123 278 
123 33 
127 111 
127 1275 
128 122 
129 354 
130 119 
132 587 
132 968 
133 956 
134 181 
134 71 
134 160 
134 1983 
135 349 
136 2984 
136 25611 
138 11 
139 183 
141 73 
143 6310 
144 30 
146 2343 
146 297 
146 485 
146 471 
146 7915 
148 193 
149 402 
152 369 
152 151 
152 63 
154 117 
156 151 
156 37 
157 350 
158 103 
159 6626 
161 14 
162 202 
163 114 
165 92 
165 175 
166 207 
166 222 
167 342 
167 239 
167 58 
170 247 
174 283 
175 70 
176 39 
176 52 
177 904 
177 65 
178 179 
179 105 
179 198 
181 306 
182 262 
184 234 
184 39 
185 174 
185 170 
186 19 
186 21 
188 657 
188 987 
192 95 
193 133 
193 55 
194 32 
194 305 
197 29 
197 632 
199 231 
200 3168 
201 21 
201 36 
204 521 
204 1381 
204 129 
207 94 
209 486 
209 234 
212 1083 
213 520 
214 316 
215 638 
216 1122 
220 100 
221 8 
224 212 
225 281 
226 747 
230 274 
230 220 
233 224 
233 5524 
235 18 
237 132 
237 29 
238 219 
238 425 
240 537 
242 169 
244 20 
248 50 
248 127 
251 164 
251 43 
254 170 
255 546 
255 890 
256 242 
256 2322 
257 216 
262 957 
267 12 
270 3040 
270 10 
270 32 
274 119 
276 17 
277 327 
278 356 
278 129 
282 1301 
284 90 
284 219 
285 395 
287 51 
288 14 
292 18 
293 11 
293 79 
298 15 
300 194 
305 152 
308 244 
311 133 
314 414 
315 171 
317 200 
317 99 
320 104 
321 77 
321 44 
326 403 
326 447 
327 327 
327 620 
328 32 
329 209 
330 2846 
334 360 
336 233 
336 1551 
339 1 
342 446 
345 227 
348 131 
352 205 
354 40 
358 74 
359 233 
364 1014 
369 455 
373 672 
373 240 
374 1408 
374 678 
375 461 
382 117 
384 10 
392 428 
396 112 
406 7946 
409 105 
409 258 
415 589 
415 30 
419 236 
425 51 
435 430 
435 3 
442 3 
443 26 
445 139 
446 1669 
454 195 
457 24 
458 50 
461 1074 
464 5 
466 448 
473 148 
474 82 
534 606 
535 32 
536 334 
545 173 
549 5944 
565 175 
573 145 
587 549 
603 17 
624 198 
628 14 
631 525 
639 83 
653 300 
653 1482 
662 1680 
676 30 
684 133 
704 595 
717 40 
726 19511 
729 1 
749 2260 
752 2376 
759 2045 
764 103 
765 691 
775 51 
777 3206 
780 2099 
783 91 
786 850 
792 59 
792 102 
798 4915 
802 318 
802 1826 
805 10295 
805 1642 
810 14 
815 482 
815 119 
837 100 
850 36 
853 121 
857 5217 
867 183 
883 655 
884 938 
889 412 
907 73 
911 353 
929 58 
934 93 
936 1677 
943 262 
975 237 
979 58 
1000 10 
1010 783 
1033 457 
1038 1496 
1058 1872 
1071 1137 
1075 510 
1087 844 
1125 22 
1128 139 
1130 213 
1136 125 
1164 3417 
1165 382 
1193 1428 
1202 313 
1208 344 
1244 446 
1258 1626 
1279 64 
1283 96 
1324 2 
1341 197 
1343 114 
1355 97 
1359 87 
1369 71 
1392 14 
1406 1331 
1418 335 
1454 136 
1455 565 
1468 766 
1473 2539 
1482 10 
1483 4770 
1483 3837 
1488 364 
1491 77 
1497 618 
1501 528 
1502 153 
1510 656 
1516 231 
1523 632 
1537 4674 
1538 8 
1550 135 
1557 173 
1567 1548 
1573 465 
1592 3073 
1637 104 
1673 184 
1683 31 
1687 44 
1755 1152 
1761 1477 
1768 1239 
1776 66 
1786 2201 
1791 13 
1836 1606 
1840 29 
1862 42 
1864 1745 
1887 40 
1920 196 
1929 197 
1953 98 
1972 220 
1990 71 
2041 91 
2060 740 
2064 91 
2107 3401 
2114 1 
2119 523 
2121 1071 
2162 62 
2186 2550 
2261 313 
2293 4 
2295 576 
2332 1527 
2340 412 
2369 532 
2475 254 
2490 2 
2570 5 
2617 5321 
2619 201 
2624 1067 
2628 8343 
2635 118 
2642 10648 
2657 1739 
2659 1818 
2702 103 
2705 518 
2726 228 
2731 632 
2737 91 
2774 417 
2776 110 
2790 246 
2798 3 
2839 3204 
2851 567 
2853 3614 
2915 1063 
2925 40 
2928 839 
2947 1570 
2987 146 
2989 2132 
3087 10 
3133 61 
3146 196 
3148 93 
3173 4 
3175 287 
3177 373 
3194 63 
3213 499 
3216 1157 
3238 696 
3341 697 
3344 4521 
3379 912 
3399 5 
3407 1389 
3426 496 
3429 1073 
3430 221 
3444 176 
3465 9433 
3471 238 
3481 99 
3496 774 
3497 21767 
3503 34 
3521 185 
3527 419 
3555 236 
3555 4121 
3558 823 
3570 22 
3571 173 
3572 377 
3575 1169 
3582 468 
3588 47832 
3604 808 
3656 1009 
3675 140 
3747 878 
3765 1813 
3802 12221 
3828 3 
3847 884 
3879 18 
3894 94 
3950 4123 
3958 462 
3976 1016 
3996 117 
4018 314 
4097 2033 
4117 717 
4142 791 
4150 506 
4150 33 
4260 135 
4295 443 
4324 190 
4397 1715 
4413 1374 
4427 217 
4484 524 
4498 661 
4500 4555 
4508 547 
4522 1343 
4541 98 
4542 1057 
4555 1162 
4659 753 
4674 801 
4676 512 
4698 1135 
4701 113 
4703 75 
4707 783 
4737 647 
4807 2685 
4815 342 
4827 1035 
4832 4118 
4835 5077 
4862 16309 
4908 247 
4941 1307 
5089 119 
5098 3126 
5126 720 
5138 1424 
5151 1586 
5173 3554 
5187 2995 
5275 271 
5284 1228 
5291 1511 
5293 197 
5319 970 
5371 218 
5379 1630 
5421 334 
5427 29 
5439 54 
5570 5 
5572 196 
5603 873 
5604 1952 
5656 3125 
5660 95 
5688 139 
5768 1425 
5768 885 
5795 707 
5840 417 
5847 6436 
5863 157 
5887 820 
5950 1414 
5956 1167 
5962 3165 
6046 969 
6053 514 
6128 348 
6131 981 
6141 228 
6229 79 
6236 0 
6257 1376 
6269 3 
6270 3092 
6295 332 
6311 2133 
6350 187 
6381 2308 
6386 76 
6386 132 
6387 841 
6404 518 
6409 428 
6454 411 
6458 545 
6464 2961 
6467 1262 
6478 123 
6509 79 
6552 253 
6568 5 
6572 731 
6586 235 
6629 491 
6654 773 
6763 6 
6780 6238 
6785 53 
6794 559 
6876 3966 
6931 6476 
6934 0 
6979 759 
7045 2742 
7064 114 
7092 90 
7175 143 
7219 408 
7280 22 
7308 1189 
7412 609 
7420 781 
7422 72 
7441 43 
7480 1245 
7513 109 
7569 623 
7599 2942 
7612 242 
7638 1254 
7639 4119 
7639 3407 
7648 1521 
7670 328 
7682 1591 
7737 1136 
7776 796 
7797 620 
7820 1940 
7880 606 
8005 889 
8020 1893 
8075 2688 
8084 132 
8175 369 
8176 27 
8208 919 
8238 89 
8251 55 
8368 28 
8479 561 
8495 61 
8528 881 
8673 70 
8676 242 
8692 780 
8714 1381 
8718 1069 
8750 486 
8757 1024 
8773 8 
8795 597 
8941 134 
9032 596 
9068 158 
9140 92 
9145 1701 
9166 819 
9219 2305 
9234 1591 
9239 531 
9279 103 
9293 574 
9298 2 
9351 456 
9379 357 
9595 684 
9606 32 
9671 2784 
10002 248 
10012 677 
10091 223 
10098 707 
10673 2346 
10676 579 
10748 2411 
10784 593 
10815 3399 
10928 1431 
10969 43 
10987 533 
11045 63 
11107 95 
11167 1571 
11210 1315 
11220 3820 
11401 1636 
11414 53 
11477 406 
11695 17 
11809 421 
11842 505 
11848 640 
11961 615 
11983 192 
12082 2027 
12087 287 
12095 6291 
12189 536 
12409 2591 
12427 18726 
12535 750 
12575 683 
12781 1222 
12834 4620 
12865 16 
13024 347 
13359 219 
13474 896 
13757 1351 
13916 407 
13986 277 
14054 69 
14058 1365 
14062 165 
14203 88 
14258 328 
14268 720 
14323 6805 
14502 55 
14684 103 
14755 632 
14838 687 
14863 4244 
14941 626 
15004 491 
15164 163 
15388 10040 
15403 542 
15418 439 
15709 1 
15894 12520 
15925 785 
15948 2021 
16038 333 
16187 666 
16193 60 
16207 1115 
16304 185 
16601 32 
16887 2797 
17059 3365 
17114 134 
17187 2260 
17205 89 
17242 2078 
17259 1793 
17263 4118 
17312 698 
17632 433 
17967 4190 
18478 366 
18508 157 
18676 32 
18701 2362 
18732 918 
18778 3175 
18904 1159 
19025 265 
19033 113 
19300 10124 
19483 978 
19489 10 
19560 682 
19644 438 
19756 232 
20028 1734 
20137 8315 
20148 1633 
20215 184 
20238 31 
20269 1269 
20405 387 
20439 1432 
20707 2173 
20715 2052 
20776 3955 
20800 406 
20854 177 
20956 921 
21458 115 
21579 204 
21597 3152 
22133 14 
22335 5 
22583 4 
22617 215 
22722 621 
23046 56 
23110 133 
23212 2372 
23232 1825 
23342 342 
23744 24738 
23828 17 
23937 1851 
23938 6 
24180 322 
24384 268 
24396 1205 
24412 267 
24418 1732 
24537 2766 
24624 101 
24714 38 
24751 5605 
24914 6289 
24935 220 
24959 108 
25025 9 
25158 82 
25225 21661 
25258 300 
25390 1330 
25400 727 
25470 1611 
25729 1726 
25887 511 
26117 100 
26509 562 
26721 878 
26782 60 
26994 30 
27023 2232 
27138 901 
27308 1 
27624 1394 
27960 134 
28062 606 
28272 22 
28349 58 
28371 313 
28414 46 
28421 496 
28451 1547 
28452 1143 
28711 471 
28776 6489 
28969 155 
29155 109 
29198 2231 
30755 28 
30877 1101 
31051 1847 
31142 239 
31633 1113 
31927 249 
32119 750 
32212 69 
32217 399 
32315 423 
32370 747 
32401 2165 
32532 31 
32687 1861 
32770 551 
32845 1756 
33073 578 
33428 53 
33436 167 
33533 1147 
33788 579 
33867 1522 
33907 6378 
34024 1252 
34224 12080 
34229 289 
34480 821 
34653 886 
34653 886 
34666 45 
34666 45 
34933 1319 
35198 11 
35463 436 
35550 1829 
35601 709 
35833 249 
35943 2478 
36025 1 
36227 53 
36445 1576 
36532 10 
36534 279 
36663 445 
36687 152 
36701 812 
36703 1643 
36821 75 
37038 308 
37351 152 
37388 90 
37415 687 
37696 202 
37739 2068 
37764 2614 
37805 621 
37914 227 
37977 17 
37992 284 
38110 86 
38152 567 
38262 825 
38556 328 
38663 1428 
38809 841 
38875 875 
39297 2568 
39303 5471 
39335 891 
39343 241 
39347 1152 
39502 1257 
39650 173 
39751 1094 
39872 768 
39952 1224 
40077 15 
40098 50 
40114 1040 
40166 200 
40262 232 
40364 99 
40402 29 
40433 581 
40526 427 
40545 355 
40592 141 
40653 1794 
40690 4 
40699 1843 
40756 968 
40794 1389 
40896 696 
40955 122 
41096 149 
41109 5323 
41516 165 
41649 131 
41738 339 
41863 366 
41865 2810 
41913 8143 
41951 610 
41953 1258 
41986 2240 
42034 1506 
42034 1104 
42061 430 
42127 283 
42145 508 
42194 962 
42226 3917 
42311 1284 
42326 1082 
42346 150 
42347 631 
42515 61 
42592 53 
42601 489 
42721 505 
42733 146 
42784 1666 
42805 1081 
42846 12933 
42856 19 
42921 1158 
42977 2298 
43153 1077 
43236 307 
43298 272 
43403 21 
43478 463 
43489 799 
43491 1290 
43605 218 
43741 77 
43751 58 
43767 107 
43815 200 
43844 301 
43853 541 
44029 4618 
44033 389 
44051 3 
44230 20 
44284 1204 
44292 1339 
44320 2141 
44378 11514 
44388 991 
44397 357 
44427 20 
44459 98 
44519 543 
44530 1074 
44685 469 
44711 1859 
44732 324 
44764 1270 
44789 37 
44864 1198 
44880 752 
44919 44 
45012 1979 
45050 850 
45143 1 
45407 1588 
45446 274 
45704 272 
45709 4708 
45730 489 
45877 106 
45916 1014 
45930 243 
46030 1674 
46141 249 
46180 94 
46192 1822 
46232 2035 
46235 491 
46317 259 
46336 1228 
46344 1357 
46352 566 
46407 394 
46572 3 
46686 1447 
46779 1982 
47020 479 
47057 2222 
47108 116 
47150 9532 
47270 1161 
47310 1277 
47386 5901 
47475 790 
47580 283 
47581 114 
47610 3143 
47633 399 
47655 1221 
47659 474 
47660 165 
47936 1518 
47988 349 
47999 61 
48080 1380 
48106 12245 
48118 2800 
48158 254 
48160 11025 
48174 242 
48199 1211 
48227 82 
48228 2461 
48232 378 
48242 189 
48278 2010 
48294 84 
48400 1234 
48406 487 
48458 2451 
48561 202 
48679 255 
48748 0 
48784 1051 
48831 693 
48905 3019 
48928 167 
48940 361 
48960 0 
48996 274 
49003 409 
49027 472 
49218 1910 
49223 0 
49370 3518 
49425 1491 
49463 63 
49501 571 
49512 1405 
49548 2816 
49605 952 
49636 390 
49670 274 
49694 1801 
49737 1068 
49803 0 
49809 647 
49828 821 
49918 247 
49928 907 
49929 1487 
50010 843 
50111 1930 
50250 267 
50446 943 
50495 3727 
50523 858 
50591 1345 
50591 768 
50764 260 
50905 341 
50917 1986 
50976 836 
51040 1015 
51051 922 
51064 1393 
51221 470 
51319 4329 
51335 1476 
51344 637 
51393 457 
51455 2230 
51481 221 
51519 485 
51609 1288 
51653 114 
51657 13 
51795 159 
51961 1326 
51971 188 
52002 431 
52105 5686 
52184 144 
52225 5256 
52236 224 
52258 653 
52386 1923 
52489 1685 
52510 249 
52525 3306 
52556 816 
52556 1948 
52567 82 
52576 23 
52620 984 
52633 101 
52666 1025 
52866 120 
52920 151 
53004 1272 
53104 137 
53147 1120 
53150 5450 
53163 411 
53179 103 
53277 459 
53287 470 
53356 2153 
53382 948 
53391 438 
53435 567 
53499 55 
53703 1835 
53809 22 
53811 1211 
53817 1 
53817 2515 
53867 0 
53884 200 
53932 2812 
54009 1457 
54022 946 
54223 349 
54264 404 
54368 495 
54417 627 
54485 583 
54527 2672 
54544 122 
54550 0 
54575 1683 
54576 961 
54610 238 
54645 1106 
54684 0 
54782 605 
54891 487 
54898 383 
54934 48 
54954 437 
54961 1600 
55161 27 
55336 683 
55342 874 
55393 274 
55449 1232 
55499 1739 
55536 705 
55539 362 
55542 917 
55742 670 
55943 1368 
56009 781 
56138 1549 
56156 570 
56280 1338 
56287 1466 
56308 1205 
56392 164 
56397 1485 
56413 287 
56434 761 
56502 1873 
56565 226 
56569 899 
56576 435 
56602 575 
56709 161 
56720 239 
56741 1094 
56777 380 
56852 89 
56971 354 
56994 1018 
57041 933 
57086 286 
57165 15 
57231 2305 
57360 438 
57386 641 
57426 0 
57871 1169 
57874 88 
57889 348 
57904 511 
57951 2235 
57973 3099 
58006 1471 
58132 813 
58153 420 
58184 1657 
58196 698 
58247 455 
58316 1664 
58324 2168 
58331 2479 
58408 34 
58483 1241 
58518 242 
58521 133 
58552 1269 
58599 715 
58604 53 
58688 57 
58792 724 
58821 300 
58875 1146 
58896 276 
58901 1246 
58916 31 
58919 3385 
58929 360 
58940 651 
58981 102 
59058 972 
59058 2709 
59097 1507 
59219 2009 
59358 495 
59426 17436 
59453 29559 
59459 2598 
59467 1794 
59473 1543 
59493 605 
59497 1033 
59513 797 
59531 31 
59534 8382 
59559 176 
59573 1023 
59593 170 
59604 404 
59615 1502 
59663 2086 
59692 538 
59749 573 
59772 68 
59777 676 
59790 248 
59802 408 
59875 196 
60203 173 
60205 3269 
60227 1679 
60375 191 
60568 4508 
60592 521 
60686 928 
60712 8049 
60712 135 
60713 325 
60856 153 
60919 790 
60977 49 
61093 1216 
61100 697 
61433 130 
61453 213 
61454 933 
61455 804 
61475 2409 
61487 75 
61494 710 
61606 436 
61615 242 
61681 539 
61707 143 
61727 141 
61835 999 
61855 2070 
61927 311 
62025 608 
62278 198 
62283 1452 
62305 279 
62350 37 
62384 553 
62385 470 
62495 1168 
62503 1197 
62525 169 
62535 1428 
62561 90 
62563 446 
62615 36 
62695 1276 
62741 406 
62800 2157 
62819 238 
62831 705 
62878 1047 
63039 7 
63149 953 
63178 572 
63190 816 
63203 2885 
63362 115 
63444 231 
63458 88 
63585 599 
63606 137 
63723 672 
63816 420 
63822 32 
63857 350 
63910 134 
63954 315 
64144 8 
64163 512 
64315 104 
64324 61 
64432 578 
64494 191 
64548 2447 
64548 2447 
64637 265 
64702 2790 
64739 78 
64799 17 
64833 1260 
64863 13 
64875 741 
64898 4503 
64972 416 
65138 224 
65235 1759 
65273 300 
65500 1539 
65596 1592 
65608 597 
65711 298 
65818 447 
65861 795 
65880 324 
65945 274 
65957 249 
66088 1311 
66123 199 
66238 7517 
66297 1611 
66334 1162 
66341 711 
66360 340 
66386 34 
66407 1655 
66436 519 
66506 28 
66527 442 
66667 1761 
66724 420 
66811 112 
66826 105 
66891 64 
66896 255 
66921 1871 
66939 1124 
67037 51 
67056 460 
67100 2693 
67104 1099 
67116 164 
67116 189 
67166 94 
67179 693 
67231 99 
67259 106 
67478 372 
67480 23 
67504 193 
67569 443 
67618 905 
67641 1463 
67707 1647 
67742 1457 
67783 2419 
67792 196 
67833 239 
67899 285 
67900 749 
67950 702 
67959 145 
68139 832 
68261 1088 
68335 210 
68345 428 
68419 362 
68479 29 
68569 309 
68598 682 
68695 1318 
68800 397 
68800 5239 
68858 193 
68969 1913 
69029 486 
69067 166 
69105 1624 
69106 113 
69139 1179 
69332 1060 
69389 7 
69431 9 
69507 3846 
69525 435 
69579 2903 
69609 1903 
69620 1765 
69651 1747 
69656 291 
69668 241 
69671 171 
69696 1516 
69716 420 
69830 409 
69954 3768 
70032 155 
70040 997 
70079 420 
70093 741 
70105 72 
70282 18 
70303 37 
70351 1444 
70417 596 
70423 590 
70559 1 
70574 305 
70590 532 
70694 528 
70750 28 
70826 692 
70955 34112 
71065 60 
71069 393 
71162 465 
71181 3578 
71266 163 
71326 2578 
71345 157 
71355 2046 
71387 814 
71449 3385 
71550 2188 
71581 50 
71593 245 
71641 545 
71649 3412 
71710 1518 
71862 78 
71935 197 
72202 13 
72316 121 
72332 403 
72460 97 
72539 870 
72618 1701 
72623 161 
72705 342 
72752 45 
72918 2423 
72973 1947 
72994 202 
73034 1152 
73096 1228 
73268 83 
73331 33 
73389 1154 
73508 1020 
73545 340 
73612 2080 
73949 477 
74165 443 
74175 1451 
74202 912 
74246 48 
74397 745 
74493 834 
74495 1283 
74529 1621 
74546 443 
74556 894 
74623 106 
74702 1285 
74732 1613 
74747 1009 
74779 1104 
74801 2451 
74834 145 
74886 438 
74942 1463 
75020 498 
75083 2400 
75183 860 
75206 1447 
75289 237 
75306 38 
75329 1351 
75393 624 
75443 271 
75457 883 
75469 79 
75701 111 
75908 1223 
75920 3194 
75959 1202 
76054 275 
76117 3233 
76125 130 
76308 538 
76339 222 
76347 1162 
76618 773 
76679 565 
76849 9142 
76913 334 
77048 483 
77057 1122 
77099 1067 
77104 28 
77124 838 
77290 522 
77301 92 
77305 2090 
77309 300 
77316 668 
77400 649 
77409 800 
77423 1521 
77517 539 
77537 4580 
77563 530 
77684 606 
77889 95 
77901 71 
78057 1376 
78126 39 
78129 3586 
78157 771 
78185 599 
78186 656 
78195 1900 
78243 282 
78283 228 
78422 1967 
78487 640 
78494 1769 
78595 1671 
78636 305 
78859 55 
78861 592 
78928 753 
78963 435 
79458 1732 
79609 273 
79640 341 
79861 3 
79888 5234 
79923 10404 
80010 1358 
80129 422 
80365 509 
80390 459 
80511 157 
80560 729 
80813 641 
80889 139 
80940 548 
81011 196 
81278 179 
81594 595 
81776 373 
81787 1330 
81805 669 
81810 528 
81825 230 
81920 232 
81935 42 
82056 1402 
82363 83 
82393 1011 
82445 137 
82474 2817 
82660 581 
82677 686 
83164 1076 
83221 794 
83335 1241 
83358 217 
83555 60 
83591 213 
83616 1972 
83641 1409 
83860 4 
83903 167 
83946 138 
83950 90 
84002 228 
84083 119 
84142 584 
84236 2923 
84321 635 
84502 688 
84608 1366 
84802 105 
85047 889 
85106 2136 
85171 43 
85203 862 
85208 709 
85451 798 
85517 1194 
85571 3875 
85632 140 
85716 91 
85842 194 
85887 1789 
85938 1293 
85966 2456 
85969 1970 
85983 76 
85993 528 
86007 90 
86032 1765 
86700 795 
86840 929 
86848 156 
86885 796 
86959 1376 
87050 1417 
87129 146 
87508 1293 
87562 0 
87849 1285 
87897 846 
87907 1469 
87994 680 
88042 147 
88053 125 
88129 114 
88252 35 
88394 25 
88553 1278 
88905 1375 
89026 3453 
89166 168 
89467 431 
89560 996 
89582 191 
89713 2053 
90022 734 
90024 0 
90091 239 
90101 849 
90202 287 
90552 140 
90733 11 
90871 211 
90939 1713 
91038 5061 
91116 52 
91168 2007 
91229 276 
91236 50 
91510 90 
91577 0 
91672 154 
91737 1 
91742 463 
91762 0 
91775 80 
91827 544 
92206 1595 
92369 1686 
92434 945 
92664 1047 
92680 1011 
93211 52 
93288 513 
93306 29 
93469 1907 
93748 870 
93868 8847 
94031 76 
94167 62 
94174 1573 
94333 557 
94491 499 
95307 339 
95507 109 
95603 1649 
95752 2830 
95768 7 
95774 1570 
95803 105 
95863 971 
96012 89 
96290 398 
96377 6 
96518 841 
96537 1429 
96558 3861 
96656 3045 
96700 4 
96730 591 
96793 107 
96875 2132 
97057 16 
97115 1012 
97130 761 
97146 202 
97431 1191 
98026 756 
98056 5016 
98121 2470 
98136 319 
98253 117 
98285 7731 
98389 1641 
98929 634 
99382 1478 
99394 59 
99440 819 
99489 1818 
99621 245 
99654 135 
99655 1119 
99884 146 
100004 20 
100078 3012 
100355 3206 
100639 846 
100669 4635 
100719 1187 
101852 81 
102266 16 
102690 772 
102705 5410 
102816 1074 
103574 859 
104446 172 
104489 964 
105195 318 
105281 634 
106258 1943 
106398 462 
106561 226 
106629 567 
106838 299 
107105 305 
107330 449 
108213 7703 
108382 900 
108419 140 
108676 126 
108778 4594 
108825 659 
108903 0 
108918 183 
109516 781 
109631 1365 
109779 1228 
110593 1166 
111219 1043 
111967 3219 
112536 26 
112815 1027 
113315 432 
114897 25300 
115692 1602 
115698 2049 
115913 250 
116429 1 
116440 154 
116487 754 
116537 9 
116790 443 
116880 86 
116985 362 
118043 707 
118471 398 
118519 868 
118791 998 
119199 497 
119257 1240 
120424 1919 
120775 126 
121314 1537 
121649 1382 
121726 1463 
121756 2130 
122006 59 
122039 3399 
122040 250 
122190 16 
122343 604 
122417 32 
123065 88 
123147 1043 
123449 591 
123488 709 
124000 814 
124656 207 
124929 397 
124979 523 
125066 6076 
125205 761 
125500 259 
126089 6097 
126239 2407 
126292 1424 
126472 350 
127697 293 
127907 753 
127954 1057 
128064 721 
128369 519 
128649 1158 
128678 1246 
128757 517 
128802 58 
128982 787 
129116 2210 
129180 1502 
129181 1658 
129559 2233 
129641 151 
129652 601 
129669 7 
130248 3 
130388 42 
130406 724 
130949 1625 
130988 1283 
130996 1347 
131022 352 
131040 524 
131073 570 
131276 430 
131359 2358 
131676 655 
131941 1976 
132041 171 
132347 3565 
132682 822 
132766 720 
132781 95 
132891 443 
132940 439 
133185 0 
133195 642 
133213 723 
133271 217 
133294 42 
133362 2204 
133403 119 
133405 96 
133498 1166 
133680 1314 
133984 283 
134099 3651 
134324 48 
134350 2129 
134548 495 
134552 1006 
134612 921 
134658 84 
134736 151 
135138 568 
135251 193 
135502 1447 
135557 1374 
135676 78 
135755 3032 
135959 747 
136018 857 
136275 1790 
136281 251 
136353 17 
136511 238 
136605 28 
136649 145 
136719 2314 
136730 375 
136947 331 
137279 277 
137296 619 
137645 1155 
137733 350 
137837 1816 
137985 104 
137986 326 
138056 561 
138250 1261 
138498 151 
138554 1240 
138749 172 
138860 5468 
138998 621 
139147 1822 
139420 871 
139648 337 
140106 50 
140148 340 
140241 362 
140426 756 
140741 149 
141256 1248 
141261 4490 
141327 410 
141338 1515 
141802 561 
141818 435 
141901 122 
141941 206 
141963 257 
142006 420 
142017 128 
142207 813 
142443 850 
142446 345 
142957 248 
142963 1561 
143116 387 
143127 69 
143294 862 
143529 1749 
143740 1102 
143747 834 
144512 255 
144661 78 
144670 10 
144695 220 
144793 303 
145006 276 
145027 1184 
145079 589 
145268 249 
145271 413 
145339 0 
145601 2107 
145665 177 
145845 2232 
145849 5153 
145920 30 
146416 263 
146425 3 
146452 211 
146649 285 
146750 1250 
146948 444 
147046 1325 
147065 91 
147417 1331 
147857 614 
148028 1214 
148079 0 
148363 51 
148645 536 
148834 5376 
148931 1133 
149008 2849 
149015 1669 
149250 0 
149404 512 
149432 90 
149457 56 
149614 2370 
149697 1210 
149779 1442 
149972 540 
150204 1571 
150456 521 
150780 243 
150822 1 
151106 1105 
151265 62 
151623 280 
151702 415 
151856 1249 
152148 694 
152151 1895 
152153 364 
152226 6774 
152436 197 
152496 121 
152606 243 
152724 659 
152868 356 
153089 1028 
153156 134745 
153178 176 
153260 0 
153284 232 
153312 114 
153725 2329 
154098 105 
154489 8 
154645 603 
154670 567 
154696 6256 
155150 417 
155259 1 
155315 236 
155648 671 
155708 0 
155747 722 
155752 2142 
155768 738 
155784 632 
155798 8017 
155909 519 
155947 270 
156347 0 
156547 658 
156572 0 
156600 42 
156711 520 
156786 57 
156910 197 
157354 1186 
157450 199 
157552 831 
157714 577 
158099 221 
158197 136 
158279 66 
158315 168 
158353 674 
158381 878 
158786 368 
158992 401 
159022 10135 
159211 244 
159268 2349 
159528 344 
159799 4049 
159800 442 
159921 362 
159923 1480 
159958 805 
160772 1182 
160793 1299 
160832 2065 
160871 551 
161006 1026 
161342 474 
161777 9021 
161799 166 
161929 1979 
161932 5005 
162151 1147 
162406 1269 
162480 233 
162548 3874 
162601 241 
162756 12401 
163074 359 
163289 304 
163302 691 
163468 2395 
163492 494 
163751 107 
164051 8 
164317 446 
164800 2676 
164912 322 
165091 92 
165365 724 
165377 634 
165778 742 
166279 1448 
166859 1777 
167369 500 
167541 732 
167862 4227 
167899 450 
168524 1303 
168546 937 
168795 1814 
168820 41 
169187 467 
169878 91 
170338 1326 
171136 892 
171315 592 
171380 552 
171645 1167 
172767 1830 
173280 193 
173906 429 
175672 558 
175982 115 
177382 178 
177530 143 
178332 1751 
178341 384 
178910 792 
179499 71 
180281 75 
180695 1025 
180975 27 
181069 151 
181429 705 
181722 0 
181806 278 
182240 2282 
182308 0 
182395 1701 
182970 161 
184058 1126 
184877 725 
186521 201 
186863 601 
188220 0 
190404 748 
190754 439 
196477 1263 
196777 992 
196793 466 
197484 1065 
198093 1520 
199043 58 
200097 585 
200169 595 
200456 1 
201906 2778 
203939 5867 
205824 121 
207268 1241 
208354 3129 
208578 1095 
208749 138 
209019 1294 
209358 1596 
210145 562 
210169 3444 
210624 317 
211180 146 
211446 306 
213730 1225 
213769 160 
215251 1521 
215700 225 
216205 1309 
217180 329 
217825 131 
218096 412 
218810 250 
218844 0 
218904 1 
219186 340 
219282 122 
219416 250 
221779 653 
221866 1315 
223262 260 
223291 1085 
223515 1518 
229601 0 
230095 1629 
231979 1199 
232377 0 
232726 2203 
233425 0 
233574 2334 
233701 1094 
235316 2 
236176 100 
237004 553 
237338 2 
237607 1715 
237830 105 
238836 1073 
238850 126 
238947 0 
239248 797 
239675 2143 
239845 5847 
240129 1098 
240410 3471 
240633 1172 
240923 252 
241135 0 
242002 1990 
242170 506 
243099 52 
243174 407 
243435 1036 
243579 805 
244224 1181 
244357 99 
245220 20 
245815 2202 
245876 1155 
246384 1220 
248124 395 
248352 912 
248882 1615 
249018 84 
249314 4 
249325 857 
249636 198 
250488 115 
250719 1484 
251140 513 
251318 143 
251324 1533 
251380 384 
251428 173 
251881 0 
252448 1317 
252516 0 
253999 160 
254463 35 
254468 474 
255962 223 
257395 105 
257539 986 
258806 1477 
260025 970 
260426 2114 
261465 246 
261555 647 
265038 199 
265049 417 
265220 131 
266609 1358 
267659 97 
270176 154 
271229 791 
272256 324 
273050 2789 
275783 56 
276162 980 
277263 687 
279073 774 
279344 11 
280101 198 
282621 686 
285089 26 
286960 979 
286991 1299 
291310 2311 
291600 1413 
294811 3394 
295035 18 
299261 614 
301621 253 
301884 258 
302521 203 
302550 790 
304094 118 
305579 127 
305922 87 
305939 372 
312731 161 
314514 309 
314715 2123 
315524 28 
316503 1486 
316908 60 
317096 386 
317900 325 
318511 262 
320059 62 
320724 177 
321483 1719 
321646 1054 
323313 368 
324625 135 
325722 151 
327408 253 
327487 193 
328529 643 
329570 466 
330417 802 
331706 300 
332514 868 
333464 760 
333711 801 
334749 0 
335078 840 
335082 227 
335145 262 
335456 1718 
335659 1 
335993 274 
336147 1315 
336254 280 
338951 359 
339062 925 
339068 0 
340084 671 
340358 1488 
341567 0 
342262 71 
343416 197 
344129 323 
344930 363 
345689 1158 
346263 2147 
346956 5 
347177 541 
347381 239 
347386 242 
348202 157 
348883 149 
349385 539 
351899 631 
353730 162 
359666 184 
375585 1700 
379317 457 
380317 36 
383693 1165 
393971 422 
398214 664 
400504 143 
401529 261 
402579 184 
405661 690 
406769 75 
407304 4 
408519 182 
415614 332 
417358 1805 
418343 450 
418821 321 
418857 1179 
420293 20 
422753 1380 
422781 2597 
429087 952 
429604 1754 
430168 3 
434317 1724 
441197 1742 
449535 2 
456641 962 
458694 840 
458850 4 
465980 14 
467760 1 
468747 1579 
469135 63 
476751 1146 
478453 472 
480259 1657 
484688 946 
488186 2268 
489970 1108 
490037 4826 
490370 4602 
492341 17 
493523 392 
494892 1785 
495887 129 
497748 379 
498205 2354 
499768 333 
499876 3826 
500039 1413 
501505 324 
502099 2158 
502402 883 
502833 491 
503115 712 
503654 268 
503698 956 
503835 2177 
503932 79 
509546 523 
509659 335 
509935 370 
511903 2245 
518151 1691 
518234 860 
518793 406 
518898 614 
527356 1034 
528551 420 
529970 251 
546797 279 
549831 580 
553248 205 
558830 19839 
561312 534 
564735 1380 
565025 240 
567464 1085 
572318 1309 
576998 2248 
583126 670 
584715 245 
586196 138 
587952 2082 
596214 4690 
596282 1667 
604641 96 
