2134 11.2973726852
0 5151274 
0 5151274 
13 17041 
13 17041 
16 499 
16 499 
29 209 
29 209 
44 17 
44 17 
46 64 
46 64 
48 305 
48 305 
50 38 
50 38 
52 136 
52 136 
56 37 
56 37 
57 99 
57 24 
57 24 
57 99 
58 85 
58 85 
60 671 
60 671 
61 141 
61 141 
65 184 
65 184 
68 267 
68 267 
70 1393 
70 164 
70 1393 
70 164 
72 171 
72 27 
72 171 
72 27 
74 166 
74 166 
76 2976 
77 977 
80 613 
81 694 
84 631 
85 168 
87 41 
89 406 
90 343 
94 34 
95 651 
95 986 
99 994 
100 519 
100 4204 
101 108 
103 2100 
103 1312 
103 9 
104 71 
111 1384 
111 6448 
111 85 
112 31999 
118 354 
118 2632 
118 44 
119 685 
119 149 
119 69 
119 943 
121 97 
121 2106 
128 203 
128 1874 
130 471 
130 888 
131 3250 
131 406 
132 258 
133 297 
133 66 
133 42 
133 38 
134 641 
135 268 
136 35 
137 33 
137 730 
137 134 
145 640 
146 26 
147 477 
149 57 
149 15 
150 138 
150 24 
151 412 
152 178 
153 24 
156 1646 
158 70 
159 292 
159 245 
159 61 
162 69 
162 85 
162 310 
164 1739 
165 449 
165 299 
168 878 
169 120 
170 76 
171 754 
173 59 
179 105 
180 74 
180 141 
181 14 
183 628 
184 370 
186 527 
190 1030 
192 245 
194 411 
195 1445 
201 65 
202 499 
202 99 
205 53 
205 309 
206 1165 
207 411 
209 90 
209 138 
213 349 
213 159 
214 308 
217 187 
217 8 
218 187 
219 142 
220 173 
221 73 
222 210 
223 319 
227 143 
227 126 
227 108 
228 18 
234 1159 
235 907 
235 28 
237 650 
240 191 
242 152 
242 275 
244 251 
245 328 
246 2525 
246 2184 
248 52 
250 262 
251 508 
251 4820 
253 457 
254 84 
255 105 
256 808 
256 1544 
258 557 
259 1187 
259 7 
260 108 
263 903 
263 674 
267 3056 
269 804 
272 60 
272 57 
273 23 
273 3438 
273 223 
273 26 
274 124 
275 761 
275 354 
281 294 
283 1196 
283 161 
284 200 
285 46 
286 245 
286 38 
287 206 
288 139 
288 674 
292 145 
294 86 
295 149 
295 621 
296 207 
298 137 
298 176 
300 368 
301 59 
302 321 
303 139 
304 147 
311 176 
314 105 
316 398 
316 371 
317 53 
317 492 
320 99 
321 87 
322 16 
323 28 
324 650 
324 216 
324 119 
330 110 
330 155 
332 5983 
333 97 
336 10149 
338 1009 
339 213 
339 127 
340 989 
342 235 
342 905 
342 617 
343 166 
343 845 
347 185 
347 57 
347 6211 
348 172 
351 524 
352 182 
353 83 
354 219 
356 273 
358 98 
359 452 
360 622 
360 73 
361 292 
362 39 
363 61 
363 24 
367 579 
369 2992 
370 383 
370 236 
372 29 
372 235 
373 396 
374 101 
377 200 
381 8 
382 84 
382 363 
383 116 
384 306 
386 219 
387 112 
387 233 
388 5 
391 355 
391 183 
393 79 
394 82 
396 148 
397 181 
398 485 
398 1328 
398 267 
399 408 
399 650 
400 74 
401 89 
401 345 
402 23 
403 172 
404 539 
408 209 
409 1140 
409 2050 
411 3323 
413 181 
415 126 
417 238 
421 72 
423 129 
425 71 
425 478 
425 558 
426 238 
428 159 
430 84 
433 108 
434 1539 
436 119 
440 177 
443 127 
444 99 
445 25 
459 98 
459 71 
460 158 
460 1375 
460 156 
468 31 
468 314 
474 64 
478 371 
481 112 
493 862 
495 225 
499 1794 
500 269 
502 3830 
503 12 
503 294 
509 6916 
510 86 
511 2057 
513 1 
518 218 
520 243 
523 67 
525 17 
530 134 
530 85 
533 404 
533 2223 
534 1329 
534 91 
535 366 
537 412 
543 506 
544 363 
545 3204 
546 59 
546 53 
547 149 
554 9484 
554 287 
556 81 
558 50 
562 141 
566 91 
568 1122 
574 335 
580 1432 
581 79 
582 1 
582 137 
582 62 
583 124 
583 381 
584 177 
585 1647 
593 301 
593 23 
602 54 
606 244 
606 266 
608 155 
612 701 
615 105 
619 811 
620 364 
620 45 
620 789 
620 26 
625 19 
625 6 
628 10 
636 3 
636 96 
641 568 
646 463 
647 29 
647 31 
649 64 
650 7 
651 27 
652 24 
655 154 
656 484 
660 329 
664 341 
665 439 
673 266 
681 102 
684 58 
692 541 
702 41 
702 502 
703 160 
713 336 
715 130 
722 87 
724 66 
725 18 
728 131 
730 220 
730 351 
731 21 
734 112 
738 535 
745 124 
753 43 
755 660 
757 115 
760 171 
764 397 
767 150 
785 130 
789 204 
794 74 
816 20 
825 131 
825 123 
832 853 
833 321 
833 114 
834 394 
836 67 
843 109 
848 1090 
848 14 
849 897 
850 318 
850 847 
854 159 
855 1407 
857 1207 
859 105 
860 142 
861 135 
861 14 
863 447 
874 46 
875 478 
878 643 
879 345 
889 1544 
890 494 
900 88 
900 256 
913 1577 
919 462 
922 0 
939 134 
948 5 
950 323 
953 397 
972 196 
974 121 
974 701 
995 61 
1007 161 
1011 252 
1013 3 
1013 41 
1019 178 
1030 157 
1033 46 
1033 81 
1042 72 
1049 181 
1051 562 
1056 6 
1077 841 
1081 249 
1088 4510 
1096 163 
1100 58 
1101 544 
1109 123 
1112 133 
1124 44 
1125 23 
1126 339 
1137 86 
1150 140 
1151 455 
1157 2901 
1164 733 
1169 26 
1176 94 
1177 44 
1190 204 
1214 19 
1216 425 
1221 80 
1226 0 
1243 20 
1246 239 
1253 170 
1255 48 
1258 843 
1267 678 
1272 42 
1279 320 
1285 147 
1293 508 
1296 321 
1298 140 
1315 602 
1322 202 
1337 188 
1338 312 
1343 16 
1352 798 
1361 80 
1368 19 
1369 284 
1375 170 
1375 76 
1381 267 
1382 722 
1382 121 
1389 13 
1403 2989 
1429 23 
1435 12 
1449 845 
1467 77 
1494 78 
1525 106 
1528 11 
1608 434 
1623 734 
1625 30 
1633 222 
1635 9 
1660 74 
1666 31 
1678 25 
1695 10778 
1709 176 
1712 550 
1714 100 
1720 66 
1734 1 
1745 152 
1754 255 
1763 94 
1766 59 
1782 246 
1788 107 
1789 118 
1797 430 
1804 97 
1807 83 
1824 231 
1829 155 
1832 253 
1836 72 
1844 2111 
1849 248 
1866 24 
1874 654 
1891 12 
1896 316 
1907 27 
1931 76 
1934 893 
1937 135 
1960 2930 
1965 376 
1971 152 
1997 138 
1999 754 
2022 293 
2036 29 
2041 438 
2079 132 
2093 76 
2157 78 
2160 239 
2175 23 
2191 141 
2209 888 
2220 49 
2230 263 
2238 87 
2262 545 
2276 871 
2296 1267 
2299 4 
2302 44 
2346 82 
2356 9 
2382 367 
2406 11 
2411 278 
2430 56 
2464 5 
2476 278 
2490 214 
2498 103 
2501 1307 
2538 324 
2555 81 
2583 18 
2595 434 
2615 1649 
2624 1971 
2659 212 
2683 110 
2687 109 
2690 45 
2729 46 
2740 852 
2764 91 
2776 117 
2782 308 
2783 169 
2786 262 
2808 5166 
2821 204 
2823 327 
2833 6 
2852 367 
2878 51 
2883 95 
2886 213 
2901 119 
2919 41 
2922 40 
2947 641 
2974 171 
3004 311 
3016 108 
3019 10 
3036 25 
3064 76 
3111 7 
3113 276 
3151 45 
3239 13 
3270 601 
3305 5 
3397 133 
3402 110 
3412 541 
3428 46 
3451 43 
3457 93 
3493 424 
3533 436 
3541 58 
3542 30 
3552 21 
3572 49 
3580 160 
3600 206 
3616 391 
3618 116 
3644 393 
3645 807 
3655 4792 
3685 4 
3691 173 
3702 149 
3717 149 
3746 100 
3775 40 
3801 1888 
3823 77 
3839 206 
3847 1127 
3848 2 
3869 57 
3880 77 
3911 80 
3987 2123 
4001 80 
4015 205 
4047 644 
4055 378 
4095 194 
4147 35 
4149 690 
4170 166 
4194 52 
4344 226 
4427 122 
4437 307 
4459 240 
4489 528 
4551 86 
4625 248 
4649 67 
4680 7 
4686 559 
4738 107 
4755 108 
4787 708 
4822 109 
4837 36 
4849 122 
4985 365 
5074 16539 
5096 994 
5108 994 
5113 99 
5116 36 
5149 729 
5195 528 
5206 59 
5329 1 
5356 14 
5368 422 
5375 2168 
5433 105 
5489 1056 
5513 172 
5524 574 
5548 108 
5558 8 
5565 854 
5599 37 
5615 163 
5646 165 
5646 109 
5657 1974 
5695 101 
5739 19 
5746 42 
5757 2510 
5759 89 
5796 123 
5801 1550 
5819 314 
5823 129 
5831 76 
5854 1149 
5869 60 
5890 28 
5973 244 
5991 84 
6001 41 
6004 146 
6021 22 
6109 31 
6183 1137 
6200 2271 
6246 256 
6258 1451 
6398 5 
6496 387 
6547 12 
6706 20 
6751 24 
6770 70 
6776 237 
6782 55 
6984 2466 
7021 40 
7087 158 
7147 11 
7243 29 
7337 0 
7362 11 
7367 17 
7395 1753 
7408 60 
7473 37 
7496 8 
7519 4656 
7536 191 
7541 40 
7543 196 
7633 12 
7634 242 
7683 13 
7780 595 
7793 198 
7820 109 
7907 254 
7941 912 
7983 67 
7993 163 
8006 129 
8044 26 
8120 188 
8137 22 
8151 339 
8214 71 
8239 8 
8242 28 
8248 0 
8314 69 
8368 227 
8463 32 
8488 120 
8489 371 
8521 314 
8595 74 
8624 82 
8659 106 
8722 2709 
8742 4212 
8828 387 
8922 163 
8929 58 
8931 154 
8982 154 
9000 1583 
9128 69 
9168 340 
9374 205 
9417 4 
9508 27012 
9531 178 
9610 98 
9632 227 
9676 8 
9703 115 
9855 1008 
9872 142 
9885 5867 
9901 89 
9917 1567 
9983 18 
9984 3345 
9990 279 
10009 1029 
10037 23 
10053 129 
10132 14 
10141 95 
10162 482 
10348 4 
10350 1113 
10356 475 
10388 199 
10402 870 
10406 15 
10492 3820 
10535 400 
10561 274 
10646 269 
10648 115 
10652 34 
10705 2478 
10708 789 
10737 0 
10749 720 
10752 138 
10760 55 
10790 964 
10792 187 
10802 96 
10818 202 
10880 261 
11003 98 
11065 105 
11100 30 
11104 484 
11202 2099 
11360 36 
11361 145 
11391 930 
11413 40 
11440 152 
11459 32 
11498 94 
11507 63 
11513 108 
11529 104 
11552 386 
11655 137 
11662 214 
11719 346 
11737 149 
11753 119 
11793 799 
11812 398 
11865 64 
11949 106 
11957 533 
11983 265 
12004 1275 
12036 101 
12127 201 
12155 51 
12159 84 
12190 583 
12190 1756 
12198 674 
12236 92 
12318 55 
12401 200 
12436 0 
12450 96 
12552 26 
12555 116 
12569 1004 
12575 1569 
12581 127 
12616 50 
12616 1440 
12621 676 
12635 177 
12690 515 
12697 357 
12712 2468 
12730 12 
12734 2996 
12763 158 
12783 63 
12861 220 
12941 2 
12967 74 
12978 527 
13025 493 
13075 254 
13101 381 
13118 556 
13175 112 
13268 88 
13271 557 
13363 32 
13376 706 
13404 78 
13434 79 
13554 45 
13595 100 
13625 256 
13632 344 
13633 390 
13691 166 
13692 272 
13701 2044 
13714 498 
13784 400 
13797 1 
13810 189 
13821 231 
13852 2604 
13917 333 
13938 1334 
13940 146 
13954 17 
13969 200 
13977 191 
14012 3429 
14032 1278 
14046 24 
14071 122 
14078 146 
14092 139 
14095 917 
14110 151 
14118 630 
14191 221 
14197 492 
14306 105 
14319 217 
14358 2721 
14402 206 
14419 1380 
14449 1129 
14459 12 
14464 1198 
14530 291 
14554 51 
14580 110 
14598 569 
14635 875 
14651 4357 
14666 16 
14698 731 
14772 66 
14812 108 
14818 104 
14832 37 
14847 726 
14879 1068 
14881 285 
14935 266 
14949 223 
14987 88 
15040 1300 
15081 43 
15086 908 
15091 365 
15114 596 
15174 406 
15179 1359 
15191 56 
15227 566 
15319 7099 
15323 71 
15332 642 
15336 1675 
15359 202 
15432 243 
15434 706 
15450 1403 
15502 174 
15525 79 
15565 26 
15656 14 
15663 7 
15691 1877 
15701 737 
15706 72 
15756 1710 
15778 1093 
15782 170 
15796 415 
15864 316 
15872 300 
16025 163 
16037 357 
16062 117 
16166 507 
16178 823 
16203 159 
16306 179 
16308 403 
16352 27 
16466 1157 
16471 127 
16499 1153 
16511 52 
16540 248 
16620 2622 
16632 0 
16657 2 
16709 3636 
16734 138 
16738 654 
16846 4303 
16873 457 
16876 216 
16883 59 
16884 930 
16918 26 
16943 153 
16947 638 
16965 691 
16967 1049 
17006 122 
17011 502 
17028 108 
17071 19 
17101 41 
17125 1 
17137 4 
17160 80 
17177 148 
17202 102 
17241 164 
17247 40 
17249 43 
17277 15 
17369 16 
17471 59 
17502 100 
17560 0 
17567 243 
17582 63 
17606 803 
17734 104 
17782 1422 
17795 33 
17822 156 
17849 62 
17885 219 
17942 35 
18005 77 
18013 489 
18067 912 
18137 35 
18140 818 
18141 510 
18185 80 
18197 2 
18227 63 
18321 287 
18330 1509 
18333 18 
18373 842 
18406 143 
18407 55 
18416 42 
18424 211 
18502 22 
18526 314 
18543 1 
18565 54 
18593 110 
18657 971 
18708 859 
18843 1175 
18869 845 
18930 5047 
18932 81 
18990 11 
19004 41 
19005 1446 
19035 140 
19041 1139 
19078 48 
19081 101 
19101 291 
19139 576 
19156 131 
19173 202 
19182 458 
19298 691 
19356 1461 
19362 102 
19434 202 
19440 1398 
19452 134 
19484 53 
19494 106 
19587 149 
19610 819 
19614 579 
19774 345 
19854 1033 
19893 3544 
19930 25 
19933 835 
19951 1245 
19997 1538 
20104 1013 
20108 465 
20153 78 
20154 1779 
20215 217 
20239 939 
20268 22 
20283 87 
20353 3 
20371 274 
20462 14 
20495 23 
20506 1424 
20546 338 
20564 1747 
20564 31 
20565 622 
20569 1916 
20603 329 
20619 3246 
20622 64 
20733 180 
20735 248 
20754 10 
20763 65 
20763 25 
20808 126 
20825 110 
20829 888 
20834 2 
20846 2 
20846 33 
20862 141 
20957 24 
20997 128 
21069 542 
21271 19 
21296 183 
21411 441 
21498 61 
21550 180 
21563 1002 
21582 1269 
21645 19 
21658 283 
21699 116 
21715 1205 
21816 411 
21864 90 
21915 1131 
21923 30 
21939 10 
21987 96 
22018 1346 
22189 149 
22220 2785 
22280 1139 
22299 104 
22311 170 
22323 58 
22471 29 
22507 182 
22531 1 
22536 137 
22566 1864 
22583 90 
22745 311 
22768 240 
22907 1191 
22964 660 
23017 454 
23036 411 
23053 837 
23094 77 
23109 199 
23187 1211 
23280 240 
23322 0 
23352 307 
23468 39 
23585 86 
23608 375 
23618 72 
23667 258 
23669 27 
23730 14 
23736 102 
23738 679 
23790 145 
23814 237 
23853 295 
23854 139 
23889 217 
24008 142 
24037 317 
24067 47 
24156 182 
24259 1783 
24304 90 
24332 9 
24333 0 
24450 543 
24453 53 
24457 1095 
24472 133 
24479 2527 
24522 83 
24578 18 
24654 1237 
24698 3 
24706 26 
24844 102 
24847 1222 
24990 90 
25082 14 
25184 741 
25477 403 
25585 4369 
25822 662 
25852 8 
26021 1114 
26142 66 
26287 565 
26300 142 
26310 621 
26312 1801 
26539 1144 
26575 676 
26866 436 
26890 96 
27045 339 
27094 26 
27106 71 
27116 1947 
27120 200 
27127 7312 
27280 144 
27541 319 
27573 104 
27669 110 
27789 247 
27815 6259 
27844 1420 
27955 56 
27977 6 
28072 255 
28073 141 
28074 1248 
28105 38 
28107 47 
28113 232 
28127 44 
28152 2034 
28426 55 
28440 417 
28497 346 
28554 23 
28558 161 
28559 140 
28586 1560 
28810 28 
28823 1058 
29056 486 
29086 544 
29234 23 
29355 612 
29393 50 
29597 61 
29602 180 
29618 846 
29637 131 
29671 1209 
29678 440 
29679 102 
29690 111 
29797 0 
29802 319 
29807 157 
30011 604 
30269 1345 
30391 101 
30401 496 
30632 110 
30633 1211 
30714 182 
30721 413 
30722 5 
30723 881 
30728 4644 
30740 538 
30782 327 
30789 334 
30812 0 
30894 723 
30944 103 
30969 300 
31143 117 
31282 4315 
31407 306 
31610 419 
31622 146 
31754 82 
31935 104 
32078 59 
32190 96 
32220 1089 
32234 997 
32650 1512 
32745 111 
32771 605 
32816 66 
33031 689 
33169 642 
33420 78 
33455 663 
33615 728 
33650 753 
33806 21640 
33821 544 
33884 2246 
33888 495 
34014 569 
34061 241 
34196 129 
34213 460 
34226 715 
34261 117 
34336 201 
34460 1157 
34487 65 
34494 46 
34508 268 
34513 151 
34514 267 
34576 21 
34703 199 
34729 320 
34743 201 
34841 183 
34934 1637 
34961 164 
35055 226 
35072 138 
35287 668 
35327 599 
35404 995 
35516 656 
35552 147 
35624 789 
35699 1505 
35793 305 
35894 404 
36041 374 
36061 1894 
36153 853 
36352 138 
36619 161 
36657 140 
36975 629 
37011 2493 
37104 466 
37156 446 
37225 156 
37309 349 
37320 399 
37335 25 
37356 2294 
37367 811 
37376 481 
37395 286 
37417 126 
37517 143 
37519 5 
37582 1222 
37642 84 
37764 836 
37782 12 
37825 375 
38109 276 
38118 920 
38167 522 
38170 323 
38264 1132 
38520 44 
38523 306 
38573 603 
38622 392 
38638 1053 
38656 211 
38691 43 
38717 511 
38718 503 
38986 1778 
39045 1796 
39105 5249 
39120 428 
39272 2497 
39302 910 
39442 729 
39550 41 
39561 113 
39679 410 
39863 64 
40032 1123 
40140 241 
40244 179 
40346 302 
40357 23 
40371 95 
40512 426 
40591 452 
40671 1406 
40727 1705 
40760 448 
40780 61 
40844 468 
40900 1903 
40910 143 
41052 1066 
41205 174 
41251 754 
41302 393 
41342 31 
41419 2739 
41419 1092 
41603 841 
41667 34 
41757 1242 
41870 69 
41941 92 
41942 837 
41943 1151 
42059 1196 
42118 470 
42137 1416 
42155 4058 
42206 48 
42250 692 
42255 198 
42437 1931 
42612 88 
42681 274 
42711 1375 
42746 638 
42772 390 
42795 779 
42807 121 
42892 50 
42924 76 
42947 169 
43050 0 
43136 354 
43243 409 
43256 438 
43257 64 
43280 390 
43293 71 
43293 94 
43412 260 
43429 207 
43626 575 
43628 1521 
43734 2515 
43748 78 
43828 245 
43936 1521 
43955 316 
43977 967 
44019 2 
44062 208 
44138 345 
44156 356 
44178 109 
44285 234 
44297 396 
44364 392 
44367 26 
44370 923 
44398 415 
44419 5304 
44439 1187 
44451 414 
44459 1257 
44470 90 
44532 2 
44557 323 
44568 2778 
44569 297 
44633 1562 
44634 153 
44686 160 
44776 340 
44795 327 
44873 177 
44915 368 
45037 445 
45052 209 
45149 1203 
45166 12 
45176 1389 
45221 598 
45298 181 
45399 34 
45524 295 
45540 528 
45554 872 
45638 94 
45647 463 
45799 23 
45834 704 
45849 399 
45860 933 
45929 233 
45943 572 
45947 324 
45977 1693 
46026 311 
46078 1676 
46099 1702 
46302 71 
46532 146 
46571 347 
46580 261 
46694 14 
46740 28 
47030 410 
47135 139 
47230 231 
47464 352 
47472 349 
47613 143 
47692 614 
47723 779 
47828 1167 
47889 147 
47941 206 
47948 4098 
47978 198 
48054 543 
48179 637 
48223 645 
48235 519 
48249 182 
48251 20 
48302 1034 
48391 2076 
48399 284 
48410 123 
48440 250 
48484 680 
48587 921 
48593 151 
48754 253 
48819 1066 
49029 3 
49035 201 
49118 144 
49166 5 
49190 4000 
49198 431 
49293 1072 
49313 76 
49339 250 
49341 54 
49411 734 
49432 4 
49472 2334 
49593 810 
49598 185 
49608 1408 
49630 761 
49687 102 
49919 194 
50009 546 
50032 526 
50039 74 
50208 137 
50370 329 
50491 1622 
50542 290 
50543 176 
50547 2410 
50580 25 
50584 119 
50587 1232 
50588 276 
50603 106 
50606 728 
50623 866 
50628 13 
50641 933 
50642 53 
50736 78 
50761 46 
50795 767 
50799 398 
50816 297 
50871 96 
51010 1174 
51019 118 
51053 2018 
51056 315 
51137 254 
51187 9 
51193 2132 
51314 324 
51317 43 
51336 200 
51337 24 
51343 204 
51344 556 
51413 360 
51422 874 
51563 46 
51565 610 
51649 651 
51666 53 
51687 33 
51928 178 
51939 3 
51945 488 
52020 565 
52035 647 
52038 2466 
52182 639 
52263 999 
52297 58 
52310 566 
52343 610 
52440 317 
52462 327 
52477 402 
52530 101 
52555 53 
52572 192 
52573 146 
52628 620 
52795 115 
53116 159 
53279 104 
53302 2119 
53310 276 
53423 361 
53535 271 
53564 329 
53711 154 
53736 435 
53789 69 
53818 346 
54084 293 
54161 264 
54189 1463 
54384 3266 
54400 1245 
54483 14 
54517 12 
54644 1 
54652 48 
54721 1574 
54798 1022 
54839 129 
54840 132 
54959 1346 
55140 1732 
55146 33 
55192 65 
55302 20 
55594 1019 
55611 491 
55637 520 
55767 1579 
55823 150 
55831 2251 
55869 961 
55933 277 
56066 3348 
56175 584 
56205 257 
56260 130 
56363 619 
56377 916 
56397 591 
56441 1366 
56444 404 
56447 430 
56492 67 
56576 307 
56576 1 
56696 1158 
56773 50 
56990 93 
56993 286 
57131 902 
57213 1544 
57213 552 
57236 1126 
57272 747 
57399 235 
57404 728 
57424 668 
57523 415 
57598 178 
57652 784 
57779 186 
58037 75 
58347 61 
58552 104 
58717 18 
58865 195 
58866 1965 
58980 876 
58993 226 
59287 719 
59385 485 
59573 307 
59651 423 
59700 53 
59771 117 
59897 32 
59935 1110 
59978 479 
60313 222 
60331 627 
60338 181 
60421 23 
60517 536 
60907 191 
60956 517 
61122 235 
61664 1241 
61750 5 
61938 3372 
61995 1126 
62156 522 
62318 86 
62408 44 
62559 10 
62734 714 
62919 1108 
62945 25 
63019 162 
63041 359 
63121 1347 
63189 98 
63200 239 
63283 4 
63389 826 
63405 76 
63435 3674 
63574 29 
63585 122 
63593 43 
63647 537 
63658 1268 
63681 633 
63764 1003 
63819 123 
63929 463 
63991 408 
64113 1761 
64322 70 
64532 684 
64649 613 
64669 74 
64812 232 
64838 316 
64856 317 
65421 21 
65501 583 
65613 78 
65631 546 
65961 86 
66124 434 
66450 351 
66836 1050 
66919 440 
67397 1393 
67465 454 
67605 686 
67825 44 
68165 13 
68215 96 
68224 535 
68296 442 
68424 90 
69330 400 
69736 987 
69800 266 
69823 428 
69828 84 
70020 661 
70149 378 
70200 27 
70215 20 
70449 241 
70691 883 
71095 1091 
71860 176 
72617 147 
73023 430 
73214 75 
73324 94 
73692 387 
73789 874 
73896 757 
74035 1891 
74111 422 
74120 200 
74429 106 
74500 59 
74662 967 
75024 1640 
75153 472 
75224 805 
75643 287 
75867 144 
76112 7 
76267 406 
76821 429 
76871 1262 
76964 1053 
76990 356 
77066 625 
78233 129 
78361 215 
78364 0 
78956 612 
78978 1157 
78998 240 
79059 1037 
80256 1381 
80290 76 
80554 505 
80624 183 
80916 152 
80947 189 
80997 790 
81086 405 
81146 23 
81755 119 
82265 95 
83046 1250 
83791 277 
83916 53 
84001 945 
84034 255 
84364 1190 
84553 1015 
84677 755 
84703 901 
84779 3 
84971 587 
85395 56 
85723 262 
85741 2311 
85760 472 
85824 471 
85844 629 
85949 372 
86006 616 
86168 618 
86220 105 
86341 479 
86462 240 
86490 676 
86546 452 
86680 151 
86723 305 
86812 10 
86857 263 
86981 364 
88642 167 
91410 326 
92285 190 
92472 711 
92565 490 
92743 489 
93394 1595 
93758 711 
93961 512 
94937 2654 
95683 87 
96837 366 
97902 605 
98170 99 
99284 21 
99601 403 
100198 210 
100271 1150 
100346 68 
100356 1 
100732 580 
100806 650 
101231 1232 
101385 162 
102129 334 
103137 455 
103174 155 
103330 270 
103374 293 
103846 130 
104017 60 
104054 565 
104344 104 
104380 1315 
104475 573 
104559 1430 
104650 117 
105307 3748 
105534 93 
105636 513 
106542 448 
109178 317 
109202 713 
109528 442 
109831 457 
110635 10 
110767 8109 
111192 58 
111608 573 
112555 55 
115130 1504 
115136 381 
115509 608 
116697 565 
118785 801 
119755 161 
122074 72 
122217 1171 
122529 71 
122744 166 
123269 200 
123302 1087 
123496 383 
123601 563 
123760 1033 
123875 475 
124061 221 
124094 562 
124310 56 
124393 979 
124461 307 
124724 415 
124869 287 
124911 321 
127152 174 
127374 373 
127525 1644 
127702 139 
128507 67 
128552 45 
129185 776 
129358 164 
129456 722 
130492 571 
130503 263 
130567 20 
130756 231 
132047 342 
132676 403 
133053 143 
133195 50 
134487 662 
134499 1066 
134571 491 
135308 4098 
136107 409 
136630 188 
137105 351 
137680 7 
137893 572 
138038 0 
142000 67 
142096 310 
142638 702 
143293 42 
143337 1622 
143809 213 
144690 435 
144924 94 
145025 244 
145390 205 
149485 314 
150349 174 
151187 0 
151344 199 
151748 61 
152334 2139 
152638 566 
154216 5538 
154402 849 
155494 309 
155717 468 
155815 274 
156046 515 
156132 369 
156366 443 
159825 141 
160485 916 
160497 179 
162724 305 
163799 131 
165925 104 
166892 52 
167415 278 
167938 719 
170056 510 
170211 433 
171139 2126 
184054 20 
186391 130 
186439 545 
194738 311 
195558 913 
200497 194 
204317 297 
204938 1117 
206068 1043 
210168 176 
211684 1712 
216420 1637 
217439 585 
219537 1807 
223513 530 
224580 80 
226896 285 
229070 313 
230029 963 
231431 1024 
232925 33 
233247 234 
234999 346 
235999 229 
237799 8 
238572 142 
243065 43 
243496 1458 
244522 1100 
247721 1332 
251165 152 
253970 37 
258004 354 
261307 128 
263291 807 
267822 89 
274412 155 
286537 645 
295864 274 
296446 14 
299831 1259 
302043 66 
306852 152 
307437 86 
308089 1065 
308475 429 
308854 430 
312516 253 
313902 312 
314459 109 
317436 1733 
318730 127 
322936 808 
323541 604 
324142 205 
324641 195 
325041 0 
340268 1120 
347991 198 
353276 312 
356304 109 
361923 1767 
369524 136 
369921 1 
370381 355 
375927 605 
377757 1178 
385220 968 
388724 224 
394327 179 
412725 11 
419737 773 
454163 162 
461085 32 
474508 106 
476055 373 
511885 236 
532810 1515 
560613 1408 
578649 345 
580131 219 
584702 590 
