4682 14.9898958333
0 4763191 
8 23 
9 205 
11 505 
11 304 
11 242 
13 162 
14 659 
16 189 
18 133 
19 475 
19 443 
20 94 
21 1954 
21 740 
21 10 
22 182 
22 161 
23 25 
24 52 
24 1106 
25 197 
26 109 
27 2129 
27 28 
28 212 
28 118 
29 1302 
30 19 
30 20 
31 26 
31 353 
32 135 
32 1746 
32 58 
33 102 
33 174 
33 3323 
34 194 
34 84 
34 168 
35 1 
35 599 
35 1212 
35 54 
35 28 
37 140 
37 3818 
37 109 
37 1207 
37 180 
38 556 
39 50 
39 129 
40 17 
40 147 
40 250 
41 16 
42 130 
42 1484 
43 146 
43 4 
43 31 
43 230 
43 1915 
43 398 
43 110 
44 35 
45 99 
45 561 
45 846 
45 144 
46 102 
46 178 
46 160 
47 396 
47 1530 
47 98 
47 1432 
47 64 
48 65 
49 607 
49 911 
49 473 
49 337 
50 96 
50 10 
50 376 
51 318 
51 216 
51 67 
51 617 
51 632 
51 3327 
52 2246 
53 106 
53 43 
53 55 
53 1147 
53 196 
54 177 
55 100 
55 100 
56 918 
56 47 
56 283 
57 165 
57 197 
57 314 
57 150 
57 320 
58 374 
58 1183 
58 64 
59 1414 
59 128 
59 107 
59 30 
59 125 
60 242 
60 419 
60 293 
60 374 
60 271 
61 115 
61 153 
61 99 
62 211 
62 75 
62 128 
62 368 
62 408 
62 609 
63 328 
63 694 
64 363 
64 127 
65 455 
65 537 
65 234 
65 1056 
66 138 
66 140 
66 1126 
67 474 
68 447 
68 107 
68 66 
68 1083 
68 49 
68 334 
68 127 
69 3376 
69 1289 
69 64 
70 463 
70 215 
70 37 
70 396 
70 154 
71 116 
71 1730 
72 67 
72 33 
72 17 
72 3360 
72 229 
72 227 
74 1194 
74 15 
74 161 
75 79 
75 698 
75 42 
76 159 
76 319 
76 188 
76 95 
78 274 
78 452 
79 623 
79 61 
79 450 
79 1986 
79 394 
79 519 
79 199 
80 7 
80 47 
80 108 
80 193 
81 1421 
81 23 
81 290 
81 813 
81 229 
81 86 
82 276 
82 140 
82 173 
83 56 
83 943 
83 850 
83 24 
83 357 
84 16 
84 73 
84 82 
84 243 
84 201 
84 240 
85 932 
86 972 
86 177 
86 498 
86 1320 
86 164 
87 452 
87 203 
87 344 
87 661 
87 311 
88 138 
88 94 
88 168 
88 275 
88 117 
88 47 
88 267 
89 264 
89 1602 
89 667 
89 366 
90 137 
90 239 
91 93 
91 289 
91 1 
91 246 
92 304 
92 443 
92 239 
94 52 
94 59 
95 504 
95 119 
95 145 
95 32 
95 46 
95 116 
96 1291 
97 89 
97 2014 
98 169 
98 415 
98 1018 
99 113 
100 180 
100 458 
100 20 
101 114 
101 1627 
101 129 
102 11 
102 42 
102 15 
103 49 
103 957 
103 55 
103 443 
103 7 
104 44 
104 219 
105 267 
105 301 
105 176 
106 768 
106 91 
106 132 
106 94 
107 59 
107 81 
107 321 
107 206 
108 195 
109 403 
109 325 
109 171 
109 7680 
110 79 
110 23 
110 934 
110 1309 
111 45 
112 427 
112 294 
112 16 
112 1098 
112 57 
113 374 
113 409 
113 66 
113 1510 
115 469 
115 375 
116 753 
116 94 
116 15 
116 816 
117 273 
117 294 
118 1508 
118 4425 
118 298 
118 129 
119 292 
119 31 
119 47 
119 60 
120 92 
120 258 
120 247 
121 280 
121 346 
121 1414 
121 121 
121 240 
122 392 
123 249 
123 154 
123 193 
124 395 
124 154 
124 166 
125 157 
125 80 
125 499 
125 79 
126 309 
126 93 
126 1340 
126 790 
127 59 
127 204 
127 2156 
127 432 
128 463 
128 433 
129 256 
129 24 
129 43 
129 115 
131 7442 
131 762 
132 3 
133 772 
133 42 
133 134 
133 530 
133 267 
133 2046 
133 49 
134 69 
134 148 
134 107 
135 341 
136 47 
137 240 
137 377 
137 131 
137 452 
137 57 
138 2427 
139 44 
139 673 
140 20 
140 104 
140 89 
140 392 
141 187 
142 284 
142 499 
142 38 
142 220 
142 88 
143 73 
143 115 
143 88 
144 71 
145 89 
146 113 
146 25 
147 208 
147 63 
147 735 
148 53 
150 35 
150 64 
150 90 
150 273 
152 56 
152 758 
152 1197 
152 1350 
153 208 
153 1490 
154 319 
154 460 
155 1027 
155 336 
155 194 
155 222 
157 123 
157 32 
158 73 
158 10 
158 42 
159 92 
159 372 
159 812 
159 34 
160 84 
160 51 
160 3129 
161 190 
161 251 
162 36 
163 263 
163 65 
164 979 
165 46 
165 183 
166 212 
167 1179 
167 185 
168 27 
168 177 
169 135 
169 114 
170 129 
171 135 
171 338 
173 1642 
175 608 
176 675 
177 254 
178 137 
178 98 
179 27 
179 174 
179 945 
180 100 
181 24 
182 514 
182 34 
182 38 
183 188 
183 519 
183 8 
183 73 
184 75 
184 729 
184 56 
185 200 
186 20 
188 1170 
190 88 
190 203 
190 1610 
191 172 
192 46 
192 396 
193 277 
193 86 
194 201 
194 665 
194 267 
195 150 
196 196 
197 136 
198 155 
199 1080 
199 482 
199 120 
199 150 
199 82 
199 94 
200 170 
200 130 
202 88 
202 122 
202 174 
203 1270 
203 267 
203 129 
204 202 
205 120 
206 293 
206 51 
207 114 
207 30 
208 145 
209 490 
209 36 
210 124 
210 312 
210 1767 
213 235 
213 1285 
213 119 
215 1499 
216 514 
216 182 
216 28 
217 1428 
217 286 
218 13 
218 524 
218 718 
220 16 
220 459 
221 25 
221 12043 
221 105 
222 337 
222 845 
222 443 
223 233 
225 46 
226 161 
226 491 
228 728 
229 107 
229 96 
232 674 
232 1067 
232 197 
232 84 
233 1021 
233 91 
236 1057 
236 90 
237 536 
237 60 
237 72 
238 77 
239 757 
239 3306 
240 69 
241 79 
242 573 
242 133 
242 133 
243 149 
244 179 
246 185 
246 830 
247 27 
248 946 
248 90 
249 430 
250 280 
251 353 
252 927 
252 1736 
254 285 
254 324 
255 123 
256 159 
256 11 
257 1731 
257 270 
257 68 
257 412 
257 145 
258 42 
259 187 
259 57 
260 444 
261 44 
263 561 
263 157 
264 458 
265 259 
265 279 
265 121 
265 1287 
266 4126 
268 332 
268 664 
269 232 
270 214 
270 104 
272 101 
272 3134 
273 51 
275 116 
276 17472 
276 213 
277 8 
277 776 
277 2005 
278 135 
279 18 
279 203 
280 164 
281 1079 
282 0 
282 413 
282 114 
284 1694 
284 2065 
288 1093 
288 894 
288 319 
289 906 
290 725 
290 261 
291 525 
291 812 
291 576 
291 46 
292 54 
292 723 
293 3924 
295 73 
299 537 
301 514 
301 165 
302 437 
303 1368 
304 134 
309 1322 
310 22 
310 28 
312 211 
313 279 
313 116 
313 432 
313 9389 
317 935 
318 511 
319 3 
322 63 
323 805 
326 43 
327 113 
329 206 
331 97 
335 414 
336 956 
339 4088 
340 269 
342 198 
342 45 
343 16 
343 6 
346 4108 
346 11 
346 419 
348 232 
349 19 
350 452 
350 246 
351 207 
353 751 
353 272 
355 164 
356 72 
359 2 
360 2907 
367 125 
369 716 
372 112 
373 91 
374 579 
378 191 
379 150 
379 351 
380 78 
381 81 
382 236 
382 1404 
384 441 
387 518 
389 355 
389 893 
392 270 
392 174 
395 255 
395 822 
397 193 
399 29 
400 316 
401 3558 
404 77 
404 293 
407 31 
408 252 
409 260 
410 188 
411 1409 
414 134 
414 38 
416 254 
420 740 
420 1402 
424 733 
426 187 
426 606 
428 72 
434 219 
435 172 
436 2197 
437 66 
437 63 
444 1085 
444 56 
447 408 
447 1146 
450 241 
450 3064 
451 65 
454 115 
455 88 
456 42 
457 92 
458 197 
461 2478 
468 800 
471 117 
471 631 
474 28 
477 154 
478 1586 
478 2446 
480 160 
481 348 
481 53 
483 1578 
486 90 
488 576 
488 505 
490 232 
491 40 
493 936 
494 43 
497 1204 
503 154 
507 104 
514 459 
515 24 
515 164 
517 266 
523 3320 
526 244 
527 208 
528 323 
529 353 
530 10 
531 527 
531 9 
534 28 
537 193 
539 340 
539 2949 
540 20 
541 57 
541 681 
543 372 
544 572 
548 89 
548 153 
549 61 
556 65 
562 2711 
566 1970 
569 240 
571 6 
573 143 
579 247 
583 123 
586 33 
587 328 
591 428 
594 141 
594 574 
596 156 
603 1 
608 281 
610 1764 
611 302 
611 32 
617 214 
619 583 
622 210 
631 78 
632 402 
636 259 
646 1994 
655 783 
657 212 
657 104 
658 91 
665 293 
666 1486 
670 527 
674 55 
678 565 
678 198 
679 74 
682 356 
689 1217 
695 563 
695 0 
697 581 
698 21 
699 144 
699 5551 
703 164 
707 200 
708 36 
709 132 
710 668 
711 7746 
717 100 
725 292 
725 185 
727 58 
736 119 
738 77 
740 15 
741 3012 
742 178 
745 72 
749 603 
749 542 
751 8 
753 65 
758 13602 
766 757 
768 12 
772 15 
772 450 
773 294 
774 164 
781 617 
785 1541 
789 16 
796 1458 
796 13 
798 1004 
804 4054 
804 563 
805 207 
812 63 
820 322 
822 565 
823 29 
823 25 
827 85 
827 252 
831 228 
834 63 
839 1366 
839 164 
841 2923 
849 56 
850 502 
851 24 
851 1536 
856 83 
858 1847 
863 15 
872 112 
874 1998 
881 2122 
886 264 
889 18 
894 163 
895 113 
898 1219 
899 992 
908 3402 
917 308 
918 105 
924 130 
931 1104 
934 9488 
940 146 
948 185 
949 207 
957 191 
959 677 
967 880 
981 750 
984 1 
989 300 
989 135 
992 914 
997 84 
1008 39 
1011 1352 
1012 43 
1015 1353 
1021 136 
1024 264 
1024 225 
1028 4412 
1028 267 
1028 70 
1034 188 
1036 2554 
1037 344 
1040 3443 
1043 1326 
1048 1101 
1055 39 
1057 827 
1060 28 
1061 189 
1061 436 
1067 3018 
1087 907 
1093 46 
1099 138 
1102 5249 
1102 582 
1104 208 
1116 381 
1118 107 
1122 138 
1124 6318 
1130 526 
1132 719 
1134 2773 
1139 237 
1141 408 
1141 1277 
1142 611 
1145 94 
1146 14 
1149 1078 
1150 33 
1154 1030 
1162 1864 
1163 21 
1169 5 
1171 1567 
1171 133 
1174 597 
1175 426 
1184 115 
1188 455 
1195 1478 
1199 1353 
1200 190 
1206 894 
1207 981 
1210 163 
1229 195 
1231 3369 
1247 199 
1252 1719 
1265 316 
1270 61 
1271 636 
1280 74 
1284 1006 
1285 2029 
1291 93 
1292 5158 
1294 0 
1305 152 
1305 55 
1305 882 
1328 82 
1328 121 
1340 128 
1341 797 
1341 63 
1341 872 
1347 287 
1358 41 
1359 38 
1365 788 
1370 778 
1374 62 
1376 11 
1377 241 
1382 767 
1383 57 
1390 179 
1390 263 
1392 611 
1393 1308 
1458 40 
1461 584 
1461 1072 
1461 30 
1489 1447 
1493 203 
1495 374 
1498 734 
1499 49 
1503 1006 
1509 2012 
1521 1 
1523 419 
1527 64 
1539 165 
1544 184 
1545 4794 
1549 9 
1564 861 
1567 836 
1576 74 
1582 1356 
1584 620 
1585 287 
1587 234 
1589 8031 
1602 968 
1604 212 
1605 167 
1609 892 
1611 6300 
1611 1489 
1611 78 
1615 1074 
1618 97 
1619 302 
1620 282 
1623 5010 
1629 591 
1651 1215 
1658 465 
1660 1061 
1665 10 
1669 1362 
1672 599 
1675 205 
1679 3488 
1684 586 
1689 95 
1700 132 
1717 33 
1736 293 
1736 1580 
1749 6 
1754 588 
1770 921 
1770 156 
1773 197 
1784 818 
1795 153 
1798 117 
1806 881 
1811 310 
1818 726 
1834 889 
1836 107 
1852 124 
1861 2 
1879 1578 
1892 1373 
1893 753 
1893 1 
1895 110 
1899 344 
1906 2425 
1913 2520 
1916 1724 
1919 515 
1927 4423 
1929 243 
1930 1631 
1931 30 
1934 372 
1935 415 
1948 856 
1952 1693 
1955 353 
1960 144 
1967 496 
1967 1308 
1969 98 
2002 7087 
2025 1481 
2030 158 
2043 3982 
2053 1381 
2065 0 
2066 133 
2076 287 
2078 456 
2078 415 
2081 80 
2083 1112 
2091 962 
2091 1043 
2095 262 
2095 424 
2101 294 
2102 373 
2108 899 
2120 1459 
2129 390 
2136 4866 
2137 66 
2140 76 
2145 1243 
2160 492 
2164 515 
2164 53 
2170 869 
2186 1091 
2187 3085 
2190 412 
2195 793 
2196 243 
2198 660 
2201 230 
2232 27 
2233 388 
2251 3328 
2252 172 
2254 27 
2258 428 
2266 1815 
2271 792 
2276 48 
2284 1240 
2299 1532 
2302 2624 
2309 561 
2312 82 
2317 9 
2318 13 
2325 170 
2328 840 
2331 758 
2337 1065 
2339 10765 
2345 85 
2348 469 
2350 1435 
2351 23092 
2357 646 
2357 411 
2364 484 
2368 100 
2370 527 
2373 23080 
2375 966 
2398 1737 
2399 808 
2399 309 
2402 539 
2405 4620 
2409 29 
2417 379 
2430 554 
2435 288 
2435 905 
2438 624 
2442 192 
2445 217 
2446 1702 
2446 251 
2459 1615 
2463 701 
2481 380 
2497 2413 
2505 670 
2505 22 
2507 48 
2508 2073 
2512 288 
2521 237 
2532 163 
2541 690 
2542 1789 
2547 252 
2556 2232 
2566 22 
2568 235 
2569 193 
2575 537 
2580 106728 
2583 593 
2588 847 
2590 123 
2592 1314 
2596 58 
2611 1804 
2618 511 
2620 2299 
2620 2194 
2628 201 
2636 622 
2636 622 
2637 105 
2643 272 
2644 320 
2665 62 
2676 380 
2677 175 
2684 1471 
2687 901 
2691 416 
2692 385 
2697 250 
2706 1930 
2709 26 
2710 589 
2711 89 
2719 519 
2722 844 
2724 250 
2724 111 
2732 13143 
2741 155 
2743 1067 
2764 763 
2765 568 
2770 415 
2771 176 
2781 559 
2784 2808 
2798 1383 
2809 1563 
2825 92 
2829 1570 
2829 2871 
2830 835 
2838 1395 
2839 159 
2857 423 
2859 87 
2863 823 
2875 1916 
2878 167 
2879 2521 
2891 1012 
2905 1708 
2912 905 
2918 285 
2920 1438 
2920 176 
2923 91 
2934 148 
2937 583 
2942 660 
2952 88 
2956 6828 
2959 361 
2968 457 
2969 663 
3048 62 
3069 567 
3071 944 
3074 29 
3083 371 
3088 1321 
3107 781 
3112 6588 
3145 193 
3150 20649 
3158 46 
3165 698 
3171 94 
3172 145 
3184 1924 
3188 2127 
3189 1156 
3194 2158 
3197 96 
3223 227 
3228 121 
3232 259 
3243 150 
3253 45 
3266 452 
3273 84 
3290 127 
3292 118 
3298 138 
3312 199 
3313 108 
3314 1442 
3315 6 
3325 2397 
3345 247 
3385 320 
3386 459 
3390 22 
3429 1317 
3438 396 
3467 842 
3473 458 
3493 523 
3495 5605 
3506 131 
3510 1421 
3510 14379 
3514 87 
3528 417 
3547 860 
3556 748 
3561 445 
3584 2056 
3596 654 
3608 1925 
3618 456 
3641 517 
3659 581 
3663 34 
3664 157 
3665 1185 
3667 459 
3685 416 
3686 305 
3692 819 
3707 164 
3740 5324 
3748 28 
3756 72 
3784 39 
3786 182 
3787 29 
3788 2591 
3805 106 
3812 306 
3817 1013 
3818 102 
3827 272 
3833 822 
3843 80 
3844 859 
3847 1529 
3855 252 
3855 621 
3858 719 
3860 7 
3871 210 
3930 396 
3936 226 
3941 189 
3948 416851 
3948 14 
3954 155 
3965 268 
4005 5 
4006 75 
4022 276 
4033 901 
4046 1347 
4050 1311 
4059 1345 
4065 30 
4092 698 
4116 1293 
4131 55 
4146 567 
4147 442 
4147 1754 
4163 4051 
4173 131 
4189 726 
4191 362 
4191 131 
4202 194 
4215 363 
4218 664 
4220 44 
4225 481 
4233 125 
4248 604 
4252 853 
4265 547 
4340 1523 
4342 1135 
4350 323 
4355 356 
4378 688 
4385 846 
4387 25 
4404 2341 
4419 1119 
4438 1231 
4445 18 
4473 2235 
4494 1422 
4495 353 
4498 669 
4499 364 
4506 29 
4519 1612 
4641 258 
4660 122 
4668 100 
4669 1494 
4699 252 
4729 140 
4762 1170 
4769 2082 
4773 114 
4782 1068 
4788 25 
4801 1021 
4824 254 
4825 642 
4827 605 
4842 276 
4858 133 
4862 546 
4877 36 
4897 381 
4899 1995 
4928 336 
4930 1347 
4938 100 
4945 252 
4945 3276 
4964 272 
4969 572 
4970 827 
4972 1444 
4974 419 
4985 561 
4990 3237 
4998 1502 
5004 163 
5017 6621 
5017 439 
5026 775 
5030 100 
5031 488 
5032 1765 
5043 339 
5047 1330 
5067 535 
5072 620 
5092 703 
5092 2636 
5098 1457 
5116 153 
5116 352 
5116 439 
5134 164 
5171 506 
5178 3455 
5183 1603 
5190 4707 
5202 574 
5204 1825 
5205 137 
5252 756 
5252 463 
5268 190 
5299 961 
5312 320 
5318 232 
5347 1288 
5349 1311 
5380 260 
5384 848 
5387 438 
5392 970 
5393 17 
5402 126 
5404 120 
5420 119 
5438 579 
5477 1444 
5544 2367 
5552 1516 
5576 137 
5583 1390 
5588 219 
5590 353 
5592 158 
5609 3347 
5652 3453 
5672 562 
5679 11 
5687 2855 
5724 2566 
5742 187 
5746 494 
5751 2334 
5775 27 
5784 1618 
5786 500 
5787 249 
5803 283 
5812 661 
5823 247 
5837 1077 
5839 489 
5851 96 
5857 443 
5888 354 
5908 196 
5921 864 
5935 2148 
5944 873 
5949 478 
5978 269 
5990 189 
6013 152 
6015 130 
6032 107 
6036 545 
6041 880 
6046 836 
6057 936 
6064 363 
6076 157 
6100 2308 
6124 900 
6125 2793 
6129 1277 
6139 18 
6141 482 
6148 222 
6149 44 
6176 1182 
6179 183 
6183 994 
6185 1011 
6186 98 
6194 288 
6236 948 
6240 162 
6241 219 
6242 1105 
6246 673 
6248 462 
6254 2088 
6267 257 
6284 506 
6288 590 
6292 185 
6297 987 
6300 212 
6316 218 
6325 0 
6337 287 
6346 259 
6355 194 
6374 577 
6390 318 
6464 794 
6469 13 
6479 1009 
6484 1552 
6496 173 
6504 579 
6557 1670 
6578 1999 
6589 75936 
6591 2986 
6600 1734 
6612 2287 
6627 1253 
6659 1626 
6672 186 
6701 45 
6705 283 
6714 1037 
6714 65 
6720 292 
6722 1830 
6727 2250 
6792 1880 
6796 735 
6820 2983 
6830 10074 
6831 346 
6842 307 
6843 3556 
6862 1 
6885 3926 
6892 287 
6902 5 
6906 1408 
6918 264 
6929 1523 
6945 507 
6977 49 
6981 3 
6990 84 
6999 1055 
7006 18 
7032 242 
7034 335 
7068 2998 
7080 3460 
7092 276 
7097 500 
7123 814 
7130 213 
7159 445 
7160 1167 
7170 91 
7173 373 
7182 687 
7187 89 
7198 1178 
7212 319 
7288 370 
7290 1872 
7291 515 
7298 732 
7327 816 
7367 558 
7381 920 
7383 424 
7396 782 
7408 414 
7432 258 
7448 93 
7453 693 
7469 308 
7485 322 
7515 714 
7535 167 
7571 1191 
7623 710 
7633 753 
7693 53 
7703 567 
7703 4582 
7707 759 
7725 80 
7742 389 
7746 1355 
7775 78 
7776 96 
7784 1036 
7807 12 
7825 552 
7842 915 
7857 390 
7874 1346 
7876 67 
7879 1674 
7888 124 
7893 290 
7905 241 
7939 383 
7953 516 
7960 306 
7987 1033 
7995 333 
7996 27 
8017 223 
8036 344 
8048 519 
8064 692 
8068 201 
8167 290 
8214 464 
8217 836 
8220 464 
8230 384 
8260 408 
8276 85 
8284 226 
8301 63 
8318 356 
8319 553 
8323 519 
8333 703 
8472 515 
8488 248 
8541 262 
8560 1003 
8572 879 
8584 1467 
8621 36 
8647 6292 
8656 1194 
8676 31 
8693 3173 
8695 77 
8711 30 
8712 2386 
8736 48 
8811 2355 
8827 565 
8841 1065 
8842 405 
8857 1959 
8857 204 
8875 51 
8881 14 
8890 122 
8929 259 
8942 962 
8948 1468 
8982 4139 
8983 54 
9005 129 
9016 700 
9028 2788 
9037 324 
9069 426 
9100 1011 
9103 1284 
9105 20 
9148 508 
9169 380 
9177 405 
9177 2904 
9183 1186 
9194 359 
9313 685 
9348 653 
9354 1 
9374 227 
9395 2887 
9420 10 
9442 6389 
9460 68 
9494 597 
9523 143 
9531 4444 
9542 630 
9665 512 
9688 1138 
9697 1894 
9702 2038 
9804 1563 
9892 62 
9929 13 
9941 117 
9943 375 
9946 532 
9960 999 
9966 789 
9988 174 
10006 573 
10033 1769 
10043 1103 
10046 120 
10190 258 
10191 443 
10195 3811 
10220 305 
10235 102 
10236 440 
10256 282 
10270 2452 
10283 337 
10294 10 
10294 261 
10355 648 
10365 694 
10366 2855 
10374 1231 
10482 45 
10528 460 
10550 1140 
10599 249 
10613 38 
10619 125 
10657 931 
10677 123 
10683 384 
10684 687 
10686 619 
10696 750 
10717 856 
10750 50 
10751 17 
10763 1414 
10764 113 
10765 6569 
10766 287 
10781 11 
10782 14 
10838 1702 
10843 282 
10883 93 
10890 69 
10892 1214 
10917 3573 
10957 82 
10981 1573 
11002 4332 
11003 720 
11056 705 
11094 761 
11169 102 
11177 53 
11184 2038 
11189 1012 
11204 3831 
11247 1596 
11257 150 
11265 7950 
11279 35 
11285 873 
11293 399 
11355 22 
11379 128 
11379 190 
11387 934 
11399 742 
11432 594 
11434 112 
11457 801 
11471 1305 
11483 1443 
11489 916 
11521 89 
11521 207 
11562 778 
11633 305 
11633 189 
11645 105 
11653 467 
11678 174 
11696 263 
11697 283 
11700 1217 
11804 127 
11806 5 
11825 1632 
11859 23 
11862 31 
11869 241 
11878 69 
11935 248 
11986 30 
12006 109 
12025 300 
12042 2712 
12077 961 
12128 875 
12129 50 
12160 22 
12200 451 
12228 21 
12234 501 
12243 1629 
12244 220 
12255 431 
12262 1649 
12264 24 
12300 4 
12329 991 
12375 237 
12439 165 
12459 1570 
12474 6 
12491 1096 
12540 21 
12553 56 
12572 2830 
12624 77885 
12731 387 
12748 1820 
12752 1511 
12754 8611 
12755 1344 
12755 156 
12783 918 
12801 908 
12826 254 
12842 148 
12868 270 
12891 79 
12896 1173 
12925 155 
12934 235 
12987 479 
12988 110 
13047 1029 
13056 385 
13067 483 
13084 220 
13102 92 
13106 317 
13139 274 
13181 1179 
13189 623 
13223 1875 
13226 225 
13270 225 
13271 1033 
13282 2520 
13284 100 
13290 457 
13386 1507 
13406 188 
13425 73 
13436 331 
13436 324 
13436 331 
13516 7699 
13555 974 
13584 13634 
13585 470 
13587 1652 
13605 2806 
13633 297 
13635 1355 
13668 2132 
13684 153 
13740 161 
13755 21 
13783 27 
13790 412 
13882 534 
13921 1583 
13979 353 
14035 851 
14061 108 
14143 335 
14179 1948 
14213 592 
14275 470 
14301 486 
14317 146 
14358 311 
14377 958 
14403 1843 
14404 273 
14412 226 
14433 1543 
14462 889 
14468 288 
14469 8019 
14493 1527 
14500 569 
14570 1745 
14577 505 
14581 1332 
14616 586 
14636 2677 
14652 865 
14828 273 
14911 296 
14950 3061 
14982 2227 
15031 1246 
15074 761 
15077 36 
15093 1142 
15153 465 
15210 409 
15227 254 
15253 3683 
15267 1878 
15279 181 
15290 298 
15291 554 
15300 184 
15310 1224 
15348 13642 
15390 8 
15459 539 
15510 837 
15519 240 
15586 154 
15786 3098 
15832 78 
15847 268 
15847 1563 
15883 786 
15890 15 
16035 212 
16049 863 
16055 2253 
16102 14 
16120 1303 
16128 81 
16145 655 
16172 1200 
16185 766 
16268 1164 
16292 1388 
16390 70 
16401 753 
16416 377 
16463 459 
16474 87 
16561 728 
16624 676 
16650 4634 
16676 90 
16714 26 
16721 24445 
16721 101 
16755 107 
16760 111 
16799 1148 
16802 938 
16832 205 
16834 319 
16864 1 
16881 1039 
16927 284 
16989 1124 
17000 1603 
17017 2787 
17041 117 
17042 2394 
17045 468 
17091 1114 
17126 206 
17209 282 
17272 217 
17309 651 
17343 65 
17429 52 
17447 200 
17474 543 
17487 332 
17512 115 
17529 3012 
17532 190 
17602 531 
17705 3 
17718 40 
17801 8057 
17882 1397 
17902 1166 
17976 128 
18001 181 
18018 32 
18023 2448 
18043 1628 
18123 285 
18162 2147 
18166 5564 
18199 1408 
18221 57 
18242 841 
18243 186 
18252 3174 
18257 618 
18282 1691 
18289 485 
18343 741 
18352 1791 
18390 861 
18444 1518 
18482 147 
18525 34 
18558 1730 
18586 509 
18625 784 
18636 490 
18708 887 
18768 527 
18784 112 
18787 135 
18975 251 
19063 62496 
19077 509 
19078 1082 
19110 941 
19129 875 
19275 74 
19324 2843 
19464 43 
19564 1081 
19574 47 
19598 4 
19627 17715 
19670 104 
19679 1756 
19699 476 
19708 50 
19757 120 
19790 3069 
20056 939 
20057 2218 
20114 3932 
20121 5235 
20128 32 
20240 62 
20256 102 
20340 471 
20354 1034 
20404 56 
20416 630 
20535 168 
20535 101 
20634 149 
20678 41 
20836 172 
20854 0 
20989 2 
21182 1591 
21253 52 
21280 964 
21363 201 
21365 5597 
21374 21 
21433 1498 
21578 56 
21594 353 
21690 2903 
21708 146 
21745 87 
21925 0 
21961 634 
21990 130 
21991 109 
22005 286 
22241 27 
22290 1842 
22346 939 
22466 33 
22486 18 
22514 1712 
22553 261 
22677 951 
22730 161 
22768 1686 
22803 1793 
22818 208 
23031 126 
23078 1499 
23082 1146 
23138 73 
23140 116 
23193 4666 
23246 802 
23278 2434 
23331 229 
23339 1030 
23353 315 
23399 423 
23439 378 
23487 278 
23493 7698 
23592 310 
23637 268 
23643 1030 
23737 299 
23847 1477 
23916 131 
23960 30 
23968 2 
24041 876 
24079 690 
24107 834 
24194 686 
24195 68 
24269 6238 
24270 545 
24274 274 
24437 1580 
24440 49861 
24456 1309 
24465 1302 
24508 382 
24534 6546 
24592 3277 
24634 1012 
24726 684 
24751 1208 
24806 442 
24952 2739 
24987 0 
24989 501 
25006 73 
25071 47 
25109 837 
25167 174 
25168 214 
25284 881 
25301 4135 
25337 42 
25457 159 
25533 9 
25593 51 
25642 424 
25642 787 
25649 27207 
25666 37 
25697 220 
25717 849 
25760 636 
25763 49 
25780 29 
25792 312 
25840 283 
25948 166 
26195 4446 
26200 31072 
26240 646 
26257 300 
26282 890 
26285 181 
26315 53 
26362 1017 
26484 5160 
26523 17 
26534 730 
26596 2145 
26604 6325 
26622 758 
26720 1352 
26720 1352 
26776 1498 
26776 1498 
26794 834 
26794 834 
26895 647 
26959 2401 
27071 1228 
27197 203 
27234 108 
27365 263 
27384 169 
27493 222 
27553 360 
27578 400 
27622 1315 
27640 3 
27642 236 
27710 254 
27774 1884 
27802 109 
27806 1071 
27903 4 
27925 820 
28115 945 
28208 9443 
28245 72 
28285 618 
28375 8145 
28407 220 
28414 1107 
28481 474 
28594 98 
28632 571 
28707 114 
28934 856 
28940 1188 
28994 104 
29104 462 
29213 3220 
29218 652 
29241 3721 
29260 1314 
29287 307 
29293 147 
29308 332 
29429 532 
29459 931 
29478 932 
29480 1266 
29481 1180 
29486 1950 
29571 118 
29580 46 
29615 8 
29618 982 
29623 165 
29637 2646 
29843 1489 
29878 63 
29932 110 
30014 338 
30071 4010 
30092 134 
30158 1480 
30206 492 
30341 374 
30342 1206 
30406 406 
30427 165 
30501 11254 
30524 13 
30587 241 
30626 2479 
30661 647 
30706 451 
30708 45 
30767 3568 
30804 10872 
30863 1419 
30898 106 
30920 1622 
30926 116 
31030 608 
31041 82 
31072 113 
31134 1074 
31216 106 
31288 1097 
31361 39 
31462 5271 
31472 24822 
31533 313 
31541 902 
31544 1121 
31610 1243 
31670 1 
31670 979 
31691 193 
31691 692 
31707 19 
31756 1985 
31856 74 
31993 2690 
32389 1158 
32449 1049 
32611 330 
32650 123 
32721 1695088 
32744 1235 
32771 87 
32823 503 
32845 1064 
32848 2111 
32868 111 
32870 147 
32898 193 
32911 56 
32926 68 
32951 4869 
32958 284 
33007 273 
33063 15190 
33086 157 
33153 133 
33154 136 
33202 429 
33269 9 
33302 653 
33346 1971 
33377 91 
33399 608 
33426 18 
33438 342 
33457 2476 
33464 168 
33474 1385 
33498 43 
33523 1901 
33530 2916 
33582 1743 
33735 162 
33746 399 
33815 218 
33879 2069 
33923 470 
33965 336 
33978 222 
33983 1269 
34000 2938 
34013 26 
34050 542 
34096 374 
34121 781 
34134 89 
34169 1307 
34184 130 
34233 372 
34349 200 
34354 7574 
34374 501 
34396 42 
34404 1121 
34501 60 
34539 266 
34552 2526 
34553 84 
34596 232 
34612 514 
34647 4258 
34653 229 
34706 158 
34759 580 
34821 138 
34851 33 
34853 403 
34871 1052 
35075 211 
35102 31 
35118 621 
35120 3052 
35278 1 
35314 293 
35326 1263 
35339 255 
35410 151 
35419 2459 
35435 116 
35499 464 
35566 180 
35674 431 
35682 147 
35704 1349 
35774 0 
35812 331 
35825 2357 
35837 105 
35838 1355 
35846 16965 
35857 1458 
35886 522 
35961 104 
35995 1690 
36003 89 
36008 1274 
36008 6858 
36030 5449 
36105 157 
36163 10083 
36169 600 
36258 45 
36258 22 
36261 835 
36274 182 
36439 2 
36486 1100 
36551 7640 
36594 543 
36635 1284 
36660 1294 
36667 642 
36719 1293 
36741 1239 
36833 63 
36843 64 
36953 103 
36968 1180 
37128 4539 
37136 42 
37189 2740 
37299 834 
37300 1294 
37351 1602 
37408 149 
37432 1848 
37455 1540 
37457 283 
37489 248 
37574 28 
37576 1385 
37583 730 
37600 126 
37646 2827 
37766 288 
37896 1253 
37910 2128 
37935 338 
37961 241 
37978 546 
38068 180 
38113 970 
38161 1010 
38169 1082 
38210 1569 
38291 3539 
38294 326 
38307 1078 
38367 74 
38387 54 
38401 215 
38506 4461 
38573 124 
38584 49 
38633 1593 
38671 6831 
38704 333 
38725 441 
38780 4003 
38823 145 
38864 3001 
38865 424 
38901 872 
38929 181 
39045 488 
39083 343 
39097 41 
39136 909 
39158 9 
39166 783 
39201 834 
39230 1135 
39239 114 
39410 1126 
39413 691 
39562 1099 
39610 213 
39625 2397 
39728 6253 
39818 1974 
39845 801 
39870 1254 
39906 336 
39920 1090 
39934 1043 
39950 414 
39975 15 
40000 157 
40040 591 
40061 3769 
40109 127 
40149 1614 
40251 455 
40258 729 
40264 269 
40355 1179 
40359 152 
40401 2440 
40428 1427 
40494 1492 
40506 68 
40508 5174 
40513 404 
40516 97 
40527 1237 
40539 242 
40692 52168 
40701 1387 
40706 551 
40757 2737 
40813 162 
40996 562 
41031 1032 
41052 82 
41075 143 
41157 153 
41158 792 
41161 1742 
41197 1573 
41245 322 
41245 114 
41317 1828 
41320 18 
41348 33 
41351 7335 
41354 431 
41403 1026 
41441 262 
41453 970 
41485 91 
41485 293 
41527 1467 
41573 3924 
41639 1430 
41656 1661 
41661 188 
41780 1819 
41989 6630 
42014 474 
42072 514 
42113 85 
42122 98 
42150 1106 
42206 1140 
42273 1450 
42312 234 
42329 31 
42455 3398 
42499 20 
42577 1777 
42615 427 
42753 453 
42789 0 
42821 679 
42822 1095 
42831 519 
42891 235 
42892 657 
43026 553 
43040 1380 
43066 955 
43108 118 
43172 6097 
43184 580 
43198 157 
43206 10 
43269 4150 
43289 350 
43367 2163 
43453 1256 
43502 54 
43549 1015 
43550 16 
43566 265 
43586 668 
43591 31 
43692 1945 
43720 52 
43757 40 
43900 2373 
43908 496 
43956 2543 
43958 1903 
44180 5553 
44221 1527 
44280 657 
44332 1658 
44378 440 
44470 492 
44518 131 
44595 333 
44602 376 
44620 1782 
44676 4660 
44691 237 
44706 1715 
44758 212 
44800 294 
44803 494 
44862 25 
44883 32 
44910 74 
44936 788 
44959 113 
44962 1454 
45052 339 
45054 605 
45071 519 
45076 266 
45173 1215 
45233 799 
45276 471 
45278 370 
45302 1109 
45589 414 
45657 9 
45688 1337 
45758 6251 
45782 635 
45786 1199 
45791 1262 
45799 275 
45800 885 
45838 3223 
45854 319 
45856 21 
45904 1556 
45917 265 
45921 1111 
45924 2273 
45980 378 
45980 378 
45998 120 
45998 120 
46112 136 
46177 211 
46178 571 
46217 527 
46246 1469 
46290 563 
46314 459 
46340 820 
46344 940 
46358 42 
46368 2539 
46370 794 
46381 1368 
46385 1694 
46402 115 
46410 1858 
46420 2021 
46426 120 
46466 1195 
46489 2465 
46498 383 
46505 145 
46515 432 
46529 128 
46547 789 
46570 1407 
46616 208 
46618 227 
46737 534 
46741 55 
46768 726 
46822 96 
46846 2946 
46905 887 
46926 162 
46954 1385 
46962 523 
46981 2520 
47029 650 
47069 2849 
47100 751 
47137 116 
47166 298 
47212 17 
47242 2015 
47290 523 
47321 61 
47406 14 
47422 1316 
47441 179 
47472 0 
47497 210 
47521 462 
47541 44 
47552 1466 
47646 734 
47716 45 
47728 647 
47740 213 
47780 1031 
47794 801 
47872 310 
47901 2657 
47919 620 
47975 270 
47999 1064 
48026 1932 
48041 1428 
48094 22 
48104 476 
48144 168 
48147 599 
48272 55 
48303 582 
48340 13 
48347 73 
48352 158 
48548 726 
48627 490 
48638 1139 
48659 336 
48682 283 
48683 2036 
48683 333 
48718 496 
48726 2303 
48738 338 
48751 1067 
48757 1047 
48759 1626 
48760 702 
48763 785 
48779 701 
48797 286 
48819 126 
48833 1788 
48841 195 
48902 1130 
48998 2268 
49015 385 
49064 1211 
49153 1514 
49248 687 
49263 8776 
49285 206 
49313 900 
49343 110 
49362 84 
49396 16 
49419 977 
49422 705 
49467 2128 
49505 1185 
49559 149 
49618 142 
49629 1442 
49642 456 
49647 1314 
49661 118 
49664 15337 
49669 925 
49730 127 
49778 1494 
49789 612 
49800 1596 
49888 235 
49925 4610 
49934 219 
49938 6772 
49955 18 
49958 104 
49974 1303 
49985 92 
49998 503 
50000 1310 
50050 1137 
50119 3220 
50152 319 
50210 1593 
50248 838 
50248 561 
50259 156 
50276 694 
50276 1283 
50311 1083 
50319 201 
50337 642 
50382 109 
50404 562 
50419 11683 
50456 1065 
50520 163 
50599 2132 
50672 15 
50723 255 
50729 660 
50880 101 
50969 219 
50973 198 
50991 564 
51044 264 
51088 486 
51107 1118 
51161 72 
51337 193 
51350 1974 
51367 329 
51411 541 
51435 302 
51452 210 
51470 1104 
51580 120 
51652 4133 
51679 92 
51687 69 
51692 147 
51696 3162 
51821 1001 
51863 446 
51876 729 
51889 265 
51892 61 
51942 313 
52000 64 
52017 1414 
52053 91 
52143 960 
52214 5691 
52243 579 
52437 3032 
52446 3191 
52479 564 
52480 420 
52494 206 
52494 171 
52556 1353 
52580 1189 
52696 995 
52735 180 
52778 3573 
52889 158 
52902 3326 
52919 830 
52926 2153 
52950 292 
52957 203 
52988 3 
53002 286 
53053 543 
53056 647 
53103 22 
53111 65 
53150 535 
53182 571 
53246 2756 
53259 807 
53274 1012 
53284 1269 
53293 1091 
53306 1312 
53353 496 
53366 2071 
53396 87 
53420 1330 
53428 15911 
53439 23 
53445 1556 
53472 4712 
53515 52 
53535 217 
53602 196 
53618 1601 
53620 267 
53641 1865 
53648 298 
53697 395 
53731 78 
53738 455 
53743 298 
53765 1365 
53802 13 
53808 1376 
53825 63 
53993 334 
54025 10159 
54040 685 
54079 85 
54081 1101 
54094 1170 
54121 2016 
54134 2364 
54151 443 
54160 332 
54235 3202 
54248 213 
54262 1150 
54293 313 
54302 618 
54356 1377 
54396 750 
54411 3056 
54429 410 
54552 671 
54620 142 
54622 336 
54638 47 
54643 164 
54658 122 
54891 1167 
55070 3505 
55175 867 
55263 1345 
55303 1507 
55345 1155 
55504 371 
55584 1110 
55603 302 
55635 249 
55750 264 
55760 712 
55802 70 
55825 4088 
55895 508 
55920 258 
55951 620 
55981 36 
56080 1386 
56083 14 
56115 464 
56152 846 
56161 1267 
56165 920 
56199 112 
56204 240 
56241 741 
56270 8 
56287 1127 
56353 96 
56376 1655 
56392 82 
56448 44 
56468 369 
56501 36 
56532 999 
56545 1200 
56687 431 
56720 792 
56856 787 
56861 1884 
56872 1009 
56909 1469 
56950 569 
57078 1107 
57123 327 
57126 590 
57202 467 
57203 496 
57208 7 
57251 19 
57265 1281 
57337 5 
57354 792 
57355 244 
57369 780 
57371 1000 
57397 670 
57413 2621 
57441 928 
57488 105 
57637 1402 
57642 1049 
57656 468 
57664 879 
57703 50 
57713 962 
57747 880 
57912 164 
57912 355 
57916 2442 
57946 290 
57947 611 
58023 526 
58094 206 
58106 4586 
58122 1515 
58210 244 
58263 460 
58349 947 
58398 541 
58406 1140 
58411 222 
58417 415 
58462 272 
58471 600 
58481 48 
58566 1084 
58570 883 
58637 39 
58744 158 
58751 861 
58756 0 
58767 66 
58860 385 
58870 156 
58910 3388 
58937 409 
58943 111 
58964 2580 
58983 153 
59012 322 
59145 420 
59157 224 
59173 115 
59183 1131 
59204 557 
59236 34 
59367 15104 
59383 1040 
59385 645 
59397 411 
59490 3616 
59492 2 
59517 471 
59591 1987 
59595 267 
59599 493 
59602 597 
59622 451 
59752 488 
59803 20 
59865 805 
59877 86 
59897 782 
59918 674 
59923 2078 
59935 566 
59947 341 
59949 370 
59968 104 
60045 195 
60050 577 
60056 1727 
60058 224 
60084 49 
60095 90 
60102 472 
60109 6378 
60115 68 
60121 945 
60125 304 
60181 124 
60181 124 
60257 1445 
60262 106 
60263 165 
60361 0 
60362 2370 
60409 39 
60441 417 
60478 2204 
60497 1681 
60509 1569 
60525 279 
60539 318 
60540 706 
60564 234 
60577 1159 
60589 865 
60601 155 
60659 2946 
60727 99 
60749 200 
60749 200 
60779 739 
60851 400 
60872 628 
60884 1102 
60889 1878 
60893 997 
60903 1382 
60904 2104 
60922 328 
60948 54 
60954 188 
60978 109 
60985 76 
61006 262 
61014 950 
61046 1040 
61094 747 
61110 539 
61188 821 
61203 183 
61213 374 
61232 1261 
61248 326 
61288 603 
61289 891 
61314 4533 
61373 220 
61403 5 
61441 2379 
61541 546 
61608 373 
61613 1214 
61742 1003 
61763 150 
61903 514 
61965 239 
61999 273 
62014 18 
62069 1749 
62072 700 
62090 545 
62135 1052 
62146 596 
62251 1349 
62267 1356 
62267 161 
62267 626 
62366 226 
62392 1422 
62414 560 
62463 2107 
62495 1904 
62546 345 
62615 465 
62649 1166 
62695 6 
62725 55 
62762 317 
62799 772 
62806 16 
62826 1331 
62929 564 
62950 90 
62967 654 
62975 1292 
62994 104 
63014 119 
63137 785 
63138 675 
63203 243 
63208 905 
63211 157 
63230 541 
63307 4119 
63320 1126 
63330 73 
63447 1534 
63448 412 
63470 2126 
63486 345 
63495 341 
63578 603 
63586 1757 
63613 154 
63689 730 
63700 283 
63707 462 
63724 430 
63743 1375 
63759 181 
63768 1129 
63773 1408 
63812 304 
63826 814 
63849 311 
63858 40 
63862 148 
63868 531 
63873 610 
63880 1040 
63889 147 
63897 361 
63947 1169 
63967 247 
63994 8226 
63994 8226 
64006 10948 
64048 1533 
64053 149 
64067 164 
64080 145 
64088 98 
64120 354 
64182 1831 
64242 987 
64300 310 
64373 265 
64389 100 
64398 387 
64417 9 
64423 770 
64481 199 
64496 4678 
64526 411 
64543 8738 
64619 961 
64654 2513 
64734 265 
64780 253 
64789 72 
64876 794 
64901 1276 
64922 1632 
64932 228 
65036 1113 
65043 662 
65054 194 
65102 824 
65188 1098 
65195 841 
65222 406 
65236 2734 
65248 857 
65258 212 
65314 93 
65316 4 
65327 297 
65381 1956 
65422 11 
65432 477 
65460 5376 
65476 1292 
65539 1258 
65540 345 
65566 322 
65694 683 
65755 48 
65775 92 
65802 265 
65824 1290 
65894 2091 
65904 1894 
65956 280 
66001 338 
66002 1369 
66047 276 
66055 282 
66104 1503 
66156 861 
66189 3541 
66194 5236 
66200 125 
66201 72 
66216 1943 
66224 2429 
66249 1404 
66255 503 
66256 844 
66292 648 
66394 186 
66440 1247 
66480 869 
66528 384 
66556 125 
66680 1086 
66721 24 
66779 9090 
66779 964 
66789 814 
66803 1847 
66862 1431 
66877 1026 
66884 1788 
66912 503 
66940 920 
66946 188 
66975 84 
66977 7027 
66996 2 
66997 72 
67065 1276 
67105 5680 
67111 265 
67114 1344 
67122 1507 
67136 443 
67139 262 
67141 52 
67168 373 
67231 180 
67315 1450 
67325 3262 
67353 146 
67434 200 
67435 280 
67468 2655 
67493 4110 
67573 163 
67584 163 
67590 437 
67624 1112 
67627 209 
67678 2368 
67679 351 
67694 156 
67695 200 
67727 1689 
67742 1045 
67800 420 
67831 4107 
67838 347 
67846 2895 
67852 134 
67931 847 
67933 103 
67998 618 
68000 51 
68001 351 
68110 3311 
68143 1433 
68235 271 
68264 702 
68500 448 
68530 112 
68554 774 
68633 85 
68659 2083 
68660 31 
68733 582 
68786 1290 
68871 2511 
68902 2589 
68962 1262 
68978 280 
69004 93 
69074 40 
69166 683 
69190 1656 
69233 8 
69375 1036 
69439 520 
69495 1512 
69525 214 
69545 813 
69627 1823 
69642 175 
69655 610 
69656 441 
69764 3050 
69782 92 
69840 483 
69948 8751 
69976 199 
69985 1096 
70022 26 
70086 1128 
70090 634 
70254 1404 
70317 1193 
70318 1983 
70333 1064 
70408 1149 
70450 175 
70480 47 
70535 458 
70559 813 
70604 1080 
70732 494 
70773 67 
70806 751 
70812 1923 
70869 2951 
70879 755 
70879 4761 
70882 835 
70894 394 
70900 2562 
70942 105 
70947 165 
70990 204 
71015 207 
71016 2722 
71044 96 
71161 538 
71163 140 
71198 579 
71209 1327 
71271 129 
71292 1666 
71330 1 
71340 347 
71392 127 
71457 1031 
71483 272 
71525 40 
71658 39 
71746 355 
71755 1265 
71837 643 
71903 374 
71935 47 
71962 2844 
71962 885 
71966 451 
72011 72 
72047 778 
72093 723 
72101 429 
72170 654 
72243 208 
72257 294 
72359 3173 
72396 633 
72411 6 
72422 7 
72436 1639 
72507 2142 
72774 883 
72804 74 
72823 586 
72830 326 
72846 44 
72919 222 
72949 366 
72953 1262 
72991 731 
73057 2590 
73061 1154 
73275 410 
73283 109 
73317 179 
73353 268 
73391 1524 
73504 2387 
73506 2167 
73536 611 
73581 1955 
73746 277 
73752 817 
73773 1467 
73867 157 
73885 12 
73943 303 
73962 178 
74003 2224 
74124 263 
74258 3150 
74293 0 
74316 716 
74316 328 
74322 0 
74548 1032 
74655 79 
74788 267 
74845 1248 
74897 1198 
74911 2811 
74965 177 
74991 311 
75009 156 
75074 220 
75172 389 
75195 593 
75208 544 
75211 290 
75293 159 
75308 479 
75394 15 
75430 60 
75480 86 
75531 171 
75731 684 
75824 206 
75828 83 
75853 894 
75892 1794 
75939 194 
76004 2349 
76080 448 
76107 1142 
76139 1449 
76199 9 
76218 424 
76321 25 
76353 146 
76374 290 
76387 1859 
76423 795 
76629 86 
76642 852 
76757 232 
76770 1500 
76772 285 
76800 269 
76826 17 
76916 2418 
76945 698 
76974 15310 
76985 186 
76995 1375 
77044 176 
77063 262 
77174 351 
77310 102 
77313 521 
77335 1486 
77509 1019 
77523 1402 
77570 166 
77683 770 
77774 1844 
77929 2179 
77948 3164 
78056 55 
78077 398 
78102 41 
78172 355 
78283 161 
78308 1019 
78343 254 
78364 97 
78374 1092 
78411 1531 
78497 479 
78507 107 
78558 1325 
78606 555 
78795 140 
78841 2502 
78974 53 
79025 984 
79028 6 
79044 1185 
79056 639 
79064 500 
79072 273 
79112 455 
79166 1439 
79210 656 
79220 91 
79266 422 
79302 3049 
79331 1269 
79360 12401 
79462 57 
79482 162 
79576 663 
79611 5112 
79613 718 
79687 1659 
79799 637 
79807 122 
79825 120 
79982 1432 
80034 3273 
80046 346 
80163 235 
80277 1984 
80294 4 
80593 57 
80669 213 
80694 384 
80708 1275 
80736 618 
80755 750 
80762 753 
80766 1163 
80783 1134 
80824 181 
80864 13 
80880 1392 
80919 53 
80991 736 
81084 550 
81098 358 
81229 1005 
81253 2038 
81272 952 
81278 1437 
81278 1437 
81325 5271 
81459 789 
81460 31 
81483 189 
81523 85 
81573 2552 
81613 702 
81635 177 
81723 187 
81746 333 
81762 1269 
81837 203 
81857 253 
81943 207 
82077 723 
82084 47 
82201 150 
82355 919 
82382 4 
82385 213 
82417 256 
82512 1760 
82574 232 
82599 560 
82616 172 
82624 1111 
82638 571 
82665 146 
82947 40 
83003 546 
83115 39 
83293 177 
83342 868 
83355 833 
83360 1283 
83423 361 
83455 624 
83493 893 
83497 469 
83569 472 
83596 645 
83627 1082 
83704 50 
83720 1582 
83821 329 
83892 494 
84062 5768 
84141 1285 
84181 83 
84186 1031 
84397 409 
84464 2663 
84506 1975 
84631 1209 
84658 233 
84659 1490 
84668 137 
84697 410 
84710 1792 
84715 224 
84763 9469 
84768 550 
84812 367 
84835 211 
84839 110 
84875 204 
84890 721 
84892 58 
84909 833 
84927 19 
84944 145 
84950 912 
85034 51 
85074 111 
85162 116 
85196 637 
85201 886 
85246 104 
85275 693 
85305 106 
85386 960 
85424 879 
85462 113 
85468 1408 
85529 37 
85550 2326 
85568 658 
85666 45 
85719 1191 
85762 7 
85904 220 
85905 964 
86041 581 
86049 1074 
86061 2591 
86091 17 
86166 641 
86182 204 
86257 50 
86345 824 
86405 823 
86416 217 
86556 6855 
86607 6428 
86633 1934 
86685 264 
86709 643 
86905 877 
87347 132 
87612 300 
87637 674 
87667 170 
87814 1056 
87834 591 
87898 1742 
87921 269 
88078 940 
88103 805 
88129 2604 
88144 1752 
88152 0 
88253 87 
88394 69 
88394 1571 
88477 182 
88573 1293 
88620 784 
88654 272 
88671 4009 
88794 41 
88797 572 
88844 769 
88882 781 
88924 821 
88962 369 
89145 804 
89279 328 
89514 4717 
89514 4717 
89530 241 
89707 161 
89738 460 
89899 1258 
89908 0 
89909 728 
89922 3538 
90348 741 
90413 931 
90433 1162 
90449 174 
90456 2257 
90692 253 
90741 1622 
90798 1116 
90969 111 
91016 44 
91019 2105 
91031 426 
91155 590 
91213 84 
91247 418 
91261 175 
91314 245 
91476 1118 
91626 140 
91781 653 
91900 647 
91907 14 
91928 1631 
91992 785 
92007 143 
92168 1265 
92196 114 
92207 884 
92208 813 
92245 1598 
92346 3487 
92361 161 
92411 1039 
92450 2330 
92459 141 
92509 1196 
92613 2326 
92889 1327 
92998 637 
93047 1427 
93233 1025 
93351 95 
93384 1473 
93937 145 
94002 2209 
94058 954 
94205 247 
94429 6831 
94553 647 
94755 534 
94811 2097 
94976 460 
95152 249 
95297 311 
95672 325 
95810 282 
95815 513 
95909 39 
95913 776 
96100 300 
96120 370 
96139 560 
96153 7169 
96163 347 
96179 712 
96180 31 
96180 221 
96199 28 
96249 232 
96252 1255 
96281 45 
96554 211 
96575 347 
96633 281 
96680 224 
96693 400 
96943 350 
97037 696 
97043 6624 
97175 603 
97790 278 
97874 371 
97938 659 
98019 924 
98030 599 
98060 531 
98143 409 
98143 409 
98184 133 
98253 287 
98466 2937 
98489 1185 
99005 779 
99197 47 
99319 134 
99330 1456 
99355 161 
99576 1360 
99585 4096 
99804 1348 
99821 2065 
100003 629 
100017 138 
100124 263 
100177 262 
100246 620 
100299 811 
100314 3633 
100341 1357 
100532 56 
100561 374 
100562 87 
100566 667 
100617 873 
100629 1422 
100653 0 
100701 932 
100826 6 
101127 950 
101201 354 
101248 354 
101286 788 
101329 917 
101457 584 
101472 164 
101473 1319 
101534 1211 
101705 600 
101803 1183 
101968 903 
101980 903 
102272 424 
102277 785 
102293 234 
102311 1491 
102352 6070 
102409 1559 
102598 145 
102718 689 
102925 494 
103014 441 
103171 754 
103368 481 
103446 91 
103517 125 
103864 1707 
104059 1608 
104492 1929 
104578 69 
104586 920 
104633 1114 
104984 1616 
105278 562 
105856 25027 
105870 1016 
105946 383 
106028 64 
106062 1686 
106136 688 
106271 1371 
106411 68 
107154 422 
108337 172 
108545 551 
109057 1782 
109138 1640 
109233 425 
109483 872 
109921 1485 
110201 1721 
110604 318 
110708 1161 
110839 1459 
110871 1628 
110951 1105 
111302 1640 
111323 36 
111419 1298 
111464 1100 
111648 689 
111807 33 
112027 278 
112445 500 
112552 658 
113014 1508 
113196 325 
113364 4220 
113661 299 
113794 992 
114634 76 
114700 896 
115466 149 
115788 2157 
116038 141 
116259 268 
116869 63 
117540 925 
117573 57 
118166 2215 
118233 851 
118433 997 
118558 328 
119020 164 
119190 177 
119562 100 
120059 2489 
120468 138 
120879 536 
121038 1294 
121704 132 
121788 10 
122005 290 
122224 140 
122720 377 
122750 1330 
122814 248 
123239 118 
123402 453 
124104 494 
124135 429 
124341 663 
124548 549 
124654 1405 
124716 624 
124741 246 
125057 243 
125107 48 
125480 2411 
125520 1095 
125524 1079 
125619 77 
126415 1026 
126832 1764 
126962 158 
127170 3 
127326 622 
127699 335 
127869 28 
127896 5 
127911 328 
128297 61 
128425 226 
128581 1150 
128600 4502 
128617 382 
128738 1077 
128823 1159 
129004 337 
129389 9127 
129614 1657 
130088 132 
130236 462 
130493 160 
130559 285 
130979 194 
131194 2872 
131369 597 
131554 295 
131568 31 
131571 1046 
131578 255 
131720 332 
131723 1545 
132394 1733 
132699 197 
132735 372 
133061 386 
133552 351 
133553 777 
133836 453 
134158 1743 
134199 490 
134218 280 
134218 280 
134494 84 
134577 1164 
134836 305 
135184 313 
135635 2610 
135636 687 
135701 55 
136260 398 
136263 197 
136279 74 
136412 260 
136441 468 
136646 254 
137124 81 
137226 846 
137300 447 
137585 482 
137775 320 
138094 449 
138117 400 
138174 416 
138389 448 
138541 1792 
139041 1893 
139449 596 
139888 89 
140146 34 
140277 652 
140658 1103 
140688 111 
140990 34 
141187 2249 
141668 215 
141685 1171 
141940 905 
141940 905 
141945 475 
142049 355 
142109 1685 
142533 170 
142542 1405 
142692 1094 
142736 793 
142932 199 
143257 1463 
143747 302 
143821 25 
143845 1063 
143973 105 
144121 205 
144576 284 
144813 212 
145122 231 
145134 442 
145239 191 
145239 231 
145569 2029 
145769 606 
145788 1038 
145883 657 
145887 291 
145953 34 
146172 538 
146301 815 
146647 339 
146944 1338 
148074 72 
148199 506 
148393 4896 
148433 416 
148493 446 
148561 7 
148561 7 
148581 160 
148739 557 
148767 34 
148776 8 
149390 2049 
149416 211 
149731 574 
149912 499 
150251 114 
150391 100 
150471 190 
150713 770 
150852 1233 
150879 340 
151198 4218 
151286 1131 
151298 319 
152221 1041 
152297 159 
152776 1206 
152791 1822 
152803 443 
152831 1662 
152891 152 
153086 1143 
153215 348 
153246 306 
153507 248 
153527 1194 
153557 1796 
153563 2284 
153565 1710 
153630 468 
153646 194 
153660 775 
153660 102 
153678 672 
153936 476 
153972 269 
153972 771 
154052 259 
154095 29 
154316 312 
154372 1539 
154395 767 
154401 2045 
154485 681 
154655 24 
154846 942 
155100 1270 
155183 122 
155217 932 
155231 1402 
155237 487 
155303 1659 
155304 203 
155404 906 
155438 653 
155489 465 
155663 1322 
155887 788 
155993 365 
156026 1264 
156116 2087 
156145 437 
156145 398 
156146 190 
156148 538 
156172 874 
156195 915 
156229 613 
156236 2417 
156378 3760 
156448 71 
156484 1337 
156605 813 
156622 192 
156690 17 
156708 246 
156742 647 
156945 490 
157035 440 
157131 130 
157147 154 
157168 211 
157216 122 
157225 182 
157373 377 
157433 237 
157439 97 
157462 234 
157881 56 
157882 1075 
157917 134 
157918 1489 
157959 84 
158117 188 
158194 1538 
158436 1532 
158545 1236 
158596 145 
158982 0 
159117 763 
159324 1403 
159602 175 
159838 1468 
159840 1259 
159943 151 
159975 1114 
159986 832 
160216 5 
160261 41 
160277 805 
160865 379 
160980 2131 
161372 1558 
161607 586 
161684 840 
162022 50 
162127 87 
162440 247 
162637 599 
162668 54 
162753 126 
162842 1220 
163115 348 
163376 3068 
163493 325 
163612 1305 
164112 2226 
164445 2011 
164992 487 
165019 2044 
165191 13 
165627 61 
165637 738 
166176 2423 
166211 198 
166398 1294 
166491 1669 
166595 249 
166665 561 
167252 192 
167423 160 
167534 86 
167844 237 
168151 1465 
168468 1792 
168520 2735 
168686 50 
168746 825 
168980 937 
169011 455 
169429 276 
169759 1317 
169789 140 
169809 508 
169924 1297 
169993 289 
170062 659 
170322 960 
170435 438 
170608 0 
170743 852 
171646 61 
171901 98 
171933 1118 
171946 257 
172397 142 
172520 169 
172734 168 
172749 183 
172975 182 
173143 3336 
173236 161 
173512 176 
173564 1379 
173814 1376 
174238 190 
174468 139 
174615 1507 
175534 5845 
175539 235 
176026 797 
176063 1072 
176271 1138 
176534 801 
176696 3634 
177172 727 
177209 590 
177757 545 
177905 672 
178138 246 
178163 248 
178205 458 
178217 374 
178385 440 
179535 1305 
180336 47 
180360 195 
180532 806 
180747 74 
180790 786 
182000 491 
182017 1076 
185237 1131 
185382 146 
185557 216 
186362 2162 
187233 1131 
187643 97 
187648 3117 
187674 589 
187936 960 
187991 486 
188241 307 
188313 0 
188373 60 
188457 258 
188513 1023 
191044 519 
191097 172 
192378 267 
192631 33 
192698 678 
192707 1569 
192745 600 
194704 131 
194796 475 
195285 306 
195659 593 
195996 124 
197204 45 
199611 114 
202398 527 
206932 1206 
207856 22 
209615 273 
209891 33 
211260 95 
212086 987 
212898 1419 
213025 341 
213758 1409 
213868 614 
214969 259 
215522 649 
216045 309 
217021 80 
217088 615 
217127 191 
217342 456 
218276 2130 
218315 253 
218850 965 
218918 2009 
218975 0 
219146 1373 
219261 85 
219490 369 
219962 70 
220937 575 
221761 1640 
221862 10565 
221874 1377 
221924 194 
221998 692 
222132 62 
222158 37 
222171 43 
222236 631 
223891 650 
223913 165 
223933 293 
224360 520 
225457 1349 
226547 835 
226738 73 
227061 1102 
227776 88 
228302 1541 
230159 742 
230531 322 
230838 1431 
231020 508 
231310 83 
231365 309 
232336 322 
234458 790 
234475 2820 
234774 781 
235136 62 
235714 247 
235746 572 
237242 329 
238471 460 
238647 223 
240678 4898 
241143 6 
241845 49 
241849 63 
242471 76 
242541 65 
242715 2258 
243326 165 
243353 2852 
243389 414 
243464 815 
243507 205 
243576 58 
243786 627 
244458 648 
244598 253 
244846 329 
245264 173 
245508 394 
246111 131 
247951 476 
248077 855 
248594 226 
248964 0 
250242 1388 
250285 839 
250469 672 
250628 803 
250671 657 
251513 816 
251611 4221 
251658 242 
252227 1523 
252266 340 
252666 769 
253363 387 
253383 252 
254145 1131 
255059 28 
255644 989 
256137 669 
257009 510 
257269 252 
258160 214 
258666 212 
258796 1307 
258947 305 
259250 765 
260191 216 
260469 289 
260535 1007 
261733 87 
262045 240 
262623 128 
262777 52 
263272 285 
263868 1329 
264452 367 
264988 189 
266115 612 
266122 130 
266335 539 
267999 692 
268004 163 
268587 397 
269821 158 
270974 153 
271788 248 
272023 1226 
272085 701 
273326 464 
273951 76 
275536 542 
275832 174 
276067 277 
276121 221 
277980 1654 
280821 402 
284755 148 
285906 6 
289148 421 
291529 264 
293786 136 
298619 1357 
299012 243 
299421 383 
302635 387 
303385 725 
303420 1760 
303497 914 
305766 288 
305818 1218 
309315 2253 
310707 99 
311535 321 
311681 925 
312020 318 
312323 143 
313481 664 
313513 143 
314027 687 
314263 103 
315183 1143 
316633 3206 
318567 46 
319752 1761 
320819 20 
321380 85 
321616 783 
322634 235 
323865 1899 
324072 776 
325238 295 
325280 946 
326867 3216 
326918 60 
327067 13 
329186 768 
330352 772 
331536 202 
332038 2 
334094 1726 
334506 7 
336038 360 
336478 225 
338146 394 
339189 2602 
339893 490 
340340 286 
340460 1484 
340483 187 
340999 317 
341124 1599 
341622 368 
341744 837 
342185 203 
342577 813 
346029 312 
346844 826 
348182 95 
350441 337 
351115 51 
352057 875 
352931 222 
354221 166 
354332 167 
354402 95 
354751 28 
363497 63 
365275 3703 
372561 1047 
374241 136 
375529 1756 
377020 439 
380985 382 
381173 1031 
383078 304 
384917 1946 
385124 298 
385486 155 
385931 748 
386579 1230 
387486 5 
387985 441 
389850 14 
390553 826 
390983 391 
392073 690 
392336 1657 
393487 99 
396948 1091 
397407 96 
399602 346 
402388 163 
403170 714 
404766 198 
405765 415 
406765 4826 
407027 573 
407289 191 
407757 600 
408055 897 
408086 2452 
410720 1233 
412662 606 
412693 3063 
414116 1498 
414996 49 
416198 1116 
417743 644 
420625 418 
421158 8 
424256 58 
424486 787 
425720 45 
427918 1839 
428781 1068 
430418 72 
430516 8 
430942 764 
434505 75 
435576 22 
437412 1097 
440490 313 
440557 149 
440676 740 
440725 1040 
442662 43 
445886 197 
445990 162 
446183 270 
446474 81 
451261 190 
461145 1074 
464226 416 
469116 4573 
470022 589 
470068 779 
474363 1548 
474885 19837 
474891 1758 
475908 400 
479174 1625 
479249 706 
488785 5 
489673 532 
489815 191 
490751 240 
491872 1460 
493687 2248 
493842 980 
494578 669 
495516 1509 
496176 637 
496476 112 
497106 296 
498268 410 
500213 2366 
501824 322 
502422 1400 
502636 1144 
502874 242 
505217 773 
505513 300 
506239 221 
506684 1509 
506795 1226 
506913 685 
509283 1497 
509437 2 
512746 957 
517213 2491 
520571 38 
521416 407 
522638 1463 
525462 983 
526030 2318 
526294 315 
527121 956 
528244 215 
528500 554 
528737 131 
529028 85 
530796 1535 
531607 101 
532685 460 
532940 59 
533066 111 
538568 140 
549790 319 
551510 894 
551590 1879 
560879 5 
561845 396 
570101 619 
570126 206 
570201 2592 
573704 421 
576032 300 
576051 200 
576569 1042 
580716 783 
582680 112 
583724 972 
583930 732 
588789 244 
589635 150 
590367 1034 
590501 629 
590523 674 
590704 737 
591964 497 
593106 1619 
593912 135 
593981 127 
594791 742 
595562 107 
596509 1005 
596823 745 
596920 222 
598642 304 
602786 7355 
603004 1524 
603028 409 
604450 676 
604557 649 
