2538 10.1435763889
0 509290 
9 170 
9 51 
10 440 
10 97 
11 872 
13 446 
13 142 
13 410 
13 52 
13 484 
13 1135 
15 203 
15 572 
15 6070 
16 342 
16 184 
16 1162 
17 310 
17 2114 
17 1037 
17 825 
18 63 
18 852 
18 130 
18 1819 
18 321 
19 331 
19 532 
19 781 
19 152 
20 125 
20 1266 
20 390 
21 663 
21 2795 
21 223 
22 43 
22 516 
22 492 
22 894 
22 1583 
23 801 
23 1507 
23 564 
23 948 
23 2356 
24 1939 
24 69 
24 521 
24 265 
25 908 
25 743 
26 536 
26 824 
26 506 
26 292 
26 53 
27 99 
27 908 
27 561 
27 893 
28 374 
28 92 
28 101 
28 657 
28 230 
28 101 
28 1697 
29 586 
29 53 
30 701 
30 347 
31 219 
31 1801 
31 4228 
31 1807 
31 252 
31 173 
32 471 
32 280 
32 198 
32 364 
33 53 
33 63 
33 1642 
33 164 
33 3733 
33 377 
34 231 
34 531 
35 191 
35 1060 
35 103 
36 1803 
36 10176 
36 130 
36 12 
36 362 
36 127 
37 163 
37 542 
37 800 
37 73 
37 34 
38 1389 
38 147 
38 1124 
38 60 
38 73 
38 1605 
39 170 
39 2404 
39 271 
39 42 
39 7810 
39 531 
39 693 
40 172 
40 2335 
40 49 
40 1027 
41 58 
41 38 
41 16 
41 234 
42 2763 
42 363 
42 202 
43 152 
43 249 
43 31 
44 454 
44 243 
44 76 
44 317 
44 659 
45 85 
45 454 
45 114 
45 1383 
46 1080 
46 736 
46 1219 
47 102 
48 275 
48 80 
49 91 
49 633 
49 1242 
49 36 
50 423 
50 161 
50 161 
51 180 
51 44 
52 856 
52 101 
52 237 
52 577 
52 124 
52 362 
53 293 
53 182 
53 211 
54 230 
54 468 
54 300 
54 1407 
54 86 
54 574 
55 284 
55 416 
55 1054 
55 26 
56 693 
57 226 
57 441 
57 10588 
57 111 
58 419 
58 92 
58 603 
59 326 
59 240 
59 783 
59 50 
59 810 
59 1341 
59 317 
59 2720 
59 252 
60 48 
60 76 
61 46 
61 204 
61 727 
61 342 
62 116 
62 1974 
62 4 
63 1455 
63 98 
64 9709 
64 51 
65 599 
65 192 
66 227 
66 1413 
66 1285 
67 292 
67 306 
68 158 
68 44 
68 639 
69 161 
69 726 
70 353 
70 258 
70 2969 
71 371 
71 50 
71 756 
72 840 
72 132 
72 126 
72 90 
72 371 
73 1011 
73 91 
73 378 
74 732 
74 44 
75 200 
75 271 
75 92 
75 1380 
75 106 
75 68 
76 286 
76 405 
76 30 
76 1061 
77 190 
77 118 
77 593 
78 24 
78 859 
78 1681 
78 138 
79 1235 
79 339 
79 653 
79 387 
79 659 
80 176 
80 28 
81 141 
81 117 
81 227 
81 443 
83 202 
83 180 
83 606 
83 167 
84 1796 
84 360 
85 100 
85 443 
86 2115 
86 309 
86 90 
87 139 
87 194 
87 460 
88 246 
88 654 
89 136 
89 987 
90 208 
90 76 
90 12 
90 657 
91 351 
92 845 
92 58245 
92 918 
93 506 
93 141 
93 487 
93 73 
93 1502 
96 181 
98 305 
98 81 
99 569 
99 348 
99 110 
99 376 
100 2463 
100 80 
100 62 
101 217 
102 1059 
102 754 
102 1409 
103 108 
103 2340 
104 65 
104 189 
104 98 
105 49249 
106 764 
106 1503 
106 657 
108 159 
108 45 
108 103 
108 128 
109 1745 
109 401 
110 408 
111 350 
111 1813 
111 162 
111 646 
112 434 
112 153 
113 115 
113 248 
114 139 
114 94 
115 73 
115 88 
116 350 
117 609 
117 210 
117 2188 
118 332 
118 160 
118 143 
119 116 
119 787 
120 62 
121 411 
122 61 
124 96 
124 1062 
124 83 
125 312 
126 190 
126 95 
128 271 
129 3226 
129 215 
129 392 
129 1207 
129 873 
130 232 
131 1400 
131 102 
131 108 
132 420 
133 2900 
135 44 
135 7 
135 405 
135 102 
135 212 
136 30 
136 110 
136 269 
137 1067 
137 687 
137 450 
137 5930 
137 3036 
138 304 
138 1079 
138 334 
139 865 
139 505 
139 270 
140 194 
140 53 
140 222 
141 256 
141 447 
142 1124 
142 1832 
143 446 
144 948 
144 867 
144 29 
146 85 
147 1210 
148 277 
148 404 
148 643 
150 708 
150 418 
150 1424 
151 1153 
151 101 
151 667 
152 307 
153 267 
154 465 
155 220 
155 497 
155 163 
156 735 
157 157 
157 122 
157 116 
158 320 
159 402 
160 188 
161 177 
161 177 
162 329 
162 3 
162 648 
163 845 
163 9 
163 89 
164 39 
164 1168 
164 864 
165 78 
166 152 
166 300 
166 137 
167 274 
167 512 
168 149 
169 1760 
171 356 
171 10 
173 493 
174 281 
177 331 
177 181 
177 1632 
178 541 
178 625 
178 900 
178 305 
179 792 
179 160 
180 3438 
180 226 
180 98 
181 436 
182 138 
184 285 
185 175 
185 76 
185 153 
185 521 
185 312 
186 68 
188 90 
188 18 
188 929 
188 180 
188 1435 
189 47 
190 19 
193 94 
193 14 
194 83 
195 8476 
196 234 
197 94 
197 78 
197 157 
198 95 
198 105 
199 567 
199 795 
199 375 
199 239 
200 29 
201 123 
201 173 
202 240 
202 609 
202 164 
202 976 
205 3973 
206 423 
206 889 
207 85 
207 35 
208 191 
208 293 
210 153 
210 78 
211 71 
211 60 
212 491 
213 69 
215 208 
215 190 
216 277 
216 76 
218 1294 
218 1034 
218 640 
219 1400 
220 3171 
220 510 
223 724 
223 3570 
225 238 
226 1108 
227 338 
227 70 
228 60 
228 3202 
230 128 
230 159 
231 4662 
234 323 
235 686 
238 57 
239 61 
240 150 
240 8482 
243 97 
243 104 
244 55 
244 763 
247 1457 
248 133 
250 314 
251 23 
251 436 
251 310 
252 205 
259 2242 
260 192 
260 24713 
260 104 
261 28 
261 25 
263 24 
263 23 
264 116 
265 181 
266 546 
266 34 
269 86 
269 304 
271 109 
271 159 
278 207 
278 283 
279 1404 
280 2676 
281 1282 
282 419 
284 210 
286 123 
286 109 
290 394 
291 288 
292 92 
294 1162 
294 211 
295 76 
298 4225 
303 931 
308 83 
309 1768 
309 129 
310 640 
310 2188 
311 341 
311 495 
312 424 
313 1581 
313 30 
315 1367 
316 158 
316 107 
317 111 
318 12 
322 1305 
323 204 
326 157 
327 614 
329 236 
332 98 
333 979 
335 57 
337 1374 
337 112 
337 78 
338 953 
339 14500 
340 139 
345 210 
350 417 
350 156 
351 1150 
352 95 
353 894 
359 608 
359 2881 
359 547 
360 233 
361 536 
362 433 
362 2560 
368 30 
369 213 
370 249 
371 28 
371 9 
373 230 
374 212 
377 13 
377 226 
378 488 
443 649 
446 216 
447 107 
449 1633 
449 78 
452 49 
456 3288 
457 184 
458 17 
458 85 
463 51 
464 74 
467 191 
471 107 
475 281 
475 13423 
478 1049 
480 57 
484 117 
488 708 
489 99 
489 7 
490 1102 
492 3211 
494 14 
494 11 
495 122 
498 2642 
499 402 
499 119 
510 149 
515 411 
515 117 
517 372 
522 29 
522 326 
527 186 
528 177 
528 29 
533 375 
535 17 
537 641 
538 738 
540 1495 
541 557 
541 557 
542 60 
544 248 
545 168 
545 76 
548 33 
551 4 
554 83 
562 1151 
563 706 
569 2063 
582 353 
585 9 
590 669 
595 88 
601 703 
606 428 
608 1802 
616 888 
619 1218 
619 50 
625 82 
627 117 
641 12 
642 162 
646 1060 
650 75 
655 293 
657 159 
661 955 
663 139 
664 19 
666 494 
670 1401 
670 137 
672 199 
674 41 
677 1444 
678 853 
678 1216 
678 285 
681 274 
681 889 
686 1104 
686 220 
688 54 
691 817 
692 522 
695 166 
699 1264 
701 454 
704 1410 
705 1115 
706 11 
708 147 
709 506 
710 79 
716 473 
717 79 
719 2298 
721 63 
721 149 
722 897 
733 724 
735 35 
740 399 
742 181 
744 5726 
751 419 
752 794 
752 101 
763 240 
766 2 
768 2246 
768 421 
773 658 
774 1141 
780 173 
781 26 
789 684 
790 797 
790 302 
792 2848 
793 149 
794 55 
795 43 
797 88 
799 63 
802 1540 
803 362 
811 176 
831 325 
836 840 
837 21 
843 2974 
843 105 
846 711 
847 6264 
851 224 
851 442 
852 483 
860 245 
862 2116 
863 160 
868 1211 
877 88 
878 1291 
882 676 
889 360 
889 1743 
893 142 
894 27924 
895 1575 
905 2499 
907 538 
907 440 
908 1523 
911 25 
915 55 
919 2669 
925 5 
925 51 
926 8543 
926 302 
943 86 
947 2372 
955 213 
956 847 
958 645 
965 435 
966 301 
969 72 
970 105 
977 328 
995 1037 
996 595 
998 680 
1006 577 
1010 282 
1010 570 
1014 22 
1034 524 
1035 1052 
1038 326 
1043 261 
1043 900 
1051 760 
1054 4258 
1055 922 
1059 59 
1060 156 
1067 180 
1068 29 
1080 1593 
1086 1517 
1087 516 
1087 609 
1093 256 
1102 868 
1116 712 
1120 148 
1124 1983 
1125 540 
1127 863 
1139 276 
1141 685 
1144 123 
1151 897 
1155 38 
1157 3327 
1169 8181 
1173 131 
1181 57 
1186 801 
1192 2002 
1202 172 
1203 1279 
1204 366 
1207 93 
1210 780 
1233 178 
1240 100 
1260 142 
1266 507 
1269 30 
1275 2004 
1286 4200 
1286 82 
1288 190 
1304 37 
1306 357 
1383 1530 
1387 40 
1387 259 
1394 166 
1401 1092 
1410 2448 
1423 103 
1426 235 
1427 163 
1428 185 
1441 9 
1442 594 
1444 866 
1446 1002 
1457 39 
1463 1658 
1471 818 
1472 158 
1486 74 
1493 348 
1499 1050 
1499 308 
1503 1786 
1511 59 
1526 12 
1538 902 
1547 370 
1549 49 
1557 1294 
1558 9 
1574 112 
1575 2 
1584 637 
1584 1197 
1587 311 
1596 4886 
1607 170 
1614 754 
1618 1022 
1623 808 
1624 906 
1627 146 
1632 836 
1633 5959 
1634 118 
1644 645 
1659 191 
1667 753 
1699 142 
1709 304 
1715 567 
1767 737 
1771 9629 
1779 305 
1785 1107 
1786 2112 
1786 2242 
1794 1109 
1797 10 
1801 884 
1803 301 
1815 322 
1818 1139 
1820 179 
1824 144 
1825 1759 
1845 21 
1880 547 
1900 18 
1921 251 
1926 3958 
1929 33 
1939 1331 
1940 6576 
1940 1223 
1942 38 
1946 760 
1951 275 
1960 120 
2004 85 
2010 14 
2012 657 
2023 18 
2025 90 
2029 301 
2048 29 
2054 143 
2054 560 
2064 853 
2065 1003 
2073 21 
2076 3316 
2092 1363 
2092 290 
2097 2842 
2102 168 
2104 219 
2112 433 
2114 21478 
2137 859 
2145 1909 
2153 916 
2157 467 
2159 281 
2166 156 
2171 372 
2172 2083 
2174 519 
2176 1853 
2185 328 
2222 91 
2222 1148 
2235 126 
2243 131 
2245 98 
2256 6 
2272 638 
2275 1472 
2280 121 
2284 67 
2294 2301 
2304 285 
2309 356 
2379 34 
2380 383 
2385 5534 
2389 1463 
2391 1355 
2398 909 
2406 602 
2406 133 
2407 479 
2410 486 
2411 847 
2417 1432 
2428 108 
2429 87 
2438 92 
2439 64 
2447 215 
2448 1516 
2451 1517 
2460 2024 
2467 803 
2470 1932 
2472 30 
2473 1045 
2477 1377 
2484 77 
2494 1232 
2495 371 
2503 2970 
2504 1268 
2508 1807 
2527 464 
2529 257 
2530 345 
2534 234 
2542 60 
2543 36 
2543 647 
2546 482 
2552 59 
2558 2476 
2560 1261 
2581 208 
2586 321 
2588 523 
2598 3222 
2604 617 
2606 619 
2622 1431 
2639 631 
2647 729 
2649 562 
2650 91 
2657 77 
2664 1057 
2674 780 
2708 245 
2713 9 
2714 2472 
2716 265 
2748 447 
2759 475 
2761 116 
2762 1043 
2775 6096 
2779 271 
2783 1066 
2793 972 
2799 118 
2819 1262 
2824 693 
2828 42 
2835 32 
2840 699 
2850 482 
2851 892 
2871 1280 
2898 518 
2906 8404 
2920 36 
2920 1106 
2926 1048 
2929 192 
2935 117 
2935 1033 
2965 10 
2972 1761 
2972 3086 
2973 93 
2986 1505 
2995 314 
3012 382 
3017 265 
3031 1492 
3040 3752 
3043 83 
3056 3459 
3063 54 
3071 150 
3078 2424 
3078 121 
3099 1073 
3107 180 
3107 120 
3108 850 
3109 947 
3111 165 
3121 90 
3122 5 
3122 1474 
3130 1169 
3178 426 
3210 483 
3213 440 
3217 9 
3224 647 
3257 500 
3264 248 
3275 1174 
3283 823 
3296 768 
3327 1128 
3330 100 
3332 218 
3332 610 
3354 940 
3356 913 
3356 148 
3371 2464 
3372 566 
3414 82 
3424 1512 
3452 238 
3463 1256 
3472 141 
3478 738 
3479 1030 
3506 211 
3516 133 
3516 1164 
3518 28 
3558 19545 
3564 568 
3575 1429 
3575 642 
3584 736 
3624 1238 
3630 336 
3632 89 
3633 194 
3638 141 
3650 6074 
3674 22 
3743 52 
3756 452 
3768 1011 
3832 538 
3838 1805 
3907 454 
3936 4 
3961 1175 
3964 242 
3989 173 
4051 65 
4117 1182 
4124 195 
4139 489 
4152 2597 
4165 87 
4167 114 
4170 20 
4205 137 
4206 1914 
4237 325 
4276 527 
4281 14 
4317 49 
4324 156 
4345 29 
4349 36 
4373 3180 
4378 28 
4381 280 
4401 1039 
4403 689 
4429 5655 
4436 14711 
4469 1286 
4472 769 
4513 281 
4547 27 
4583 1248 
4608 872 
4632 87 
4648 58 
4655 1785 
4656 482 
4674 691 
4687 752 
4690 196 
4701 1385 
4708 308 
4709 888 
4724 837 
4726 573 
4754 1030 
4756 32 
4762 720 
4788 1043 
4795 4508 
4801 1007 
4822 44 
4836 182 
4845 160 
4872 620 
4874 7 
4877 351 
4883 669 
4903 111 
4908 91 
4919 89 
4923 48 
4937 208 
4986 157 
4994 622 
5050 54 
5063 87 
5070 97 
5082 5215 
5109 714 
5142 642 
5170 421 
5172 1048 
5193 353 
5204 2839 
5207 11 
5297 61 
5344 19 
5373 144 
5374 72 
5381 1445 
5388 226 
5398 940 
5406 131 
5441 426 
5450 1790 
5560 1892 
5571 1059 
5593 110 
5596 195 
5610 192 
5614 930 
5671 848 
5705 512 
5708 512 
5718 67 
5770 42 
5780 1029 
5787 61 
5793 457 
5832 345 
5835 666 
5891 3735 
5897 15 
5899 88 
5917 3758 
5980 767 
6049 1247 
6057 547 
6073 7317 
6086 1066 
6110 221 
6132 65 
6139 8723 
6167 527 
6168 841 
6172 1586 
6188 232371 
6189 1690 
6210 2663 
6212 1386 
6217 176 
6220 531 
6220 55 
6262 931 
6267 1167 
6274 1340 
6281 192 
6301 384 
6301 753 
6303 116 
6307 921 
6321 2037 
6324 571 
6330 1541 
6353 1046 
6459 444 
6472 1811 
6473 448 
6484 101 
6516 2000 
6518 469 
6573 586 
6615 2079 
6616 17471 
6686 1018 
6702 988 
6709 751 
6807 1025 
6822 1562 
6827 1026 
6835 10 
6857 311 
6889 963 
6893 299 
6910 784 
6911 892 
6921 676 
6923 1101 
6957 91 
6971 203 
6993 728 
6996 497 
7013 479 
7030 492 
7042 609 
7045 6621 
7052 587 
7072 1234 
7074 810 
7090 373 
7118 337 
7165 81 
7203 874 
7223 11 
7273 1532 
7371 307 
7390 343 
7407 1093 
7474 1406 
7488 37 
7585 622 
7682 25 
7684 1068 
7704 185 
7707 33 
7839 349 
7843 68 
7850 261 
7898 143 
7902 983 
8070 15 
8197 186 
8350 561 
8352 187 
8354 1690 
8358 1504 
8374 89 
8397 1285 
8475 309 
8629 79 
8633 813 
8664 22 
8821 742 
8879 125 
8906 956 
8917 494 
8964 50 
8991 298 
9026 517 
9082 16 
9087 91 
9118 105 
9142 661 
9171 80 
9216 1296 
9331 5685 
9341 382 
9400 18 
9425 147 
9436 674 
9476 13 
9580 990 
9709 178 
9732 658 
9737 26 
9749 1423 
9759 1162 
9864 329 
9888 498 
9997 1054 
10019 44 
10019 668 
10048 894 
10111 796 
10228 1140 
10394 7944 
10430 804 
10447 437 
10448 46 
10550 293 
10643 144 
10771 1276 
10919 178 
11019 1323 
11024 948 
11071 1920 
11204 1340 
11435 178 
11565 444 
11665 16 
11911 6521 
11947 2030 
11947 599 
11957 1385 
12005 1174 
12023 2262 
12052 81 
12054 265 
12566 12 
12888 21 
13014 1074 
13021 246 
13077 801 
13137 850 
13159 125 
13189 1130 
13254 877 
13396 411 
13426 127 
13531 1418 
13587 582 
13867 313 
13912 6823 
14338 582 
14394 2811 
14468 306 
14986 1222 
14988 340 
15037 117 
15051 260 
15058 392 
15086 141 
15104 540 
15117 603 
15148 28 
15486 805 
15748 1174 
15760 4207 
15795 782 
15807 78 
15906 236 
16218 1181 
16303 958 
16380 2702 
16451 836 
16456 278 
16593 434 
17175 15 
17185 438 
17203 377 
17207 1647 
17239 8503 
17247 2906 
17257 1899 
17282 436 
17289 314 
17293 889 
17316 467 
17364 594 
17474 129 
17500 771 
17551 3026 
17582 1944 
17922 2527 
17998 632 
18004 61 
18057 2850 
18126 88 
18131 269 
18159 357 
18319 253 
18522 140 
18746 35 
19043 419 
19289 1245 
19331 474 
19446 179 
19457 377 
19505 414 
19516 166 
19777 3422 
19793 58 
19895 222 
19953 973 
20077 102 
20149 159 
20402 928 
20406 162 
20412 148 
20421 266 
20437 473 
20517 815 
20649 1857 
20809 1743 
20863 538 
20990 1875 
21067 141 
21089 370 
21103 737 
21135 342 
21194 54 
21267 99 
21268 10 
21272 33 
21293 487 
21374 203 
21652 376 
21746 76 
21835 2566 
22164 1124 
22206 553 
22444 1060 
22487 2456 
22578 1819 
22585 670 
22692 5212 
22804 1046 
22824 3112 
22946 747 
22960 641 
22977 322 
23276 402 
23329 105 
23338 933 
23399 285 
23402 398 
23447 11 
23468 1105 
23486 45 
23517 1399 
23522 11 
23630 226 
23646 87 
23680 148 
23725 1113 
23764 824 
23777 1906 
23788 852 
23888 339 
23962 295 
24040 993 
24064 320 
24068 343 
24130 463 
24132 1289 
24200 331 
24217 305 
24289 538 
24337 10 
24371 65 
24478 406 
24534 4 
24741 9880 
24772 218 
24772 218 
24777 935 
24777 935 
24828 601 
24828 601 
24847 550 
24903 2128 
25033 933 
25038 400 
25159 923 
25186 1302 
25217 265 
25220 1773 
25266 262 
25296 606 
25320 413 
25369 443 
25382 87 
25395 3626 
25421 268 
25443 45 
25450 203 
25467 402 
25479 1255 
25504 63 
25514 1024 
25518 2188 
25574 51 
25598 1069 
25608 245 
25614 1094 
25639 861 
25641 114 
25662 273 
25724 2444 
25729 652 
25734 5196 
25789 7700 
25848 2438 
25922 782 
25935 1291 
25943 593 
26204 1203 
26220 948 
26257 231 
26309 96 
26481 2514 
26541 291 
26688 3330 
26741 1056 
26741 379 
26749 228 
26755 1067 
26768 246 
26771 529 
26777 3043 
26845 46113 
26850 80 
26867 4077 
26868 840 
26873 767 
26885 291 
26897 642 
26907 418 
26908 305 
26919 330 
26920 69 
26921 906 
26925 414 
26936 768 
26941 3080 
26953 2099 
26960 375 
26960 208 
26963 839 
27004 629 
27005 341 
27028 1145 
27036 1932 
27061 1128 
27135 146 
27146 118 
27154 214 
27174 98 
27216 626 
27222 520 
27253 239 
27278 560 
27284 765 
27316 111 
27327 422 
27330 239 
27357 1007 
27361 1097 
27373 878 
27388 4471 
27393 730 
27504 783 
27602 246 
27606 6 
27607 211 
27692 1896 
27750 419 
27801 102 
27824 55 
27899 235 
27927 1444 
27947 1147 
27979 190 
27992 314 
27994 188 
28107 4578 
28122 967 
28253 303 
28271 520 
28413 282 
28428 2569 
28756 78 
28836 108 
28856 1597 
29011 16 
29048 257 
29080 894 
29113 614 
29268 207 
29304 2963 
29341 971 
29573 536 
29651 424 
29763 135 
29849 1423 
29880 62 
29950 893 
29967 980 
29998 4012 
30013 336 
30015 6435 
30060 1275 
30086 2092 
30148 459 
30524 779 
30534 285 
30562 118 
30731 1312 
30770 72 
30791 261 
30798 2427 
30919 312 
31037 1039 
31332 704 
31444 524 
31472 202 
31540 368 
31573 325 
31789 491 
31793 1610 
31803 329 
31808 769 
31834 584 
31905 1004 
31915 470 
31977 7 
31994 252 
32033 183 
32056 2329 
32106 1645 
32154 169 
32190 402 
32317 630 
32451 3412 
32518 658 
32560 132 
32583 745 
32588 1569 
32867 1596 
32911 669 
32916 176 
32959 244 
33021 856 
33071 89 
33154 2644 
33271 1290 
33278 595 
33336 7638 
33353 1502 
33359 226 
33388 736 
33392 565 
33411 5036 
33426 382 
33436 1060 
33441 1116 
33493 1514 
33532 154 
33548 3008 
33568 1466 
33617 513 
33938 462 
33951 304 
33959 245 
33969 95 
34278 588 
34311 259 
34335 564 
34357 81 
34399 313 
34492 1011 
34528 83 
34643 596 
34709 17 
34979 125 
35293 1383 
35817 10 
36193 1602 
36232 2122 
36326 33 
36446 1989 
36719 169 
36727 630 
36987 526 
37167 202 
37252 1137 
37279 2540 
37316 435 
37422 560 
37446 4882 
37450 292 
37451 3778 
37488 380 
37530 650 
37554 63 
37569 1535 
37656 242 
37955 2294 
38031 202 
38055 961 
38100 4976 
38117 1298 
38436 396 
38448 450 
38568 1128 
38831 1276 
38939 7197 
39474 1939 
40290 86 
40329 523 
40407 129 
40579 907 
40987 290 
40989 1222 
41076 219 
41091 354 
41200 533 
41892 967 
42166 142 
42177 737 
42302 184 
42318 774 
42344 558 
42614 1856 
42705 146 
42707 59 
42743 433 
42889 873 
43706 1074 
43842 885 
43866 1648 
44032 422 
44230 719 
44332 660 
44334 189 
44336 162 
44343 477 
44346 1536 
44356 2441 
44362 192 
44362 486 
44374 45 
44386 683 
44388 354 
44388 1139 
44394 179 
44397 3134 
44404 9359 
44410 237 
44411 220 
44420 5457 
44437 673 
44437 5228 
44496 2018 
44498 325 
44515 131 
44517 2510 
44521 544 
44537 508 
44544 1026 
44548 1228 
44555 401 
44574 332 
44597 1619 
44719 104 
44734 1265 
44963 758 
45340 317 
45559 773 
45613 2730 
45635 11135 
45693 1114 
45694 1845 
45711 538 
45711 1458 
45716 1147 
45728 322 
45734 27 
45747 1122 
45751 3899 
45836 41 
45871 319 
45875 181 
45881 5353 
46052 643 
46179 444 
46431 822 
46451 222 
46642 268 
46645 77 
46690 725 
46725 1135 
46736 10835 
46751 137 
46763 174 
46773 221 
46776 247 
46780 991 
46783 409 
46799 86 
46810 378 
46813 142 
46890 70 
46900 22 
46909 106 
46929 957 
46954 144 
46955 490 
46974 66 
47014 1 
47035 439 
47036 81 
47048 228 
47086 71 
47159 407 
47345 804 
47356 43 
47376 840 
47519 1234 
47704 53 
47707 1032 
47783 90 
47790 4659 
47813 76 
47875 782 
47877 3714 
47892 9380 
47910 1233 
47912 1761 
47915 1094 
47918 1598 
47921 380 
47924 304 
47929 472 
47943 547 
47959 128 
47974 979 
47995 1077 
47996 143 
48004 591 
48010 206 
48010 3634 
48018 113 
48019 1396 
48028 598 
48044 469 
48045 3294 
48049 1179 
48068 112 
48078 1106 
48079 1583 
48082 1472 
48101 950 
48108 128 
48122 568 
48122 838 
48208 2265 
48209 769 
48223 953 
48227 82 
48229 1132 
48233 45 
48236 624 
48253 463 
48255 2538 
48260 84 
48275 2498 
48283 159 
48283 1125 
48292 950 
48297 110 
48323 541 
48352 831 
48357 807 
48386 692 
48422 186 
48450 143 
48458 1678 
48464 298 
48487 1225 
48494 113 
48497 584 
48509 2112 
48584 276 
48622 718 
48771 343 
48819 783 
48923 66 
48929 1811 
48959 595 
49016 2012 
49038 1021 
49062 3979 
49103 76 
49110 515 
49114 5514 
49139 711 
49139 378 
49152 570 
49186 213 
49251 147 
49350 185 
49367 986 
49415 1246 
49461 276 
49470 1379 
49497 917 
49524 226 
49558 1210 
49559 533 
49569 92 
49580 178 
49622 2026 
49628 768 
49638 1173 
49712 583 
49810 270 
49835 2056 
49884 1025 
49895 183 
49938 360 
49968 1380 
50005 156 
50100 23236 
50127 1371 
50149 1371 
50164 155 
50178 892 
50229 534 
50240 805 
50262 617 
50274 855 
50277 485 
50309 145 
50319 218 
50361 1482 
50374 25 
50419 1248 
50461 833 
50532 2048 
50638 1192 
50653 155 
50690 1312 
50694 1386 
50723 1536 
50726 919 
50739 1910 
50799 613 
50886 547 
50886 534 
50898 182 
50967 806 
50970 455 
51029 35 
51172 666 
51350 5247 
51436 532 
51458 865 
51477 69 
51518 853 
51536 75 
51547 2239 
51555 482 
51615 176 
51789 6394 
51803 2178 
51815 522 
51831 1585 
51844 2577 
51874 28873 
51889 944 
51897 354 
51898 1221 
51911 31085 
51920 659 
51925 892 
51927 655 
51940 468 
51943 564 
51944 1241 
51967 217 
51971 387 
51985 128 
52085 1337 
52141 1579 
52144 859 
52199 1447 
52200 168 
52221 104 
52406 5 
52428 292 
52478 725 
52551 1022 
52566 81 
52887 262 
52938 13422 
53049 857 
53140 1299 
53243 804 
53280 1954 
53307 633 
53334 25 
53495 123 
53550 1589 
53589 195 
53693 744 
53716 43 
53745 188 
53756 681 
53769 335 
53786 474 
53949 3890 
54035 717 
54092 99 
54121 9 
54136 1157 
54163 171 
54183 5423 
54186 490 
54197 437 
54207 1718 
54213 2299 
54214 373 
54280 309 
54282 1011 
54296 357 
54308 928 
54311 2857 
54312 271 
54350 1400 
54581 1312 
54674 430 
54702 1675 
54714 62 
54780 136 
54902 785 
54910 1339 
54936 1898 
54953 586 
54976 745 
55022 1335 
55250 403 
55320 8376 
55338 2946 
55361 841 
55365 16215 
55374 550 
55388 296 
55412 1113 
55462 903 
55494 1137 
55495 220 
55529 107 
55560 715 
55632 385 
55637 301 
55645 73 
56096 1037 
56250 1041 
56291 1521 
56310 291 
56362 3103 
56378 241 
56396 100 
56653 308 
56693 286 
56760 1663 
57027 270 
57094 504 
57199 1022 
57235 287 
57242 367 
57245 248 
57255 1111 
57375 383 
57382 422 
57555 2086 
57593 320 
57601 2946 
57622 167 
57644 5402 
57680 1717 
57691 3585 
57691 1490 
57709 3009 
57710 270 
57714 1259 
57716 71 
57726 366 
57803 5381 
57821 151 
57833 108 
57904 317 
57917 704 
57958 3529 
57971 275 
57993 138 
58006 81 
58016 47 
58040 59 
58043 78 
58058 1083 
58321 1074 
58353 1228 
58629 346 
59276 2598 
59427 295 
59502 139 
59730 697 
59745 119 
59791 27328 
59801 98 
60130 2378 
60148 499 
60157 1046 
60194 626 
60335 1192 
60354 737 
60368 2227 
60514 816 
60562 967 
61017 33 
61024 639 
61033 1782 
61035 468 
61042 691 
61045 285 
61051 695 
61073 200 
61076 2576 
61096 155 
61137 76 
61141 131 
61200 2118 
61230 148 
61237 67 
61240 142 
61244 174 
61256 270 
61275 295 
61276 19 
61278 116 
61287 282 
61303 139 
61375 973 
61377 426 
61406 67 
61424 1141 
61444 390 
61636 926 
62015 269 
62214 1068 
62227 278 
62269 15 
62324 1329 
62337 1186 
62341 1143 
62486 999 
62537 54 
62548 646 
62573 538 
62575 245 
62604 241 
62625 1015 
62630 822 
62640 291 
62672 355 
62811 275 
62924 84 
63113 1106 
63116 953 
63297 3786 
63304 1932 
63310 214 
63311 4642 
63409 2035 
63412 1161 
63425 1175 
63450 4333 
63454 448 
63491 287 
63596 63 
63760 1134 
63923 250 
64040 135 
64087 206 
64091 289 
64127 61 
64230 931 
64266 2074 
64291 998 
64343 500 
64361 602 
64362 579 
64501 1063 
65086 910 
65340 160 
65539 126 
65544 1450 
65677 338 
65692 242 
65707 1439 
65721 158 
65723 4881 
65808 96 
65825 7101 
65839 405 
65847 1195 
65861 287 
65864 2064 
65874 565 
65899 79 
65983 187 
66070 189 
66115 287 
66149 1251 
66504 1040 
66540 610 
66682 12237 
66706 3606 
66709 1024 
66713 1082 
66726 1453 
66729 1663 
66755 147 
66765 543 
66779 516 
66784 3248 
67118 65 
67350 18 
67365 2392 
67393 1282 
67560 5973 
67721 2700 
67807 77 
67847 36 
67998 315 
68051 218 
68246 707 
68379 15236 
68390 423 
68476 722 
68614 175 
69344 308 
69358 1181 
69462 188 
70026 9486 
70045 3553 
70047 96 
70056 1158 
70056 158 
70069 312 
70088 1157 
70207 1135 
70567 668 
70831 113 
70959 3067 
70973 307 
70985 294 
70997 2094 
71691 288 
71891 417 
72038 282 
72419 1049 
72426 1669 
72437 1880 
72445 1292 
72454 2613 
72498 1062 
72501 323 
72719 1721 
72892 5035 
72909 38 
72913 584 
72994 48 
73664 1287 
73906 588 
74368 662 
74371 763 
74396 1309 
74419 209 
74454 3787 
74569 589 
74573 100 
74577 10228 
74816 203 
74927 705 
74932 89 
74991 4235 
75143 101 
75217 587 
75369 1602 
75384 1170 
75437 2449 
75440 165 
75473 1305 
75491 538 
75573 377 
75738 533 
75860 258 
75871 460 
75950 801 
76027 1649 
77931 364 
78086 595 
78092 69 
78119 788 
78149 67 
78294 1112 
78444 309 
78452 29 
78461 135 
78496 2647 
78501 472 
78595 189 
78603 107 
78615 975 
78784 1299 
78793 357 
78839 980 
78932 1037 
79013 931 
79148 213 
79280 165 
79880 1253 
80403 646 
80559 206 
80646 1314 
81313 138 
82486 555 
82658 15 
82673 2890 
83193 451 
84100 400 
84123 126 
84527 852 
84669 2605 
84699 4696 
84728 2924 
84740 1358 
84787 868 
85068 556 
85723 215 
85946 156 
86350 783 
90249 318 
90269 297 
90646 346 
90838 296 
91887 420 
93053 779 
94141 1719 
95014 306 
95292 106 
103695 934 
103707 1413 
104608 967 
105436 722 
106844 1002 
107545 135 
108758 720 
110474 1212 
110501 130 
111065 420 
111797 46 
112151 777 
112857 336 
112868 336 
115862 9286 
115872 2038 
115875 1861 
115939 1050 
116043 781 
116181 271 
116447 288 
116522 336 
118106 550 
119782 1195 
120833 377 
121199 979 
121339 363 
122026 108 
122781 749 
125627 1484 
128523 1337 
130259 415 
130740 1775 
133891 4505 
135382 9948 
136733 330 
137289 387 
139369 113 
139762 746 
140793 987 
140902 64 
141347 1386 
144962 3306 
145053 137 
147385 1032 
147807 947 
147930 360 
148079 275 
148841 651 
150284 1723 
150296 746 
150302 1115 
155479 1223 
157329 228 
161908 1468 
161994 3274 
162017 1466 
162042 421 
162457 643 
164320 1103 
164918 1316 
167236 280 
173631 348 
177038 271 
197478 622 
226659 119 
227636 307 
227977 4471 
227987 1554 
228030 528 
228279 508 
239621 1184 
239648 433 
239682 879 
244073 157 
249291 5611 
249322 2016 
252280 1149 
261362 127 
261649 77 
274290 372 
275944 1097 
288349 1478 
303854 1041 
303863 5873 
303873 2036 
303899 1337 
303904 1658 
303954 432 
303982 59 
304070 241 
311848 171 
343300 998 
346455 1207 
412645 1029 
426379 115 
470262 445 
506060 814 
575383 156 
