2049 8.5528125
0 373063 
21 60 
22 227 
26 22 
27 183 
28 13 
30 6 
31 349 
34 835 
36 1335 
37 202 
37 113 
41 298 
46 253 
46 875 
47 139 
48 228 
50 550 
51 385 
54 72 
54 186 
55 422 
55 801 
57 222 
60 130 
63 131 
64 70 
67 106 
67 385 
68 646 
69 399 
70 316 
72 199 
74 42 
75 23 
76 101 
76 15 
77 227 
77 51 
79 46 
79 365 
80 27 
80 310 
80 29 
80 279 
81 208 
81 115 
82 533 
82 806 
84 453 
85 441 
86 180 
86 331 
88 101 
89 838 
92 51 
93 255 
94 247 
95 152 
95 181 
97 1104 
105 249 
106 31 
106 175 
107 250 
108 4 
109 256 
109 12 
111 25 
116 100 
118 804 
119 140 
120 122 
120 77 
120 137 
123 71 
126 228 
128 33 
128 257 
130 67 
131 29 
134 412 
135 410 
135 78 
136 35 
136 124 
137 245 
137 105 
139 106 
139 318 
141 237 
145 355 
145 237 
146 294 
146 72 
147 25 
148 201 
150 177 
151 691 
152 15 
152 16 
154 94 
155 686 
156 182 
157 527 
158 7 
159 56 
160 65 
161 18 
163 1264 
165 131 
166 84 
166 74 
169 408 
171 36 
172 31 
175 29 
175 76 
176 380 
176 208 
177 216 
178 131 
181 13 
183 1 
183 16 
184 321 
184 146 
185 17 
188 349 
190 43 
193 59 
193 136 
199 16 
205 287 
207 55 
212 64 
215 130 
219 55 
219 453 
220 557 
220 1046 
223 77 
223 403 
225 150 
227 26 
229 94 
230 29 
234 147 
236 105 
237 103 
239 415 
239 44 
239 203 
245 59 
250 227 
253 19 
259 105 
262 52 
262 24 
264 66 
267 128 
269 402 
270 212 
275 5754 
275 263 
278 9 
278 435 
278 46 
280 497 
283 78 
283 259 
286 16 
287 450 
289 58 
293 260 
293 1649 
293 453 
293 119 
295 357 
296 269 
297 420 
302 127 
306 73 
310 84 
312 69 
314 514 
315 95 
320 48 
324 210 
325 163 
329 539 
330 130 
333 77 
333 72 
333 63 
333 59 
335 150 
337 224 
341 199 
343 6 
349 14 
352 61 
354 144 
359 65 
360 300 
362 207 
363 44 
365 125 
365 2982 
368 2611 
368 114 
371 78 
371 156 
373 406 
375 33 
380 107 
382 117 
385 90 
386 141 
388 478 
389 0 
392 386 
393 84 
395 114 
397 986 
399 23 
399 42 
402 274 
402 352 
403 43 
407 96 
408 97 
408 12 
408 90 
409 113 
410 17 
412 247 
416 71 
418 371 
420 162 
421 694 
421 726 
421 37 
425 138 
428 72 
431 80 
431 694 
432 178 
440 276 
444 154 
445 247 
446 416 
452 91 
458 220 
460 1473 
460 62 
460 212 
467 419 
476 94 
476 154 
476 97 
479 111 
483 610 
493 228 
495 236 
496 226 
497 13 
499 50 
503 451 
503 317 
505 24 
511 8 
512 159 
515 595 
520 37 
527 573 
529 182 
530 139 
531 35 
532 46 
533 65 
538 97 
542 21 
550 68 
550 117 
551 118 
555 9 
557 82 
559 140 
560 9 
561 47 
566 46 
567 378 
578 81 
581 55 
589 169 
592 117 
597 53 
597 20 
603 6 
607 25 
609 209 
610 163 
614 69 
617 138 
617 48 
619 36 
628 167 
632 2095 
633 12 
637 11694 
637 1253 
647 32 
648 41 
649 144 
651 54 
651 1844 
652 45 
654 172 
654 3 
661 250 
663 142 
663 1302 
664 28 
668 232 
673 243 
682 47 
683 2794 
693 444 
696 969 
700 49 
701 34 
702 31 
705 41 
705 23 
709 19 
712 100 
716 3 
716 21 
717 23 
722 76 
725 370 
728 75 
729 1351 
731 23 
732 11 
735 158 
740 36 
742 31 
745 324 
748 64 
750 23 
756 191 
757 155 
758 231 
763 71 
770 121 
776 38 
778 123 
791 165 
791 379 
794 11 
797 1599 
802 182 
802 18 
809 33 
811 3 
818 347 
821 63 
822 72 
823 37 
824 38 
824 34 
825 92 
827 2 
839 54 
844 43 
853 28 
855 117 
856 429 
858 49 
867 24 
870 47 
872 150 
873 13 
885 25 
888 32 
893 20 
893 20319 
902 299 
903 1410 
910 225 
913 293 
918 40 
919 90 
919 22 
921 71 
921 51 
925 314 
926 21 
934 31 
938 641 
942 1459 
945 162 
959 311 
960 184 
961 180 
962 47 
967 28 
971 29 
974 211 
978 414 
987 643 
988 18 
990 102 
993 93 
995 157 
1004 155 
1005 41 
1008 19 
1009 42 
1016 688 
1019 504 
1024 194 
1030 284 
1038 94 
1043 14 
1044 43 
1046 588 
1047 269 
1049 25 
1050 176 
1056 166 
1058 16 
1059 96 
1073 4 
1075 375 
1075 162 
1077 11 
1081 5 
1085 12 
1104 57 
1105 939 
1110 37 
1113 243 
1120 18 
1122 223 
1125 235 
1133 284 
1134 293 
1135 328 
1148 39 
1149 36 
1150 10 
1150 52 
1151 52 
1155 7 
1157 77 
1157 51 
1167 490 
1167 30 
1169 159 
1171 25 
1175 20 
1175 23 
1177 301 
1177 487 
1177 205 
1177 59 
1186 70 
1190 160 
1191 370 
1191 464 
1196 35 
1203 13 
1206 63 
1206 76 
1208 27 
1208 56 
1209 10 
1211 52 
1220 426 
1223 176 
1232 317 
1234 987 
1267 40 
1268 133 
1269 676 
1272 457 
1277 96 
1291 41 
1292 25 
1295 247 
1303 66 
1304 153 
1308 24 
1316 188 
1318 710 
1320 2 
1322 169 
1324 36 
1325 49 
1328 148 
1328 129 
1332 24 
1336 88 
1338 79 
1339 55 
1348 159 
1349 51 
1349 79 
1351 26 
1354 15 
1354 978 
1357 170 
1363 91 
1363 73 
1365 45 
1366 59 
1371 33 
1373 377 
1377 156 
1382 2 
1389 94 
1398 8 
1399 54 
1401 80 
1407 44 
1411 53 
1424 138 
1426 100 
1433 17 
1440 6 
1451 37 
1453 9 
1456 152 
1462 124 
1473 9 
1475 79 
1481 144 
1484 92 
1491 483 
1493 196 
1499 198 
1515 19 
1516 76 
1519 470 
1521 74 
1531 95 
1533 120 
1542 11 
1545 468 
1548 116 
1551 16 
1564 12 
1564 17 
1565 87 
1566 65 
1569 82 
1578 22 
1583 52 
1583 168 
1587 9192 
1592 56 
1597 33 
1598 3 
1598 286 
1600 4 
1606 20 
1609 266 
1611 156 
1634 63 
1636 14 
1637 1344 
1649 36 
1652 76 
1655 25 
1657 239 
1672 26 
1677 297 
1688 36 
1692 51 
1706 8 
1710 280 
1715 75 
1716 20 
1721 46 
1727 301 
1739 312 
1742 10 
1746 12 
1750 196 
1767 352 
1768 108 
1777 3 
1783 7 
1783 30 
1797 71 
1802 250 
1811 42 
1815 151 
1818 155 
1819 40 
1827 26 
1828 215 
1831 45 
1844 41 
1845 30 
1858 11 
1864 13 
1869 17 
1878 20 
1880 21 
1883 1635 
1886 250 
1888 29 
1888 4712 
1892 137 
1892 131 
1905 45 
1907 75 
1908 18 
1915 331 
1916 177 
1918 413 
1920 53 
1924 339 
1928 48 
1929 21 
1938 286 
1939 100 
1941 15 
1942 150 
1944 105 
1948 63 
1957 146 
1963 125 
1978 232 
1979 19 
1988 74 
1988 16 
1992 26 
1994 267 
2004 44 
2005 72 
2013 82 
2018 127 
2018 163 
2028 32 
2044 138 
2048 7 
2049 56 
2054 10 
2056 81 
2062 379 
2065 253 
2066 76 
2069 19 
2072 100 
2075 42 
2078 48 
2092 137 
2093 373 
2100 1165 
2102 26 
2103 224 
2119 155 
2131 56 
2135 230 
2137 948 
2138 93 
2141 9 
2143 73 
2148 11 
2148 124 
2148 230 
2168 87 
2173 98 
2173 17 
2174 31 
2176 55 
2177 219 
2184 108 
2184 13 
2185 75 
2192 84 
2207 10 
2207 32 
2212 210 
2213 22 
2217 53 
2219 182 
2225 90 
2225 81 
2232 71 
2234 1729 
2237 104 
2237 40 
2238 133 
2240 7 
2260 52 
2262 23 
2268 82 
2273 36 
2274 58 
2280 73 
2286 60 
2289 43 
2290 103 
2293 79 
2309 134 
2315 70 
2317 23 
2319 406 
2320 177 
2323 56 
2324 492 
2327 8 
2330 61 
2336 44 
2345 10 
2356 228 
2360 111 
2364 502 
2364 1 
2384 196 
2387 19 
2388 206 
2389 207 
2404 683 
2408 28 
2416 147 
2417 23 
2419 27 
2424 220 
2426 42 
2430 127 
2440 187 
2443 88 
2453 43 
2467 19 
2468 7 
2469 206 
2469 27 
2482 846 
2485 55 
2487 22 
2497 39 
2501 203 
2506 38 
2507 42 
2514 374 
2514 20 
2516 29 
2520 56 
2525 6 
2529 23 
2535 26 
2538 523 
2553 9 
2553 88 
2561 16 
2561 122 
2562 93 
2563 49 
2605 20 
2610 43 
2613 17216 
2618 197 
2622 44 
2624 127 
2630 43 
2652 28 
2658 33 
2679 23 
2687 111 
2687 8 
2710 43 
2719 8 
2720 57 
2727 57 
2727 21 
2730 509 
2731 15 
2737 228 
2758 70 
2778 12 
2781 38 
2790 110 
2798 239 
2815 301 
2823 22 
2839 156 
2841 88 
2850 29 
2852 37 
2855 18 
2867 36 
2872 31 
2874 26 
2884 56 
2885 79 
2897 38 
2899 27 
2912 22 
2914 105 
2914 55 
2927 9 
2936 50 
2958 7 
2959 49 
2978 55 
3001 17 
3023 89 
3027 55 
3034 222 
3041 33 
3047 132 
3049 227 
3056 95 
3060 14 
3063 88 
3094 55 
3106 118 
3110 335 
3115 194 
3121 18 
3127 151 
3132 8 
3135 95 
3153 103 
3164 19 
3165 10 
3168 23 
3186 174 
3186 406 
3187 346 
3200 14 
3207 2970 
3207 45 
3208 39 
3211 14 
3217 28741 
3221 14 
3232 124 
3243 32 
3256 59 
3263 22 
3286 39 
3301 569 
3310 104 
3320 471 
3322 422 
3322 24 
3334 31 
3344 2079 
3345 843 
3349 2523 
3355 52 
3366 215 
3366 387 
3383 1596 
3388 133 
3390 399 
3394 5126 
3400 139 
3412 375 
3420 10 
3422 105 
3427 76 
3427 27 
3429 237 
3444 170 
3445 495 
3462 97 
3472 1096 
3473 36 
3475 23 
3481 101 
3489 67 
3496 19 
3501 122 
3511 892 
3513 49 
3519 115 
3529 62 
3547 45 
3569 116 
3574 11 
3582 18 
3588 27 
3588 18 
3592 139 
3604 121 
3608 1690 
3611 33 
3619 50 
3632 86 
3636 300 
3648 454 
3655 80 
3657 30 
3663 21 
3672 27 
3673 24 
3679 51 
3680 257 
3681 147 
3697 13 
3711 37 
3716 80 
3717 89 
3717 59 
3720 158 
3725 466 
3726 106 
3737 51 
3747 141 
3752 282 
3763 296 
3777 114 
3777 16 
3779 9 
3781 72 
3795 170 
3806 215 
3807 141 
3822 25 
3828 189 
3830 34 
3830 178 
3842 13 
3848 13 
3855 106 
3876 196 
3879 440 
3882 392 
3887 70 
3893 59 
3904 123 
3912 31 
3914 23 
3925 210 
3947 184 
3950 25 
3953 201 
3957 98 
3961 34 
3961 24 
3969 21 
3980 54 
3997 6 
3999 4 
4011 114 
4014 62 
4024 0 
4026 53 
4029 86 
4033 22 
4039 47 
4076 9 
4083 1525 
4086 31 
4087 29 
4143 20 
4151 522 
4158 186 
4166 216 
4183 5 
4203 3764 
4244 261 
4247 272 
4250 53 
4258 9 
4265 107 
4266 63 
4269 47 
4305 321 
4316 15 
4318 13 
4324 104 
4326 18 
4341 78 
4346 174 
4348 81 
4366 80 
4369 80 
4379 3 
4393 96 
4394 35 
4399 128 
4401 20 
4442 72 
4449 8 
4459 237 
4465 10 
4503 63 
4507 42 
4527 99 
4532 48 
4555 21 
4591 19 
4605 208 
4611 127 
4612 14 
4632 10 
4633 126 
4638 24 
4651 56 
4693 303 
4700 704 
4705 45 
4707 48 
4723 150 
4738 104 
4741 297 
4752 9 
4785 165 
4799 7 
4799 3569 
4802 7 
4807 80 
4819 20 
4819 53 
4841 72 
4843 477 
4880 117 
4884 5 
4890 115 
4901 44 
4902 31 
4907 30 
4914 289 
4922 6 
4926 89 
4932 102 
4936 355 
4944 7 
4951 94 
4980 151 
4998 556 
5006 494 
5011 32 
5027 27 
5030 54 
5030 76 
5032 146 
5047 627 
5049 38 
5053 24 
5073 27 
5113 75 
5126 298 
5146 205 
5152 62 
5171 39 
5171 136 
5181 82 
5216 98 
5246 87 
5248 83 
5273 16 
5291 15 
5296 2 
5318 184 
5324 179 
5359 85 
5369 35 
5372 67 
5375 166 
5377 37 
5378 3 
5382 15 
5392 10 
5401 74 
5414 26 
5431 20 
5449 0 
5451 4 
5452 22 
5470 76 
5475 120 
5483 16 
5487 25 
5509 105 
5514 4 
5514 147 
5521 131 
5526 102 
5537 1048 
5554 68 
5558 66 
5597 48 
5599 79 
5612 12 
5622 36 
5630 62 
5633 141 
5637 16 
5683 35 
5696 211 
5699 60 
5737 84 
5742 59 
5745 475 
5766 245 
5790 279 
5802 28 
5831 68 
5837 7 
5844 7 
5850 21 
5853 31 
5866 173 
5871 34 
5883 176 
5894 397387 
5911 74 
5914 273 
5933 612 
5935 363 
5938 32 
5940 33 
5941 132 
5942 73 
5945 538 
5948 271 
5948 2138 
5949 217 
5951 73 
5952 146 
5954 221 
5956 615 
5956 832 
5956 200 
5957 327 
5958 90 
5961 250 
5964 314 
5964 122 
5973 113 
5979 82 
5979 216 
5980 68 
5982 196 
5986 192 
5991 60 
5991 105 
5992 281 
5993 172 
5994 72 
5995 21 
5996 48 
5998 37 
5998 403 
5999 403 
5999 32 
6000 151 
6004 224 
6005 637 
6006 92 
6008 122 
6009 51 
6011 43 
6020 127 
6026 204 
6026 162 
6027 171 
6027 127 
6028 2 
6032 139 
6039 186 
6042 245 
6055 259 
6058 50 
6065 81 
6066 35 
6068 46 
6081 59 
6083 244 
6083 7 
6086 60 
6089 152 
6090 83 
6090 48 
6096 77 
6096 98 
6103 21 
6115 184 
6121 89 
6123 46 
6131 374 
6138 93 
6142 128 
6153 26 
6157 282 
6159 20 
6159 140 
6160 1079 
6161 104 
6162 10820 
6163 37 
6164 380 
6170 54 
6172 63 
6182 100 
6187 133 
6187 99 
6192 762 
6193 30 
6207 10 
6208 161 
6214 79 
6216 105 
6231 33 
6231 88 
6235 324 
6240 57 
6242 4 
6245 17 
6247 128 
6248 74 
6253 22 
6267 171 
6273 41 
6274 124 
6276 175 
6288 119 
6288 20 
6299 39 
6300 1490 
6306 16 
6315 15 
6315 57 
6316 63 
6316 243 
6326 2 
6330 175 
6335 4 
6338 10 
6341 35 
6345 199 
6354 8 
6360 65 
6371 19 
6375 450 
6382 23 
6387 38 
6391 6 
6412 43 
6420 971 
6430 46 
6434 185 
6436 49 
6438 45 
6456 934 
6463 97 
6466 49 
6470 16 
6479 31 
6481 30 
6481 11 
6482 37 
6489 65 
6491 240 
6493 77 
6498 12 
6500 29 
6505 52 
6508 189 
6510 454 
6512 75 
6514 52 
6518 17 
6528 22 
6532 188 
6536 101 
6536 144 
6549 15 
6565 16 
6566 105 
6580 47 
6594 183 
6594 103 
6607 193 
6634 800 
6635 94 
6637 20 
6650 27 
6655 32 
6659 56 
6660 52 
6670 19 
6674 17 
6685 143 
6687 22 
6702 17 
6715 41 
6723 65 
6759 192 
6772 67 
6793 46 
6821 8 
6825 45 
6834 29 
6850 114 
6860 33 
6864 210 
6884 26 
6890 153 
6895 16 
6900 55 
6903 98 
6906 563 
6909 116 
6920 134 
6923 6 
6928 78 
6938 32 
6940 432 
6942 47 
6967 948 
6967 44 
6970 35 
6970 36 
6974 15 
6991 19 
7003 35 
7008 41 
7014 18 
7017 615 
7020 195 
7037 20 
7041 15 
7046 980 
7054 7 
7065 1284 
7070 104 
7072 108 
7090 89 
7098 9 
7101 19 
7106 63 
7112 21 
7119 112 
7153 290 
7178 6 
7178 10 
7180 471 
7181 307 
7197 312 
7199 88 
7212 147 
7231 22 
7240 43 
7251 36 
7278 10 
7279 18 
7288 77 
7311 444 
7341 5 
7348 32 
7352 154 
7357 36 
7365 29 
7369 487 
7378 25 
7389 62 
7391 399 
7410 36 
7422 122 
7429 24 
7430 35 
7441 7 
7442 91 
7460 891 
7481 32 
7503 5 
7514 15 
7519 12 
7525 13 
7560 4 
7564 51 
7564 10 
7568 37 
7569 5 
7570 252 
7573 8 
7574 12 
7596 216 
7597 78 
7622 254 
7623 26 
7631 17 
7636 51 
7641 35 
7642 42 
7659 8 
7669 93 
7692 14 
7705 51 
7749 65 
7763 142 
7785 32 
7785 61 
7793 17 
7793 164 
7811 81 
7812 15 
7819 35 
7830 1224 
7841 32 
7842 42 
7845 45 
7850 13 
7869 17 
7895 9 
7896 42 
7910 90 
7924 33 
7927 73 
7939 107 
7956 2139 
7970 131 
7985 51 
7993 26 
7996 181 
8013 14 
8051 6 
8064 345 
8091 12 
8111 4 
8120 6 
8123 21 
8124 15 
8128 5 
8133 29 
8138 77 
8138 4 
8148 70 
8161 5 
8164 36 
8169 20 
8177 140 
8260 83 
8260 34 
8273 1508 
8291 42 
8304 34 
8307 31 
8334 37 
8350 146 
8350 16 
8386 85 
8415 65 
8463 18 
8474 7 
8510 151 
8518 25 
8525 17 
8574 244 
8588 10 
8609 12 
8620 10 
8641 347 
8675 180 
8699 5 
8707 125 
8732 27 
8733 103 
8735 25 
8741 33 
8745 113 
8765 30 
8774 37 
8776 17 
8780 30 
8792 28 
8801 15 
8825 36 
8832 93 
8832 117 
8847 174 
8847 515 
8855 165 
8863 185 
8887 10 
8900 281 
8914 8 
8944 50 
8944 28 
8964 4 
8978 35 
9021 40 
9040 39 
9055 414 
9056 25 
9060 122 
9092 42 
9097 10 
9098 138 
9113 29 
9177 17 
9195 542 
9235 68 
9245 92 
9248 41 
9256 208 
9259 22 
9281 147 
9283 6 
9284 7 
9305 251 
9306 12 
9322 46 
9326 2109 
9329 7 
9348 646 
9364 806 
9375 27 
9379 76 
9382 23 
9385 233 
9389 128 
9389 9 
9411 54 
9412 23 
9446 29 
9475 143 
9478 224 
9479 13 
9502 9 
9507 21 
9510 122 
9526 179 
9551 0 
9564 8 
9567 110 
9567 148 
9574 35 
9601 586 
9623 83 
9642 140 
9673 43 
9679 72 
9708 699 
9730 18 
9742 24 
9748 338 
9768 29 
9786 77 
9793 49 
9838 245 
9842 22 
9854 243 
9872 10 
9877 492 
9901 33 
9950 18 
9960 17 
9968 3 
9971 311 
9972 9 
9972 99 
9978 269 
9989 17 
10016 13 
10022 73 
10028 112 
10055 18 
10074 65 
10092 52 
10124 52 
10138 28 
10153 139 
10179 25 
10217 364 
10245 20 
10339 39 
10361 110 
10403 22 
10433 54 
10467 80 
10474 24 
10477 137 
10477 58 
10486 1050 
10523 7 
10560 135 
10597 8 
10600 128 
10611 206 
10629 83 
10633 97 
10647 7 
10678 27 
10679 37 
10689 198 
10692 18 
10768 216 
10774 153 
10800 31 
10823 15 
10845 85 
10847 99 
10852 226 
10875 122 
10886 2 
10914 268 
10935 439 
10972 21 
11003 27 
11005 30 
11030 241 
11045 18 
11048 208 
11048 208 
11056 104 
11056 104 
11130 23 
11135 87 
11148 18 
11149 95 
11152 76 
11167 124 
11169 9340 
11231 14 
11255 127 
11256 3 
11257 70 
11271 13 
11312 33 
11366 24 
11386 4 
11413 78 
11429 530 
11444 108 
11462 30 
11474 473 
11481 32 
11504 53 
11557 128 
11559 4 
11588 23 
11626 53 
11641 163 
11642 18 
11668 31 
11681 2 
11707 11 
11734 68 
11823 167 
11837 53 
11856 20 
11880 261 
11885 53 
11988 51 
12069 14 
12075 118 
12096 83 
12125 20152 
12187 153 
12261 816 
12269 19 
12269 227 
12302 15 
12355 558 
12360 20 
12362 37 
12372 113 
12396 90 
12416 17 
12474 18 
12491 115 
12573 139 
12593 74 
12606 42 
12614 139 
12620 322 
12680 550 
12687 5 
12695 4 
12696 806 
12714 264 
12720 1689 
12771 22 
12787 74 
12798 30 
12818 13 
12859 34 
12881 122 
12900 0 
12905 20 
12910 186 
12999 63 
13017 9 
13018 32 
13047 107 
13066 11 
13088 37 
13121 127 
13152 129 
13159 1 
13173 7 
13209 73 
13214 19 
13294 12 
13328 50 
13365 21 
13405 4 
13423 55 
13444 115 
13447 13 
13458 50 
13489 33 
13508 29 
13512 64 
13528 41 
13548 41 
13564 1 
13595 43 
13674 24 
13684 23 
13810 134 
13822 12 
13915 21 
13980 116 
13987 580 
13992 28 
13998 13 
14011 94 
14068 54 
14077 78 
14100 99 
14106 59 
14124 11 
14171 115 
14191 3 
14220 8 
14227 6 
14267 386 
14346 4 
14372 56 
14495 13 
14506 70 
14508 9 
14570 25 
14651 10 
14689 22 
14696 27 
14745 75 
14754 208 
14764 44 
14784 42 
14834 21 
14835 34 
14881 5 
14883 16 
14890 10 
15051 71 
15065 32 
15104 19 
15115 187 
15117 6 
15133 13 
15133 85 
15150 6 
15219 60 
15222 1 
15274 99 
15366 7 
15459 19 
15558 24 
15601 47 
15605 17 
15678 33 
15764 25 
15778 10 
16007 23 
16073 24 
16152 12 
16229 55 
16327 154 
16440 2 
16450 2 
16559 40 
16564 25 
16606 46 
16609 11 
16664 13 
16689 44 
16828 9 
16859 43 
16990 10 
17070 215 
17111 19 
17169 16 
17265 11 
17310 12 
17399 529 
17416 9 
17511 66 
17692 49 
17709 87 
17769 26 
17840 6 
17987 24 
18094 9 
18097 0 
18179 56 
18251 47 
18567 805 
18709 17 
18724 20 
18729 1397 
18776 2 
18867 73 
18981 68 
19074 18 
19084 10 
19202 55 
19444 51 
19498 89 
19512 176 
19659 102 
19796 12 
19893 16 
19911 8 
19976 2 
20285 45 
20329 13 
20335 11 
20388 362 
20450 1427 
20461 55 
20479 138 
20508 485 
20518 7 
20588 7 
20668 6 
20672 49 
20960 19 
21037 78 
21183 103 
21196 103 
21483 17 
21802 7 
21890 16 
21996 60 
22032 11 
22563 34 
22621 6 
22630 94 
22682 4 
23110 14 
23304 85 
23304 10 
23625 9 
23634 21 
23812 48 
23944 40 
23969 15 
24173 14 
24393 7 
24410 25 
24619 2 
24662 39 
25486 3 
26007 112 
26125 16 
26352 10 
26487 49 
26514 38 
26547 421 
26593 178 
26762 20 
26872 13 
26913 81 
27041 5 
27068 41 
27131 16 
27310 40 
27466 10 
27541 6 
27666 29 
27964 851 
28290 20 
28940 24 
28963 809 
29040 1033 
30450 256 
30597 66 
30614 18 
30729 577 
30729 218 
30948 114 
31076 54 
31286 15 
31401 5 
31886 272 
32012 23 
32162 94 
32192 189 
32246 337 
32684 18 
32764 51 
32982 15 
33299 171 
34092 5 
34361 266 
34750 57 
35144 45 
35276 87 
35536 66 
35589 9 
36528 18 
36997 30 
37035 10 
37222 7 
38177 5 
38252 149 
39236 1 
39263 6 
39539 48 
39677 19 
39874 8 
39874 127 
40020 181 
40321 18 
41504 9 
41568 23 
41989 115 
42531 19 
42954 25 
43117 54 
43282 54 
43580 134 
46780 33 
47378 13 
47403 15 
47492 43 
49658 6 
50105 9 
51638 13 
51733 20 
52061 7 
52712 28 
52969 5 
54102 17 
54492 10 
54580 72 
54825 10 
54933 10 
54984 74 
55303 60 
58337 130 
59433 493 
59489 1837 
62482 6 
62488 40 
62600 7 
63096 2 
64224 7 
64513 7 
68510 121 
72404 59 
78594 9 
81908 46 
82302 709 
82526 3853 
83387 227 
83538 48 
85452 363 
85583 71 
85850 39 
85981 18 
86362 11 
87814 54 
88434 4 
88696 17 
89632 164 
89749 327 
91668 17 
92275 92 
94138 80 
95217 126 
96378 152 
96464 94 
99536 6 
99552 15 
99559 2 
102830 0 
103329 25 
107052 3 
109006 5 
110405 13 
112431 8 
118864 74 
119538 70 
119911 382 
123588 16 
124339 907 
125288 205 
126024 5 
135997 17 
136706 105 
138912 68 
141245 24 
147451 133 
147986 94 
150858 0 
151734 20 
162614 33 
169339 9 
171963 181 
178354 921 
181494 0 
188792 4 
195467 30 
198234 243 
198957 34 
199403 74 
218213 64 
218258 989 
225615 83938 
225664 3 
225670 49 
225683 42 
225692 57 
225840 67 
227820 7 
228324 19 
231225 1 
234009 29 
258248 24 
282361 23 
307134 29 
323961 531 
324022 1476 
342016 1019 
342611 201 
342837 158 
361179 775 
361353 323 
361833 671 
386306 215 
428891 54 
449056 17 
483151 140 
561028 0 
