2595 13.4699884259
0 1168151 
7 1743 
8 425 
8 162 
9 244 
9 1333 
10 124 
11 528 
11 14 
11 525 
11 176 
12 305 
12 1892 
13 66 
14 84 
16 366 
16 329 
16 275 
17 641 
17 332 
21 51 
21 65 
21 33 
22 534 
22 3262 
23 919 
23 2863 
25 112 
26 315 
26 3901 
27 135 
28 347 
29 20 
31 41 
31 392 
32 16 
32 444 
33 51 
33 778 
34 256 
35 77 
35 178 
35 5 
35 123 
37 280 
41 28 
42 293 
42 80 
42 543 
43 240 
43 10959 
44 15469 
44 151 
45 166 
45 22 
45 495 
47 102 
47 59 
48 238 
48 134 
48 868 
48 129 
48 57 
49 2240 
50 216 
50 50 
51 85 
51 1726 
51 85 
52 119 
52 210 
53 628 
53 39 
53 53 
54 238 
56 27 
56 50 
56 63 
57 36 
57 31 
58 20 
58 58 
59 1419 
59 699 
59 36 
59 64 
60 475 
60 242 
60 349 
61 6 
62 225 
63 1657 
63 320 
64 59 
64 53 
65 500 
66 244 
66 84 
66 139 
66 157 
66 267 
67 276 
67 821 
68 16 
68 71 
68 164 
68 2604 
69 2070 
70 41 
71 71 
72 172 
72 20 
73 30 
73 272 
73 485 
73 9917 
74 102 
74 243 
74 878 
74 108 
76 88 
76 632 
76 19 
76 4098 
76 209 
76 52 
77 37 
78 139 
79 16 
80 526 
82 108 
82 12 
83 201 
83 280 
83 127 
84 79 
84 109 
85 19 
85 96 
85 216 
85 762 
85 91 
86 77 
87 9 
87 2214 
87 300 
88 915 
88 91 
88 131 
90 122 
90 172 
90 206 
91 528 
91 148 
92 529 
92 42 
93 972 
93 53 
94 59 
94 145 
94 149 
94 317 
95 113 
95 201 
96 143 
97 182 
97 133 
97 293 
99 192 
99 107 
100 165 
102 222 
102 72 
102 145 
103 1316 
103 173 
103 229 
103 239 
103 171 
104 22 
104 303 
104 151 
104 152 
105 184 
105 503 
105 41 
105 558 
106 298 
106 133 
106 170 
106 21 
106 89 
109 104 
109 11976 
109 189 
109 557 
110 184 
110 92 
112 153 
112 51 
113 24 
113 29 
113 1213 
113 1284 
114 564 
114 42 
114 44 
114 132 
115 91 
115 169 
115 581 
116 314 
116 156 
116 1202 
116 55 
116 203 
117 176 
117 406 
118 8 
119 416 
119 257 
119 362 
119 155 
120 64 
121 213 
121 806 
121 188 
121 270 
122 14 
124 58 
126 975 
127 974 
127 88 
127 111 
127 133 
128 943 
129 85 
129 62 
130 216040 
130 30755 
130 77 
130 192 
130 798 
130 93 
130 490 
130 288 
130 150 
131 192 
131 48 
131 484 
131 138 
134 283 
135 248 
136 7256 
136 8 
136 117 
136 1494 
137 1472 
137 172 
138 19 
138 29 
139 3934 
139 378 
139 456 
139 253 
139 118 
140 15 
140 40 
140 10 
141 53 
141 19 
141 121 
142 310 
142 358 
142 43 
143 35 
143 231 
143 90 
144 1090 
144 61 
144 54 
145 35 
145 109 
145 468 
146 23 
146 15026 
147 144 
149 79 
149 165 
149 149 
150 121 
150 53 
150 1261 
151 263 
152 46 
152 27 
152 51 
152 29 
152 59 
153 22 
154 2672 
154 429 
156 96 
156 434 
156 74 
157 112 
157 588 
158 921 
159 616 
160 87 
160 263 
160 111 
161 87 
161 559 
162 413 
162 104 
163 171 
164 393 
165 6369 
165 55 
166 50 
166 424 
166 146 
167 84 
168 6 
168 261 
168 763 
168 77 
168 721 
168 458 
168 39 
169 8 
169 321 
169 172 
170 471 
170 220 
170 288 
170 851 
170 142 
170 163 
171 91 
171 109 
171 136 
172 35 
172 4841 
172 34 
173 286 
173 192 
176 184 
176 136 
177 5 
177 33 
177 137 
177 481 
177 64 
179 292 
179 130 
179 25 
180 95 
180 4 
181 237 
181 232 
182 27 
182 301 
183 388 
184 633 
184 847 
184 1461 
185 77 
186 420 
187 32 
187 11 
187 145 
188 165 
189 75 
189 17 
189 558 
190 85 
192 640 
192 9 
193 133 
193 21 
193 113 
193 168 
194 73 
195 172 
196 227 
196 1042 
197 263 
198 40 
200 549 
200 534 
200 364 
201 72 
201 194 
201 38 
201 46 
201 86 
201 199 
203 85 
203 234 
204 106 
204 3000 
204 42 
204 148 
205 44 
205 368 
205 66 
206 284 
206 97 
207 252 
207 78 
207 1639 
208 148086 
208 63 
209 82 
209 153 
209 335 
209 250 
210 412 
210 170 
210 77 
210 71 
211 561 
211 1093 
211 559 
212 8 
212 162 
212 1055 
212 34 
212 146 
214 219 
214 25 
214 18 
214 251 
215 30 
216 81 
216 1621 
217 399 
217 250 
218 258 
218 424 
218 427 
218 407 
219 123 
219 323 
220 21 
220 371 
221 117 
221 371 
221 86 
221 362 
222 199 
223 98 
223 8 
223 4362 
224 278 
224 53 
224 1760 
225 912 
226 117 
226 379 
226 45 
227 28 
227 12 
228 86 
229 276 
229 183 
229 471 
230 23 
230 297 
231 14 
231 38 
231 247 
232 432 
232 65 
232 370 
232 725 
232 249 
233 106 
234 120 
234 78 
235 68 
235 292 
236 149 
236 76 
236 58 
237 16 
240 99 
240 42 
241 73 
241 23 
243 387 
243 56 
243 56 
244 112 
244 955 
244 99 
245 285 
245 105 
245 81 
245 251 
245 29 
246 404 
246 494 
247 70 
247 9 
248 24 
249 93 
249 110 
249 163 
250 164 
250 6716 
251 293 
251 266 
252 898 
253 54 
253 254 
253 175 
254 7 
254 228 
254 143 
254 163 
254 1118 
254 104 
254 68 
256 27 
256 70 
256 43 
256 36 
256 317 
256 182 
257 6178 
257 132 
257 61 
258 278 
258 353 
258 139 
259 29 
261 330 
261 503 
261 67 
262 65 
263 248 
264 15 
265 1068 
265 53 
267 94 
268 337 
268 114 
269 339 
269 22 
269 111 
270 6 
270 129 
270 17 
271 443 
271 225 
272 2 
272 1150 
272 1134 
272 565 
272 38 
273 2699 
274 1354 
274 138 
274 788 
275 141 
275 106 
275 394 
276 1400 
276 13 
276 115 
276 17 
277 24 
277 241 
277 272 
280 1272 
280 52 
281 90 
281 183 
281 89 
282 63 
282 59 
283 64 
283 568 
283 33 
284 232 
285 951 
285 64 
286 57 
287 162 
289 126 
290 263 
290 255 
290 101 
290 389 
290 458 
291 31 
293 101 
293 28 
294 178 
294 389 
294 134 
295 171 
297 148 
297 65 
297 463 
297 366 
298 300 
298 755 
298 55 
299 56 
299 78 
300 132 
301 42 
302 439 
303 33 
303 245 
303 121 
303 56 
305 2332 
305 268 
306 108 
306 116 
306 86 
307 339 
308 522 
309 36 
310 24 
311 280 
311 95 
312 461 
312 96 
312 358 
313 94 
314 140 
314 75 
314 7468 
314 28 
315 81 
315 448 
315 124 
315 358 
316 370 
317 74 
317 2039 
318 126 
318 186 
319 1387 
319 750 
319 8 
321 18 
321 46 
321 31 
322 63 
322 87 
323 365 
323 565 
323 438 
324 233 
325 10 
325 46 
325 138 
325 161 
325 1426 
327 199 
327 399 
327 2 
327 128 
328 157 
329 2688 
331 171 
331 67 
331 217 
332 625 
332 25 
332 3339 
332 20 
332 1150 
333 148 
333 339 
334 17 
334 792 
335 26 
335 113 
335 115 
336 52 
337 110 
337 205 
337 694 
338 89 
338 18 
340 34 
341 16 
341 201 
342 77 
342 1929 
342 114 
343 278 
343 647 
344 528 
345 218 
345 1962 
346 464 
346 652 
347 23 
347 256 
347 229 
348 49 
349 33 
349 124 
350 8 
350 24 
350 738 
351 76 
352 368 
352 145 
352 145 
352 12 
354 331 
354 84 
356 65 
357 502 
358 302 
361 555 
361 13 
362 38 
362 123 
363 100 
363 331 
364 30 
364 754 
365 357 
366 390 
366 8 
367 2457 
368 82 
368 432 
369 66 
369 116 
371 169 
372 1267 
372 19 
372 36 
374 15 
376 167 
377 25 
377 1354 
377 17 
378 308 
379 3 
379 3168708 
379 74 
380 17 
382 151 
382 87 
383 28 
383 239 
384 35 
384 113 
385 325 
388 133 
388 664 
388 7 
388 160 
389 436 
390 950 
390 18 
390 18 
390 309 
391 38 
391 164 
392 182 
392 26 
392 79 
392 78 
393 205 
394 86 
395 22 
395 39 
395 25 
395 35 
396 539 
396 168 
397 1482 
398 112 
398 4303 
399 275 
399 153 
400 320 
400 94 
400 32 
401 476 
402 91 
403 1542 
403 102 
404 259 
404 105 
405 114 
405 113 
407 69 
407 73 
407 522 
408 44 
408 74 
409 54 
410 59 
410 326 
411 540 
411 1603 
411 231 
411 219 
411 39 
412 255 
413 108 
414 619 
414 7 
415 338 
415 539 
416 495 
417 263 
418 184 
418 264 
419 306 
420 2462 
421 28 
422 525 
423 56 
423 22 
424 18 
425 13 
426 129 
427 4 
428 58 
428 6 
428 198 
429 1189 
430 46 
431 633 
431 23 
431 54 
431 106 
432 531 
432 19 
433 330 
433 881 
433 56 
435 573 
435 67 
435 7 
438 208 
438 3397 
439 28 
440 137 
440 6 
441 53 
441 41 
441 21 
441 11 
442 152 
442 309 
442 45 
442 91 
442 138 
444 459 
444 690 
445 213 
446 315 
446 20 
446 50 
448 394 
448 16 
449 19 
450 125 
451 22 
451 72 
452 202 
453 106 
453 108 
453 57 
454 100 
454 38 
455 240 
455 52 
455 108 
455 173 
456 350 
456 11 
457 53 
458 6145 
458 568 
458 6 
458 1267 
459 1267 
460 1251 
460 267 
461 771 
461 286 
462 79 
462 83 
462 192 
462 442 
462 109 
462 37 
462 602 
464 36 
464 82 
465 4 
465 116 
466 59 
466 134 
466 139 
466 191 
467 1342 
467 133 
468 237 
469 27 
469 124 
469 280 
470 156 
471 13 
471 57 
472 1353 
472 12119 
474 62 
474 846 
475 135 
476 183 
477 342 
478 808 
478 22 
478 86 
478 342 
478 63 
479 21 
479 429 
479 311 
479 67 
479 155 
479 264 
479 215 
480 66 
481 270 
481 69 
483 75 
483 31 
483 58 
485 92 
486 68 
486 342 
486 369 
487 277 
487 614 
487 16 
487 53 
487 90 
488 373 
488 22 
489 87 
489 787 
489 423 
489 1 
489 300 
490 1012 
490 1967 
490 28529 
491 127 
491 3701 
491 40 
492 99 
492 22 
492 751 
492 25 
493 272 
494 236 
494 278 
496 1 
496 944 
497 150 
497 444 
497 47 
497 4564 
498 360 
498 106 
498 200 
501 30 
502 28 
502 104 
502 2224 
503 32 
504 132 
504 86 
504 139 
504 106 
504 83 
505 492 
506 342 
510 127 
510 175 
510 269 
511 18 
511 322 
512 1992 
514 80 
514 9 
515 6544 
515 1042 
515 5 
515 111 
516 69 
516 28 
517 27 
517 66 
517 1099 
518 93 
519 71 
519 214 
521 176 
522 301 
523 1079 
523 391 
525 692 
525 1297 
525 533 
526 9 
528 2020 
529 54 
530 58 
532 40 
533 23 
533 91 
533 55 
533 792 
534 811 
535 18 
535 466 
535 2 
536 205 
538 44 
538 122 
539 236 
539 200 
540 190 
541 153 
543 40 
543 169 
543 119 
543 34 
544 82 
545 88 
545 63 
545 557 
546 33 
547 395 
547 499 
547 16 
547 89 
548 113 
548 97 
548 640 
549 260 
549 221 
550 37 
550 515 
550 53 
550 267 
551 39 
551 1536 
551 912 
551 38 
552 57050 
552 468 
553 76 
555 88 
555 171 
556 104 
556 539 
556 24 
556 473 
557 10 
558 197 
558 529 
560 13 
560 106 
561 367 
561 1 
563 56 
563 30235 
563 356 
563 1947 
564 81 
564 237 
565 80 
565 5327 
565 86 
566 67 
566 62 
567 169 
568 242 
568 45 
568 232 
568 14 
569 119 
570 13 
570 83 
571 78 
571 228 
571 179 
572 1 
572 175 
573 23 
573 53 
573 70 
574 69 
574 277 
574 38 
574 471 
575 527 
575 2416 
575 195 
575 25 
575 84 
575 481 
576 197 
576 123 
576 139 
576 6819 
577 169 
577 32 
577 989 
577 598 
577 894 
577 38 
578 70 
579 6938 
581 579 
583 123 
585 22 
585 117 
587 14 
587 226 
587 63 
587 27 
589 468 
590 555 
590 55 
591 54 
592 43 
592 217 
592 1619 
593 136 
594 709 
594 28 
596 954 
597 5 
597 104 
597 141 
597 26 
598 33 
599 29 
600 61 
600 14 
601 333 
601 288 
601 28 
602 142 
603 39 
604 182 
606 63 
606 123 
606 49 
607 1042 
607 114 
607 138 
607 24 
608 268 
608 29 
610 199 
610 12 
610 466 
611 189 
612 1285 
613 92 
613 136 
614 184 
614 430 
615 11 
615 476 
616 402 
616 40 
617 95 
617 102 
618 43 
618 167 
619 42 
620 447 
620 112 
622 322 
623 14 
623 129 
624 59 
624 44 
625 49 
625 116 
626 54 
626 117 
626 1869 
626 130 
627 956 
627 134 
628 172 
628 363 
628 1292 
629 79 
629 696 
629 443 
630 125 
631 20 
632 8899 
632 38 
632 5681 
632 1061 
632 424 
633 166 
633 366 
633 548 
633 113 
634 155 
635 1414 
635 8 
635 496 
635 61 
636 21 
636 65 
637 88 
637 124 
637 148 
638 8062 
638 1131 
639 106 
641 75 
641 318 
642 53 
644 378 
645 438 
646 61 
646 395 
648 199 
648 289 
648 32 
650 19431 
650 20 
651 111 
653 102 
653 41 
653 24 
654 1179 
657 3 
658 51 
659 145 
659 124 
661 23 
663 256 
663 572 
665 2137 
666 185 
666 8 
666 8294 
667 299 
670 219 
671 59 
671 495 
672 169 
673 286 
674 639 
674 95 
675 15 
675 176 
675 17 
675 122 
676 3668 
677 10 
678 202 
680 31 
681 57 
683 1156 
683 173 
683 359 
685 334 
685 31 
685 130 
686 18 
687 12 
687 54 
687 10 
687 427 
687 33 
689 105 
689 361 
689 12 
690 204 
690 434 
690 85 
693 235 
693 378 
694 25 
695 306 
695 89 
695 47 
695 2356 
696 68 
696 67 
696 98 
696 4 
697 39 
697 95 
697 414 
698 59 
698 11 
700 41120 
700 2056 
701 47 
703 140 
703 660 
703 656 
704 51 
705 228 
705 82 
706 177 
706 556 
707 28 
707 239 
708 21 
708 531 
709 2780 
709 207 
709 20 
711 883 
711 458 
711 106 
712 209 
714 67 
715 54 
717 551 
718 276 
718 31926 
718 829 
719 310 
719 1190 
720 67 
720 313 
721 319 
721 58 
722 502 
723 1890 
723 77 
725 91 
726 195 
726 192 
726 109 
727 13 
727 842 
728 164 
728 116 
729 349 
730 34 
730 175 
730 28 
732 2547 
732 167 
734 326 
734 14 
735 247 
735 16 
736 131 
736 62 
736 27 
738 492 
738 221 
739 41 
740 3 
741 59 
741 47 
742 104 
742 237 
742 250 
742 1709 
742 195 
743 9 
743 150 
744 2756 
744 1794 
745 93 
745 29 
746 52 
746 32 
746 203 
747 178 
748 1818 
748 574 
749 94 
750 4 
750 63 
750 962 
750 199 
751 238 
753 23 
753 563 
755 396 
755 2681 
755 175 
755 218 
755 300 
756 64 
757 238 
757 777 
758 80 
758 154 
758 49 
759 330 
759 784 
760 5 
763 103 
765 164 
766 66 
768 172 
770 539 
771 701 
772 63 
773 161 
773 6 
774 166 
774 2907 
776 688 
777 57 
778 1405 
778 69 
781 485 
781 405409 
781 817 
781 758 
782 45 
782 85 
782 104 
782 144 
783 210 
784 20 
784 75 
784 120 
785 206 
786 65 
788 1998 
789 105 
790 73 
791 44 
793 521 
795 153 
795 34 
796 46 
797 569 
798 96 
799 280 
799 198 
800 35 
800 180 
801 428 
801 144 
803 368 
803 653 
805 113 
805 10 
806 312 
807 108 
807 113 
807 304 
808 30 
808 40 
808 36174 
809 34 
809 79 
809 190 
810 84 
810 537 
812 302 
813 66 
813 65 
814 185 
814 211 
815 258 
815 221 
816 13 
818 13 
818 40 
818 74 
820 760 
821 11 
821 27 
821 29 
822 381 
822 83 
823 439 
824 10 
824 31 
826 255 
826 411 
826 132 
827 474 
829 35 
829 151 
830 12 
830 326 
830 49 
831 1038 
831 32 
831 189 
832 47 
832 167 
834 189 
835 955 
837 37 
837 20 
837 111 
838 85 
839 81 
840 168 
841 21 
841 664 
842 88 
842 74 
843 191 
843 554 
843 223 
844 140 
844 145 
845 279 
845 71 
849 206 
850 302 
852 56 
853 28 
854 8 
854 21 
857 24 
857 1394 
859 68 
860 44 
863 80 
863 94 
864 616 
864 1241 
868 86 
870 50 
870 648 
871 24 
872 22 
873 59 
874 49 
876 1034 
876 22 
877 1097 
878 111 
880 158 
883 1586 
884 68 
884 135 
885 97 
885 118 
886 131 
886 334 
887 35 
888 97 
888 576 
888 43 
891 21 
891 197 
891 62 
891 545 
892 566 
892 24 
893 175 
895 1085 
895 3888 
896 87 
897 230 
898 131 
900 54 
902 3439 
903 234 
904 110 
908 112 
909 1713 
911 4351 
911 179 
912 192 
913 1739 
915 183 
915 122 
915 203 
918 74 
918 1223 
919 569 
919 54 
920 326 
921 36 
921 1092 
923 172 
924 29 
925 5562 
925 125 
926 11 
926 131 
927 70 
927 71 
927 262 
928 119 
928 41 
928 99 
928 53 
931 383 
932 6 
933 160 
933 17 
933 38 
936 184 
936 297 
937 163 
939 56 
939 950 
941 28 
942 1049 
942 69 
943 45 
944 66 
945 192 
945 79 
947 32 
948 560 
949 31 
951 11 
951 146 
951 95 
954 56 
955 33 
955 154 
956 397 
960 152 
962 100 
963 21 
964 240 
966 51 
972 26 
975 6 
976 701 
977 380 
979 51 
981 276 
985 514 
986 25 
987 33 
987 148 
988 596 
993 67 
999 53 
999 16 
1001 1530 
1002 195 
1003 299 
1007 138 
1010 39 
1012 215 
1012 747 
1012 76 
1015 59 
1016 243 
1019 67 
1020 55 
1022 153 
1023 290 
1024 7 
1026 27 
1029 421 
1030 51 
1032 37 
1032 378 
1034 32 
1035 119 
1035 1213 
1036 69 
1039 375 
1041 713 
1041 43 
1043 144 
1045 61 
1046 28 
1048 21 
1048 336 
1049 139 
1051 111 
1053 30910 
1054 47 
1054 2927 
1056 30 
1059 151 
1060 270 
1061 91 
1063 133 
1067 34 
1069 323 
1069 67 
1071 144 
1071 17905 
1071 21 
1072 4 
1072 61 
1074 635 
1075 118 
1075 88 
1076 136 
1076 802 
1076 546 
1076 40 
1077 73 
1083 173 
1087 58 
1089 158 
1093 138 
1097 85 
1098 14 
1099 65 
1101 164 
1103 41 
1107 23 
1110 1053 
1110 97 
1111 275 
1112 227 
1113 292 
1115 518 
1116 284 
1116 35 
1117 58 
1117 54 
1118 319 
1118 169 
1118 21 
1124 114 
1125 255 
1127 453 
1127 246 
1128 160 
1128 30 
1128 764 
1129 96 
1130 188 
1130 32 
1131 125 
1131 70 
1133 24 
1134 503 
1134 116 
1134 133 
1135 75 
1135 38 
1136 30 
1137 388 
1138 178 
1140 1227 
1140 681 
1141 86 
1141 86 
1143 125 
1147 2037 
1149 98 
1153 320 
1153 75 
1154 484 
1159 25 
1161 106 
1161 103 
1162 2657 
1163 4940 
1166 449 
1167 12 
1168 25 
1171 393 
1172 65 
1177 20 
1178 326 
1182 16 
1186 11 
1189 670 
1194 29 
1194 28 
1196 221 
1196 310 
1199 221 
1200 113 
1201 13 
1201 1390 
1201 206 
1206 26 
1207 220 
1208 97 
1210 126 
1211 95 
1216 4 
1217 313 
1218 180 
1219 103 
1220 1251 
1224 110 
1224 151 
1226 150 
1227 128 
1228 90 
1230 129 
1232 321 
1232 475 
1235 68 
1235 57 
1238 27 
1240 466 
1241 120 
1243 136 
1243 45 
1243 228 
1243 204 
1244 25 
1246 119 
1247 232 
1249 39 
1251 19 
1253 50 
1254 26 
1255 94 
1256 83 
1256 178 
1259 426 
1260 141 
1265 4 
1265 930 
1266 106 
1276 359 
1277 96 
1283 211 
1284 262 
1288 419 
1289 20 
1293 49 
1295 35 
1297 775 
1297 670 
1297 4063 
1303 373 
1304 59 
1304 1480 
1304 196 
1307 392 
1310 187 
1312 800 
1315 41 
1319 1710 
1319 37 
1319 8 
1321 13 
1323 569 
1328 2082 
1331 835 
1331 132 
1335 172 
1338 85 
1338 47 
1341 348 
1344 220 
1345 25 
1348 92 
1350 145 
1354 494 
1357 88 
1358 247 
1358 20 
1359 1426 
1367 1960 
1371 311 
1377 134 
1379 313 
1388 1578 
1389 705 
1389 125 
1389 30 
1389 26 
1390 5 
1392 9 
1393 21 
1393 1299 
1395 258 
1398 1813 
1398 18 
1398 83 
1401 355 
1402 287 
1407 14205 
1407 42 
1412 600 
1413 132 
1414 20 
1416 31 
1423 64 
1424 2247 
1424 55 
1425 86 
1426 13 
1427 233 
1428 9 
1428 18 
1433 33 
1437 99 
1437 5 
1438 15939 
1440 40 
1442 935 
1443 46 
1443 87 
1448 231 
1449 103 
1450 101 
1452 5 
1456 22 
1456 735 
1457 127 
1459 92 
1463 64 
1470 25 
1471 385 
1472 70 
1473 104 
1473 117 
1474 22 
1475 9246 
1476 25 
1480 562 
1487 15 
1493 80 
1493 36 
1495 2389 
1495 10149 
1499 22 
1499 5 
1500 8 
1503 162 
1503 130 
1504 141 
1509 178 
1511 113 
1512 17 
1512 186 
1525 74 
1525 1728 
1525 14 
1526 20 
1528 58 
1528 754 
1528 1274 
1533 44 
1535 374 
1537 294 
1537 96 
1540 11 
1540 575 
1544 36 
1545 82 
1546 69 
1547 69 
1551 0 
1553 570 
1555 50 
1559 133 
1559 254 
1559 34 
1560 26 
1562 1142 
1562 150 
1564 78 
1565 175 
1569 33 
1572 137 
1574 209 
1580 1193 
1580 148 
1586 156 
1588 436 
1588 161 
1590 506 
1590 42 
1592 129 
1593 27 
1595 144 
1598 146 
1601 350 
1601 123 
1602 35 
1604 66 
1609 47 
1609 19 
1611 40 
1612 71 
1613 114 
1617 272 
1620 51 
1621 156 
1624 432 
1627 83 
1629 25 
1629 12 
1629 34 
1632 123 
1636 748 
1637 111 
1641 30 
1647 6 
1650 31 
1650 445 
1650 38 
1655 9 
1662 8 
1673 59 
1678 97 
1686 22 
1688 617 
1698 97 
1699 1317 
1700 23 
1704 187 
1704 395 
1707 863 
1716 16 
1723 5 
1730 378 
1730 4409 
1730 6239 
1732 8230 
1735 321 
1740 258 
1743 265 
1744 50 
1751 3 
1751 20 
1754 302 
1755 10 
1755 708 
1756 94 
1758 156 
1759 168 
1763 14482 
1764 26 
1770 9 
1780 48 
1786 179 
1789 23 
1792 61 
1797 121 
1800 445 
1801 223 
1803 137 
1805 14 
1807 76 
1814 141 
1816 6 
1817 57 
1821 314 
1822 35 
1823 38 
1827 57 
1832 957 
1850 17 
1854 607 
1858 7 
1861 5 
1865 144 
1866 42 
1869 133 
1869 9 
1870 358 
1870 19 
1871 200 
1878 234 
1878 45 
1881 73 
1884 105 
1891 715 
1895 152 
1898 54 
1899 64 
1902 78 
1909 128 
1918 33 
1918 589 
1921 71 
1922 194 
1932 35 
1933 621 
1934 57 
1934 52 
1935 118 
1948 138 
1949 174 
1950 85 
1967 140 
1975 33 
1976 0 
1981 17 
1990 9 
1996 928 
2000 587 
2002 28 
2010 66 
2012 85 
2018 84 
2021 161 
2025 659 
2027 16 
2031 272 
2041 64 
2041 45 
2050 539 
2052 221 
2052 661 
2062 32 
2070 104 
2074 19 
2081 15 
2086 271 
2086 165 
2096 20 
2101 94 
2104 296 
2107 222 
2113 1970 
2123 117 
2123 22 
2131 144 
2132 752 
2133 45 
2137 44 
2140 122 
2146 133 
2148 144 
2150 32 
2153 1096 
2157 70 
2161 693 
2164 293 
2164 193 
2175 74 
2179 230 
2182 46 
2185 13 
2188 37 
2192 93 
2193 0 
2214 46 
2217 196 
2228 7 
2232 128 
2236 317 
2238 17 
2238 128 
2240 102 
2242 1 
2243 130 
2245 54 
2252 45 
2256 38 
2264 36 
2265 184 
2266 89 
2267 2904 
2270 34 
2274 1017 
2277 371 
2284 207 
2287 18 
2289 106 
2290 1746 
2292 89 
2293 10 
2295 50 
2300 134 
2305 8 
2306 116 
2310 410 
2311 135 
2313 56 
2317 270 
2324 79 
2331 510 
2334 43 
2341 57 
2357 49 
2357 764 
2363 12 
2363 97 
2364 572 
2365 154 
2365 21 
2373 112 
2374 65 
2375 23 
2381 24 
2383 373 
2385 266 
2390 147 
2391 78 
2399 1041 
2401 16 
2407 85 
2407 294 
2415 37 
2416 37 
2416 40 
2436 12 
2437 187 
2443 99 
2448 96 
2451 190 
2459 228 
2469 88 
2477 143 
2492 60 
2526 77 
2526 73 
2527 75 
2534 113 
2538 412 
2542 1510 
2544 233 
2553 182 
2559 349 
2568 47 
2575 248 
2585 84 
2586 537 
2588 39 
2609 252 
2609 86 
2609 22 
2621 561 
2623 37 
2628 469 
2637 71 
2646 352 
2650 80 
2653 94 
2658 66 
2664 2855 
2669 98 
2678 31 
2702 46 
2732 234 
2756 113 
2757 44 
2760 335 
2762 142 
2766 501 
2766 36 
2769 110 
2769 113 
2771 462 
2782 8 
2784 365 
2795 881 
2803 985 
2808 214 
2819 31 
2830 423 
2832 81 
2837 11 
2839 33 
2840 35 
2841 135 
2853 153 
2865 62 
2876 0 
2878 2059 
2879 188 
2887 38 
2929 10 
2929 231 
2933 236 
2934 136 
2954 24 
2955 6 
3027 56 
3029 135 
3030 14 
3040 206 
3042 32 
3042 282 
3047 34 
3050 254 
3054 0 
3055 242 
3072 16 
3075 38 
3080 16 
3087 510 
3101 1064 
3103 27 
3120 868 
3122 1241 
3126 45 
3127 114 
3133 633 
3134 91 
3152 116 
3168 123 
3171 206 
3173 599 
3190 726 
3205 128 
3232 418 
3259 930 
3260 129 
3267 100 
3270 52 
3275 167 
3282 90 
3311 118 
3345 272 
3381 13 
3381 49 
3402 7 
3441 233 
3461 79 
3467 85 
3473 452 
3476 9 
3492 42 
3498 14 
3498 57 
3504 417 
3510 14 
3517 130 
3526 58 
3539 1534 
3542 348 
3576 49 
3591 220 
3592 140 
3597 16 
3599 31 
3624 162 
3630 67 
3654 62 
3656 107 
3658 46 
3688 57 
3711 537 
3742 68 
3747 231 
3748 26 
3755 161 
3759 322 
3766 758 
3781 80 
3791 10 
3829 4 
3832 119 
3848 6 
3850 84 
3856 38 
3868 29 
3868 405 
3882 10 
3921 95 
3948 144 
3952 50 
3987 18 
4011 49 
4017 16 
4040 35 
4049 103 
4062 65 
4082 180 
4103 951 
4113 450 
4141 246 
4146 41 
4204 36 
4220 45 
4254 62 
4287 764 
4320 107 
4339 94 
4346 109 
4363 22 
4378 128 
4408 41 
4416 40 
4443 101 
4448 43 
4479 16 
4480 651 
4482 36 
4484 31 
4507 3 
4528 387 
4528 81 
4537 551 
4576 37 
4578 542 
4629 6 
4649 83 
4704 82 
4718 11 
4720 49 
4804 90 
4842 7 
4853 15 
4878 152 
4935 1103 
4950 8 
4952 48 
4959 48 
4963 72 
4987 78 
4999 40 
5006 3616 
5044 99 
5047 8 
5066 3 
5068 32 
5083 80 
5092 21 
5108 15 
5125 683 
5175 127 
5210 39 
5218 400 
5221 39 
5257 93 
5289 228 
5289 149 
5290 17 
5306 2 
5308 18 
5317 5 
5321 181 
5404 102 
5517 33 
5570 109 
5573 50 
5584 1500 
5584 1500 
5594 9973 
5594 9973 
5606 40 
5606 40 
5616 186 
5616 186 
5622 32 
5622 32 
5731 65 
5743 106 
5754 9 
5762 0 
5766 139 
5768 253 
5792 165 
5812 30 
5851 33 
5895 151 
6042 372 
6050 134 
6117 19 
6126 14 
6137 93 
6205 69 
6212 391 
6226 5 
6232 384 
6359 298 
6380 15 
6404 11 
6450 69 
6451 200 
6517 23 
6523 238 
6541 760 
6557 312 
6598 116 
6606 63 
6641 43 
6660 21 
6661 100 
6664 4 
6719 66 
6860 83 
6904 12 
6924 5 
6941 27 
7000 558 
7104 20 
7175 10 
7202 299 
7253 23 
7285 5 
7494 40 
7644 7 
7670 88 
7670 47 
7718 188 
7901 242 
7919 68 
7920 26 
8002 19 
8009 68 
8075 181 
8183 91 
8335 230 
8403 447 
8410 245 
8437 162 
8623 69 
8653 224 
8709 34 
8729 16 
8784 33 
8804 913 
8807 495 
8811 413 
8817 74 
8897 115 
8929 146 
9303 25 
9332 944 
9375 19 
9470 77 
9503 35 
9803 11 
10227 160 
10644 589 
10900 81 
11117 13 
11278 10 
11587 2 
11904 155 
12083 44 
12491 48 
12595 6 
12803 35 
13061 7 
13554 8325 
13684 19 
14232 37 
14825 74 
14995 137 
15298 26 
15560 72 
17094 261 
17189 38 
17901 83 
18215 180 
18529 9 
19315 16 
20058 90 
20561 51 
20581 407 
21814 3 
25125 233 
26468 13 
28290 36 
29350 248 
30214 162 
31973 58 
32031 690 
32111 173 
36461 3 
39703 200 
49297 192 
51440 340 
61531 8 
64780 140 
68081 729 
68577 300 
68778 84 
68802 309 
75907 48 
81530 5 
82130 37 
84742 54 
91082 83 
152969 49 
259496 829 
327684 7 
