4265 8.77186342593
0 610469 
7 608 
8 241 
10 214 
11 925 
12 450 
12 3410 
13 47 
15 241 
15 302 
15 1246 
16 734 
16 92 
16 183 
18 1362 
19 85 
19 202 
20 852 
20 264 
21 26 
21 305 
21 59 
22 108 
22 1372 
22 235 
22 161 
22 965 
23 529 
24 28 
25 604 
25 168 
25 476 
25 261 
26 910 
26 415 
27 127 
27 195 
28 448 
29 64 
29 1743 
30 142 
30 956 
30 318 
30 563 
31 154 
31 1453 
31 13 
32 807 
32 3355 
33 34 
33 353 
33 26 
33 128 
34 22 
35 167 
35 418 
35 487 
36 785 
36 113 
36 613 
36 18 
36 95 
36 365 
37 870 
37 205 
37 104 
38 62 
38 181 
38 28 
38 1182 
38 2159 
39 170 
39 94 
39 455 
40 15 
40 197 
40 938 
40 1996 
41 312 
41 35 
41 281 
42 35 
42 136 
42 1798 
42 244 
43 168 
43 129 
43 73 
44 86 
44 243 
44 962 
44 1242 
45 151 
45 68 
47 517 
48 489 
48 169 
48 466 
49 446 
49 853 
49 38 
50 1399 
50 47 
50 362 
50 10 
51 777 
51 1376 
51 170 
52 222 
52 176 
52 74 
54 126 
54 364 
55 48 
55 149 
55 689 
56 293 
56 139 
56 183 
56 201 
56 273 
56 154 
57 1172 
57 1343 
57 269 
57 152 
57 44 
57 39 
58 326 
59 348 
60 1833 
60 1254 
60 101 
61 250 
61 211 
61 2021 
61 661 
61 673 
62 110 
62 71 
62 297 
63 1405 
63 304 
63 150 
63 313 
64 21 
65 1413 
65 29 
65 1226 
66 965 
66 925 
66 195 
67 330 
68 49 
68 202 
68 245 
69 329 
69 75 
69 72 
69 995 
70 209 
70 377 
71 215 
71 91 
72 149 
72 15 
72 772 
72 66 
72 220 
73 31 
73 115 
73 12 
74 45 
74 511 
75 4378 
75 160 
75 417 
75 21184 
75 1628 
75 637 
76 121 
77 18 
77 1729 
77 890 
77 174 
78 701 
78 35 
79 139 
79 180 
80 404 
80 10 
80 244 
80 2375 
80 280 
81 119 
81 99 
81 475 
81 191 
83 246 
84 127 
84 158 
84 4099 
85 11 
85 51 
86 111 
86 146 
87 158 
87 405 
87 150 
87 327 
87 356 
88 174 
89 166 
89 17410 
89 119 
89 199 
90 651 
90 852 
92 139 
92 20 
92 274 
93 1232 
93 1264 
93 790 
94 307 
94 221 
94 216 
96 397 
96 115 
96 197 
97 144 
98 52 
99 10 
100 202 
101 87 
101 2970 
102 76 
102 347 
103 143 
104 873 
104 1149 
104 385 
104 49 
105 129 
105 133 
105 158 
106 127 
106 91 
107 11 
107 144 
108 465 
108 3 
109 70 
109 410 
110 97 
110 78 
111 16855 
111 267 
112 553 
113 142 
113 93 
113 347 
114 207 
114 236 
115 111 
115 334 
116 179 
116 278 
116 334 
117 343 
118 58 
119 18 
119 562 
120 57 
120 123 
121 31 
121 25 
121 147 
121 183 
122 38 
122 508 
124 57 
125 62 
125 235 
125 30 
125 35 
126 872 
126 1 
127 528 
127 81 
128 1711 
128 279 
129 128 
130 941 
130 226 
131 1116 
132 244 
132 915 
133 51 
133 1401 
133 285 
135 932 
135 10 
135 84 
135 92 
136 92 
137 6430 
137 377 
137 8 
138 623 
139 1766 
140 212 
142 275 
142 71 
142 206 
142 216 
142 23 
144 65 
145 16 
145 111 
145 67 
145 2 
145 74 
145 363 
146 20 
146 197 
146 114 
147 18 
148 238 
148 100 
148 1982 
149 104 
151 246 
152 1104 
152 69 
154 335 
154 193 
155 185 
157 13 
157 3977 
157 200 
159 837 
159 287 
159 1277 
159 844 
160 102 
160 85 
160 29 
160 531 
161 6805 
161 21 
161 136 
161 136 
162 100 
162 854 
165 1773 
165 127 
165 63 
166 353 
167 498 
168 1525 
169 85 
169 23 
169 129 
170 778 
171 325 
172 243 
173 376 
173 802 
173 641 
173 411 
174 93 
174 956 
174 935 
179 199 
181 1329 
181 15 
181 221 
183 133 
187 1170 
188 339 
188 245 
188 247 
189 207 
191 783 
191 1902 
192 1987 
193 983 
193 906 
193 1525 
193 599 
194 202 
194 159 
194 328 
195 88 
197 324 
198 345 
199 185 
199 0 
199 45 
203 121 
204 180 
205 37 
206 224 
206 1835 
206 39 
207 33 
208 1122 
209 3066 
212 1069 
212 27 
215 454 
216 79 
217 25 
219 116 
219 458 
219 27 
220 134 
220 273 
223 274 
224 798 
227 112 
228 130 
229 2111 
230 953 
230 96 
231 180 
231 110 
233 118 
233 2127 
233 49 
234 53 
235 326 
237 1189 
238 431 
241 45 
241 158 
241 115 
241 151 
242 418 
242 105 
245 143 
245 100 
245 170 
248 1082 
252 139 
253 85 
253 604 
254 5687 
254 489 
254 136 
268 173 
270 2427 
270 367 
272 261 
273 74 
273 61 
273 99 
273 544 
273 22 
274 527 
276 253 
276 606 
277 1377 
277 151 
279 1151 
280 1457 
281 577 
282 102 
283 812 
284 37 
284 153 
285 3488 
286 434 
288 477 
288 53 
289 531 
290 246 
291 1418 
292 28 
293 864 
295 47 
296 23 
297 107 
300 59 
302 44 
303 4387 
304 41 
306 31 
307 12 
308 15 
309 32 
309 299 
310 236 
311 635 
311 94 
311 139 
312 1174 
316 382 
318 643 
319 276 
321 1254 
322 2161 
322 113 
322 4181 
323 40 
323 56 
323 52 
325 35 
329 747 
331 89 
335 192 
337 130 
340 116 
341 200 
343 517 
343 1465 
344 7 
345 699 
346 23 
346 1737 
348 3090 
349 934 
351 344 
351 11 
351 19 
351 79 
353 150 
354 304 
355 181 
355 71 
355 223 
356 3645 
359 421 
359 2710 
362 82 
362 66 
363 495 
363 35 
363 1744 
364 594 
365 334 
365 257 
368 181 
368 71 
368 739 
370 1908 
374 1102 
374 110 
376 11744 
376 250 
376 147 
378 738 
379 886 
380 183 
383 144 
384 28 
385 939 
386 884 
389 653 
390 695 
390 295 
391 755 
391 47 
393 915 
394 479 
394 162 
395 18 
395 61 
397 295 
399 442 
399 411 
399 267 
399 55 
401 869 
402 62 
404 351 
405 560 
411 9 
411 68 
411 51 
412 1365 
412 166 
412 1791 
412 114 
413 12 
414 1388 
415 248 
417 1360 
417 2146 
417 705 
420 385 
421 144 
422 161 
422 177 
424 54 
427 1210 
430 1040 
430 1197 
432 72 
434 1263 
435 43 
436 70 
437 5442 
438 3030 
438 304 
438 42 
439 847 
439 504 
441 135 
442 283 
450 263 
452 51 
454 488 
455 268 
459 7 
460 55 
462 1659 
464 608 
469 627 
471 0 
473 371 
474 120 
474 207 
479 1388 
479 21 
480 176 
483 984 
485 2330 
486 55 
487 3575 
491 133 
497 929 
497 817 
497 282 
500 859 
501 246 
504 159 
510 375 
511 694 
515 351 
517 971 
518 443 
520 1012 
523 329 
523 73 
525 1488 
531 53 
537 35 
538 44 
539 28 
539 415 
541 520 
542 95 
543 83 
544 795 
545 1063 
546 1388 
546 232 
549 109 
550 125 
550 1239 
553 398 
555 1199 
556 1765 
556 61 
557 1222 
558 66 
561 612 
561 70 
562 264 
565 25 
567 1076 
573 74 
579 127 
580 2874 
581 1254 
581 151 
582 1279 
583 89 
585 133 
589 2820 
599 314 
600 431 
608 36 
613 41 
614 821 
614 154 
616 12 
622 150 
624 144 
626 621 
626 213 
634 227 
634 743 
640 809 
647 41 
651 10 
656 186 
658 81 
661 426 
667 81 
668 13 
670 257 
671 237 
681 212 
682 25 
682 666 
690 69 
698 8438 
700 97 
701 661 
701 2277 
702 43 
703 114 
711 237 
717 328 
718 15 
731 53 
736 168 
736 261 
747 101 
748 95 
752 67 
753 202 
753 235 
759 150 
760 1634 
767 803 
769 38 
771 133 
773 68 
781 114 
784 56 
788 435 
788 629 
797 597 
799 33 
803 36 
809 135 
814 133 
832 6 
837 553 
842 1574 
855 306 
855 234 
859 57 
864 24 
866 355 
870 143 
871 1055 
872 150 
877 21 
878 248 
878 107 
882 220 
890 885 
891 2449 
892 717 
900 353 
915 423 
919 1450 
928 290 
936 204 
938 533 
940 203 
948 793 
953 1927 
954 2284 
955 29 
958 63 
961 2297 
964 57 
966 58 
974 862 
977 65 
980 86 
980 95 
985 265 
987 975 
989 161 
990 131 
991 1593 
991 659 
991 217 
994 1972 
1006 560 
1007 139 
1008 10228 
1017 1055 
1021 4821 
1027 1322 
1028 158 
1028 1575 
1028 13 
1029 1210 
1034 2323 
1043 2179 
1043 1324 
1048 33 
1048 921 
1049 1210 
1053 80 
1061 988 
1062 1452 
1077 3661 
1087 16 
1089 1238 
1093 438 
1093 1845 
1094 157 
1096 2439 
1100 36 
1103 949 
1103 709 
1104 756 
1106 1308 
1114 158 
1116 675 
1119 338 
1123 593 
1127 1267 
1135 2439 
1139 50 
1142 348 
1143 499 
1151 299 
1157 34 
1158 301 
1170 38 
1170 297 
1188 1749 
1190 75 
1206 154 
1212 1187 
1213 101 
1213 425 
1220 3283 
1220 849 
1222 1098 
1230 375 
1232 26 
1239 753 
1246 57 
1252 153 
1253 22 
1257 273 
1267 193 
1272 1985 
1275 184 
1285 17 
1285 170 
1287 155 
1293 21 
1294 1937 
1303 167 
1305 610 
1311 253 
1312 1135 
1313 202 
1319 109 
1321 2257 
1334 130 
1336 31 
1339 1057 
1344 3395 
1372 75 
1376 1861 
1384 108 
1387 216 
1392 370 
1393 25 
1396 249 
1400 500 
1401 73 
1412 64 
1415 944 
1418 406 
1423 46 
1425 359 
1429 1116 
1435 552 
1437 33767 
1440 2199 
1441 552 
1446 6870 
1455 756 
1455 494 
1456 1019 
1458 130 
1469 348 
1480 13 
1488 51 
1496 252 
1496 15 
1501 432 
1501 1395 
1508 134 
1511 1229 
1522 573 
1524 1690 
1529 627 
1529 1789 
1530 989 
1541 657 
1547 344 
1553 183 
1554 3362 
1561 407 
1563 1668 
1570 300 
1572 736 
1573 450 
1583 370 
1588 1603 
1593 4591 
1594 531 
1596 2771 
1599 338 
1605 130 
1609 832 
1622 165 
1627 256 
1634 1119 
1637 263 
1637 148 
1643 1398 
1643 610 
1646 76 
1651 81 
1653 417 
1658 60 
1662 157 
1665 3782 
1672 61 
1677 2822 
1697 643 
1705 1413 
1720 24 
1727 2188 
1730 58 
1733 1316 
1736 1588 
1737 50 
1759 100 
1781 14 
1787 5 
1790 221 
1798 1318 
1803 1280 
1804 1659 
1816 1542 
1818 1525 
1820 288 
1855 1934 
1858 492 
1866 184 
1868 1365 
1869 92 
1876 39 
1879 1334 
1887 1153 
1902 88 
1907 679 
1914 438 
1916 731 
1917 35 
1923 1249 
1933 227 
1945 305 
1947 446 
1961 682 
1980 62 
2002 42 
2007 2353 
2013 378 
2029 1307 
2040 1550 
2053 750 
2065 51 
2075 2642 
2079 21 
2102 891 
2108 152 
2119 105 
2119 1492 
2137 403 
2139 174 
2145 36 
2175 673 
2181 44 
2186 1127 
2189 191 
2195 52 
2205 846 
2206 313 
2208 372 
2214 665 
2222 2789 
2225 436 
2226 24 
2236 442 
2255 42 
2258 419 
2272 2614 
2294 33 
2295 16 
2324 662 
2329 3438 
2331 329 
2336 170 
2341 1270 
2353 1139 
2374 143 
2398 160 
2398 32 
2417 770 
2435 3185 
2449 1415 
2462 344 
2474 2739 
2480 32 
2508 23 
2514 573 
2534 216 
2571 822 
2576 42 
2578 361 
2599 507 
2619 164 
2662 10 
2675 294 
2695 33 
2710 1287 
2725 74 
2777 24 
2783 25 
2791 180 
2839 369 
2950 177 
3030 29 
3089 32 
3091 242 
3183 1672 
3217 2691 
3220 69 
3233 89 
3348 314 
3353 222 
3408 1927 
3450 1612 
3462 1964 
3500 48 
3527 1015 
3603 955 
3726 136 
3727 904 
3971 245 
4363 44 
4478 815 
4658 2330 
4755 516 
4774 95 
4793 3874 
4803 1097 
4829 96 
4841 876 
4860 74 
4883 756 
4884 134 
4885 17 
4929 164 
4939 273 
4951 5 
4958 213 
4979 852 
4987 1167 
4990 1778 
4994 2811 
4999 442 
5010 42 
5059 305 
5076 77 
5079 1387 
5103 1608 
5106 858 
5146 37 
5146 1537 
5157 3635 
5166 1049 
5181 882 
5192 559 
5200 1377 
5225 114 
5236 692 
5243 285 
5250 752 
5251 11 
5271 2442 
5273 765 
5278 694 
5284 888 
5289 1193 
5298 19 
5300 4452 
5300 754 
5302 750 
5303 2189 
5308 1615 
5314 804 
5321 58 
5332 230 
5383 1387 
5389 2744 
5396 1936 
5400 1309 
5403 1123 
5404 596 
5405 3054 
5412 809 
5414 791 
5416 4411 
5420 201 
5424 1370 
5424 1646 
5429 772 
5432 474 
5435 1303 
5436 876 
5437 54 
5437 600 
5441 58 
5445 1656 
5449 1187 
5453 480 
5459 701 
5469 282 
5490 14 
5513 438 
5534 3672 
5542 362 
5554 1117 
5556 1511 
5564 56 
5570 993 
5574 1087 
5579 419 
5581 108 
5584 460 
5605 1090 
5606 2069 
5613 1115 
5629 89 
5637 347 
5638 1371 
5639 1233 
5645 29 
5653 741 
5661 718 
5662 323 
5662 621 
5662 210 
5668 934 
5675 85 
5698 717 
5704 1539 
5714 198 
5716 1456 
5736 2586 
5751 691 
5754 2010 
5775 114 
5776 508 
5781 70 
5791 590 
5807 470 
5817 425 
5817 1438 
5848 105 
5858 1010 
5869 707 
5875 13656 
5876 2305 
5877 607 
5880 3 
5892 353 
5897 280 
5901 1547 
5903 1820 
5906 609 
5914 130 
5932 162 
5933 722 
5954 436 
5956 19 
5959 490 
5988 1076 
6001 941 
6009 770 
6015 196 
6024 1394 
6038 8 
6046 1345 
6049 348 
6052 304 
6052 262 
6059 7761 
6059 9 
6081 2867 
6103 85 
6114 156 
6121 372 
6121 9513 
6127 19 
6137 366 
6147 48 
6149 673 
6161 1049 
6163 1359 
6173 3089 
6173 1625 
6177 500 
6184 573 
6186 1390 
6202 225 
6205 525 
6211 64 
6212 717 
6218 1033 
6223 136 
6225 1307 
6227 732 
6235 924 
6241 6351 
6244 860 
6250 3 
6265 1122 
6270 256 
6282 158 
6287 4719 
6290 770 
6292 1088 
6297 277 
6304 2843 
6313 6281 
6333 176 
6337 586 
6349 453 
6353 476 
6358 1181 
6362 595 
6365 291 
6366 54 
6368 129 
6374 295 
6397 138 
6398 107 
6400 22 
6412 105 
6415 354 
6415 696 
6454 687 
6462 218 
6468 15 
6479 5110 
6480 2029 
6488 525 
6492 876 
6504 716 
6511 162 
6530 618 
6550 1021 
6565 976 
6573 44 
6584 216 
6584 1481 
6617 193 
6628 1301 
6641 514 
6641 514 
6649 3442 
6649 3442 
6656 5230 
6656 5230 
6667 129 
6667 129 
6673 322 
6673 322 
6679 159 
6679 159 
6719 2152 
6742 883 
6751 596 
6761 242 
6763 562 
6813 1021 
6831 708 
6862 132 
6873 88 
6888 1240 
6909 73 
6915 1338 
6916 2604 
6917 1251 
6926 2978 
6926 1344 
6938 603 
6939 208 
6942 870 
6943 324 
6948 1395 
6963 1799 
6965 1162 
6966 2293 
6980 1025 
6993 48 
6996 1058 
6999 571 
7004 1300 
7022 830 
7029 415 
7045 9 
7053 1208 
7064 253 
7067 223 
7101 2184 
7114 1030 
7141 249 
7185 610 
7187 1374 
7200 803 
7223 745 
7244 1374 
7248 203 
7253 1108 
7255 465 
7262 175 
7263 4521 
7264 192 
7269 119 
7296 1048 
7366 156 
7373 904 
7376 1841 
7390 45 
7423 86 
7441 737 
7476 1433 
7495 99 
7508 62 
7521 748 
7532 1101 
7536 2681 
7550 1787 
7591 859 
7604 228 
7607 843 
7613 784 
7621 102 
7621 3641 
7626 1782 
7628 538 
7643 1174 
7660 4227 
7661 115 
7662 750 
7667 457 
7674 821 
7695 2844 
7720 724 
7727 186 
7728 320 
7751 147 
7786 7306 
7814 142 
7822 1504 
7828 1133 
7833 2083 
7862 273 
7862 474 
7865 945 
7870 1754 
7887 327 
7896 787 
7913 10 
7916 660 
7918 35 
7924 931 
7934 769 
7934 23 
7934 590 
7971 66 
7989 403 
7995 440 
8100 2809 
8131 585 
8172 303 
8188 89 
8188 625 
8202 1790 
8214 311 
8227 1256 
8230 178 
8238 2012 
8244 886 
8248 122 
8275 1417 
8300 6416 
8315 59 
8320 232 
8322 5 
8344 1074 
8348 38 
8365 2736 
8422 3948 
8433 705 
8444 762 
8459 1628 
8475 615 
8482 917 
8495 474 
8513 1036 
8542 58 
8574 870 
8627 40 
8665 7 
8674 1661 
8675 387 
8693 70 
8713 3208 
8729 424 
8733 2036 
8775 1048 
8821 357 
8827 552 
8833 1617 
8870 3206 
8902 81 
8925 1269 
8928 706 
8931 178 
8960 1247 
8963 1410 
8984 233 
9035 1232 
9039 2356 
9039 323 
9068 1225 
9069 832 
9071 348 
9076 475 
9084 594 
9087 777 
9089 93 
9107 3440 
9107 20 
9118 526 
9127 538 
9166 912 
9167 1992 
9171 339 
9172 60 
9185 312 
9206 1647 
9208 3638 
9213 1913 
9231 13 
9242 955 
9243 399 
9247 59 
9249 930 
9251 163 
9255 1818 
9265 252 
9282 185 
9292 1283 
9301 297 
9303 6 
9310 576 
9313 141 
9315 1024 
9318 233 
9335 399 
9338 2247 
9374 357 
9375 474 
9376 3358 
9390 105 
9406 29 
9415 950 
9416 271 
9425 8508 
9435 1581 
9445 394 
9445 10 
9465 153 
9469 8698 
9493 406 
9511 28 
9523 242 
9563 520 
9603 309 
9619 129 
9636 362 
9643 128 
9647 16807 
9651 1087 
9652 1974 
9655 179 
9659 40 
9670 872 
9675 2111 
9682 210 
9693 2533 
9695 197 
9699 187 
9705 353 
9706 157 
9729 28 
9738 172 
9764 348 
9764 7128 
9774 1103 
9801 397 
9806 474 
9824 113 
9851 15659 
9857 1307 
9870 1256 
9872 163 
9876 599 
9892 1450 
9906 1665 
9920 251 
9921 983 
9923 180 
9934 98 
9954 571 
9961 540 
9970 441 
9973 1357 
9977 476 
9977 187 
10009 4087 
10030 240 
10056 502 
10058 235 
10060 12608 
10069 502 
10107 2711 
10110 44 
10130 634 
10134 1237 
10142 756 
10146 401 
10162 714 
10164 219 
10173 133 
10174 1866 
10176 295 
10181 49 
10185 1140 
10185 156 
10188 11 
10192 338 
10267 249 
10306 184 
10322 0 
10392 76 
10438 1892 
10458 393 
10460 362 
10491 1371 
10496 125 
10499 1283 
10511 1721 
10540 256 
10543 1409 
10553 317 
10557 843 
10582 2399 
10607 1540 
10613 135 
10668 37 
10683 793 
10708 403 
10755 504 
10876 87 
10877 675 
10942 268 
10953 991 
10958 166 
10969 5683 
10975 838 
10982 700 
10989 1362 
10990 572 
10991 1943 
11001 667 
11049 102 
11064 984 
11145 793 
11194 921 
11220 1309 
11229 440 
11229 602 
11249 801 
11251 42 
11257 2391 
11266 158 
11348 326 
11369 1979 
11387 161 
11417 1382 
11450 837 
11473 860 
11497 328 
11513 411 
11516 45 
11517 445 
11566 1246 
11574 768 
11577 771 
11587 27 
11596 942 
11604 829 
11634 1327 
11662 931 
11665 1714 
11672 16 
11678 421 
11698 614 
11705 131 
11720 1084 
11741 312 
11743 183 
11750 1377 
11751 2458 
11766 1936 
11771 1111 
11779 1629 
11783 2523 
11791 708 
11796 1487 
11800 346 
11800 1074 
11811 1363 
11839 106 
11948 943 
11964 48 
11965 198 
11971 167 
11974 3850 
11977 1360 
12040 489 
12056 2540 
12074 3341 
12079 385 
12096 475 
12110 225 
12116 497 
12174 685 
12176 1153 
12190 316 
12192 1074 
12215 1023 
12226 69 
12230 1565 
12249 882 
12249 953 
12251 2782 
12271 739 
12277 124 
12305 1128 
12311 389 
12324 211 
12324 84 
12348 149 
12349 265 
12358 826 
12363 95 
12409 666 
12437 23 
12472 368 
12473 395 
12476 1584 
12498 743 
12499 566 
12511 355 
12552 583 
12555 817 
12558 679 
12593 626 
12598 208 
12609 643 
12612 275 
12613 89 
12629 403 
12646 159 
12668 1547 
12687 9 
12698 424 
12710 528 
12733 355 
12790 117 
12814 7506 
12844 2244 
12852 1206 
12855 1156 
12863 2307 
12869 2429 
12876 923 
12923 1270 
12931 504 
12947 4635 
12955 73 
12972 936 
12975 885 
12980 550 
12991 999 
12996 285 
13013 1072 
13016 918 
13025 134 
13038 163 
13060 283 
13099 749 
13113 612 
13130 348 
13135 1762 
13145 631 
13194 937 
13196 28 
13203 232 
13207 1801 
13214 365 
13225 101 
13226 1796 
13253 1328 
13258 255 
13259 713 
13267 1345 
13272 3637 
13273 5 
13293 1026 
13295 864 
13297 1167 
13301 16119 
13308 122 
13309 1522 
13357 104 
13376 262 
13384 1513 
13403 1 
13404 318 
13417 1578 
13429 468 
13440 209 
13444 836 
13450 2308 
13452 262 
13476 275 
13483 241 
13489 560 
13492 3065 
13503 47 
13516 225 
13530 1341 
13538 1458 
13567 1694 
13572 105 
13610 1804 
13611 190 
13660 1286 
13673 7 
13689 5627 
13705 473 
13742 249 
13748 374 
13757 1474 
13761 1517 
13779 108 
13804 754 
13820 2116 
13828 635 
13844 1211 
13865 355 
13865 4594 
13870 1413 
13914 430 
13918 255 
13922 256 
13931 194 
13948 57 
13975 10 
14049 1413 
14056 336 
14061 1338 
14102 292 
14105 1154 
14115 19 
14130 31 
14133 161 
14147 312 
14171 53 
14171 228 
14213 798 
14256 168 
14293 351 
14457 25 
14462 775 
14518 4711 
14542 177 
14562 292 
14585 1470 
14587 772 
14588 327 
14597 283 
14598 279 
14617 1137 
14619 25 
14628 600 
14644 113 
14648 2871 
14657 910 
14680 985 
14703 2166 
14709 62 
14740 142 
14746 243 
14754 1198 
14765 491 
14790 160 
14793 994 
14800 272 
14815 1144 
14817 306 
14829 876 
14925 186 
14940 351 
14950 594 
14974 599 
14977 256 
15006 507 
15054 443 
15087 1795 
15088 997 
15099 15 
15109 644 
15167 91 
15175 178 
15175 596 
15177 2458 
15185 79 
15190 838 
15192 1191 
15196 1994 
15208 463 
15220 1447 
15232 992 
15235 2328 
15259 436 
15263 95 
15269 223 
15276 169 
15286 515 
15289 645 
15293 33 
15296 904 
15311 177 
15330 1227 
15333 1226 
15343 1762 
15350 1506 
15352 1736 
15401 933 
15412 528 
15419 1134 
15437 727 
15461 945 
15471 277 
15480 1359 
15488 646 
15504 536 
15532 67 
15565 7 
15597 1038 
15618 735 
15684 618 
15691 12 
15730 963 
15730 1099 
15807 626 
15831 86 
15848 507 
15890 100 
15922 1949 
15962 1119 
16034 3425 
16040 2444 
16060 253 
16062 432 
16071 323 
16085 452 
16112 3194 
16125 149 
16135 480 
16138 163 
16147 386 
16149 293 
16309 1003 
16336 115 
16338 421 
16413 207 
16437 1911 
16450 204 
16459 586 
16459 482 
16503 3058 
16528 725 
16582 1680 
16613 155 
16819 704 
16848 62 
16857 820 
16896 3064 
16925 725 
16989 723 
17030 503 
17059 217 
17130 628 
17134 594 
17378 1193 
17405 185 
17412 260 
17454 564 
17462 965 
17486 1435 
17518 590 
17581 484 
17624 107 
17860 1062 
17931 19 
17962 513 
17969 676 
18033 556 
18090 726 
18104 77 
18211 364 
18301 1386 
18316 687 
18362 1159 
18367 2820 
18404 629 
18413 56 
18413 270 
18418 17472 
18430 402 
18436 646 
18436 656 
18443 87 
18444 289 
18449 1588 
18450 72 
18456 53 
18456 357 
18461 122 
18464 82 
18468 1574 
18469 106 
18476 968 
18485 176 
18495 528 
18503 127 
18508 322 
18509 867 
18511 915 
18511 69 
18512 2141 
18516 247 
18521 106 
18522 120 
18522 31 
18526 974 
18549 239 
18566 223 
18575 169 
18588 948 
18589 75 
18592 328 
18592 525 
18598 303 
18604 1268 
18632 119 
18640 2428 
18681 672 
18685 367 
18730 380 
18733 20 
18735 1686 
18748 300 
18749 307 
18774 475 
18781 556 
18807 365 
18842 147 
18856 1893 
18869 440 
18876 25 
18924 401 
18930 1083 
18959 291 
18976 198 
19035 1008 
19055 177 
19061 2567 
19093 30 
19098 145 
19163 296 
19202 331 
19229 709 
19252 566 
19252 15 
19256 493 
19283 710 
19285 280 
19319 267 
19359 780 
19383 7445 
19392 1330 
19413 47 
19422 1217 
19425 3 
19485 865 
19489 1653 
19491 64 
19520 821 
19585 356 
19621 516 
19621 246 
19649 118 
19666 562 
19667 252 
19676 245 
19685 7 
19710 277 
19790 137 
19825 96 
19831 429 
19864 100 
20048 2756 
20055 716 
20064 883 
20133 61 
20189 391 
20213 2825 
20244 332 
20284 206 
20324 343 
20387 515 
20406 2278 
20459 136 
20466 231 
20471 6 
20477 86 
20487 353 
20498 5169 
20514 1386 
20514 365 
20555 58 
20555 1093 
20587 1689 
20602 12 
20618 1494 
20706 554 
20753 1520 
20780 149 
20810 3876 
20859 560 
20958 6 
21140 1456 
21142 775 
21158 247 
21163 5765 
21165 1629 
21181 924 
21192 658 
21279 162 
21279 2062 
21294 159 
21298 349 
21325 816 
21493 1482 
21544 647 
21549 674 
21549 1002 
21601 3021 
21607 571 
21617 106 
21658 56 
21661 48 
21693 182 
21705 117 
21719 506 
21747 88 
21761 405 
21778 286 
21786 1804 
21791 1824 
21791 1036 
21795 2468 
21810 328 
21857 377 
21945 612 
21946 215 
21991 44 
22012 1059 
22025 498 
22163 484 
22303 1100 
22443 124 
22490 586 
22505 1507 
22608 1380 
22639 7 
22672 32 
22889 437 
22979 233 
22999 1545 
23000 444 
23045 508 
23061 821 
23072 694 
23076 2789 
23082 109 
23165 284 
23176 1828 
23212 136 
23213 313 
23238 413 
23252 12430 
23262 3508 
23270 201 
23275 670 
23279 182 
23289 267 
23292 581 
23301 801 
23302 462 
23303 52 
23340 911 
23344 105 
23345 432 
23350 606 
23355 43 
23392 3089 
23406 359 
23407 658 
23422 312 
23456 42 
23458 956 
23461 184 
23471 258 
23478 711 
23497 37 
23497 581 
23512 203 
23517 340 
23526 2520 
23528 36 
23529 1331 
23533 117 
23534 195 
23541 73 
23573 336 
23604 502 
23649 26 
23651 188 
23670 918 
23765 189 
23858 812 
23872 179 
23881 1748 
23950 6265 
23959 46 
23961 1460 
23967 266 
23967 265 
23967 2058 
23968 1340 
23971 78 
23971 314 
23979 0 
24021 833 
24024 181 
24031 178 
24039 118 
24082 551 
24098 660 
24129 188 
24130 2108 
24182 1347 
24186 560 
24202 267 
24284 951 
24328 456 
24347 132 
24387 990 
24559 91 
24667 13406 
24900 1143 
24904 92 
25015 1225 
25073 1122 
25094 313 
25106 128 
25113 667 
25127 985 
25142 220 
25154 49 
25156 1005 
25182 667 
25213 431 
25246 301 
25261 2993 
25284 1180 
25320 242 
25320 1902 
25378 172 
25394 1455 
25397 2678 
25417 900 
25434 1910 
25434 225 
25488 300 
25504 72 
25505 454 
25514 2366 
25578 49 
25606 689 
25651 2167 
25659 1270 
25661 621 
25699 309 
25700 132 
25729 212 
25793 136 
25794 395 
25830 91 
25922 349 
25940 128 
25982 444 
25988 197 
25996 1460 
26027 129 
26031 237 
26060 1369 
26083 78 
26087 2379 
26117 673 
26128 44 
26133 3070 
26161 286 
26173 459 
26205 346 
26221 650 
26235 482 
26270 534 
26302 377 
26328 268 
26333 692 
26335 433 
26339 562 
26365 108 
26374 1066 
26387 396 
26509 116 
26522 220 
26601 96 
26674 588 
26690 565 
26692 738 
26778 2958 
26802 1342 
26875 207 
26962 121 
27057 719 
27128 490 
27153 623 
27253 1094 
27307 76 
27322 462 
27341 402 
27347 1528 
27358 1532 
27387 883 
27433 983 
27477 633 
27521 966 
27660 1711 
27850 8 
28027 144 
28043 366 
28148 18 
28171 335 
28202 743 
28238 3102 
28323 556 
28365 350 
28430 96 
28460 807 
28855 1958 
28935 94 
29030 490 
29202 29 
29224 25567 
29378 382 
29386 136 
29396 2858 
29411 410 
29422 137 
29425 2853 
29435 1261 
29466 991 
29467 1860 
29512 471 
29535 3520 
29542 363 
29562 4509 
29576 739 
29582 289 
29599 181 
29604 178 
29608 924 
29614 580 
29620 743 
29627 438 
29629 531 
29630 1375 
29632 362 
29636 1436 
29648 3129 
29661 709 
29736 1488 
29736 106 
29741 881 
29745 1143 
29756 1632 
29775 701 
29777 174 
29778 1766 
29819 405 
29826 258 
29892 364 
29962 146 
30100 171 
30241 364 
30246 155 
30261 130 
30279 765 
30292 179 
30334 100 
30444 47 
30529 1562 
30596 278 
30602 4451 
30630 64 
30630 150 
30632 87 
30634 796 
30645 1118 
30649 514 
30728 634 
30728 2574 
30746 916 
30770 267 
30844 97 
30847 1130 
30849 629 
30849 409 
30858 1044 
30865 186 
30884 895 
30890 150 
30898 220 
30899 1984 
30907 1073 
30907 431 
30909 1036 
30916 5045 
30925 6810 
30931 1495 
30934 87 
30938 117 
30939 63 
30944 206 
30959 503 
30975 1578 
30994 997 
31000 948 
31007 363 
31028 578 
31036 1400 
31040 2493 
31042 755 
31045 235 
31051 204 
31076 2048 
31078 817 
31088 1342 
31097 10153 
31099 1214 
31164 547 
31171 425 
31172 345 
31180 124 
31186 81 
31197 162 
31199 47 
31211 89 
31216 443 
31262 153 
31265 199 
31287 1619 
31294 1505 
31308 3938 
31310 621 
31327 728 
31345 36 
31354 400 
31355 379 
31385 855 
31390 149 
31402 216 
31407 127 
31408 416 
31499 582 
31501 983 
31508 311 
31521 4292 
31535 557 
31545 2238 
31553 2020 
31560 1038 
31566 104 
31598 214 
31616 305 
31628 3057 
31633 867 
31653 216 
31691 202 
31692 3342 
31768 924 
31781 82 
31785 171 
31813 1809 
31833 65 
31845 613 
31869 497 
31869 330 
31891 762 
31910 62 
31912 1212 
31913 332 
31985 1067 
31988 101 
31998 1173 
32020 151 
32034 491 
32035 411 
32040 267 
32041 218 
32048 58 
32088 57 
32101 5772 
32102 476 
32111 3 
32113 1011 
32159 175 
32215 143 
32260 242 
32276 646 
32281 194 
32320 622 
32322 466 
32342 183 
32342 221 
32346 916 
32346 426 
32348 470 
32349 1167 
32362 2292 
32365 69 
32369 187 
32377 3647 
32389 1089 
32397 40 
32402 339 
32427 2481 
32441 891 
32458 175 
32485 14 
32639 169 
32644 48 
32673 375 
32703 99 
32709 1427 
32722 1500 
32774 1419 
32794 371 
32827 331 
32854 85 
32879 509 
32888 229 
32907 63 
32908 958 
32910 298 
32971 1017 
32981 1584 
32982 236 
33007 359 
33010 1070 
33035 1619 
33056 6349 
33071 266 
33079 123 
33081 58 
33089 2497 
33188 115 
33197 228 
33203 257 
33213 714 
33216 1068 
33220 314 
33229 107 
33371 306 
33405 228 
33437 61 
33486 1051 
33524 866 
33564 4435 
33567 1684 
33579 1489 
33629 1691 
33675 1540 
33702 3347 
33727 418 
33746 269 
33755 178 
33759 907 
33769 6239 
33774 1139 
33803 142 
33806 796 
33833 364 
33836 491 
33838 1364 
33873 1348 
33880 655 
33897 801 
33971 1047 
33993 1501 
34029 2052 
34047 224 
34050 751 
34066 309 
34082 408 
34093 220 
34107 230 
34111 2555 
34112 228 
34132 732 
34140 1265 
34144 1265 
34146 689 
34157 177 
34182 1053 
34187 105 
34189 698 
34207 83 
34225 975 
34236 10 
34324 286 
34335 27 
34337 901 
34356 1072 
34427 1595 
34440 636 
34451 348 
34481 3221 
34489 41 
34514 88 
34526 5571 
34530 26 
34540 243 
34552 379 
34555 498 
34567 415 
34570 134 
34581 961 
34583 96 
34583 1167 
34633 2391 
34638 1051 
34680 106 
34686 202 
34741 1274 
34757 1874 
34873 145 
34876 520 
34895 827 
34897 855 
34904 1122 
34948 5 
34990 1074 
35065 1118 
35087 660 
35133 63 
35133 397 
35166 721 
35177 1708 
35208 469 
35226 391 
35270 1244 
35311 136 
35321 3226 
35324 373 
35344 108 
35371 466 
35381 583 
35388 222 
35396 961 
35439 389 
35439 831 
35442 2030 
35469 320 
35486 231 
35502 112 
35514 830 
35521 3259 
35544 418 
35555 220 
35563 197 
35567 2041 
35572 2232 
35583 1222 
35593 189 
35597 1297 
35605 412 
35641 401 
35646 145 
35647 1518 
35726 6 
35760 136 
35765 1642 
35803 1861 
35808 1815 
35861 11947 
35869 124 
35884 735 
35890 2929 
35890 981 
35911 469 
35916 306 
35917 137 
35918 121 
35927 669 
35931 3299 
35934 231 
35944 104 
35951 1387 
35964 953 
35990 983 
36001 538 
36008 528 
36009 90 
36013 811 
36018 138 
36038 201 
36038 101 
36055 55 
36063 2340 
36074 118 
36084 2144 
36106 244 
36108 50 
36113 3406 
36115 769 
36161 499 
36174 276 
36176 237 
36181 1455 
36188 121 
36191 172 
36208 61 
36224 1606 
36236 1294 
36245 322 
36251 443 
36260 86 
36286 1098 
36315 1496 
36323 623 
36343 203 
36354 73 
36401 129 
36406 164 
36410 2210 
36422 1140 
36460 85 
36476 70 
36523 79 
36525 1200 
36530 183 
36553 1057 
36567 535 
36574 157 
36587 544 
36623 172 
36626 1295 
36665 335 
36725 617 
36732 92 
36743 908 
36755 105 
36804 1146 
36886 1131 
36886 1131 
36905 825 
36905 825 
36968 939 
37024 1065 
37035 69 
37037 716 
37100 82 
37120 486 
37155 543 
37190 91 
37205 976 
37221 3536 
37227 5426 
37232 2966 
37237 341 
37252 166 
37255 2338 
37256 636 
37291 2028 
37300 2153 
37303 96 
37316 3107 
37318 1366 
37330 901 
37354 421 
37358 2315 
37376 555 
37395 4330 
37412 273 
37417 227 
37432 795 
37470 144 
37503 850 
37509 613 
37512 86 
37534 1381 
37541 1288 
37548 161 
37558 280 
37604 438 
37626 13 
37695 451 
37702 2830 
37803 503 
37893 1317 
37903 931 
37907 67 
37961 249 
37971 389 
38048 158 
38056 610 
38136 176 
38139 536 
38148 646 
38195 421 
38199 273 
38201 954 
38204 656 
38207 1309 
38227 313 
38299 1567 
38415 3146 
38439 2217 
38448 148 
38469 17 
38488 6525 
38503 1329 
38528 1135 
38541 675 
38559 570 
38562 258 
38589 111 
38662 390 
38697 233 
38708 77 
38806 259 
38954 409 
38968 2160 
39013 210 
39016 251 
39044 1207 
39234 160 
39302 27 
39355 265 
39437 162 
39438 605 
39450 2261 
39466 1245 
39472 14 
39551 562 
39611 783 
39625 924 
39628 296 
39681 755 
39713 1129 
39735 275 
39827 238 
39897 282 
39919 1670 
39963 5546 
39997 333 
40027 1284 
40174 487 
40490 528 
40544 1512 
40545 995 
40559 2599 
40580 6130 
40599 251 
40607 6336 
40637 1782 
40645 350 
40662 1193 
40672 44 
40695 1042 
40702 1026 
40713 691 
40756 193 
40757 467 
40765 1734 
40784 229 
40806 542 
40811 452 
40830 48 
40833 1858 
40843 1071 
40846 1190 
40926 300 
40962 202 
41180 33362 
41201 18 
41205 877 
41208 77 
41216 175 
41232 184 
41239 392 
41240 36 
41245 400 
41256 150 
41256 1835 
41263 130 
41266 99 
41287 125 
41294 1858 
41308 523 
41383 1160 
41409 220 
41411 2384 
41433 216 
41471 2944 
41483 152 
41521 211 
41523 2623 
41530 2555 
41599 881 
41600 69 
41617 1756 
41647 155 
41665 109 
41703 859 
41712 112 
41727 1098 
42051 60 
42115 703 
42132 881 
42221 638 
42237 2070 
42287 544 
42428 280 
42517 238 
42666 109 
42882 179 
43114 1080 
43395 143 
43566 5672 
43609 120 
43680 418 
44185 373 
44256 42 
44267 784 
44272 1300 
44852 217 
44979 158 
45671 1248 
45929 187 
45958 5518 
46004 339 
46142 209 
46197 37 
46316 72 
46962 13 
47488 134 
47502 346 
47514 250 
47600 184 
47750 718 
48145 324 
48431 58 
48450 11313 
48523 485 
48703 696 
48924 168 
48975 4083 
48987 518 
49187 112 
50015 184 
50452 295 
50818 561 
50832 1 
51222 508 
51454 381 
52919 1298 
53154 1733 
53380 2416 
53404 1051 
53455 1388 
53484 449 
53491 814 
53551 874 
53584 47 
53606 173 
53807 315 
53867 710 
54503 1383 
54758 2585 
54944 4808 
55026 105 
55056 150 
55863 64 
58104 1613 
58160 679 
58242 534 
58322 832 
58335 429 
58438 84 
58506 730 
58561 151 
59711 936 
59740 182 
59746 1839 
59771 2046 
59788 327 
59796 911 
59796 8302 
59826 511 
59865 887 
59956 1591 
60157 5236 
60158 466 
60189 435 
60261 497 
60323 680 
60347 454 
60351 1019 
60412 1065 
60420 133 
60535 2912 
60546 179 
60693 997 
62081 719 
62307 79 
62655 2410 
62715 495 
63288 2167 
63332 853 
63534 137 
64125 1003 
64322 143 
64570 309 
64680 1639 
64734 3716 
64745 1477 
64757 1437 
64763 439 
64786 2288 
64802 912 
64815 1295 
64830 578 
64862 139 
64947 97 
65020 89 
66604 1973 
66713 870 
66810 176 
66813 254 
66833 233 
66836 1470 
66872 1035 
66875 1573 
66877 163 
66980 1199 
67030 228 
67072 2759 
67274 298 
67409 901 
67430 1202 
67446 718 
67509 1265 
67531 224 
67733 815 
67733 815 
67763 580 
67763 580 
67783 692 
67795 1270 
67813 48 
67822 349 
67831 11 
67840 626 
67854 1170 
67863 900 
67881 2061 
67892 2572 
67955 748 
68013 1295 
68018 673 
68056 1281 
68101 1915 
68132 1096 
68164 46 
68184 486 
68215 1849 
68230 735 
68249 1480 
68327 16 
68476 296 
68504 664 
68523 106 
68529 310 
68540 2240 
68763 26 
69055 1576 
69105 1306 
69114 1094 
69134 1236 
69144 1155 
69185 773 
69271 2710 
69274 95 
69280 433 
69285 359 
69315 3412 
69342 1183 
69358 1302 
69542 270 
69702 3763 
69715 5057 
69750 111 
69799 1126 
69814 1001 
70048 376 
70149 403 
70164 2 
70243 60 
70286 18 
70298 1827 
70373 97 
70489 614 
70609 49 
70695 1008 
70785 837 
70794 669 
70797 259 
70941 1069 
71201 6375 
71250 1737 
71258 3412 
71275 168 
71286 1178 
71292 537 
71350 559 
71352 379 
71401 189 
71479 1253 
71496 691 
71508 88 
71577 176 
71579 640 
71581 500 
71594 2156 
71605 727 
71651 747 
71689 251 
71827 197 
71867 624 
71903 109 
72076 49 
72079 739 
72106 1504 
72152 37 
72153 347 
72194 834 
72291 405 
72309 1653 
72317 978 
72328 106 
72330 700 
72334 272 
72346 98 
72351 751 
72356 135 
72384 167 
72420 771 
72465 682 
72570 241 
72583 77 
72631 1251 
72681 445 
72695 207 
72909 961 
72951 88 
72965 266 
73089 118 
73107 908 
73120 181 
73153 369 
73165 15 
73173 21 
73188 312 
73289 694 
73299 2902 
73354 600 
73368 3071 
73427 1122 
73616 74 
73616 237 
73619 3141 
73727 947 
73928 268 
74030 123 
74038 251 
74136 808 
74254 1916 
74268 138 
74276 372 
74363 149 
74466 253 
74601 247 
74623 1520 
74662 23557 
74678 956 
74747 175 
74755 801 
74757 568 
74765 178 
74767 257 
74768 101 
74775 209 
74782 28 
74788 690 
74799 765 
74810 1000 
74819 367 
74839 690 
74845 131 
74889 2289 
75122 92 
75260 165 
75360 4190 
75435 1898 
75435 92 
75465 348 
75520 38 
75586 164 
75604 254 
75678 1092 
75731 1410 
75750 1707 
75760 347 
75776 1075 
75783 1409 
75872 603 
76045 17 
76068 1127 
76080 1053 
76109 1066 
76118 602 
76193 120 
76208 31 
76255 363 
76361 1420 
76368 86 
76379 443 
76456 276 
76556 186 
76573 779 
76595 628 
76596 1458 
76759 398 
76830 190 
77080 1527 
77110 328 
77145 221 
77162 764 
77191 4061 
77196 57 
77267 766 
77291 626 
77297 317 
77312 1660 
77356 633 
77422 1655 
77422 72 
77437 1647 
77439 336 
77451 441 
77459 1406 
77500 382 
77514 764 
77811 3242 
77815 1279 
77853 835 
77961 700 
77979 70 
78011 1638 
78011 489 
78015 143 
78108 280 
78121 612 
78431 129 
78611 176 
78625 1030 
78634 246 
78684 456 
78790 13 
78849 767 
79056 3 
79086 1365 
79219 785 
79269 266 
79396 1250 
79407 546 
79409 163 
79426 1367 
79459 1123 
79469 348 
79494 588 
79563 1127 
79564 500 
79633 182 
79673 200 
79777 3929 
79786 89 
79792 934 
79808 12 
79814 350 
79834 3097 
79849 108 
79852 721 
79854 160 
79870 1601 
79884 35 
79896 137 
79909 318 
79916 107 
79918 260 
79919 277 
79925 843 
79994 546 
80014 71 
80014 2923 
80069 433 
80075 427 
80078 1358 
80093 1057 
80123 77 
80223 1783 
80243 323 
80264 125 
80271 3749 
80283 3207 
80310 20618 
80314 1579 
80323 237 
80323 17 
80335 1532 
80463 1044 
80476 227 
80497 599 
80512 498 
80524 7368 
80545 1201 
80634 170 
80652 659 
80695 1222 
80727 92 
81028 3262 
81096 1944 
81105 633 
81116 422 
81266 106 
81274 340 
81573 1399 
81679 94 
81742 622 
81891 691 
81945 865 
82115 1539 
82160 74 
82169 135 
82182 27 
82185 255 
82428 305 
82630 343 
82721 217 
82847 561 
83162 198 
83240 1118 
83261 1028 
83351 87 
83393 3401 
83482 697 
83552 2775 
83616 568 
83632 435 
83641 898 
83659 5964 
83712 552 
83814 226 
83830 282 
83894 1220 
83903 40 
83906 221 
83910 2152 
83959 62 
83982 198 
84057 967 
84237 1212 
84406 151 
84893 1888 
84900 439 
84920 1093 
84947 1350 
84957 542 
85120 77 
85162 3300 
85183 510 
85191 2374 
85229 5392 
85257 308 
85395 1881 
85441 470 
85688 636 
85782 60 
85784 89 
85813 989 
85853 325 
85854 334 
85961 1066 
86117 1331 
86171 673 
86227 14971 
86250 1088 
86256 2006 
86258 278 
86323 63 
86331 883 
86344 70 
86383 229 
86422 524 
86467 658 
86500 42 
86547 448 
86642 416 
86812 16 
86931 2814 
87018 448 
87048 451 
87091 1102 
87233 243 
87233 299 
87305 323 
88104 1043 
88104 736 
88114 1791 
88139 100 
88148 969 
88163 2257 
88187 189 
88198 178 
88247 271 
88366 121 
88373 2045 
88385 1011 
88455 838 
88576 1117 
88598 286 
88624 360 
88627 1161 
88785 898 
88816 384 
88818 393 
88821 66 
88970 547 
89003 173 
89193 452 
89240 374 
89291 105 
89309 247 
89450 399 
89459 126 
89494 60 
89736 897 
89788 2967 
90005 39 
90096 455 
90175 85 
90203 1318 
90215 818 
90364 25 
90384 1195 
90405 1105 
90425 234 
90759 58 
90949 81 
91289 104 
91355 625 
91442 127 
91479 559 
91509 353 
91529 1244 
91650 1574 
91657 362 
91663 937 
91823 211 
91861 111 
92112 3727 
92140 402 
92160 885 
92166 1276 
92173 319 
92323 1941 
92338 2229 
92436 2554 
92440 815 
92532 21 
92547 470 
92651 531 
92744 1198 
92812 169 
92819 348 
92850 447 
92926 322 
93077 401 
93127 71 
93205 934 
93349 2132 
93794 37 
93852 413 
94020 242 
94021 1521 
94036 325 
94044 1045 
94151 154 
94243 2719 
94289 51 
94327 112 
94380 211 
94517 102 
94535 785 
94553 615 
94569 610 
94570 433 
94584 2034 
94586 771 
94732 145 
94745 1715 
94884 314 
94908 33 
94946 287 
95066 1544 
95173 7451 
95179 155 
95192 538 
95211 134 
95222 306 
95227 112 
95227 1596 
95229 312 
95297 503 
95316 257 
95331 716 
95371 885 
95408 110 
95502 494 
95550 151 
95594 698 
95615 173 
95686 2319 
95725 228 
95726 837 
95728 13 
95849 1400 
95854 272 
95858 3526 
95868 226 
95889 952 
95907 111 
95916 687 
95938 1092 
95953 68 
96017 47 
96022 1259 
96123 3457 
96162 668 
96296 30 
96487 1214 
96755 319 
96785 2070 
96814 30 
97099 451 
97235 839 
97591 24 
97852 1048 
97891 1614 
97903 222 
98336 197 
98461 413 
98812 2099 
98871 670 
99046 1061 
99173 142 
99940 160 
99963 61 
100387 2481 
100527 1550 
101048 1266 
101066 323 
101106 1665 
101118 1336 
101438 233 
101653 3363 
101665 3933 
101680 527 
101699 82 
101781 288 
101783 2079 
101783 947 
102736 394 
102879 63 
102895 1132 
102898 1283 
103745 1528 
103929 211 
103952 144 
104355 616 
104595 1285 
104604 1470 
104902 187 
105074 313 
105111 195 
105329 240 
105410 1933 
105413 1751 
105430 93 
105436 287 
105446 403 
105452 1656 
105482 128 
105555 159 
105598 160 
105802 61 
105811 627 
106014 47 
106096 3075 
106275 421 
106324 1155 
106373 485 
106389 682 
106412 94 
106617 1023 
106678 62 
106692 123 
106748 68 
106857 67 
107097 234 
107435 1021 
107624 113 
107627 403 
107940 131 
107982 104 
108057 3501 
108294 954 
108386 73 
108536 1251 
108932 175 
109405 151 
109659 575 
109812 2299 
109922 512 
110329 304 
110833 155 
110948 1658 
111176 37 
111345 132 
111481 343 
111517 14 
111731 290 
112048 986 
112239 152 
112241 360 
112565 752 
112739 1760 
112979 843 
113000 454 
113074 59 
113111 1052 
113888 1529 
113971 88 
113980 647 
114079 2069 
114160 5595 
114234 118 
114325 2125 
114354 523 
114539 219 
114816 147 
114851 1260 
114871 341 
114950 368 
114979 355 
114994 114 
115040 99 
115087 83 
115096 382 
115144 1604 
115265 1517 
115638 81 
115659 633 
115958 61 
116013 1061 
116038 374 
116498 1065 
116505 23 
116630 449 
117250 335 
117306 703 
117921 464 
118124 1067 
118156 1215 
118169 4005 
118250 502 
118305 31 
118353 1517 
118639 117 
119063 242 
119324 2051 
119423 92 
119580 371 
119610 1902 
119633 288 
119645 1407 
119684 1042 
119939 23006 
119958 547 
119969 1846 
119977 152 
119982 36 
119993 571 
119995 262 
120000 87 
120007 79 
120015 513 
120021 472 
120021 166 
120031 1092 
120032 506 
120035 1002 
120039 903 
120045 684 
120055 194 
120067 304 
120074 159 
120080 79 
120090 249 
120121 1182 
120123 2899 
120187 63 
120189 295 
120194 455 
120209 180 
120216 1294 
120274 477 
120307 270 
120312 1311 
120330 1409 
120374 66 
120500 1190 
120523 293 
120633 149 
121386 106 
121876 149 
121952 652 
122191 455 
122786 1182 
122812 4144 
123575 537 
123965 456 
124830 107 
127047 620 
142347 922 
143094 846 
143184 968 
143912 166 
144805 49 
145552 1860 
147038 1624 
147085 68 
147111 167 
147117 805 
147219 1094 
147256 347 
147512 1076 
148197 420 
148414 1886 
148482 317 
148581 27 
150024 809 
150366 1823 
150627 859 
150885 625 
152305 1360 
152327 705 
152392 1312 
152459 3773 
152503 883 
152522 914 
153273 772 
153839 13 
154956 2116 
154966 258 
155008 5127 
155069 1361 
155257 70 
155297 1126 
155417 29 
155678 163 
155679 90 
155694 394 
155778 671 
156947 1920 
157064 1214 
157442 163 
159722 183 
159911 194 
161219 245 
163785 1106 
164346 400 
165248 246 
165751 141 
165848 696 
165886 327 
165888 1794 
166400 38 
166459 794 
166767 2265 
166815 450 
166871 630 
167593 212 
167646 103 
168146 163 
168712 1 
169458 26 
170399 1202 
170436 127 
170666 766 
170766 818 
170823 1040 
171000 113 
171170 45 
171580 179 
171803 130 
171885 244 
172851 359 
174010 1282 
174037 1113 
174152 258 
174224 785 
174713 277 
174788 8145 
175245 2665 
175302 168 
175766 2601 
175799 1781 
175873 1069 
175879 1055 
175901 917 
175907 2816 
175926 67 
175942 156 
175974 1862 
175998 897 
176236 686 
176451 399 
176688 77 
177511 132 
177684 1442 
177693 1330 
178278 3298 
178313 2617 
178370 463 
178502 1067 
178666 933 
178693 121 
178811 224 
178831 171 
178849 1455 
179000 999 
179303 415 
179360 849 
179549 130 
180324 404 
180444 147 
180458 50 
180514 1031 
180799 1617 
181062 26 
181132 1004 
181286 1743 
181325 2503 
181366 1009 
181376 370 
181502 158 
181519 341 
182361 503 
184427 63 
184451 242 
184580 344 
184656 119 
185209 16 
185691 117 
187290 890 
187365 221 
187506 112 
187676 645 
187688 1351 
188117 647 
188138 438 
188175 864 
188474 902 
188483 1025 
188549 208 
188559 742 
189495 1452 
190044 876 
190066 3190 
190081 4384 
190137 407 
190142 382 
190148 587 
190311 324 
190594 405 
190704 575 
190809 257 
191091 247 
191206 1296 
191515 1439 
191531 828 
191725 2400 
191742 269 
191916 451 
191965 492 
191979 314 
192417 2208 
192715 216 
192733 420 
195146 4203 
195178 386 
195240 485 
195293 52 
195321 193 
195402 2345 
195432 731 
195457 292 
195483 432 
195608 606 
195974 980 
196020 1174 
196328 228 
196332 793 
197923 38 
198165 268 
198552 222 
198727 1277 
198768 554 
198787 6 
198788 1672 
198804 743 
198814 1830 
198841 121 
198942 692 
198944 59 
198946 541 
198997 35 
199117 162 
199134 518 
199310 34 
199331 619 
199458 116 
199465 648 
199633 395 
200465 1879 
200533 137 
200536 939 
200537 427 
200582 380 
200588 805 
200734 1072 
200742 150 
200790 501 
200798 452 
201008 503 
201577 171 
201637 187 
201791 120 
201845 193 
201845 284 
201851 181 
201853 104 
201874 786 
201886 1444 
202031 92 
202043 32 
202094 1677 
202148 158 
202157 558 
202669 207 
202684 140 
202727 161 
202839 151 
204547 178 
204674 183 
204966 3486 
205048 717 
205092 726 
205999 1146 
206450 70 
206627 1021 
206789 1062 
207551 22 
207839 368 
208011 646 
208144 1046 
210232 193 
210875 984 
225912 123 
231006 165 
231904 643 
236584 205 
242853 30 
244333 358 
244346 176 
245001 2300 
245142 122 
245319 137 
245440 13 
249967 973 
249994 419 
251164 331 
253300 903 
254343 2194 
254439 48 
256049 805 
256828 975 
258576 570 
258889 98 
260425 1299 
260813 4 
261248 83 
261865 773 
262060 1231 
262667 510 
262830 1109 
263684 190 
265505 583 
266004 491 
266081 1089 
266094 2899 
266108 329 
266198 828 
266340 460 
266369 117 
266814 612 
267050 1186 
268290 325 
269626 275 
270239 848 
270900 817 
270949 581 
271275 1291 
271594 493 
271799 4602 
271804 794 
273311 177 
273629 1134 
273736 1093 
273743 124 
273757 884 
273758 1217 
274035 707 
274156 663 
274819 152 
274825 955 
275643 2209 
275823 1139 
275873 1841 
276328 5147 
276352 111 
276572 149 
276588 288 
276887 2327 
276904 8198 
276916 1664 
276946 910 
276954 1602 
276975 1233 
276988 404 
277003 801 
277005 711 
277095 1260 
277111 7847 
277150 413 
277185 570 
277187 8 
277197 3272 
277296 206 
277307 5 
277309 4056 
277555 533 
277726 195 
277880 863 
279319 548 
280027 89 
280347 1133 
280348 553 
280351 2296 
280370 218 
280373 1614 
280400 35 
280401 50 
280480 90 
280505 383 
280546 674 
280887 75 
281308 141 
282553 578 
283950 207 
284918 267 
285216 122 
286048 132 
286548 133 
286606 142 
286624 1246 
286893 408 
287088 104 
287718 1377 
289563 1789 
289750 797 
289764 193 
289810 109 
289841 1334 
290028 883 
290030 798 
290360 2251 
290942 445 
290947 201 
290959 68 
292852 1232 
292896 1025 
295801 570 
302635 771 
323151 349 
324511 2463 
330391 1119 
330641 187 
333688 235 
334254 192 
338518 203 
341668 386 
341709 1993 
344115 78 
347215 487 
348012 641 
350727 681 
350822 279 
350887 1029 
351131 100 
351213 708 
351231 1514 
351246 1331 
351255 31 
351282 1436 
351458 408 
351766 820 
351971 208 
352104 1463 
354177 26 
354416 5991 
354485 107 
357333 261 
357360 178 
357517 27 
357750 3184 
359790 272 
361143 779 
361507 1086 
361644 187 
361759 255 
362021 749 
362415 285 
364808 791 
364903 69 
364914 2316 
364929 381 
365246 696 
365440 1508 
365440 75 
365470 234 
365483 487 
365547 338 
365636 1715 
365950 113 
366100 718 
366114 62 
366286 791 
366914 791 
367000 146 
367696 530 
368552 156 
368799 153 
368843 413 
371469 330 
372879 338 
375483 603 
377228 110 
377244 1653 
377273 2157 
377297 704 
377629 2416 
377681 36 
377777 1244 
377817 1062 
377830 11431 
377854 38 
377886 22 
378573 186 
380014 48 
380530 5751 
380540 4724 
380568 1183 
380577 1065 
380748 2671 
380854 1397 
380910 99 
381040 537 
383157 1230 
395507 15 
411712 652 
415393 237 
419333 634 
419995 686 
422133 1041 
422150 678 
424121 1005 
424835 293 
424858 1455 
424953 2256 
425869 666 
427274 63 
430393 415 
430596 926 
430957 217 
433539 109 
434039 259 
434378 11 
435064 232 
436677 181 
437657 271 
437918 364 
438807 86 
440959 1055 
442528 430 
442647 617 
442678 1271 
443514 260 
446523 2002 
446738 33 
448294 231 
449347 131 
450679 63 
450901 1164 
450910 4184 
450925 585 
450951 771 
450971 67 
450983 1814 
451010 106 
451041 97 
451054 17 
451066 132 
451074 554 
451074 628 
451103 1223 
451107 851 
456396 184 
457961 1291 
461464 634 
472563 106 
495634 564 
498672 348 
501862 974 
501915 1175 
513341 113 
518490 1387 
523866 934 
523891 1504 
524393 408 
530493 324 
535389 1458 
538766 3967 
538791 2609 
538810 131 
538834 1135 
539085 83 
539153 32 
540158 372 
540310 48 
549207 169 
549228 124 
549436 1178 
551911 38 
551931 1093 
554024 1683 
565460 2330 
590754 2655 
597784 1277 
599049 552 
603418 1433 
