6745 9.09393518519
0 13453350 
3 3596 
7 3460 
7 243 
8 347 
8 1036 
9 1499 
9 404 
10 122 
10 166 
10 1177 
10 398 
11 448 
11 99 
11 290 
11 228 
12 1167 
12 406 
12 111 
12 1524 
13 60 
13 447 
13 323 
13 965 
13 339 
13 99 
13 1167 
14 4715 
14 354 
15 128 
15 328 
15 1378 
16 29 
17 707 
17 69 
17 76 
17 336 
17 2196 
17 218 
18 712 
18 145 
18 1274 
18 92 
18 335 
18 219 
19 2413 
19 177 
19 264 
19 521 
19 703 
19 440 
19 1657 
19 195 
19 13 
20 438 
20 93 
20 76 
20 1158 
20 17 
21 1120 
21 552 
21 44 
21 471 
21 282 
21 14 
21 1991 
21 1414 
21 99 
22 1207 
22 92 
22 5691 
23 133 
23 1387 
23 969 
23 1298 
23 1579 
23 178 
24 1229 
24 52 
24 36 
24 121 
24 1586 
24 645 
25 266 
25 160 
26 1178 
26 1943 
26 89 
26 1371 
26 323 
26 1263 
27 963 
27 189 
27 76 
27 1654 
27 438 
28 221 
28 624 
28 688 
28 561 
28 363 
28 1347 
28 72 
29 1544 
29 61 
29 124 
29 153 
30 50 
30 237 
30 231 
30 84 
30 3252 
30 1194 
30 828 
31 6369 
31 71 
31 3343 
31 661 
31 6738 
31 635 
31 80 
31 260 
32 88 
32 1185 
32 465 
32 125 
32 1581 
32 776 
32 236 
32 307 
32 33750 
32 574 
33 4600 
33 301 
33 259 
33 13 
33 205 
33 262 
33 990 
34 308 
34 225 
34 111 
34 635 
34 28 
34 340 
34 139 
34 892 
34 896 
34 991 
35 78 
35 602 
35 73 
35 6 
35 736 
35 656 
35 111 
35 681 
35 475 
36 1492 
36 6 
36 2149 
36 2389 
36 28 
36 972 
36 73 
36 157 
36 650 
36 785 
36 82 
36 1144 
36 932 
36 3378 
37 165 
37 614 
37 3950 
37 117 
37 204 
37 70 
37 1319 
38 450 
38 350 
38 183 
38 271 
38 15 
39 170 
39 1279 
39 10537 
39 1500 
39 63 
39 97 
39 236 
39 53 
40 475 
40 113 
40 6143 
40 858 
41 660 
41 1402 
41 2068 
41 92 
42 147 
42 185 
42 295 
42 253 
43 953 
43 796 
43 1226 
43 2626 
43 2108 
43 612 
43 171 
44 1488 
44 50 
44 1619 
44 486 
44 274 
44 568 
44 1006 
44 316 
45 317 
45 925 
45 271 
45 48 
45 2846 
45 69 
46 690 
46 287 
46 1101 
46 2424 
46 41 
46 1857 
47 41 
47 3335 
47 1069 
47 190 
47 719 
47 291 
47 189 
48 19 
48 317 
48 68 
48 776 
48 81 
48 113 
48 623 
48 574 
49 660 
49 259 
49 1234 
49 8 
49 49 
50 2963 
50 998 
50 370 
50 51 
50 47 
50 66 
51 143 
51 2141 
51 145 
51 524 
51 391 
51 752 
51 952 
51 134 
51 114 
51 491 
51 262 
51 7439 
51 2408 
52 387 
52 632 
52 168 
52 45 
52 109 
52 1139 
52 252 
53 409 
53 405 
53 141 
53 1461 
53 895 
54 1226 
54 113 
54 78 
55 7 
55 385 
55 1231 
55 39 
55 1857 
55 1082 
56 5 
56 758 
56 3 
56 309 
56 37 
56 209 
57 81 
57 540 
57 31 
57 96 
57 220 
58 392 
58 916 
58 273 
58 117 
59 395 
59 167 
59 132 
59 133 
59 186 
59 1897 
59 509 
60 1123 
60 987 
60 857 
60 26 
60 735 
60 717 
60 519 
60 86 
61 175 
61 3818 
61 150 
61 566 
61 1392 
61 85 
61 105 
62 0 
62 1437 
63 75 
63 41 
63 1400 
63 89 
63 177 
63 44 
63 239 
64 119 
64 1585 
64 31 
64 45 
64 187 
64 408 
64 799 
65 5595 
65 763 
65 424 
66 1649 
66 30 
67 1823 
67 994 
67 300 
67 451 
68 142 
69 389 
69 7 
69 150 
69 28 
69 50 
69 235 
69 675 
69 164 
69 160 
70 709 
70 132 
70 284 
70 964 
70 674 
70 568 
70 2244 
71 1039 
71 706 
71 321 
71 2264 
71 49 
71 9529 
71 4195 
72 248 
72 39 
72 532 
72 668 
72 179 
72 566 
72 1069 
73 2972 
73 211 
73 29 
73 1560 
73 28 
73 72 
73 866 
74 126 
74 64 
74 109 
74 72 
74 206 
74 152 
75 90 
75 38 
75 211 
75 262 
75 7764 
75 2383 
75 166 
75 3243 
75 1191 
75 14 
76 88 
76 611 
76 3391 
76 317 
76 1378 
76 582 
76 99 
76 74 
77 230 
77 207 
77 252 
77 501 
77 2337 
77 1178 
77 1908 
77 37 
78 1675 
78 58 
78 237 
78 126 
78 52 
78 570 
79 87 
79 26 
79 175 
79 557 
79 76 
79 45 
80 162 
80 593 
80 29 
80 782 
80 295 
80 1030 
80 306 
80 1120 
81 381 
81 106 
81 300 
81 1165 
81 4572 
81 8 
82 579 
82 47 
82 97 
82 1268 
82 23 
82 209 
82 527 
82 1764 
82 13 
82 462 
82 784 
83 38 
83 71 
83 172 
83 1986 
83 87 
83 687 
83 1438 
84 270 
84 959 
84 623 
84 1252 
84 784 
85 309 
85 660 
86 412 
86 1718 
86 3319 
86 247 
86 80 
87 64 
87 194 
87 614 
87 10 
87 87 
87 62 
88 1762 
89 1211 
89 79 
89 401 
89 2178 
89 213 
90 789 
90 31 
90 21 
90 141 
91 20 
91 331 
91 6 
91 142 
92 624 
92 298 
92 481 
92 136 
92 432 
92 6 
92 51 
93 64 
93 1097 
94 1117 
94 1174 
94 1626 
94 553 
94 165 
94 612 
94 1205 
95 82 
95 446 
95 132 
95 589 
96 2642 
96 207 
96 264 
96 86 
96 617 
97 646 
97 547 
97 44 
97 19 
152 197 
153 25 
153 6 
153 139 
153 198 
154 402 
154 43 
154 333 
154 1887 
155 1878 
155 762 
155 1579 
155 304 
156 172 
156 59 
156 115 
156 71 
156 139 
156 251 
157 167 
157 41 
157 419 
157 705 
157 93 
157 328 
158 129 
158 147 
158 4139 
158 293 
159 158 
159 231 
159 114 
159 233 
160 804 
160 2653 
160 350 
160 90 
160 150 
160 163 
160 340 
160 69 
160 79 
161 42 
161 243 
161 1487 
161 443 
162 147 
162 626 
162 191 
162 209 
163 661 
163 9346 
164 46 
164 374 
164 717 
165 678 
165 136 
165 144 
165 894 
166 11 
166 64 
166 15 
167 505 
167 28 
167 104 
167 5 
168 201 
168 59 
168 1033 
168 837 
169 55 
169 135 
169 809 
170 59 
170 613 
170 974 
171 189 
171 29 
171 204 
172 313 
172 115 
173 260 
173 136 
173 24 
173 127 
174 533 
174 351 
174 1262 
174 224 
176 382 
176 20 
177 1774 
177 712 
178 1268 
178 201 
179 23 
179 1148 
179 1328 
179 7 
179 249 
179 25 
179 4239 
179 1616 
180 96 
180 1545 
180 49 
180 138 
180 4 
180 8 
181 355 
181 46 
181 39 
182 274 
183 1874 
183 149 
183 39 
183 111 
184 7 
184 87 
184 576 
185 349 
185 31 
186 4 
186 862 
186 50 
186 235 
186 21 
186 1005 
186 644 
187 7 
187 431 
188 179 
188 91 
188 80 
188 2083 
188 37 
189 130 
189 1367 
189 347 
190 1154 
190 147 
190 1257 
190 1362 
190 20 
191 214 
191 3129 
191 8129 
191 1358 
191 147 
191 207 
191 1747 
192 153 
192 100 
193 102 
193 120 
193 19 
193 34 
193 941 
193 61 
193 312 
194 2 
194 89 
195 998 
195 199 
196 17 
197 1485 
197 148 
197 135 
197 839 
197 12 
199 139 
199 409 
199 19 
200 186 
200 29 
200 98 
200 8 
200 40 
200 166 
201 64 
201 993 
201 134 
201 78 
202 33 
202 0 
202 14 
202 7 
202 735 
202 255 
203 2404 
203 45 
203 367 
204 17 
204 178 
205 250 
206 265 
207 1084 
207 1168 
207 48 
207 78 
208 40 
208 264 
208 113 
208 31 
208 261 
209 28 
209 3091 
209 435 
210 125 
210 1268 
210 4792 
210 28 
210 167 
211 2 
211 266 
211 508 
211 179 
211 5414 
211 823 
212 3338 
212 2742 
213 608 
213 273 
213 33 
214 19 
214 77 
214 443 
214 356 
215 49 
215 156 
215 163 
216 41 
216 245 
217 154 
217 712 
217 190 
218 937 
219 568 
219 39 
220 2 
220 161 
220 257 
220 252 
221 48 
221 833 
221 340 
222 2133 
222 83 
223 475 
223 52 
223 30 
224 2554 
224 183 
224 893 
224 113 
224 2747 
225 56 
225 1777 
225 1422 
225 274 
226 31 
226 147 
226 549 
226 3220 
227 88 
227 69 
227 278 
227 1506 
227 420 
228 91 
228 29 
228 183 
229 263 
229 175 
230 87 
230 523 
231 1653 
232 219 
232 81 
232 16 
234 827 
234 363 
234 8 
234 7 
235 120 
235 7 
235 1617 
235 96 
236 77 
236 490 
237 157 
238 237 
238 1737 
238 1400 
238 45 
239 60 
240 720 
240 1277 
240 4532 
241 35 
241 744 
241 98 
241 808 
242 270 
242 249 
243 4670 
243 346 
243 28 
243 5556 
243 200 
244 12 
244 338 
244 657 
245 49 
245 347 
246 353 
247 521 
249 510 
249 21 
251 113 
251 88 
252 2693 
252 427 
253 113 
253 14 
254 3 
254 924 
254 64 
254 2016 
255 1146 
255 29 
255 1122 
256 468 
256 116 
256 209 
256 131 
256 333 
257 408 
257 93 
257 148 
257 156 
257 157 
257 110 
257 153 
258 629 
258 87 
259 553 
261 76 
261 419 
261 159 
262 1603 
263 30 
263 349 
263 109 
264 11937 
264 90 
264 19 
265 9446 
265 1161 
266 74 
266 571 
266 93 
268 278 
268 675 
268 136 
269 171032 
269 501 
269 136 
270 102 
270 1800 
270 3 
271 217 
271 6 
271 799 
271 22 
272 45 
272 46 
272 1130 
273 867 
273 391 
275 155 
276 45 
276 353 
276 149 
276 299 
276 924 
277 429 
277 229 
277 1627 
277 460 
277 65 
278 28 
278 647 
278 509 
278 4449 
279 15 
279 86 
280 1383 
281 229 
281 280 
282 1763 
283 15 
284 186 
284 1379 
284 3337 
284 480 
285 15 
285 1542 
285 169 
285 168 
286 46 
286 3209 
286 651 
287 197 
288 78 
288 186 
288 150 
288 2893 
289 53 
289 21 
289 108 
289 15 
289 161 
289 179 
289 922 
291 366 
291 413 
291 119 
292 1819 
292 985 
292 324 
294 8 
294 482 
294 218 
294 17 
297 157 
297 823 
297 129 
297 0 
298 150 
298 1095 
299 31 
299 4 
299 120 
300 34 
300 782 
300 946 
300 31 
301 1285 
301 174 
301 14 
301 2388 
301 72 
302 2 
303 580 
304 5279 
304 71 
305 247 
305 78 
305 143 
306 47 
308 12 
309 84 
310 1885 
311 319 
311 61 
311 717 
311 298 
311 46 
312 138 
313 220 
313 46 
313 1597 
314 184 
315 48 
315 699 
315 1136 
316 708 
317 2834 
317 40 
318 247 
318 105 
318 631 
319 320 
319 15 
319 113 
320 1327 
320 39 
321 1441 
321 369 
322 234 
322 2294 
322 250 
322 60 
323 197 
323 424 
324 154 
324 771 
325 110 
325 217 
325 378 
325 21 
326 278 
328 888 
328 103 
330 82 
330 28 
330 91 
330 19 
331 144 
331 526 
332 1221 
332 719 
333 47 
334 1506 
336 1120 
338 110 
339 60 
340 115 
341 786 
341 101 
342 6373 
342 56 
342 209 
343 345 
344 59 
345 100 
346 557 
346 1310 
347 158 
347 590 
348 211 
349 21 
349 23 
350 727 
350 41 
352 142 
352 153 
353 278 
353 21 
354 289 
356 88 
356 1032 
358 28 
358 13 
358 0 
358 136 
359 529 
359 105 
359 415 
359 236 
359 323 
360 37 
361 12 
361 171 
362 72 
362 364 
362 1444 
363 83 
363 3361 
363 22 
364 327 
364 1764 
364 98 
364 350 
365 49 
365 2236 
366 2564 
367 561 
367 2058 
367 118 
368 92 
368 23 
369 2057 
371 519 
371 1032 
372 300 
373 340 
373 284 
375 12 
375 21 
376 208 
378 115 
378 56 
378 856 
380 490 
381 601 
381 328 
383 113 
384 164 
385 535 
385 515 
386 209 
389 165 
389 10084 
390 322 
390 419 
391 3978 
391 7931 
392 217 
392 20 
392 440 
395 1310 
396 3966 
396 24 
397 1 
398 268 
398 678 
399 16 
400 253 
400 247 
402 803 
402 76 
403 259 
403 11 
404 116 
405 471 
406 3337 
407 1773 
407 431 
409 339 
409 54 
410 1339 
413 1901 
413 25 
413 205 
415 1022 
418 361 
422 1264 
423 1125 
423 126 
423 62 
424 1100 
426 148 
426 3183 
426 906 
428 6 
431 122 
431 140 
433 399 
434 693 
434 179 
435 416 
436 4 
436 169 
438 69 
438 946 
438 284 
441 44 
441 103 
442 389 
444 1240 
445 261 
451 46 
451 144 
451 4 
452 13 
453 309 
455 983 
455 2441 
455 429 
457 22 
457 117 
457 110 
457 375 
458 346 
459 62 
463 282 
466 575 
466 96 
467 587 
468 924 
469 306 
470 40 
471 434 
472 2468 
473 953 
475 1396 
479 7081 
479 443 
481 893 
482 1057 
483 259 
483 872 
485 751 
487 71 
489 1592 
489 810 
491 1425 
492 87 
493 43 
494 14 
495 477 
497 165 
500 378 
502 1670 
504 161 
506 5 
506 38 
506 896 
507 386 
508 911 
509 392 
510 1237 
512 153 
513 1262 
513 996 
513 505 
513 836 
514 420 
514 6 
515 43 
518 236 
521 76 
522 807 
526 179 
526 6818 
526 461 
526 591 
526 500 
527 128 
528 35 
528 1357 
531 74 
532 6556 
532 79 
533 1025 
536 94 
538 401 
539 1148 
540 195 
541 121 
542 153 
543 113 
544 446 
544 45 
545 39 
545 246 
602 551 
603 845 
603 711 
605 147 
606 461 
606 1804 
607 106 
608 853 
610 1261 
611 258 
614 117 
615 383 
616 993 
617 4 
619 116 
619 405 
622 188 
623 441 
624 10736 
626 75 
627 504 
628 157 
630 411 
631 4611 
633 9 
633 464 
637 99 
639 93430 
640 37 
641 367 
642 1861 
642 387 
644 444 
645 291 
645 1255 
646 10 
648 525 
648 227 
649 195 
650 77 
652 92 
653 221 
653 80 
654 10340 
657 1521 
658 346 
658 579 
659 238 
659 4 
660 385 
660 325 
661 225 
662 645 
663 32 
663 1179 
663 60 
667 61 
668 15201 
668 410 
670 128 
680 277 
682 764 
683 80 
688 854 
689 1135 
690 55 
691 240 
691 342 
693 5 
694 137 
694 495 
694 11 
696 7813 
697 100 
698 1152 
699 1204 
700 181 
704 218 
706 168 
708 303 
713 1582 
715 1515 
718 443 
720 2173 
721 127 
721 621 
721 83 
724 5 
725 2141 
726 2177 
727 1364 
730 204 
732 89 
735 1160 
739 111 
739 4608 
740 108 
741 0 
743 192 
748 399 
752 309 
753 1568 
754 1309 
755 1969 
756 218 
762 51 
763 946 
764 120 
764 209 
766 344 
766 197 
766 5879 
767 405 
768 101 
770 1236 
771 50 
771 98 
771 90 
779 98 
786 1664 
789 487 
789 89 
795 191 
796 99 
804 34 
805 510 
806 187 
808 409 
808 1309 
809 12 
814 147 
816 312 
817 1645 
821 1143 
823 616 
824 49 
825 195 
827 622 
827 1137 
827 116 
829 158 
834 770 
835 2391 
837 832 
838 256 
839 264 
840 701 
840 312 
841 23509 
842 134 
844 348 
846 202 
848 1958 
849 723 
849 131 
851 550 
852 2131 
855 13465 
855 343 
855 198 
855 48 
856 554 
860 2011 
861 646 
865 132 
865 440 
872 15 
872 740 
879 1434 
880 110 
883 599 
888 5550 
893 6260 
894 6014 
894 1095 
900 176 
901 623 
901 188 
902 16 
902 1574 
907 181 
907 945 
915 1239 
915 1279 
916 1058 
916 148 
916 261 
917 1138 
918 146 
924 1397 
925 222 
925 343 
925 68 
935 898 
938 194 
938 328 
942 6 
946 1376 
948 2369 
952 262 
955 482 
956 216 
959 50 
964 342 
968 121 
1024 682 
1028 104 
1032 728 
1035 51 
1036 16 
1039 501 
1042 417 
1042 450 
1043 161 
1044 21 
1045 1174 
1049 1387 
1058 109 
1062 507 
1063 32 
1066 114 
1069 662 
1069 502 
1073 362 
1075 423 
1078 139 
1078 8354 
1079 637 
1085 781 
1086 536 
1090 1268 
1092 769 
1093 240 
1096 26 
1097 327 
1100 1997 
1101 826 
1104 117 
1108 19 
1108 1391 
1108 405 
1111 186 
1116 98 
1125 1430 
1127 143 
1128 41 
1128 1211 
1130 1603 
1133 0 
1136 398 
1136 199 
1138 125 
1140 163 
1148 178 
1152 114 
1153 1508 
1155 1589 
1155 627 
1159 465 
1162 11562 
1162 951 
1164 1299 
1165 2041 
1173 44 
1174 262 
1175 418 
1175 2074 
1178 237 
1179 1248 
1188 66 
1189 319 
1193 846 
1195 86 
1196 221 
1197 1170 
1197 288 
1198 4 
1200 8 
1204 43 
1209 25 
1214 1526 
1216 363 
1221 429 
1224 1207 
1227 157 
1227 832 
1229 33 
1233 547 
1235 167 
1243 399 
1244 766 
1247 284 
1254 1160 
1254 1069 
1255 1272 
1256 119 
1260 899 
1262 41 
1263 1260 
1268 575 
1275 244 
1277 1160 
1277 2063 
1280 719 
1281 392 
1286 449 
1295 510 
1300 399 
1301 440 
1302 753 
1302 2493 
1303 2861 
1304 212 
1305 92 
1309 439 
1311 2495 
1319 182 
1322 5384 
1330 2269 
1334 4346 
1338 1047 
1339 1072 
1345 238 
1346 18 
1349 323 
1351 36 
1351 233 
1352 719 
1354 6549 
1357 155 
1358 775 
1360 1683 
1362 936 
1363 41 
1366 62 
1366 87 
1368 358 
1378 4047 
1378 446 
1380 1021 
1382 688 
1393 631 
1401 85 
1409 294 
1469 110 
1477 213 
1477 411 
1486 374 
1492 1041 
1493 18 
1498 312 
1503 1348 
1504 127 
1509 552 
1513 307 
1518 451 
1519 42 
1520 234 
1521 8283 
1525 758 
1526 248 
1527 393 
1529 2799 
1530 20 
1533 624 
1535 1025 
1536 547 
1544 1756 
1547 1214 
1553 733 
1555 1263 
1559 1021 
1562 1131 
1563 1336 
1566 7 
1567 3 
1567 1669 
1568 335 
1570 974 
1572 320 
1581 421 
1584 32 
1587 636 
1606 60 
1608 46 
1618 361 
1620 842 
1624 3520 
1626 192 
1626 1461 
1627 138 
1631 157 
1635 19 
1636 28 
1636 599 
1640 1245 
1642 13 
1646 126 
1646 117 
1650 104 
1653 70 
1656 1907 
1673 298 
1676 1154 
1679 735 
1682 969 
1682 698 
1685 903 
1690 353 
1694 1104 
1696 784 
1706 927 
1707 39 
1708 1178 
1712 195 
1713 411 
1715 1102 
1717 301 
1720 68 
1720 450 
1721 158 
1726 1049 
1730 202 
1733 997 
1733 315 
1739 430 
1742 2453 
1742 1148 
1743 32 
1745 779 
1746 99 
1751 4530 
1754 2458 
1756 17 
1758 660 
1759 388 
1763 195 
1764 187 
1764 17354 
1767 43 
1769 1217 
1770 229 
1772 9 
1777 160 
1778 6 
1778 3536 
1779 15022 
1780 822 
1781 94 
1782 29 
1782 1299 
1782 140 
1784 6 
1787 349 
1788 26 
1789 1334 
1792 460 
1803 759 
1805 468 
1807 1131 
1808 967 
1810 27 
1811 293 
1814 18 
1824 59 
1825 417 
1829 821 
1831 2718 
1836 251 
1838 239 
1841 2078 
1841 1566 
1846 576 
1920 1938 
1924 1120 
1939 4290 
1939 372 
1940 1949 
1942 2278 
1942 969 
1943 87 
1948 916 
1950 350 
1952 688 
1954 854 
1959 943 
1960 75 
1963 62 
1964 612 
1967 156 
1968 60 
1970 2810 
1974 560 
1974 1218 
1976 559 
1979 838 
1989 72 
1996 23 
2003 104 
2003 685 
2008 712 
2008 929 
2009 247 
2016 1342 
2018 1060 
2019 244 
2020 713 
2025 684 
2026 88 
2029 7831 
2031 19 
2031 60 
2046 657 
2059 849 
2059 202 
2071 1072 
2072 15 
2078 167 
2079 91 
2083 165 
2083 363 
2084 4 
2084 830 
2089 5 
2095 103 
2097 9 
2097 1316 
2098 584 
2105 8446 
2117 823 
2120 123 
2130 1129 
2135 368 
2142 642 
2144 1927 
2146 290 
2147 25 
2155 237 
2156 10907 
2164 2226 
2166 165 
2169 219 
2169 2600 
2178 478 
2180 3023 
2181 1339 
2186 346 
2203 1179 
2208 1021 
2216 51 
2221 129 
2223 202 
2227 449 
2228 533 
2232 573 
2237 603 
2241 151 
2260 888 
2272 958 
2273 20 
2274 1702 
2277 56 
2279 690 
2280 390 
2286 1712 
2288 597 
2297 91 
2365 1486 
2371 94 
2371 1988 
2373 1468 
2373 242 
2380 470 
2381 321 
2382 106 
2383 592 
2388 62 
2389 53 
2390 325 
2390 3409 
2396 974 
2403 18 
2404 117 
2405 261 
2415 648 
2431 0 
2431 340 
2436 126 
2438 406 
2440 338 
2445 527 
2445 73 
2447 1069 
2448 3202 
2456 377 
2460 1528 
2470 249 
2471 6092 
2476 1020 
2478 1482 
2486 279 
2491 202 
2497 1660 
2502 577 
2505 929 
2511 5742 
2525 760 
2527 1197 
2531 86 
2535 395 
2537 343 
2540 628 
2541 45 
2545 702 
2550 29 
2551 2968 
2555 847 
2559 885 
2559 531 
2560 1021 
2567 41 
2569 67 
2570 915 
2570 213 
2573 2198 
2578 1801 
2580 28 
2581 270 
2604 693 
2609 2164 
2610 53 
2616 1315 
2621 45 
2631 195 
2632 256 
2637 1206 
2644 542 
2659 1584 
2664 231 
2676 260 
2680 362 
2682 975 
2684 618 
2686 245 
2690 42 
2692 794 
2695 38 
2701 587 
2702 83 
2709 454 
2766 429 
2777 514 
2784 1118 
2785 1594 
2789 132 
2792 151 
2800 586 
2805 345 
2806 47 
2812 232 
2836 20 
2846 122 
2859 169 
2862 210 
2881 1834 
2882 239 
2882 47 
2885 995 
2888 80 
2891 122 
2906 1511 
2911 12 
2912 1368 
2914 26 
2920 1367 
2927 96 
2927 86 
2929 1891 
2941 430 
2945 243 
3003 39 
3015 20 
3015 1091 
3023 242 
3023 475 
3027 486 
3028 199 
3030 584 
3041 62 
3048 1988 
3049 157 
3063 875 
3076 200 
3082 8 
3084 1364 
3085 2967 
3086 599 
3092 73 
3092 44 
3097 2320 
3097 117 
3099 22 
3103 293 
3104 2221 
3109 2819 
3112 1 
3113 1673 
3117 711 
3121 758 
3122 555 
3127 759 
3127 422 
3129 221 
3132 756 
3138 517 
3140 116 
3147 1025 
3150 565 
3153 490 
3157 140 
3159 251 
3159 447 
3167 576 
3167 233 
3170 692 
3174 294 
3185 157 
3185 111 
3197 125 
3202 438 
3222 228 
3232 33 
3233 156 
3253 132 
3333 1619 
3337 4570 
3341 153 
3341 1013 
3346 162 
3350 44 
3361 1142 
3374 430 
3390 127 
3397 939 
3404 159 
3404 1798 
3412 425 
3413 1665 
3419 1032 
3425 626 
3426 1665 
3426 2044 
3428 29 
3432 165 
3440 508 
3441 735 
3452 1164 
3473 558 
3479 12 
3487 204 
3493 171 
3508 36 
3510 289 
3511 189 
3514 12 
3539 332 
3543 4678 
3544 857 
3549 317 
3550 405 
3550 2791 
3551 1987 
3564 837 
3565 54 
3567 645 
3568 1047 
3575 526 
3579 22 
3586 8 
3596 1804 
3610 929 
3681 4688 
3684 1547 
3696 7271 
3699 267 
3701 109 
3707 1914 
3723 3342 
3729 485 
3740 1035 
3749 430 
3750 202 
3754 535 
3756 6 
3765 1023 
3770 516 
3775 1714 
3776 71 
3781 374 
3790 110 
3797 811 
3797 922 
3804 166 
3806 154 
3807 1147 
3813 32 
3819 328 
3831 181 
3832 545 
3849 3616 
3863 2323 
3881 1294 
3883 2411 
3883 19 
3887 603 
3891 735 
3894 20 
3895 6820 
3907 125 
3918 3472 
3934 1177 
3937 100 
3954 154 
3972 66 
3976 248 
3982 52 
3983 105 
3988 541 
4003 1013 
4021 891 
4025 118 
4025 158 
4037 63 
4043 305 
4049 131 
4053 683 
4061 991 
4064 1366 
4068 556 
4080 922 
4152 190 
4157 374 
4158 636 
4163 630 
4164 1290 
4167 28 
4182 869 
4182 136 
4192 371 
4197 623 
4209 49 
4214 74 
4227 1069 
4230 627 
4237 305 
4243 177 
4249 987 
4254 3390 
4263 1799 
4269 365 
4271 660 
4278 2480 
4292 288 
4298 839 
4302 1166 
4306 297 
4310 42 
4316 11 
4326 9196 
4330 179 
4364 770 
4370 375 
4401 2393 
4404 644 
4405 1307 
4410 175 
4429 359 
4444 332 
4449 97 
4452 75 
4460 3038 
4476 297 
4487 25 
4490 1636 
4491 4051 
4503 598 
4507 224 
4532 179 
4532 1361 
4546 61 
4548 297 
4550 332 
4550 128 
4552 16 
4562 330 
4564 21 
4565 754 
4577 530 
4579 627 
4588 172 
4599 222 
4612 402 
4612 273 
4613 665 
4617 89 
4637 333 
4640 797 
4656 84 
4690 269 
4716 2535 
4716 57 
4804 47 
4805 2517 
4813 1070 
4850 908 
4853 2469 
4858 1751 
4863 2922 
4868 1174 
4888 286 
4899 716 
4907 375 
4914 1072 
4919 1070 
4927 6 
4930 306 
4936 1505 
4946 342 
4950 1051 
4967 177 
4974 1206 
4984 2211 
4995 88 
5004 1684 
5024 1298 
5027 4788 
5028 497 
5038 1239 
5054 8 
5056 166 
5066 554 
5071 800 
5072 281 
5077 614 
5080 73 
5084 1186 
5088 30 
5090 645 
5093 402 
5099 77 
5102 30 
5103 320 
5108 76 
5112 125 
5115 2770 
5129 3000 
5134 257 
5141 301 
5157 2187 
5161 10251 
5170 129 
5174 127 
5185 704 
5195 551 
5201 709 
5217 1532 
5221 933 
5225 379 
5226 135 
5228 723 
5236 73 
5238 943 
5242 982 
5245 795 
5256 714 
5259 838 
5262 27 
5270 131 
5280 66 
5282 6 
5289 331 
5300 1061 
5311 83 
5330 901 
5332 571 
5348 1091 
5349 127 
5352 136 
5355 1626 
5368 5231 
5368 328 
5374 265 
5386 423 
5405 13 
5407 234 
5412 3351 
5419 322 
5437 203 
5440 1586 
5515 1093 
5516 153 
5534 657 
5540 525 
5554 3299 
5555 56 
5556 2022 
5562 257 
5563 140 
5578 374 
5584 589 
5584 304 
5591 66 
5594 714 
5601 1031 
5601 339 
5602 948 
5622 39 
5623 810 
5637 2254 
5639 209 
5648 961 
5650 239 
5657 665 
5667 299 
5667 751 
5681 1141 
5691 821 
5710 367 
5711 709 
5711 418 
5733 41 
5766 214 
5781 87 
5784 974 
5792 651 
5794 4855 
5844 134 
5845 127 
5853 682 
5861 959 
5866 1107 
5872 910 
5895 377 
5897 1182 
5918 1488 
5924 1765 
5932 1641 
5934 247 
5935 46 
5943 159 
5946 159 
5948 101 
5949 125 
5969 138 
5972 752 
5979 1471 
5980 181 
5986 1101 
5988 229 
5994 2124 
6009 8 
6015 191 
6020 336 
6056 656 
6072 288 
6074 572 
6085 195 
6087 127 
6093 1051 
6093 1218 
6097 917 
6101 407 
6105 1083 
6121 641 
6126 88 
6157 220 
6175 1154 
6178 69 
6181 96 
6214 852 
6221 28 
6228 1707 
6228 1152 
6244 159 
6275 145 
6276 1230 
6276 316 
6289 87 
6289 3 
6301 410 
6323 1517 
6333 219 
6338 249 
6348 195 
6357 1222 
6373 971 
6392 1601 
6400 563 
6403 902 
6412 628 
6486 172 
6490 1496 
6491 709 
6494 297 
6497 28 
6501 381 
6507 296 
6508 92 
6517 38 
6523 227 
6537 13669 
6544 266 
6551 1301 
6552 282 
6557 910 
6582 7 
6586 396 
6587 49 
6591 156 
6598 504 
6653 1 
6654 329 
6671 9 
6679 42 
6691 165 
6709 1154 
6709 298 
6724 954 
6725 2241 
6726 43 
6727 1629 
6735 699 
6743 339 
6749 126 
6758 919 
6762 5571 
6771 809 
6772 434 
6789 130 
6795 348 
6796 156 
6800 265 
6811 98 
6817 415 
6822 45 
6832 707 
6839 811 
6855 247 
6871 1368 
6875 610 
6882 5241 
6882 381 
6882 30 
6905 3091 
6907 179 
6909 1326 
6930 122 
6936 2373 
6944 682 
6946 983 
6978 143 
6979 468 
6982 1699 
6989 25 
6990 732 
7017 770 
7041 62 
7042 499 
7048 48 
7077 200 
7087 226 
7087 919 
7095 708 
7107 104 
7114 429 
7116 1005 
7146 483 
7149 933 
7151 55 
7157 1101 
7161 1315 
7162 1259 
7170 83 
7171 1528 
7175 80 
7201 27 
7214 572 
7215 585 
7225 964 
7233 248 
7251 660 
7253 26 
7254 1512 
7254 890 
7260 1294 
7262 1831 
7265 867 
7266 1126 
7270 125 
7272 917 
7282 309 
7291 604 
7296 1366 
7314 225 
7320 1063 
7329 1267 
7335 546 
7348 433 
7353 956 
7384 1754 
7384 240 
7386 1282 
7388 2498 
7410 469 
7434 999 
7436 65 
7437 7 
7439 595 
7461 729 
7461 419 
7462 1660 
7466 49 
7467 943 
7473 410 
7493 3749 
7501 30 
7517 263 
7519 57 
7528 2515 
7529 417 
7538 720 
7555 1408 
7571 330 
7604 312 
7614 1802 
7623 711 
7625 30 
7627 462 
7637 2033 
7643 73 
7645 24 
7654 213 
7657 367 
7664 460 
7682 469 
7692 1174 
7709 82 
7721 49 
7742 121 
7748 462 
7756 147 
7757 638 
7757 834 
7765 468 
7769 892 
7775 36 
7777 5 
7785 92 
7805 11437 
7819 408 
7820 394 
7821 384 
7823 1910 
7833 1304 
7834 1534 
7851 74 
7856 2440 
7860 15 
7874 497 
7895 194 
7908 384 
7935 2033 
7936 113 
7948 139 
7948 285 
7950 745 
7958 1206 
7968 621 
7979 960 
7983 116 
8008 175 
8017 5372 
8018 801 
8025 617 
8066 2511 
8095 1265 
8099 1230 
8101 1720 
8108 1129 
8109 33 
8118 466 
8119 277 
8128 1493 
8148 346 
8152 707 
8154 854 
8156 458 
8170 119 
8190 123 
8215 433 
8221 95 
8226 359 
8227 30 
8244 120 
8248 261 
8270 507 
8323 295 
8334 1039 
8336 616 
8337 874 
8340 21 
8354 14 
8365 1137 
8388 23 
8412 256 
8425 1281 
8469 311 
8485 268 
8501 875 
8510 146 
8518 272 
8521 193 
8526 1409 
8534 250 
8539 5900 
8553 515 
8566 64 
8582 203 
8602 24 
8612 830 
8621 106 
8637 229 
8645 2327 
8660 148 
8676 593 
8682 69 
8696 960 
8704 204 
8709 21 
8719 833 
8754 186 
8757 804 
8768 332 
8771 1153 
8802 1317 
8811 928 
8820 675 
8842 274 
8852 1799 
8852 9 
8857 1190 
8862 115 
8864 600 
8882 1192 
8894 24 
8897 514 
8898 27 
8900 1578 
8924 341 
8926 2593 
8927 161 
8937 1372 
8944 37 
8969 1612 
8989 298 
9003 1220 
9014 858 
9021 92 
9034 3927 
9047 1576 
9047 1576 
9056 1976 
9056 1976 
9077 258 
9077 258 
9083 829 
9083 829 
9088 2968 
9088 2968 
9091 307 
9091 307 
9096 380 
9096 380 
9121 370 
9139 192 
9141 1444 
9149 10 
9155 81 
9176 1901 
9182 1420 
9185 371 
9186 301 
9194 181 
9201 323 
9202 43 
9203 317 
9214 212 
9219 9052 
9247 792 
9258 2113 
9258 9836 
9267 114 
9269 419 
9274 864 
9301 912 
9320 83 
9333 945 
9378 43 
9393 931 
9398 257 
9401 110 
9402 249 
9424 4 
9432 840 
9441 1722 
9443 597 
9456 47 
9469 210 
9476 295 
9482 147 
9499 3445 
9519 632 
9569 1477 
9589 1190 
9623 494 
9630 2250 
9634 816 
9665 1313 
9671 187 
9687 1925 
9715 67 
9729 867 
9748 148 
9749 298 
9783 723 
9788 1228 
9811 1643 
9820 10 
9842 93 
9857 1060 
9862 931 
9868 127 
9894 257 
9913 824 
9913 592 
9919 325 
9920 74 
9925 61 
9933 1616 
9933 224 
9954 71 
9969 1195 
9982 207 
9995 530 
10023 308 
10033 8672 
10059 1474 
10076 19 
10077 538 
10096 325 
10105 86 
10147 102 
10153 667 
10159 27 
10160 19 
10161 626 
10170 2242 
10175 599 
10176 1504 
10204 224 
10209 320 
10224 369 
10263 685 
10310 2062 
10336 153 
10340 187 
10345 234 
10363 1755 
10365 338 
10365 36 
10388 709 
10429 6618 
10437 785 
10441 706 
10444 280 
10444 1008 
10455 425 
10482 224 
10517 843 
10528 11 
10531 255 
10533 238 
10564 1007 
10567 2006 
10569 5153 
10570 1970 
10574 5 
10579 659 
10581 312 
10597 221 
10597 915 
10598 6534 
10635 1837 
10650 1012 
10684 1578 
10686 166 
10703 714 
10724 261 
10762 1507 
10784 1042 
10820 197 
10827 518 
10845 704 
10848 1248 
10861 125 
10864 431 
10868 622 
10903 5446 
10923 712 
10929 724 
10930 343 
10977 26 
11022 60 
11055 1583 
11056 204 
11069 259 
11090 81 
11107 261 
11144 1010 
11155 1683 
11263 2519 
11291 26985 
11297 255 
11297 56 
11307 3838 
11312 2136 
11325 38 
11334 1537 
11346 1250 
11358 95 
11384 433 
11386 1282 
11410 1728 
11429 645 
11435 147 
11439 2474 
11448 915 
11497 291 
11536 239 
11549 2993 
11556 3 
11602 711 
11621 863 
11624 54 
11633 427 
11650 132 
11657 646 
11661 413 
11671 361 
11721 120 
11751 477 
11779 173 
11785 56 
11794 1159 
11815 392 
11822 190 
11825 448 
11838 340 
11840 91 
11840 261 
11866 321 
11875 1077 
11960 4 
12002 38 
12003 793 
12006 1266 
12081 319 
12099 121 
12099 118 
12103 228 
12114 7 
12122 19 
12129 463 
12136 814 
12145 589 
12159 64 
12191 1518 
12208 294 
12225 818 
12245 81 
12245 21 
12248 933 
12276 456 
12294 3 
12338 270 
12345 497 
12393 506 
12425 396 
12426 749 
12450 142 
12468 584 
12511 90 
12571 286 
12574 476 
12594 90 
12617 786 
12617 11 
12634 45 
12642 534 
12655 2333 
12715 7588 
12723 1835 
12726 314 
12726 937 
12740 149 
12800 11 
12843 663 
12889 1635 
12903 1860 
12945 919 
12959 788 
12963 1162 
12966 2117 
12973 184 
12987 69 
13004 254 
13065 1452 
13068 645 
13088 38 
13137 309 
13190 1431 
13194 23 
13205 112 
13228 1075 
13236 2623 
13248 1276 
13275 685 
13306 585 
13322 499 
13328 15702 
13330 628 
13330 13 
13332 296 
13333 627 
13334 13 
13334 665 
13351 5423 
13397 654 
13404 820 
13436 190 
13460 433 
13487 4321 
13520 389 
13521 172 
13528 1141 
13539 1541 
13539 417 
13540 2139 
13586 900 
13588 195 
13593 85 
13601 1195 
13608 269 
13634 239 
13637 3259 
13683 748 
13687 8085 
13690 1164 
13744 242 
13787 545 
13788 82 
13798 1225 
13812 305 
13864 1133 
13893 1263 
13958 483 
13984 6770 
13987 2484 
14010 438 
14046 1593 
14075 850 
14086 1168 
14096 410 
14142 1578 
14144 535 
14223 2828 
14245 64 
14268 71 
14269 196 
14282 465 
14283 1365 
14287 1199 
14295 943 
14296 1560 
14315 116 
14359 11 
14419 445 
14425 903 
14425 83 
14437 1019 
14471 1256 
14484 2644 
14514 5 
14557 1328 
14575 1548 
14590 1221 
14594 483 
14626 632 
14641 8449 
14645 15 
14681 417 
14685 908 
14752 1879 
14784 233 
14808 487 
14817 61 
14832 625 
14833 757 
14838 266 
14847 1283 
14872 356 
14929 6919 
15001 1411 
15037 202 
15050 1876 
15054 121 
15081 2486 
15082 1974 
15125 5 
15138 744 
15173 102 
15247 2898 
15250 692 
15260 40 
15275 153 
15289 784 
15296 145 
15364 688 
15387 826 
15456 196 
15460 0 
15497 906 
15508 125 
15509 303 
15511 286 
15515 2091 
15520 1066 
15537 383 
15542 221 
15569 791 
15572 1989 
15589 1990 
15594 1216 
15603 133 
15616 905 
15627 435 
15640 115 
15652 303 
15831 30892 
15843 614 
15852 832 
15908 59 
15926 1 
15943 26 
15965 772 
15969 83 
15979 477 
16030 302 
16046 107 
16053 11 
16063 304 
16087 501 
16160 294 
16245 2124 
16245 5146 
16258 1219 
16277 1024 
16341 74 
16380 71 
16398 676 
16400 1381 
16401 1451 
16416 978 
16428 35 
16432 66 
16490 218 
16501 202 
16514 359 
16524 255 
16558 562 
16576 972 
16580 948 
16592 34 
16597 594 
16604 58 
16611 92 
16647 63 
16647 3978 
16658 739 
16683 565 
16688 414 
16704 537 
16741 1454 
16755 23 
16793 281 
16812 15747 
16891 557 
16904 839 
16915 35 
16981 446 
17024 242 
17055 42 
17083 555 
17105 129 
17122 123 
17156 754 
17201 788 
17208 203 
17249 1323 
17282 509 
17300 247 
17309 499 
17320 64 
17358 3327 
17374 385 
17387 890 
17425 2783 
17454 296 
17468 535 
17502 395 
17535 162 
17558 941 
17613 1359 
17626 3096 
17667 6688 
17682 360 
17686 175 
17695 634 
17709 852 
17726 6132 
17729 861 
17735 416 
17756 241 
17766 1437 
17812 106 
17814 1996 
17853 820 
17907 18 
17963 1184 
17983 745 
18010 572 
18016 292 
18017 844 
18093 246 
18150 622 
18151 162 
18164 983 
18207 330 
18254 794 
18305 1411 
18319 127 
18321 341 
18321 11 
18367 834 
18368 177 
18368 800 
18378 11312 
18386 36 
18393 642 
18425 145 
18445 206 
18493 7052 
18496 434 
18512 180 
18516 1135 
18522 2096 
18525 315 
18531 911 
18570 1230 
18586 131 
18587 441 
18616 473 
18619 622 
18631 545 
18658 767 
18672 1030 
18673 1513 
18676 626 
18678 12 
18684 12 
18717 153 
18781 155 
18856 373 
18913 295 
18933 1236 
18937 215 
18974 538 
18988 850 
19021 382 
19030 2081 
19071 685 
19093 727 
19100 361 
19118 3991 
19127 558 
19130 130 
19166 1597 
19198 46 
19214 3035 
19233 674 
19253 480 
19276 1136 
19277 377 
19284 1476 
19302 197 
19312 244 
19330 309 
19372 294 
19479 334 
19480 2306 
19510 352 
19530 212 
19536 901 
19562 41875 
19570 1052 
19570 720 
19575 2 
19581 245 
19584 401 
19586 483 
19596 3274 
19597 120 
19598 616 
19625 60 
19651 7019 
19661 1105 
19664 106 
19666 128 
19709 254 
19735 3796 
19745 1211 
19752 204 
19758 849 
19765 129 
19814 1729 
19833 1328 
19841 946 
19855 2134 
19864 2092 
19909 762 
19925 732 
19930 492 
19937 180 
19962 234 
19988 666 
19991 2063 
19996 926 
20016 2605 
20022 33 
20023 143 
20029 854 
20061 1398 
20064 115 
20065 521 
20069 1208 
20094 906 
20099 1266 
20138 1455 
20148 574 
20185 932 
20214 2322 
20214 466 
20217 1186 
20270 1589 
20291 2065 
20310 1080 
20325 918 
20344 399 
20347 793 
20380 505 
20386 114 
20390 155 
20391 482 
20417 628 
20420 1338 
20439 282 
20445 315 
20455 2088 
20513 204 
20532 1034 
20542 338 
20564 413 
20567 107 
20593 1379 
20597 665 
20645 137 
20659 204 
20664 42 
20677 210 
20691 2937 
20702 560 
20732 325 
20738 838 
20746 2408 
20755 1775 
20784 1118 
20784 9 
20787 2079 
20791 898 
20880 205 
20880 163 
20962 2240 
21023 409 
21034 637 
21053 507 
21072 1026 
21078 1063 
21088 2878 
21108 1024 
21143 228 
21161 0 
21165 1398 
21175 254 
21207 156 
21223 528 
21241 223 
21319 3 
21342 318 
21349 581 
21385 531 
21407 788 
21423 1835 
21453 394 
21483 662 
21485 751 
21519 1797 
21527 638 
21542 4384 
21551 1159 
21565 850 
21567 1077 
21633 1048 
21638 421 
21665 343 
21709 311 
21714 1673 
21729 359 
21736 2621 
21758 64 
21847 1139 
21852 1083 
21854 827 
21878 1623 
21881 1065 
21948 1045 
22004 340 
22014 857 
22020 542 
22048 564 
22049 768 
22055 1285 
22060 6348 
22070 796 
22099 805 
22120 1315 
22135 218 
22150 165 
22150 232 
22150 236 
22153 338 
22205 1856 
22220 695 
22231 185 
22242 911 
22243 155 
22254 935 
22260 110 
22264 937 
22267 661 
22287 1275 
22289 198 
22302 745 
22309 522 
22332 1617 
22345 2146 
22349 51947 
22358 413 
22391 454 
22399 811 
22406 785 
22407 917 
22408 106 
22413 2470 
22435 837 
22451 21412 
22454 900 
22463 1218 
22475 1277 
22486 1416 
22491 1542 
22492 2565 
22533 420 
22569 561 
22599 3376 
22600 173 
22619 120 
22640 12 
22644 1366 
22650 58 
22653 7161 
22679 937 
22712 1080 
22726 1128 
22741 2826 
22778 132 
22779 1442 
22805 126 
22825 1077 
22881 40 
22886 1547 
22909 128 
22933 4410 
22938 186 
22967 1633 
22975 588 
22983 420 
23034 863 
23050 1277 
23064 731 
23072 164 
23083 251 
23102 935 
23110 888 
23111 607 
23111 453 
23117 225 
23147 102 
23162 334 
23170 2308 
23185 56 
23248 183 
23251 102 
23254 1137 
23276 6978 
23278 1710 
23302 929 
23318 83 
23318 1325 
23321 608 
23325 687 
23333 859 
23353 48 
23370 2062 
23395 1765 
23400 884 
23454 1877 
23457 1992 
23490 174 
23497 581 
23499 591 
23509 556 
23510 6679 
23537 745 
23539 831 
23551 432 
23566 1109 
23568 1358 
23571 283 
23592 1141 
23603 255 
23618 521 
23626 904 
23631 319 
23651 852 
23727 834 
23729 966 
23731 560 
23739 90 
23752 1671 
23762 357 
24027 1021 
24028 1191 
24032 1461 
24037 80 
24043 552 
24043 840 
24048 427 
24050 143 
24063 1378 
24072 29 
24123 35 
24124 573 
24147 358 
24166 263 
24195 852 
24228 750 
24267 1059 
24269 887 
24272 1122 
24279 542 
24284 2479 
24302 1114 
24310 103 
24321 420 
24328 1080 
24333 1956 
24355 4451 
24355 394 
24361 270 
24366 1401 
24367 2637 
24381 194 
24412 157 
24425 707 
24427 335 
24486 450 
24497 126 
24535 425 
24545 783 
24551 221 
24556 190 
24570 13 
24570 451 
24593 87 
24598 679 
24604 48 
24609 1052 
24610 151 
24626 100 
24635 991 
24638 23 
24648 1504 
24650 32 
24669 492 
24690 500 
24704 948 
24712 5554 
24714 494 
24718 22 
24745 1743 
24754 962 
24762 378 
24773 1130 
24780 1117 
24782 217 
24789 1952 
24792 4130 
24794 350 
24834 446 
24838 569 
24854 1242 
24863 943 
24873 803 
24875 637 
24895 285 
24898 187 
24952 580 
24967 1417 
24984 3252 
24988 1378 
24995 1445 
25011 1145 
25024 2135 
25045 364 
25061 1287 
25089 1523 
25090 1364 
25121 998 
25122 96 
25127 1255 
25136 879 
25153 265 
25157 1279 
25159 138 
25230 1314 
25234 132 
25245 15 
25245 1316 
25258 774 
25262 512 
25295 27 
25307 594 
25321 363 
25322 39 
25341 74 
25344 1623 
25360 1075 
25362 745 
25434 648 
25438 439 
25455 384 
25475 466 
25486 1093 
25508 771 
25510 170 
25530 148 
25548 23 
25557 247 
25558 651 
25589 69 
25594 249 
25595 178 
25597 795 
25605 1180 
25620 655 
25622 426 
25638 677 
25677 152 
25682 668 
25707 3888 
25710 3628 
25714 46 
25743 1791 
25758 586 
25758 3112 
25758 409 
25763 220 
25783 950 
25796 651 
25801 193 
25809 1007 
25813 2190 
25818 1315 
25820 1070 
25838 588 
25851 398 
25856 1169 
25870 719 
25874 431 
25902 530 
25906 111 
25909 108 
25926 4808 
25927 4641 
25929 4640 
25934 2174 
25977 561 
25982 60 
25983 152 
26001 91 
26003 420 
26016 630 
26016 1174 
26046 137 
26059 177 
26063 42 
26064 2977 
26066 31 
26072 242 
26091 5937 
26099 144 
26105 2047 
26121 4593 
26156 2293 
26159 61 
26163 2214 
26170 1020 
26177 807 
26187 537 
26201 1300 
26207 349 
26215 473 
26227 196 
26229 3406 
26230 1121 
26238 25 
26238 1492 
26239 117 
26293 276 
26306 1108 
26332 132 
26337 331 
26343 1069 
26369 556 
26370 764 
26395 860 
26420 1119 
26422 541 
26433 6 
26443 1209 
26454 966 
26456 1058 
26457 539 
26474 377 
26480 701 
26485 985 
26489 87 
26489 252 
26509 562 
26536 1345 
26540 333 
26576 1155 
26581 1101 
26593 1187 
26605 218 
26606 168 
26615 829 
26623 1396 
26624 712 
26629 34 
26633 1039 
26643 41 
26644 536 
26650 668 
26663 37 
26667 1015 
26680 980 
26686 1544 
26691 176 
26698 579 
26703 291 
26707 394 
26719 1004 
26732 187 
26745 230 
26750 1083 
26775 5 
26782 1650 
26785 443 
26789 696 
26792 934 
26797 32 
26797 901 
26797 257 
26811 5 
26813 604 
26827 93 
26850 1052 
26869 2125 
26869 219 
26885 1165 
26905 38 
26944 2037 
26947 125 
26991 1200 
27021 2395 
27024 1632 
27025 857 
27030 820 
27040 172 
27040 790 
27049 192 
27055 912 
27055 815 
27061 1186 
27113 202 
27121 544 
27161 352 
27172 562 
27215 802 
27256 118 
27298 64 
27301 9261 
27328 217 
27335 254 
27342 114 
27346 589 
27371 1020 
27374 368 
27380 1918 
27392 8 
27395 401 
27404 532 
27449 948 
27456 404 
27456 4430 
27495 617 
27495 617 
27499 17 
27499 17 
27502 1268 
27502 1268 
27508 20 
27508 20 
27569 948 
27569 948 
27577 89 
27577 89 
27608 1605 
27615 852 
27617 507 
27617 307 
27621 1421 
27641 1269 
27645 474 
27651 709 
27671 370 
27690 1136 
27697 328 
27697 862 
27700 3846 
27713 138 
27718 1361 
27733 1046 
27741 744 
27752 70 
27754 1782 
27777 588 
27798 110 
27804 138 
27819 333 
27829 68 
27835 866 
27844 596 
27848 54 
27870 461 
27879 702 
27888 852 
27901 362 
27944 658 
27952 1602 
27980 5307 
27985 765 
27987 1116 
28017 1733 
28021 1589 
28026 15 
28044 192 
28053 365 
28056 20 
28077 87 
28083 2557 
28091 770 
28118 433 
28127 2425 
29637 342 
29647 551 
29652 652 
29698 495 
29698 100 
29715 1256 
29755 1146 
29755 965 
29766 500 
29771 436 
29776 629 
29780 839 
29788 866 
29803 324 
29808 1910 
29820 1492 
29827 1454 
29835 343 
29855 2085 
29877 487 
29884 140 
29934 135 
29936 1702 
29936 144 
29956 1894 
29958 201 
29960 287 
29987 1019 
30013 2 
30015 443 
30055 801 
30068 166 
30069 814 
30083 414 
30094 332 
30124 282 
30144 618 
30208 1113 
30209 230 
30252 51 
30261 139 
30325 2843 
30365 1686 
30374 1512 
30374 74 
30382 1965 
30396 1414 
30401 2772 
30418 3059 
30428 246 
30443 92 
30476 1127 
30495 1168 
30495 1251 
30514 1459 
30520 454 
30521 919 
30522 406 
30535 8850 
30543 1186 
30547 993 
30554 892 
30568 1539 
30576 1968 
30580 1787 
30591 3351 
30609 4238 
30611 114 
30663 1374 
30676 732 
30690 181 
30691 644 
30694 1998 
30695 251 
30727 1439 
30744 1135 
30755 228 
30778 1022 
30791 27 
30794 864 
30849 535 
30853 3134 
30865 2357 
30885 592 
30888 156 
30904 2877 
30915 149 
30921 1192 
30937 190 
30963 826 
30963 1136 
30967 916 
30976 92 
30977 230 
30994 2828 
30996 2741 
31011 416 
31012 468 
31015 677 
31023 34 
31024 1314 
31059 183 
31066 164 
31091 300 
31112 87 
31112 795 
31134 1988 
31134 399 
31183 925 
31184 340 
31196 94 
31200 135 
31220 401 
31221 518 
31240 1912 
31250 2444 
31268 233 
31277 1175 
31293 2762 
31301 680 
31303 328 
31306 2503 
31314 1220 
31322 218 
31344 179 
31382 1262 
31399 2172 
31421 557 
31426 643 
31438 36 
31447 1087 
31448 1394 
31484 689 
31497 124 
31516 607 
31553 677 
31555 18 
31574 2894 
31584 88 
31608 69 
31616 393 
31621 47 
31645 548 
31653 222 
31657 1017 
31677 85 
31684 2519 
31696 257 
31718 1365 
31722 531 
31732 834 
31759 582 
31765 1330 
31769 381 
31770 134 
31779 351 
31824 323 
31886 2084 
31892 13 
31896 19 
31899 47 
31918 57 
31923 72 
31935 1230 
31971 5233 
32000 127 
32008 1183 
32023 642 
32028 4296 
32041 1045 
32048 719 
32062 90 
32086 2452 
32096 228 
32108 891 
32144 2275 
32154 2271 
32158 361 
32163 1954 
32164 31 
32189 185 
32204 1209 
32220 3720 
32228 51 
32246 1439 
32248 1133 
32248 617 
32266 41 
32275 11542 
32282 564 
32294 543 
32303 481 
32314 1084 
32316 2460 
32330 3076 
32331 1514 
32349 1289 
32352 214 
32375 113 
32377 1226 
32413 326 
32417 629 
32433 217 
32448 1936 
32461 588 
32469 1002 
32483 99 
32484 762 
32515 597 
32515 181 
32517 546 
32531 320 
32543 7308 
32546 1378 
32567 1136 
32588 959 
32589 60 
32657 519 
32694 5558 
32732 126 
32737 2164 
32750 1188 
32773 659 
32781 2035 
32811 636 
32857 156 
32859 637 
32862 1146 
32866 577 
32866 171 
32921 1457 
32940 36 
32950 1322 
32971 158 
32972 455 
32993 445 
33015 89 
33045 772 
33052 722 
33067 1084 
33073 3331 
33081 587 
33084 270 
33962 2219 
33967 1714 
33973 108 
33992 30 
33994 1137 
34009 634 
34010 1627 
34013 21 
34027 4056 
34039 1138 
34056 565 
34072 1060 
34077 672 
34082 438 
34082 3865 
34097 93 
34118 66 
34154 1227 
34192 344 
34194 199 
34213 354 
34216 2933 
34221 269 
34247 111 
34260 2755 
34266 568 
34274 458 
34294 22 
34303 699 
34328 569 
34375 772 
34391 466 
34399 286 
34404 374 
34410 52 
34416 337 
34425 157 
34426 1181 
34442 1505 
34452 8720 
34473 1325 
34480 151 
34492 370 
34499 688 
34521 2218 
34522 1391 
34553 2804 
34558 321 
34577 3364 
34620 199 
34638 1293 
34652 811 
34655 2664 
34713 2663 
34759 1067 
34785 623 
34800 368 
34801 122 
34820 534 
34864 123 
34880 1060 
34889 1039 
34896 1299 
34918 1797 
34921 943 
34928 832 
34941 317 
34944 2529 
34951 774 
34966 2352 
35015 836 
35017 64 
35055 881 
35056 2249 
35077 610 
35078 953 
35095 1546 
35101 610 
35111 337 
35118 1396 
35120 1849 
35182 940 
35199 1571 
35220 2131 
35228 6565 
35237 645 
35246 1533 
35274 954 
35301 160 
35303 545 
35306 4 
35307 2010 
35327 64 
35333 768 
35337 6738 
35342 871 
35351 1597 
35370 33 
35373 288 
35376 4488 
35387 536 
35394 537 
35400 2732 
35401 52 
35404 1231 
35414 162 
35424 1040 
35431 1005 
35433 1477 
35441 936 
35447 1789 
35450 74 
35455 148 
35458 819 
35471 66 
35486 1183 
35490 336 
35508 596 
35525 306 
35533 300 
35544 873 
35551 237 
35563 1004 
35578 143 
35610 700 
35615 1752 
35625 4564 
35641 131 
35648 757 
35674 467 
35683 2838 
35686 3024 
35734 63 
35749 31 
35783 1476 
35789 408 
35802 318 
35804 15 
35806 54 
35880 583 
35884 412 
35884 198 
35949 163 
35951 300 
35955 1003 
35964 662 
35995 83 
36022 921 
36034 969 
36045 691 
36164 775 
36177 318 
36185 721 
36192 1021 
36215 129 
36299 331 
36338 95 
36344 815 
36376 89 
36403 296 
36415 1237 
36417 847 
36422 24 
36422 297 
36479 1799 
36480 775 
36514 529 
36562 767 
36564 1617 
36572 721 
36581 225 
36589 1644 
36670 2840 
36716 1647 
36725 540 
36730 767 
36735 452 
36737 912 
36743 1055 
36748 1117 
36748 1011 
36799 493 
36820 1295 
36847 402 
36876 305 
36891 400 
36922 99 
36982 623 
36985 812 
37009 46094 
37050 257 
37060 1106 
37070 748 
37073 1008 
37090 225 
37091 925 
37121 837 
37127 1772 
37127 998 
37129 196 
37150 1605 
37155 840 
37164 6429 
37186 536 
37203 45 
37216 19 
37223 1267 
37762 6108 
38544 216 
38636 327 
38638 4826 
38649 952 
38651 1706 
38666 594 
38667 252 
38682 2545 
38685 52 
38738 552 
38761 3715 
38776 945 
38798 106 
38820 17 
38840 681 
38858 520 
38871 460 
38886 1933 
38895 399 
38906 2409 
38915 80 
38932 31 
38938 617 
38939 339 
38955 1074 
39036 762 
39044 8049 
39047 1787 
39053 329 
39054 33 
39054 224 
39054 626 
39056 1440 
39074 776 
39082 513 
39101 248 
39104 58 
39108 385 
39124 1283 
39126 481 
39133 9 
39198 57 
39229 102 
39290 42 
39309 611 
39312 122 
39328 391 
39337 174 
39343 328 
39400 2606 
39415 109 
39442 1243 
39463 498 
39463 1461 
39463 1427 
39464 382 
39523 1244 
39558 287 
39573 614 
39576 690 
39579 663 
39595 506 
39595 34 
39601 359 
39607 1147 
39607 52 
39623 9 
39673 11 
39674 191 
39676 197 
39705 287 
39705 1654 
39712 25 
39715 1170 
39722 3263 
39722 3629 
39723 20 
39757 28 
39807 753 
39819 110 
39854 3856 
39868 1488 
39876 613 
39921 405 
39921 405 
39935 1851 
39935 1851 
39944 1189 
39944 1189 
39966 82 
39978 1503 
39988 170 
39994 258 
40009 1090 
40013 5022 
40026 244 
40026 436 
40056 1252 
40067 1288 
40076 118 
40087 55 
40090 981 
40090 516 
40107 475 
40132 1267 
40134 861 
40135 901 
40137 30 
40145 1406 
40161 530 
40162 948 
40180 4326 
40186 101 
40253 1044 
40256 2155 
40273 713 
40289 21 
40299 25 
40304 208 
40306 503 
40315 99 
40325 895 
40334 668 
40334 484 
40335 1034 
40339 365 
40373 3404 
40394 644 
40402 953 
40418 448 
40419 1367 
40435 921 
40435 493 
40440 1659 
40475 191 
40533 1966 
40559 35 
40561 116 
40564 383 
40593 486 
40593 759 
40595 129 
40611 125 
40638 265 
40640 1180 
40644 216 
40659 111 
40660 811 
40679 992 
40679 1035 
40681 410 
40701 1659 
40703 663 
40708 662 
40729 255 
40734 766 
40737 241 
40746 2279 
40765 877 
40779 860 
40783 0 
40794 873 
40816 389 
40824 1 
40854 617 
40859 1094 
40883 83 
40972 767 
40972 1275 
40992 745 
41002 3430 
41015 433 
41020 191 
41030 111 
41048 243 
41064 1343 
41073 9 
41084 1066 
41113 2844 
41123 2721 
41131 213 
41135 3445 
41140 480 
41166 1812 
41174 1850 
41199 139 
41202 1609 
41216 2214 
41229 1340 
41266 11 
41270 2 
41293 114 
41301 201 
41302 3110 
41305 1 
41311 814 
41341 149 
41380 170 
41382 9 
41411 1131 
41458 7 
41485 583 
41533 2710 
41576 733 
41583 1064 
41589 1136 
41600 358 
41602 194 
41650 330 
41662 135 
41690 91 
41700 1614 
41713 739 
41821 930 
41831 278 
41846 205 
41877 1186 
41912 99 
41914 2095 
41920 252 
41927 56 
41939 11226 
41959 992 
41973 24 
41975 336 
41979 1025 
42028 670 
42059 8 
42073 975 
42078 162 
42095 361 
42120 194 
42153 759 
42154 434 
42157 625 
42162 44 
42181 623 
42196 4 
42217 321 
42300 165 
42312 22 
42329 1780 
42329 7254 
42349 717 
42401 346 
42450 5229 
42453 72 
42453 607 
42462 430 
42470 759 
42488 468 
42489 911 
42490 19 
42501 215 
42504 1494 
42508 118 
42513 504 
42538 916 
42539 3 
42551 173 
42563 28 
42574 452 
42579 1821 
42579 1073 
42650 795 
42653 3489 
42685 1939 
42688 776 
42711 180 
42716 2787 
42716 957 
42729 1066 
42744 3757 
42801 630 
42814 6 
42817 1583 
42825 300 
42842 263 
42869 507 
42957 1590 
42970 1326 
42987 27 
42994 256 
42999 934 
43000 264 
43003 49 
43010 445 
43052 764 
43082 490 
43084 302 
43092 898 
43097 1317 
43099 617 
43115 80 
43120 661 
43123 91 
43189 2178 
43196 1670 
43205 1603 
43212 1520 
43216 214 
43216 395 
43221 712 
43241 834 
43249 7605 
43273 1886 
43284 978 
43288 1578 
43300 164 
43303 237 
43360 524 
43360 1604 
43361 1671 
43362 528 
43370 1614 
43377 1207 
43389 1504 
43412 649 
43418 3 
43429 1906 
43431 425 
43452 101 
43468 79 
43485 1370 
43513 300 
43553 559 
43569 1442 
43572 2593 
43581 1154 
43666 126 
43667 1271 
43680 206 
43682 482 
43689 6368 
43698 69 
43726 713 
43745 1301 
43751 421 
43760 135 
43761 415 
43765 28 
43766 8 
43772 1588 
43775 426 
43791 564 
43795 213 
43798 254 
43803 888 
43824 598 
43828 132 
43837 860 
43837 17 
43841 1450 
43859 1276 
43934 164 
43944 174 
43964 154 
44039 742 
44043 14222 
44058 674 
44069 54 
44070 60 
44072 338 
44077 1119 
44079 982 
44083 450 
44083 1331 
44085 23 
44087 647 
44187 1797 
44200 12444 
44247 61 
44247 756 
44251 139 
44279 1254 
44281 2357 
44285 636 
44303 87 
44310 710 
44315 28 
44366 1127 
44383 453 
44391 1867 
44463 105 
44468 1143 
44475 207 
44505 540 
44514 416 
44537 2118 
44566 1610 
44583 294 
44584 8984 
44597 3305 
44613 14 
44615 1950 
44629 842 
44737 234 
44750 555 
44789 1199 
44837 793 
44842 4393 
44879 61 
44880 52 
44886 1651 
44898 1071 
44903 368 
44921 3538 
44933 219 
45013 131 
45020 1512 
45021 903 
45023 831 
45032 725 
45043 675 
45059 154 
45082 3419 
45097 787 
45118 2506 
45121 5267 
45137 675 
45145 338 
45149 287 
45150 241 
45156 749 
45156 920 
45214 675 
45267 50 
45287 35 
45294 25 
45295 258 
45305 41 
45307 1562 
45325 255 
45330 52 
45352 1650 
45353 229 
45365 1094 
45375 246 
45384 105 
45442 237 
45442 1279 
45443 2945 
45446 621 
45452 14 
45454 1182 
45456 1774 
45459 306 
45475 7947 
45479 204 
45499 1043 
45519 1701 
45546 126 
45548 119 
45561 137 
45595 1299 
45674 84 
45689 336 
45689 458 
45699 20 
45706 59 
45713 280 
45732 782 
45759 3529 
45759 1321 
45864 3627 
45876 1334 
45917 1886 
45923 1418 
45929 1 
45931 131 
45939 209 
45957 311 
46022 783 
46039 531 
46047 159 
46139 40 
46202 1459 
46209 1506 
46214 1607 
46229 317 
46233 466 
46241 532 
46257 319 
46258 310 
46280 269 
46286 1201 
46288 487 
46292 304 
46292 892 
46295 1019 
46308 370 
46313 2902 
46321 800 
46325 41 
46327 213 
46339 670 
46402 92 
46414 18 
46433 33 
46445 3810 
46460 1174 
46461 91 
46467 1323 
46485 690 
46535 76 
46615 1916 
46661 3566 
46692 476 
46704 321 
46769 1943 
46778 171 
46791 64 
46820 859 
46829 3583 
46838 1136 
46920 134 
46925 453 
46937 129 
46941 851 
46942 34 
46978 247 
46985 41 
47000 832 
47004 1824 
47029 163 
47030 373 
47036 212 
47039 3320 
47118 298 
47119 101 
47146 315 
47147 1919 
47148 586 
47158 1505 
47182 469 
47193 121 
47216 816 
47226 81 
47323 788 
47359 153 
47430 1172 
47549 1031 
47557 8505 
47566 666 
47568 14 
47572 330 
47581 85 
47589 267 
47625 112 
47696 67 
47707 292 
47722 1321 
47723 346 
47738 1049 
47757 78 
47776 42 
47779 1280 
47789 164 
47790 297 
47848 73 
47853 1595 
47863 1042 
47868 1000 
47878 1127 
47885 53 
47901 1068 
47902 6490 
47903 34 
47914 133 
47916 173 
47917 319 
47920 599 
47934 980 
47935 2252 
47943 913 
47948 711 
47956 37 
47960 1400 
48018 110 
48024 72 
48037 779 
48051 68 
48053 82 
48073 22 
48099 195 
48197 170 
48216 1443 
48229 1193 
48232 155 
48245 453 
48257 44 
48260 220 
48268 371 
48279 151 
48280 1940 
48286 157 
48299 48 
48299 2561 
48361 179 
48365 5145 
48368 2154 
48369 526 
48410 376 
48419 478 
48420 485 
48426 484 
48431 1062 
48437 532 
48441 24 
48450 96 
48457 24 
48466 1317 
48538 682 
48551 706 
48558 290 
48569 381 
48583 112 
48592 440 
48599 45 
48617 1333 
48626 543 
48633 5168 
48634 10 
48650 378 
48652 668 
48726 221 
48754 19 
48768 1204 
48793 87 
48805 258 
48809 883 
48815 1706 
48819 2823 
48829 60 
48841 736 
48844 689 
48934 1092 
48943 230 
48983 461 
48992 230 
49010 20 
49081 128 
49085 1028 
49131 130 
49133 246 
49136 165 
49145 1446 
49148 31 
49184 109 
49187 1157 
49251 1134 
49255 36 
49268 1123 
49295 1328 
49296 158 
49304 0 
49318 1196 
49319 279 
49326 295 
49329 2072 
49329 275 
49334 468 
49338 305 
49351 43 
49354 61 
49361 344 
49432 161 
49435 387 
49445 575 
49447 232 
49476 404 
49478 347 
49494 852 
49511 1742 
49522 453 
49593 158 
49608 429 
49643 1550 
49645 662 
49652 658 
49670 250 
49680 883 
49682 57 
49682 119 
49689 679 
49774 282 
49776 135 
49781 1091 
49822 1244 
49834 402 
49847 100 
49849 141 
49850 747 
49852 555 
49936 1239 
49942 24 
49986 557 
50021 733 
50028 43 
50035 294 
50048 40 
50117 61 
50124 341 
50131 1187 
50182 1302 
50273 83 
50275 817 
50279 1283 
50292 87 
50294 586 
50307 684 
50332 160 
50439 348 
50441 109 
50451 378 
50464 589 
50476 512 
50480 573 
50482 1771 
50485 2555 
50489 2713 
50494 1212 
50582 2394 
50637 990 
50651 141 
50658 806 
50666 146 
50674 30 
50741 288 
50760 17 
50768 466 
50776 792 
50789 25 
50798 642 
50806 405 
50809 503 
50822 733 
50834 161 
50843 86 
50853 199 
50857 2647 
50858 3888 
50944 95 
50946 121 
50954 794 
50954 1237 
50965 2325 
51001 1006 
51011 237 
51032 932 
51033 1347 
51038 648 
51045 2057 
51050 707 
51054 808 
51120 1204 
51122 993 
51123 1242 
51134 84 
51144 1966 
51152 423 
51169 591 
51187 1317 
51188 505 
51192 83 
51193 549 
51210 571 
51215 903 
51243 440 
51248 1722 
51323 1491 
51336 351 
51343 1947 
51368 1411 
51370 109 
51375 253 
51396 216 
51404 575 
51414 430 
51449 24 
51450 155 
51456 1085 
51458 555 
51536 375 
51558 420 
51558 400 
51570 993 
51574 138 
51610 1661 
51626 302 
51629 213 
51629 451 
51639 632 
51668 32 
51669 1377 
51675 188 
51745 79 
51756 51 
51764 188 
51766 395 
51791 5608 
51793 652 
51828 121 
51863 2233 
51866 280 
51950 174 
51972 107 
51980 1039 
51995 113 
51999 85 
52001 18757 
52034 1146 
52062 138 
52063 139 
52065 198 
52089 134 
52091 640 
52168 138 
52211 8761 
52211 178 
52215 1511 
52219 1102 
52225 152 
52227 435 
52228 1057 
52251 247 
52262 447 
52284 320 
52301 654 
52369 1182 
52379 39 
52403 277 
52425 1044 
52427 584 
52432 2774 
52444 480 
52452 1113 
52469 734 
52489 1730 
52493 1270 
52493 118 
52503 427 
52584 543 
52627 1525 
52694 646 
52779 180 
52783 24 
52813 1600 
52829 59 
52839 357 
52854 4844 
52922 1114 
52996 2389 
53051 617 
53059 606 
53088 70 
53095 1708 
53187 47 
53234 184 
53283 146 
53305 94 
53322 274 
53335 365 
53403 609 
53407 876 
53407 340 
53409 1238 
53413 416 
53424 1367 
53459 10 
53499 85 
53500 1175 
53512 6 
53537 109 
53609 143 
53626 622 
53635 1518 
53636 224 
53668 914 
53672 280 
53690 2845 
53694 3219 
53704 1125 
53718 1638 
53750 313 
53827 881 
53847 422 
53848 385 
53851 486 
53851 92 
53851 136 
53879 562 
53988 911 
54021 628 
54026 164 
54043 32 
54063 374 
54074 716 
54081 105 
54093 322 
54098 1313 
54106 26 
54126 350 
54210 275 
54215 3097 
54238 812 
54243 131 
54249 142 
54255 1252 
54260 827 
54261 308 
54267 2003 
54270 728 
54273 1491 
54313 2 
54323 247 
54333 289 
54347 462 
54354 401 
54356 150 
54364 482 
54373 56 
54397 614 
54403 204 
54405 187 
54470 124 
54478 1028 
54494 785 
54520 167 
54544 7771 
54552 785 
54586 236 
54588 243 
54612 190 
54636 143 
54647 796 
54717 25 
54719 122 
54758 140 
54763 38 
54798 248 
54805 1114 
54826 28 
54830 291 
54849 125 
54903 630 
54976 1502 
54992 2962 
55089 48 
55096 107 
55107 573 
55114 268 
55129 156 
55135 110 
55143 1282 
55146 25 
55156 2398 
55260 348 
55297 154 
55322 234 
55325 1859 
55326 1190 
55341 413 
55361 105 
55393 5419 
55411 549 
55446 1032 
55515 4107 
55522 290 
55555 845 
55556 356 
55562 1466 
55593 344 
55598 324 
55612 738 
55628 189 
55636 153 
55644 1149 
55669 167 
55676 669 
55690 109 
55692 122 
55718 378 
55795 1700 
55804 31 
55815 503 
55830 1141 
55835 79 
55867 37 
55880 225 
55896 1219 
55900 266 
55959 72 
55994 7 
55996 386 
56004 809 
56006 699 
56069 47 
56075 2407 
56149 1153 
56153 90 
56166 169 
56208 376 
56212 119 
56223 487 
56233 1008 
56346 44 
56349 8426 
56351 503 
56352 200 
56353 2110 
56368 19 
56395 135 
56404 1425 
56406 596 
56423 262 
56457 113 
56458 2218 
56464 1475 
56476 484 
56491 2044 
56497 182 
56502 14 
56571 3494 
56573 2052 
56584 1850 
56589 467 
56592 4341 
56616 688 
56649 991 
56673 926 
56703 5520 
56709 61 
56714 517 
56801 447 
56912 625 
56918 8 
56967 716 
57056 78 
57069 1268 
57082 808 
57092 153 
57142 2047 
57154 424 
57189 838 
57326 3510 
57326 451 
57328 774 
57330 44 
57357 1297 
57362 497 
57372 398 
57430 4233 
57497 783 
57506 1367 
57588 389 
57605 810 
57624 325 
57702 74 
57725 99 
57726 882 
57750 794 
57775 1412 
57784 242 
57796 346 
57799 507 
57807 41 
57821 337 
57832 835 
57847 1257 
57848 138 
57860 271 
57949 22 
57977 796 
57980 506 
57989 101 
58019 1185 
58056 787 
58073 182 
58117 577 
58202 877 
58259 318 
58284 607 
58293 246 
58324 1181 
58409 52 
58544 306 
58583 49 
58610 237 
58638 118 
58660 246 
58727 186 
58729 217 
58817 1622 
58853 702 
58859 712 
58874 224 
58874 217 
58883 10 
58885 51 
58924 7444 
58957 160 
58960 28 
58993 1133 
59004 758 
59099 63 
59138 336 
59180 1050 
59189 14 
59191 21 
59198 141 
59198 562 
59206 974 
59213 1367 
59220 468 
59253 1186 
59296 877 
59396 752 
59404 1132 
59459 571 
59477 371 
59517 162 
59525 229 
59526 825 
59531 905 
59544 558 
59547 70 
59553 39 
59561 271 
59570 81 
59573 1137 
59573 1750 
59577 871 
59605 2778 
59612 2330 
59622 1280 
59645 62 
59647 123 
59717 282 
59718 1317 
59743 581 
59779 110 
59792 1906 
59799 1306 
59843 66 
59851 849 
59867 185 
59880 156 
59882 409 
59897 5 
59904 657 
60026 483 
60097 1890 
60114 481 
60132 1396 
60134 1521 
60141 1658 
60143 1213 
60171 180 
60181 704 
60195 72 
60198 182 
60279 27 
60294 3 
60301 263 
60306 611 
60318 400 
60329 28 
60331 1206 
60337 352 
60367 77 
60370 7 
60393 628 
60530 5014 
60540 233 
60552 143 
60579 349 
60587 948 
60603 297 
60611 2736 
60617 374 
60738 474 
60776 1513 
60797 44 
60798 670 
60815 1441 
60848 178 
60886 357 
60955 242 
60990 853 
60993 291 
61003 396 
61028 1344 
61069 119 
61141 882 
61184 245 
61202 574 
61205 266 
61247 1070 
61248 240 
61248 2247 
61259 95 
61352 1146 
61355 74 
61355 73 
61396 205 
61419 305 
61429 520 
61437 648 
61438 5 
61499 239 
61502 136 
61606 246 
61621 755 
61669 1719 
61699 807 
61713 471 
61725 978 
61809 16 
61852 1411 
61860 16 
61896 1038 
61897 433 
61898 6 
61915 35 
61920 192 
61954 841 
62030 202 
62031 52 
62068 438 
62076 100 
62076 359 
62087 629 
62091 145 
62171 49 
62172 425 
62255 248 
62287 117 
62292 317 
62338 733 
62349 518 
62404 98 
62410 609 
62411 16 
62499 3651 
62500 1438 
62513 157 
62527 412 
62547 796 
62572 334 
62578 450 
62589 866 
62600 930 
62623 652 
62632 572 
62706 93 
62714 1029 
62721 562 
62729 160 
62782 1304 
62811 76 
62826 531 
62886 838 
62888 331 
62905 299 
62912 12 
62920 431 
62990 1105 
62991 336 
63088 267 
63117 536 
63119 149 
63127 261 
63259 602 
63301 111 
63308 254 
63322 54 
63331 1070 
63429 77 
63433 570 
63436 794 
63444 1780 
63458 392 
63485 7 
63494 1514 
63611 518 
63672 1125 
63685 3281 
63731 965 
63800 205 
63829 184 
63840 1032 
63880 999 
63906 120 
63907 3 
63914 38 
63922 405 
63927 27 
63934 60 
64074 70 
64087 22 
64223 37 
64243 146 
64246 468 
64248 86 
64251 691 
64258 74 
64296 69 
64298 514 
64329 103 
64340 115 
64427 1161 
64428 636 
64447 233 
64461 13 
64472 4893 
64493 965 
64509 153 
64534 924 
64535 149 
64588 897 
64619 585 
64620 507 
64739 206 
64771 280 
64787 76 
64836 1042 
64838 1703 
64979 402 
64994 1369 
65031 1111 
65043 755 
65112 2979 
65118 2621 
65127 254 
65282 1154 
65283 91 
65312 2115 
65345 982 
65350 276 
65357 749 
65370 752 
65377 15 
65380 151 
65454 1193 
65485 8 
65500 863 
65518 1529 
65519 43 
65520 210 
65522 65 
65549 836 
65566 119 
65609 141 
65633 842 
65637 657 
65658 138 
65673 972 
65685 1049 
65691 1083 
65771 181 
65779 144 
65804 1202 
65827 1031 
65834 62 
65854 233 
65873 929 
65923 513 
65936 1788 
65958 12 
65966 58 
65975 4383 
65994 1654 
66099 6 
66134 3139 
66150 156 
66163 318 
66212 6643 
66236 38 
66261 398 
66267 1457 
66284 104 
66303 1054 
66315 239 
66323 732 
66447 5318 
66500 1368 
66508 747 
66509 49 
66536 1256 
66545 4193 
66556 26 
66557 1262 
66567 844 
66589 357 
66691 1298 
66715 118 
66735 908 
66762 1091 
66762 469 
66798 1590 
66798 1550 
66799 81 
66827 1242 
66897 1572 
66911 343 
66997 476 
67023 4828 
67067 1021 
67099 1859 
67120 1335 
67127 863 
67196 1493 
67210 1052 
67212 32 
67242 139 
67242 213 
67257 947 
67333 384 
67335 416 
67417 544 
67422 730 
67455 388 
67466 753 
67473 698 
67494 972 
67548 280 
67656 1632 
67752 1379 
67757 106 
67796 737 
67813 54 
67838 153 
67998 355 
68000 1249 
68004 421 
68012 392 
68045 944 
68080 1137 
68085 263 
68111 361 
68126 1266 
68159 361 
68180 125 
68180 159 
68308 162 
68329 590 
68349 1396 
68363 11 
68373 597 
68373 154 
68407 236 
68442 697 
68482 1578 
68502 169 
68571 244 
68610 80 
68612 75 
68633 986 
68650 1190 
68658 112 
68692 1476 
68693 877 
68700 108 
68712 102 
68725 36 
68784 394 
68785 2116 
68813 741 
68814 879 
68898 1009 
68912 3497 
68938 110 
68945 396 
68964 1791 
69012 3648 
69023 531 
69027 1214 
69032 359 
69035 1585 
69103 160 
69118 280 
69242 750 
69261 2732 
69261 2925 
69353 1532 
69368 818 
69386 61 
69454 267 
69463 833 
69619 1679 
69624 16 
69637 418 
69698 440 
69744 122 
69765 58 
69782 1032 
69788 2156 
69802 712 
69821 594 
69963 1012 
70002 2299 
70012 1007 
70043 693 
70150 1308 
70262 191 
70287 31 
70360 4 
70389 648 
70413 1102 
70472 1679 
70493 1173 
70524 180 
70527 1554 
71001 2 
71053 3350 
71060 252 
71063 1680 
71097 473 
71158 105 
71202 105 
71229 227 
71243 76 
71290 999 
71327 701 
71418 1279 
71426 1162 
71458 309 
71494 157 
71505 1441 
71540 752 
71573 150 
71586 188 
71590 1111 
71601 225 
71626 86 
71630 437 
71644 1539 
71712 97 
71737 795 
71788 10 
71845 170 
71959 128 
71996 439 
71997 566 
72033 2 
72085 328 
72157 4 
72232 538 
72257 101 
72293 22 
72319 1178 
72388 646 
72436 1871 
72445 289 
72559 32 
72564 997 
72635 721 
72694 1109 
72702 46 
72911 2199 
72917 344 
72917 96 
72984 315 
73109 3060 
73165 1694 
73276 1 
73296 216 
73323 149 
73431 592 
73437 95 
73473 1395 
73476 1037 
73505 21 
73510 151 
73515 187 
73522 235 
73529 1050 
73539 38 
73560 442 
73578 4644 
73606 378 
73756 781 
73841 45 
73936 688 
73943 89 
74038 557 
74129 284 
74246 207 
74254 421 
74371 250 
74438 1017 
74476 176 
74523 2177 
74554 757 
74652 1058 
74658 289 
74696 1268 
74807 166 
74898 358 
74899 70 
74938 326 
74939 96 
74991 786 
75047 231 
75136 583 
75145 757 
75218 44 
75232 1056 
75265 439 
75271 143 
75274 262 
75306 17 
75346 105 
75352 324 
75363 103 
75574 839 
75640 1931 
75643 561 
75664 1551 
75676 320 
75695 749 
75740 324 
75765 64 
75779 155 
75905 84 
75977 1127 
76102 1117 
76104 842 
76227 229 
76233 83 
76389 200 
76404 99 
76404 1506 
76419 3904 
76454 445 
76543 2440 
76547 2432 
76552 195 
76661 164 
76691 44 
76710 1201 
76730 766 
76760 42 
76813 39 
76826 134 
76952 182 
76959 342 
76984 672 
77037 475 
77055 845 
77069 506 
77077 89 
77085 415 
77108 627 
77134 785 
77257 598 
77336 1357 
77370 525 
77406 1480 
77415 272 
77427 370 
77467 162 
77518 365 
77579 1535 
77608 4055 
77661 818 
77695 192 
77738 92 
77740 37 
77776 1443 
77865 756 
78001 299 
78032 251 
78074 3090 
78243 196 
78244 512 
78256 23 
78279 1309 
78359 505 
78375 512 
78466 159 
78482 446 
78565 116 
78648 1013 
78718 535 
78751 140 
78753 124 
78829 210 
78860 1271 
78897 55 
78921 32 
78929 20 
78929 1176 
79016 703 
79020 166 
79061 343 
79124 155 
79252 197 
79360 673 
79376 231 
79515 20 
79562 257 
79599 92 
79625 255 
79755 41 
79828 380 
79857 632 
79937 655 
79945 57 
80082 274 
80100 254 
80118 458 
80131 175 
80133 442 
80163 478 
80259 709 
80260 737 
80326 46 
80359 703 
80361 833 
80373 869 
80383 19 
80427 1265 
80428 783 
80453 1143 
80565 511 
80585 183 
80652 158 
80791 429 
80800 610 
80846 52 
80919 379 
80943 919 
81008 922 
81040 230 
81066 98 
81091 38 
81149 975 
81208 769 
81217 1316 
81223 86 
81244 1967 
81246 1376 
81272 251 
81452 15 
81530 196 
81533 1956 
81554 2901 
81566 22 
81635 605 
81648 285 
81967 528 
82007 373 
82089 278 
82495 755 
82859 882 
82928 364 
82936 29 
82953 648 
83019 157 
83034 207 
83157 751 
83162 115 
83192 22 
83206 150 
83356 83 
83366 119 
83410 96 
83418 176 
83486 3095 
83505 387 
83542 471 
83668 575 
83708 40 
83785 126 
83806 1240 
83815 14 
83936 712 
83955 1675 
83955 251 
83975 1093 
83991 2793 
83993 821 
84025 378 
84026 41 
84059 1917 
84198 376 
84211 773 
84288 416 
84293 821 
84486 1297 
84533 811 
84763 415 
84787 27021 
84909 1041 
84921 631 
84943 2415 
84951 446 
84956 5594 
85035 1052 
85040 613 
85148 1155 
85154 34 
85219 194 
85236 151 
85242 208 
85268 1042 
85277 884 
85348 315 
85552 707 
85683 265 
85715 857 
85729 454 
85819 2489 
85899 16 
85919 1199 
85951 247 
86006 1547 
86052 1027 
86250 2 
86350 3542 
86425 41 
86451 272 
86497 147 
86600 994 
86613 514 
86624 946 
86655 105 
86694 1165 
86755 1457 
86775 785 
87041 1325 
87108 294 
87113 576 
87301 30 
87709 272 
87816 831 
87935 1860 
88102 39 
88134 816 
88145 1548 
88334 1709 
88336 101 
88420 153 
88453 591 
88739 63 
88859 72 
88900 1845 
88923 319 
88944 442 
89011 2113 
89158 588 
89200 25 
89350 1296 
89577 389 
89683 905 
89738 810 
90331 912 
90332 491 
90367 226 
90726 107 
90878 382 
90933 145 
91136 1124 
91330 2063 
91503 574 
91623 230 
91644 762 
91889 498 
91970 268 
91985 279 
92217 32 
92235 566 
92326 47 
92707 268 
92834 1733 
92893 373 
92953 513 
93156 94 
93216 26 
93299 154 
93300 528 
94083 237 
94162 447 
94294 622 
94450 256 
94538 102 
94609 19 
94640 645 
94667 8667 
94727 334 
94754 239 
94895 370 
94971 183 
94987 574 
95261 236 
95454 25 
95750 698 
95982 264 
96095 231 
96172 35 
96408 86 
96768 161 
97069 1127 
97560 12 
97593 852 
98050 251 
98094 421 
98355 508 
98368 105 
98445 439 
98534 154 
98564 114 
98623 246 
98657 761 
98815 37 
98831 121 
99372 786 
99494 83 
99530 736 
99559 52 
99599 1365 
99667 1029 
99842 22 
99956 432 
100032 722 
100731 1423 
100774 1768 
100787 20 
100841 336 
101299 3939 
101541 1001 
101889 229 
101926 1441 
101958 398 
102272 258 
102456 749 
102925 2338 
103435 127 
103460 1137 
103938 127 
104030 533 
104257 783 
104658 1170 
104904 445 
105160 823 
105324 12 
105501 1649 
105543 469 
105547 1127 
105622 1753 
105720 407 
106033 1746 
106137 592 
106639 1116 
106855 13 
107524 4300 
107789 19 
107965 1002 
108099 9805 
108324 39 
108599 577 
108687 3094 
108723 1211 
109443 239 
109565 3231 
110501 52 
110769 129 
110960 353 
111003 956 
111948 267 
112123 1527 
112404 479 
112666 1818 
112677 116 
112769 142 
113490 106 
113678 2685 
113722 745 
114013 764 
114183 252 
114544 147 
114954 268 
115003 146 
115055 832 
116219 601 
116544 3766 
116624 577 
116718 644 
116876 862 
116908 181 
117369 96 
117676 31 
117799 909 
117898 6 
118010 47 
118015 408 
118099 88 
118648 113 
118767 1845 
118872 217 
119521 961 
120031 130 
120096 928 
120157 234 
120558 307 
120681 47 
120817 125 
120847 762 
120926 52 
120956 1426 
121214 30 
121414 6438 
121467 1150 
121544 332 
121752 146 
121783 519 
121788 16 
122054 898 
122079 112 
122098 119 
122137 581 
122307 7 
122341 228 
122767 2255 
122862 6238 
122893 181 
123169 1229 
123209 879 
123216 198 
123269 232 
123384 98 
123656 128 
123875 189 
123904 1418 
124238 2295 
124294 806 
124321 1548 
124462 171 
124700 1308 
124746 588 
124772 28 
124986 2935 
125571 107 
125625 2031 
125695 1067 
125891 530 
126000 1381 
126043 209 
126061 1367 
126074 676 
126172 786 
126201 1148 
126208 275 
126687 2594 
127500 146 
127607 587 
127811 193 
127890 490 
128152 135 
128402 795 
128555 372 
128582 1975 
128618 1005 
128790 288 
128935 265 
129166 10745 
129630 4680 
129733 796 
129806 1075 
130000 280 
130280 294 
130459 913 
130729 822 
130819 1151 
130876 1178 
130881 680 
131373 89 
132022 281 
132157 540 
132173 253 
132182 477 
132510 49 
132621 644 
132744 471 
132775 1071 
132915 1629 
133022 1479 
133111 1420 
133267 141 
133557 443 
133763 303 
133890 1316 
133978 1544 
134207 1373 
134208 1210 
134282 523 
134351 13 
134431 20 
134586 168 
134709 1073 
134726 319 
134960 1751 
135534 7 
135538 1210 
135787 17 
136086 593 
136200 581 
136205 311 
136862 199 
136865 210 
137373 542 
137412 274 
137481 36 
137496 1070 
137637 1012 
137904 153 
138051 595 
138098 306 
138101 419 
138284 178 
138329 235 
138423 48 
138476 819 
138577 450 
138662 1442 
139087 174 
139277 155 
139326 14168 
139463 2786 
139691 251 
139801 1523 
139859 856 
139964 1559 
140037 831 
140076 255 
140087 2 
140210 606 
140293 1447 
140572 718 
141511 475 
141795 294 
141961 89 
142017 4938 
142398 236 
142553 400 
142783 364 
142980 78 
143145 96 
143384 704 
143521 717 
143539 1291 
143539 1291 
143575 472 
143756 1401 
143889 833 
144020 103 
144065 5818 
144503 2080 
144531 770 
144664 955 
144686 104 
144761 28 
144854 2608 
145177 1310 
145195 140 
145347 931 
145366 231 
145472 59 
145513 308 
145535 1289 
145549 588 
145579 95 
145593 1707 
145709 123 
145941 2617 
146167 205 
146245 324 
146415 282 
146605 396 
146675 134 
146885 1060 
146920 625 
146939 1781 
147218 534 
147266 579 
147327 662 
147355 183 
147360 1862 
147421 27 
147623 53 
148098 2205 
148187 777 
148372 93 
148588 1 
148730 155 
148752 85 
149048 931 
149427 211 
149484 1118 
149703 197 
149881 31 
149986 1228 
150089 96 
150164 1148 
150187 828 
150242 1919 
150411 148 
150442 98 
150472 1596 
150635 42 
150729 1455 
150760 164 
151105 315 
151429 604 
151501 599 
151530 451 
151605 1260 
151825 807 
151843 468 
151846 46 
151933 1007 
152185 208 
152392 2225 
152689 409 
153002 427 
153011 5700 
153107 376 
153147 51 
153332 405 
153339 584 
153787 216 
154103 4 
154122 67 
154135 1109 
154137 178 
154210 517 
154217 66 
154333 977 
154480 433 
154522 1138 
154599 33 
154930 133 
154935 31 
154952 324 
155335 1313 
155465 766 
155826 1098 
155985 538 
156127 1005 
156494 21 
156521 1434 
156538 103 
156607 2154 
156613 28 
156632 1479 
156859 1046 
157080 1344 
157134 573 
157143 1637 
157621 45 
157623 1446 
157637 527 
157670 177 
157730 81 
158074 76 
158083 0 
158247 275 
158479 2 
158577 27 
159066 273 
159296 433 
159391 204 
159469 121 
159679 779 
159938 0 
160092 63 
160112 26 
160316 186 
160338 2846 
160341 1595 
160521 15 
160659 1099 
160863 500 
160878 326 
161526 202 
161558 945 
161642 113 
162162 207 
162181 672 
162216 381 
163139 1484 
163252 113 
163271 252 
163573 115 
163600 1861 
164346 1079 
164359 607 
164403 119 
164627 1343 
164775 485 
164925 61 
165085 206 
165336 891 
165353 334 
165470 207 
166068 90 
166242 1022 
166378 1869 
166460 50 
166632 257 
167317 1206 
167623 483 
167906 194986 
167908 37 
167926 206 
167961 153 
168359 1230 
168520 700 
168682 219 
168822 95 
169348 758 
169801 26 
169861 1629 
170209 301 
170566 1273 
171600 500 
171977 202 
173402 211 
173854 326 
174353 38 
174541 205 
176513 468 
177960 24 
178254 45 
178814 106 
180090 2306 
181627 7 
182977 133 
183824 1899 
183956 1737 
184541 1720 
188941 215 
192145 122 
192832 643 
193416 914 
195286 1957 
195502 139 
199266 753 
199965 778 
205533 1516 
207241 130 
210555 342 
210671 69 
210885 929 
212645 5716 
213362 1240 
213760 188 
213812 210 
213827 288 
214415 150 
215606 884 
217765 994 
220226 3919 
221657 2813 
221756 108 
221954 1253 
222104 2072 
226211 436 
226872 544 
227765 10 
227828 747 
228467 491 
229394 1439 
230183 324 
230218 532 
230452 63 
231210 368 
231525 617 
232497 1611 
232706 85 
232995 728 
233062 99 
233172 1133 
234757 15 
235234 536 
236032 1073 
236736 40 
237647 513 
238073 131 
238084 811 
238998 238 
239966 122 
239988 139 
240082 58 
240404 81 
241239 80 
241850 61 
242067 594 
242612 59 
243077 798 
243137 178 
243371 842 
244313 2815 
244473 97 
244812 259 
245491 325 
248019 452 
249668 16 
250067 30 
251225 48 
252146 211 
252533 487 
252676 165 
252697 1437 
254022 1743 
254326 76 
257475 872 
257750 126 
258407 3 
258604 242 
259398 57 
259711 796 
260596 969 
263982 1394 
266437 84 
270521 66 
284407 42 
286778 123 
287841 1537 
288501 19 
294503 3079 
294863 313 
295230 31 
295703 48 
299489 739 
300087 691 
300297 1404 
303821 229 
306282 2666 
310950 1241 
311203 416 
313944 180 
316663 1971 
317836 194 
319417 648 
320839 1078 
322414 323 
327457 1761 
329539 84 
331334 4490 
331762 595 
331961 2675 
334029 76 
334125 1590 
336156 243 
338614 1409 
340760 1 
343170 219 
347453 266 
354275 1357 
354842 281 
368839 659 
384828 62 
387873 1198 
391761 1308 
394708 709 
395499 598 
404500 1613 
407342 1587 
407395 796 
411680 385 
411683 90 
414921 134 
417484 551 
420449 1069 
422721 122 
429935 789 
430053 3447 
431350 21 
443988 126 
446929 60 
453530 179 
457669 679 
464295 759 
482150 63 
484659 152 
491507 759 
500665 793 
503244 839 
505444 28 
512876 275 
514682 64 
517025 539 
519895 1439 
520828 359 
536590 125 
550099 2492 
580175 569 
583614 93 
587419 256 
596357 165 
603322 22 
