5645 10.1062962963
0 1791184 
9 244 
10 357 
11 119 
11 73 
13 66 
14 225 
14 415 
14 23 
15 223 
17 114 
18 114 
18 241 
18 93 
19 15 
20 62 
20 105 
21 71 
21 133 
21 814 
21 301 
21 75 
21 559 
22 31 
22 310 
22 118 
24 685 
24 522 
24 95 
24 95 
25 288 
25 62 
26 169 
26 97 
26 93 
26 1102 
26 73 
27 149 
27 109 
27 174 
27 104 
27 166 
27 69 
28 55 
28 95 
28 110 
28 38 
28 51 
29 44 
29 184 
29 18 
29 116 
30 9 
30 7 
30 120 
30 87 
30 101 
30 39 
31 147 
31 42 
31 293 
31 739 
32 120 
32 127 
32 68 
32 81 
32 322 
32 376 
32 201 
33 192 
33 142 
33 105 
33 178 
33 4 
33 108 
33 101 
33 127 
34 54 
34 530 
34 32 
34 117 
34 495 
34 74 
34 158 
35 95 
35 401 
35 59 
35 66 
35 59 
35 29 
35 167 
36 63 
36 417 
36 1151 
36 88 
36 69 
36 45 
36 79 
36 67 
37 199 
37 62 
37 39 
37 23 
37 115 
38 445 
38 121 
38 33 
38 167 
38 44 
38 106 
38 167 
38 142 
38 82 
38 950 
39 315 
39 238 
39 114 
39 36 
39 92 
40 104 
40 452 
40 133 
40 52 
40 26 
40 138 
40 594 
40 1159 
40 178 
40 506 
41 163 
41 119 
41 200 
41 16 
41 89 
41 206 
41 66 
41 43 
41 182 
41 101 
42 291 
42 34 
42 350 
42 152 
42 47 
42 100 
42 57 
42 12 
43 235 
43 555 
43 155 
43 17 
43 99 
43 260 
43 101 
44 85 
44 39 
44 170 
44 29 
44 90 
44 79 
44 123 
44 220 
44 81 
44 46 
44 85 
45 21 
45 223 
45 204 
45 459 
45 22 
45 351 
45 96 
45 285 
45 130 
45 129 
45 334 
45 21 
45 26 
46 86 
46 83 
46 46 
46 1079 
46 93 
46 10 
46 73 
46 54 
47 349 
47 33 
47 26 
47 152 
47 77 
47 325 
47 79 
47 492 
47 191 
47 10 
48 643 
48 360 
48 147 
48 24 
48 150 
48 439 
49 53 
49 79 
49 98 
49 0 
49 84 
49 52 
49 319 
50 268 
50 38 
50 127 
50 87 
50 54 
50 79 
50 186 
50 152 
50 63 
50 17 
51 34 
51 74 
51 116 
51 74 
52 832 
52 8 
52 252 
52 149 
52 171 
52 244 
52 40 
52 266 
52 108 
52 29 
52 94 
52 198 
52 63 
52 154 
52 113 
53 124 
53 144 
53 183 
53 46 
53 200 
53 37 
53 63 
53 192 
53 205 
53 1389 
53 52 
54 388 
54 82 
54 94 
54 18 
54 200 
54 98 
54 11 
54 209 
54 106 
55 118 
55 203 
55 334 
55 75 
55 75 
55 414 
56 171 
56 76 
56 419 
56 6 
56 224 
56 39 
56 133 
56 42 
56 288 
56 273 
56 68 
56 67 
56 208 
56 130 
57 61 
57 246 
57 56 
57 33 
57 29 
57 135 
58 186 
58 340 
58 96 
58 381 
58 40 
58 111 
59 20 
59 28 
59 164 
59 250 
59 131 
59 70 
59 104 
60 50 
60 55 
60 142 
60 156 
60 54 
60 28 
60 202 
61 87 
61 188 
61 41 
61 297 
61 257 
61 34 
61 35 
61 38 
61 35 
61 6 
61 932 
61 144 
61 212 
61 456 
61 78 
62 167 
62 438 
62 126 
62 228 
62 31 
62 70 
62 191 
62 174 
63 94 
63 119 
63 24 
64 93 
64 5 
64 45 
64 130 
64 187 
64 55 
64 129 
64 203 
64 162 
64 31 
64 175 
64 197 
64 440 
64 45 
65 39 
65 81 
65 183 
65 103 
65 41 
65 112 
65 242 
65 66 
65 25 
66 37 
66 686 
66 48 
66 160 
66 31 
66 507 
67 66 
67 107 
67 74 
67 43 
67 112 
67 28 
67 45 
67 208 
68 126 
68 332 
68 377 
68 36 
68 130 
68 118 
68 161 
68 36 
69 60 
69 63 
69 183 
69 98 
69 19 
69 324 
69 66 
69 27 
69 214 
69 136 
69 109 
70 23 
70 79 
70 62 
70 47 
71 154 
71 112 
71 134 
71 252 
71 43 
71 74 
72 456 
72 163 
72 51 
72 62 
72 30 
72 434 
72 95 
72 13 
72 49 
73 65 
73 154 
73 48 
73 409 
73 28 
73 308 
73 273 
73 1021 
73 123 
73 235 
73 74 
74 49 
74 99 
74 94 
74 37 
74 10 
74 70 
74 293 
74 28 
74 171 
75 737 
75 136 
75 108 
75 225 
75 22 
75 93 
75 874 
76 109 
76 621 
76 220 
76 145 
76 126 
76 66 
76 134 
76 38 
76 13 
76 299 
77 18 
77 87 
77 74 
77 537 
77 49 
78 158 
78 72 
78 85 
78 178 
78 83 
78 202 
78 25 
78 61 
79 175 
79 93 
79 50 
79 42 
79 46 
79 122 
79 13 
79 67 
80 615 
80 201 
80 166 
80 97 
80 59 
80 67 
80 121 
80 196 
80 161 
80 37 
81 150 
81 36 
81 81 
81 60 
82 95 
82 64 
82 935 
82 24 
82 65 
82 219 
82 77 
83 169 
83 39 
83 98 
83 84 
83 297 
83 46 
83 45 
83 47 
83 96 
83 186 
84 226 
84 277 
84 24 
84 92 
84 121 
84 27 
85 109 
85 100 
85 1677 
86 122 
86 144 
86 190 
87 55 
87 95 
87 202 
87 1277 
87 115 
87 120 
87 230 
88 208 
88 143 
89 346 
89 29 
90 109 
90 58 
90 79 
90 251 
90 101 
90 83 
90 82 
90 66 
90 30 
90 83 
90 58 
90 193 
90 232 
90 36 
90 106 
90 42 
91 433 
91 150 
91 156 
92 56 
92 86 
92 77 
92 79 
92 506 
92 218 
92 68 
93 38 
93 88 
93 12 
93 55 
93 330 
93 247 
94 64 
94 39 
94 55 
94 162 
94 149 
94 61 
94 19 
94 250 
94 94 
95 25 
95 45 
95 81 
95 150 
96 202 
96 78 
96 52 
96 245 
97 145 
97 94 
97 26 
97 113 
97 104 
97 190 
97 353 
98 110 
98 149 
98 24 
98 19 
98 126 
98 303 
99 202 
99 78 
99 1432 
99 79 
99 113 
99 40 
99 39 
99 43 
99 203 
100 187 
100 66 
100 148 
100 122 
100 194 
100 254 
101 171 
101 44 
101 60 
101 165 
101 184 
101 53 
102 57 
102 124 
102 86 
102 25 
102 134 
103 270 
103 16 
103 8 
103 45 
104 88 
104 102 
104 110 
104 224 
104 31 
104 44 
105 156 
105 48 
105 188 
105 92 
105 85 
105 12 
106 28 
106 23 
106 125 
106 198 
106 110 
106 67 
107 24 
107 715 
107 297 
107 1410 
107 148 
107 108 
107 103 
107 53 
107 53 
108 88 
108 186 
108 31 
108 161 
108 58 
108 75 
108 24 
108 5 
108 116 
108 437 
109 75 
109 182 
109 276 
109 163 
109 243 
109 231 
109 70 
109 55 
109 172 
109 16 
109 100 
109 50 
110 66 
110 267 
110 403 
110 26 
110 43 
110 69 
110 505 
110 274 
111 7 
111 267 
111 119 
112 1143 
112 109 
112 211 
112 21 
112 11 
113 64 
113 172 
113 267 
113 320 
113 71 
114 56 
114 58 
115 72 
115 10 
115 245 
115 116 
115 77 
115 117 
115 565 
115 188 
116 64 
116 276 
116 155 
116 12 
116 173 
116 124 
116 74 
117 122 
118 148 
118 570 
118 53 
118 60 
119 246 
119 80 
119 317 
119 25 
119 30 
119 34 
119 245 
119 30 
120 111 
120 110 
120 1491 
120 82 
120 30 
120 10 
121 41 
121 20 
121 267 
121 73 
121 62 
121 103 
121 109 
122 722 
122 21 
122 507 
122 72 
122 92 
122 223 
123 92 
123 77 
123 16 
123 157 
123 260 
123 269 
124 189 
124 31 
124 270 
124 611 
124 62 
124 162 
125 177 
125 227 
125 86 
125 77 
125 115 
125 193 
125 110 
126 44 
126 23 
126 28 
127 68 
127 61 
127 219 
127 118 
127 903 
127 126 
127 165 
127 64 
127 134 
127 162 
127 24 
128 79 
128 111 
128 91 
128 184 
128 60 
129 471 
129 28 
129 227 
129 17 
129 1064 
129 71 
129 55 
129 715 
130 73 
130 58 
130 93 
130 75 
130 27 
130 221 
130 76 
130 55 
130 28 
130 86 
131 18 
131 55 
131 149 
132 50 
132 26 
132 451 
133 42 
133 42 
133 80 
133 252 
133 36 
134 48 
134 34 
134 959 
135 42 
135 24 
135 110 
135 99 
135 27 
135 18 
135 46 
135 45 
136 474 
136 242 
136 316 
136 158 
136 76 
136 48 
136 91 
136 46 
137 1355 
137 40 
137 191 
137 106 
137 245 
138 37 
138 60 
138 172 
138 28 
138 17 
138 81 
139 34 
139 275 
139 239 
139 98 
139 67 
139 66 
139 23 
139 66 
140 736 
140 210 
140 56 
140 188 
140 140 
140 172 
140 19 
140 307 
141 153 
141 90 
141 103 
141 136 
142 126 
142 34 
142 123 
142 67 
142 32 
143 443 
143 1211 
143 67 
143 65 
143 400 
144 632 
144 191 
144 79 
144 116 
144 52 
144 15 
144 94 
145 37 
145 76 
146 95 
147 87 
147 98 
147 226 
147 31 
147 59 
147 234 
148 103 
148 98 
148 199 
148 102 
149 102 
149 164 
149 66 
150 78 
150 67 
150 97 
150 165 
150 131 
150 78 
150 63 
210 270 
210 28 
210 107 
211 71 
211 84 
211 604 
212 3753 
212 47 
212 196 
213 129 
213 64 
214 35 
214 49 
214 91 
215 67 
215 30 
217 65 
217 75 
217 76 
217 30 
217 98 
218 87 
218 61 
218 39 
218 121 
219 231 
219 47 
220 99 
220 154 
221 493 
222 317 
222 130 
222 105 
223 170 
223 38 
223 127 
223 112 
224 181 
224 49 
224 488 
224 241 
225 253 
226 68 
226 108 
226 89 
227 27 
227 107 
228 112 
228 175 
228 56 
228 109 
228 228 
229 144 
229 187 
230 52 
230 157 
230 78 
231 109 
231 1314 
232 32 
232 234 
232 54 
232 85 
232 170 
232 158 
232 49 
232 12 
233 76 
233 147 
234 137 
234 123 
234 75 
235 58 
235 745 
236 112 
236 199 
236 119 
236 50 
237 428 
237 87 
238 190 
239 99 
239 33 
239 98 
240 323 
240 241 
241 30 
241 327 
241 68 
241 253 
242 54 
242 373 
243 14 
244 57 
244 118 
244 38 
245 80 
245 44 
245 105 
246 67 
247 34 
247 84 
247 528 
248 102 
248 51 
248 75 
248 497 
248 111 
248 203 
248 33 
248 144 
249 157 
249 134 
249 134 
250 245 
250 240 
251 106 
251 99 
251 183 
252 539 
253 109 
253 102 
254 36 
254 377 
254 33 
254 148 
255 182 
255 123 
255 5 
256 45 
256 117 
256 40 
256 140 
256 40 
256 93 
256 46 
257 55 
257 956 
258 175 
258 45 
258 165 
259 87 
259 81 
259 644 
259 58 
260 57 
260 106 
260 26 
260 256 
262 6 
263 247 
263 32 
264 57 
266 104 
266 88 
266 21 
267 498 
267 88 
267 34 
267 29 
267 12 
267 136 
268 12 
269 83 
270 11 
270 17 
271 50 
271 241 
271 84 
272 133 
273 34 
273 138 
274 186 
274 122 
274 218 
274 52 
275 188 
275 161 
276 86 
276 124 
276 89 
278 51 
278 1285 
278 55 
279 201 
279 62 
279 424 
280 1430 
280 56 
280 39 
281 122 
281 169 
281 23 
282 198 
282 68 
282 15 
282 69 
282 144 
283 139 
283 89 
283 217 
284 135 
284 98 
284 29 
284 47 
284 916 
284 35 
285 407 
285 76 
285 78 
285 77 
285 57 
285 132 
285 108 
286 53 
286 54 
287 19 
287 24 
287 18 
287 343 
288 891 
288 85 
288 47 
288 60 
288 29 
289 90 
290 175 
291 186 
291 74 
291 135 
292 220 
292 9 
293 45 
294 12 
294 206 
294 56 
296 62 
296 180 
298 76 
298 10 
298 60 
298 137 
299 72 
299 116 
299 490 
300 64 
301 46 
301 73 
301 113 
301 519 
302 293 
303 408 
304 18 
304 194 
305 121 
305 188 
305 48 
306 72 
306 26 
306 57 
307 16 
309 16 
309 226 
310 55 
310 162 
311 42 
312 465 
312 14 
312 39 
312 8 
313 63 
313 63 
315 118 
316 70 
316 127 
316 331 
316 358 
316 29 
317 32 
317 21 
318 26 
318 141 
319 38 
319 247 
321 43 
322 59 
322 29 
322 81 
322 164 
322 62 
322 248 
323 45 
323 124 
324 109 
324 88 
324 117 
325 181 
325 278 
325 262 
325 286 
325 207 
326 220 
326 130 
326 146 
327 269 
327 7 
328 87 
328 199 
328 62 
328 109 
329 127 
329 42 
329 17 
330 162 
330 394 
331 262 
332 46 
332 147 
332 62 
332 483 
332 49 
332 145 
333 160 
334 48 
334 120 
334 160 
336 925 
336 97 
336 67 
337 163 
337 178 
337 14 
338 143 
339 17 
340 67 
341 29 
341 40 
341 162 
341 101 
341 1 
341 95 
342 166 
342 83 
342 498 
343 106 
343 94 
343 61 
344 4 
344 125 
344 22 
344 27 
344 26 
345 2204 
345 13 
345 117 
346 53 
346 90 
347 33 
347 99 
348 28 
349 107 
349 20 
349 88 
349 85 
351 73 
351 172 
351 69 
354 1079 
354 347 
356 40 
356 33 
356 218 
358 97 
359 56 
359 154 
360 33 
360 247 
360 411 
360 39 
363 100 
363 36 
364 63 
364 61 
365 82 
366 127 
367 47 
367 92 
368 80 
368 30 
368 42 
370 80 
371 13 
371 329 
371 44 
371 250 
372 50 
372 125 
372 212 
373 89 
373 87 
373 84 
373 94 
373 424 
373 16 
374 129 
374 128 
374 120 
375 304 
375 29 
376 247 
377 149 
378 247 
378 119 
379 16 
380 272 
381 88 
382 166 
384 197 
384 47 
384 541 
384 74 
385 3 
385 37 
386 84 
386 160 
387 79 
387 153 
388 48 
388 154 
389 40 
389 166 
390 82 
391 155 
392 68 
393 70 
394 341 
394 127 
394 135 
395 33 
396 176 
396 18 
397 86 
397 139 
398 12 
398 357 
398 15 
399 32 
399 74 
399 444 
400 61 
402 117 
402 78 
403 91 
403 241 
403 132 
404 30 
405 135 
405 34 
405 94 
406 47 
407 48 
407 450 
407 158 
408 52 
408 34 
409 111 
409 76 
410 68 
410 289 
411 282 
411 55 
412 60 
413 221 
413 71 
414 13 
415 19 
416 160 
417 1634 
417 12 
418 123 
419 58 
419 41 
419 130 
419 190 
420 100 
421 130 
421 64 
421 234 
421 122 
422 81 
422 497 
422 128 
422 21 
423 46 
423 20 
423 153 
424 55 
425 58 
425 61 
426 79 
428 208 
429 612 
429 70 
429 132 
429 40 
430 265 
430 134 
430 190 
430 11 
431 89 
431 168 
431 150 
432 41 
433 344 
433 123 
434 45 
434 66 
435 71 
436 43 
436 195 
436 15 
437 609 
437 59 
438 259 
439 98 
439 57 
439 73 
439 83 
440 85 
440 123 
441 50 
441 355 
441 118 
442 44 
442 90 
442 761 
443 36 
444 107 
444 22 
444 873 
444 208 
445 41 
446 116 
447 121 
447 202 
449 47 
451 86 
451 158 
452 36 
452 7 
452 57 
453 138 
453 12 
454 45 
454 121 
456 80 
456 74 
458 263 
458 53 
459 154 
463 120 
464 9 
466 53 
466 58 
467 132 
467 71 
469 47 
470 119 
470 56 
535 200 
536 721 
537 85 
538 78 
538 111 
539 172 
539 13 
540 272 
542 86 
542 56 
542 68 
543 109 
543 166 
545 59 
548 135 
550 157 
551 219 
551 139 
551 28 
552 57 
552 13 
554 48 
554 3 
554 27 
554 76 
554 141 
556 58 
558 42 
559 24 
559 212 
562 48 
563 133 
564 40 
566 41 
568 121 
569 5 
569 17 
570 98 
570 138 
570 184 
571 94 
571 60 
571 26 
572 79 
573 181 
573 38 
574 59 
575 19 
575 213 
575 66 
576 22 
576 74 
577 208 
577 481 
579 186 
581 20 
581 48 
581 87 
582 90 
585 206 
586 53 
587 61 
587 48 
588 50 
589 70 
589 35 
590 92 
590 218 
590 124 
590 124 
591 99 
592 261 
593 67 
595 48 
597 260 
597 52 
598 80 
599 72 
599 9 
599 176 
599 30 
600 84 
600 7 
601 57 
601 160 
602 77 
602 61 
603 31 
604 92 
606 195 
608 70 
608 22 
609 40 
609 76 
610 219 
610 147 
610 95 
610 195 
611 31 
611 270 
613 229 
613 38 
616 97 
616 242 
617 327 
619 120 
620 10 
620 146 
621 12 
621 323 
622 21 
623 41 
624 86 
627 59 
627 156 
627 92 
627 141 
627 130 
628 565 
629 26 
630 63 
631 81 
631 83 
632 84 
632 130 
635 66 
637 63 
638 69 
639 83 
639 328 
640 187 
641 39 
643 130 
643 33 
643 13 
643 130 
644 55 
646 269 
646 125 
647 20 
647 118 
648 196 
649 19 
649 587 
650 150 
650 125 
650 213 
651 76 
651 133 
652 274 
652 45 
653 46 
653 155 
653 120 
654 41 
655 195 
655 115 
655 144 
656 135 
656 24 
657 34 
658 67 
662 84 
663 48 
664 57 
664 151 
666 34 
666 293 
668 23 
669 32 
669 142 
669 141 
670 35 
670 41 
670 277 
670 51 
672 59 
673 69 
675 221 
675 212 
676 15 
677 87 
677 135 
677 135 
678 203 
681 190 
683 149 
684 133 
685 212 
686 48 
687 47 
687 221 
687 389 
687 23 
688 103 
688 104 
689 14 
689 57 
691 61 
691 178 
692 203 
693 225 
693 37 
694 70 
695 223 
695 131 
696 69 
696 110 
699 88 
699 78 
700 250 
700 11 
702 160 
702 69 
702 108 
702 22 
703 48 
704 189 
706 22 
707 46 
709 25 
711 467 
712 55 
712 43 
712 92 
715 147 
716 212 
717 58 
717 176 
718 51 
718 379 
718 69 
719 35 
719 206 
720 16 
721 14 
721 167 
722 45 
723 60 
723 264 
724 32 
725 46 
726 129 
728 88 
728 28 
729 6 
729 61 
729 117 
729 31 
730 64 
730 88 
731 108 
731 30 
732 55 
733 153 
733 45 
733 84 
734 68 
734 286 
735 33 
735 93 
735 134 
736 70 
736 92 
737 376 
738 253 
738 216 
739 90 
740 161 
741 73 
741 243 
742 192 
746 303 
746 446 
747 101 
748 389 
748 138 
749 26 
750 90 
750 176 
751 244 
751 149 
755 89 
755 155 
756 151 
758 12 
760 26 
760 244 
763 451 
764 93 
767 69 
767 33 
768 90 
769 77 
771 72 
772 40 
774 21 
775 56 
776 156 
777 40 
779 60 
779 46 
780 11 
781 9 
781 263 
782 151 
782 34 
783 49 
785 194 
785 235 
785 23 
785 39 
786 20 
786 68 
787 30 
787 92 
788 50 
788 84 
790 112 
790 98 
790 127 
791 72 
792 52 
793 290 
794 118 
795 132 
795 129 
795 83 
795 100 
796 144 
797 168 
797 17 
797 105 
798 70 
799 42 
800 11 
800 48 
800 133 
801 8 
804 86 
804 97 
805 42 
806 47 
807 208 
807 60 
808 39 
810 52 
810 78 
813 105 
814 313 
814 139 
815 13 
815 156 
815 180 
815 82 
815 64 
818 57 
821 52 
821 122 
823 83 
824 76 
824 27 
825 28 
825 225 
825 22 
825 66 
826 31 
827 16 
828 267 
830 48 
830 96 
830 12 
830 89 
830 87 
830 160 
831 227 
831 28 
832 76 
833 39 
833 53 
836 33 
836 34 
837 86 
838 17 
839 43 
845 79 
845 14 
846 56 
848 145 
848 125 
848 45 
848 81 
851 223 
852 17 
853 129 
853 106 
855 36 
855 32 
857 59 
859 131 
860 174 
862 18 
862 49 
866 46 
867 245 
867 82 
868 104 
868 16 
869 58 
870 763 
871 53 
871 48 
873 56 
875 57 
875 26 
878 134 
878 120 
879 27 
881 85 
883 99 
884 324 
885 26 
885 32 
887 122 
888 30 
888 40 
888 202 
889 407 
893 29 
895 73 
895 143 
896 26 
898 138 
899 443 
900 54 
900 127 
904 283 
905 32 
905 45 
906 134 
909 41 
910 33 
913 132 
914 44 
914 369 
916 99 
916 78 
918 78 
918 137 
920 75 
921 78 
922 23 
925 23 
925 99 
926 184 
928 5 
930 18 
931 122 
934 38 
934 83 
935 36 
938 29 
939 23 
939 40 
940 194 
941 19 
943 123 
944 51 
945 83 
946 23 
948 21 
948 216 
950 81 
951 2 
952 163 
952 176 
953 19 
953 10 
953 31 
954 77 
955 33 
955 66 
960 39 
960 286 
960 34 
961 39 
964 22 
965 203 
966 151 
966 14 
966 44 
967 204 
967 49 
968 38 
970 80 
970 13 
971 129 
973 29 
974 60 
974 125 
975 67 
975 101 
976 22 
976 17 
979 95 
979 3 
981 3 
981 184 
985 15 
989 25 
990 36 
990 172 
993 187 
993 1537 
994 175 
995 51 
1053 35 
1055 142 
1057 151 
1059 47 
1060 37 
1061 57 
1062 65 
1064 29 
1065 124 
1065 115 
1066 26 
1066 99 
1069 284 
1073 94 
1074 122 
1075 62 
1076 48 
1076 34 
1078 67 
1080 386 
1081 17 
1081 31 
1081 6 
1082 281 
1084 20 
1085 307 
1087 27 
1088 10 
1090 221 
1094 90 
1095 44 
1095 202 
1099 215 
1100 64 
1102 17 
1104 273 
1104 319 
1105 16 
1110 278 
1110 60 
1112 43 
1112 134 
1114 214 
1115 39 
1115 25 
1115 37 
1116 60 
1117 21 
1118 58 
1119 182 
1119 50 
1123 62 
1124 440 
1124 50 
1125 91 
1126 22 
1126 70 
1127 28 
1128 75 
1130 34 
1131 4 
1131 202 
1132 138 
1132 145 
1134 150 
1134 27 
1134 221 
1138 3037 
1140 8 
1145 15 
1145 83 
1146 41 
1150 19 
1151 19 
1152 212 
1153 74 
1154 101 
1155 16 
1155 26 
1155 84 
1155 222 
1156 1211 
1158 47 
1159 60 
1160 154 
1161 51 
1167 153 
1168 22 
1169 84 
1170 11 
1171 244 
1171 335 
1172 102 
1173 89 
1174 94 
1174 146 
1175 1805 
1175 232 
1175 20 
1176 19 
1179 38 
1180 78 
1181 139 
1183 65 
1184 32 
1184 78 
1185 29 
1188 43 
1188 46 
1189 28 
1190 298 
1193 186 
1194 67 
1196 40 
1197 74 
1197 126 
1197 182 
1198 100 
1199 261 
1200 10 
1200 36 
1202 24 
1202 26 
1203 186 
1205 48 
1205 89 
1205 64 
1209 8 
1212 59 
1213 168 
1214 19 
1216 117 
1216 140 
1217 60 
1218 152 
1218 60 
1219 24 
1225 42 
1225 155 
1225 37 
1228 42 
1230 30 
1234 136 
1236 5 
1238 146 
1239 95 
1243 128 
1245 256 
1246 6 
1254 20 
1258 146 
1258 68 
1259 157 
1259 209 
1261 203 
1264 416 
1266 98 
1267 9 
1270 151 
1271 16 
1273 8 
1274 68 
1277 380 
1277 361 
1277 55 
1277 3 
1278 293 
1278 31 
1282 41 
1283 68 
1284 38 
1288 25 
1290 53 
1292 113 
1292 15 
1293 50 
1296 17 
1296 637 
1299 153 
1299 40 
1300 59 
1300 45 
1302 32 
1303 306 
1306 252 
1309 302 
1310 153 
1314 840 
1317 52 
1318 245 
1320 74 
1322 43 
1322 107 
1323 11 
1324 93 
1325 28 
1327 55 
1329 177 
1331 34 
1332 220 
1336 21 
1336 139 
1338 69 
1339 305 
1342 112 
1342 23 
1343 193 
1347 10 
1351 101 
1351 14 
1351 125 
1352 67 
1353 11 
1354 355 
1362 29 
1362 29 
1364 176 
1365 35 
1366 16 
1367 79 
1370 42 
1370 120 
1371 70 
1372 99 
1376 58 
1378 48 
1379 39 
1379 40 
1380 75 
1380 266 
1382 295 
1382 234 
1384 224 
1384 94 
1384 166 
1384 33 
1385 34 
1386 155 
1387 124 
1388 16 
1388 26 
1392 54 
1395 67 
1396 28 
1396 48 
1397 25 
1399 353 
1399 25 
1401 103 
1403 12 
1403 47 
1404 5 
1405 78 
1406 236 
1407 28 
1411 142 
1414 14 
1415 105 
1416 24 
1417 14 
1418 67 
1418 223 
1419 57 
1423 156 
1424 73 
1425 202 
1426 49 
1427 185 
1428 54 
1428 51 
1428 113 
1428 49 
1432 25 
1432 132 
1432 11 
1433 112 
1436 64 
1436 261 
1437 139 
1438 269 
1439 210 
1445 94 
1446 392 
1448 312 
1450 98 
1451 286 
1454 169 
1457 58 
1460 34 
1461 6 
1464 261 
1465 115 
1466 33 
1467 123 
1468 19 
1469 121 
1470 247 
1476 652 
1476 88 
1479 105 
1481 26 
1483 81 
1484 89 
1486 67 
1487 69 
1488 365 
1490 251 
1490 390 
1490 108 
1491 7 
1492 106 
1494 134 
1503 28 
1503 94 
1505 35 
1507 22 
1508 133 
1510 84 
1521 20 
1523 60 
1525 157 
1526 562 
1526 56 
1527 16 
1528 212 
1529 37 
1534 37 
1537 81 
1540 263 
1545 228 
1546 54 
1549 46 
1555 40 
1555 72 
1556 53 
1556 251 
1556 18 
1559 51 
1559 121 
1559 51 
1561 14 
1561 34 
1561 31 
1563 46 
1566 9 
1567 296 
1567 26 
1568 30 
1570 40 
1571 88 
1574 42 
1575 136 
1576 30 
1576 92 
1577 11 
1578 16 
1579 41 
1645 24 
1645 80 
1646 135 
1647 115 
1649 40 
1650 232 
1656 383 
1658 657 
1660 58 
1660 217 
1662 22 
1663 163 
1668 14 
1671 162 
1672 101 
1674 61 
1677 64 
1678 34 
1678 26 
1679 141 
1679 36 
1680 196 
1681 136 
1681 50 
1681 44 
1682 21 
1682 5 
1685 139 
1689 124 
1696 38 
1696 148 
1701 72 
1702 122 
1709 266 
1709 40 
1710 39 
1717 37 
1721 7 
1722 163 
1728 29 
1729 57 
1730 76 
1733 255 
1735 435 
1736 450 
1736 56 
1738 42 
1740 32 
1744 105 
1748 289 
1754 39 
1754 4332 
1755 2 
1761 32 
1764 100 
1765 61 
1765 223 
1765 5 
1770 127 
1770 204 
1770 16 
1778 46 
1779 11 
1779 72 
1781 39 
1781 243 
1782 104 
1784 24 
1787 143 
1787 215 
1789 66 
1790 68 
1790 486 
1794 131 
1802 109 
1806 122 
1807 39 
1807 50 
1809 67 
1812 74 
1812 77 
1813 432 
1815 33 
1815 217 
1818 25 
1820 19 
1822 83 
1823 50 
1823 148 
1828 109 
1828 59 
1832 55 
1836 665 
1838 619 
1841 178 
1842 57 
1843 60 
1843 66 
1845 1460 
1847 49 
1849 221 
1850 65 
1850 159 
1852 15 
1856 95 
1857 56 
1857 134 
1858 55 
1862 185 
1867 84 
1870 74 
1872 134 
1874 107 
1875 775 
1879 120 
1879 42 
1881 29 
1882 19 
1885 96 
1888 15 
1893 258 
1893 33 
1895 35 
1904 239 
1906 117 
1909 46 
1914 47 
1915 203 
1920 35 
1920 92 
1921 583 
1922 50 
1928 68 
1932 31 
1933 413 
1933 83 
1934 193 
1935 234 
1937 6 
1939 192 
1940 72 
1940 61 
1940 21 
1941 87 
1950 58 
1951 24 
1951 30 
1962 46 
1963 46 
1965 1015 
1969 50 
1970 221 
1971 153 
1975 300 
1977 523 
1978 23 
1978 28 
1978 362 
1986 26 
1988 46 
1988 147 
1992 22 
1992 42 
1993 119 
1994 0 
2001 50 
2004 52 
2004 362 
2004 41 
2005 1349 
2010 37 
2017 133 
2017 226 
2020 30 
2026 389 
2029 67 
2030 109 
2036 344 
2039 333 
2042 52 
2047 107 
2049 22 
2053 202 
2058 12 
2062 33 
2065 70 
2068 69 
2070 102 
2075 146 
2075 97 
2075 77 
2081 56 
2083 92 
2083 100 
2089 119 
2090 52 
2099 151 
2100 74 
2104 71 
2108 27 
2110 180 
2112 55 
2113 615 
2113 61 
2119 60 
2123 61 
2123 352 
2126 9 
2126 128 
2127 35 
2128 18 
2132 2004 
2133 84 
2133 49 
2137 6 
2139 95 
2141 46 
2143 60 
2225 29 
2225 144 
2226 113 
2240 14 
2241 126 
2243 292 
2245 9 
2253 147 
2255 127 
2263 95 
2263 100 
2266 71 
2276 124 
2276 98 
2279 33 
2288 15 
2288 73 
2293 7 
2297 79 
2301 74 
2308 62 
2313 256 
2317 251 
2318 180 
2323 44 
2324 98 
2325 39 
2326 25 
2328 86 
2334 69 
2336 42 
2336 89 
2338 50 
2338 66 
2339 88 
2341 40 
2341 12 
2341 12 
2342 54 
2342 44 
2344 40 
2352 41 
2354 39 
2355 43 
2360 121 
2363 42 
2366 185 
2367 61 
2369 76 
2371 82 
2372 70 
2374 17 
2375 30 
2377 51 
2381 111 
2383 160 
2388 296 
2394 42 
2395 198 
2396 143 
2396 153 
2399 422 
2402 169 
2402 34 
2403 37 
2406 350 
2406 764 
2407 31 
2415 13 
2417 71 
2419 170 
2421 56 
2422 91 
2425 78 
2431 17 
2435 83 
2437 293 
2437 87 
2439 76 
2453 24 
2456 85 
2458 67 
2459 138 
2464 15 
2465 175 
2472 209 
2477 4 
2482 35 
2485 68 
2488 109 
2492 29 
2494 24 
2497 31 
2499 48 
2501 32 
2502 18 
2504 67 
2506 253 
2512 17 
2514 540 
2517 74 
2520 92 
2520 14 
2522 59 
2526 41 
2526 101 
2533 161 
2606 66 
2607 301 
2608 136 
2608 203 
2611 114 
2617 81 
2618 64 
2618 70 
2624 32 
2625 24 
2625 188 
2629 55 
2634 48 
2639 114 
2641 28 
2643 138 
2648 103 
2662 669 
2664 108 
2670 53 
2672 20 
2673 68 
2673 115 
2686 151 
2687 92 
2690 74 
2691 167 
2698 235 
2700 55 
2702 29 
2702 6 
2702 51 
2703 30 
2705 34 
2706 46 
2715 23 
2716 8 
2717 67 
2718 52 
2722 74 
2724 60 
2726 15 
2730 42 
2730 54 
2732 90 
2738 93 
2738 83 
2740 137 
2741 70 
2745 147 
2746 135 
2748 9 
2751 52 
2751 125 
2753 53 
2758 180 
2761 136 
2762 191 
2763 56 
2766 55 
2770 248 
2775 95 
2780 97 
2785 83 
2796 160 
2799 38 
2801 36 
2806 51 
2810 129 
2817 108 
2817 198 
2819 142 
2825 64 
2830 97 
2832 66 
2840 72 
2847 42 
2859 19 
2862 61 
2863 27 
2871 31 
2874 45 
2874 25 
2880 90 
2884 29 
2886 61 
2889 101 
2895 71 
2896 532 
2897 98 
2899 89 
2902 52 
2908 51 
2916 249 
2918 70 
2921 37 
2922 118 
2923 63 
2930 40 
2937 40 
2937 85 
2938 25 
2940 76 
2943 111 
2943 7 
2944 85 
2945 44 
2955 109 
2962 20 
2970 163 
2970 92 
2971 25 
2972 72 
2978 41 
2980 17 
2980 68 
2982 544 
2982 858 
2983 109 
2985 135 
2988 21 
2989 12 
2989 69 
2996 628 
3003 59 
3004 177 
3015 85 
3015 214 
3020 103 
3021 44 
3024 73 
3024 11 
3027 254 
3029 40 
3034 30 
3037 69 
3038 107 
3040 269 
3043 301 
3053 17 
3055 16 
3058 20 
3058 13 
3061 21 
3085 129 
3085 83 
3158 76 
3159 64 
3159 98 
3166 192 
3172 53 
3173 69 
3175 65 
3180 18 
3181 36 
3181 12 
3186 406 
3188 18 
3189 55 
3190 410 
3197 26 
3198 9 
3199 40 
3205 20 
3207 32 
3209 47 
3213 40 
3216 144 
3224 55 
3229 96 
3230 213 
3231 23 
3234 194 
3243 33 
3244 10 
3248 272 
3249 25 
3250 17 
3252 42 
3252 46 
3258 44 
3266 198 
3267 146 
3269 127 
3271 17 
3272 55 
3274 9 
3276 3 
3279 53 
3280 110 
3285 18 
3298 455 
3298 27 
3299 497 
3299 23 
3305 77 
3307 14 
3309 20 
3324 44 
3330 171 
3332 41 
3338 664 
3342 171 
3347 287 
3357 17 
3359 70 
3359 19 
3363 72 
3367 129 
3374 54 
3375 68 
3376 105 
3383 12 
3385 84 
3387 1557 
3388 76 
3399 139 
3406 30 
3406 38 
3406 248 
3412 106 
3414 3 
3416 94 
3416 44 
3417 14 
3422 42 
3423 251 
3432 22 
3433 113 
3434 42 
3435 24 
3437 40 
3438 189 
3439 155 
3449 58 
3451 35 
3453 132 
3454 415 
3472 76 
3472 32 
3494 138 
3499 28 
3506 192 
3514 348 
3517 23 
3521 69 
3526 97 
3527 38 
3531 0 
3539 54 
3545 6 
3545 7 
3547 65 
3547 92 
3555 18 
3555 77 
3561 36 
3564 60 
3566 560 
3568 9 
3574 55 
3575 37 
3575 15 
3578 60 
3586 52 
3589 12 
3589 11 
3590 24 
3590 52 
3671 154 
3682 205 
3685 49 
3691 15 
3699 43 
3704 29 
3705 164 
3705 95 
3724 28 
3735 107 
3743 54 
3750 85 
3759 7 
3775 57 
3776 77 
3779 1206 
3786 109 
3786 45 
3787 30 
3788 894 
3789 54 
3792 8 
3792 31 
3796 200 
3796 21 
3801 282 
3807 29 
3815 12 
3822 34 
3828 97 
3831 272 
3844 44 
3847 266 
3851 186 
3856 89 
3861 12 
3862 4 
3863 60 
3880 35 
3896 32 
3897 124 
3897 27 
3906 15 
3912 34 
3912 67 
3924 62 
3927 56 
3931 47 
3932 55 
3933 150 
3936 25 
3938 107 
3945 151 
3957 19 
3960 153 
3965 164 
3966 15 
3969 17 
3969 118 
3975 109 
3983 5 
3984 40 
3991 316 
3992 28 
3995 29 
4001 75 
4015 21 
4022 37 
4029 106 
4030 78 
4041 316 
4050 108 
4056 20 
4057 63 
4061 91 
4062 78 
4063 295 
4066 60 
4068 34 
4071 104 
4071 333 
4073 70 
4074 91 
4076 62 
4083 29 
4090 95 
4098 53 
4105 105 
4106 53 
4116 72 
4116 70 
4119 116 
4120 97 
4120 36 
4121 140 
4122 45 
4125 98 
4125 30 
4126 13 
4128 11 
4128 14 
4142 30 
4148 37 
4149 69 
4152 101 
4158 383 
4160 95 
4161 45 
4167 33 
4167 46 
4172 76 
4173 27 
4183 44 
4185 67 
4187 54 
4195 14 
4196 189 
4198 432 
4199 117 
4199 20 
4200 578 
4204 61 
4204 164 
4205 59 
4214 89 
4215 18 
4216 91 
4217 22 
4220 148 
4223 32 
4227 603 
4232 134 
4240 24 
4243 18 
4246 22 
4246 24 
4254 95 
4258 43 
4262 14 
4264 24 
4266 9 
4267 75 
4268 273 
4269 49 
4272 242 
4275 233 
4285 7 
4288 116 
4297 137 
4299 20 
4300 50 
4301 48 
4327 28 
4351 95 
4355 70 
4397 305 
4397 131 
4401 39 
4405 21 
4415 59 
4418 348 
4420 2 
4420 19 
4422 185 
4433 178 
4436 24 
4438 120 
4441 7 
4443 282 
4449 198 
4477 13 
4478 86 
4479 637 
4490 134 
4495 12 
4499 28 
4511 44 
4515 34 
4521 74 
4524 20 
4599 14 
4601 67 
4612 265 
4616 39 
4630 81 
4634 64 
4638 36 
4639 195 
4652 165 
4668 1 
4675 213 
4686 8 
4687 17 
4696 59 
4698 104 
4700 46 
4701 6 
4705 68 
4711 5 
4715 38 
4732 79 
4733 172 
4738 92 
4740 27 
4743 17 
4748 17 
4773 67 
4781 10 
4788 51 
4789 124 
4801 58 
4807 17 
4809 42 
4809 15 
4812 48 
4812 37 
4822 65 
4851 137 
4854 645 
4855 196 
4855 1983 
4858 34 
4886 13 
4890 124 
4890 64 
4892 178 
4895 70 
4897 81 
4901 19 
4902 84 
4906 15 
4912 142 
4916 11 
4925 55 
4928 43 
4939 122 
4951 99 
4956 24 
4964 414 
4964 449 
4964 803 
4983 6 
4984 142 
4984 64 
4988 5 
4989 11 
4990 31 
4991 64 
4992 240 
5010 93 
5015 77 
5017 209 
5021 243 
5031 48 
5048 28 
5051 122 
5063 29 
5079 46 
5092 65 
5098 7 
5116 130 
5117 34 
5121 9 
5125 182 
5154 62 
5156 17 
5158 36 
5175 40 
5183 201 
5204 160 
5209 55 
5213 126 
5226 55 
5239 9 
5244 91 
5251 47 
5258 26 
5275 206 
5275 86 
5276 55 
5277 8 
5281 83 
5285 19 
5287 44 
5292 34 
5294 131 
5297 35 
5307 181 
5316 37 
5317 213 
5329 124 
5331 139 
5338 108 
5339 22 
5350 20 
5355 23 
5357 129 
5375 99 
5379 79 
5391 42 
5408 77 
5408 33 
5413 59 
5414 61 
5420 46 
5429 117 
5465 178 
5487 114 
5493 17 
5496 17 
5499 66 
5509 87 
5511 232 
5521 208 
5608 3 
5609 11 
5612 100 
5615 76 
5618 121 
5621 26 
5621 34 
5629 147 
5634 146 
5660 10 
5662 225 
5662 106 
5666 83 
5681 27 
5681 39 
5685 8601 
5685 58 
5692 37 
5692 136 
5692 87 
5694 356 
5694 188 
5697 425 
5705 67 
5723 92 
5730 20 
5744 14 
5752 156 
5753 128 
5756 21 
5761 142 
5764 76 
5772 105 
5788 11 
5788 34 
5795 15 
5797 9 
5802 68 
5804 40 
5807 63 
5825 211 
5830 25 
5839 47 
5845 25 
5869 28 
5887 213 
5889 5 
5899 172 
5902 38 
5910 83 
5911 589 
5912 45 
5912 29 
5919 847 
5920 813 
5924 22 
5927 88 
5928 47 
5930 95 
5938 270 
5962 18 
5970 57 
5973 2054 
5983 34 
5984 183 
5995 189 
5999 140 
6029 52 
6034 70 
6036 73 
6042 60 
6042 46 
6050 46 
6078 31 
6094 32 
6096 30 
6096 179 
6111 13 
6117 45 
6120 69 
6125 57 
6143 73 
6149 113 
6150 34 
6151 70 
6159 72 
6169 63 
6171 58 
6174 318 
6181 779 
6183 59 
6195 18 
6205 333 
6210 1 
6212 13 
6216 53 
6228 184 
6230 18 
6233 24 
6237 1057 
6245 277 
6251 138 
6254 69 
6272 37 
6279 62 
6300 71 
6302 9 
6302 113 
6315 47 
6327 196 
6332 2083 
6337 52 
6346 17 
6362 95 
6365 20 
6366 204 
6370 121 
6374 66 
6376 78 
6386 46 
6392 18 
6393 162 
6394 166 
6399 57 
6407 30 
6429 64 
6431 117 
6432 207 
6444 123 
6448 81 
6450 202 
6474 14 
6475 158 
6478 109 
6489 135 
6493 60 
6493 133 
6499 109 
6509 240 
6510 41 
6510 149 
6540 270 
6551 9 
6557 353 
6579 138 
6590 98 
6597 485 
6597 242 
6598 110 
6613 24 
6623 74 
6628 52 
6629 33 
6630 103 
6635 6 
6638 141 
6638 47 
6640 10 
6656 72 
6671 214 
6672 26 
6680 1047 
6690 62 
6697 60 
6716 230 
6722 51 
6732 49 
6738 46 
6750 104 
6752 121 
6753 263 
6775 20 
6776 26 
6783 184 
6796 22 
6801 198 
6802 157 
6810 94 
6812 18 
6839 2 
6848 8 
6865 31 
6865 47 
6875 177 
6893 293 
6922 150 
6941 62 
6945 37 
6959 36 
6967 109 
6972 165 
6979 47 
6982 75 
6988 19 
7019 35 
7020 7 
7026 31 
7037 41 
7038 70 
7041 40 
7041 77 
7048 16 
7051 39 
7062 48 
7118 114 
7142 243 
7146 54 
7158 56 
7161 18 
7188 10 
7190 135 
7190 4 
7239 120 
7244 2 
7249 9 
7253 91 
7253 126 
7255 53 
7258 198 
7280 68 
7281 40 
7288 48 
7300 66 
7302 14 
7306 37 
7321 224 
7345 22 
7356 126 
7369 1672 
7371 75 
7373 25 
7383 228 
7386 386 
7392 94 
7394 50 
7395 97 
7397 39 
7409 5 
7411 11 
7447 23 
7453 97 
7458 83 
7495 220 
7498 396 
7500 116 
7515 141 
7516 90 
7527 261 
7534 294 
7534 57 
7538 15 
7542 19 
7567 43 
7569 208 
7575 329 
7577 112 
7577 72 
7580 47 
7587 141 
7594 1037 
7614 101 
7619 81 
7624 17 
7629 11 
7646 122 
7647 12 
7647 97 
7662 136 
7682 82 
7683 33 
7684 68 
7700 9 
7717 27 
7735 40 
7741 349 
7757 37 
7770 113 
7776 51 
7781 22 
7795 197 
7797 15 
7800 117 
7815 28 
7821 44 
7823 4 
7834 18 
7838 321 
7839 136 
7845 56 
7845 49 
7846 3 
7863 21 
7883 31 
7884 156 
7885 47 
7886 45 
7888 52 
7897 5 
7905 51 
7909 22 
7913 93 
7920 90 
7940 1032 
7958 46 
7960 33 
7962 65 
7973 13 
7975 73 
7976 46 
7979 33 
7993 43 
8000 1236 
8006 29 
8036 44 
8037 62 
8064 910 
8079 182 
8081 237 
8088 15 
8107 10 
8150 159 
8172 20 
8175 75 
8207 38 
8209 119 
8246 66 
8246 35 
8274 7 
8307 281 
8316 46 
8316 23 
8330 30 
8338 60 
8373 68 
8402 89 
8420 49 
8420 627 
8433 5 
8463 66 
8464 1449 
8467 296 
8470 149 
8474 28 
8474 35 
8476 74 
8553 58 
8554 39 
8594 89 
8613 91 
8629 8 
8641 93 
8664 54 
8666 68 
8670 1272 
8679 50 
8683 4 
8696 19 
8704 43 
8718 101 
8720 53 
8726 11 
8736 30 
8768 95 
8773 85 
8775 168 
8792 168 
8842 186 
8853 36 
8857 148 
8859 13 
8864 94 
8875 91 
8884 41 
8885 17 
8886 7 
8898 157 
8904 27 
8911 283 
8949 53 
8986 538 
8989 7 
8992 59 
9023 23 
9041 50 
9043 165 
9063 3 
9070 16 
9071 34 
9084 79 
9098 121 
9106 560 
9106 42 
9118 51 
9137 162 
9142 68 
9154 67 
9158 40 
9159 968 
9165 55 
9166 52 
9174 257 
9192 62 
9195 25 
9207 160 
9220 41 
9233 66 
9247 774 
9255 92 
9274 105 
9283 320 
9298 130 
9316 27 
9318 88 
9329 26 
9334 90 
9336 12 
9337 36 
9342 185 
9350 262 
9351 44 
9413 15 
9457 353 
9462 1062 
9467 14 
9467 192 
9478 100 
9496 175 
9503 44 
9507 28 
9512 7 
9522 63 
9538 98 
9564 88 
9576 24 
9590 49 
9593 61 
9605 148 
9622 18 
9624 54 
9640 604 
9702 131 
9713 89 
9767 198 
9768 361 
9770 36 
9784 239 
9829 272 
9836 54 
9846 89 
9849 22 
9851 14 
9855 159 
9856 97 
9862 124 
9877 29 
9898 67 
9931 12 
9932 16 
9949 214 
9976 296 
9980 249 
9992 84 
9997 106 
10003 16 
10005 925 
10027 112 
10033 19 
10037 30 
10046 32 
10061 15 
10084 202 
10106 99 
10115 49 
10115 57 
10118 410 
10130 213 
10131 84 
10161 27 
10197 42 
10211 36 
10218 67 
10238 58 
10245 224 
10249 48 
10257 49 
10259 50 
10269 100 
10272 86 
10283 11 
10286 478 
10380 226 
10392 179 
10433 42 
10458 23 
10458 659 
10499 274 
10500 26 
10511 43 
10518 681 
10524 90 
10530 52 
10538 422 
10551 255 
10647 305 
10665 57 
10667 77 
10689 38 
10706 27 
10708 1316 
10714 33 
10731 212 
10755 123 
10756 17 
10788 10 
10790 47 
10802 104 
10811 663 
10817 46 
10820 80 
10833 1173 
10846 356 
10859 611 
10872 54 
10900 25 
10908 518 
10927 290 
10928 96 
10967 15 
10981 19 
10988 67 
11010 287 
11033 80 
11049 125 
11062 143 
11071 31 
11095 13 
11110 57 
11110 66 
11115 120 
11135 323 
11184 32 
11187 59 
11200 104 
11219 44 
11221 53 
11229 556 
11233 42 
11248 93 
11255 4 
11260 30 
11262 163 
11273 592 
11289 4 
11293 25 
11326 54 
11360 229 
11389 47 
11409 38 
11411 26 
11411 39 
11414 22 
11435 199 
11436 43 
11513 49 
11525 75 
11530 54 
11552 30 
11557 86 
11562 128 
11584 45 
11598 68 
11641 162 
11647 181 
11661 77 
11689 160 
11692 52 
11706 593 
11726 23 
11730 70 
11733 237 
11817 83 
11856 109 
11917 31 
11920 23 
11929 125 
11984 69 
12023 797 
12055 46 
12098 143 
12104 204 
12147 120 
12151 21 
12151 67 
12170 16 
12225 9 
12230 35 
12246 299 
12262 189 
12271 80 
12274 41 
12287 3 
12304 37 
12360 74 
12386 31 
12392 70 
12456 64 
12457 35 
12469 75 
12514 11 
12549 83 
12604 201 
12614 17 
12621 375 
12643 87 
12672 205 
12679 75 
12713 63 
12720 58 
12733 120 
12763 43 
12800 43 
12800 30 
12816 47 
12816 47 
12817 16 
12817 16 
12862 55 
12862 55 
12863 50 
12863 50 
12869 26 
12869 26 
12876 68 
12876 68 
12915 128 
12920 27 
12948 26 
12968 40 
13009 2933 
13018 54 
13028 25 
13032 59 
13051 944 
13055 33 
13079 188 
13085 775 
13136 35 
13160 89 
13211 2 
13216 17 
13256 308 
13280 43 
13302 32 
13304 26 
13305 217 
13314 28 
13328 701 
13341 42 
13362 19 
13389 15 
13395 146 
13404 21 
13404 196 
13412 52 
13423 47 
13446 280 
13453 11 
13463 38 
13465 322 
13477 61 
13493 79 
13545 180 
13564 7 
13611 104 
13614 31 
13634 67 
13646 51 
13659 46 
13665 108 
13667 10 
13709 83 
13731 653 
13745 2 
13770 89 
13779 43 
13788 95 
13798 118 
13799 134 
13816 15 
13875 101 
13897 80 
13897 138 
13914 17 
13924 229 
14007 89 
14022 290 
14028 61 
14056 334 
14070 46 
14090 458 
14090 258 
14130 49 
14137 408 
14187 58 
14193 23 
14197 158 
14231 599 
14235 80 
14245 45 
14258 70 
14271 178 
14278 66 
14288 66 
14289 74 
14289 781 
14295 20 
14297 96 
14323 63 
14347 94 
14374 36 
14383 11 
14384 74 
14392 39 
14435 29 
14436 62 
14450 6 
14469 90 
14505 11 
14533 66 
14546 147 
14592 9 
14601 23 
14632 240 
14633 104 
14652 41 
14675 81 
14728 148 
14730 110 
14731 93 
14743 71 
14766 64 
14818 84 
14829 2910 
14844 600 
14845 116 
14849 107 
14854 2331 
14855 140 
14899 66 
14905 287 
14913 7 
14923 45 
14961 85 
14969 99 
15001 49 
15014 544 
15016 30 
15019 91 
15041 247 
15060 152 
15078 8 
15086 43 
15160 61 
15176 24 
15212 46 
15233 117 
15280 25 
15306 77 
15337 13 
15360 44 
15388 62 
15400 117 
15429 0 
15431 38 
15453 103 
15455 448 
15490 61 
15501 3226 
15548 17 
15549 66 
15551 137 
15562 52 
15603 0 
15606 508 
15610 138 
15611 112 
15621 53 
15629 32 
15632 104 
15668 27 
15674 46 
15674 313 
15718 53 
15725 333 
15735 8 
15748 13 
15749 23 
15766 65 
15788 102 
15823 82 
15826 66 
15871 136 
15885 47 
15893 66 
15904 34 
15905 61 
15922 0 
15947 122 
15966 104 
15970 35 
15984 22 
15997 66 
16007 226 
16035 81 
16072 102 
16102 121 
16103 54 
16105 33 
16139 104 
16146 84 
16181 418 
16185 27 
16188 244 
16190 38 
16216 42 
16225 24 
16256 203 
16300 53 
16386 31 
16399 104 
16468 90 
16541 81 
16542 23 
16553 230 
16557 66 
16610 103 
16621 2769 
16655 114 
16677 144 
16730 24 
16760 25 
16786 65 
16796 58 
16822 34 
16825 43 
16827 11 
16861 36 
16910 89 
16947 77 
16981 73 
17131 29 
17163 20 
17170 21 
17297 317 
17299 45 
17303 139 
17326 13 
17333 138 
17358 46 
17363 11 
17380 37 
17391 122 
17411 34 
17420 113 
17426 136 
17485 16 
17559 54 
17576 32 
17579 74 
17603 122 
17603 23 
17623 1786 
17633 104 
17671 18 
17782 636 
17788 122 
17807 4 
17813 94 
17840 59 
17868 24 
17925 10 
17930 85 
17948 20 
17953 55 
17972 35 
17983 17 
18011 24 
18017 116 
18025 112 
18030 129 
18068 25 
18071 64 
18120 105 
18164 152 
18168 452 
18195 77 
18244 81 
18262 54 
18262 31 
18275 28 
18334 150 
18356 337 
18367 18 
18445 2 
18448 41 
18487 4 
18493 143 
18506 73 
18522 526 
18544 118 
18613 17 
18670 41 
18687 607 
18695 37 
18821 210 
18845 24 
18851 46 
18852 23 
18858 316 
18886 246 
18899 39 
18911 45 
18936 68 
18980 26 
18990 26 
19065 308 
19067 128 
19105 16 
19126 202 
19129 22 
19159 366 
19211 37 
19212 115 
19293 57 
19305 17 
19340 146 
19362 159 
19369 49 
19379 110 
19467 447 
19477 240 
19479 121 
19535 16 
19733 53 
19747 87 
19802 15 
19825 26 
19830 33 
19855 290 
19948 50 
19966 3 
20005 44 
20010 850 
20039 0 
20066 80 
20093 120 
20120 53 
20160 266 
20308 109 
20361 380 
20365 19 
20392 69 
20486 76 
20487 30 
20556 1292 
20589 29 
20603 63 
20617 296 
20635 69 
20656 42 
20657 415 
20737 326 
20811 44 
20816 113 
20896 40 
20964 1086 
20985 28 
21018 60 
21101 4 
21130 104 
21157 3 
21308 9 
21308 36 
21339 299 
21358 40 
21427 38 
21454 192 
21499 154 
21518 13 
21522 43 
21554 53 
21574 25 
21578 87 
21629 93 
21650 18 
21786 1 
21832 60 
21978 23 
21987 244 
22001 13 
22038 106 
22048 7 
22161 91 
22170 26 
22180 19 
22200 26 
22213 34 
22226 91 
22235 32 
22238 206 
22247 150 
22254 105 
22279 21 
22312 87 
22342 160 
22438 45 
22439 106 
22451 45 
22526 52 
22589 17 
22658 496 
22658 55 
22794 203 
22893 39 
22943 13 
23004 33 
23125 50 
23139 959 
23159 810 
23172 63 
23218 4 
23224 115 
23283 34 
23346 138 
23382 9 
23398 54 
23535 85 
23586 28 
23669 37 
23672 78 
23675 34 
23734 4 
23889 130 
23894 6 
23927 57 
23930 4 
23930 60 
23960 6 
24079 75 
24179 1008 
24192 25 
24251 112 
24342 2 
24342 7 
24355 415 
24359 49 
24424 112 
24451 24 
24454 43 
24459 138 
24485 11 
24545 82 
24567 145 
24602 34 
24607 115 
24675 38 
24752 71 
24792 18 
24864 105 
24985 52 
25014 96 
25076 103 
25136 152 
25210 18 
25237 82 
25306 206 
25347 63 
25600 712 
25712 51 
25892 8 
25990 14 
25993 22 
26008 68 
26280 24 
26286 20 
26287 34 
26364 13111 
26384 104 
26389 749 
26438 550 
26471 50 
26474 267 
26478 26 
26479 576 
26492 463 
26512 11 
26554 58 
26664 29 
26668 34 
26708 78 
26910 95 
26962 127 
27062 195 
27104 40 
27143 33 
27178 5 
27195 323 
27203 92 
27220 44 
27300 33 
27421 9 
27482 403 
27497 13 
27673 42 
27677 83 
27722 71 
27784 146 
27973 192 
27983 11 
27983 11 
28036 76 
28036 76 
28071 118 
28107 30 
28111 5 
28181 63 
28193 1033 
28395 517 
28454 25 
28457 202 
28525 337 
28736 29 
28767 22 
28775 19 
28793 16 
28867 115 
28900 203 
28922 5 
28933 65 
28959 56 
28961 31 
28984 9 
29028 172 
29080 34 
29145 22 
29206 12 
29279 101 
29280 75 
29287 16 
29304 41 
29313 27 
29325 4 
29330 100 
29406 35 
29489 13 
29537 104 
29579 10 
29615 31 
29721 14 
29758 161 
29786 65 
29844 27 
29882 94 
29884 44 
29888 106 
29890 222 
29932 488 
29951 67 
30010 92 
30029 179 
30121 293 
30125 266 
30142 16 
30171 60 
30207 60 
30265 77 
30284 61 
30302 17 
30349 19 
30455 158 
30472 16 
30501 44 
30518 73 
30520 48 
30550 98 
30551 66 
30599 18 
30683 352 
30746 19 
30793 105 
30817 53 
30819 81 
30824 42 
30853 32 
30876 16 
30880 28 
30977 172 
30978 12 
30984 267 
31004 17 
31044 10 
31184 83 
31220 17 
31310 132 
31362 19 
31412 30 
31578 18 
31585 12 
31642 9 
31804 72 
31809 13 
31832 10 
31851 125 
31859 215 
31954 66 
31984 4 
32028 699 
32082 26 
32083 38 
32129 241 
32164 603 
32201 55 
32205 25 
32268 45 
32282 15 
32302 19 
32396 30 
32499 350 
32503 4 
32508 64 
32514 78 
32530 35 
32598 21 
32605 38 
32787 888 
32805 229 
32812 110 
32832 23 
32833 96 
32849 44 
32852 48 
32893 472 
32996 28 
33026 24 
33034 6 
33067 30 
33083 42 
33140 245 
33302 166 
33308 323 
33334 217 
33366 24 
33372 90 
33487 284 
33499 12 
33549 9 
33598 90 
33818 48 
33845 51 
33852 31 
33904 125 
33937 16 
34052 17 
34100 109 
34105 108 
34118 24 
34134 40 
34208 20 
34213 28 
34230 21 
34265 734 
34292 111 
34292 98 
34374 134 
34435 7 
34454 75 
34524 94 
34644 30 
34670 60 
34703 47 
34726 45 
34728 47 
34737 9 
34779 1535 
34833 28 
34872 12 
34874 170 
34997 16 
35060 5 
35106 109 
35109 24 
35171 83 
35206 29 
35261 54 
35344 12 
35349 317 
35437 149 
35465 95 
35588 55 
35654 33 
35746 174 
35757 102 
35779 16 
35835 107 
36018 58 
36051 56 
36068 60 
36169 16 
36178 33 
36209 41 
36235 108 
36322 48 
36330 29 
36411 12 
36479 31 
36482 224 
36818 380 
36901 41 
36919 30 
36937 41 
36951 15 
37041 22 
37077 24 
37087 53 
37160 2 
37187 17 
37195 22 
37200 105 
37236 63 
37331 43 
37383 12 
37421 58 
37445 14 
37527 28 
37573 5 
37584 42 
37658 34 
37749 38 
37756 20 
37757 32 
37790 34 
37802 123 
37823 31 
37895 12 
37975 32 
38025 12 
38043 8 
38055 4 
38060 37 
38088 11 
38119 1285 
38139 38 
38183 93 
38215 78 
38221 59 
38241 48 
38245 1507 
38246 4 
38290 21 
38344 120 
38378 33 
38399 263 
38399 24 
38408 7 
38503 12 
38553 27 
38565 39 
38660 39 
38670 24 
38760 35 
38893 126 
38962 19 
39030 42 
39063 19 
39143 26 
39169 9 
39228 17 
39239 50 
39240 18 
39273 209 
39301 86 
39355 51 
39468 8 
39485 23 
39521 44 
39555 128 
39586 21 
39591 40 
39640 157 
39750 44 
39764 187 
39784 46 
39951 87 
40021 35 
40103 108 
40105 99 
40545 47 
40695 64 
40791 119 
40936 112 
41041 101 
41083 0 
41146 231 
41155 54 
41254 205 
41259 29 
41324 48 
41350 13 
41433 4 
41463 220 
41587 204 
41600 526 
41773 25 
41995 26 
41997 10 
42003 42 
42053 43 
42145 25 
42284 57 
42301 34 
42323 4 
42423 256 
42442 13 
42470 31 
42621 1659 
42637 49 
42852 517 
42981 74 
43198 58 
43235 42 
43282 11 
43336 23 
43358 30 
43478 190 
43545 24 
43886 135 
43918 5 
43921 14 
44017 23 
44069 36 
44147 917 
44157 61 
44191 13 
44197 170 
44333 57 
44423 85 
44464 422 
44617 22 
44685 75 
44704 41 
44712 40 
44740 131 
44766 69 
44826 124 
44844 235 
44878 102 
44901 85 
44974 1055 
45016 300 
45017 79 
45098 30 
45105 157 
45130 149 
45153 15 
45153 74 
45155 30 
45163 147 
45163 27 
45254 4 
45403 51 
45437 61 
45560 573 
45565 14 
45699 1126 
45837 33 
45857 66 
45940 160 
45955 36 
45978 245 
46001 64 
46013 33 
46102 44 
46123 285 
46129 22 
46131 3 
46181 86 
46250 82 
46271 47 
46324 177 
46447 6 
46454 107 
46579 725 
46619 47 
46621 12 
46638 15 
46664 28 
46729 324 
46737 1017 
46766 28 
46771 300 
46774 39 
46820 802 
46897 210 
46900 30 
46962 82 
46983 40 
47051 92 
47059 18 
47067 23 
47082 180 
47430 30 
47450 156 
47462 51 
47478 399 
47572 49 
47799 361 
48061 827 
48077 294 
48110 141 
48124 1171 
48172 24 
48177 607 
48181 95 
48184 27 
48192 10 
48257 100 
48263 29 
48265 38 
48354 118 
48521 87 
48550 745 
48623 535 
48699 68 
48708 137 
48712 261 
48724 66 
48735 177 
48737 284 
48740 240 
48801 281 
48823 4 
48834 13 
48838 54 
48849 18 
48932 48 
48936 12 
48988 43 
48999 68 
49001 459 
49076 67 
49172 815 
49196 614 
49220 229 
49222 184 
49230 73 
49255 235 
49263 40 
49270 139 
49340 108 
49395 2214 
49458 38 
49511 399 
49625 212 
49665 46 
49665 68 
49705 22 
49713 39 
49732 48 
49845 41 
49874 115 
49884 91 
49908 290 
49909 527 
49965 152 
50012 27 
50016 8 
50019 183 
50029 663 
50104 1448 
50107 29 
50111 352 
50136 132 
50137 53 
50161 148 
50172 198 
50183 341 
50232 148 
50281 258 
50416 1 
50469 1232 
50473 104 
50493 126 
50499 150 
50558 101 
50568 370 
50609 2325 
50622 1480 
50717 535 
50755 324 
50797 262 
50873 44 
50877 28 
50905 125 
50907 203 
50930 674 
50946 130 
50959 141 
51003 14 
51003 117 
51103 66 
51133 27 
51170 247 
51191 53 
51208 111 
51309 80 
51432 87 
51475 50 
51503 68 
51544 72 
51570 60 
51712 179 
51727 735 
51880 7 
51896 35 
51929 77 
52040 232 
52065 23 
52409 89 
52430 89 
52482 11 
52675 27 
52677 126 
52865 64 
53039 36 
53049 13 
53104 52 
53115 25 
53118 7 
53419 48 
53721 103 
53740 900 
53836 54 
53886 168 
53956 50 
54027 26 
54074 20 
54117 56 
54328 85 
54619 360 
54730 60 
54731 276 
54797 15 
54806 1289 
55172 73 
55176 17 
55223 87 
55309 48 
55391 82 
55405 15 
55443 48 
55568 101 
55682 5 
55811 69 
56047 160 
56073 110 
56161 14 
56186 12 
56441 57 
56588 113 
56920 0 
56972 83 
57000 26 
57067 1051 
57098 64 
57166 130 
57241 51 
57365 86 
57561 86 
57771 13 
57784 75 
57856 14 
57908 74 
57924 94 
58189 95 
58471 148 
58576 95 
58679 424 
59111 41 
59141 83 
59448 24 
59478 157 
59598 42 
59835 1 
59874 90 
59922 2 
59997 3 
60031 45 
60175 76 
60467 32 
60693 510 
60738 47 
60796 30 
60909 52 
60951 28 
61164 45 
61175 49 
61570 163 
61579 202 
61600 26 
61895 52 
61940 122 
62003 18 
62005 1 
62029 70 
62342 15 
62404 401 
62746 221 
62855 4 
62866 28 
62906 284 
62939 61 
63047 105 
63077 137 
63140 32 
63157 224 
63192 31 
63221 1 
63560 83 
64054 9 
64091 3 
64092 107 
64093 39 
64104 21 
64359 357 
64365 47 
64395 428 
64490 463 
64662 21 
64721 33 
64765 27 
64790 176 
64997 92 
65097 25 
65304 72 
65455 67 
65512 72 
65677 7 
65708 25 
65719 87 
65891 96 
65905 28 
66255 90 
66479 209 
66840 43 
66983 2 
67077 147 
67270 25 
67746 332 
67764 179 
67771 55 
67781 129 
67799 88 
67802 53 
67835 103 
67840 167 
67848 102 
67904 143 
67986 169 
67986 3 
67995 90 
68028 130 
68029 157 
68084 244 
68091 85 
68128 149 
68136 38 
68176 93 
68177 74 
68241 82 
68276 63 
68296 467 
68297 3 
68356 6 
68476 30 
68600 180 
68627 10 
68783 25 
68820 58 
68867 54 
69016 19 
69040 88 
69052 57 
69100 7 
69114 86 
69180 37 
69400 35 
69422 67 
69616 391 
69680 115 
69752 100 
69998 49 
70013 6 
70367 9 
70414 93 
70697 1443 
70840 89 
70852 112 
71099 126 
71322 87 
71822 43 
72037 87 
72222 78 
72412 70 
72480 30 
72677 127 
72823 39 
72879 236 
73064 57 
73226 542 
73228 67 
73237 95 
73312 59 
73698 5 
74063 42 
74261 57 
74444 12 
74718 41 
74780 72 
75133 43 
75589 5 
75690 106 
75787 123 
75831 87 
75920 98 
76057 71 
76233 337 
76321 124 
76740 73 
76885 711 
76949 37 
77705 519 
77811 24 
77841 19 
78040 52 
78193 34 
78317 82 
78864 37 
78892 58 
79318 113 
79507 82 
79638 28 
79810 540 
80140 141 
81062 350 
81072 59 
81180 44 
81218 389 
81848 32 
81852 10 
81992 698 
82016 136 
82087 856 
82144 406 
82193 374 
82193 399 
82359 66 
82373 55 
82390 218 
82794 251 
82868 53 
83284 17 
83334 32 
83508 829 
83653 13 
83863 132 
84052 22 
84151 1018 
84195 9 
84338 26 
84382 202 
85515 0 
85844 120 
86120 103 
86810 57 
87112 9 
87294 24 
87558 20 
87703 50 
87996 74 
88181 27 
88387 42 
88396 57 
88524 3 
89558 59 
89754 136 
90147 125 
90223 72 
90236 211 
90364 41 
90416 71 
90420 159 
90420 6 
90433 246 
90522 49 
90564 2766 
90610 83 
90915 89 
91207 521 
91581 27 
91984 15 
92163 12 
92344 165 
92488 104 
92531 89 
93014 34 
93098 50 
93146 66 
93243 1136 
93370 94 
94179 389 
94295 190 
94308 98 
94912 16 
95161 46 
95379 27 
95613 111 
95769 129 
95938 363 
96212 41 
96304 108 
96713 107 
97203 1139 
97297 113 
97401 51 
97500 7 
97526 25 
97597 234 
98025 252 
98102 98 
99000 750 
99059 459 
99604 37 
99786 65 
100718 203 
101040 167 
101488 128 
103291 3 
106622 71 
107050 471 
107196 91 
107405 11 
107680 31 
108028 48 
108346 103 
108574 29 
109452 110 
110170 603 
110888 773 
112035 151 
112549 190 
113621 1285 
116230 1460 
116265 412 
116306 558 
116532 962 
118528 101 
119367 34 
119538 168 
120145 146 
120206 207 
120307 97 
120379 163 
120569 29 
121146 26 
121835 107 
121878 1707 
122443 2 
122511 10 
122737 294 
123068 12 
124390 36 
124486 580 
124913 28 
126158 248 
126343 65 
126476 42 
126546 81 
126722 7 
126910 14 
127209 339 
127630 186 
127990 28 
128268 330 
128833 121 
129066 112 
129709 510 
129859 96 
130009 44 
130715 18 
130781 56 
130862 50 
131060 37 
132124 14 
133778 42 
136731 90 
136920 56 
137157 51 
137344 132 
137482 128 
139063 37 
139245 98 
139983 94 
140096 37 
140685 294 
140828 26 
140959 38 
141326 79 
141909 7 
142176 128 
142265 1905 
142806 140 
144862 57 
146836 82 
146897 16 
146945 125 
147105 178 
147219 128 
147282 63 
147290 73 
147652 54 
147822 58 
147827 9 
147929 107 
148058 40 
148942 2 
149227 268 
149467 78 
150496 33 
151224 8 
152064 76 
152573 69 
152904 179 
153747 210 
154331 675 
155693 15 
156541 70 
158061 185 
158494 96 
158912 20 
159969 81 
160576 5 
162421 431 
162591 100 
162646 77 
162677 33 
162989 217 
163598 164 
163753 29 
165129 18 
165601 170 
165770 126 
166551 70 
167205 83 
167258 17 
167265 56 
167281 132 
167517 10 
167593 48 
168155 52 
169205 240 
169833 173 
170182 13 
171618 357 
171629 48 
171764 175 
172447 92 
172934 69 
173310 119 
173340 68 
173391 137 
173821 23 
174482 77 
174803 50 
175372 78 
175393 548 
175648 43 
176585 31 
176714 141 
176755 5 
176855 152 
177402 120 
177480 28 
177611 24 
177720 40 
177979 136 
178158 119 
178329 44 
178405 221 
178706 0 
179397 1609 
179536 536 
179958 130 
180760 83 
181245 46 
182281 167 
182903 111 
185043 64 
189445 93 
190404 11 
190586 62 
190872 24 
191199 257 
197670 61 
198968 5 
203003 78 
203179 27 
203240 179 
204471 177 
205300 25 
205427 206 
205636 417 
205678 19 
205893 186 
206030 35 
206034 108 
206050 33 
206200 69 
206343 204 
206503 13 
206629 195 
206819 161 
206827 113 
207425 76 
207570 56 
208333 1092 
208524 723 
209677 28 
212910 20 
214167 55 
215272 50 
215674 5 
216052 24 
217048 27 
219036 45 
219956 222 
220167 32 
220843 665 
221656 80 
221676 22 
223603 67 
224009 629 
224073 1166 
224144 152 
224246 61 
224419 40 
224542 92 
224598 282 
224621 236 
224663 129 
226302 468 
227193 84 
227229 77 
227284 40 
227373 662 
228081 182 
228299 11 
229542 40 
230162 417 
231248 16 
232505 84 
233549 98 
233851 231 
234826 129 
235069 99 
235197 21 
235395 28 
235402 68 
236536 268 
236763 139 
236873 177 
237083 197 
238133 3500 
238445 227 
238479 64 
240504 248 
240810 210 
241587 120 
241650 75 
241700 163 
241706 28 
241765 25 
242003 750 
242075 436 
242098 118 
242127 113 
242458 8 
242495 101 
242831 141 
243130 2686 
243137 197 
243456 77 
244871 271 
245256 49 
246363 23 
247424 150 
247921 60 
249019 116 
249110 262 
249286 7 
249712 100 
249954 802 
251022 27 
251486 41 
253254 309 
254868 66 
255133 135 
255327 350 
255332 183 
255468 427 
256828 701 
257129 934 
258297 32 
258614 99 
258881 7 
259368 55 
259511 13 
259678 34 
260150 550 
260978 119 
261040 785 
261067 450 
261309 604 
262416 50 
262618 320 
262742 181 
262968 63 
263660 27 
265218 119 
267797 50 
267804 318 
268268 2296 
268315 360 
269352 53 
272193 112 
273259 36 
274478 6614 
275382 83 
275599 159 
278509 49 
280269 347 
283366 5 
284192 200 
289216 62 
291038 65 
294354 1562 
294368 709 
294674 123 
294795 1316 
294865 76 
295037 454 
295120 224 
295146 124 
295346 46 
295449 107 
296527 277 
298638 204 
298791 96 
299053 38 
299416 47 
300545 12 
303089 450 
303283 40 
305575 224 
306740 37 
307911 17 
308263 5 
308805 145 
314506 355 
315479 94 
317795 155 
318147 109 
319423 57 
321627 272 
324305 12 
329381 90 
329637 27 
332029 103 
332998 72 
333416 601 
335219 65 
337196 20 
337301 76 
337358 134 
337537 31 
337600 141 
337890 137 
338825 102 
339553 54 
343093 153 
343571 66 
343818 153 
343955 49 
343962 18 
344664 1 
344751 161 
344800 303 
344854 70 
345489 163 
345558 22 
345570 406 
346154 168 
346566 19 
348437 0 
348546 46 
350161 63 
351825 444 
353035 120 
353073 143 
353219 140 
354539 262 
372876 79 
378631 13 
382205 143 
383464 46 
383913 14 
385979 27 
388100 51 
388424 687 
389496 20 
391292 63 
396856 57 
397274 58 
397315 17 
398368 55 
402448 121 
404139 19 
410214 152 
412337 163 
413345 845 
413775 50 
414878 130 
416287 217 
416316 160 
417373 195 
417649 174 
418475 662 
421599 36 
423991 834 
427331 29 
428239 23 
428475 147 
428814 18 
432730 1 
438149 23 
447730 66 
453674 702 
453853 71 
455340 225 
466140 294 
471329 9 
472001 428 
474221 150 
479939 4 
483887 25 
486550 60 
488845 63 
490786 58 
498333 10 
499036 119 
499167 18 
499432 34 
499752 229 
507797 467 
507844 21 
507865 121 
508538 62 
508846 14 
510000 108 
511395 1556 
511454 363 
520515 60 
523004 516 
523836 53 
534088 496 
540007 471 
546028 19 
553118 1412 
556450 540 
559766 127 
559830 38 
566533 10 
568486 352 
570997 140 
571218 108 
572070 14 
574864 46 
575180 69 
581505 436 
585797 249 
585948 7 
586074 1 
586382 63 
587015 971 
595145 15 
595698 10 
597101 53 
597489 33 
598255 246 
598652 21 
601644 9 
602311 298 
