2889 8.5341087963
0 982716 
10 98 
12 209 
14 948 
15 152 
15 242 
17 924 
18 0 
18 272 
18 42 
19 619 
19 31 
19 145 
21 45 
21 202 
21 140 
22 167 
22 202 
23 1090 
23 632 
23 151 
23 61 
24 204 
25 366 
26 749 
26 835 
26 489 
27 282 
29 56 
29 165 
29 188 
30 26 
31 1682 
31 189 
32 384 
32 226 
33 136 
34 757 
34 54 
34 275 
35 21 
36 454 
36 133 
36 238 
37 214 
37 1478 
37 36 
37 76 
37 118 
37 268 
38 291 
39 210 
39 1429 
39 272 
39 277 
39 104 
39 211 
39 874 
40 595 
40 214 
41 466 
41 70 
41 112 
41 21 
41 124 
42 1301 
42 227 
42 525 
42 202 
43 176 
43 327 
44 794 
44 550 
44 234 
44 718 
45 269 
45 248 
45 422 
45 525 
45 94 
45 76 
45 113 
45 270 
46 126 
47 353 
47 451 
48 175 
48 156 
48 175 
48 176 
49 553 
49 109 
49 143 
49 462 
49 513 
49 168 
49 1323 
49 107 
50 1455 
50 336 
50 206 
50 98 
51 110 
51 139 
52 199 
52 749 
52 406 
52 293 
53 109 
53 108 
53 266 
53 740 
54 331 
54 304 
54 1443 
54 453 
54 375 
55 630 
55 281 
55 155 
55 275 
56 325 
56 65 
57 561 
57 416 
57 450 
57 277 
57 768 
58 332 
58 137 
58 502 
58 156 
58 185 
58 252 
58 125 
58 187 
59 276 
59 370 
59 199 
59 112 
59 215 
59 273 
60 322 
61 427 
61 230 
61 191 
61 62 
61 955 
61 141 
62 489 
62 472 
62 19 
62 194 
62 607 
63 103 
63 264 
63 234 
63 304 
64 490 
64 663 
64 444 
64 560 
64 1648 
65 72 
65 137 
65 58 
66 176 
66 98 
66 158 
66 124 
67 445 
67 301 
67 89 
67 533 
67 218 
68 525 
68 106 
68 141 
69 87 
69 45 
70 645 
70 150 
71 494 
71 204 
71 579 
71 398 
71 288 
71 234 
71 89 
71 216 
71 1026 
72 727 
72 121 
72 98 
72 789 
73 297 
73 470 
74 49 
74 97 
75 178 
75 482 
75 103 
75 97 
75 138 
75 297 
75 59 
76 261 
76 212 
76 637 
76 680 
76 559 
76 388 
76 120 
76 235 
77 388 
77 603 
77 170 
77 187 
77 333 
77 288 
77 177 
78 319 
78 573 
78 97 
79 201 
79 86 
79 118 
79 420 
80 64 
80 674 
80 125 
80 661 
80 164 
80 150 
80 50 
80 123 
81 184 
81 199 
81 257 
81 215 
82 349 
82 209 
82 490 
82 699 
83 89 
83 261 
83 475 
83 653 
83 796 
83 21 
84 773 
84 159 
84 128 
84 27 
84 228 
84 869 
85 142 
85 38 
85 64 
85 279 
85 42 
85 1016 
86 1713 
86 326 
86 466 
86 89 
86 308 
86 79 
87 118 
87 112 
87 135 
88 50 
88 176 
88 549 
88 235 
88 183 
89 211 
89 290 
89 25 
89 314 
89 1167 
89 183 
90 577 
90 177 
90 86 
90 111 
90 82 
90 102 
91 358 
91 777 
91 653 
91 75 
92 951 
92 32 
92 359 
92 310 
92 276 
92 659 
92 328 
92 122 
93 362 
93 213 
93 52 
93 109 
93 234 
94 239 
94 199 
94 41 
94 620 
94 745 
94 133 
94 102 
94 151 
94 286 
95 118 
95 460 
95 157 
95 737 
95 208 
96 288 
96 710 
96 284 
96 89 
96 104 
96 270 
97 253 
97 103 
97 772 
98 562 
98 80 
98 409 
98 775 
98 243 
98 210 
99 315 
100 165 
100 673 
100 1035 
100 235 
101 379 
101 719 
101 269 
101 27 
101 734 
102 421 
102 521 
102 510 
102 137 
103 294 
103 91 
103 188 
103 164 
103 88 
104 147 
104 306 
104 225 
105 373 
105 54 
105 279 
105 368 
105 164 
106 108 
106 135 
106 391 
107 295 
107 273 
107 267 
107 189 
107 924 
107 695 
107 319 
108 182 
109 197 
109 212 
109 159 
109 264 
109 87 
109 192 
109 123 
109 512 
110 118 
110 97 
110 141 
110 472 
110 252 
110 51 
110 247 
111 523 
111 131 
111 260 
111 100 
111 128 
112 146 
112 116 
113 251 
113 298 
113 243 
114 120 
114 292 
114 132 
114 370 
114 190 
114 222 
114 204 
114 227 
115 162 
115 467 
115 659 
115 78 
115 147 
115 1366 
115 113 
116 479 
116 353 
116 668 
116 783 
116 445 
117 158 
117 193 
117 146 
117 14 
117 915 
118 502 
118 51 
119 1236 
119 536 
119 198 
119 489 
120 807 
120 67 
120 858 
121 271 
121 112 
121 375 
121 471 
121 217 
121 214 
121 282 
121 286 
122 544 
122 118 
122 212 
122 280 
122 253 
123 280 
123 351 
123 421 
123 522 
123 283 
123 1576 
123 109 
124 459 
124 302 
124 316 
124 189 
124 313 
124 56 
124 313 
125 325 
125 163 
125 385 
125 106 
125 326 
126 178 
126 1065 
126 384 
126 407 
127 299 
128 346 
128 312 
128 348 
128 294 
128 469 
128 232 
129 434 
129 82 
129 441 
130 223 
130 482 
130 114 
131 133 
131 135 
132 132 
132 350 
132 252 
133 256 
133 396 
134 153 
134 203 
135 1084 
135 136 
136 80 
136 104 
136 165 
136 43 
136 257 
137 382 
137 227 
137 62 
137 34 
137 241 
137 305 
138 307 
138 344 
138 157 
138 444 
138 539 
139 3 
139 19 
140 61 
140 724 
141 589 
141 134 
141 443 
141 150 
141 164 
141 96 
142 289 
143 205 
143 95 
143 105 
143 259 
143 235 
144 33 
144 187 
144 153 
145 455 
145 230 
146 17 
146 231 
146 261 
147 402 
147 406 
148 197 
148 196 
149 104 
149 75 
149 801 
150 315 
151 549 
151 87 
151 100 
152 231 
153 442 
153 300 
153 436 
153 154 
153 141 
153 641 
153 288 
154 313 
154 855 
154 57 
154 313 
154 357 
155 771 
155 726 
156 43 
156 1329 
156 577 
157 186 
157 352 
158 315 
158 373 
158 269 
158 251 
158 293 
158 620 
159 404 
159 1678 
159 252 
159 174 
159 41 
160 607 
160 776 
160 300 
160 255 
161 93 
161 753 
161 182 
161 403 
162 434 
162 215 
162 333 
162 79 
162 535 
162 813 
163 96 
163 125 
163 981 
164 224 
164 332 
165 79 
165 176 
166 99 
166 431 
167 402 
167 214 
167 175 
168 168 
168 150 
170 235 
170 108 
170 430 
171 382 
172 211 
172 56 
174 111 
174 187 
174 152 
175 258 
175 471 
175 8 
175 481 
176 687 
176 218 
176 285 
176 1040 
177 155 
177 110 
177 95 
177 268 
177 474 
177 675 
178 330 
178 252 
178 444 
178 1169 
178 199 
179 507 
180 166 
180 167 
180 464 
180 315 
181 107 
181 163 
182 384 
183 94 
183 285 
183 96 
184 26 
184 153 
184 282 
185 103 
185 229 
185 27 
185 111 
186 858 
186 102 
186 63 
187 325 
187 122 
187 419 
188 259 
189 283 
189 28 
189 259 
189 615 
190 369 
191 314 
191 344 
193 70 
193 199 
194 218 
194 748 
194 385 
194 138 
194 616 
195 326 
195 380 
195 802 
195 128 
196 283 
196 42 
196 192 
196 3 
196 118 
197 97 
197 275 
197 145 
197 184 
198 388 
198 186 
198 1410 
198 122 
198 241 
199 293 
199 404 
199 96 
199 252 
199 36 
200 1259 
200 201 
200 349 
201 358 
201 185 
201 362 
202 362 
202 147 
202 243 
202 275 
203 244 
203 219 
203 320 
203 529 
203 27 
203 339 
204 152 
204 247 
205 200 
205 46 
205 300 
205 125 
205 328 
206 245 
206 83 
207 583 
207 32 
207 114 
209 103 
210 524 
210 193 
210 325 
210 75 
210 145 
210 272 
210 136 
210 201 
211 288 
211 209 
213 435 
213 26 
213 749 
213 307 
213 28 
213 101 
214 559 
214 139 
215 374 
215 121 
215 341 
215 436 
215 199 
216 75 
216 58 
216 345 
217 277 
217 67 
217 752 
218 465 
218 223 
218 55 
219 840 
219 477 
219 374 
219 19 
219 203 
220 261 
220 43 
221 205 
221 278 
222 1504 
222 1815 
222 142 
222 75 
223 147 
223 312 
223 152 
223 562 
223 372 
224 685 
225 1489 
225 420 
225 174 
225 87 
225 530 
226 153 
226 70 
226 50 
226 119 
227 208 
227 327 
228 481 
228 117 
228 379 
229 1130 
229 209 
229 169 
230 517 
230 574 
230 199 
230 183 
230 365 
232 748 
232 155 
232 305 
232 35 
232 187 
233 135 
233 143 
234 359 
234 159 
236 18 
237 721 
237 191 
237 112 
237 72 
239 126 
239 287 
239 429 
240 381 
240 515 
241 80 
241 191 
242 399 
242 101 
242 122 
243 100 
243 390 
244 334 
244 147 
244 253 
244 562 
244 162 
245 217 
245 209 
245 137 
246 106 
246 120 
248 313 
248 68 
250 114 
251 199 
251 204 
251 55 
252 103 
252 259 
252 121 
252 195 
252 271 
253 533 
254 120 
254 309 
254 3 
254 217 
255 217 
255 334 
255 170 
256 443 
257 159 
257 263 
257 52 
258 485 
258 214 
258 333 
259 189 
259 369 
261 543 
261 394 
263 108 
263 482 
265 102 
266 346 
266 174 
266 138 
266 246 
266 212 
267 271 
267 305 
267 20 
268 314 
268 111 
269 50 
269 198 
269 35 
270 225 
270 98 
271 305 
272 155 
272 561 
272 247 
272 226 
272 201 
273 67 
273 117 
273 46 
274 304 
275 78 
275 160 
275 220 
276 819 
277 1010 
278 160 
278 132 
279 337 
281 64 
282 67 
282 239 
283 356 
283 127 
284 435 
284 144 
285 1940 
285 95 
285 199 
285 76 
286 490 
286 255 
287 379 
287 419 
287 805 
287 193 
287 294 
288 69 
288 122 
289 163 
290 555 
290 559 
290 162 
291 124 
293 4001 
293 98 
293 1243 
293 88 
294 419 
295 112 
295 354 
295 219 
296 138 
297 591 
299 146 
299 189 
299 255 
299 273 
300 419 
300 193 
300 221 
300 527 
301 188 
301 175 
302 447 
302 125 
302 405 
302 137 
303 284 
305 86 
305 299 
305 98 
308 90 
308 628 
308 191 
309 866 
311 188 
312 777 
313 348 
314 53 
314 41 
314 346 
315 51 
315 410 
316 2502 
316 201 
316 298 
317 224 
317 494 
317 181 
318 142 
318 192 
319 89 
320 167 
320 124 
321 660 
321 269 
322 340 
323 340 
324 420 
328 509 
328 124 
328 163 
330 134 
330 348 
331 27 
331 581 
333 145 
333 483 
333 309 
334 82 
335 290 
336 922 
336 460 
336 87 
337 212 
337 94 
338 49 
339 192 
340 250 
340 431 
341 899 
341 94 
343 214 
345 57 
345 368 
345 466 
346 128 
347 275 
348 1149 
348 175 
349 184 
350 902 
350 126 
350 327 
351 263 
351 223 
353 501 
353 392 
353 49 
354 127 
354 249 
354 381 
355 405 
355 198 
355 293 
356 85 
357 328 
357 904 
357 663 
358 108 
358 158 
359 103 
359 170 
360 143 
360 100 
361 75 
362 207 
363 220 
363 82 
364 336 
364 320 
365 5012 
367 304 
367 564 
367 72 
368 465 
369 349 
369 31 
370 435 
370 1153 
370 410 
371 1029 
371 170 
371 104 
371 166 
371 109 
372 136 
373 340 
375 474 
375 68 
376 73 
376 520 
376 174 
378 195 
378 248 
378 140 
378 47 
378 92 
379 116 
383 94 
383 134 
384 861 
387 36 
388 399 
388 101 
388 149 
388 93 
389 191 
390 61 
390 682 
391 452 
391 99 
392 128 
392 494 
393 284 
394 672 
395 171 
395 113 
396 260 
396 229 
397 34 
398 311 
401 202 
402 227 
402 365 
403 276 
403 55 
404 280 
404 823 
404 173 
405 164 
406 107 
406 308 
406 207 
407 99 
407 56 
407 664 
407 42 
411 153 
412 401 
413 137 
413 661 
414 69 
414 181 
415 291 
415 381 
420 214 
420 650 
421 187 
421 180 
422 258 
423 665 
423 1131 
423 255 
424 425 
424 154 
425 553 
427 633 
428 21 
430 542 
431 130 
431 261 
432 448 
433 97 
434 599 
435 255 
435 213 
435 193 
435 312 
436 188 
437 363 
438 167 
438 256 
438 454 
439 213 
439 234 
441 527 
442 305 
443 37 
443 267 
446 159 
446 58 
447 195 
447 69 
448 227 
450 234 
450 213 
451 209 
451 262 
452 976 
452 159 
457 297 
457 409 
458 33 
459 202 
460 107 
461 152 
461 207 
462 539 
466 159 
467 225 
467 76 
467 143 
467 252 
467 242 
468 298 
470 598 
471 192 
472 687 
472 177 
473 117 
475 1210 
476 186 
477 633 
478 334 
479 159 
481 653 
482 0 
482 82 
489 90 
489 282 
491 214 
491 292 
492 183 
494 469 
495 54 
495 120 
497 406 
497 190 
497 103 
498 102 
498 249 
498 19 
498 143 
499 320 
501 253 
501 139 
501 142 
502 132 
502 737 
504 768 
504 380 
504 305 
506 151 
506 234 
507 203 
508 169 
509 230 
510 102 
512 318 
513 541 
514 72 
516 146 
516 79 
518 959 
518 116 
519 322 
521 102 
522 129 
525 49 
528 170 
530 212 
530 179 
531 54 
536 193 
536 389 
536 195 
539 40 
542 103 
544 271 
546 126 
549 169 
549 92 
551 215 
551 52 
553 3486 
554 106 
554 286 
554 260 
555 501 
555 93 
556 78 
556 49 
560 121 
560 156 
561 30 
561 144 
567 227 
570 67 
570 179 
572 79 
573 259 
574 104 
576 110 
577 234 
577 625 
578 81 
578 249 
579 787 
579 69 
579 344 
579 864 
580 229 
584 954 
587 261 
588 298 
591 344 
597 122 
598 249 
600 260 
601 134 
603 348 
604 356 
605 233 
608 734 
608 815 
613 382 
615 111 
616 162 
616 283 
618 163 
619 435 
621 742 
623 147 
624 434 
624 210 
627 504 
627 801 
630 329 
630 701 
630 60 
631 323 
636 102 
637 28 
637 9 
638 161 
638 1222 
640 271 
643 221 
646 198 
647 198 
649 1233 
650 229 
651 96 
651 73 
652 84 
652 420 
653 220 
654 44 
660 355 
660 346 
663 189 
665 35 
668 147 
668 366 
668 70 
671 48 
672 146 
673 461 
674 1 
675 579 
677 379 
680 354 
683 179 
684 15 
685 347 
686 84 
691 272 
696 340 
697 172 
697 112 
698 56 
699 614 
700 330 
700 325 
701 157 
701 70 
701 62 
703 331 
705 235 
708 140 
710 155 
710 435 
711 1067 
713 16 
713 275 
714 268 
715 209 
717 120 
717 119 
718 207 
722 690 
725 157 
728 1287 
730 319 
731 299 
732 318 
733 43 
734 100 
736 218 
737 357 
738 392 
744 90 
745 212 
746 184 
754 1010 
756 657 
761 88 
764 252 
767 159 
772 170 
772 59 
773 143 
774 174 
775 334 
775 667 
775 30 
778 332 
781 171 
782 527 
785 25 
786 219 
786 840 
787 588 
788 235 
790 414 
792 538 
793 242 
793 298 
794 175 
795 133 
795 103 
796 338 
797 260 
800 272 
804 105 
805 78 
811 1665 
811 665 
811 296 
813 121 
814 220 
819 110 
822 280 
822 40 
822 245 
825 149 
830 107 
832 216 
835 199 
836 288 
836 148 
839 285 
840 428 
843 433 
843 648 
843 237 
848 400 
851 399 
853 143 
862 169 
866 239 
869 104 
870 100 
873 136 
878 349 
879 42 
879 476 
881 914 
884 223 
885 111 
886 939 
887 764 
890 353 
890 380 
890 308 
892 563 
900 654 
901 228 
909 81 
909 179 
926 221 
927 337 
929 40 
935 210 
938 80 
941 102 
946 514 
952 38 
954 226 
954 190 
957 433 
958 94 
960 203 
968 313 
970 298 
978 194 
979 312 
979 256 
983 164 
983 548 
988 279 
988 272 
990 170 
994 72 
995 223 
1002 149 
1004 137 
1005 70 
1005 7 
1007 177 
1021 237 
1023 297 
1026 69 
1029 20 
1030 80 
1030 452 
1033 100 
1035 203 
1043 476 
1045 238 
1046 89 
1055 241 
1055 161 
1059 456 
1065 305 
1077 179 
1081 40 
1082 59 
1089 140 
1090 92 
1093 80 
1097 467 
1107 138 
1119 189 
1120 114 
1120 309 
1131 67 
1138 259 
1140 34 
1148 201 
1148 238 
1150 247 
1153 467 
1159 257 
1160 18 
1161 98 
1166 193 
1169 1657 
1172 313 
1177 186 
1187 123 
1189 219 
1194 193 
1197 26 
1199 92 
1203 475 
1212 51 
1213 341 
1215 97 
1216 130 
1232 111 
1234 153 
1237 114 
1239 87 
1244 161 
1251 597 
1254 108 
1260 38 
1264 92 
1266 719 
1267 97 
1284 257 
1287 204 
1288 103 
1292 203 
1302 197 
1309 403 
1314 81 
1317 17 
1318 400 
1320 807 
1321 161 
1325 193 
1326 86 
1331 34 
1331 258 
1333 800 
1337 58 
1341 167 
1355 83 
1362 173 
1367 286 
1368 533 
1378 248 
1380 139 
1387 89 
1394 627 
1399 184 
1399 206 
1400 554 
1402 157 
1403 328 
1403 173 
1418 285 
1420 96 
1426 334 
1438 209 
1440 69 
1456 112 
1461 887 
1472 64 
1492 105 
1495 26 
1501 51 
1507 53 
1508 89 
1511 95 
1512 414 
1523 40 
1528 53 
1536 146 
1536 640 
1564 411 
1573 389 
1581 20 
1596 274 
1596 266 
1620 758 
1620 202 
1621 78 
1640 356 
1641 437 
1645 71 
1648 189 
1649 86 
1657 216 
1660 16 
1672 55 
1678 96 
1680 105 
1685 264 
1687 667 
1698 270 
1717 242 
1722 299 
1727 144 
1741 4 
1746 319 
1747 224 
1750 381 
1754 1703 
1762 168 
1770 270 
1771 496 
1780 401 
1790 48 
1803 154 
1807 301 
1811 104 
1815 96 
1833 706 
1835 20 
1838 592 
1838 126 
1839 220 
1842 1649 
1862 29 
1887 181 
1894 54 
1898 503 
1943 144 
1950 111 
1951 164 
1953 233 
1968 103 
1976 55 
1996 22 
2005 169 
2006 212 
2008 122 
2008 89 
2008 13 
2020 75 
2033 348 
2035 255 
2039 1593 
2044 229 
2047 77 
2065 278 
2069 417 
2071 258 
2088 179 
2092 147 
2095 198 
2105 524 
2133 25 
2133 173 
2138 23 
2146 448 
2156 163 
2182 608 
2186 13 
2191 192 
2210 63 
2222 279 
2239 548 
2246 55 
2278 191 
2283 275 
2289 310 
2326 274 
2329 234 
2341 212 
2367 44 
2376 366 
2387 738 
2413 79 
2428 126 
2436 301 
2444 71 
2529 539 
2533 208 
2535 246 
2569 5 
2571 48 
2591 181 
2609 312 
2636 832 
2644 341 
2646 398 
2669 948 
2704 256 
2729 126 
2730 52 
2754 514 
2759 232 
2772 56 
2862 346 
2915 289 
2940 44 
2975 578 
2980 40 
3016 219 
3019 147 
3026 39 
3051 240 
3107 62 
3113 205 
3163 221 
3183 258 
3200 99 
3211 133 
3222 238 
3226 19 
3259 265 
3291 496 
3308 1752 
3308 1405 
3312 1274 
3327 24 
3340 171 
3368 102 
3448 434 
3452 1446 
3462 219 
3472 1071 
3477 410 
3513 73 
3528 202 
3531 28 
3552 0 
3557 164 
3566 128 
3569 70 
3594 194 
3612 196 
3617 96 
3638 333 
3648 1190 
3662 3044 
3664 174 
3669 239 
3678 322 
3727 182 
3727 184 
3746 1263 
3748 222 
3751 182 
3760 73 
3779 786 
3789 428 
3791 40 
3806 388 
3819 262 
3820 21 
3900 862 
3906 61 
3947 626 
3971 400 
3981 20 
3997 65 
4063 250 
4120 98 
4177 118 
4289 591 
4290 821 
4313 255 
4326 565 
4424 337 
4438 385 
4445 1142 
4461 13 
4474 536 
4479 323 
4517 9 
4523 886 
4563 7 
4572 24 
4585 76 
4676 151 
4731 102 
4736 178 
4758 261 
4770 1185 
4773 457 
4784 74 
4797 272 
4819 853 
4825 83 
4844 104 
4849 272 
4852 24 
4924 70 
4931 407 
4935 11 
4950 307 
4957 338 
4996 928 
5045 523 
5048 1492 
5054 110 
5095 351 
5104 273 
5133 244 
5176 145 
5192 51 
5257 1385 
5286 91 
5291 71 
5375 143 
5395 307 
5436 171 
5471 136 
5532 368 
5560 1032 
5759 994 
5760 395 
5816 587 
5842 10 
5867 0 
5926 158 
5967 932 
6006 452 
6032 83 
6044 852 
6075 65 
6083 329 
6087 1467 
6109 112 
6145 524 
6146 570 
6179 580 
6195 548 
6202 344 
6223 269 
6360 235 
6376 14 
6397 120 
6419 589 
6478 72 
6507 356 
6547 354 
6606 1295 
6683 888 
6749 29 
6803 137 
6837 92 
6848 1009 
6848 1132 
6897 2683 
6904 106 
6999 248 
7228 799 
7245 110 
7364 499 
7413 274 
7435 66 
7442 86 
7456 256 
7460 818 
7467 388 
7477 112 
7482 121 
7484 63 
7493 162 
7514 297 
7521 353 
7546 801 
7547 196 
7551 783 
7572 205 
7575 143 
7576 1121 
7590 176 
7602 272 
7604 636 
7630 143 
7644 102 
7651 106 
7659 638 
7677 219 
7681 266 
7687 367 
7705 94 
7716 2124 
7721 484 
7749 322 
7793 282 
7811 742 
7822 323 
7837 39 
7849 258 
7931 313 
8002 271 
8038 76 
8067 37 
8073 312 
8111 522 
8117 1199 
8226 181 
8253 541 
8290 216 
8293 316 
8459 47 
8653 178 
8660 390 
8770 180 
8843 63 
8870 150 
8928 494 
8943 202 
9050 77 
9133 474 
9143 579 
9173 156 
9234 1047 
9250 660 
9409 109 
9438 431 
9524 243 
9586 71 
9619 64 
9780 465 
9847 419 
10140 474 
10156 207 
10219 464 
10233 40 
10241 763 
10307 124 
10660 485 
10769 30 
10782 25 
10782 194 
10800 559 
10857 107 
10953 26 
11052 0 
11090 166 
11191 75 
11263 293 
11545 123 
11635 548 
11647 1118 
11652 294 
11656 1704 
11723 709 
11730 794 
11745 459 
11769 221 
11780 428 
11795 85 
11830 2850 
11846 359 
11855 2065 
11866 1087 
11882 93 
11886 550 
11889 296 
11890 633 
11947 171 
11956 560 
12007 342 
12037 699 
12046 301 
12048 273 
12057 57 
12058 437 
12125 388 
12147 995 
12163 545 
12175 1051 
12180 45 
12183 161 
12184 431 
12207 527 
12221 444 
12222 603 
12269 831 
12269 564 
12297 570 
12304 493 
12352 399 
12413 766 
12436 361 
12445 289 
12449 299 
12509 254 
12560 2179 
12589 710 
12611 188 
12707 1044 
12707 1044 
12765 1417 
12830 384 
12852 49 
12853 1018 
12940 389 
13024 820 
13073 579 
13205 102 
13245 311 
13269 142 
13320 38 
13381 357 
13394 109 
13404 115 
13406 47 
13408 255 
13455 211 
13541 78 
13544 767 
13733 131 
13832 1716 
13901 15 
13997 48 
14008 50 
14323 266 
14362 260 
14407 379 
14452 37 
14453 53 
14466 705 
14466 502 
14475 172 
14475 423 
14496 143 
14501 256 
14539 172 
14541 1088 
14550 243 
14561 82 
14616 2901 
14619 48 
14632 450 
14637 319 
14637 292 
14640 195 
14644 178 
14677 298 
14697 310 
14723 567 
14727 344 
14730 283 
14734 768 
14748 356 
14750 522 
14782 44 
14788 542 
14816 34 
14816 378 
14821 22 
14834 514 
14838 205 
14852 200 
14854 1023 
14894 256 
14895 150 
14903 462 
14907 472 
14936 2972 
14983 314 
14998 147 
15001 382 
15041 812 
15042 201 
15051 631 
15055 25 
15061 1030 
15063 287 
15109 439 
15110 2646 
15161 4 
15165 458 
15172 1511 
15188 183 
15207 159 
15263 873 
15304 344 
15335 532 
15418 158 
15486 1122 
15502 347 
15521 513 
15544 501 
15596 1205 
15628 723 
15631 139 
15641 219 
15647 2163 
15665 581 
15665 538 
15716 190 
15743 287 
15744 2668 
15754 490 
15763 776 
15793 472 
15816 536 
15825 129 
15839 452 
15876 860 
15883 215 
15889 345 
15894 821 
15916 310 
15920 463 
15927 472 
15970 370 
15972 1054 
15992 112 
16018 251 
16019 360 
16054 535 
16065 38 
16069 223 
16085 608 
16131 398 
16165 320 
16202 215 
16230 3500 
16253 725 
16266 404 
16276 721 
16298 1929 
16326 449 
16336 106 
16366 379 
16400 32 
16413 343 
16442 176 
16491 749 
16542 2220 
16578 349 
16608 728 
16611 389 
16632 624 
16640 447 
16688 99 
16705 91 
16720 490 
16747 411 
16765 1006 
16769 50 
16771 300 
16773 111 
16774 357 
16800 728 
16824 166 
16850 123 
16862 375 
16950 286 
16956 255 
16996 11 
17010 151 
17054 128 
17062 823 
17144 200 
17150 20 
17166 573 
17188 256 
17191 265 
17231 208 
17426 398 
17514 2044 
17551 110 
17568 640 
17598 1499 
17610 92 
17666 786 
17685 597 
17699 245 
17704 1174 
17728 857 
17744 535 
17774 840 
17775 685 
17792 12589 
17856 344 
17881 937 
17900 606 
17911 171 
17913 330 
17916 150 
17929 154 
17968 563 
17977 450 
17995 188 
18000 222 
18026 322 
18032 26 
18047 777 
18084 481 
18087 729 
18121 107 
18132 231 
18334 44 
18365 197 
18398 181 
18520 323 
18767 202 
18923 341 
18933 283 
18947 481 
19088 207 
19190 79 
19271 348 
19398 91 
19696 1005 
20048 474 
20155 108 
20293 372 
20647 419 
20850 563 
20856 531 
21642 699 
21755 353 
21761 842 
21982 569 
22077 54 
22170 489 
22224 117 
22417 293 
22646 1418 
22651 53 
22723 735 
22945 166 
26374 354 
26480 107 
26895 177 
26942 356 
27623 2065 
28414 663 
30831 441 
30939 413 
31253 213 
31328 727 
31578 1089 
31809 721 
32861 928 
33000 1397 
33291 364 
33810 99 
33882 376 
34313 391 
34382 39 
34450 937 
34665 505 
34689 143 
34836 250 
35321 595 
35557 578 
35866 3069 
36199 420 
36406 946 
36619 1104 
36903 142 
37109 465 
37181 646 
37189 126 
37241 923 
37422 560 
37424 164 
37468 151 
37920 63 
38156 923 
38351 115 
38364 26 
38461 133 
38582 973 
38618 1354 
38775 458 
38775 374 
38869 270 
38935 2076 
39093 679 
39202 182 
39275 69 
39358 785 
39764 289 
39769 201 
40079 381 
40122 403 
40129 708 
40160 650 
40252 501 
40253 352 
40523 784 
40587 214 
40842 537 
41017 989 
41298 348 
41621 349 
41693 2006 
41719 1951 
41765 457 
41849 1095 
41866 344 
41955 1209 
42115 238 
42143 1412 
42216 195 
42593 523 
42624 833 
42716 1258 
42742 670 
42742 670 
42775 468 
42775 468 
42781 220 
42781 220 
43029 1897 
43059 573 
43070 1629 
43103 652 
43131 207 
43229 1337 
43285 85 
43342 695 
43398 761 
43414 831 
43427 1929 
43476 612 
43516 1662 
43649 334 
43710 1725 
43712 269 
43731 203 
43779 242 
43782 494 
43870 230 
43873 48 
44045 1873 
44121 127 
44230 496 
44264 1062 
44366 784 
44411 752 
44431 866 
44440 547 
44510 455 
44515 381 
44772 1022 
44843 373 
44867 623 
44920 74 
44942 579 
44968 276 
45170 560 
45180 718 
45216 17 
45250 780 
45285 297 
45294 84 
45369 710 
45379 1244 
45720 873 
45774 1402 
46056 419 
46129 93 
46136 231 
46173 374 
46186 612 
46256 322 
46262 331 
46264 144 
46288 242 
46311 164 
46430 616 
46531 156 
46610 1816 
46743 597 
46902 153 
46940 153 
47152 626 
47288 1168 
47308 408 
47317 1299 
47409 271 
47505 1090 
47512 745 
47564 964 
47594 483 
47802 132 
47824 389 
47829 350 
47833 556 
47875 656 
47883 190 
47905 496 
47907 261 
47912 546 
47950 311 
47968 238 
48131 168 
48314 1511 
48418 323 
48661 55 
48664 373 
48757 269 
48766 333 
49294 362 
49600 193 
49671 93 
49708 4 
49709 889 
49709 451 
49737 572 
49745 77 
49859 477 
49873 368 
49886 350 
49893 708 
49957 471 
49958 513 
49964 172 
49969 67 
50074 808 
50110 80 
50148 229 
50154 449 
50179 942 
50199 354 
50201 756 
50283 141 
50294 1991 
50334 452 
50339 277 
50346 146 
50356 516 
50415 1773 
50421 176 
50422 321 
50422 441 
50433 209 
50453 419 
50457 226 
50480 390 
50511 367 
50514 66 
50515 594 
50528 350 
50532 210 
50536 640 
50554 103 
50564 39 
50575 267 
50620 502 
50777 145 
50796 167 
50804 1221 
50811 291 
50833 279 
50841 160 
50843 522 
50847 755 
50899 749 
50903 582 
50925 433 
50928 133 
50988 286 
50997 171 
51008 313 
51047 340 
51064 1033 
51136 343 
51157 1698 
51212 121 
51230 304 
51261 258 
51304 697 
51382 500 
51387 104 
51444 704 
51473 501 
51484 524 
51491 559 
51529 758 
51532 1603 
51546 616 
51619 334 
51626 733 
51754 1071 
51896 273 
51898 791 
51965 375 
51978 534 
52259 244 
52538 310 
52543 140 
52583 306 
52637 449 
52672 567 
52700 447 
52829 60 
52932 849 
52935 110 
53388 397 
53437 1157 
53466 490 
53532 1084 
53557 21 
53687 408 
53752 1216 
53972 229 
54025 426 
54171 198 
54395 1207 
54435 1100 
54504 1018 
54529 305 
54549 407 
54607 282 
54730 247 
54789 202 
54867 169 
54869 496 
54927 460 
54927 426 
55009 1132 
55050 663 
55128 895 
55149 1179 
55226 3335 
55279 1035 
55286 247 
55316 188 
55353 507 
55415 220 
55458 53 
55841 135 
55965 461 
56012 346 
56029 566 
56414 127 
56537 267 
56565 955 
56655 165 
56693 751 
56693 7 
56747 288 
57571 142 
57655 209 
57721 349 
57819 419 
57931 799 
58083 869 
58418 2085 
58469 477 
58531 240 
58747 375 
58925 969 
58943 761 
58944 76 
58951 385 
59080 900 
59122 583 
59142 264 
59175 143 
59210 160 
59223 222 
59265 683 
59376 184 
59483 410 
59497 610 
59539 245 
59570 288 
59767 329 
60111 347 
61336 57 
61660 368 
61861 171 
62278 88 
62294 61 
62360 221 
62475 84 
62506 463 
62759 474 
63161 216 
63421 339 
63492 287 
63829 673 
64240 341 
64456 490 
64726 241 
64810 100 
64815 200 
64819 10 
64821 102 
65165 200 
65542 110 
65751 1040 
65771 546 
65818 512 
65951 517 
66011 1340 
66070 792 
66156 1 
66251 239 
66495 3864 
66619 352 
66791 65 
66827 972 
66867 502 
66933 333 
67132 191 
67141 688 
67237 855 
67277 511 
67290 183 
67319 142 
67324 219 
67366 309 
67456 89 
67459 594 
67507 726 
67572 652 
67655 280 
67682 355 
67707 823 
67761 237 
67795 367 
67819 189 
67832 1134 
67906 1074 
68009 586 
68015 1496 
68099 467 
68134 385 
68159 113 
68183 39 
68214 817 
68345 246 
68440 855 
68491 114 
68508 288 
68592 293 
68595 462 
68667 229 
68707 1147 
68804 145 
68911 817 
68960 114 
69074 444 
69230 68 
69232 221 
69246 160 
69321 296 
69412 985 
69444 289 
69690 282 
70093 226 
70737 419 
70882 375 
70901 223 
71114 47 
71516 500 
71876 95 
72419 358 
72890 179 
73259 421 
73307 446 
73695 530 
73727 294 
74130 1388 
74191 462 
74254 128 
74480 153 
74595 385 
74719 333 
74981 462 
75194 114 
75364 187 
75437 154 
75482 126 
75619 261 
78190 51 
79417 1443 
79608 204 
79918 326 
80414 92 
81356 98 
82559 381 
83399 554 
83693 268 
83699 163 
83827 548 
83954 60 
85158 51 
85185 298 
85356 201 
88069 555 
88686 395 
89198 254 
91460 189 
92931 475 
94031 59 
94307 243 
94435 167 
94655 271 
94870 177 
94978 529 
95717 711 
96474 295 
97439 720 
97445 202 
97460 1494 
98058 43 
98357 139 
99098 360 
99231 345 
99309 494 
99694 739 
99741 1144 
100937 448 
103162 22 
108097 291 
108819 350 
113972 330 
117600 103 
123088 56 
129017 444 
132908 118 
135253 117 
136796 96 
137149 313 
137886 48 
138519 284 
140092 221 
143283 353 
143478 441 
143931 159 
144044 227 
145864 201 
149020 39 
150340 515 
150925 526 
151027 438 
151556 678 
151708 352 
151718 714 
151769 71 
152626 514 
153040 589 
153597 189 
153850 247 
153933 78 
156682 564 
157607 1246 
157885 196 
157895 258 
158057 325 
158094 1162 
159391 571 
161116 114 
163107 76 
164084 135 
164276 235 
164281 1686 
165343 42 
165416 781 
166694 397 
167463 1574 
167582 235 
169457 131 
170380 583 
170425 1216 
170484 192 
170550 231 
171493 387 
171641 756 
172347 997 
172689 107 
172746 203 
172999 405 
173004 291 
174284 589 
174589 96 
174778 1797 
175843 567 
175868 503 
175903 313 
176776 326 
178721 549 
179611 120 
180154 197 
181285 156 
181537 373 
184352 125 
187897 19 
188778 599 
195184 197 
195275 177 
195392 505 
203990 153 
205949 263 
222719 207 
223395 422 
223429 282 
223922 87 
224451 227 
226358 473 
228427 1266 
234740 332 
237214 151 
239282 215 
240470 638 
240675 1012 
248559 585 
249206 96 
253197 503 
256558 79 
256752 952 
257050 393 
257266 357 
258011 182 
258270 359 
258325 211 
258421 125 
258528 163 
262908 61 
262931 252 
263056 713 
263578 729 
263763 160 
264316 192 
264537 511 
265818 297 
268769 165 
269781 480 
270037 33 
270296 171 
274006 190 
275238 51 
277189 307 
291808 175 
307275 373 
309152 214 
310002 79 
314963 261 
316605 161 
317540 297 
326423 114 
328304 64 
329641 63 
330070 321 
349874 276 
349913 316 
349991 386 
354440 811 
356025 385 
372615 354 
372775 263 
375613 130 
397716 154 
400532 7 
408258 105 
412646 1230 
417202 3084 
417302 652 
417307 836 
417349 545 
417375 255 
417496 860 
417525 134 
418110 442 
427228 343 
427571 374 
429052 1117 
446348 234 
450101 83 
490442 23 
492182 911 
497949 638 
510838 262 
512951 1221 
518334 413 
520661 503 
577880 294 
584973 273 
589680 250 
592981 41 
