6357 12.6031134259
0 1096687 
12 833 
12 193 
15 171 
16 332 
16 258 
17 180 
18 736 
18 91 
18 2006 
19 301 
20 577 
20 6 
20 1129 
20 531 
20 616 
21 1358 
22 53 
22 762 
22 88 
23 1591 
23 3602 
24 646 
25 130 
25 236 
26 804 
27 506 
27 167 
27 635 
27 617 
27 3 
27 148 
27 475 
28 460 
29 157 
29 473 
29 40 
30 123 
30 623 
31 684 
31 729 
31 637 
31 254 
32 6 
32 143 
33 170 
33 152 
33 131 
33 940 
34 196 
34 51 
35 2864 
35 48 
35 194 
35 432 
35 198 
36 526 
36 496 
36 176 
37 700 
37 725 
37 294 
37 487 
37 145 
37 716 
37 298 
37 669 
37 971 
38 769 
39 568 
39 979 
40 221 
40 102 
41 195 
41 292 
41 178 
41 275 
42 1122 
42 249 
42 165 
42 231 
43 169 
44 4588 
44 916 
44 3495 
44 716 
44 1199 
44 66 
44 229 
44 211 
45 605 
45 108 
45 141 
45 63 
45 670 
45 395 
45 650 
45 575 
46 77 
46 65 
46 751 
46 2519 
46 93 
47 156 
47 319 
47 161 
47 425 
47 672 
47 312 
48 46 
48 383 
48 425 
48 300 
48 705 
49 107 
49 262 
49 140 
49 396 
101 381 
101 51 
102 8 
102 74 
102 285 
103 120 
103 109 
103 66 
103 29 
104 1274 
104 147 
104 472 
105 76 
105 1076 
105 1003 
105 348 
106 58 
107 354 
107 715 
107 99 
107 136 
108 91 
108 190 
108 163 
109 108 
110 90 
110 101 
111 135 
111 9415 
111 1074 
111 960 
112 77 
112 193 
113 344 
113 223 
114 111 
115 532 
116 4312 
117 477 
117 1409 
117 39 
117 297 
117 157 
118 437 
118 143 
118 59 
118 118 
119 494 
119 707 
120 191 
120 118 
120 1525 
121 5932 
121 941 
122 1041 
122 301 
122 424 
122 218 
122 131 
123 248 
124 278 
124 117 
124 276 
125 333 
125 221 
125 364 
126 74 
126 192 
128 880 
129 155 
129 433 
130 90 
130 154 
130 99 
131 333 
131 321 
132 147 
133 161 
133 123 
133 120 
133 120 
134 205 
134 177 
135 60 
136 758 
136 127 
136 569 
138 3671 
139 563 
139 223 
141 749 
143 709 
143 403 
143 288 
145 126 
145 66 
146 424 
147 179 
147 21 
147 303 
148 292 
148 458 
148 1933 
149 356 
149 276 
149 261 
150 188 
150 71 
150 134 
150 286 
150 2560 
152 390 
152 292 
153 386 
153 2998 
153 187 
154 73 
154 194 
154 1444 
157 136 
158 143 
158 1051 
159 1063 
159 43 
160 128 
160 128 
161 3043 
161 135 
161 424 
161 124 
162 1110 
164 2947 
164 206 
165 299 
166 1214 
167 764 
167 111 
168 22 
170 1657 
170 46 
170 151 
171 213 
172 136 
172 170 
172 344 
173 455 
174 290 
174 53 
174 311 
175 872 
175 1011 
178 370 
178 148 
178 127 
178 789 
179 393 
180 173 
183 18 
183 669 
185 1027 
185 305 
185 388 
186 143 
187 401 
187 20 
188 1114 
189 50 
190 1287 
191 4203 
192 500 
193 27 
194 56 
195 147 
195 107 
196 518 
196 468 
198 445 
198 961 
198 2974 
198 446 
200 484 
200 294 
200 182 
200 209 
202 82 
203 323 
204 129 
205 330896 
205 177 
206 188 
206 1143 
207 587 
207 399 
210 333 
211 141 
212 731 
212 1312 
216 903 
219 295 
219 212 
220 140 
223 10124 
224 672 
224 277 
224 4 
225 619 
226 202 
228 76 
230 1524 
231 158 
232 58 
234 373 
236 155 
236 96 
238 307 
238 726 
238 66 
240 1553 
242 4 
245 300 
245 447 
246 609 
246 261 
247 64 
249 1396 
250 153 
250 469 
252 34 
253 200 
253 35 
253 288 
253 689 
255 76 
257 319 
257 28 
259 72 
261 453 
262 1716 
264 483 
268 62 
269 2653 
271 360 
271 1146 
273 350 
273 191 
274 3 
274 68 
275 89 
280 15 
280 15 
281 6044 
281 102 
282 92 
282 206 
282 782 
285 215 
287 3391 
288 105 
289 1409 
291 288 
291 183 
295 187 
295 412 
297 4 
297 1941 
298 191 
298 105 
298 806 
300 289 
300 1866 
300 110 
301 442 
301 749 
307 99 
309 551 
315 634 
315 441 
316 2754 
318 321 
318 164 
318 612 
320 4334 
321 163 
323 2 
326 356 
326 66 
327 372 
328 152 
328 6296 
331 70 
331 166 
331 259 
331 67 
333 1128 
334 140 
334 404 
334 133 
334 1772 
335 125 
335 59 
337 3571 
338 413 
338 311 
338 668 
339 40 
339 631 
341 964 
343 1929 
343 264 
345 36 
346 124 
347 544 
401 415 
405 236 
407 628 
408 1534 
410 3195 
412 124 
414 323 
418 301 
418 318 
418 33 
422 864 
422 2883 
424 3391 
424 56 
426 272 
427 538 
429 298 
431 2240 
432 57 
432 61 
433 201 
433 34 
434 118 
435 775 
435 48 
435 28 
436 231 
436 564 
436 126 
438 184 
440 22 
441 446 
443 135 
444 747 
448 39 
448 353 
454 48 
456 332 
458 95 
460 489 
461 659 
463 1112 
464 143 
468 349 
469 376 
471 102 
472 38 
473 228 
473 1033 
473 2124 
482 279 
484 249 
486 259 
492 37 
493 179 
494 1235 
496 577 
498 776 
500 1426 
501 124 
506 514 
507 288 
508 94 
508 1423 
510 1103 
515 173 
517 48 
520 7 
522 129 
523 155 
527 129 
529 344 
529 859 
535 475 
540 326 
547 353 
550 26 
552 27 
553 95 
555 105 
555 362 
556 519 
559 841 
562 51 
563 46 
565 36 
566 117 
566 3946 
568 283 
569 238 
570 136 
572 154 
574 543 
577 194 
577 1325 
580 45 
581 286 
583 13 
583 241 
585 277 
586 661 
590 269 
592 42 
597 47 
597 150 
599 1270 
600 1307 
603 51 
605 1704 
607 274 
609 108 
611 433 
611 188 
615 276 
618 117 
620 5589 
620 286 
622 1976 
622 49459 
623 847 
626 475 
630 902 
633 709 
633 12 
635 462 
639 184 
641 160 
644 69 
649 1350 
652 31 
652 181 
660 196 
664 497 
665 121 
669 1813 
671 5646 
672 3193 
674 88 
727 104 
733 124 
736 17 
737 898 
744 2893 
745 32 
749 88 
750 510 
754 5464 
757 72 
758 909 
767 694 
768 1724 
774 1669 
774 3724 
775 3513 
775 247 
782 1046 
782 203 
785 119 
786 336 
797 78 
801 782 
803 1635 
803 1286 
804 108 
815 560 
815 253 
815 1013 
816 143 
819 1380 
827 169 
831 1079 
833 403 
835 231 
838 323 
843 191 
846 1024 
849 76 
850 234 
850 955 
852 4619 
862 1741 
864 145 
871 268 
873 304 
874 387 
878 91 
878 396 
881 131 
887 12 
894 314 
895 963 
896 184 
898 284 
898 178 
899 121 
908 7890 
910 127 
913 105 
913 82 
923 212 
925 96 
926 396 
927 100 
929 46 
930 31 
934 72 
936 115 
940 561 
942 734 
948 68 
949 40 
952 90 
960 254 
965 5317 
1018 2865 
1019 285 
1021 937 
1021 79 
1023 140 
1023 140 
1024 1 
1034 82 
1034 109 
1040 230 
1040 166 
1043 1177 
1048 83 
1068 51 
1077 68 
1078 452 
1081 103 
1081 80 
1085 143 
1086 58 
1086 169 
1098 813 
1102 226 
1103 225 
1107 1237 
1109 1301 
1113 37 
1113 334 
1126 546 
1129 113 
1131 15 
1132 378 
1142 30 
1143 695 
1146 201 
1149 33 
1151 59 
1151 1268 
1159 2 
1166 1211 
1170 2042 
1172 21 
1176 608 
1178 1130 
1185 8 
1185 196 
1195 12 
1207 267 
1207 186 
1211 1054 
1227 312 
1231 61 
1238 1472 
1239 1092 
1243 146 
1297 687 
1299 258 
1309 278 
1310 144 
1312 248 
1316 75095 
1317 8867 
1321 296 
1322 16 
1324 120 
1325 443 
1327 281 
1329 8 
1331 90390 
1333 476 
1336 166 
1341 271 
1343 78 
1344 273 
1355 61 
1357 686 
1362 58 
1370 300 
1377 217 
1377 144 
1378 412 
1385 377 
1396 3740 
1397 754 
1400 987 
1401 243 
1401 107 
1412 940 
1422 580 
1422 908 
1426 162 
1430 2959 
1432 17 
1434 310 
1455 10 
1457 70 
1458 259 
1474 135 
1475 252 
1477 167 
1477 41 
1482 259 
1496 514 
1497 365 
1502 38 
1572 386 
1573 76 
1577 4249 
1587 327 
1594 999 
1598 38 
1599 63 
1600 16 
1604 3114 
1609 5 
1611 110 
1612 10 
1613 2654 
1617 303 
1623 92 
1624 277 
1626 147 
1631 164 
1632 27 
1635 9301 
1639 82 
1646 22 
1651 680 
1655 81 
1655 2549 
1660 3306 
1669 1766 
1678 39 
1680 1674 
1686 2401 
1694 635 
1701 1488 
1701 9194 
1702 465 
1707 3635 
1715 1320 
1728 230 
1735 106 
1739 9889 
1742 122 
1746 732 
1755 64 
1758 135 
1759 1769 
1763 371 
1767 273 
1770 93 
1775 40 
1827 578 
1834 123 
1836 436 
1847 596 
1861 31 
1864 179 
1869 81 
1877 214 
1877 16 
1899 305 
1905 312 
1908 6586 
1913 924 
1929 66 
1950 1080 
1955 492 
1957 68 
1971 20 
1972 278 
1972 8 
1974 1299 
1989 45 
2044 74 
2055 4 
2062 814 
2062 150 
2062 396 
2069 77 
2072 539 
2092 71 
2095 3361 
2099 869 
2103 53 
2109 227 
2110 139 
2127 1191 
2137 24 
2144 147 
2158 62 
2168 26 
2169 298 
2170 4911 
2173 6 
2181 148 
2183 66 
2197 20 
2198 17 
2213 1437 
2216 31 
2226 166 
2226 1046 
2237 24 
2318 222 
2347 507 
2351 42 
2357 45 
2368 5 
2380 419 
2390 1185 
2404 2200 
2410 130 
2418 118 
2424 749 
2435 22 
2438 101 
2449 44 
2453 441 
2462 1387 
2473 1376 
2481 60 
2495 40 
2517 2405 
2581 1899 
2585 807 
2601 1122 
2613 153 
2622 2571 
2625 54 
2631 5245 
2638 2646 
2643 230 
2669 85 
2677 85 
2682 13558935 
2683 141 
2690 860 
2694 38 
2696 202 
2697 511 
2699 305 
2700 132 
2701 227 
2702 773 
2702 559 
2706 3 
2707 155 
2708 665 
2709 1031 
2710 1168 
2711 518 
2711 659 
2711 1403 
2712 940 
2713 1175 
2713 2739 
2717 3295 
2718 929 
2719 194 
2719 6285 
2719 209 
2720 134 
2721 851 
2722 1330 
2722 380 
2723 719 
2725 1532 
2726 1115 
2727 33 
2730 322 
2731 105 
2735 1157 
2736 442 
2736 279 
2738 306 
2742 158 
2743 601 
2745 2016 
2746 571 
2748 21 
2748 291 
2749 16 
2749 1038 
2750 969 
2750 68 
2753 1343 
2755 86 
2755 2171 
2756 3739 
2757 1048 
2758 442 
2759 408 
2760 2114 
2760 2154 
2760 734 
2762 2570 
2764 1433 
2764 157 
2764 698 
2764 246 
2764 75 
2765 726 
2765 784 
2817 179 
2818 3338 
2821 2107 
2822 1377 
2822 1062 
2823 384 
2825 411 
2825 717 
2826 1753 
2827 93 
2828 106 
2828 437 
2830 909 
2830 1723 
2831 325 
2832 51 
2832 1258 
2833 1147 
2833 308 
2833 386 
2835 1382 
2836 888 
2846 135 
2847 558 
2849 605 
2852 6754 
2856 573 
2859 1382 
2859 82 
2860 117 
2862 441 
2863 143 
2865 198 
2866 20 
2873 502 
2876 564 
2878 24 
2880 4300 
2882 2497 
2882 279 
2883 2102 
2883 1283 
2887 36 
2889 53 
2889 826 
2889 298 
2890 288 
2892 41 
2893 1238 
2893 162 
2893 1059 
2894 3809 
2895 63 
2898 918 
2898 332 
2901 108 
2902 375 
2906 561 
2907 547 
2908 1182 
2910 1039 
2911 553 
2963 1103 
2964 2584 
2964 972 
2964 697 
2965 260 
2967 2411 
2968 1771 
2968 842 
2968 2111 
2969 771 
2970 67 
2971 908 
2971 550 
2975 515 
2975 616 
2976 133 
2976 384 
2977 674 
2978 1105 
2980 38 
2981 407 
2981 992 
2981 184 
2983 54 
2985 1653 
2985 720 
2986 2352 
2987 742 
2988 336 
2988 293 
2991 385 
2995 1452 
2997 475 
2997 1048 
2999 277 
2999 52 
3002 2423 
3004 173 
3005 1052 
3008 830 
3008 2736 
3008 2039 
3009 6450 
3010 797 
3010 2861 
3010 1029 
3011 74 
3013 3959 
3013 2120 
3016 131 
3016 3602 
3017 371 
3017 309 
3018 524 
3019 303 
3019 1098 
3020 1573 
3020 119 
3020 248 
3022 106 
3023 157 
3026 411 
3030 1264 
3030 484 
3031 202 
3033 220 
3036 1860 
3036 169 
3036 335 
3036 3996 
3037 508 
3037 102 
3042 1951 
3042 43 
3045 3995 
3046 223 
3049 1639 
3052 2711 
3053 495 
3055 2 
3056 926 
3059 248 
3061 161 
3061 997 
3062 1404 
3063 575 
3063 105 
3064 83 
3068 1462 
3073 351 
3073 1205 
3075 8120 
3077 1665 
3078 225 
3078 922 
3080 142 
3086 3951 
3087 121 
3088 211 
3088 3958 
3094 182 
3094 196 
3095 103 
3096 209 
3096 184 
3096 1045 
3097 1675 
3100 2052 
3100 313 
3101 1136 
3101 3346 
3103 524 
3104 134 
3105 8530 
3110 199 
3111 5805 
3112 1640 
3113 5831 
3116 229 
3117 54 
3118 780 
3120 254 
3121 851 
3124 556 
3125 126 
3129 2370 
3130 437 
3130 2712 
3132 2401 
3133 784 
3136 452 
3136 90 
3140 1396 
3140 397 
3145 54 
3147 743 
3148 708 
3155 4169 
3157 635 
3161 11 
3166 88 
3166 692 
3166 2060 
3166 300 
3168 479 
3169 109 
3172 1263 
3173 459 
3173 2005 
3174 1040 
3174 749 
3175 858 
3175 1167 
3228 614 
3231 875 
3231 46 
3232 110 
3234 6423 
3234 93 
3237 28 
3238 2009 
3240 43 
3242 2770 
3244 2011 
3245 80 
3247 133 
3247 1965 
3248 46 
3252 257 
3254 1787 
3256 1010 
3264 310 
3265 302 
3268 2079 
3269 102185 
3270 2548 
3277 1700 
3279 268 
3280 59 
3280 747 
3281 364 
3281 601 
3282 22 
3283 1071 
3288 1103 
3290 46 
3291 111 
3293 1057 
3293 1151 
3297 234 
3303 92 
3306 1348 
3307 5359 
3310 1805 
3310 512 
3310 3483 
3314 528 
3318 1099 
3322 490 
3322 659 
3323 851 
3326 263 
3327 750 
3339 12 
3340 1139 
3352 73 
3358 0 
3364 165 
3364 2943 
3365 768 
3368 130 
3377 1972 
3377 3560 
3380 1402 
3380 395 
3380 1186 
3387 923 
3391 1359 
3393 116 
3395 88 
3396 222 
3398 234 
3400 1120 
3403 337 
3403 1179 
3404 80 
3405 1953 
3405 12202 
3405 458 
3406 15 
3414 515 
3420 122 
3421 2172 
3424 455 
3477 1707 
3479 5622 
3480 718 
3484 3197 
3490 1284 
3502 210 
3504 1419 
3508 741 
3510 643 
3516 1354 
3524 19 
3529 1889 
3530 1038 
3532 122 
3534 388 
3555 169 
3565 2326 
3569 3993 
3569 77 
3572 44 
3573 1270 
3575 165 
3580 1180 
3583 190 
3584 65 
3589 310 
3604 642 
3606 1206 
3616 7 
3616 452 
3624 2434 
3624 121 
3627 17 
3628 1601 
3633 184 
3642 351 
3645 3283 
3650 927 
3655 415 
3663 354 
3677 107 
3728 47 
3736 1102 
3741 1188 
3742 1341 
3747 3424 
3757 374 
3760 97 
3762 179 
3768 35 
3770 2349 
3773 97 
3774 157 
3776 34 
3776 643 
3776 289 
3777 3359 
3780 6791 
3781 424 
3782 23261 
3784 597 
3791 762 
3793 2335 
3796 161 
3804 2743 
3806 157 
3807 825 
3808 238 
3813 20 
3813 518 
3814 1607 
3816 1322 
3818 64 
3822 78 
3826 77 
3828 93 
3829 1006 
3833 790 
3843 1892 
3844 226 
3844 53355 
3848 1128 
3852 221 
3857 161 
3859 1787 
3859 5971 
3860 3590 
3863 495 
3868 1168 
3869 255 
3881 1334 
3885 1900 
3893 180 
3895 3530 
3900 1180 
3902 1064 
3902 72 
3903 186 
3904 162 
3907 233 
3908 36 
3911 207 
3911 1287 
3968 535 
3976 410 
3978 894 
3980 3349 
3981 335 
3982 349 
3996 108 
4003 5631 
4004 286 
4004 4405 
4006 11 
4013 3307 
4013 1402 
4014 6225 
4014 855 
4014 3296 
4018 10 
4025 359 
4026 316 
4031 858 
4034 249 
4035 324 
4042 560 
4045 63 
4045 113 
4051 420 
4056 232 
4062 182 
4063 538 
4065 489 
4070 1329 
4071 1736 
4073 2147 
4074 1769 
4079 549 
4084 784 
4086 262 
4092 469 
4092 640 
4095 115 
4097 46 
4100 678 
4103 588 
4104 119 
4104 786 
4107 221 
4108 443 
4110 784 
4111 381 
4112 1463 
4115 110 
4115 19 
4117 1138 
4120 419 
4134 332 
4137 2186 
4138 1737 
4141 3640 
4144 424 
4151 178 
4154 179 
4158 232 
4216 19 
4223 1356 
4223 689 
4224 232 
4226 699 
4231 1927 
4235 57 
4237 283 
4237 1233 
4240 396 
4240 293 
4241 16 
4241 117 
4243 252 
4251 217 
4253 153 
4261 596 
4268 4498 
4273 1499 
4277 256 
4281 560 
4285 915 
4288 164 
4290 928 
4298 771 
4298 186 
4300 1917 
4302 445 
4310 197 
4318 96 
4324 572 
4325 177 
4327 786 
4340 22821 
4348 1494 
4348 436 
4350 1807 
4351 123 
4353 3008 
4355 13942 
4357 210 
4358 1022 
4363 106 
4364 1204 
4372 220 
4375 771 
4378 1058 
4381 880 
4384 1687 
4389 544 
4391 755 
4398 270 
4402 1061 
4406 6 
4421 3650 
4428 24 
4429 422 
4433 2072 
4434 350 
4435 655 
4441 1723 
4444 107 
4446 1244 
4447 52 
4448 368 
4452 187 
4458 1304 
4459 50 
4461 487 
4465 88 
4470 229 
4470 158 
4477 297 
4480 146 
4485 1138 
4549 14 
4570 1850 
4573 338 
4578 1464 
4583 933 
4584 679 
4587 66 
4590 857 
4597 131 
4598 171 
4611 51 
4618 1700 
4632 381 
4636 16 
4639 1571 
4652 1777 
4683 329 
4686 1200 
4693 1351 
4695 709 
4697 320 
4699 186 
4714 75 
4714 195048 
4740 32 
4751 240 
4759 1095 
4768 708 
4857 117 
4867 355 
4869 1802 
4873 29534 
4885 545 
4892 7795 
4904 891 
4913 1199 
4921 591 
4937 1077 
4950 427 
4974 1738 
4990 246 
5009 2075 
5025 60 
5030 137 
5031 1493 
5033 46 
5043 2870 
5049 95 
5070 592 
5073 145 
5075 652 
5084 329 
5092 329 
5111 904 
5139 899 
5149 3045 
5206 166 
5225 5435 
5255 567 
5256 62 
5256 1090 
5261 656 
5283 879 
5312 660 
5325 2947 
5341 998 
5345 241 
5347 531 
5352 22 
5356 967 
5366 156 
5374 34 
5374 297 
5376 1812 
5380 5132 
5381 1636 
5390 47 
5403 174 
5406 90 
5423 2625 
5424 1645 
5433 4 
5440 841 
5442 266 
5444 2148 
5464 264 
5474 445 
5477 1348 
5480 1862 
5481 1162 
5539 506 
5544 474 
5561 1339 
5571 1156 
5573 164 
5579 629 
5579 3252 
5586 952 
5614 336 
5620 1915 
5630 13 
5637 2564 
5652 597 
5657 733 
5658 373 
5660 506 
5667 316 
5676 432 
5683 1179 
5686 348 
5692 3006 
5692 961 
5706 458 
5707 1110 
5709 757 
5748 120 
5749 270 
5753 1238 
5754 533 
5755 2532 
5761 134 
5763 780 
5776 2040 
5782 2288 
5788 4816 
5793 424 
5794 629 
5803 656 
5813 274 
5819 479 
5823 3043 
5835 13172 
5837 1689 
5838 2098 
5839 135 
5840 1298 
5844 2490 
5845 299 
5850 1508 
5854 31634 
5854 1067 
5857 148 
5862 1253 
5921 1795 
5924 191 
5926 6935 
5934 1369 
5942 1037 
5943 7196 
5944 1497 
5958 561 
5959 4307 
5962 2360 
5966 1088 
5971 3429 
5971 1314 
5973 5299 
5973 337 
5977 618 
5978 591 
5980 1076 
5985 96 
5986 10976 
5999 564 
6004 516 
6008 130 
6008 51 
6014 554 
6017 329 
6018 771 
6023 1429 
6029 372 
6039 2401 
6040 23277 
6045 478 
6054 117 
6080 8 
6083 870 
6087 2652 
6095 283 
6098 1638 
6108 81 
6118 3218 
6119 75 
6146 626 
6149 104 
6155 433 
6160 113 
6163 1791 
6165 756 
6167 922 
6167 356 
6173 90 
6175 187 
6184 43 
6185 85 
6187 254 
6188 477 
6189 611 
6190 1116 
6203 91 
6203 1413 
6214 957 
6215 156 
6216 57 
6235 185 
6245 563 
6245 886 
6253 1458 
6258 391 
6337 347 
6352 279 
6368 707 
6373 1159 
6387 187 
6394 160 
6401 280 
6403 7980 
6411 1257 
6412 968 
6417 38 
6421 238 
6421 1105 
6425 1493 
6436 256 
6439 5780 
6449 188 
6452 138 
6452 752 
6452 787 
6453 141 
6454 1153 
6459 79 
6469 255 
6548 1624 
6551 919 
6552 6528 
6556 456 
6559 977 
6570 4379 
6579 1316 
6579 1451 
6589 482 
6600 4854 
6608 187 
6608 99 
6609 242 
6614 184 
6617 302 
6618 1880 
6626 554 
6626 847 
6627 1418 
6636 169 
6639 239 
6640 1369 
6640 429 
6653 1044 
6658 1423 
6661 198 
6672 303 
6697 1157 
6702 224 
6712 1732 
6717 299 
6720 177 
6724 168 
6724 283 
6734 1409 
6737 1014 
6738 2069 
6744 229 
6745 98 
6746 320 
6746 2169 
6749 430 
6752 1099 
6760 27 
6761 391 
6773 3667 
6775 39 
6785 447 
6790 22 
6799 1209 
6800 377 
6811 7520 
6819 279 
6821 781 
6836 947 
6838 860 
6841 444 
6857 1127 
6864 190 
6868 1455 
6877 255 
6886 230 
6887 178 
6906 168 
6922 25 
6923 33 
6937 5174 
6987 858 
6991 98 
7000 731 
7001 832 
7008 1236 
7008 3128 
7013 958 
7013 8545 
7014 1588 
7019 401 
7019 509 
7025 896 
7034 1670 
7048 457 
7060 1710 
7070 21 
7072 840 
7081 133 
7082 15 
7084 6752 
7134 1897 
7137 527 
7139 1871 
7142 597 
7144 411 
7149 1671 
7149 520 
7154 1009 
7164 4014 
7171 659 
7172 311 
7199 2797 
7215 135 
7217 22 
7217 211 
7220 68 
7221 297 
7223 1505 
7262 355 
7264 1255 
7271 578 
7284 1160 
7285 132 
7286 486 
7295 960 
7304 103 
7310 1301 
7333 537 
7337 405 
7338 188 
7367 837 
7372 360 
7381 87 
7382 725 
7394 561 
7402 459 
7425 2593 
7433 70 
7436 96 
7441 1580 
7446 459 
7448 1186 
7450 185 
7451 203 
7453 1212 
7455 592 
7459 81 
7459 728 
7490 1228 
7491 1045 
7491 1281 
7496 1062 
7502 1448 
7517 652 
7521 4603 
7521 288 
7528 523 
7528 1170 
7532 1154 
7534 108 
7543 136 
7545 2889 
7554 261 
7555 1306 
7560 1454 
7635 2720 
7635 168 
7637 905 
7637 2139 
7643 15 
7645 1113 
7654 2121 
7656 64 
7657 347 
7665 166 
7665 2467 
7667 336 
7670 635 
7670 359 
7676 44 
7694 878 
7695 3374 
7699 1622 
7708 4040 
7711 350 
7721 1659 
7724 22 
7729 512 
7732 16 
7742 164 
7742 1770 
7748 89 
7756 83 
7768 781 
7791 706 
7794 1138 
7795 451 
7798 4120 
7808 1315 
7812 468 
7826 60 
7833 1221 
7846 5571 
7846 39 
7856 1170 
7868 2463 
7881 1696 
7886 734 
7890 56 
7911 146 
7923 546 
7930 189 
7934 1378 
7937 938 
7937 1 
7950 676 
7958 1138 
7966 82 
7977 10931 
7985 636 
7986 413 
7996 604 
7997 2149 
8008 755 
8036 330 
8039 1220 
8059 74 
8067 340 
8071 76 
8078 2544 
8078 152 
8081 2262 
8087 38 
8087 1518 
8094 1584 
8105 1226 
8106 328 
8109 512 
8112 167 
8135 1432 
8135 16 
8152 526 
8167 161 
8177 1427 
8200 1187 
8209 113 
8214 1429 
8224 33 
8228 985 
8229 245 
8235 950 
8235 223 
8242 847 
8243 1296 
8253 536 
8259 5136 
8262 1162 
8273 738 
8290 184 
8291 3045 
8291 980 
8292 10 
8293 915 
8306 857 
8307 170 
8325 4676 
8341 3013 
8347 432 
8415 3527 
8416 2053 
8436 643 
8455 1631 
8465 1169 
8468 392 
8471 223 
8485 1468 
8500 885 
8519 732 
8528 706 
8533 681 
8556 3 
8575 2745 
8581 4013 
8586 146 
8592 102 
8592 871 
8595 2 
8596 26 
8599 3569 
8602 1007 
8611 611 
8613 1500 
8617 2829 
8618 327 
8620 1263 
8636 24 
8640 839 
8641 752 
8652 157 
8667 632 
8677 95 
8682 1093 
8696 1168 
8706 1124 
8721 1314 
8725 1260 
8732 162 
8740 298 
8755 175 
8757 1073 
8764 1231 
8771 120 
8773 4409 
8776 127 
8783 127 
8788 570 
8791 1153 
8799 4677 
8810 2738 
8814 266 
8822 470 
8824 877 
8828 2059 
8834 1675 
8845 251 
8847 297 
8852 1359 
8861 1134 
8865 12376 
8872 1139 
8880 379 
8881 1220 
8887 394 
8890 244 
8891 392 
8907 889 
8918 424 
8932 113 
8943 663 
8949 305 
8951 173 
8952 1211 
8962 949 
8982 157 
8990 613 
9026 585 
9030 668 
9034 794 
9040 901 
9041 314 
9041 1384 
9064 3475 
9069 936 
9084 650 
9109 675 
9115 432 
9116 515 
9120 282 
9121 2117 
9142 718 
9151 1343 
9161 547 
9177 216 
9192 425 
9194 1445 
9200 13551 
9211 124 
9224 1567 
9230 578 
9241 2343 
9245 315 
9245 2485 
9252 584 
9261 8090 
9276 149 
9296 2041 
9298 1069 
9302 1050 
9309 1330 
9311 253 
9316 59 
9318 3266 
9320 3842 
9341 377 
9347 2518 
9351 114 
9360 4470 
9372 214 
9373 1272 
9382 126 
9382 270 
9383 72 
9393 1267 
9397 364 
9410 89 
9414 1706 
9417 109 
9428 464 
9442 157 
9449 1104 
9454 46 
9455 929 
9475 44 
9478 1163 
9484 1963 
9488 389 
9493 581 
9496 397 
9498 422 
9508 414 
9587 27 
9603 1139 
9616 2863 
9629 1069 
9636 151 
9648 222 
9650 1445 
9651 3067 
9659 829 
9680 226 
9717 609 
9717 1150 
9723 1015 
9728 366 
9729 767 
9732 97 
9745 128 
9749 1394 
9750 106 
9760 4198 
9763 207 
9770 272 
9773 94 
9774 283 
9776 771 
9785 796 
9795 681 
9798 141 
9807 1519 
9818 1664 
9843 1585 
9858 708 
9861 1016 
9873 811 
9874 687 
9890 614 
9912 197 
9924 61 
9930 1648 
9945 34 
9946 2050 
9952 19 
9974 243 
9991 1132 
10015 238 
10023 303 
10023 135 
10030 545 
10033 2789 
10044 513 
10046 177 
10050 312 
10060 1359 
10063 467 
10087 5613 
10089 342 
10094 1371 
10098 663 
10098 736 
10101 192 
10103 140 
10105 1004 
10113 6 
10116 492 
10123 593 
10145 1172 
10148 4334 
10153 748 
10156 182 
10158 852 
10166 704 
10180 497 
10189 588 
10189 1299 
10191 132 
10205 439 
10205 730 
10271 1727 
10300 395 
10324 1680 
10324 61 
10327 382 
10331 317 
10340 73 
10358 485 
10358 1302 
10359 1038 
10365 1050 
10366 5293 
10378 465 
10379 486 
10384 218 
10388 2065 
10397 1339 
10401 207 
10420 127 
10440 1575 
10441 2774 
10473 139 
10475 1265 
10497 507 
10517 594 
10523 717 
10536 733 
10550 31 
10565 246 
10567 229 
10581 2878 
10585 1103 
10586 75 
10589 1126 
10632 154 
10637 2115 
10646 4404 
10686 823 
10690 26 
10695 368 
10696 1593 
10700 129 
10707 186 
10715 514 
10720 1109 
10740 267 
10746 1852 
10748 83 
10752 3 
10757 1645 
10771 135 
10771 2071 
10777 834 
10787 174 
10795 1689 
10803 96 
10848 60 
10862 14 
10875 298 
10885 1106 
10889 1333 
10894 2417 
10911 2043 
10927 3189 
10945 2424 
10950 3485 
10953 139 
10965 532 
10981 1875 
11000 1743 
11002 343 
11013 243 
11015 146 
11018 395 
11026 4482 
11054 2599 
11056 185 
11085 2313 
11094 448 
11104 967 
11165 264 
11166 779 
11189 216 
11198 256 
11201 322 
11223 66 
11233 186 
11240 120 
11254 954 
11259 1017 
11272 407 
11283 211 
11309 1993 
11317 166 
11337 67 
11345 3137 
11356 699 
11363 1598 
11365 92 
11375 441 
11383 2443 
11388 1236 
11390 407 
11394 270 
11406 5946 
11413 614 
11416 289 
11434 397 
11449 259 
11465 311 
11472 1192 
11479 3677 
11485 1447 
11495 1512 
11505 1402 
11530 2531 
11540 107 
11547 54 
11578 430 
11580 750 
11590 5026 
11602 664 
11618 280 
11669 624 
11691 1121 
11692 1097 
11714 620 
11715 204 
11737 603 
11761 158 
11762 60 
11763 311 
11772 784 
11775 98 
11800 722 
11800 330 
11803 649 
11818 396 
11824 563 
11834 221 
11843 2899 
11852 1875 
11860 211 
11860 181 
11862 214 
11875 349 
11881 1705 
11889 1219 
11895 922 
11898 1281 
11899 152 
11913 229 
11925 2123 
11927 520 
11927 2058 
11930 200 
11956 296 
11965 166 
11981 2059 
11986 1463 
12001 415 
12010 1618 
12011 283 
12013 345 
12048 5720 
12076 184 
12093 2102 
12102 337 
12103 99 
12115 145 
12142 45 
12149 373 
12151 1208 
12174 348 
12186 423 
12220 6536 
12227 323 
12230 16208 
12231 238 
12241 474 
12253 6916 
12256 430 
12263 3294 
12271 1009 
12272 663 
12273 29 
12277 68 
12279 583 
12280 1516 
12282 181 
12362 399 
12371 1137 
12381 1127 
12385 388 
12387 1913 
12394 339 
12396 782 
12399 1114 
12401 877 
12407 426 
12440 2686 
12461 627 
12467 235 
12472 238 
12475 847 
12482 1049 
12493 707 
12504 1144 
12508 1904 
12532 795 
12536 442 
12555 302 
12565 268 
12571 29 
12587 983 
12589 828 
12612 123 
12643 254 
12647 683 
12700 147 
12710 1177 
12725 73 
12729 1654 
12729 191 
12731 70 
12740 654 
12789 3841 
12789 69 
12792 343 
12798 931 
12801 1368 
12810 1601 
12822 172 
12854 457 
12855 49 
12863 844 
12866 192 
12867 90 
12869 313 
12871 892 
12873 2025 
12875 13 
12877 290 
12883 334 
12889 215 
12895 76 
12928 702 
12945 361 
12957 848 
12961 9691 
12974 444 
12978 878 
12978 202 
12991 518 
12999 261 
13007 505 
13013 633 
13022 30202 
13033 1743 
13035 933 
13043 1370 
13062 871 
13072 52114 
13073 1595 
13088 949 
13089 14323 
13094 2019 
13105 1544 
13107 1099 
13112 1174 
13113 560 
13121 504 
13129 263 
13133 129 
13154 1007 
13160 278 
13164 2002 
13187 845 
13189 1311 
13197 23 
13200 571 
13202 744 
13219 660 
13220 817 
13220 43 
13223 83 
13230 924 
13233 586 
13235 220 
13239 2201 
13240 1068 
13242 428 
13258 1023 
13272 2500 
13274 1288 
13279 844 
13287 518 
13292 194 
13293 1159 
13313 105 
13318 1152 
13320 3034 
13327 361 
13328 5967 
13351 64 
13354 148 
13355 807 
13376 1240 
13378 1922 
13384 1476 
13386 701 
13409 1368 
13414 835 
13414 152 
13417 342 
13418 461 
13430 1015 
13441 2562 
13469 208 
13488 171 
13502 625 
13502 146 
13503 838 
13507 2604 
13526 207 
13533 1595 
13537 567 
13540 323 
13558 1113 
13563 187 
13583 1371 
13589 789 
13592 168 
13594 403 
13594 89 
13595 735 
13613 201 
13615 173 
13615 1026 
13625 180 
13708 302 
13719 409 
13733 663 
13751 104 
13784 3451 
13785 700 
13789 55 
13793 2492 
13817 116 
13836 107 
13844 129 
13854 548 
13855 392 
13863 214 
13865 2687 
13877 350 
13893 3305 
13896 437 
13897 1640 
13901 395 
13904 301 
13910 6117 
13919 911 
13920 2173 
13936 42 
13941 2725 
13960 290 
13964 68 
13969 749 
13971 996 
13981 73 
13981 329 
13982 177 
13995 289 
13998 546 
14007 372 
14016 879 
14020 731 
14023 1309 
14034 171 
14043 1262 
14054 97 
14066 2610 
14073 286 
14074 650 
14083 1156 
14088 1210 
14097 2706 
14101 1287 
14121 413 
14141 75 
14148 1134 
14160 815 
14187 1111 
14197 946 
14213 256 
14263 551 
14269 1895 
14276 103 
14282 703 
14297 1971 
14297 539 
14316 1185 
14327 1114 
14333 68 
14334 1028 
14336 2363 
14359 13971 
14366 47 
14374 215 
14396 54 
14397 2666 
14402 71 
14402 691 
14410 103 
14411 2755 
14422 340 
14477 2428 
14488 166 
14497 2775 
14508 147 
14510 8398 
14532 112 
14562 518 
14562 1567 
14568 481 
14577 361 
14587 377 
14589 1148 
14590 454 
14595 328 
14599 2355 
14623 252 
14656 2435 
14662 620 
14662 665 
14669 64928 
14676 651 
14716 733 
14728 845 
14733 847 
14734 33 
14743 6370 
14752 604 
14779 1782 
14787 981 
14794 45 
14798 14877 
14808 107 
14822 52 
14822 124 
14824 256 
14828 609 
14832 553 
14834 793 
14860 316 
14868 1487 
14912 1562 
14923 65 
14983 125 
15006 63 
15011 264 
15021 253 
15022 1214 
15023 1186 
15035 5243 
15042 868 
15050 2110 
15068 1405 
15069 210 
15076 7645 
15082 808 
15085 485 
15096 465 
15103 174 
15108 413 
15108 2561 
15112 529 
15116 2361 
15122 3604 
15128 844 
15143 281 
15158 876 
15173 166 
15184 500 
15193 2769 
15212 4614 
15218 357 
15221 546 
15234 753 
15258 158 
15267 47 
15275 733 
15280 1288 
15281 137 
15300 538 
15316 591 
15318 1261 
15353 231 
15361 867 
15363 1283 
15368 277 
15379 564 
15382 928 
15394 2255 
15419 1044 
15439 827 
15440 573 
15454 442 
15462 748 
15471 60 
15496 863 
15506 17 
15518 526 
15520 228 
15523 107 
15537 671 
15545 367 
15546 233 
15551 1397 
15557 153 
15589 260 
15607 1750 
15620 274 
15620 129 
15621 528 
15621 3377 
15622 77 
15645 160 
15653 16 
15659 286 
15667 743 
15668 866 
15668 6168 
15681 534 
15681 1115 
15685 177 
15687 490 
15687 765 
15690 67 
15692 265 
15698 321 
15706 5280 
15711 670 
15713 1808 
15717 706 
15718 4943 
15730 1111 
15731 1164 
15731 1250 
15736 2568 
15742 645 
15755 718 
15762 177 
15771 54 
15790 1137 
15793 741 
15796 10335 
15800 1704 
15824 404 
15839 1501 
15844 222 
15846 669 
15849 33 
15851 667 
15856 956 
15884 1063 
15886 1159 
15892 841 
15910 603 
15915 154 
15927 1887 
15931 2125 
15932 38 
15942 169 
15944 373 
15971 181 
15973 210 
15993 25 
15997 694 
16005 485 
16026 42 
16027 1283 
16036 9345 
16037 218 
16045 431 
16063 771 
16067 153 
16084 1667 
16085 358 
16093 159 
16094 723 
16102 286 
16106 927 
16112 1495 
16113 131 
16121 408 
16134 328 
16139 77 
16147 31 
16149 393 
16150 259 
16152 176 
16160 158 
16177 781 
16186 815 
16213 8 
16234 940 
16261 22 
16331 628 
16359 742 
16368 132 
16376 601 
16414 1690 
16432 623 
16440 622 
16441 1831 
16443 40 
16510 1346 
16510 825 
16518 407 
16523 121 
16533 1224 
16547 87 
16548 165 
16578 367 
16598 1353 
16617 192 
16628 270 
16631 2111 
16634 499 
16645 1528 
16653 35 
16653 273 
16658 10618 
16662 654 
16670 505 
16674 386 
16685 679 
16708 3 
16714 833 
16716 2415 
16726 414 
16728 1931 
16740 8920 
16746 935 
16755 264 
16760 425 
16761 145 
16764 231 
16765 537 
16767 243 
16782 1057 
16798 1601 
16804 539 
16808 1672 
16811 3571 
16818 380 
16826 1545 
16832 1178 
16837 1372 
16861 3311 
16872 1162 
16879 56 
16882 88 
16886 194 
16896 73 
16909 2939 
16915 4353 
16916 5557 
16933 1782 
16934 2246 
16940 353 
16944 807 
16945 1963 
16948 553 
16951 1215 
16955 903 
16957 258 
16958 1159 
16982 77 
16986 1085 
16995 2830 
17005 23 
17013 287 
17018 7 
17030 730 
17050 62306 
17054 3071 
17071 919 
17086 527 
17086 1833 
17093 1747 
17094 247 
17107 3512 
17125 396 
17150 4157 
17191 4148 
17193 661 
17201 1697 
17212 1785 
17219 6229 
17226 330 
17231 150 
17236 875 
17237 506 
17243 380 
17259 697 
17260 157 
17273 348 
17294 183 
17303 440 
17305 663 
17311 165 
17319 107 
17320 3334 
17402 1569 
17409 75 
17418 14410 
17426 708 
17435 1035 
17443 727 
17453 4678 
17479 490 
17482 1554 
17485 153 
17488 833 
17492 1388 
17509 767 
17509 3674 
17520 1141 
17521 780 
17527 791 
17537 46 
17574 1028 
17577 452 
17581 1410 
17584 283 
17588 109 
17588 1060 
17592 1061 
17598 520 
17602 124 
17608 191 
17611 905 
17621 113 
17650 752 
17693 349 
17699 241 
17702 62 
17705 194 
17707 555 
17724 227 
17724 6 
17728 21 
17735 48 
17737 495 
17740 170 
17740 1039 
17741 902 
17742 145 
17773 62 
17774 441 
17775 322 
17775 2140 
17779 1580 
17813 216 
17814 537 
17826 5 
17829 858 
17846 232 
17858 4701 
17867 617 
17875 89 
17877 602 
17880 15031 
17886 121 
17900 185 
17910 271 
17922 419 
17922 696 
17925 872 
17944 436 
17948 452 
17960 645 
17975 1031 
17978 97 
17987 980 
17989 124 
18003 1175 
18015 466 
18022 1337 
18025 113 
18046 322 
18063 1459 
18069 90 
18086 1045 
18088 518 
18104 955 
18105 277 
18125 716 
18132 665 
18133 1479 
18142 197 
18147 1393 
18153 1378 
18156 83 
18156 4597 
18179 234 
18186 123 
18188 376 
18188 807 
18192 545 
18196 177 
18198 1787 
18198 90 
18200 365 
18212 124 
18212 2866 
18215 307 
18220 643 
18228 1081 
18234 1039 
18244 486 
18251 5612 
18268 38 
18275 432 
18276 714 
18284 130 
18288 152 
18304 24903 
18311 142 
18317 232 
18318 572 
18325 1783 
18330 870 
18353 1276 
18364 70 
18366 1554 
18381 1967 
18385 308 
18387 1058 
18390 209 
18392 1508 
18402 2486 
18404 3535 
18410 82 
18490 1513 
18502 2854 
18506 1221 
18509 887 
18511 109 
18515 204 
18516 852 
18528 303 
18532 1911 
18533 101 
18536 54 
18538 1729 
18543 2101 
18544 1380 
18545 2120 
18554 688 
18557 213 
18576 738 
18578 266 
18579 202 
18586 4454 
18586 81 
18588 553 
18596 910 
18599 296 
18602 1059 
18613 249 
18632 445 
18644 1312 
18647 384 
18655 1238 
18665 306 
18669 691 
18672 1228 
18678 141 
18681 2258 
18702 406 
18707 1130 
18712 1065 
18712 779 
18714 249 
18719 567 
18731 4432 
18738 132 
18738 156 
18740 161 
18745 91 
18753 6044 
18756 695 
18757 47 
18764 507 
18770 1278 
18770 2199 
18783 1916 
18785 337 
18788 7804 
18793 1059 
18801 387 
18805 1976 
18808 1008 
18818 203 
18818 2000 
18820 449 
18821 448 
18830 725 
18840 2338 
18846 1959 
18861 828 
18872 440 
18885 194 
18899 1293 
18903 746 
18904 136 
18912 2035 
18939 69 
18943 233 
18949 347 
18962 998 
18962 737 
18969 284 
18970 613 
18980 643 
18987 900 
18993 248 
18995 1223 
18998 209 
19005 251 
19012 2555 
19024 2535 
19041 77 
19042 1249 
19067 1170 
19074 2023 
19077 581 
19082 717 
19083 256 
19088 31 
19091 411 
19094 620 
19098 1558 
19101 787 
19116 62 
19135 214 
19144 336 
19151 693 
19161 813 
19170 195 
19175 1103 
19177 108 
19214 363 
19216 639 
19218 81 
19225 1234 
19234 519 
19244 886 
19244 72 
19249 8803 
19262 1102 
19277 263 
19289 2006 
19293 1072 
19293 186 
19312 39 
19332 47 
19449 111 
19452 863 
19460 585 
19468 119 
19475 2376 
19479 400 
19479 453 
19482 2327 
19494 110 
19494 387 
19506 1301 
19506 272 
19509 33 
19516 631 
19540 605 
19555 681 
19570 58 
19586 939 
19590 4594 
19616 857 
19618 801 
19618 37177 
19623 508 
19624 967 
19624 175 
19625 765 
19629 112 
19637 435 
19642 632 
19644 251 
19648 681 
19667 209 
19671 419 
19675 338 
19682 1271 
19683 153 
19688 1689 
19692 686 
19695 78 
19703 501 
19704 958 
19704 1462 
19706 938 
19706 713 
19712 816 
19715 726 
19720 109 
19726 1753 
19729 565 
19744 517 
19749 534 
19758 526 
19763 1476 
19766 453 
19779 3127 
19782 1380 
19785 764 
19788 199 
19789 293 
19811 1136 
19818 303 
19828 604 
19829 1042 
19832 1618 
19838 1844 
19857 418 
19858 19 
19865 1262 
19871 1274 
19879 1894 
19882 112 
19890 163 
19891 145 
19914 380 
19916 294 
19928 2458 
19934 3112 
19943 5794 
19944 287 
19949 105 
19956 843 
19957 25 
19985 847 
19988 386 
19991 274 
20006 501 
20008 449 
20010 287 
20113 744 
20114 2358 
20115 11330 
20117 108 
20118 48 
20144 742 
20145 1058 
20150 406 
20172 394 
20182 986 
20185 713 
20190 23 
20195 64 
20211 609 
20216 762 
20216 308 
20217 220 
20219 103 
20223 1275 
20228 73 
20232 93 
20236 785 
20246 489 
20248 445 
20267 315 
20268 917 
20275 877 
20294 1497 
20300 400 
20303 350 
20306 27 
20309 191 
20309 305 
20311 5306 
20313 676 
20315 1137 
20316 86 
20336 5782 
20342 102 
20342 269 
20345 718 
20352 249 
20355 1368 
20359 267 
20360 327 
20361 688 
20366 647 
20369 2049 
20371 1145 
20375 44 
20395 132 
20398 360 
20409 1538 
20422 215 
20428 1074 
20439 272 
20442 441 
20451 1391 
20455 1254 
20466 933 
20473 1303 
20475 294 
20484 11306 
20503 29 
20504 1725 
20504 148 
20510 5909 
20511 725 
20512 854 
20513 1513 
20516 139 
20525 843 
20527 825 
20533 240 
20539 92 
20541 630 
20543 127 
20545 1320 
20547 209 
20550 2939 
20554 103 
20566 757 
20567 190 
20568 708 
20583 742 
20583 284 
20588 116 
20589 1214 
20596 597 
20598 2988 
20600 156 
20604 834 
20609 95 
20611 3845 
20613 599 
20614 287 
20616 385 
20616 712 
20620 642 
20625 75 
20626 1279 
20627 1820 
20635 337 
20638 624 
20709 1356 
20715 1303 
20716 1017 
20717 185 
20719 1141 
20722 2204 
20727 536 
20736 936 
20736 387 
20745 66 
20756 858 
20766 113 
20767 83 
20774 6076 
20778 115 
20778 629 
20779 575 
20779 1018 
20788 1831 
20788 2816 
20793 323 
20798 1102 
20811 302 
20820 340 
20821 594 
20826 547 
20850 134 
20856 44 
20859 3737 
20861 789 
20866 785 
20943 1369 
20948 90 
20952 5417 
20970 326 
20976 33 
20977 60 
20979 151 
20987 2255 
21008 316 
21015 20 
21030 1039 
21057 127 
21063 214 
21075 285 
21077 258 
21085 273 
21088 341 
21107 1537 
21140 313 
21141 3421 
21154 1215 
21191 2396 
21191 5509 
21193 191 
21205 199 
21216 178 
21228 375 
21236 619 
21270 233 
21277 972 
21278 1168 
21288 424 
21300 946 
21304 1312 
21305 698 
21312 544 
21325 203 
21327 2743 
21331 1034 
21331 9 
21335 280 
21347 871 
21351 163 
21421 685 
21427 745 
21436 951 
21446 248 
21454 1389 
21473 7 
21473 431 
21473 954 
21476 2455 
21478 1353 
21494 1684 
21516 416 
21523 25 
21524 101 
21535 215 
21541 615 
21549 412 
21564 182 
21581 482 
21583 163 
21600 222 
21605 1086 
21606 717 
21619 3100 
21629 141 
21638 1091 
21658 467 
21675 28 
21688 815 
21693 378 
21695 1006 
21721 2290 
21723 2021 
21729 679 
21741 432 
21742 933 
21749 1141 
21820 98 
21824 106 
21831 125 
21839 1393 
21842 7548 
21844 2681 
21845 446 
21851 132 
21853 415 
21863 390 
21873 8563 
21873 7199 
21882 784 
21906 1192 
21909 1223 
21920 25 
21923 121 
21924 59 
21928 1696 
21938 106 
21943 321 
21953 753 
21959 791 
21963 3063 
21969 34 
21969 702 
21987 251 
22003 138 
22004 760 
22011 70 
22013 611 
22013 7420 
22024 240 
22025 59 
22034 5 
22040 1571 
22044 274 
22072 325 
22075 797 
22083 1592 
22087 755 
22103 74 
22120 60 
22128 947 
22217 119 
22229 770 
22234 151 
22234 406 
22242 359 
22252 855 
22253 363 
22255 246 
22256 470 
22270 28065 
22278 169 
22295 1171 
22297 116 
22298 516 
22301 368 
22321 454 
22325 1326 
22326 768 
22328 61 
22331 902 
22334 1094 
22338 592 
22347 404 
22350 291 
22350 678 
22353 75 
22358 1163 
22359 863 
22364 1645 
22374 1007 
22382 261 
22388 1359 
22409 1200 
22411 862 
22414 1128 
22423 658 
22434 1877 
22444 1452 
22445 329 
22454 1058 
22459 333 
22465 200 
22481 364 
22482 756 
22491 1432 
22494 3292 
22506 833 
22517 771 
22528 2 
22529 1222 
22533 2483 
22539 89 
22543 1396 
22544 1412 
22554 520 
22558 29383 
22564 1198 
22585 415 
22587 157 
22595 937 
22598 275 
22608 43198 
22612 1352 
22621 8904 
22623 3620 
22625 154 
22626 372 
22630 500 
22693 142 
22702 2997 
22703 116 
22706 100 
22711 436 
22724 602 
22726 1308 
22732 2132 
22734 119 
22746 182 
22752 1389 
22752 143 
22761 304 
22763 5669 
22770 1461 
22793 787 
22796 674 
22810 230 
22833 157 
22837 710 
22855 298 
22867 12 
22868 1084 
22886 131 
22915 170 
22959 644 
22970 1194 
22988 704 
22991 268 
22996 670 
23003 914 
23007 355 
23017 269 
23117 1301 
23130 2152 
23134 421 
23154 23 
23154 670 
23159 190 
23172 229 
23174 3767 
23179 503 
23179 1256 
23188 730 
23198 601 
23239 2181 
23243 153 
23247 241 
23255 338 
23259 24 
23259 540 
23262 447 
23269 17520 
23279 1262 
23300 1148 
23319 445 
23347 1037 
23352 697 
23352 999 
23353 37 
23380 513 
23389 876 
23393 151 
23403 8683 
23410 870 
23417 490 
23430 442 
23454 1500 
23461 121 
23468 2437 
23473 1509 
23546 520 
23552 945 
23553 743 
23596 332 
23600 8388 
23607 525 
23607 712 
23611 484 
23638 219 
23640 381 
23642 356 
23649 297 
23681 102 
23694 12948 
23696 96 
23710 1032 
23729 351 
23735 1621 
23749 252 
23766 514 
23778 1375 
23786 1186 
23787 829 
23795 7397 
23825 148 
23829 2183 
23831 624 
23836 210 
23839 1631 
23851 175 
23854 41 
23926 422 
23929 90 
23934 113 
23942 458 
23966 627 
23968 1717 
23976 555 
23986 212 
23994 1455 
24000 913 
24001 1272 
24035 283 
24037 322 
24042 826 
24042 1643 
24051 95 
24061 10286 
24069 4037 
24071 46 
24073 410 
24080 1042 
24085 570 
24088 1187 
24090 383 
24107 1506 
24111 102 
24119 2735 
24131 1061 
24184 564 
24185 188 
24187 1055 
24198 362 
24198 4477 
24203 922 
24206 2477 
24212 1357 
24212 37 
24224 112 
24227 426 
24240 2906 
24246 263 
24248 127 
24254 120 
24277 890 
24281 1893 
24284 51 
24299 1972 
24310 1122 
24378 1603 
24386 1015 
24395 29 
24410 1584 
24414 712 
24424 129 
24462 787 
24492 575 
24506 380 
24510 65 
24511 23 
24523 576 
24551 995 
24552 555 
24617 505 
24620 1193 
24633 415 
24644 748 
24646 445 
24674 204 
24676 1587 
24682 1012 
24690 939 
24726 1166 
24745 1034 
24753 631 
24754 300 
24767 91 
24781 401 
24791 401 
24829 183 
24831 409 
24834 707 
24851 1460 
24915 322 
24926 707 
24936 631 
24936 1923 
24936 1455 
24936 787 
24949 197 
24966 897 
24966 134 
24971 129 
25036 269 
25063 547 
25074 543 
25075 77 
25076 31 
25085 3256 
25098 360 
25104 412 
25115 4763 
25121 210 
25132 1338 
25144 1352 
25159 1772 
25166 427 
25176 1650 
25206 297 
25207 1079 
25241 908 
25244 2284 
25245 22 
25252 732 
25258 1273 
25269 56 
25271 263 
25278 256 
25310 809 
25311 312 
25322 743 
25325 712 
25333 227 
25351 1306 
25438 62 
25448 1352 
25468 332 
25473 1747 
25484 574 
25484 508 
25484 449 
25486 112 
25515 234 
25541 1515 
25542 388 
25560 113 
25564 796 
25701 208 
25703 781 
25717 13 
25719 849 
25720 1116 
25738 628 
25740 109 
25860 223 
25877 453 
25886 382 
25904 286 
25916 697 
25926 1562 
25929 174 
25934 380 
25934 16269 
25935 1069 
25940 376 
25949 321 
25950 563 
25956 733 
25965 286 
25971 140 
25988 2801 
25995 37 
26033 87 
26042 367 
26061 2035 
26076 2378 
26090 80 
26155 602 
26156 592 
26245 921 
26265 1557 
26265 664 
26268 1197 
26274 1814 
26285 630 
26358 638 
26366 308 
26370 1059 
26383 316 
26385 225 
26403 69 
26418 1425 
26418 1644 
26421 915 
26428 229 
26430 230 
26435 2975 
26444 743 
26446 689 
26452 92 
26461 261 
26462 607 
26483 1560 
26500 110 
26512 1200 
26513 574 
26539 1954 
26549 84 
26572 1043 
26657 166 
26662 4216 
26678 2096 
26713 1655 
26720 282 
26730 768 
26733 32090 
26736 3282 
26739 47 
26740 768 
26744 160 
26745 5333 
26751 798 
26751 1028 
26756 146 
26758 17 
26764 393 
26764 222 
26772 488 
26774 101 
26778 114 
26789 364 
26792 1199 
26794 1569 
26794 102 
26798 1507 
26801 219 
26810 196 
26816 413 
26820 739 
26824 593 
26827 407 
26836 185 
26838 11661 
26848 371 
26853 225 
26861 265 
26862 394 
26881 853 
26883 554 
26884 336 
26886 146 
26888 353 
26899 275 
26903 7635 
26915 252 
26926 143 
27002 457 
27003 5 
27008 219 
27011 1467 
27017 54 
27024 273 
27029 666 
27038 543 
27089 1008 
27101 1545 
27104 497 
27105 1742 
27172 1093 
27173 311 
27185 5557 
27220 102 
27288 1153 
27315 590 
27317 1114 
27319 115 
27327 203 
27327 3465 
27347 233 
27385 1173 
27391 75 
27405 638 
27423 799 
27432 110 
27432 14 
27441 1047 
27480 909 
27493 5886 
27497 236 
27558 765 
27579 978 
27588 3218 
27614 299 
27619 1212 
27650 41 
27653 859 
27668 68 
27671 24 
27692 37 
27703 359 
27717 58 
27836 51 
27844 460 
27872 1062 
27889 252 
27932 93 
27961 859 
27964 146 
28031 1967 
28031 780 
28038 704 
28043 5251 
28059 870 
28059 10373 
28060 65 
28072 544 
28089 1327 
28090 676 
28090 1134 
28095 186 
28107 1124 
28108 581 
28123 325 
28129 314 
28143 577 
28152 105 
28157 1743 
28259 472 
28264 1986 
28281 142 
28283 299 
28303 295 
28322 115 
28342 1026 
28361 823 
28372 2074 
28463 1005 
28469 114 
28488 7422 
28498 781 
28512 82 
28518 1369 
28532 345 
28533 235 
28552 473 
28558 1320 
28562 224 
28582 50 
28593 133 
28605 2909 
28608 590 
28614 1201 
28627 2566 
28632 2193 
28653 316 
28660 663 
28746 2141 
28748 1097 
28768 1663 
28771 73 
28777 1154 
28791 959 
28813 300 
28827 83 
28834 1102 
28845 119 
28846 5424 
28847 869 
28847 797 
28862 517 
28879 58 
28906 1620 
28911 380 
28915 627 
28998 960 
28998 359 
29024 3225 
29028 1610 
29038 183 
29043 1846 
29043 844 
29057 5 
29058 10570 
29065 575 
29067 25 
29077 982 
29086 584 
29086 2041 
29096 1926 
29106 263 
29110 331 
29111 405 
29117 820 
29174 4040 
29182 939 
29199 3636 
29275 571 
29280 828 
29314 273 
29401 105 
29410 292 
29441 1432 
29459 170 
29523 2262 
29547 155 
29577 1778 
29602 346 
29606 4357 
29607 119 
29615 340 
29631 736 
29647 1060 
29670 2162 
29689 6 
29694 369 
29696 159 
29699 205 
29778 1384 
29782 569 
29801 493 
29801 68 
29850 271 
29885 84 
29894 124 
29903 105 
29927 2492 
29938 156 
30011 188 
30024 3438 
30033 401 
30036 2675 
30050 834 
30050 883 
30061 1308 
30065 281 
30092 74 
30105 1779 
30113 911 
30118 1067 
30124 41 
30134 356 
30136 812 
30154 839 
30154 91 
30228 677 
30265 645 
30267 223 
30274 114 
30282 1297 
30289 1455 
30292 2678 
30302 1064 
30376 158 
30474 798 
30518 189 
30534 345 
30536 636 
30552 785 
30565 1058 
30569 398 
30595 240 
30630 458 
30645 12411 
30714 398 
30715 13740 
30747 1049 
30799 64 
30810 2137 
30812 795 
30827 879 
30830 230 
30857 1007 
30866 69 
30929 397 
30942 62 
30975 667 
30977 1159 
30981 404 
30983 1538 
30985 316 
30990 410 
30991 1551 
30997 181 
31007 339 
31010 2351 
31011 1001 
31015 1224 
31032 812 
31079 428 
31082 1826 
31146 805 
31148 3233 
31151 274 
31157 1045 
31175 974 
31182 1056 
31182 1076 
31187 54 
31199 800 
31207 152 
31210 190 
31226 410 
31226 486 
31250 3339 
31274 132 
31288 935 
31299 966 
31306 79 
31310 142 
31380 250 
31458 900 
31480 849 
31482 373 
31507 59 
31571 256 
31575 2996 
31682 1377 
31691 623 
31700 82 
31700 1873 
31741 7101 
31757 2780 
31758 4291 
31760 745 
31770 811 
31774 332 
31786 155 
31800 768 
31804 2249 
31807 16 
31811 966 
31820 295 
31877 487 
31881 248 
31890 2031 
31891 324 
31909 125 
31972 274 
31980 1172 
32001 355 
32023 123 
32030 44727 
32108 138 
32111 375 
32133 3271 
32141 555 
32155 898 
32189 382 
32199 348 
32202 1750 
32210 2657 
32216 2884 
32224 169 
32244 56 
32262 1204 
32335 1601 
32354 71 
32411 1245 
32412 138 
32415 1489 
32462 481 
32471 946 
32473 461 
32552 2869 
32558 1230 
32559 117 
32562 591 
32580 235 
32583 213 
32643 323 
32645 2215 
32646 7986 
32651 200 
32655 552 
32669 227 
32672 3992 
32673 80 
32681 1243 
32688 62 
32726 306 
32804 227 
32810 311 
32824 1583 
32836 1258 
32855 1990 
32863 626 
32867 79 
32867 1437 
32871 52 
32877 145 
32882 636 
32901 1671 
32917 220 
32923 2213 
32924 1370 
32948 542 
32980 2125 
32981 6212 
33000 1631 
33070 891 
33098 527 
33108 1711 
33112 1366 
33130 3227 
33138 945 
33156 163 
33202 115 
33226 309 
33371 243 
33388 1444 
33389 1280 
33395 134 
33427 549 
33445 144 
33448 456 
33548 991 
33550 1432 
33573 1224 
33614 302 
33630 684 
33649 90 
33653 1032 
33660 679 
33752 135 
33831 257 
33833 140 
33838 666 
33855 587 
33912 70 
33995 4061 
34016 1399 
34020 686 
34045 497 
34071 104 
34074 503 
34075 48 
34094 1149 
34107 1100 
34138 962 
34156 1724 
34232 221 
34247 44 
34315 984 
34444 1715 
34452 1313 
34480 550 
34484 534 
34500 410 
34533 473 
34538 100 
34539 44 
34559 1918 
34620 6289 
34632 643 
34632 1016 
34730 2572 
34731 1 
34746 87 
34747 546 
34787 333 
34792 501 
34849 84574 
34886 198 
34890 572 
34896 12 
34903 515 
34908 314 
34919 1075 
34931 135 
34953 858 
34955 878 
34973 419 
34982 906 
35063 301 
35064 19 
35080 22 
35084 522 
35103 945 
35110 152 
35135 238 
35140 6666 
35157 93 
35171 797 
35174 982 
35180 1844 
35189 284 
35195 1218 
35196 107 
35257 713 
35283 830 
35298 534 
35316 40 
35316 1176 
35335 162 
35421 287 
35438 146 
35454 178 
35470 5400 
35490 561 
35496 1384 
35499 1131 
35499 48 
35511 1862 
35525 294 
35540 449 
35561 212 
35571 134 
35576 641 
35582 142 
35648 611 
35666 1263 
35686 19 
35714 35 
35739 1229 
35767 2458 
35800 1563 
35869 214 
35881 592 
35889 868 
35890 118 
35912 410 
35937 51 
35943 917 
35943 2841 
35951 120 
35958 163 
35963 531 
35977 412 
36001 5041 
36002 86 
36006 184 
36009 711 
36015 5494 
36025 929 
36033 74 
36045 290 
36134 46 
36144 3222 
36160 1054 
36167 262 
36218 1162 
36227 45 
36243 551 
36259 384 
36411 6839 
36419 13 
36453 5299 
36466 1154 
36479 1635 
36479 88 
36481 1228 
36484 2010 
36500 859 
36503 220 
36570 65 
36603 439 
36609 65 
36661 2123 
36703 463 
36715 203 
36781 1035 
36791 1465 
36825 1821 
36832 5 
36851 398 
37007 1598 
37037 92 
37056 370 
37075 1314 
37078 2842 
37081 678 
37095 163 
37132 105 
37132 1218 
37134 764 
37250 275 
37438 120 
37546 1127 
37551 246 
37555 768 
37568 890 
37570 429 
37703 590 
37709 2096 
37732 325 
37743 1241 
37752 832 
37770 1733 
37773 1191 
37786 1255 
37798 1476 
37825 1282 
37829 433 
37894 762 
37933 10042 
37948 1764 
37949 155 
37967 604 
37978 164 
38011 1107 
38019 928 
38021 103 
38028 104 
38091 609 
38092 1081 
38094 346 
38095 105 
38099 16828 
38099 2088 
38101 602 
38102 372 
38108 4247 
38109 160 
38109 528 
38114 1320 
38116 22 
38122 290 
38125 31 
38133 1009 
38138 125 
38139 158 
38140 314 
38143 158 
38146 1355 
38148 165 
38150 1056 
38151 586 
38155 164 
38157 66 
38158 185 
38158 2353 
38160 2303 
38165 671 
38166 47 
38174 650 
38206 1314 
38220 134389 
38222 960 
38232 2761 
38239 1058 
38239 53 
38241 100 
38241 2633 
38309 88 
38317 1208 
38318 806 
38322 201 
38331 765 
38340 60 
38348 365 
38351 4014 
38362 660 
38367 269 
38451 1636 
38452 280 
38452 207 
38455 222 
38515 34 
38519 380 
38521 309 
38528 244 
38531 1299 
38571 350 
38578 235 
38579 563 
38593 703 
38619 243 
38629 441 
38633 239 
38647 92 
38654 291 
38658 1061 
38686 1129 
38799 157 
38873 405 
38885 738 
38917 44 
38936 134 
38940 4620 
38967 113 
38979 117 
39037 79 
39077 193 
39103 1013 
39104 153 
39129 240 
39131 91 
39133 960 
39198 522 
39219 473 
39304 543 
39324 471 
39333 127 
39344 271 
39350 2334 
39352 1551 
39358 808 
39381 570 
39401 42 
39403 1320 
39409 358 
39423 421 
39425 137 
39427 1256 
39439 423 
39457 28 
39600 2282 
39604 118 
39605 387 
39607 495 
39613 1197 
39620 798 
39632 847 
39647 419 
39660 734 
39722 774 
39746 2036 
39791 307 
39796 135 
39800 168 
39842 370 
39864 870 
39935 13 
39983 260 
40016 80 
40020 714 
40113 405 
40165 181 
40186 60 
40191 67 
40197 219 
40201 571 
40201 85 
40205 115 
40231 213 
40233 413 
40234 1268 
40234 1190 
40244 92 
40246 60 
40249 437 
40255 108 
40264 83 
40267 559 
40286 292 
40299 619 
40299 601 
40312 149 
40320 91 
40345 121 
40411 244 
40414 108 
40422 29 
40423 65 
40440 112 
40488 375 
40535 67 
40535 187 
40543 412 
40545 284 
40645 26 
40726 86 
40845 278 
40915 14762 
40919 146 
40970 472 
41075 1473 
41089 937 
41093 157 
41118 10137 
41130 127 
41152 163 
41171 2564 
41215 135 
41233 55 
41234 9 
41277 139 
41388 7789 
41410 1358 
41412 1137 
41442 166 
41455 245 
41462 65 
41621 8645 
41654 671 
41657 534 
41708 447 
41730 180 
41901 312 
41906 442 
42063 1289 
42066 1434 
42068 1070 
42071 1027 
42076 18 
42090 1765 
42090 1056 
42117 1301 
42142 1376 
42146 555 
42230 28 
42255 236 
42264 59 
42344 288 
42406 558 
42417 1375 
42421 38 
42426 997 
42584 46 
42750 249 
42818 57 
42867 21 
42879 789 
42911 1114 
42922 208 
42938 684 
42952 224 
43097 742 
43111 1164 
43134 778 
43139 30 
43154 1605 
43187 8713 
43217 245 
43219 282 
43226 423 
43246 1450 
43248 854 
43248 74 
43261 1214 
43267 156 
43289 46 
43294 364 
43304 1046 
43312 976 
43337 33 
43343 174 
43352 507 
43524 1495 
43539 1111 
43543 951 
43633 42 
43664 733 
43684 1668 
43707 1919 
43751 773 
43780 157 
43861 1026 
43899 1817 
43920 956 
43927 5156 
43941 696 
43951 84 
43972 1806 
43980 171 
43994 619 
44013 1435 
44026 940 
44043 641 
44103 914 
44122 526 
44179 2057 
44191 1129 
44269 441 
44383 1488 
44463 9644 
44481 317 
44498 228 
44506 129 
44518 1342 
44546 788 
44562 2070 
44566 6 
44579 133 
44656 2966 
44721 119 
44736 147 
44753 1159 
44805 130 
44810 287 
44822 27 
44867 3234 
44883 705 
44897 566 
44904 6383 
44914 151 
44929 130 
44930 1841 
44936 540 
44951 35889 
44980 191 
44984 207 
44988 238 
44998 104 
45002 464 
45013 344 
45115 57 
45129 53 
45263 1205 
45264 632 
45266 2942 
45320 1063 
45355 116 
45477 68 
45493 191 
45536 145 
45604 1888 
45673 74 
45700 540 
45705 41420 
45734 1027 
45756 9 
45800 2285 
45801 1261 
45882 1067 
45916 227 
45949 291 
45964 618 
46131 2454 
46171 389 
46195 977 
46240 1649 
46347 3230 
46407 414 
46417 18 
46447 535 
46464 8104 
46466 623 
46499 2961 
46509 400 
46524 301 
46528 371 
46545 323 
46610 30 
46688 81 
46721 130 
46727 253 
46770 600 
46789 2172 
46820 113 
46860 2338 
46889 547 
47073 225 
47336 622 
47356 145 
47372 283 
47563 213 
47722 1340 
47728 2614 
47833 4819 
47855 68 
47902 362 
48022 735 
48162 1423 
48244 1123 
48285 1427 
48306 80 
48333 112 
48386 676 
48404 296 
48419 3530 
48448 160 
48453 1103 
48483 448 
48491 789 
48504 328 
48556 1129 
48651 575 
48697 3331 
48755 934 
48773 94 
48818 215 
48840 215 
48858 172 
48934 151 
48979 685 
49006 412 
49044 784 
49126 738 
49179 217 
49231 19 
49274 2196 
49278 193 
49294 118 
49301 204 
49341 425 
49391 256 
49420 663 
49561 121 
49623 687 
49645 277 
49704 979 
49769 1909 
49772 2029 
49773 1896 
50004 70 
50069 1339 
50082 139 
50097 332 
50202 194 
50213 50 
50244 19 
50248 17705 
50282 2316 
50304 14311 
50310 668 
50338 998 
50354 52 
50366 1600 
50394 126 
50410 284 
50430 4504 
50437 241 
50505 356 
50511 501 
50713 262 
50731 340 
50798 292 
50849 141 
50943 63 
51014 261 
51032 65 
51035 9212 
51238 1595 
51245 75 
51250 428 
51265 1782 
51338 663 
51409 1667 
51528 280 
51593 847 
51669 84 
51701 583 
51763 330 
51769 381 
51831 687 
51859 738 
51899 376 
51907 661 
51966 831 
52102 512 
52172 1763 
52188 133 
52189 89 
52206 1118 
52238 174 
52293 4206 
52293 4206 
52326 396 
52326 396 
52348 1888 
52348 1888 
52423 192 
52428 330 
52470 9848 
52506 535 
52610 185 
52628 248 
52631 5351 
52641 227 
52658 38 
52658 910 
52715 118 
52765 411 
52815 822 
52826 870 
52952 1272 
53070 1361 
53086 1932 
53088 1374 
53097 402 
53109 451 
53117 1101 
53126 405 
53147 435 
53151 4968 
53225 1076 
53236 184 
53373 101 
53388 1546 
53408 373 
53420 475 
53451 348 
53510 427 
53520 27 
53737 265 
53879 197 
53953 1105 
53971 291 
53991 149 
54033 174 
54113 156 
54143 4821 
54190 94 
54217 38 
54219 3221 
54227 686 
54232 131 
54305 167 
54346 1589 
54364 700 
54413 479 
54453 268 
54508 970 
54513 972 
54535 51 
54639 1313 
54746 84 
54784 87 
54905 229 
54963 89 
55096 25 
55116 1437 
55121 85 
55124 2279 
55170 168 
55185 1524 
55193 574 
55205 233 
55219 488 
55286 892 
55311 1369 
55320 2354 
55374 732 
55395 1210 
55612 298 
55644 1214 
55722 635 
55816 140 
55828 87 
55842 1412 
55860 2270 
55863 58 
55904 1941 
56352 922 
56397 147 
56464 1062 
56498 177 
56590 341 
56636 417 
56656 29 
56685 604 
57023 784 
57123 5807 
57141 930 
57166 261 
57228 9 
57278 931 
57285 804 
57305 2730 
57324 147 
57361 182 
57408 672 
57433 1679 
57550 1049 
57586 736 
57757 1000 
57855 4050 
57918 571 
57945 952 
57976 1918 
58046 312 
58063 122 
58089 606 
58265 350 
58273 869 
58282 648 
58293 1448 
58324 152 
58330 104 
58337 937 
58501 908 
58613 725 
58645 172 
58701 147 
58706 1685 
58804 70 
58816 491 
58840 83 
58869 91 
58907 1020 
58992 1485 
59021 13 
59026 963 
59181 56 
59255 2631 
59374 45 
59635 2892 
59879 1210 
59907 2487 
59954 435 
59985 972 
60061 160 
60071 99 
60239 635 
60302 961 
60484 28 
60786 44 
61061 594 
61110 1946 
61121 3738 
61378 481 
61416 618 
61607 399 
61649 35891 
61779 237 
61786 696 
61914 844 
61948 437 
62030 575 
62240 643 
62330 538 
62496 43 
62601 117 
62883 5266 
62908 14636 
62913 1471 
62980 3766 
62989 2362 
63091 659 
63128 704 
63158 246 
63171 838 
63196 1192 
63418 38 
63651 719 
63723 155 
63918 585 
63950 83 
64032 884 
64071 372 
64078 782 
64089 4102 
64134 952 
64241 788 
64265 196 
64432 1685 
64543 362 
64662 992 
64680 177 
64816 1638 
65051 279 
65223 84 
65242 917 
65246 226 
65404 1125 
65456 374 
65525 317 
65807 150 
65918 6573 
65936 354 
65981 631 
66011 10134 
66029 448 
66090 689 
66111 179 
66114 226 
66173 542 
66183 247 
66278 397 
66280 153 
66380 59 
66454 182 
66586 226 
66674 685 
66780 831 
66910 42 
67052 134 
67187 122 
67404 66 
67596 90 
67665 108 
67684 872 
67735 66 
67809 5003 
67889 1636 
68029 2433 
68629 36 
68674 1271 
68700 1258 
68714 817 
68724 696 
68761 794 
68847 990 
68895 287 
68947 65 
68967 405 
69100 633 
69147 10837 
69157 349 
69229 533 
69384 473 
69451 2718 
69453 88 
69530 514 
69740 610 
70098 1134 
70187 552 
70254 1054 
70271 606 
70493 227 
70513 322 
70608 788 
70637 114 
70637 2497 
70692 958 
70773 2745 
70812 339 
70888 152 
70894 1307 
71015 979 
71024 82 
71046 90 
71168 4153 
71195 2454 
71222 3323 
71249 1092 
71374 981 
71388 987 
71402 643 
71431 1226 
71541 219 
71564 538 
71673 1251 
71710 19 
71834 97 
71893 226 
71905 260 
71970 215 
72169 434 
72218 1130 
72292 58 
72361 646 
72542 153 
72786 432 
73151 107 
73334 1003 
73480 192 
73632 142 
73822 138 
73943 737 
73991 996 
74003 338 
74013 726 
74289 18 
74365 875 
74388 1307 
74488 289 
74590 108 
74702 1139 
74845 425 
74945 2367 
75057 334 
75415 498 
75495 193 
75761 699 
75802 250 
75989 155 
76033 3498 
76052 265 
76060 222 
76060 2205 
76160 566 
76201 808 
76418 1616 
76466 511 
76566 766 
76608 330 
76609 132 
76744 71 
76862 428 
76962 1067 
76981 6857 
76986 171 
77105 384 
77215 1613 
77462 2475 
77568 106 
77628 1619 
77700 738 
77729 747 
77735 2799 
77772 509 
77779 254 
77818 4521 
77850 182 
77884 614 
77921 127 
78022 355 
78119 1402 
78157 1738 
78171 2950 
78275 689 
78344 155 
78348 86 
78437 666 
78468 2991 
78474 172 
78566 755 
78654 621 
78706 996 
78753 203 
78778 357 
78813 1004 
78819 769 
78855 2498 
78865 1293 
78903 527 
79100 405 
79197 179 
79257 776 
79268 348 
79283 76 
79371 412 
79496 669 
79549 1195 
79670 260 
79673 5 
79705 803 
80075 303 
80124 237 
80323 1115 
80338 2346 
80874 1287 
80934 3107 
80942 831 
80989 1022 
80996 922 
81005 968 
81067 25 
81130 3235 
81265 195 
81292 769 
81361 1453 
81407 360 
81532 33 
81660 489 
81688 261 
81696 1518 
81733 668 
81734 5662 
81748 2503 
81750 1454 
81757 111 
81766 3772 
81831 1413 
81844 602 
81851 552 
81907 5430 
81932 1955 
81946 173 
82010 28 
82077 1010 
82082 983 
82153 69 
82168 793 
82199 262 
82299 797 
82304 295 
82324 1788 
82335 1115 
82363 32 
82434 7445 
82485 325 
82517 2081 
82545 1995 
82577 246 
82616 25 
82776 374 
83004 148 
83068 28 
83077 1652 
83079 449 
83082 287 
83145 1639 
83243 144 
83329 898 
83375 1137 
83402 564 
83570 485 
83641 2020 
83820 1023 
83823 1073 
83839 453 
83867 1151 
84054 938 
84100 3118 
84289 1197 
84289 277 
84316 792 
84325 1394 
84508 774 
84824 1037 
84908 487 
85004 9835 
85031 416 
85044 1075 
85134 33 
85239 202 
85272 3561 
85348 655 
85445 371 
85448 122 
85488 732 
85494 233 
85509 134 
85534 45 
85567 570 
85586 1501 
85724 2078 
85734 436 
85744 1014 
85744 6031 
85793 1126 
85938 1202 
86456 26 
86457 193 
86480 581 
86569 166 
86619 2524 
86709 3438 
86779 11637 
86973 82 
87020 402 
87243 627 
87309 438 
87706 1398 
87750 6 
87960 2336 
87986 304 
88046 631 
88105 866 
88114 124 
88158 608 
88162 170 
88168 1445 
88172 1035 
88199 114 
88219 1644 
88223 113 
88323 673 
88328 76 
88339 853 
88409 3531 
88498 204 
88603 214 
88899 1422 
88943 979 
88947 251 
89104 485 
89146 76 
89291 740 
89326 1028 
89421 2836 
89533 607 
89711 121 
89943 123 
90626 6663 
90648 59 
90668 852 
90908 338 
91021 2677 
91061 3395 
91091 297 
91341 445 
91349 161 
91360 681 
91479 14239 
91517 33 
91703 1222 
91892 2494 
92348 559 
92350 3367 
92564 999 
92579 1003 
92698 492 
92759 471 
92809 1636 
92954 406 
92960 8880 
92989 1425 
92996 686 
93023 333 
93063 2214 
93071 1297 
93109 446 
93137 323 
93167 253 
93560 138 
93721 1158 
93900 477 
94060 20614 
94093 1543 
94362 1939 
94370 333 
94414 13 
94464 622 
94497 171 
94535 6539 
94561 977 
94608 87482 
94641 319 
94641 950 
94648 218 
94683 9552 
94699 1018 
94744 129 
94844 208 
95086 896 
95239 169 
95270 231 
95329 1323 
95360 958 
95380 17315 
95429 955 
95429 841 
95488 132 
95556 1094 
95579 676 
95606 134 
95745 261 
95800 1195 
95804 81 
95850 458 
95891 198 
95899 95 
95946 1173 
96029 704 
96500 67 
96508 4142 
96625 991 
96625 1055 
96642 1242 
96660 730 
96670 1013 
96691 5694 
96716 2912 
96801 1459 
96969 1161 
96978 2216 
97060 229 
97137 6830 
97221 176 
97241 94 
97321 125 
97563 170 
97747 351 
97755 70 
97777 1787 
97829 762 
97963 628 
98135 249 
98141 1432 
98205 169 
98247 244 
98334 364 
98626 1406 
98652 26 
98710 524 
98755 154 
98789 7149 
98815 158 
99007 625 
99134 189 
99175 74 
99302 708 
99313 637 
99319 9447 
99337 2193 
99353 353 
99370 575 
99385 155 
99396 1019 
99421 700 
99454 275 
99462 556 
99479 1125 
99501 884 
99508 2559 
99578 2794 
99609 1455 
99654 259 
99655 1279 
99978 7244 
100004 453 
100096 153 
100126 74 
100234 338 
100463 336 
100494 1787 
100621 373 
100769 701 
100786 563 
100995 1161 
101023 316 
101206 1167 
101224 1409 
101232 522 
101254 809 
101324 247 
101337 1197 
101450 14 
101543 933 
101594 3526 
101623 1805 
101667 5779 
101732 575 
101745 27 
101754 499 
101815 469 
101825 1750 
101847 431 
102016 1161 
102044 2189 
102191 3527 
102219 180 
102348 103 
102388 2356 
102411 3452 
102420 124 
102517 1150 
102626 1150 
102666 173 
102690 684 
102813 1134 
102893 68 
103022 27 
103221 879 
103242 161 
103326 4301 
103534 102 
103754 128 
103890 254 
103942 1587 
104021 622 
104199 237 
104607 155 
104638 4404 
104641 132 
104703 642 
104727 225 
104738 537 
104749 172 
104755 807 
104771 949 
104865 22 
104879 92 
104953 112 
105018 259 
105244 1335 
105350 1142 
105435 140 
105459 161 
105506 951 
105515 755 
105733 848 
105858 7 
106076 25992 
106128 130 
106190 716 
106194 166 
106269 395 
106314 813 
106376 4556 
106442 2276 
106559 439 
106561 140 
106800 142 
107003 644 
107145 113 
107396 193 
107411 182 
107541 3301 
107570 307 
107587 6422 
107591 245 
107621 419 
107680 64 
107694 299 
107739 854 
107756 704 
108002 1075 
108020 1168 
108028 117 
108049 1739 
108074 66 
108101 2050 
108141 1404 
108232 552 
108298 3652 
108370 635 
108530 38 
108731 204 
108777 84 
108831 2512 
108871 278 
108916 3246 
108964 904 
108975 2264 
109006 839 
109054 182 
109143 419 
109157 154 
109170 242 
109194 2880 
109219 1339 
109241 903 
109249 914 
109254 594 
109281 1235 
109287 637 
109314 109 
109326 338 
109328 652 
109333 351 
109359 120 
109386 189 
109484 2440 
109549 135 
109605 368 
109749 794 
110039 196 
110045 804 
110056 2968 
110078 1067 
110088 653 
110102 1055 
110203 11235 
110223 233 
110226 6321 
110243 122 
110257 233 
110290 136 
110430 425 
110486 1626 
110544 1001 
110976 1730 
111114 8 
111299 863 
111360 20 
111520 1343 
111528 979 
111549 852 
111640 2189 
111679 236 
111706 30818 
111757 703 
111813 253 
111821 212 
112013 86 
112031 3403 
112048 3538 
112050 672 
112053 725 
112133 653 
112147 134 
112159 120 
112201 1547 
112232 150 
112247 16 
112261 1257 
112262 136 
112290 351 
112354 88 
112442 745 
112447 595 
112536 307 
112545 695 
112587 4807 
112593 610 
112727 471 
112779 1073 
112781 38 
112792 1545 
112810 1491 
112914 401 
112942 365 
112983 854 
112992 695 
113177 1907 
113241 13 
113294 1064 
113344 1147 
113422 368 
113588 23596 
113637 261 
113640 164 
113644 110 
113716 716 
113719 505 
113750 7487 
113772 12 
113789 965 
113869 166 
113883 32 
113894 32 
113897 633 
113927 618 
113953 2884 
113960 362 
113973 58 
114004 100 
114008 180 
114039 384 
114066 128 
114217 231 
114245 649 
114247 73 
114387 52 
114442 105 
114611 1209 
114781 673 
114824 228 
115032 366 
115097 647 
115209 240 
115248 824 
115382 366 
115452 425 
115550 366 
115613 118 
115626 10296 
115733 352 
115735 504 
115783 623 
115805 938 
115883 86 
115899 2 
115921 4706 
115944 209 
116324 190 
116340 725 
116346 725 
116733 236 
116887 41 
116905 360 
116963 991 
117001 2105 
117129 43 
117208 3951 
117293 50 
117511 153 
117516 1616 
117685 215 
117730 123 
118076 722 
118131 19 
118135 906 
118252 149 
118257 231 
118263 722 
118268 320 
118788 348 
119034 327 
119035 203 
119229 304 
119236 38 
119506 29 
119629 978 
119910 3307 
120552 461 
120616 84 
120815 444 
120893 184 
121306 93 
121567 1498 
121588 385 
121825 1064 
121836 342 
122114 549 
122179 1083 
122365 599 
122407 208 
122477 1133 
122506 41 
122723 989 
122905 325 
123100 2453 
123112 750 
123152 136 
123221 138 
123250 718 
123358 120 
123396 1051 
123985 15 
124130 1012 
124139 1481 
124258 451 
124262 501 
124382 214 
124382 59 
124385 132 
124465 98 
124487 58 
124495 400 
124513 684 
124663 332 
124836 965 
124880 239 
124901 222 
125086 47 
125662 153 
125832 1954 
125890 1560 
126037 133 
126109 39 
126134 1027 
126147 57 
126390 721 
126543 451 
126581 652 
126634 202 
126638 292 
127027 39 
127388 435 
127399 49 
128401 2350 
128475 12228 
128557 1231 
128827 492 
128828 1564 
128947 103 
129302 719 
129362 271 
129558 834 
129642 165 
129721 1027 
130574 998 
130593 1009 
130806 82 
131209 323 
131905 410 
132022 735 
132072 190 
132499 176 
132783 756 
132938 1226 
133023 500 
133831 251 
133893 562 
133979 1735 
134325 252 
134895 141 
135338 855 
135699 1772 
135967 1224 
136170 26 
136527 163 
136809 359 
137215 437 
137260 72 
137823 1667 
138289 153 
138317 125 
138533 111 
138981 404 
140395 126 
141070 555 
141533 230 
141916 204 
141960 915 
142721 1597 
142810 789 
143097 175 
143840 662 
144298 553 
145303 520 
145425 408 
145444 164 
145977 1586 
146919 337 
147462 2521 
148537 344 
149137 18487 
149172 2086 
149381 1954 
149448 1591 
149467 1537 
149655 43 
151093 758 
151256 54 
151937 1024 
152182 173 
154373 834 
154519 764 
154669 604 
154773 195 
154919 205 
155002 41 
155563 23 
157377 228 
157620 853 
158589 655 
158799 78 
158845 313 
159706 4728 
159779 450 
160027 345 
160688 394 
160841 784 
161501 849 
161763 205 
162445 267 
162927 536 
163760 204 
163949 41169 
163976 1003 
164009 284 
164026 2385 
164205 268 
164212 3136 
164303 1121 
164321 1354 
164644 107 
164652 866 
165192 210 
165193 273 
166398 2404 
167328 113 
168558 551 
168602 542 
170826 101 
170949 285 
170961 1477 
171917 74 
172087 84 
172137 926 
172139 1637 
172739 168 
173096 268 
173518 13 
173659 3554 
174385 387 
175881 1940 
175892 1081 
175919 1412 
176005 1393 
176208 417 
176291 10746 
176300 1597 
176334 7338 
176364 2719 
176370 564 
177048 541 
178480 244 
178568 577 
178962 944 
179098 2118 
179921 430 
180177 255 
180787 3068 
181132 2702 
181193 274 
181342 1087 
181390 417 
181850 2476 
181904 1339 
181926 238 
182512 786 
182565 549 
182573 832 
182580 2166 
182725 110 
182811 552 
183161 895 
183173 1720 
183296 54 
183361 60 
183525 630 
183812 183 
183944 4196 
184013 454 
184446 147 
184662 663 
185288 1748 
185508 368 
185569 1832 
185710 1375 
185719 190 
185914 169 
186725 966 
186836 4882 
186978 602 
187214 154 
187650 1560 
188700 236 
188778 1824 
189169 2745 
189437 254 
189641 1404 
190173 766 
190573 1648 
191249 159 
191355 134 
191364 1466 
191478 867 
191527 582 
191852 2430 
191854 334 
192226 1031 
192304 1155 
192372 3784 
192423 318 
192437 325 
192444 990 
192491 89 
193561 190 
194261 503 
194667 710 
194888 109 
195924 1089 
196002 1352 
196013 86 
196092 654 
196258 795 
196540 59 
196593 36 
196679 201 
196703 1763 
196841 126 
196882 648 
196902 49 
197002 4771 
197764 793 
197906 234 
197981 1163 
198058 372 
198082 60 
198254 205 
198450 1111 
199337 758 
200026 147 
200290 4238 
200325 195 
200336 26 
200343 166 
200345 124 
200375 73 
200432 512 
200599 1749 
200914 21 
200977 134 
201260 5738 
201303 1603 
201319 565 
201424 45 
201486 2521 
201810 680 
202632 998 
202650 247 
202829 2257 
202841 1838 
202842 2664 
202943 1032 
203109 521 
203548 638 
203896 26 
203909 138 
204400 2291 
205194 200 
205355 847 
205384 36 
205481 20 
205489 598 
205648 328 
205661 291 
206336 355 
206354 1252 
206467 757 
206803 1755 
206993 140 
207050 335 
208154 1667 
208616 281 
209433 296 
209801 452 
209816 3421 
210000 1774 
210148 340 
211219 376 
212124 2983 
212126 272 
212760 1085 
212977 84 
213611 70 
214154 1505 
214418 539 
214463 1239 
214598 232 
214669 186 
214956 2155 
215034 955 
215050 4510 
215076 903 
215244 96 
215326 500 
215365 754 
216033 1910 
216459 1065 
216899 286 
218032 1530 
218347 264 
220016 150 
220109 522 
220678 370 
220702 2035 
221209 180 
221996 358 
223216 673 
223585 327 
223687 86 
224454 101 
224491 246 
225967 254 
226746 1169 
226802 378 
228804 1045 
230639 69 
233964 1031 
235559 536 
240180 546 
240897 28 
242018 1411 
242200 1864 
243877 757 
246949 439 
247182 967 
247728 2492 
247964 1918 
248053 1240 
249122 133 
250134 15 
251088 1868 
251595 841 
251612 537 
251655 766 
252090 599 
253195 778 
253280 803 
253896 878 
255268 1964 
255540 102 
257412 1084 
257634 166 
259069 3510 
259813 2311 
259878 322 
259913 1591 
260876 1447 
261154 10288 
261157 1780 
262773 348 
263241 4091 
264853 380 
265208 358 
266775 1032 
267874 940 
268027 268 
270091 479 
270343 834 
271342 734 
271382 270 
271553 220 
271761 57 
272255 222 
274009 695 
276422 2711 
276456 1467 
277792 122 
278594 495 
278915 569 
279942 79 
280281 816 
280488 380 
280546 331 
280882 192 
281051 500 
281874 238 
282019 1039 
283424 156 
283929 142 
284574 595 
284646 277 
285406 1374 
285897 271 
288764 269 
288804 67 
291598 655 
291998 406 
292273 709 
294049 165 
295009 265 
295009 265 
296554 282 
296620 546 
298119 1743 
299221 706 
301346 490 
305582 1126 
305853 1174 
306848 174 
307130 79 
309607 1359 
310024 87 
311311 305 
315027 494 
317483 3704 
317635 763 
317955 240 
318449 1942 
324136 258 
326897 795 
327350 129 
327459 974 
334151 640 
335972 718 
336051 132 
336118 974 
336355 35 
336526 1326 
336662 548 
336825 238 
337124 10003 
337190 900 
343182 31 
343990 264 
344222 1118 
347418 831 
349616 1494 
350418 266 
351709 3120 
353205 317 
353468 1699 
355185 463 
356463 2243 
356911 367 
357789 2590 
357869 67 
357878 9 
358332 305 
358427 1422 
359759 1042 
360614 680 
360810 119 
361054 3272 
373285 642 
374014 711 
374131 34 
379197 89 
380861 792 
395324 346 
396170 2240 
396252 6652 
396284 1898 
396304 434 
396348 719 
396382 947 
407255 539 
410293 341 
410737 218 
410746 218 
416227 2459 
443133 5702 
443253 590 
443279 1729 
443494 34 
443923 321 
446198 44 
448003 430 
449656 354 
449945 206 
451205 715 
451231 218 
456514 1853 
461273 537 
461330 1368 
464749 3668 
533419 536 
545163 374 
548722 1024 
582822 2292 
583034 237 
595638 133 
598709 327 
600434 111 
601624 253 
602827 931 
604324 1655 
