2812 14.7697569444
0 67624 
13 395 
16 1135 
16 551 
18 473 
19 98 
21 717 
24 84 
27 139 
27 136 
32 2239 
37 251 
38 297 
39 19422 
41 1062 
42 684 
56 198 
58 138 
59 1104 
80 281 
93 102 
100 126 
102 1264 
103 260 
104 301 
108 89 
108 104 
108 137 
124 284 
152 273 
153 369 
163 43 
183 256 
208 135 
215 79 
219 121 
249 42 
250 59 
293 87 
297 194 
329 105 
329 105 
335 35 
335 35 
349 519 
349 519 
396 83 
461 46456 
478 260 
530 68 
550 844 
591 99 
601 66 
601 66 
646 257 
657 424 
699 12 
762 136 
1001 89 
1270 133 
1278 27 
1285 871 
1939 32839 
1963 2122 
1985 201 
2103 153 
2185 103 
2198 208 
2290 720 
2292 51 
2316 647 
2318 17 
2345 86 
2542 589 
2844 1095 
3353 30068 
3411 1463 
3470 214 
3923 61 
4503 33 
7471 29139 
7518 583 
7526 191 
7547 60758 
7559 62368 
7578 462 
7584 216 
7590 543 
7616 67 
7630 102 
7671 185 
7691 554 
7719 158 
7759 312 
7787 16944 
7793 311 
7827 1272 
7871 30150 
8069 309 
8071 19431 
8550 29 
8733 257 
8761 813 
8778 642 
8992 58794 
9004 78 
9015 18 
9056 188 
9405 256 
9485 373 
9570 329 
9690 246 
9753 596 
9789 39435 
9832 310 
9844 412 
9845 133 
9916 197 
9936 277 
10001 227 
10060 622 
10281 44 
10412 127 
10530 36 
10917 61750 
11001 262 
11019 210 
11026 141 
11027 7518 
11086 163 
11125 127 
11151 556 
11173 3171 
11242 1248 
11250 174 
12015 248 
12052 1635 
12178 146 
12365 36410 
12385 935 
12407 671 
12452 26924 
12575 773 
12591 102 
12655 615 
12791 528 
12988 80 
13003 345 
13356 18807 
13385 11 
13432 206 
13714 1387 
13719 343 
13784 618 
13810 451 
13813 105 
13851 104 
13862 40 
13922 55 
14024 286 
14105 63 
14183 462 
14575 35 
14738 167 
14875 47059 
14884 2171 
14908 1352 
14913 1317 
14920 151 
15040 87 
15080 426 
15190 548 
15336 1149 
15542 62188 
15570 250 
15723 721 
15739 28 
15792 545 
15812 269 
15844 192 
15861 38 
16237 207 
16322 117 
16359 202 
16458 13 
16715 139 
16771 174 
16824 77 
17455 288 
17460 155 
17668 19422 
17690 448 
17746 83 
17755 256 
17988 40 
18065 39561 
18080 12610 
18081 447 
18092 100 
18099 97 
18122 66 
18135 121 
18211 1040 
18235 737 
18261 50 
18266 297 
18306 87 
18306 20795 
18335 243 
18352 295 
18354 141 
18365 43 
18411 107 
18424 548 
18553 111659 
18557 76 
18566 356 
18608 164 
18618 122 
18631 455 
18650 493 
18657 422 
18659 3 
18662 138 
18663 72 
18671 430 
18675 52 
18684 118 
18687 271 
18695 112 
18696 350 
18715 49 
18838 843 
18843 283 
18849 1507 
18854 1196 
18880 150 
19131 99 
19144 31 
19158 161 
19180 198 
19183 385 
19368 462 
19387 61886 
19702 77 
20080 179 
20181 99 
20900 51 
21059 29486 
21128 245 
21747 49075 
21769 981 
21789 300 
21865 321 
21909 71 
21918 336 
21946 1566 
21979 276 
22112 750 
22662 359 
22826 10 
23047 357 
23119 119 
23215 25 
23418 1616 
23668 547 
23684 43 
23695 128 
23722 60 
23781 486 
23840 72387 
23860 51 
23874 205 
23874 1623 
23880 737 
23938 47820 
24012 2462 
24046 102 
24147 48 
24197 88 
24210 162 
24257 13 
24305 64 
24340 62 
24424 75 
24738 317 
24789 65 
24796 404 
25927 25 
25941 31720 
25991 363 
26011 287 
26016 23752 
26058 23860 
26166 340 
26192 18 
26232 105 
26332 450 
26357 1310 
26597 97 
26773 128 
26927 104 
28376 85 
29100 78 
30495 46 
31831 116 
31851 287 
31858 274 
32388 149 
32803 413 
32855 162 
32923 197 
33092 15 
33477 134 
33562 140 
33595 320 
34740 105 
35226 457 
36945 474 
40132 83 
53900 24019 
53978 54 
54015 909 
54437 62344 
54521 660 
54679 31292 
54745 785 
54893 175 
54931 504 
54969 174 
55106 985 
57079 40 
57085 61038 
57179 1274 
57342 528 
58096 431 
58958 62629 
59511 70 
59996 33238 
60037 150 
60413 802 
60496 65 
60704 18594 
61049 20 
61693 62369 
61812 1505 
62411 2570 
63844 33291 
63857 429 
63861 661 
64671 62547 
64923 162 
65226 393 
65842 171 
66146 1054 
66871 24480 
67551 33590 
67712 293 
68346 42587 
68410 287 
68437 184 
68509 31 
68552 489 
68624 90 
68631 23721 
68654 261 
68657 245 
68661 370 
68719 48 
68743 475 
68766 1196 
69334 24 
69444 241 
69706 404 
69725 238 
69815 81 
70429 62657 
70470 53 
74815 1098 
76037 19203 
76510 30296 
76519 431 
76555 367 
76631 1638 
76664 825 
76712 84 
76728 278 
76747 152 
76765 48 
76767 130 
76880 574 
76897 1209 
76938 128 
76963 359 
76980 262 
77028 517 
77180 140 
77275 47 
77304 367 
77592 112 
77724 50 
77732 116 
79099 31779 
79125 321 
79131 2304 
79161 197 
79183 338 
79320 196 
80024 135 
81138 72 
81716 182 
82400 24143 
82421 343 
82451 269 
82462 196 
82535 47424 
82546 482 
82546 1103 
82559 429 
82590 497 
82591 838 
82636 169 
82715 290 
82716 387 
83209 545 
83282 4417 
83607 36091 
83631 338 
83770 177 
83837 1369 
84087 123 
84318 362 
84448 1354 
84467 461 
84849 119 
86479 17 
86791 746 
86922 142 
86936 402 
87007 423 
87044 207 
87117 714 
87153 253 
88390 31877 
88480 132 
88531 49204 
88689 585 
88721 125380 
88733 117 
88745 1957 
88763 41 
88772 245 
88782 157 
88787 68 
88821 396 
88946 186 
88984 328 
89006 522 
89086 880 
89090 111 
89224 28 
89273 394 
89322 232 
89442 221 
89508 294 
89580 39969 
89587 79 
89597 450 
89618 105 
89643 810 
89655 268 
89672 113 
89678 32 
89698 166 
89701 308 
89736 114 
89740 135 
89751 273 
89765 545 
89776 62650 
89800 451 
89801 237 
89861 260 
89877 31766 
89912 168 
89951 106 
89997 6447 
90002 688 
90025 448 
90050 228 
90058 731 
90098 15 
90220 222 
90264 176 
90290 56 
90296 425 
90433 991 
90497 50 
90610 221 
90650 115 
90765 204 
90829 56 
90840 222 
90914 256 
91089 241 
91693 308 
92723 76 
92950 62336 
92972 501 
92982 750 
93081 139 
93569 21 
93703 52 
93767 31 
93979 40195 
94021 687 
94096 142 
94662 103 
94775 31 
94782 219 
94982 443 
95061 95788 
95075 130 
95105 356 
95112 496 
95127 169 
95128 131 
95137 725 
95149 986 
95181 143 
95190 657 
95291 712 
95303 32019 
95363 22793 
95525 194 
95670 615 
96681 47451 
97696 32017 
97732 209 
97750 132 
97766 184 
97826 633 
97878 319 
97902 342 
98001 495 
98044 69 
98221 210 
98488 46553 
98705 788 
98966 147 
98980 40416 
99013 881 
99096 4756 
99126 314 
99158 36195 
99203 144 
99223 190 
99242 246 
99244 351 
99272 140 
99346 60 
99360 478 
99420 497 
99605 424 
99719 202 
99759 149 
99948 341 
100231 10 
100289 33623 
100430 59 
101208 111622 
101252 174 
101259 586 
101281 492 
101322 252 
101325 277 
101327 125 
101335 562 
101336 366 
101501 321 
101615 36709 
101635 428 
101636 447 
101725 46544 
101726 143 
101727 133 
101746 334 
101786 251 
101798 275 
101807 71 
101815 33 
101998 288 
102009 170 
102786 103 
103220 169 
103463 345 
103880 128 
105446 34504 
105464 370 
105559 118 
105757 83 
106260 62562 
106283 67785 
106292 420 
106311 470 
106345 626 
106370 205 
106411 189 
106430 214 
106439 285 
106451 307 
106546 6651 
106550 916 
106619 257 
106648 801 
106655 448 
106747 257 
106800 120 
106815 124 
107088 37 
107221 104 
107513 62817 
107589 2109 
107845 565 
107981 36825 
107993 1264 
108032 73 
108076 1131 
108155 327 
109214 83322 
109377 1030 
109676 85 
109702 616 
109797 61085 
109814 65 
109826 635 
109862 1012 
109869 164 
110332 512 
110379 131 
110424 33652 
110477 297 
110627 129 
110824 169 
112123 63 
112409 40599 
112489 325 
112535 47 
112645 161 
112899 65 
112984 64 
113572 77468 
113602 691 
113608 1757 
113615 719 
113675 482 
113696 577 
113708 390 
113868 665 
114297 348 
114299 62682 
114357 209 
114387 579 
114387 2795 
114389 201 
115371 53 
115624 520 
116327 62892 
116359 154 
116499 63 
116499 224 
116534 89 
116587 312 
116620 111 
116655 119 
116662 88 
116741 69 
117633 240 
119362 228 
119430 128 
119435 83 
119480 107 
119486 162 
119494 171 
119563 82 
119565 42 
119636 122 
119639 135 
119655 67 
119669 158 
119675 701 
119843 40 
119847 150 
119880 86 
119911 23012 
119944 1231 
120146 548 
120218 258 
120314 25 
120344 24068 
120378 50 
120462 75 
120538 171 
120720 157 
121529 570 
121569 213 
121597 156 
121632 249 
121687 261 
121717 590 
122025 329 
122050 60 
122340 277 
122364 68 
122453 995 
122469 85 
122508 591 
122557 79 
122600 365 
122741 173 
122776 51975 
122812 281 
122855 15 
122884 829 
123085 238 
123094 23564 
123130 144 
123149 706 
123549 223 
123604 155 
123938 193 
125936 17 
126072 25 
126072 25 
133919 49 
139949 63020 
140169 790 
140179 2075 
140306 178 
140458 345 
140541 172 
140766 37 
140782 708 
140938 52 
141211 133134 
141303 84 
141469 63 
143196 62964 
143426 172 
144841 52259 
144947 134 
145054 289 
145127 146 
145573 9556 
146445 11825 
146509 158 
146914 103 
148373 43087 
148412 1119 
148467 176 
148475 23802 
148744 411 
149516 32209 
150756 13 
151409 765 
154959 24452 
155628 26063 
155693 48131 
155707 50 
155736 178 
155747 78 
155821 3359 
156200 66 
156422 43197 
156457 215 
156465 187 
156522 433 
156633 463 
156651 852 
156658 1588 
157196 664 
157197 143 
157222 530 
157239 18780 
157254 242 
157280 292 
157362 146 
157389 99 
157402 23315 
157412 357 
157416 81 
157426 297 
157510 44 
157539 55 
157592 2706 
157673 402 
158080 180 
158827 63008 
158935 59 
158959 314 
159177 212 
159346 136 
159435 57 
159471 268 
159862 135 
160005 531 
160085 173 
160115 65 
160155 25 
160370 280 
160501 249 
160624 504 
160825 113 
160946 45322 
161099 470 
161117 185 
161288 361 
161378 33787 
161411 283 
161431 253 
161767 2568 
162066 55871 
162081 940 
162098 234 
162242 215 
162275 56 
162593 79 
162668 450 
162977 40117 
162993 462 
163050 603 
164095 55 
164318 194 
164385 95856 
164418 219 
164476 333 
164551 251 
164586 417 
164751 68384 
164771 26 
164794 31 
164795 246 
164811 322 
164818 448 
164887 232 
164892 207 
164909 1020 
164913 124 
164918 268 
164925 177 
164942 677 
164946 426 
164960 89 
165006 148 
165083 715 
165097 301 
165135 102 
165147 1545 
165172 706 
165181 69 
165267 828 
165302 46 
165303 301 
165329 146 
165383 292 
165403 166 
165485 23885 
165501 47678 
165534 217 
165552 62 
165589 63 
165699 106 
165770 71 
165879 311 
165894 7 
165996 196 
167420 71 
169475 44989 
169486 190 
169511 173 
169520 219 
169612 41145 
169621 19502 
169644 741 
169661 162 
169738 821 
169764 206 
169846 788 
169849 507 
169873 553 
169882 143 
169925 335 
169950 182 
170077 50 
170317 508 
170471 2371 
170673 23229 
170856 376 
170870 63150 
171011 96 
171097 362 
171097 362 
171130 376 
171465 125 
171640 458 
171679 62980 
171711 6 
172285 34 
173241 997 
173310 249 
173771 36302 
173810 200 
173815 271 
173835 148 
173981 1177 
174075 235 
174123 249 
174241 183 
174354 64 
174864 41201 
174948 181 
174964 272 
175260 59000 
175284 1246 
175300 318 
175377 63029 
175384 363 
175399 395 
175419 115 
175422 4339 
175450 24 
175466 380 
175520 711 
175723 44 
175723 231 
175764 297 
175798 277 
175961 55 
176164 665 
176172 46630 
176245 34 
176254 251 
176444 122 
176553 489 
176657 129 
176770 397 
176811 228 
176954 15 
176966 166 
177048 768 
177134 32 
177520 119 
177559 201 
177610 64 
177774 1054 
177794 571 
177954 149 
177973 283 
177985 123 
177989 799 
177990 575 
178077 632 
178365 430 
178823 40224 
178872 501 
178997 23987 
179013 344 
179015 482 
179041 1352 
179043 570 
179094 1259 
179273 7 
179336 15 
179517 93 
179822 43463 
179865 430 
179881 119 
179895 685 
179931 256 
180034 34 
180043 1376 
180099 1488 
180133 420 
180158 82 
180816 1079 
181078 173 
181324 41341 
181358 51 
181360 165 
181669 901 
181785 80 
181824 86 
184388 111700 
184463 162 
184464 408 
184469 665 
184489 205 
184523 783 
184609 99 
184631 138 
184658 60 
184760 1064 
184807 1741 
184820 36 
185545 165 
185592 298 
185692 24015 
185787 282 
187908 24087 
188018 68452 
188037 1892 
188056 129 
188060 1298 
188510 22 
188601 580 
189077 83 
189963 68652 
190033 465 
190065 261 
190072 340 
190737 32178 
190826 364 
190830 979 
190908 672 
190929 150 
190959 142 
190960 427 
190980 652 
190996 63134 
191021 609 
191026 230 
191042 903 
191234 318 
191267 121 
191289 183 
191444 37050 
191500 243 
191520 132 
191621 583 
191710 225 
191722 170 
191764 430 
191923 185 
192280 243 
192281 78205 
192349 1724 
192422 227 
192440 65 
192500 36318 
192535 141 
192727 127 
192860 148 
193086 745 
193248 198 
193509 219 
193572 41610 
193647 37 
193711 887 
193712 43 
193718 92 
193786 24485 
193800 2317 
193822 284 
193831 88 
193898 104 
193902 264 
193961 31 
193971 796 
194017 45 
194026 460 
194158 962 
194579 28 
194596 78240 
194613 1565 
194635 259 
194848 98 
194908 2905 
194980 463 
194983 606 
195005 448 
195030 63390 
195043 127 
195145 53 
195226 53 
195346 64 
195698 111992 
195714 347 
195727 207 
195731 257 
195733 811 
195734 738 
195749 215 
195754 345 
195760 84 
195790 241 
195802 81 
195804 338 
195821 311 
195841 148 
195920 21 
195940 342 
196024 49 
196052 828 
196134 129 
196171 140 
196187 63 
196312 75 
196328 440 
196349 39 
196417 104 
196434 265 
196938 561 
197014 355 
197052 273 
197128 51 
197130 502 
197163 381 
197317 119 
197752 39 
197965 68801 
197992 765 
197999 136 
198015 19868 
198028 705 
198118 222 
198125 197 
198144 394 
198185 169 
198197 302 
198335 2704 
198349 461 
198366 335 
198388 139 
198398 277 
198423 604 
198493 730 
198544 49 
198602 196 
198771 279 
199106 63479 
199289 143 
199359 851 
199379 134 
199386 223 
199520 198 
200109 144 
200120 332 
200139 185 
200304 1231 
200448 56 
200769 1320 
200895 82 
200962 117 
201209 63775 
201230 330 
201341 171 
201572 691 
201892 29 
202583 27 
202727 52258 
202751 703 
202760 721 
202773 765 
202792 314 
202972 1336 
203031 86 
203039 374 
203047 85 
203114 464 
203253 114 
203379 68991 
203476 539 
203523 907 
203530 372 
203958 160 
203973 41902 
203978 15 
204086 14 
204229 1451 
204402 149 
204425 182 
204572 269 
204654 15 
204778 173 
206699 212 
207082 77573 
207130 663 
207133 563 
207146 1142 
207239 181 
207252 1693 
207306 928 
207321 204 
207465 1415 
207562 432 
207579 117 
207635 206 
207824 267 
237079 43831 
237185 217 
237185 106 
237220 185 
237376 899 
237378 86 
237390 59 
237433 323 
237581 707 
237691 103 
237760 112014 
237777 669 
237877 449 
237943 184 
238027 132 
238040 1151 
238127 263 
238149 485 
238292 70 
238303 102 
238382 184 
238549 223 
238619 450 
238844 178068 
238877 436 
238902 51 
238907 194 
238968 104 
239002 462 
239047 212 
239081 200 
239087 126 
239129 108 
239146 71 
239169 637 
239427 21 
239432 175 
239569 86 
240029 31045 
240112 17314 
240380 3824 
240451 180 
240487 295 
240547 24996 
240674 640 
240722 721 
240725 276 
240774 1865 
240789 521 
240877 435 
241185 152 
241336 34 
241430 40097 
241458 2386 
241477 943 
241595 1181 
241674 1334 
241718 153 
241755 218 
242545 150 
242844 120 
242932 137 
242952 60 
243417 30034 
243732 181 
244744 61615 
244816 89 
244818 291 
245095 147 
245136 14235 
245327 132 
245683 382 
246065 99 
246106 68 
246252 125 
246407 96284 
246469 298 
246482 432 
246483 932 
246521 181 
246526 72 
246561 113 
246586 91 
246652 896 
246659 827 
246689 183 
246705 135 
246788 585 
246878 242 
246946 230 
247018 136 
247137 63 
247643 128 
248063 32238 
248118 309 
248727 27094 
248808 24633 
248902 442 
249055 69750 
249207 63998 
249236 72 
249241 268 
249469 148 
249550 375 
250111 196 
250265 166 
250683 141 
251171 52335 
251196 468 
251240 175 
251335 339 
251416 19102 
251517 131 
251575 124 
251600 232 
251636 71 
252082 42267 
252305 930 
252306 228 
252435 536 
252477 129 
252498 1506 
252652 1693 
253357 58 
253423 189 
253655 532 
254195 78450 
254221 647 
254226 264 
254259 682 
254272 301 
254282 633 
254286 1809 
254322 278 
254337 1333 
254499 52 
254517 10 
254542 453 
254629 240 
254630 29 
255070 314 
255373 215 
255467 437 
255534 92 
255629 1602 
255741 39 
255796 164 
255817 26 
255971 30 
256544 194 
256584 33963 
256594 293 
256696 154 
256698 243 
256703 267 
257112 84 
257393 34 
257436 34449 
257474 3203 
257506 544 
257506 152 
257651 357 
257869 275 
258508 63245 
258556 328 
258636 889 
258750 1613 
259014 62 
259079 274 
259146 778 
259675 63892 
259849 645 
259866 42 
259881 116 
259964 823 
260045 163 
260070 64186 
260107 403 
260258 4062 
260259 92 
260262 618 
260281 1008 
260286 132 
260287 259 
260297 364 
260311 582 
260317 185 
260322 86 
260328 878 
260368 146 
260386 248 
260420 65 
260425 84 
260481 268 
260500 138 
260825 214 
261193 195 
261498 204 
261505 299 
261517 23040 
262750 151 
263450 1521 
263541 947 
263551 525 
263945 213 
263971 41 
263972 59 
264012 1122 
264030 303 
264035 245 
264604 65 
264645 45499 
264692 1104 
264702 1341 
264763 1144 
264887 126 
264952 328 
265217 180 
265220 408 
265232 25 
265245 410 
265273 139 
265720 431 
265764 66 
265778 194 
266190 1019 
266556 645 
266656 524 
266699 1102 
266743 67 
266761 9150 
266846 71 
267077 26 
267266 1114 
267591 253 
267766 78 
268079 91 
268366 24 
268829 1703 
269336 18 
269429 45 
269469 1678 
269475 164 
269484 79 
269554 56 
269811 44969 
269900 454 
269918 425 
270254 905 
270285 370 
270516 35 
270638 367 
270659 415 
270993 1966 
271015 570 
271157 547 
271214 83 
271281 750 
271517 184 
271633 214 
271693 37200 
271703 34668 
271744 92 
271782 108 
271908 539 
271925 25 
271950 58 
272079 1093 
272605 164 
273121 164 
273180 1551 
273349 112 
273986 143 
274442 385 
274451 373 
274459 1063 
274575 77362 
274652 143 
274709 256 
274712 2472 
274732 218 
274755 365 
274762 379 
274863 349 
274898 266 
274904 159 
274912 55 
274929 112215 
274953 643 
274961 104 
275047 238 
275077 50 
275090 183 
275105 222 
275109 779 
275147 59 
275225 277 
275231 256 
275245 237 
275337 36430 
275344 187 
275474 117 
275621 90 
276267 144204 
276280 113 
276298 614 
276313 687 
276315 100 
276344 248 
276344 260 
276366 898 
276451 179 
276487 216 
277915 64450 
277936 1070 
277981 414 
278152 63423 
279401 70146 
279414 182 
279419 356 
279419 303 
279420 73 
279497 316 
279499 385 
279554 195 
279569 469 
279590 195 
279695 94 
279702 873 
279743 903 
280035 126 
280619 70267 
281377 70304 
281392 440 
281396 798 
281417 66 
281433 1534 
281456 148 
281461 127 
281633 291 
281868 70333 
281936 529 
281952 377 
281976 332 
281984 141 
282086 323 
282113 110 
282115 219 
282454 413 
282907 112118 
282942 42815 
282949 539 
282951 466 
282952 476 
282954 141 
282955 1779 
282969 220 
282973 354 
283065 475 
283074 868 
283087 68 
283280 1456 
283314 84 
283395 191 
283411 231 
283416 291 
283435 39 
283457 499 
283492 66 
283940 238 
284031 151 
284471 61956 
284488 346 
284697 196 
284780 350 
284787 114 
284826 59 
285112 68 
285169 330 
285199 145 
285318 67 
285378 83 
285379 16 
285523 112475 
285554 591 
285555 118 
285615 1553 
285627 29 
285632 107 
285632 2020 
285658 537 
285747 200 
285871 201 
285881 527 
285978 183 
286037 114658 
286062 239 
286079 1499 
286082 399 
286197 277 
286347 420 
286364 143 
286547 454 
287532 63903 
287554 219 
287560 102 
287562 345 
287587 356 
287724 178900 
287733 157 
287737 119 
287741 775 
287743 208 
287759 399 
287769 406 
287771 445 
287784 404 
287788 73 
287789 284 
287795 314 
287804 271 
287882 339 
287882 219 
287915 170 
287986 136 
288064 33 
288075 37 
288090 77 
288096 237 
288102 730 
288129 261 
288147 128 
288149 173 
288297 4771 
288327 1068 
288338 69 
288555 75 
289394 43109 
289419 111 
289446 143 
289493 141 
289631 677 
289713 231 
289908 537 
289963 355 
289963 220 
289990 703 
290907 43233 
290967 584 
292344 213 
292510 64722 
292574 71 
292574 41 
292581 92 
292613 108 
293721 407 
297928 72 
297943 129 
313714 71151 
313739 261 
313810 106 
313856 548 
313870 259 
313932 206 
314014 285 
314462 19 
314537 64274 
315295 194 
315362 62274 
315411 329 
315446 586 
315547 68062 
315618 1259 
315639 317 
315790 335 
315790 335 
317335 14568 
319860 25483 
320142 215 
320281 219 
323193 44111 
323329 49 
323509 284 
324237 64961 
324268 155 
324484 165 
324555 229 
324600 36 
324695 234 
324785 93 
326013 31323 
326055 78860 
326061 78860 
326173 80 
326212 28 
326796 24281 
327118 112434 
327170 46 
327205 170 
327219 354 
327249 123 
327324 552 
327335 443 
327560 69 
327592 212 
328092 65052 
328109 1180 
328296 50 
328363 152 
328539 51 
328552 126 
328597 95 
328630 700 
328655 261 
328813 278 
328825 744 
329203 91 
329480 56125 
329735 484 
329896 63 
330219 205 
330346 239 
330435 156 
330728 82 
330787 248 
331063 123 
331149 1212 
331440 376 
332546 172 
332708 43307 
332797 218 
332842 1622 
332906 122 
332927 212 
332936 368 
332963 3084 
332963 142 
333181 41 
333211 119 
333282 466 
335191 479 
335982 81 
336378 62301 
336389 262 
336403 502 
336612 52 
337117 11 
337265 186 
337266 109 
337266 145 
337278 86 
337281 521 
337289 260 
337302 148 
337302 157 
337322 224 
337345 484 
337355 225 
337362 2691 
337452 108 
337584 278 
337625 145 
338175 84 
338533 28 
339069 24121 
339073 340 
339916 30587 
340175 208 
340186 97 
340614 89 
340677 65 
341243 387 
341269 97 
342490 24183 
342758 65211 
342771 106 
343129 363 
343154 68 
343185 256 
343252 65 
343315 77597 
343326 256 
343334 1935 
343457 557 
343490 1683 
343496 121 
343519 89 
343529 643 
343925 45194 
344179 43503 
344270 156 
344381 424 
344413 1048 
344724 1970 
344787 323 
344923 2153 
349758 255 
349768 444 
350199 180 
350418 93 
350631 127 
350646 78 
350673 210 
350703 836 
350752 4024 
350941 493 
350946 51 
351019 543 
351027 471 
351158 1006 
351249 16 
351407 110 
351546 243 
351549 288 
351891 115 
352852 80162 
352921 287 
352923 26 
352926 53 
352965 67 
352980 1065 
353049 303 
353083 313 
353204 319 
353305 150 
353572 3 
355017 250 
355021 21 
355049 99 
355063 170 
355177 162 
355202 53 
355224 204 
355811 12 
355902 181 
356018 1775 
356720 279 
357043 91 
357537 205 
358597 71574 
358672 228 
358672 666 
358691 208 
358754 233 
359657 91 
359832 103 
363414 188554 
363435 30 
363442 257 
363452 181 
363453 132 
363465 580 
363467 391 
363471 328 
363472 203 
363473 358 
363475 432 
363481 74 
363482 58 
363494 280 
363497 411 
363565 264 
363565 55 
363573 303 
363582 95 
363591 671 
363606 408 
363607 258 
363613 2362 
363623 523 
363634 282 
363733 18 
363738 163 
363759 320 
363784 497 
363796 257 
363962 22 
364220 93 
364551 65 
365069 53 
365490 839 
365625 77848 
365648 309 
365651 94 
365663 1377 
365664 226 
365680 600 
365720 91 
365723 88 
365793 445 
365932 39 
365959 423 
365992 247 
366151 90 
366953 52824 
369559 44332 
369567 688 
369573 107 
369581 190 
369586 178 
369592 190 
369594 171 
369614 1532 
369616 71 
369617 169 
369618 574 
369624 201 
369627 679 
369688 436 
369692 331 
369702 1163 
369706 430 
369750 57 
369761 40 
369846 249 
369850 273 
369944 743 
370420 306 
370545 100 
371693 166 
373765 367 
373784 132 
373812 151 
373867 628 
373883 630 
373976 495 
374518 380 
375525 395 
376266 104 
376282 434 
376300 1145 
376328 69 
376358 195 
376365 14 
376454 49 
376661 141 
376738 173 
377728 52 
377794 51 
379431 63913 
379450 260 
379453 2027 
379477 377 
379484 3118 
379530 36 
379666 14 
379711 370 
379806 703 
381023 112326 
381039 1677 
381059 112 
381067 428 
381075 112 
381098 875 
381136 114 
381140 210 
381184 245 
381302 452 
381401 213 
381472 67 
383028 31 
384451 54 
389276 97099 
389276 53222 
389290 1911 
389392 281 
389400 41 
389420 41 
389490 198 
389529 103 
389539 49 
389579 351 
389579 351 
389637 161 
389637 161 
389643 541 
389643 541 
389658 345 
389658 345 
389666 136 
389666 136 
389820 347 
389913 96 
389967 36765 
389968 148 
390009 151 
390059 457 
390098 602 
390152 584 
390156 199 
390229 174 
390295 665 
390327 975 
390352 156 
390775 139 
391327 33 
391595 62481 
391650 616 
391746 98 
392251 44 
392653 1781 
393081 65913 
393178 392 
393212 330 
393262 224 
393284 99 
393318 121 
393347 64696 
393377 251 
393385 626 
393441 308 
393476 1445 
393587 144 
393830 157 
394433 184 
394877 24418 
394978 80 
395370 38 
395829 72767 
396439 153 
396796 42222 
396845 1057 
396851 251 
396872 93 
397235 106 
397452 82 
398701 219 
398718 66 
399410 14737 
399854 72818 
399905 683 
400054 253 
400395 219 
401674 2132 
402194 63 
402221 94 
402752 1092 
402974 472 
403060 428 
403190 205 
403248 114713 
403278 50 
403316 360 
403375 28 
403723 253 
406503 148 
406522 91 
408716 25 
409721 45036 
409812 366 
409833 21 
409841 178 
410128 286 
410326 24419 
410382 26134 
410423 19253 
410427 142 
410428 221 
410437 240 
410499 467 
410510 311 
410522 272 
410627 53 
410764 225 
410771 553 
410878 73 
411125 143 
411233 38 
411242 39 
411569 112727 
411622 76 
411634 205 
411672 182 
411684 96 
411691 454 
411717 312 
411720 168 
411836 160 
412157 169 
413353 394 
413444 438 
413695 403 
414043 30342 
414101 8444 
414204 389 
414419 112 
414527 471 
414577 1396 
415268 39946 
415353 38 
415933 44920 
415970 196 
416003 425 
416022 2118 
416109 358 
416193 180 
416364 711 
417249 1258 
417283 254 
417945 53 
419462 62 
421727 36763 
421770 220 
421836 672 
421973 13 
422269 997 
422288 397 
422819 45279 
422886 376 
422891 56 
423129 154 
423218 261 
423884 49 
424750 77165 
424766 205 
424804 376 
424811 308 
424816 2156 
424821 273 
424860 785 
424875 435 
424930 50 
424937 377 
424981 544 
425072 314 
425243 624 
425630 99 
426784 65 
427378 53556 
427595 1207 
427916 396 
428052 2519 
428134 99 
428168 433 
428237 128 
429685 329 
429686 1049 
429742 607 
429757 337 
429828 164 
429933 111 
429950 1503 
430061 263 
430201 265 
430218 47187 
430265 475 
430276 654 
430326 264 
430392 1256 
430396 26 
430400 78002 
430401 423 
430430 240 
430435 687 
430668 1549 
430676 138 
430691 1048 
430755 678 
430827 199 
430889 1092 
430923 569 
431062 107 
431284 271 
432117 84281 
432204 120 
432242 179 
432259 1423 
432272 608 
432314 257 
432504 47 
432694 105 
432841 111 
433115 182 
433164 79575 
433218 189 
433227 1000 
433298 534 
433407 23 
433498 777 
433519 925 
433585 699 
433623 337 
433941 176 
434440 338 
434497 101 
435145 35829 
435160 148 
435200 804 
435222 129 
435227 138 
435270 49 
435335 426 
436745 66180 
436794 47 
436810 64 
437055 278 
437108 72 
437140 415 
437472 77600 
437487 604 
437500 412 
437507 194 
437540 114 
437605 45 
437615 911 
437740 299 
437783 307 
437880 80 
439723 114 
440327 44 
441490 294 
442422 207 
442428 262 
442434 297 
442436 38 
442439 569 
442460 534 
442475 206 
442476 203 
442478 410 
442498 1079 
442499 61 
442527 81 
442538 141 
442558 125 
442716 598 
442759 323 
442773 396 
442796 238 
443658 190 
443720 148 
445149 65074 
445162 262 
445213 462 
445413 225 
445595 189 
446278 328 
446715 425 
446723 60 
447102 51 
447107 32 
447167 376 
447242 138 
447253 188 
447330 571 
447452 113059 
447501 114 
447536 317 
447559 335 
447624 1003 
447631 194 
447643 136 
447670 266 
447692 194 
447705 2222 
447863 53 
448020 832 
448096 359 
448198 368 
449503 9 
449508 181 
449530 104 
449672 303 
449936 37944 
449973 250 
449981 370 
450039 67 
450052 141 
450109 681 
450121 647 
450124 301 
450153 260 
450228 242 
450237 181 
450245 132 
450266 78 
450271 335 
450287 261 
450313 14 
451055 178 
451545 36879 
451571 722 
451628 412 
451805 149 
453292 182 
453307 579 
453340 32 
453481 385 
453528 379 
453725 6559 
453835 70 
453909 64209 
453921 657 
454006 289 
454011 530 
454956 541 
455693 205 
455725 60110 
455898 183 
455909 913 
455909 150 
455932 146 
456013 75 
456109 372 
456531 71 
456892 174 
457038 50792 
457088 931 
457249 447 
459788 65452 
459804 160 
459867 30 
459924 163 
460468 171 
460519 199 
461260 855 
461427 50633 
461448 558 
461452 255 
461489 528 
461490 523 
461497 361 
461532 316 
461706 131 
461736 42 
461908 326 
462185 56 
462611 759 
465003 95 
466589 4 
471877 160 
488704 188 
495202 114729 
495275 1257 
495288 575 
495318 1231 
495390 692 
495525 2520 
496542 972 
496574 298 
496781 65916 
496838 204 
496893 13 
497081 278 
497380 157 
497390 101 
497430 15053 
497642 598 
497657 943 
497707 107 
497845 825 
497882 710 
498152 831 
498594 31689 
498698 349 
498842 62 
498936 215 
498960 69 
499150 314 
499338 28287 
499354 2660 
499368 565 
499508 1638 
499563 92 
499683 264 
499715 87 
499772 113288 
499797 629 
499807 89 
499820 174 
499872 37 
499893 103 
499997 73 
500075 472 
500155 55 
500209 53 
500211 135 
500341 478 
500341 177 
500499 67 
500567 137 
500634 258 
500815 42930 
500838 4076 
500881 877 
500890 295 
500890 54 
500904 152 
500905 1137 
500935 357 
501016 164 
501105 4649 
501141 141 
501226 57 
501258 247 
501789 65999 
502079 32856 
502254 3131 
502340 104 
502669 85 
503717 67 
504480 45 
504521 17 
507917 142 
508029 461 
508386 579 
508552 171 
508562 97504 
508656 604 
508664 788 
508668 12 
508711 1297 
508715 459 
508737 1179 
508771 471 
508823 163 
508829 1295 
508897 628 
509006 1475 
509250 71 
510633 65135 
510734 572 
510782 989 
510788 854 
510902 357 
511086 249 
511249 223 
511383 80495 
511398 266 
511434 153 
511443 103 
511449 915 
511468 18576 
511558 231 
511803 66862 
511813 357 
511969 164 
511992 268 
512206 54 
512236 111 
512528 155 
512830 71 
513627 51352 
513649 737 
513662 892 
513684 206 
513797 965 
513824 150 
514136 47232 
514148 45501 
514238 125 
514243 219 
514252 78305 
514257 744 
514258 150 
514269 283 
514283 298 
514290 225 
514336 388 
514337 128 
514343 407 
514546 399 
514637 140 
514640 178 
514658 246 
514757 789 
514856 769 
514877 488 
514890 549 
515122 37046 
515132 18 
515146 162 
515194 222 
515294 156 
515556 419 
516783 301 
516842 43 
516965 91 
517102 214 
517798 77 
518127 585 
518132 304 
518153 112744 
518173 101 
518220 92 
518224 374 
518250 212 
518360 143 
518375 1302 
518481 358 
518507 411 
518662 160 
519291 113321 
519390 386 
519425 145 
519437 194 
519437 197 
519471 45 
519675 48 
520106 50913 
520189 524 
520201 207 
520225 117 
520226 1390 
520270 869 
520276 53 
520297 793 
520480 310 
520627 1631 
520783 300 
521175 115 
521198 145 
521350 49 
521547 108 
521653 32 
521896 78382 
521938 2689 
522004 462 
522035 24 
522086 51 
522091 144 
522136 93 
522175 650 
522278 160 
522309 398 
522449 199 
522453 326 
522832 66984 
522898 222 
523147 90 
523237 73838 
523305 43 
523305 2658 
523317 235 
523349 89 
523422 54162 
523432 600 
523550 12 
523565 51 
524117 41 
525120 90 
525121 24 
525247 34485 
525302 451 
527185 38273 
527329 226 
529150 1332 
529153 195 
529220 196 
529929 69 
529950 227 
530806 445 
532151 64469 
532166 1766 
532327 693 
532475 22 
534355 43 
534442 5 
536048 251 
536105 1164 
536191 62 
536376 1233 
536402 203 
536544 43 
536949 169 
538678 189 
538679 197 
538684 16 
538693 526 
538694 278 
538700 182 
538701 228 
538709 194 
538716 78 
538840 922 
538843 322 
538856 257 
538892 262 
538909 34 
538983 444 
538996 177 
539016 163 
539102 29 
539553 267 
539648 92 
540699 424 
541305 2426 
541314 46 
541327 359 
541343 237 
541547 138 
541627 46 
541663 277 
541724 429 
541813 30 
541909 17 
542599 67191 
542962 46 
543054 120 
543128 386 
543436 91 
543675 161 
543700 227 
543742 147 
543790 74549 
543799 649 
543807 1000 
543825 264 
543854 232 
543861 902 
543862 88 
543879 173 
543888 59 
543987 164 
544624 74635 
544640 154 
544698 240 
544709 250 
544712 90 
544882 67 
545053 74647 
545082 80 
545304 219 
545649 110 
548184 47 
549892 21 
550006 1396 
551411 113436 
551425 739 
551441 596 
551446 214 
551461 199 
551468 643 
551484 304 
551488 205 
551499 776 
551510 482 
551554 118 
551573 1401 
551580 670 
551582 191 
551594 33 
551614 462 
551623 666 
551629 268 
551645 279 
551659 201 
551731 665 
551872 51 
551879 413 
552008 201 
552013 2187 
552124 95 
552220 380 
552309 10 
552389 322 
552822 129 
553166 207 
554022 168 
554385 64557 
554451 61 
554770 1948 
554817 58 
554991 191 
555256 1137 
555309 143 
556129 67424 
556226 16 
556336 138 
556756 75008 
556776 114 
556785 316 
556802 589 
556807 362 
556821 107 
556826 200 
556847 142 
556862 54 
556884 1239 
556931 193 
557106 90 
557150 43 
557518 483 
557828 277 
558069 124 
578551 111 
578828 45 
581241 66 
583199 19457 
583223 45511 
583250 654 
583298 726 
583329 59311 
583398 1224 
583421 337 
583439 1775 
583464 3345 
583486 360 
583526 510 
583622 67 
583735 238 
583740 599 
583743 401 
583870 156 
584157 415 
584191 126 
584287 142 
584317 72 
584318 89 
584676 14747 
584690 32018 
584872 83 
585034 884 
585132 400 
585378 211 
585447 172 
586214 292 
587112 17497 
587169 1337 
587767 941 
587768 164 
587781 448 
587793 127 
587808 122 
587817 78 
587832 231 
587876 187 
587900 184 
587945 156 
587981 65 
588226 267 
588365 112 
588542 1235 
588691 429 
588778 62647 
589043 175 
589307 216 
589417 219 
589513 360 
589648 1591 
589701 303 
590018 51 
590468 46390 
590586 782 
590730 134 
591373 523 
591931 46449 
592919 79092 
592936 1692 
592956 286 
592963 136 
592984 1231 
592990 381 
592991 579 
593086 35 
593096 1396 
593117 198 
593506 80 
593575 720 
593788 85 
593851 219 
595447 106 
595691 75615 
595791 460 
595794 43 
595839 315 
599904 22 
601775 100025 
601810 284 
601820 169 
601824 79 
601835 286 
601835 530 
601835 286 
601846 595 
601877 218 
601880 574 
601906 90 
601926 119 
601976 58 
601986 179 
601995 121 
602039 74 
602061 400 
602071 339 
602107 255 
602116 396 
602139 172 
602162 200 
602183 106 
602199 132 
602217 218 
602252 587 
602262 184 
602275 1702 
602278 26 
602302 134 
602303 28 
602358 35 
602602 499 
602700 55 
602705 50 
602894 1555 
603091 79374 
603113 439 
603119 515 
603154 450 
603163 149 
603233 849 
603267 77 
603318 80 
603333 537 
603396 751 
603741 77 
604744 54798 
