2608 11.1106365741
0 358847 
10 430 
13 60 
15 155 
15 406 
17 68 
22 530 
23 231 
25 188 
26 35 
26 262 
26 545 
28 183 
28 113 
28 168 
29 329 
29 170 
30 120 
31 797 
32 313 
32 103 
34 322 
34 171 
35 176 
36 154 
36 53 
37 138 
37 36 
37 103 
38 73 
39 181 
39 216 
43 103 
43 244 
45 179 
46 87 
46 96 
46 80 
46 100 
48 188 
49 433 
50 420 
50 206 
50 85 
50 229 
50 53 
51 50 
51 93 
51 309 
52 64 
52 147 
53 385 
53 362 
54 256 
55 136 
56 45 
57 121 
57 445 
58 104 
59 436 
59 185 
60 294 
60 105 
61 623 
61 249 
62 341 
62 94 
65 392 
65 298 
67 278 
68 248 
69 230 
70 70 
70 162 
71 212 
71 80 
72 205 
72 36 
72 54 
73 69 
73 41 
74 87 
74 63 
74 74 
75 42 
75 57 
77 43 
77 53 
78 212 
78 294 
78 129 
78 190 
78 1049 
79 90 
79 141 
79 74 
80 241 
80 296 
81 606 
81 962 
82 100 
82 110 
83 104 
84 62 
84 248 
86 147 
86 51 
87 43 
87 425 
87 119 
88 120 
88 160 
89 28 
89 125 
89 113 
89 335 
90 108 
96 91 
96 1380 
96 433 
97 156 
98 125 
98 70 
99 122 
101 161 
101 619 
104 173 
106 195 
107 147 
107 123 
107 37 
107 271 
108 19 
109 374 
109 211 
112 53 
112 49 
115 234 
115 251 
115 40 
115 199 
118 80 
118 754 
120 1583 
120 403 
123 139 
124 183 
124 72 
124 91 
124 48 
127 60 
128 114 
128 277 
129 279 
129 86 
130 171 
130 31 
130 160 
132 236 
133 137 
133 147 
133 17 
135 415 
135 217 
136 602 
138 63 
141 114 
200 391 
201 849 
202 167 
204 96 
205 223 
207 202 
208 259 
208 76 
209 190 
209 496 
209 373 
210 732 
215 218 
215 167 
215 146 
216 145 
217 85 
218 184 
220 150 
221 34 
221 145 
222 161 
224 239 
228 212 
230 124 
230 32 
232 40 
233 183 
234 135 
234 292 
234 78 
235 48 
236 114 
237 46 
237 292 
239 366 
241 80 
249 91 
249 75 
250 38 
250 26 
250 145 
251 50 
253 118 
253 200 
253 252 
257 73 
257 63 
258 307 
258 87 
258 1477 
259 236 
260 156 
260 45 
264 145 
264 167 
265 49 
267 262 
268 45 
269 134 
270 304 
271 139 
274 346 
275 120 
279 348 
279 145 
284 84 
286 130 
288 74 
289 57 
289 71 
290 244 
290 127 
291 180 
291 248 
291 133 
293 165 
294 52 
294 14 
294 51 
296 47 
296 811 
298 74 
299 217 
300 292 
302 355 
302 55 
303 314 
308 121 
310 104 
313 201 
318 14 
319 38 
319 123 
321 42 
322 160 
323 135 
326 231 
327 231 
332 59 
341 39 
342 310 
347 86 
347 90 
351 85 
356 78 
357 191 
359 145 
361 373 
362 116 
369 151 
369 81 
370 540 
371 162 
375 69 
379 213 
380 340 
387 223 
389 74 
389 272 
390 222 
392 118 
393 286 
394 229 
396 141 
396 122 
397 98 
397 20 
398 23 
400 14 
402 147 
403 357 
404 68 
404 103 
467 126 
475 16 
476 265 
484 325 
486 30 
487 1638 
487 117 
490 115 
491 39 
492 50 
493 588 
494 78 
496 258 
496 158 
498 91 
503 42 
508 129 
509 182 
510 139 
512 184 
512 193 
522 899 
527 171 
529 38 
529 269 
531 127 
531 121 
545 95 
553 59 
556 23 
557 228 
560 8 
566 834 
570 127 
576 114 
577 111 
585 290 
586 88 
589 239 
592 353 
594 256 
595 372 
596 140 
599 539 
600 217 
605 270 
608 184 
608 266 
608 170 
613 377 
615 166 
618 48 
622 1224 
637 105 
641 190 
646 176 
647 375 
648 65 
649 18 
653 502 
654 276 
659 75 
663 197 
668 830 
672 42 
730 45 
750 38 
771 559 
771 40 
772 357 
778 47 
778 94 
783 24 
783 146 
783 157 
784 310 
785 641 
788 77 
792 86 
799 51 
800 78 
800 147 
809 392 
820 70 
824 144 
828 220 
832 157 
838 53 
839 126 
841 162 
842 28 
851 222 
853 76 
861 249 
867 50 
880 222 
883 185 
886 64 
889 188 
893 9 
897 270 
900 95 
900 109 
901 1579 
905 785 
907 119 
911 134 
921 342 
924 47 
925 93 
948 174 
955 207 
957 125 
967 65 
970 121 
971 94 
977 56 
1043 294 
1049 4 
1055 327 
1067 80 
1069 89 
1070 115 
1078 95 
1099 71 
1101 112 
1102 427 
1118 82 
1139 733 
1144 41 
1145 31 
1158 112 
1168 55 
1174 51 
1190 74 
1191 110 
1191 1010 
1202 80 
1221 26 
1227 113 
1228 74 
1246 632 
1319 101 
1323 321 
1328 110 
1338 72 
1341 16 
1364 95 
1401 49 
1407 238 
1408 10 
1418 90 
1426 131 
1439 155 
1440 100 
1442 59 
1456 148 
1473 224 
1492 151 
1508 21 
1523 167 
1597 43 
1608 239 
1610 273 
1628 205 
1660 352 
1662 40 
1674 202 
1681 177 
1694 185 
1706 14 
1707 55 
1709 37 
1732 42 
1739 47 
1741 514 
1747 242 
1758 9 
1758 868 
1764 79 
1766 190 
1773 359 
1774 208 
1783 80 
1801 189 
1804 133 
1807 410 
1914 155 
1922 218 
1924 302 
1932 174 
1936 55 
1948 174 
1971 43 
1977 84 
1990 18 
1992 39 
2008 20 
2009 193 
2038 109 
2044 463 
2051 206 
2120 85 
2139 38 
2146 182 
2154 170 
2165 163 
2166 101 
2167 111 
2176 191 
2180 12 
2190 45 
2208 179 
2237 45 
2256 135 
2278 154 
2390 135 
2420 119 
2427 114 
2433 366 
2515 57 
2531 91 
2536 28 
2538 129 
2554 68 
2564 52 
2575 70 
2602 85 
2713 448 
2721 342 
2769 92 
2797 18 
2810 6 
2819 100 
2827 66 
2870 1106 
2880 31 
2909 20 
2925 68 
2953 50 
2956 213 
2972 64 
3038 48 
3110 1135 
3120 52 
3167 39 
3217 69 
3331 399 
3334 453 
3391 126 
3410 118 
3437 375 
3564 119 
3626 65 
3669 91 
3673 57 
3684 151 
3766 36 
3808 58 
3838 193 
3857 49 
3876 60 
3922 75 
3923 50 
3928 150 
3953 195 
3960 1493 
4030 95 
4084 154 
4115 2405 
4122 61 
4128 20 
4131 150 
4166 111 
4167 38 
4192 1719 
4205 56 
4217 207 
4224 340 
4298 51 
4307 78 
4339 380 
4341 38 
4367 308 
4381 104 
4385 352 
4394 252 
4534 195 
4538 29 
4547 753 
4570 813 
4577 174 
4602 106 
4656 362 
4696 450 
4711 137 
4736 42 
4787 166 
4869 74 
4876 674 
4930 30 
4949 147 
5080 89 
5115 411 
5168 92 
5209 26 
5284 277 
5392 156 
5406 94 
5579 3 
5755 54 
5869 61 
5930 57 
6269 151 
6344 216 
6456 53 
6702 10 
6868 204 
6953 83 
7242 98 
7254 2 
7465 102 
7598 30 
8013 40 
8035 68 
8116 44 
8348 219 
8422 173 
8742 70 
8801 50 
9126 55 
9888 34 
9933 61 
10396 356 
10530 117 
12100 52 
13454 86 
13811 263 
14307 20 
14719 382 
15604 37 
16582 25 
17248 205 
17339 246 
18350 59 
19045 60 
20887 1035 
21612 78 
25592 241 
26889 178 
27185 59 
30993 221 
33964 78 
35810 34 
35835 68 
36126 3 
36137 19 
36627 79 
36894 87 
37676 195 
39213 51 
39404 79 
39632 25 
40870 53 
43779 61 
44123 41 
44244 60 
47260 135 
47858 50 
48198 55 
48535 151 
49149 176 
49484 202 
49528 500 
49592 215 
49612 510 
50842 35 
52581 74 
56146 79 
57001 40 
58229 501 
59010 148 
59559 383 
59585 156 
59632 335 
59640 132 
60561 46 
60578 196 
61420 119 
61831 119 
63593 127 
64347 38 
64904 39 
65771 83 
66083 464 
66631 349 
67999 136216 
68049 1423 
68055 292 
68058 71 
68080 143 
68089 86 
68094 2842 
68097 40 
68103 284 
68104 177 
68123 416 
68130 705 
68133 519 
68174 213 
68252 416 
68252 106 
68286 331 
68302 105 
68307 327 
68349 183 
68379 50 
68401 1897 
68419 311 
68450 71 
68594 101 
68647 154 
68670 97 
68714 61 
68725 53 
68845 72 
68857 196 
68860 63 
68916 24 
68969 294 
68997 234 
69024 162 
69132 489 
69191 247 
69275 44 
69881 272 
69929 247 
70148 61 
70741 109 
70766 287 
71303 612 
71336 150 
71882 141 
72108 180 
72183 412 
72838 204 
73344 736 
73959 41 
74493 95 
75233 87 
75318 407 
75347 368 
75521 161 
75674 84 
76069 116 
76123 228 
76188 67 
76398 300 
76437 79 
77367 32 
77459 85 
77720 30 
77921 128 
77924 118 
77925 195 
77932 115 
77933 129 
77935 193 
77936 141 
77937 151 
77937 598 
77937 222 
77939 128 
77939 63 
77940 137 
77943 404 
77943 224 
77943 102 
77943 217 
77944 98 
77944 54 
77944 126 
77945 174 
77945 142 
77946 1073 
77946 603 
77947 181 
77947 215 
77948 713 
77949 149 
77949 277 
77949 128 
77950 102 
77951 157 
77952 242 
77952 178 
77954 159 
77955 60 
77956 144 
77956 224 
77956 411 
77957 1263 
77958 418 
77958 391 
77960 69 
77960 168 
77960 107 
77960 235 
77960 130 
77961 257 
77962 108 
77962 239 
77963 44 
77963 72 
77965 82 
77965 566 
77965 140 
77966 216 
77969 445 
77969 67 
77971 368 
77971 57 
77972 70 
77973 128 
77973 467 
77973 162 
77974 54 
77974 24 
77974 33 
77976 109 
77976 125 
77976 127 
77977 192 
77977 32 
77979 230 
77979 459 
77980 562 
77980 184 
77980 391 
77980 230 
77981 381 
77981 377 
77982 75 
77982 183 
77983 48 
77983 159 
77987 379 
77987 97 
77989 162 
77989 235 
77990 72 
77992 86 
77994 181 
77994 452 
77994 163 
77994 125 
78046 591 
78046 146 
78046 127 
78047 246 
78047 330 
78047 216 
78049 236 
78049 107 
78049 969 
78049 87 
78050 357 
78050 381 
78051 128 
78053 272 
78054 280 
78055 161 
78055 202 
78057 269 
78057 324 
78059 112 
78059 136 
78060 448 
78060 44 
78061 1084 
78061 618 
78062 385 
78063 536 
78063 32 
78063 146 
78064 256 
78064 180 
78065 97 
78065 230 
78067 64 
78067 359 
78068 234 
78069 278 
78069 273 
78070 478 
78071 55 
78073 65 
78073 235 
78074 235 
78074 83 
78075 70 
78075 419 
78075 203 
78075 242 
78076 746 
78076 512 
78077 173 
78078 203 
78079 257 
78080 325 
78082 169 
78083 336 
78084 170 
78085 926 
78085 302 
78086 648 
78086 460 
78087 247 
78087 220 
78088 132 
78089 350 
78089 136 
78089 1560 
78090 134 
78090 1229 
78092 75 
78092 220 
78093 1808 
78096 158 
78096 83 
78097 668 
78097 122 
78098 239 
78099 488 
78102 131 
78102 352 
78102 1338 
78104 121 
78104 133 
78105 73 
78106 942 
78107 119 
78107 318 
78108 144 
78108 272 
78109 88 
78109 23 
78115 168 
78118 196 
78121 219 
78121 33 
78122 46 
78123 22 
78125 185 
78126 303 
78128 172 
78129 185 
78129 431 
78130 279 
78133 647 
78133 575 
78134 231 
78137 159 
78139 908 
78140 496 
78142 178 
78142 17 
78144 139 
78145 53 
78146 529 
78147 396 
78148 165 
78150 356 
78152 213 
78152 68 
78154 390 
78155 182 
78155 291 
78156 67 
78158 463 
78158 71 
78158 211 
78158 681 
78159 506 
78160 537 
78161 45 
78213 261 
78213 162 
78213 720 
78214 382 
78215 276 
78219 173 
78220 197 
78221 244 
78222 371 
78223 683 
78223 652 
78225 156 
78226 227 
78229 105 
78230 180 
78231 718 
78232 56 
78232 502 
78236 1902 
78237 260 
78237 113 
78239 355 
78239 74 
78240 324 
78244 313 
78244 68 
78246 383 
78249 44 
78250 167 
78252 153 
78252 148 
78253 225 
78253 57 
78255 772 
78256 186 
78258 647 
78261 48 
78263 664 
78263 151 
78264 329 
78266 228 
78266 705 
78267 23 
78271 208 
78273 98 
78274 224 
78275 495 
78276 51 
78276 84 
78276 278 
78278 76 
78279 419 
78279 101 
78280 205 
78282 507 
78283 89 
78287 91 
78291 785 
78292 95 
78293 111 
78293 373 
78294 37 
78294 451 
78294 235 
78295 139 
78295 106 
78296 48 
78299 505 
78302 64 
78302 230 
78303 180 
78304 280 
78305 230 
78309 224 
78312 113 
78315 129 
78315 241 
78318 23 
78319 475 
78322 33 
78322 119 
78326 120 
78326 66 
78329 215 
78329 770 
78331 85 
78332 221 
78335 101 
78339 59 
78343 50 
78345 487 
78346 76 
78351 43 
78352 178 
78353 323 
78354 215 
78354 48 
78410 156 
78414 215 
78419 153 
78419 119 
78419 34 
78420 98 
78421 106 
78422 370 
78426 397 
78431 231 
78432 224 
78434 213 
78434 65 
78436 81 
78436 205 
78436 145 
78437 289 
78437 118 
78439 144 
78440 125 
78445 259 
78446 506 
78447 194 
78447 139 
78447 129 
78448 143 
78451 113 
78451 87 
78454 248 
78455 134 
78455 63 
78459 53 
78459 77 
78464 77 
78466 44 
78470 56 
78470 140 
78471 94 
78473 276 
78473 159 
78474 150 
78480 108 
78483 221 
78487 148 
78489 258 
78490 266 
78490 156 
78493 106 
78497 87 
78499 308 
78504 289 
78504 117 
78506 64 
78507 55 
78509 13 
78509 104 
78519 148 
78520 48 
78521 346 
78521 208 
78524 142 
78524 113 
78527 79 
78530 384 
78530 365 
78544 103 
78547 590 
78551 195 
78555 169 
78555 183 
78557 35 
78622 194 
78628 465 
78634 41 
78641 78 
78642 92 
78642 95 
78652 309 
78652 378 
78653 76 
78653 139 
78655 17 
78662 424 
78666 67 
78671 155 
78674 160 
78677 536 
78681 850 
78684 103 
78684 724 
78698 547 
78698 254 
78706 108 
78710 268 
78713 89 
78714 383 
78715 500 
78722 330 
78723 214 
78723 245 
78728 70 
78799 28 
78799 69 
78804 50 
78816 199 
78822 64 
78828 236 
78830 460 
78832 73 
78838 400 
78845 90 
78846 474 
78854 112 
78874 412 
78902 97 
78986 40 
79000 167 
79002 1028 
79019 128 
79022 156 
79025 49 
79053 88 
79074 86 
79076 401 
79158 66 
79188 75 
79196 127 
79212 147 
79228 626 
79236 152 
79257 296 
79259 87 
79260 57 
79324 78 
79334 27 
79351 112 
79364 125 
79396 238 
79397 193 
79413 165 
79437 164 
79451 269 
79551 12 
79576 221 
79589 18 
79617 59 
79684 75 
79697 39 
79704 205 
79731 102 
79738 136 
79744 21 
79746 134 
79749 107 
79752 331 
79771 28 
79789 71 
79800 243 
79813 282 
79881 87 
79883 397 
79907 253 
79912 89 
79919 233 
79935 81 
79945 151 
79976 67 
79986 159 
79996 77 
79998 17 
80082 384 
80087 153 
80089 420 
80098 334 
80117 204 
80127 366 
80128 3 
80159 375 
80172 193 
80245 196 
80279 151 
80321 332 
80323 142 
80435 63 
80464 162 
80493 214 
80504 116 
80511 130 
80600 91 
80627 106 
80756 102 
80809 142 
80839 71 
80902 178 
80917 103 
80918 150 
80920 150 
80946 77 
80979 255 
80990 135 
80997 86 
81006 218 
81128 27 
81164 200 
81260 70 
81290 144 
81296 362 
81356 431 
81360 263 
81372 74 
81410 358 
81428 381 
81475 89 
81532 11 
81569 68 
81717 24 
81719 1419 
81744 162 
81785 25 
81798 67 
81802 151 
82044 131 
82139 144 
82218 163 
82284 100 
82382 27 
82440 384 
82472 77 
82494 620 
82751 200 
82756 144 
83018 628 
83058 182 
83151 197 
83185 332 
83231 87 
83334 142 
83363 26 
83670 52 
83698 165 
84115 163 
84133 16 
84177 53 
85172 183 
85269 121 
85270 336 
85646 709 
85670 529 
85709 225 
86052 102 
86514 33 
86856 172 
86922 115 
86968 10 
87060 350 
87173 214 
87393 250 
87448 103 
87468 161 
87646 523 
87657 311 
87693 1318 
87702 38 
87716 533 
87782 651 
87935 371 
88026 147 
88154 389 
88197 164 
88226 169 
88276 253 
88305 55 
88320 520 
88326 2156 
88749 224 
89136 100 
89143 195 
89242 105 
89727 239 
90226 163 
90254 49 
90409 18 
90760 66 
90878 47 
92027 60 
92055 497 
92327 419 
92333 109 
92399 256 
92660 81 
92989 98 
93113 52 
93163 68 
93465 146 
95137 135 
96990 16 
97186 78 
97497 143 
97677 37 
97903 130 
99032 241 
107141 28 
109367 318 
112462 197 
114484 107 
123983 120 
125785 181 
136329 54 
143143 40 
145021 329 
146440 70 
146525 573 
148879 151 
149243 125 
150183 136 
151210 69 
153036 157162 
153069 253 
153072 386 
153094 251 
153094 304 
153097 12 
153097 404 
153098 234 
153112 916 
153118 82 
153126 61 
153166 82 
153171 94 
153179 535 
153199 61 
153207 488 
153235 450 
153252 62 
153337 229 
153367 172 
153383 85 
153395 90 
153411 51 
153427 146 
153432 37 
153464 18 
153571 204 
153601 43 
153642 87 
153643 33 
153665 167 
153685 101 
153707 99 
153770 33 
153797 42 
153812 72 
153817 26 
153827 37 
153834 42 
153880 329 
154121 239 
154550 21 
154678 74 
154688 177 
154713 164 
154841 59 
154997 54 
155379 575 
155433 124 
155981 110 
156085 158 
156634 188 
156651 16 
157110 152 
157485 189 
159235 21 
159883 19 
160543 225 
161357 489 
161879 216 
164133 340508 
164151 155 
164205 162 
164205 118 
164205 24 
164205 160 
164207 334 
164213 392 
164214 41 
164216 203 
164217 118 
164224 210 
164224 64 
164225 126 
164231 187 
164232 144 
164232 122 
164236 134 
164236 75 
164238 142 
164238 255 
164241 142 
164242 78 
164243 74 
164249 364 
164250 159 
164250 99 
164252 85 
164253 360 
164254 142 
164256 99 
164258 183 
164263 127 
164264 101 
164266 188 
164268 157 
164271 71 
164272 256 
164273 64 
164275 974 
164275 309 
164277 210 
164277 100 
164278 60 
164280 328 
164283 246 
164283 245 
164287 200 
164288 148 
164289 52 
164290 377 
164292 148 
164294 238 
164297 77 
164299 135 
164299 62 
164300 393 
164300 218 
164300 7 
164302 59 
164302 46 
164303 127 
164307 257 
164308 88 
164310 141 
164311 58 
164313 207 
164376 80 
164378 596 
164381 230 
164388 74 
164390 494 
164391 163 
164397 59 
164399 143 
164401 52 
164408 273 
164408 105 
164411 134 
164424 223 
164427 44 
164428 237 
164431 76 
164441 258 
164446 71 
164447 37 
164454 177 
164455 327 
164457 124 
164457 109 
164459 137 
164461 83 
164461 177 
164468 44 
164468 230 
164475 255 
164475 265 
164477 116 
164477 460 
164477 34 
164478 35 
164478 230 
164480 165 
164481 12 
164483 287 
164485 343 
164488 47 
164495 230 
164495 62 
164499 85 
164503 181 
164504 28 
164506 69 
164508 47 
164509 344 
164510 15 
164515 344 
164519 123 
164526 81 
164529 135 
164531 522 
164624 423 
164634 255 
164637 113 
164650 130 
164665 262 
164692 93 
164701 273 
164734 485 
164758 15 
164760 435 
164761 143 
164762 138 
164834 1285 
164837 440 
164851 271 
164868 92 
164909 946 
164926 267 
164928 442 
164940 133 
164949 208 
165154 523 
165161 163 
165166 122 
165212 193 
165229 252 
165321 345 
165372 192 
165403 231 
165417 263 
165424 62 
165433 109 
165437 280 
165443 66 
165452 20 
165510 138 
165519 134 
165525 147 
165527 678 
165539 515 
165555 68 
165561 169 
165565 119 
165595 690 
165603 935 
165639 167 
165639 446 
165644 43 
165650 109 
165655 495 
165775 332 
165787 70 
165807 141 
165810 49 
165821 334 
165838 386 
165844 126 
165846 116 
165861 92 
165992 552 
166156 72 
166190 494 
166204 81 
166231 442 
166244 57 
166252 188 
166283 165 
166287 279 
166291 518 
166305 137 
166418 131 
166421 86 
166425 350 
166445 30 
166453 179 
166458 230 
166532 239 
166606 67 
166747 38 
166758 39 
166767 28 
166940 73 
166959 52 
167060 48 
167068 123 
167566 82 
168249 390 
168339 112 
168509 34 
168553 444 
168703 128 
168811 240 
168904 96 
168915 71 
168941 73 
169038 281 
169205 62 
169728 56 
171085 8 
171811 256 
171936 631 
172282 460 
172488 68 
173101 73 
173756 556 
174066 124 
174462 48 
174634 225 
175121 108 
175146 283 
176237 70 
176868 112 
181747 204 
182110 77 
185829 64 
186567 163 
214558 321 
231929 153 
232595 39 
232871 80 
237273 116 
238058 134 
238599 207 
240083 143 
240191 203 
240731 114 
241142 105 
241797 437153 
241822 249 
241824 108 
241830 290 
241830 80 
241840 175 
241841 46 
241843 228 
241844 440 
241845 14 
241848 26 
241849 567 
241849 384 
241850 348 
241856 236 
241862 362 
241870 59 
241870 559 
241871 76 
241875 130 
241878 131 
241879 189 
241881 413 
241884 72 
241889 78 
241893 252 
241895 565 
241895 134 
241901 117 
241902 273 
241904 124 
241907 47 
241908 220 
241917 192 
241917 343 
241919 160 
241942 105 
241948 125 
241948 18 
241949 235 
241959 90 
241960 74 
241964 44 
241966 247 
241968 239 
241970 119 
241981 170 
241984 490 
241987 216 
241987 66 
241987 47 
241993 124 
241996 54 
242001 50 
242002 139 
242002 306 
242010 136 
242010 22 
242021 83 
242026 149 
242031 92 
242033 440 
242034 265 
242039 8 
242040 386 
242041 149 
242047 117 
242055 163 
242056 257 
242056 60 
242060 71 
242080 241 
242086 160 
242088 258 
242094 709 
242099 81 
242100 310 
242100 308 
242105 132 
242105 16 
242113 84 
242122 246 
242124 260 
242129 115 
242132 129 
242133 36 
242133 599 
242142 179 
242146 605 
242147 1127 
242147 32 
242149 213 
242153 311 
242158 39 
242175 173 
242180 93 
242193 65 
242202 201 
242203 189 
242214 206 
242223 149 
242236 140 
242245 809 
242251 256 
242253 66 
242256 21 
242259 118 
242264 30 
242273 61 
242274 240 
242274 87 
242282 58 
242291 192 
242299 36 
242305 324 
242306 93 
242316 202 
242331 567 
242332 97 
242334 78 
242354 123 
242362 184 
242363 322 
242366 135 
242385 275 
242385 460 
242390 33 
242399 85 
242400 79 
242410 332 
242415 132 
242418 266 
242435 98 
242439 112 
242461 58 
242471 86 
242471 69 
242492 50 
242496 24 
242506 55 
242509 256 
242523 150 
242536 235 
242552 126 
242555 51 
242569 118 
242570 120 
242577 56 
242585 19 
242595 31 
242621 49 
242622 148 
242637 28 
242677 212 
242679 50 
242687 29 
242688 104 
242724 34 
242737 198 
242744 128 
242748 1048 
242749 17 
242779 730 
242789 215 
242789 123 
242791 80 
242791 13 
242807 323 
242840 200 
242856 133 
242857 31 
242871 153 
242889 155 
242892 42 
242913 409 
242927 177 
242938 12 
242939 148 
242973 158 
242983 29 
242998 164 
243003 319 
243011 64 
243017 58 
243018 93 
243042 76 
243087 96 
243091 274 
243101 78 
243116 188 
243123 42 
243125 235 
243132 41 
243189 42 
243206 47 
243210 174 
243244 93 
243258 255 
243292 24 
243299 75 
243316 32 
243317 408 
243323 44 
243358 157 
243394 133 
243444 24 
243477 105 
243486 58 
243515 20 
243555 32 
243591 161 
243594 200 
243605 109 
243626 222 
243639 83 
243644 78 
243664 82 
243678 54 
243738 38 
243777 99 
243784 250 
243849 184 
243861 39 
243893 44 
243902 92 
243923 1306 
243979 278 
243987 55 
244008 197 
244018 619 
244089 7 
244096 103 
244100 97 
244131 141 
244135 55 
244139 104 
244176 220 
244221 49 
244224 104 
244244 303 
244266 62 
244308 66 
244322 239 
244323 80 
244323 54 
244325 182 
244344 58 
244345 62 
244358 195 
244361 165 
244362 335 
244375 83 
244382 161 
244389 316 
244393 44 
244461 346 
244505 19 
244506 55 
244539 129 
244547 68 
244597 455 
244602 97 
244610 95 
244731 8 
244792 135 
244924 84 
245181 41 
245182 92 
245236 57 
245631 11 
246004 21 
246164 111 
246574 264 
246943 72 
246984 64 
247048 68 
247050 136 
247071 1117 
247491 87 
247826 72 
247848 27 
248227 23 
248385 94 
248422 36 
248433 16 
248725 265 
248855 155 
249084 124 
249147 272 
249154 126 
249241 1197 
249303 174 
249364 312 
249581 12 
249743 53 
249833 23 
249843 88 
249948 64 
250299 140 
250328 104 
250736 71 
250973 135 
251143 124 
251245 52 
251433 97 
251525 120 
252028 45 
252230 93 
252538 100 
253063 225 
253177 93 
253183 96 
253342 126 
253431 154 
253492 186 
253741 173 
253846 157 
254030 371 
254277 386500 
254299 38 
254301 55 
254301 287 
254307 66 
254308 350 
254311 263 
254313 124 
254314 161 
254314 802 
254314 382 
254317 882 
254318 909 
254320 346 
254321 31 
254325 55 
254326 62 
254327 1883 
254329 123 
254335 533 
254337 151 
254337 187 
254342 58 
254402 102 
254405 35 
254408 908 
254409 44 
254409 370 
254409 255 
254410 875 
254412 859 
254415 131 
254420 23 
254420 221 
254420 136 
254432 487 
254435 143 
254439 289 
254442 311 
254451 222 
254451 152 
254452 74 
254453 136 
254456 434 
254458 52 
254460 203 
254463 1175 
254465 27 
254466 507 
254471 569 
254474 62 
254478 57 
254484 258 
254487 77 
254495 310 
254496 210 
254497 294 
254498 322 
254500 25 
254504 54 
254505 105 
254522 117 
254523 45 
254530 111 
254539 76 
254573 146 
254575 176 
254579 40 
254583 63 
254596 83 
254603 83 
254610 470 
254612 674 
254613 109 
254614 77 
254619 664 
254621 131 
254624 144 
254630 163 
254640 46 
254643 70 
254644 75 
254662 198 
254669 421 
254670 26 
254694 207 
254724 126 
254755 74 
254762 106 
254764 145 
254771 150 
254778 183 
254841 108 
254844 322 
254848 49 
254849 180 
254857 274 
254864 14 
254870 38 
254881 819 
254885 14 
254897 182 
254899 123 
254904 157 
254909 285 
254910 48 
254928 76 
254937 257 
254945 190 
254972 517 
254997 101 
255019 100 
255026 129 
255043 968 
255050 439 
255056 172 
255114 1528 
255134 276 
255139 542 
255156 1180 
255170 77 
255174 245 
255184 61 
255185 108 
255186 128 
255212 182 
255319 49 
255331 266 
255389 50 
255402 28 
255430 181 
255442 244 
255465 131 
255488 177 
255508 202 
255516 409 
255544 84 
255691 314 
255718 777 
255765 147 
255801 1006 
255835 176 
255853 222 
255876 76 
255889 939 
255904 402 
255919 113 
255921 67 
255947 34 
255951 1139 
255977 216 
256037 363 
256039 111 
256043 242 
256055 198 
256058 301 
256100 127 
256112 219 
256193 257 
256241 286 
256269 291 
256675 212 
256707 123 
256732 99 
256837 84 
256980 104 
257156 477 
257196 81 
257416 266 
257490 118 
257771 22 
257944 31 
258234 56 
258673 337 
258945 188 
259150 346 
259274 298 
259401 429 
259422 282 
259446 266 
259519 181 
259535 109 
259916 75 
260085 56 
261254 14 
261773 43 
262370 149 
262390 107 
262941 259 
263000 1876 
263084 371 
263091 440 
263178 154 
263180 533 
263214 7 
263365 155 
265949 90 
266794 139 
266824 93 
267380 22 
267669 287 
271207 131 
272213 328 
272325 74 
273631 59 
274195 37 
280550 1229 
295385 244 
295656 360 
299172 217 
307013 80 
307154 148 
308074 84 
309392 188 
313437 529 
321145 76 
323215 1125 
326452 22 
327241 284 
328079 660 
333173 54 
333179 118 
333350 534 
335560 79 
335603 35 
336922 422725 
336942 565 
336943 583 
336945 168 
336946 57 
336947 150 
336947 1471 
336948 535 
336948 369 
336948 774 
336949 181 
336949 1064 
336952 614 
336954 55 
336957 423 
336958 53 
336958 189 
336958 237 
336959 79 
336960 78 
336962 134 
336963 84 
336965 116 
336966 751 
336970 250 
336971 140 
336973 84 
336975 185 
336979 33 
336980 1088 
336983 77 
336986 187 
336992 221 
336994 304 
336997 77 
336997 124 
336998 436 
336999 136 
337001 3457 
337001 1367 
337005 34 
337011 254 
337015 172 
337023 87 
337023 224 
337024 135 
337027 227 
337029 73 
337030 33 
337033 585 
337035 220 
337039 262 
337047 193 
337052 36 
337063 724 
337071 2989 
337071 212 
337072 250 
337079 91 
337083 178 
337087 222 
337098 263 
337101 495 
337102 107 
337116 133 
337117 11 
337123 179 
337124 184 
337125 186 
337125 173 
337125 165 
337129 53 
337132 256 
337132 88 
337138 22 
337143 217 
337152 151 
337165 223 
337165 128 
337166 46 
337178 134 
337180 48 
337191 122 
337203 75 
337210 1279 
337212 129 
337220 124 
337229 66 
337229 32 
337230 93 
337237 238 
337246 134 
337265 655 
337273 77 
337275 107 
337284 1207 
337288 23 
337290 32 
337298 454 
337304 45 
337308 110 
337330 5 
337331 122 
337332 58 
337345 44 
337349 104 
337355 63 
337363 80 
337364 155 
337383 91 
337387 55 
337389 84 
337391 258 
337405 54 
337416 901 
337417 211 
337419 174 
337422 268 
337426 127 
337426 51 
337443 195 
337466 262 
337493 24 
337495 116 
337495 116 
337498 58 
337501 82 
337502 58 
337521 17 
337522 96 
337523 24 
337525 98 
337536 16 
337554 290 
337563 1703 
337600 59 
337603 110 
337618 136 
337621 28 
337635 175 
337641 354 
337648 523 
337681 53 
337705 407 
337706 46 
337713 20 
337719 121 
337721 49 
337742 166 
337746 80 
337751 35 
337759 266 
337761 47 
337772 92 
337777 157 
337789 94 
337798 31 
337820 236 
337856 112 
337857 54 
337875 52 
337921 69 
337922 59 
337923 158 
337923 29 
337925 24 
337930 529 
337934 222 
337943 228 
337964 81 
337974 208 
337988 54 
338000 40 
338021 9 
338037 82 
338040 160 
338053 107 
338063 205 
338067 59 
338079 59 
338127 71 
338210 79 
338212 259 
338215 83 
338268 455 
338283 117 
338291 58 
338354 153 
338370 426 
338379 89 
338448 10 
338457 144 
338468 377 
338486 192 
338533 120 
338557 533 
338575 42 
338720 288 
338881 16 
339011 107 
339133 131 
339199 230 
339250 133 
339265 29 
339456 213 
339485 157 
339837 70 
339952 518 
339990 281 
340003 219 
340032 455 
340104 41 
340207 78 
340374 30 
340502 109 
340617 89 
340891 96 
341225 140 
341304 54 
341326 44 
341676 105 
341736 36 
342487 63 
342522 113 
342554 24 
342560 122 
342727 56 
342904 6 
343138 491 
343146 75 
344774 29 
344875 461 
345232 136 
345532 14 
345769 127 
346013 134 
349843 232 
351137 66 
352827 72 
353183 23 
357152 526 
362515 74 
382585 328 
385867 62 
389428 16 
391450 91 
395580 24 
396211 67 
396211 67 
397427 379 
398166 98 
398577 315 
399004 241 
399061 398 
405307 75 
410508 35 
412099 28 
413064 70 
413763 137 
414075 197308 
414094 122 
414102 158 
414105 352 
414110 112 
414118 87 
414119 190 
414126 235 
414128 106 
414136 143 
414137 77 
414145 127 
414152 634 
414163 51 
414165 207 
414186 535 
414187 187 
414200 44 
414206 232 
414220 74 
414225 91 
414243 116 
414244 117 
414246 310 
414269 99 
414271 141 
414281 85 
414286 145 
414286 49 
414312 779 
414317 98 
414338 67 
414400 657 
414407 577 
414411 623 
414440 509 
414446 181 
414448 131 
414449 106 
414459 183 
414459 356 
414463 189 
414496 571 
414505 694 
414514 527 
414525 33 
414533 205 
414548 193 
414569 195 
414574 295 
414630 319 
414655 250 
414674 337 
414696 958 
414702 166 
414854 29 
414963 171 
414990 75 
415022 474 
415069 132 
415144 888 
415144 888 
415191 83 
415207 106 
415240 54 
415309 239 
415644 141 
415773 55 
415847 144 
415869 18 
416002 361 
416043 496 
416081 1402 
416120 260 
416275 838 
416749 159 
416853 43 
416988 488 
417634 73 
418248 24 
418648 386 
422462 92 
423433 27 
430258 39 
430305 253 
433452 44 
433663 208 
437101 22 
438915 722 
444195 358 
448196 230 
477878 17 
486086 77 
489096 741 
489253 99 
491535 68 
493706 77 
494943 32 
580188 138 
