3349 14.4241203704
0 1568503 
8 1304 
11 40 
12 56 
17 126 
20 232 
27 201 
29 286 
29 109 
31 23 
32 100 
32 257 
33 21 
34 74 
36 67 
36 107 
41 1968 
41 158 
42 138 
42 196 
43 34 
43 384 
44 27 
44 69 
44 24 
45 65 
45 689 
46 333 
46 105 
47 28 
50 350 
51 10 
52 21 
52 269 
52 95 
54 1504 
54 52 
55 60 
56 852 
57 27 
57 178 
57 118 
58 462 
59 20 
61 450 
64 58 
65 1114 
65 121 
65 26 
66 196 
67 26 
68 2665 
68 13 
68 66 
69 121 
69 69 
70 127 
70 3330 
72 106 
74 56 
75 118 
76 265 
76 26 
77 159 
78 104 
79 9 
79 219 
79 1787 
79 469 
80 143 
81 69 
81 174 
81 296 
81 9 
83 199 
83 257 
83 199 
84 13 
85 50 
86 87 
87 193 
87 35 
88 96 
92 36 
92 56 
94 31 
94 142 
94 140 
96 127 
96 24 
98 79 
98 51 
98 7 
100 523 
100 1853 
100 33 
100 22 
100 7 
101 19 
101 14 
101 100 
102 115 
104 34 
104 2682 
104 105 
107 25 
107 53 
107 22 
108 41 
109 19 
109 93 
111 165 
112 281 
112 59 
113 61 
113 330 
114 60 
114 21 
114 79 
114 42 
115 15 
115 59 
115 247 
116 38 
116 49 
116 34 
117 99 
118 22 
118 323 
118 147 
120 115 
120 1453 
120 274 
120 245 
121 218 
121 67 
121 161 
128 7 
129 541 
129 64 
130 301 
130 1218 
131 25 
132 40 
133 19 
133 141 
134 16 
136 110 
136 125 
136 22 
137 301 
139 242 
140 8 
140 895 
140 264 
141 3 
143 19 
144 19 
146 53 
146 72 
147 4 
148 53 
151 194 
151 36 
151 487 
152 206 
153 266 
154 109 
155 22 
156 80 
156 64 
157 67 
157 51 
160 318 
162 70 
164 63 
164 40 
165 26 
167 130 
167 17 
169 191 
172 110 
172 130 
173 144 
173 149 
173 38 
175 6 
175 12 
175 36 
175 102 
177 200 
177 39 
178 907 
179 515 
180 29 
180 35 
181 14 
184 64 
186 207 
186 67 
187 622 
188 93 
189 14 
190 72 
192 592 
192 37 
194 292 
195 113 
197 395 
198 25 
201 14 
202 481 
203 59 
203 107 
204 18 
205 218 
206 53 
207 100 
207 13 
207 58 
207 312 
208 53 
208 110 
209 19 
211 25 
212 22 
213 4 
213 67 
214 109 
214 14 
215 61 
216 104 
218 117 
219 729 
222 466 
223 217 
224 23 
228 91 
229 45 
231 15 
232 557 
232 14 
233 59 
235 191 
235 13 
237 38 
238 83 
238 59 
240 46 
241 12 
241 34 
243 75 
244 43 
245 25 
245 41 
248 79 
249 2598 
250 108 
250 9 
251 109 
257 80 
257 129 
259 43 
261 44 
262 61 
263 32 
263 90 
263 101 
264 339 
264 93 
267 80 
269 160 
273 59 
275 325 
277 472 
278 50 
278 129 
280 204 
280 438 
281 128 
281 187 
282 708 
286 201 
287 32 
288 57 
289 50 
289 50 
291 21 
291 431 
291 431 
291 21 
292 74 
292 74 
294 40 
294 40 
295 50 
295 224 
295 224 
295 50 
296 59 
296 25 
296 25 
296 59 
298 11 
298 198 
298 198 
298 11 
299 20 
299 20 
302 12 
302 12 
303 88 
303 88 
305 43 
305 434 
305 434 
305 43 
306 33 
306 35 
306 35 
306 33 
307 41 
307 41 
308 22 
308 36 
308 36 
308 22 
310 120 
310 120 
311 21 
311 263 
311 46 
311 46 
311 263 
311 21 
313 32 
313 32 
315 46 
315 46 
316 318 
316 318 
317 164 
317 56 
317 164 
317 56 
318 434 
318 6 
318 6 
318 434 
320 102 
320 102 
321 21 
321 21 
323 10 
323 10 
326 111 
326 111 
328 15 
328 15 
329 28 
329 28 
331 15983 
331 15983 
333 39 
333 39 
338 17 
338 15 
338 17 
338 15 
339 79 
339 79 
340 77 
340 239 
340 77 
340 239 
343 175 
343 53 
343 175 
343 53 
344 69 
344 484 
344 69 
344 484 
345 6 
345 6 
348 1885 
348 57 
348 1885 
348 57 
351 53 
351 53 
354 224 
354 224 
355 956 
355 956 
356 61 
356 211 
356 61 
356 211 
359 54 
359 25 
359 54 
359 25 
360 132 
360 132 
361 50 
361 291 
361 50 
361 291 
363 68 
363 68 
364 50 
364 50 
365 66 
365 66 
366 76 
366 76 
367 62 
367 62 
369 54 
370 7 
370 7 
371 28 
371 0 
371 0 
371 28 
373 2980 
373 2980 
374 141 
374 141 
376 194 
376 194 
378 237 
379 35 
379 65 
380 160 
380 205 
382 75 
383 27 
385 123 
385 123 
385 119 
386 21 
389 87 
391 139 
391 13 
393 50 
395 364 
397 205 
398 528 
402 298 
405 274 
405 561 
406 28 
406 17 
407 222 
407 49 
408 21 
409 155 
409 4 
410 30 
411 413 
412 37 
415 51 
419 705 
423 16 
424 25 
427 34 
429 142 
430 22 
431 86 
432 57 
432 101 
434 64 
437 91 
438 414 
441 22 
443 738 
445 14 
445 15 
446 83 
446 67 
449 201 
450 25 
454 7 
457 662 
459 66 
460 32 
460 101 
461 20 
461 158 
462 86 
474 34 
477 25 
479 424 
480 415 
482 39 
482 1049 
483 58 
485 142 
487 55 
488 259 
489 14 
489 23 
489 849 
490 49 
491 237 
491 29 
492 11 
493 75 
493 404 
496 207 
497 59 
497 66 
498 21 
500 77 
501 32 
505 36 
505 90 
510 914 
513 17 
513 45 
517 38 
517 58 
518 53 
520 193 
520 148 
522 309 
523 3 
531 25 
535 10 
535 259 
536 26 
538 34 
541 84 
541 160 
543 397052 
544 433 
544 98 
546 1971 
547 292030 
552 30 
557 169 
557 78 
558 47 
558 73 
558 135 
558 1703 
559 103 
559 267 
561 49 
563 416 
566 133 
568 402 
569 23 
576 151 
577 51 
578 18 
585 188 
586 45 
587 246 
587 22 
587 15 
587 244 
588 385 
588 89 
588 367 
588 259 
589 3 
591 162 
593 72 
594 37 
596 47 
596 16 
597 10 
597 39 
599 25 
605 94 
605 36 
612 25 
612 85 
615 94 
620 4 
625 5 
627 25 
630 19 
633 66 
634 48 
635 6 
637 110 
640 61 
645 112 
645 2 
649 4 
650 21 
650 49 
651 110 
654 38 
655 81 
656 24 
658 82 
659 164 
661 15 
664 34 
664 215 
667 75 
667 28 
669 942 
671 78 
671 48 
672 152 
673 8 
673 28 
675 133 
676 89 
676 104 
676 35 
677 28 
678 84 
679 15 
680 55 
681 137 
681 4 
681 267 
682 45 
687 167 
693 502 
698 180 
698 59 
698 24 
700 55 
701 186 
702 955 
703 44 
704 197 
706 43 
710 6 
715 239516 
716 57 
717 537 
718 160 
719 21 
720 2 
722 19 
726 125 
728 167 
728 125 
734 103 
735 441 
736 54 
737 57 
737 28 
737 13 
738 207 
739 480 
741 365 
745 14 
749 62 
750 106 
751 235 
753 201 
754 77 
754 89 
758 37 
760 526 
761 237 
762 64 
763 185 
763 97 
763 126 
766 23 
766 92 
768 31 
768 2637 
769 55 
769 28 
771 42 
776 229 
777 17 
778 288 
779 51 
779 242 
782 78 
782 119 
783 124 
783 307 
784 57 
787 12 
787 84 
789 106 
791 22 
792 26 
795 71 
797 22 
797 7 
800 18 
802 28 
802 100 
806 189 
806 78 
808 6 
808 34 
809 139 
810 872 
810 1180 
812 6 
812 7 
812 775 
813 44 
813 21 
814 27 
814 107 
815 36 
817 26 
818 27 
818 64 
818 189 
819 23 
820 1337 
823 101 
826 16 
827 572 
831 124 
832 17 
832 137 
834 163 
836 36 
837 46 
837 153 
839 140 
841 17 
842 31 
842 44 
843 4 
843 76 
845 71 
847 22 
849 17 
849 283 
852 166 
853 8 
856 41 
857 17 
857 40 
857 495 
858 163 
860 24 
861 127 
861 25 
862 32 
865 529 
866 102 
866 191 
866 129 
868 432 
869 94 
869 5 
870 11 
871 13 
874 192 
875 4 
875 31 
876 128 
878 11 
879 70 
879 62 
880 261 
882 432 
882 5 
883 12 
886 57 
889 21 
897 152 
898 5 
904 31 
904 15 
904 17 
907 229 
908 57 
908 71 
912 49 
916 80 
917 90 
918 286 
919 28 
920 70 
926 71 
927 203 
934 80 
937 288 
938 801 
941 10 
943 12 
943 49 
947 29 
955 12 
956 23 
960 12 
961 25 
972 25 
973 70 
973 85 
974 6 
978 160 
981 78 
981 20 
982 87 
983 39 
986 63 
987 47 
989 20 
990 60 
990 161 
992 64 
992 71 
992 61 
994 106 
994 2 
998 42 
999 120 
1002 34 
1006 25 
1012 101 
1016 25 
1021 127 
1021 28 
1022 39 
1026 29 
1027 393 
1029 164 
1032 135 
1032 13 
1033 108 
1037 27 
1043 283 
1047 44 
1051 7 
1052 20 
1056 63 
1057 67 
1059 65 
1059 57 
1067 153 
1069 43 
1069 35 
1069 51 
1070 105 
1072 184 
1073 34 
1075 22 
1079 100 
1081 93 
1082 135 
1082 31 
1093 26 
1094 72 
1098 400 
1100 331 
1100 41 
1101 25 
1105 94 
1112 28 
1112 264 
1113 24 
1115 1141 
1117 32 
1122 123 
1122 92 
1124 187 
1127 85 
1130 87 
1130 23 
1132 55 
1135 400 
1137 174 
1141 62 
1144 20 
1144 419 
1146 13 
1147 122 
1149 24 
1153 832 
1159 1570 
1159 44 
1160 45 
1170 23 
1170 31 
1170 179 
1175 13 
1177 8 
1182 187 
1183 11 
1184 19 
1201 3 
1215 106 
1218 66 
1220 29 
1225 25 
1227 6 
1228 11 
1234 23 
1236 96 
1237 44 
1238 118 
1238 42 
1243 36 
1244 83 
1248 27 
1249 47 
1250 29 
1251 11 
1252 70 
1253 22 
1254 159 
1257 49 
1260 727 
1263 44 
1263 268 
1264 120 
1266 69 
1270 9 
1270 168 
1271 18 
1273 61 
1273 104 
1274 70 
1277 17 
1278 4 
1281 3 
1282 74 
1284 85 
1289 137 
1291 0 
1292 52 
1294 43 
1303 21 
1303 821 
1308 165 
1313 4 
1316 47 
1317 86 
1319 42 
1320 22 
1324 51 
1337 25 
1337 22 
1338 60 
1339 83 
1343 150 
1346 54 
1347 73 
1347 22 
1353 17 
1360 28 
1362 118 
1366 52 
1367 46 
1373 31 
1377 285 
1383 17 
1392 155 
1393 246 
1395 46 
1396 107 
1398 72 
1399 41 
1401 267 
1405 46 
1405 113 
1407 105 
1409 37 
1409 12 
1410 160 
1414 33 
1417 165 
1421 14 
1423 68 
1426 77 
1427 100 
1427 28 
1429 82 
1430 59 
1436 73 
1437 148 
1443 23 
1443 94 
1444 35 
1446 16 
1449 170 
1449 7 
1451 52 
1452 59 
1456 177 
1459 37 
1459 38 
1463 386 
1467 54 
1468 111 
1468 78 
1476 122 
1477 40 
1480 78 
1482 484 
1486 90 
1490 34 
1490 165 
1491 11 
1491 17 
1492 19 
1498 8 
1500 24 
1501 335 
1505 29 
1510 59 
1511 202 
1525 230 
1526 19 
1529 41 
1536 2197 
1538 23 
1541 37 
1542 58 
1549 2690 
1559 7 
1559 120 
1560 74 
1561 16 
1565 2 
1568 15 
1572 136 
1574 13 
1575 5 
1576 109 
1583 58 
1589 23 
1591 27 
1591 58 
1595 123 
1595 6 
1603 43 
1607 16 
1613 197 
1613 1102 
1615 77 
1616 16 
1619 50 
1620 533 
1623 12 
1628 12 
1630 145 
1645 43 
1650 49 
1652 41 
1662 470 
1669 102 
1673 9 
1674 44 
1675 226 
1675 17 
1681 74 
1682 0 
1684 65 
1685 22 
1686 14 
1687 77 
1688 131 
1690 139 
1699 74 
1699 31 
1704 41 
1710 238 
1713 184 
1713 89 
1715 65 
1722 35 
1724 58 
1725 84 
1725 32 
1729 39 
1734 37 
1736 106 
1736 326 
1738 92 
1739 41 
1740 41 
1749 124 
1755 101 
1755 99 
1756 12 
1758 751 
1769 246 
1769 72 
1770 87 
1775 85 
1778 326 
1779 283 
1779 64 
1779 478 
1780 84 
1783 11 
1784 58 
1788 399 
1788 159 
1791 21 
1795 33 
1796 40 
1801 15 
1801 147 
1804 4 
1808 214 
1810 372 
1813 75 
1815 519 
1815 7 
1816 459 
1819 33 
1821 272 
1828 22 
1834 32 
1834 11 
1834 131 
1835 26 
1837 26 
1839 26 
1842 30 
1852 58 
1852 1376 
1855 89 
1863 400 
1867 35 
1868 61 
1872 54 
1873 93 
1878 19 
1878 2 
1879 118 
1888 310 
1888 171 
1888 187 
1900 46 
1906 63 
1909 205 
1910 100 
1911 77 
1911 16 
1912 161 
1914 35 
1915 57 
1918 46 
1919 142 
1926 89 
1933 19 
1942 771 
1946 147 
1951 59 
1954 5 
1957 106 
1961 322 
1963 128 
1972 21 
1973 53 
1975 19 
1978 238 
1984 147 
1993 108 
1994 79 
2000 33 
2007 108 
2013 37 
2016 25 
2017 4 
2018 37 
2018 12 
2026 81 
2027 6 
2034 10 
2039 37 
2051 21 
2058 33 
2061 44 
2066 1546 
2067 126 
2070 32 
2072 62 
2075 24 
2079 260 
2081 16 
2084 21 
2089 42 
2090 8 
2091 184 
2092 40 
2095 67 
2097 204 
2105 105 
2114 71 
2118 15 
2119 174 
2119 78 
2125 64 
2128 1 
2130 22 
2131 52 
2131 526 
2135 59 
2137 95 
2137 64 
2151 65 
2153 118 
2153 4 
2159 89 
2162 28 
2162 47 
2172 74 
2177 339 
2178 86 
2179 87 
2187 234 
2190 39 
2203 81 
2209 36 
2209 115 
2210 5 
2212 84 
2215 16 
2221 6581 
2225 407 
2228 210 
2228 67 
2249 35 
2252 20 
2253 23 
2255 23 
2258 548 
2265 69 
2265 27 
2283 29 
2293 40 
2300 394 
2302 339 
2303 32 
2303 139 
2303 41 
2305 230 
2315 0 
2318 103 
2319 87 
2324 13 
2335 13 
2339 58 
2344 17 
2346 120 
2350 47 
2351 80 
2353 36 
2361 30 
2368 223 
2370 15 
2371 19 
2376 51 
2381 206 
2385 26 
2388 8 
2388 34 
2388 110 
2390 21 
2391 81 
2391 138 
2392 8 
2396 82 
2402 94 
2402 182 
2406 24 
2409 51 
2412 4 
2414 29 
2421 56 
2422 48 
2425 38 
2427 1983 
2429 0 
2429 406 
2431 6 
2434 562 
2439 25 
2449 226 
2463 37 
2471 198 
2477 41 
2480 131 
2490 44 
2490 143 
2494 7 
2504 8 
2509 23 
2511 67 
2514 330 
2519 17 
2527 6 
2528 79 
2530 104 
2531 56 
2532 16 
2533 368 
2539 32 
2546 30 
2553 47 
2562 153 
2563 84 
2563 2 
2563 109 
2567 175 
2570 53 
2571 52 
2579 28 
2580 45 
2583 136 
2590 10 
2593 65 
2595 15 
2599 32 
2605 304 
2608 356 
2614 34 
2614 77 
2616 11 
2619 8 
2626 23 
2626 79 
2646 188 
2661 68 
2664 13 
2669 59 
2669 7 
2671 24 
2676 885 
2677 11 
2677 66 
2678 16 
2681 40 
2684 80 
2688 112 
2689 35 
2690 158 
2690 138 
2690 11 
2728 29 
2729 29 
2729 125 
2730 224 
2731 2 
2739 94 
2744 100 
2744 51 
2746 9 
2751 133 
2752 62 
2753 11 
2753 20 
2755 21 
2772 94 
2773 60 
2781 4 
2783 12 
2784 150 
2788 69 
2791 121 
2791 20 
2796 88 
2797 69 
2798 91 
2804 21 
2806 153 
2809 8 
2809 10 
2811 190 
2814 285 
2829 366 
2833 21 
2834 219 
2834 122 
2844 38 
2847 11 
2847 34 
2851 238 
2872 54 
2873 49 
2879 42 
2908 69 
2916 4 
2937 46 
2937 38 
2938 149 
2942 23 
2948 249 
2964 43 
2973 5 
2974 84 
2974 1 
2981 18 
2983 64 
2985 191 
2989 90 
2991 6 
2992 2 
2996 379 
3003 21 
3015 305 
3037 0 
3037 29 
3038 130 
3041 88 
3044 20 
3056 30 
3064 134 
3064 44 
3069 166 
3080 56 
3080 46 
3080 8 
3082 2 
3088 11 
3090 15 
3091 381 
3091 61 
3097 11 
3100 577 
3101 5 
3104 122 
3106 95 
3107 100 
3108 17 
3114 67 
3130 35 
3138 14 
3148 20 
3153 40 
3155 31 
3158 20 
3165 72 
3165 60 
3168 45 
3175 25 
3180 551 
3185 32 
3197 408 
3198 6 
3198 96 
3201 29 
3218 7 
3223 455 
3224 24 
3232 6 
3237 27 
3239 30 
3241 28 
3245 188 
3246 30 
3248 24 
3249 12 
3255 309 
3255 5 
3275 24 
3289 195 
3296 40 
3304 8 
3312 41 
3318 630 
3318 29 
3322 10 
3323 379 
3332 101 
3337 243 
3344 15 
3351 56 
3356 68 
3357 117 
3366 14 
3366 136 
3370 78 
3378 26 
3386 378 
3390 16 
3395 79 
3396 113 
3400 222 
3404 44 
3404 6 
3408 32 
3412 156 
3416 269 
3418 91 
3420 41 
3422 16 
3424 205 
3433 56 
3437 67 
3441 42 
3445 120 
3447 33 
3460 39 
3464 52 
3474 74 
3476 20 
3477 172 
3477 143 
3483 15 
3485 85 
3497 17 
3499 91 
3507 147 
3507 45 
3508 27 
3509 12 
3510 77 
3517 33 
3518 170 
3524 297 
3533 106 
3536 101 
3538 59 
3542 104 
3543 190 
3555 48 
3560 155 
3561 65 
3563 465 
3565 27 
3566 77 
3574 34 
3575 22 
3594 264 
3594 409 
3598 4 
3598 9 
3605 98 
3608 140 
3619 10 
3626 15 
3629 19 
3633 13 
3637 80 
3639 42 
3646 40 
3647 3 
3654 1152 
3656 7 
3660 9 
3664 9747 
3673 88 
3682 24 
3694 127 
3695 187 
3697 91 
3699 172 
3699 22 
3703 250 
3707 20 
3714 62 
3718 55 
3719 35 
3721 65 
3730 93 
3734 90 
3739 22 
3745 112 
3745 26 
3751 217 
3752 186 
3758 137 
3764 109 
3769 61 
3773 34 
3781 90 
3781 44 
3782 34 
3783 15 
3787 111 
3788 18 
3788 150 
3791 11 
3792 33 
3808 50 
3811 130 
3815 41 
3826 37 
3840 114 
3844 39 
3847 85 
3850 11 
3852 14 
3854 21 
3855 8 
3863 113 
3878 45 
3881 130 
3891 103 
3902 15 
3911 13 
3916 550 
3917 320 
3918 37 
3918 43 
3926 121 
3928 105 
3931 14 
3935 1388 
3961 23 
3964 102 
3989 8 
3992 18 
3992 102 
3999 27 
4005 42 
4010 0 
4015 433 
4016 16 
4017 10 
4019 6 
4034 184 
4034 25 
4035 112 
4036 467 
4044 83 
4045 237 
4045 38 
4048 94 
4051 70 
4053 19 
4055 21 
4063 4 
4073 59 
4073 30 
4076 25 
4077 358 
4084 30 
4096 38 
4102 1 
4103 55 
4104 199 
4119 25 
4138 45 
4141 67 
4145 195 
4151 12 
4151 48 
4160 83 
4170 19 
4176 72 
4179 474 
4182 25 
4191 19 
4196 11 
4201 401 
4224 76 
4228 35 
4233 113 
4233 113 
4234 0 
4245 222 
4257 3 
4261 35 
4267 75 
4267 4 
4282 42 
4291 144 
4293 30 
4295 37 
4296 9 
4304 75 
4309 41 
4312 67 
4318 47 
4322 63 
4330 14 
4335 117 
4339 86 
4341 59 
4346 361 
4371 9 
4379 72 
4384 36 
4384 11 
4386 701 
4390 43 
4398 160 
4403 160 
4403 67 
4405 36 
4418 84 
4420 3 
4435 40 
4436 40 
4450 26 
4455 103 
4459 367 
4469 21 
4469 43 
4470 109 
4486 7 
4489 259 
4491 145 
4497 78 
4504 8 
4505 32 
4506 97 
4510 26 
4513 18 
4515 8 
4522 122 
4525 25 
4526 246 
4535 998 
4551 75 
4552 14 
4559 63 
4562 21 
4567 4 
4567 202 
4568 102 
4584 15 
4586 539 
4627 142 
4630 2 
4633 219 
4636 82 
4642 39 
4642 23 
4644 3 
4665 597 
4684 12 
4692 126 
4705 52 
4732 33 
4732 13 
4740 12 
4744 21 
4745 73 
4750 20 
4758 36 
4767 7 
4772 78 
4778 112 
4782 63 
4788 89 
4792 15 
4792 96 
4793 74 
4798 9 
4802 53 
4808 107 
4828 36 
4830 15 
4843 260 
4861 31 
4868 187 
4874 156 
4880 50 
4903 5 
4908 112 
4910 285 
4914 50 
4925 78 
4929 26 
4940 43 
4958 22 
4962 66 
4963 32 
4984 76 
4994 27 
5001 59 
5003 241 
5011 406 
5019 47 
5023 8 
5031 34 
5032 30 
5037 17 
5038 17 
5045 12 
5050 70 
5059 104 
5062 37 
5066 48 
5071 67 
5072 128 
5073 14 
5073 74 
5078 25 
5078 16 
5106 13 
5107 44 
5132 1282 
5133 86 
5137 86 
5137 164 
5153 64 
5172 69 
5181 16 
5184 100 
5185 4 
5195 102 
5202 645 
5206 99 
5212 17 
5216 47 
5217 42 
5217 62 
5220 15 
5236 1721 
5240 45 
5254 3106 
5255 1 
5259 3 
5259 18 
5262 79 
5266 49 
5268 12 
5287 57 
5289 71 
5305 15 
5306 56 
5308 190 
5310 15 
5312 10 
5323 34 
5330 130 
5336 20 
5336 34 
5343 24 
5345 36 
5347 1 
5348 84 
5368 6 
5388 586 
5388 12 
5401 94 
5421 108 
5427 13 
5436 73 
5438 20 
5441 0 
5450 13 
5458 49 
5467 21 
5474 23 
5496 119 
5497 7 
5506 552 
5516 141 
5518 117 
5523 136 
5537 22 
5543 16 
5545 11 
5546 31 
5549 6 
5549 2 
5561 30 
5582 257 
5585 96 
5604 183 
5624 40 
5624 97 
5625 108 
5631 85 
5641 59 
5647 12 
5649 20 
5660 312 
5676 148 
5684 3 
5695 152 
5704 47 
5716 40 
5729 80 
5734 17 
5736 448 
5738 31 
5738 12 
5743 76 
5748 348 
5749 695 
5751 101 
5751 44 
5767 6 
5770 48 
5776 128 
5799 30 
5799 17 
5806 36 
5813 28 
5821 432 
5838 20 
5845 82 
5848 58 
5858 12 
5858 124 
5859 19 
5865 67 
5870 26 
5884 24 
5887 88 
5899 1 
5907 132 
5928 44 
5947 21 
5950 1449 
5966 10 
5971 19 
5997 26 
6005 109 
6014 133 
6019 4 
6030 88 
6058 34 
6059 4 
6083 149 
6083 161 
6093 27 
6098 1018 
6098 27 
6099 14 
6100 38 
6104 11 
6128 9 
6161 5564 
6167 44 
6169 1764 
6173 28 
6179 18 
6182 74 
6183 37 
6200 60 
6204 26 
6205 18 
6209 11 
6218 1941 
6227 34 
6238 166 
6244 70 
6248 43 
6252 47 
6281 36 
6289 356 
6290 12 
6299 5 
6313 791 
6317 12 
6319 47 
6323 22 
6339 16 
6355 309 
6356 192 
6356 21 
6360 77 
6362 9 
6367 158 
6387 23 
6392 61 
6424 23 
6429 167 
6453 67 
6465 48 
6470 20 
6477 5 
6491 438 
6513 183 
6534 11 
6548 30 
6550 45 
6556 7 
6564 74 
6568 51 
6587 69 
6589 366 
6591 383 
6591 183 
6596 75 
6600 5 
6600 117 
6603 29 
6613 29 
6618 13 
6621 6 
6637 27 
6644 324 
6663 29 
6667 181 
6675 61 
6680 9 
6692 8 
6693 312 
6701 12 
6703 242 
6705 22 
6713 147 
6715 111 
6717 127 
6737 104 
6744 200 
6751 21 
6761 55 
6768 56 
6769 117 
6773 6 
6773 42 
6780 34 
6798 177 
6798 34 
6806 22 
6806 15 
6811 118 
6819 41 
6831 460 
6837 88 
6844 54 
6845 17 
6861 19 
6863 33 
6867 359 
6868 23 
6868 6 
6874 34 
6875 503 
6876 245 
6887 31 
6899 11 
6901 236 
6907 175 
6916 1260 
6917 29 
6919 35 
6928 37 
6938 262 
6960 9 
6966 10 
6969 137 
6978 40 
6997 144 
7002 70 
7005 83 
7011 104 
7034 92 
7039 13 
7052 64 
7055 29 
7056 404 
7058 104 
7059 112 
7067 39 
7083 17 
7092 21 
7095 40 
7095 12 
7103 22 
7115 9 
7125 74 
7133 44 
7134 13 
7150 36 
7150 314 
7155 3 
7161 50 
7165 502 
7166 27 
7188 185 
7192 7 
7196 4 
7215 55 
7215 7 
7217 281 
7226 52 
7227 18 
7232 22 
7233 9 
7233 51 
7240 14 
7243 3 
7259 245 
7259 72 
7266 123 
7274 26 
7280 227 
7280 271 
7292 36 
7293 104 
7309 341 
7309 40 
7318 14 
7339 26 
7368 152 
7380 38 
7380 26 
7381 56 
7385 17 
7388 2 
7440 43 
7442 21 
7452 294 
7453 17 
7461 94 
7475 52 
7487 19 
7489 134 
7491 49 
7492 47 
7501 43 
7506 34 
7511 760 
7512 33 
7519 23 
7528 88 
7531 228 
7536 4 
7541 11 
7551 62 
7571 12 
7571 74 
7579 142 
7583 411 
7584 147 
7597 36 
7602 172 
7605 33 
7625 94 
7637 1 
7642 303 
7648 27 
7652 35 
7653 92 
7655 569 
7667 89 
7674 47 
7681 13 
7682 93 
7687 49 
7690 144 
7690 144 
7703 25 
7704 12 
7722 14 
7724 17 
7729 131 
7733 159 
7735 45 
7736 23 
7738 24 
7741 80 
7776 50 
7786 6 
7788 9 
7802 51 
7805 84 
7806 86 
7815 116 
7863 7 
7869 5 
7871 57 
7883 207 
7885 74 
7896 12 
7922 44 
7933 75 
7934 280 
7950 32 
7952 81 
7953 28 
7962 79 
7965 5 
7980 216 
7981 53 
7988 109 
7990 59 
7992 16 
7993 77 
7998 15 
8017 4 
8025 33 
8025 42 
8029 47 
8038 22 
8045 151 
8046 193 
8058 174 
8061 19 
8084 15 
8094 148 
8096 140 
8096 14 
8099 47 
8116 26 
8129 12 
8141 122 
8156 19 
8166 97 
8170 103 
8183 245 
8184 10 
8190 17 
8195 6 
8212 58 
8224 409 
8225 32 
8228 7 
8229 47 
8235 31 
8249 41 
8250 19 
8253 22 
8276 121 
8283 16 
8317 683 
8333 25 
8337 46 
8341 31 
8348 47 
8366 20 
8373 13 
8377 1942 
8392 14 
8416 526 
8420 10 
8424 131 
8428 55 
8435 70 
8436 184 
8437 82 
8444 14 
8453 27 
8460 10 
8461 14 
8494 118 
8502 14 
8511 47 
8546 561 
8554 18 
8556 54 
8557 44 
8575 36 
8576 6 
8577 33 
8587 132 
8588 1375 
8591 34 
8595 81 
8599 40 
8602 40 
8611 155 
8611 19 
8659 47 
8660 123 
8681 150 
8692 152 
8698 28 
8709 18 
8724 37 
8728 20 
8730 21 
8740 29 
8756 18 
8781 14 
8784 76 
8843 37 
8844 9 
8863 51 
8870 21 
8872 10 
8873 21 
8875 14 
8891 42 
8906 22 
8910 21 
8910 53 
8941 53 
8952 107 
8958 61 
8998 18 
9048 36 
9071 97 
9074 25 
9078 20 
9107 55 
9111 0 
9128 27 
9128 10 
9189 72 
9199 8 
9217 102 
9227 10 
9231 49 
9233 7 
9261 39 
9270 60 
9270 18 
9299 5 
9310 211 
9362 16 
9375 44 
9380 7 
9411 127 
9418 29 
9418 65 
9431 17 
9466 102 
9469 120 
9479 73 
9496 160 
9513 105 
9516 71 
9518 30 
9526 50 
9541 195 
9543 39 
9544 15 
9560 43 
9569 10 
9574 15 
9591 30 
9612 99 
9625 108 
9633 19 
9637 494 
9639 44 
9649 25 
9654 43 
9658 76 
9667 30 
9674 42 
9701 199 
9719 38 
9736 13 
9747 26 
9750 2 
9756 138 
9756 41 
9772 56 
9777 236 
9778 27 
9786 20 
9788 39 
9813 23 
9829 18 
9837 80 
9845 2 
9896 46 
9901 15 
9911 760 
9918 69 
9927 19 
9929 7 
9940 83 
9974 61 
9974 61 
9977 31 
9985 300 
9987 204 
9994 19 
9996 93 
10003 362 
10010 11 
10021 57 
10025 612 
10025 49 
10030 53 
10034 29 
10044 96 
10046 20 
10049 25 
10060 66 
10062 60 
10064 49 
10066 66 
10069 291 
10080 31 
10094 13 
10096 53 
10098 112 
10119 42 
10123 411 
10137 42 
10146 16 
10160 18 
10161 429 
10170 34 
10178 253 
10180 32 
10229 2 
10240 75 
10252 24 
10257 2 
10272 224 
10286 48 
10326 36 
10331 1035 
10332 15 
10349 23 
10358 65 
10359 50 
10377 71 
10395 36 
10395 7 
10407 3 
10407 21 
10410 4 
10427 4 
10458 65 
10460 42 
10468 43 
10488 145 
10500 7 
10503 187 
10527 30 
10545 28 
10551 5 
10570 54 
10574 66 
10588 35 
10595 26 
10596 90 
10611 39 
10635 64 
10636 399 
10687 104 
10705 10 
10712 3 
10713 76 
10744 235 
10756 202 
10784 55 
10786 234 
10816 146 
10847 67 
10853 30 
10872 52 
10885 7 
10887 92 
10889 98 
10902 122 
10909 287 
10975 8 
10992 84 
11000 13 
11003 22 
11025 47 
11030 3 
11033 111 
11034 15 
11054 15 
11078 157 
11081 54 
11089 78 
11089 16 
11125 56 
11137 51 
11139 8 
11148 3 
11163 109 
11170 120 
11174 6 
11174 14 
11182 28 
11203 6 
11205 31 
11209 35 
11227 36 
11282 96 
11395 25 
11396 37 
11405 245 
11450 91 
11488 41 
11498 229 
11501 76 
11526 238 
11550 17 
11550 6 
11552 13 
11560 157 
11582 55 
11669 24 
11674 351 
11687 1 
11702 73 
11714 158 
11727 53 
11736 11 
11748 15 
11753 647 
11783 39 
11795 3 
11807 26 
11823 1053 
11824 41 
11826 134 
11848 10 
11854 66 
11874 5 
11889 131 
11894 57 
11916 13 
11924 9 
11925 7 
11927 8 
11951 13 
11988 5 
12000 8 
12004 113 
12022 32 
12073 80 
12121 23 
12142 463 
12144 16 
12174 167 
12178 2 
12180 19 
12182 8 
12183 14 
12188 41 
12191 25 
12199 23 
12214 23 
12225 44 
12225 91 
12228 35 
12232 5 
12266 10 
12276 19 
12287 13 
12296 11 
12314 12 
12385 48 
12406 37 
12409 19 
12411 13 
12416 120 
12435 6 
12454 10 
12456 60 
12487 59 
12549 32 
12554 23 
12569 6 
12571 18 
12602 34 
12610 2086 
12635 19 
12639 104 
12660 49 
12682 52 
12709 21 
12718 34 
12726 4 
12727 151 
12762 2 
12764 58 
12771 141 
12809 20 
12813 30 
12817 47 
12819 11 
12824 35 
12827 15 
12867 34 
12872 34 
12917 418 
12918 325 
12977 19 
12993 85 
13035 130 
13041 55 
13073 344 
13079 24 
13090 6 
13106 66 
13113 15 
13126 72 
13165 57 
13209 7 
13210 22 
13237 8 
13254 260 
13279 16 
13289 65 
13318 33 
13327 40 
13331 67 
13333 60 
13377 158 
13403 43 
13404 4 
13415 54 
13424 20 
13461 14 
13471 11 
13475 5 
13477 180 
13492 82 
13533 542 
13556 279 
13566 164 
13581 13 
13609 19 
13624 112 
13646 1020 
13650 7 
13653 221 
13673 202 
13676 14 
13684 10 
13684 40 
13701 11 
13717 56 
13763 87 
13764 5 
13780 9 
13784 81 
13802 113 
13825 163 
13826 68 
13848 238 
13856 18 
13873 23 
13876 151 
13884 111 
13889 136 
13893 42 
13940 76 
13941 5 
13974 18 
14003 109 
14044 214 
14046 10 
14049 206 
14069 9 
14081 32 
14088 31 
14094 204 
14140 1 
14142 36 
14145 69 
14219 187 
14306 592 
14319 111 
14353 73 
14380 68 
14403 5 
14468 584 
14479 208 
14490 33 
14504 14 
14512 33 
14513 31 
14516 62 
14531 12 
14551 220 
14584 5 
14586 104 
14638 67 
14644 10 
14681 11 
14689 130 
14712 7 
14720 40 
14724 23 
14733 14 
14761 28 
14777 27 
14791 61 
14795 22 
14810 106 
14829 110 
14853 50 
14949 8 
14962 178 
14978 3 
15022 16 
15027 8051 
15057 70 
15118 63 
15129 37 
15135 118 
15146 61 
15150 41 
15157 4 
15167 3 
15171 68 
15194 115 
15195 51 
15276 67 
15338 20 
15341 11 
15353 4 
15361 489 
15377 545 
15382 38 
15401 34 
15408 18 
15409 46 
15460 122 
15473 36 
15533 42 
15534 136 
15556 38 
15561 81 
15582 119 
15598 33 
15601 15 
15616 1030 
15652 76 
15660 89 
15663 7 
15667 8 
15680 14 
15704 236 
15729 140 
15736 8 
15776 112 
15838 44 
15878 35 
15882 20 
15894 9 
15980 35 
15980 209 
15997 370 
16020 31 
16029 25 
16035 38 
16119 11 
16127 84 
16144 9 
16145 113 
16149 13 
16178 100 
16179 2 
16213 17 
16217 2 
16286 9 
16314 25 
16398 105 
16460 312 
16468 40 
16486 295 
16488 3 
16492 37 
16496 11 
16497 6 
16516 19 
16529 2 
16536 137 
16557 48 
16570 27 
16656 88 
16669 35 
16677 14 
16687 13 
16693 182 
16713 9 
16757 95 
16834 89 
16841 48 
16862 32 
16876 136 
16899 122 
16919 12 
16928 190 
16947 22 
16948 9 
16959 656 
16962 245 
16965 87 
17025 77 
17026 76 
17027 49 
17052 17 
17061 61 
17069 5 
17077 29 
17089 24 
17103 131 
17116 9 
17120 42 
17131 47 
17149 10 
17152 44 
17161 11 
17180 284 
17181 35 
17192 13 
17324 26 
17342 248 
17345 145 
17347 39 
17451 144 
17577 70 
17591 105 
17608 24 
17624 56 
17688 12 
17710 4 
17727 114 
17749 45 
17756 4 
17832 590 
17850 50 
17872 48 
17895 23 
17964 48 
18053 6 
18191 7 
18213 15 
18276 18 
18300 68 
18306 8 
18326 114 
18335 5 
18381 840 
18455 58 
18464 13 
18471 27 
18474 5 
18554 11 
18570 10 
18615 101 
18672 216 
18767 27 
18780 4 
18780 28 
18798 3 
18822 7 
18883 1671 
18895 336 
18909 17 
18941 49 
18974 23 
18986 0 
18992 12 
19011 53 
19041 41 
19057 4 
19061 11 
19146 27 
19150 60 
19154 16 
19167 169 
19170 6 
19176 23 
19197 18 
19205 25 
19207 11 
19255 42 
19259 5 
19266 81 
19268 73 
19309 57 
19474 21 
19496 14 
19530 14 
19539 286 
19580 75 
19580 20 
19588 13 
19605 856 
19626 22 
19630 43 
19655 66 
19674 16 
19700 18 
19780 36 
19782 66 
19820 66 
19830 26 
19888 82 
19891 57 
19919 12 
19919 74 
19981 3 
19994 8 
20023 8 
20033 49 
20230 53 
20328 6 
20401 118 
20410 33 
20596 116 
20603 23 
20719 38 
20746 19 
20751 266 
20826 38 
20946 82 
20950 15 
21016 19 
21180 14 
21230 27 
21253 4 
21454 10 
21456 19 
21477 14 
21507 3 
21507 87 
21617 5 
21630 17 
21659 17 
21671 1 
21712 2 
21733 98 
21761 7 
21810 63 
21841 1 
21942 45 
21966 18 
21991 121 
22018 47 
22089 5 
22119 108 
22163 65 
22293 45 
22388 40 
22468 14 
22474 210 
22485 785 
22559 22 
22673 2 
22734 23 
22770 109 
22809 91 
23012 28 
23042 20 
23087 34 
23207 40 
23226 25 
23324 7 
23428 74 
23497 4 
23571 23 
23571 62 
23744 12 
23772 37 
23830 45 
23854 25 
23871 9 
23926 42 
23941 913 
23993 17 
24050 12 
24082 29 
24254 38 
24257 217 
24257 38 
24319 45 
24328 30 
24465 20 
24519 9 
24546 10 
24598 99 
24692 139 
24708 40 
24747 5 
24785 10 
24817 97 
24832 37 
24869 129 
24897 3 
24908 49 
25113 11 
25155 52 
25167 61 
25240 189 
25241 1 
25261 20 
25264 98 
25318 97 
25359 19 
25426 20 
25456 5 
25469 33 
25485 18 
25549 17 
25640 51 
25710 301 
25744 13 
25776 13 
25889 26 
25919 115 
25934 94 
25946 14 
26105 3 
26161 175 
26175 1 
26338 81 
26485 49 
26550 111 
26554 62 
26590 69 
26614 79 
26698 34 
26731 66 
26739 5 
26832 35 
26857 7 
26875 41 
26896 33 
26898 13 
26902 36 
26919 20 
27011 30 
27061 7 
27129 5 
27264 12 
27316 55 
27362 5 
27415 59 
27525 10 
27535 161 
27548 2 
27554 230 
27648 4 
27716 5 
27755 46 
27765 19 
27799 12 
27817 8 
27909 78 
27922 93 
27958 476 
27985 37 
28028 11 
28084 16 
28093 33 
28119 137 
28234 82 
28304 166 
28309 9 
28363 10 
28376 11 
28450 15 
28592 21 
28689 79 
28735 10 
28777 87 
28780 9 
28808 47 
28900 59 
29011 33 
29057 38 
29080 12 
29135 7 
29214 9 
29307 9 
29316 41 
29512 27 
29603 11 
29607 38 
29878 30 
29878 30 
30079 22 
30121 57 
30338 15 
30340 4 
30393 34 
30431 16 
30471 481 
30484 75 
30620 4 
30653 71 
30653 68 
30749 23 
30786 6 
30845 18 
30934 38 
30942 712 
30958 8 
30978 69 
31009 629 
31061 39 
31074 10 
31113 1681 
31216 46 
31245 783 
31270 35 
31437 3 
31559 28 
31601 5 
31678 18 
31710 115 
31762 59 
31808 96 
31979 432 
32072 23 
32179 19 
32304 24 
32352 367 
32413 4 
32659 9 
32836 46 
32960 6 
33080 17 
33491 21 
33606 79 
33709 8 
33773 166 
33882 9 
33951 37 
34138 17 
34322 10 
34386 39 
34638 10 
34751 16 
34759 94 
34773 3 
34967 202 
34968 14 
34980 76 
35000 31 
35002 858 
35172 11 
35270 11 
35780 46 
35965 0 
35978 7 
36137 28 
36252 0 
36272 1 
36336 11 
36515 61 
36634 50 
36709 11 
36776 21 
36800 12 
36815 1 
36983 88 
37136 15 
37472 3318 
37507 46 
37831 33 
37979 21 
38123 55 
38244 162 
38410 87 
38416 17 
38517 28 
38540 41 
38545 22 
38792 19 
38966 3 
39030 20 
39124 58 
39167 19 
39228 7 
39372 25 
39457 3 
39590 17 
39953 55 
40048 31 
40132 18 
40199 26 
40299 0 
40699 82 
40829 33 
40911 39 
41029 37 
41127 10 
41309 606 
41580 19 
41597 22 
41858 67 
41918 9 
42197 57 
42291 6 
42753 11 
42894 34 
43121 8 
43133 30 
43147 11 
43478 101 
43631 4 
43947 182 
43948 301 
43958 15 
44152 7 
44236 46 
44253 23 
44570 602 
44630 5 
44656 4 
44672 7 
44790 7 
45060 26 
45109 32 
45156 14 
45380 27 
45403 3 
45404 13 
45437 7 
45464 50 
45683 6 
45784 11 
45804 6 
45853 151 
45952 13 
46067 9 
46481 117 
46554 3 
46643 77 
46838 8 
46980 37 
46988 3 
47332 122 
47642 450 
48147 5 
48253 32 
48479 5 
48579 8 
48615 149 
48707 5 
49406 3 
49479 538 
50633 60 
51107 12 
51107 9 
51448 173 
51783 192 
52615 63 
52644 13 
53993 8 
54015 192 
54045 13 
54060 187 
55066 29 
55573 93 
55621 10 
56250 30 
58860 15 
59656 28 
59670 80 
60665 36 
60897 4 
61155 15 
63669 44 
67424 41 
71182 109 
73369 7 
74963 14 
75447 27 
76304 25 
76629 33 
77428 172 
78309 5 
79287 107 
79552 58 
79910 5 
80537 15 
80909 80 
81322 16 
81800 2 
82885 0 
83852 32 
84075 4 
84276 29 
84973 18 
85651 22 
87045 13 
87219 158 
87398 12 
88641 13 
88812 179 
88856 5 
90303 6 
91497 102 
93049 20 
93207 144 
96365 17 
96817 5811 
96849 6618 
96854 1392 
96960 14 
97629 4640 
97879 1049 
100841 10 
101000 65 
101743 6 
101895 1243 
104468 58 
105719 108 
108798 23 
110407 107 
110859 16 
111779 98 
112399 59 
113091 6 
113335 5 
114784 25 
115954 5 
116430 159 
120245 3 
120779 10 
122848 2 
122923 3 
126704 151 
126941 5 
127464 8 
127669 5 
128702 3 
128818 48 
128903 20 
129522 19 
131931 18 
132625 1081 
135164 355 
135442 381 
139993 173 
145599 4 
147646 143 
168953 140 
169168 118 
174420 476 
179016 418 
179131 2217 
180035 51 
181443 144 
185765 158 
189692 6 
196387 31 
199394 9 
200543 62 
202808 77 
207415 8 
207849 25 
209941 129 
212064 105 
213624 4 
218212 41 
218398 12 
219838 42 
235014 2 
244078 0 
245498 18 
328094 1 
329028 5 
336779 5 
349843 4 
367232 96 
374669 57 
381248 338 
386776 1 
418441 1 
466810 66 
513686 178 
556805 49 
