2092 11.1929282407
0 430609 
16 160 
16 313 
17 1806 
17 117 
19 294 
19 1151 
19 598 
19 205 
19 145 
21 2825 
21 601 
22 680 
22 304 
23 1988 
24 246 
26 48 
26 536 
28 101 
28 197 
29 106 
29 99 
30 1848 
31 108 
32 340 
34 48 
36 269 
36 341 
36 364 
36 154 
38 705 
39 415 
39 543 
40 74 
41 193 
42 1264 
43 666 
45 104 
46 178 
46 394 
47 3995 
47 261 
47 142 
50 201 
52 21 
53 226 
53 364 
53 14 
55 555 
56 785 
56 3367 
56 681 
58 48 
58 251 
60 227 
64 175 
64 130 
64 1284 
66 405 
67 669 
67 140 
69 344 
71 215 
71 178 
72 189 
72 429 
73 366 
77 1521 
77 91 
81 135 
81 203 
82 951 
83 470 
85 656 
85 48 
86 2308 
88 136 
89 815 
89 172 
89 1396 
90 240 
90 55 
98 323 
99 1057 
101 248 
103 158 
103 240 
106 133 
108 181 
109 892 
110 540 
111 1679 
112 792 
112 11 
112 1048 
113 949 
116 406 
119 75 
120 99 
121 34 
128 59 
129 1221 
135 35 
139 1048 
142 778 
143 354 
145 217 
145 394 
149 204 
154 95 
156 250 
157 528 
161 63 
162 44 
165 68 
165 2080 
165 1242 
167 1182 
170 803 
171 184 
173 84 
175 106 
176 140 
177 1848 
178 37 
179 766 
183 790 
183 697 
187 301 
187 740 
192 521 
193 495 
194 562 
196 131 
201 447 
205 257 
211 791 
212 44 
219 63 
222 2271 
227 242 
228 6005 
228 115 
234 66 
243 704 
245 87 
245 445 
249 38 
254 8028 
259 48 
259 110 
260 169 
264 559 
264 42 
267 126 
271 234 
289 711 
294 2204 
309 713 
309 100 
316 3828 
316 341 
320 1824 
322 38 
333 350 
335 112 
335 94 
340 847 
340 133 
342 277 
346 1430 
346 77 
348 193 
348 96 
354 376 
359 105 
359 422 
366 1388 
372 167 
376 2096 
378 38 
380 1040 
390 29 
398 78 
399 400 
411 388 
412 322 
412 669 
415 1037 
421 116 
422 509 
425 11 
425 47 
429 3312 
430 340 
437 167 
438 3 
447 201 
448 171 
451 232 
455 29 
455 277 
456 805 
471 111 
484 195 
496 66 
496 393 
499 121 
511 180 
525 779 
528 27 
541 53 
552 95 
560 96 
568 712 
573 82 
581 4586 
590 259 
611 3753 
618 405 
622 1112 
630 426 
634 79 
635 74 
638 406 
646 10 
652 8 
654 191 
677 63 
680 7 
692 144 
704 313 
710 27 
727 125 
757 88 
766 376 
769 286 
775 163 
815 180 
818 9 
840 443 
864 401 
869 1410 
890 20 
899 167 
913 549 
918 186 
924 82 
957 33 
970 96 
976 324 
983 50 
993 536 
994 233 
994 829 
1006 3284 
1016 1498 
1032 169 
1050 1042 
1061 1076 
1096 414 
1133 1112 
1219 91 
1258 252 
1260 107 
1261 102 
1302 85 
1314 125 
1333 498 
1341 5441 
1386 294 
1390 26 
1398 1294 
1437 178 
1491 16 
1493 78 
1532 34 
1575 679 
1601 66 
1613 2196 
1636 291 
1648 2705 
1665 199 
1755 95 
1766 116 
1796 138 
1801 17 
1827 119 
1837 80 
1922 85 
1983 137 
2023 21 
2028 30 
2052 122 
2073 282 
2162 734 
2196 108 
2209 53 
2231 15 
2257 238 
2266 1266 
2317 31 
2319 65 
2399 239 
2449 6219 
2458 4749 
2498 87 
2502 522 
2509 51 
2521 1849 
2560 1657 
2608 121 
2623 105 
2638 246 
2752 5634 
2764 132 
2772 510 
2779 1602 
2803 34 
2811 72 
2823 35 
2854 32 
2855 39 
2855 326 
2857 287 
2887 282 
2922 2674 
2924 109 
2947 22 
3105 78 
3188 108 
3227 77 
3303 1339 
3312 21 
3316 254 
3336 97 
3337 332 
3467 8 
3648 17 
3772 267 
3780 531 
3928 237 
3937 31 
3976 840 
4044 146 
4072 80 
4073 48 
4075 14 
4197 81 
4206 176 
4260 62 
4305 8 
4388 1060 
4417 698 
4455 40 
4571 1055 
4696 150 
4859 339 
4955 256 
4974 261 
4976 478 
5064 148 
5191 1974 
5350 6 
5489 1188 
5548 1130 
5568 18 
5590 728 
5643 27 
5910 243 
6065 89 
6083 61 
6240 549 
6319 32 
6404 791 
6469 28 
6630 92 
6641 19 
6750 1152 
6767 3587 
6809 74 
6907 2003 
7025 852 
7336 112 
7381 86 
7413 293 
7557 390 
7585 158 
7664 99 
7762 2532 
7908 1761 
8276 211 
8353 48 
8623 5 
9194 482 
9481 673 
9486 98 
10327 174 
10352 149 
10887 1184 
11264 502 
11329 11 
11406 954 
11486 541 
11566 86 
11570 1395 
11607 10 
11860 187 
11890 813 
11911 8655 
11961 1711 
11965 24831 
11986 5704 
11993 3571 
12056 1886 
12088 414 
12139 1845 
12542 1216 
12848 2091 
12990 1051 
13124 183 
13428 21 
13523 105 
13783 273 
14001 20 
14324 454 
14483 312 
14706 967 
15023 118 
15135 159 
15156 1469 
15534 42 
15881 93 
15990 20 
16883 1596 
17184 634 
17499 805 
17543 286 
17716 155 
18016 593 
18472 231 
18551 10 
18782 17 
19281 229 
19832 425 
20156 48 
20162 593 
20288 4 
20375 13 
20422 338 
20651 53 
20682 2159 
20826 624 
21019 85 
21206 2862 
21261 311 
21858 20 
21997 49 
22024 942 
22130 6 
22155 411 
22187 50 
22467 102 
22484 114 
22546 198 
22680 77 
22811 186 
22862 57 
23007 348 
23079 183 
23133 1217 
23137 1025 
23168 7 
23172 508 
23202 313 
23276 321 
23409 28126 
23415 268 
23432 654 
23440 334 
23448 353 
23461 1099 
23490 16 
23513 738 
23591 744 
23826 750 
23980 71 
24226 1283 
24332 1059 
24352 135 
24407 117 
24500 2383 
24504 24 
24514 33 
24582 321 
24606 324 
24629 132 
24683 87 
24733 65 
24770 582 
24995 85 
25369 573 
25513 638 
25514 560 
25523 108 
25857 1889 
25900 4350 
26174 533 
26220 179 
26233 313 
26275 241 
26288 452 
26310 33 
26359 65 
26374 346 
26477 3867 
26526 1550 
26549 3430 
26559 174 
26576 2469 
26603 3321 
26603 870 
26616 380 
26685 1465 
26821 442 
26861 650 
26927 377 
26929 71 
26984 1770 
27006 534 
27015 252 
27017 471 
27059 666 
27081 1047 
27271 156 
27296 574 
27376 448 
27377 240 
27411 147 
27571 148 
27636 207 
27647 194 
27720 47 
27754 601 
27984 1683 
28073 1031 
28133 12107 
28164 1945 
28204 351 
28273 328 
28285 516 
28424 134 
28426 942 
28530 1193 
28544 1048 
28847 1011 
28859 328 
28922 262 
29096 250 
29375 1897 
29465 756 
29472 142 
29475 142 
29636 391 
29920 1688 
29982 1086 
30414 28 
30580 1157 
30821 1038 
30873 772 
30944 926 
31054 648 
31355 1828 
31372 2316 
31425 2118 
31442 3603 
31448 27 
31459 192 
31468 236 
31475 386 
31494 559 
31574 127 
31636 1199 
31729 350 
31781 3254 
32146 123 
32283 165 
32309 57 
32323 674 
32507 255 
33216 127 
33462 824 
33592 6220 
33598 40 
33604 182 
33710 121 
34003 885 
34028 46 
34168 2179 
34356 1761 
34529 243 
34581 248 
34972 502 
35345 332 
35980 2876 
36063 226 
36155 735 
36240 240 
36725 1351 
37113 72 
38012 31 
38177 1978 
38339 214 
38414 421 
38515 136 
38529 558 
38649 69 
38663 2132 
38671 542 
38784 1356 
38803 906 
38803 251 
38804 1711 
38849 154 
39003 1137 
39027 9894 
39118 2346 
39126 1250 
39149 121 
39161 687 
39169 1785 
39751 46 
39767 1172 
39990 12 
40089 301 
40783 326 
41219 563 
42258 4190 
42386 1422 
42409 136 
42421 1398 
42634 2075 
42640 44 
43113 18 
43115 44 
43221 3002 
43311 675 
43364 11 
43424 91 
44002 1467 
44094 950 
44312 191 
44347 579 
44358 239 
44968 185 
45001 9948 
45105 4057 
45130 586 
45192 1498 
45252 1637 
45261 948 
45681 620 
45769 414 
46017 9529 
46031 1213 
46035 18 
46142 1424 
46179 2030 
47159 746 
47335 44 
47649 248 
48050 25 
48128 344 
48137 22 
48274 2981 
49060 23 
49204 311 
49647 135 
49659 933 
49934 3212 
50496 289 
50675 2167 
50832 1745 
50887 156 
51407 6822 
51416 183 
52098 214 
52154 505 
52282 839 
52459 396 
52483 499 
52811 1456 
52852 27346 
52862 343 
52877 67 
52877 3558 
52926 2063 
52990 232 
52993 1530 
53072 5514 
53085 436 
53261 1482 
53265 24230 
53280 58 
53305 239 
53359 197 
53401 3423 
53418 4199 
53425 1376 
53428 1007 
53473 975 
53576 732 
53609 1458 
53665 1953 
53669 243 
53889 1830 
53954 61 
54044 498 
54056 977 
54234 163 
54305 2038 
54331 926 
54402 623 
54664 498 
54668 50 
55071 1173 
55219 2020 
55323 1283 
55340 55 
55365 65 
55393 243 
55404 785 
55534 744 
55534 141 
55568 379 
55586 412 
55598 198 
55626 349 
55856 7196 
55883 1834 
55901 1385 
55918 864 
55939 441 
55942 97 
55945 1008 
55951 2589 
56025 20 
56031 861 
56172 543 
56202 1977 
56266 254 
56300 273 
56305 116 
56323 2045 
56646 1388 
56681 302 
56736 1312 
56834 208 
56854 20 
56890 1573 
56895 817 
56900 555 
56938 1153 
56946 254 
57006 764 
57043 384 
57057 1501 
57155 81 
57198 109 
57235 347 
57237 1256 
57250 1472 
57263 2024 
57490 414 
57519 548 
57613 16199 
57623 122 
57735 253 
57742 196 
57748 163 
57767 1722 
57768 318 
57794 764 
57794 946 
57821 1611 
57834 660 
57836 363 
57838 326 
57850 663 
57853 176 
57864 129 
57867 811 
57881 69 
57902 358 
57913 339 
57921 1024 
57921 1095 
57990 1066 
58012 10 
58034 846 
58058 750 
58070 226 
58071 1365 
58084 508 
58093 2968 
58094 289 
58098 1363 
58121 2074 
58152 2472 
58153 915 
58156 167 
58156 423 
58166 1118 
58169 744 
58198 1789 
58222 1356 
58298 2099 
58331 419 
58373 248 
58410 400 
58470 407 
58479 632 
58521 2258 
58535 42 
58653 36 
58657 141 
58714 5683 
58722 790 
58786 976 
58807 138 
58820 503 
58937 1125 
58938 218 
58995 240 
59005 382 
59007 169 
59046 593 
59064 958 
59095 2730 
59194 81 
59265 219 
59271 1588 
59278 3240 
59313 167 
59321 390 
59354 1070 
59357 3371 
59360 525 
59382 12 
59386 765 
59411 2770 
59419 2984 
59423 2034 
59575 606 
59594 701 
59602 559 
59640 23 
59682 493 
59833 872 
59911 236 
59953 225 
60042 440 
60129 378 
60141 872 
60339 524 
60385 289 
60432 717 
60683 922 
60701 360 
60878 852 
60926 37 
60927 1372 
61065 479 
61208 33 
61227 991 
61233 1069 
61299 592 
61379 77 
61459 22 
61728 25 
61934 781 
62011 1376 
62098 544 
62135 110 
62295 282 
62420 715 
62621 34066 
62629 1177 
62633 733 
62639 476 
62640 122 
62642 1549 
62643 761 
62643 2294 
62654 1002 
62654 448 
62657 1358 
62660 646 
62660 1039 
62667 797 
62670 2359 
62739 9 
62746 108 
62770 2977 
62783 2545 
62844 1644 
62865 598 
62963 2208 
62969 398 
62999 544 
63004 1198 
63004 143 
63030 94 
63100 278 
63241 353 
63414 66 
63719 1282 
63862 931 
63865 180 
63927 650 
64199 123 
64383 1102 
64722 837 
64777 297 
65098 1354 
65251 1733 
65295 678 
65300 1771 
65429 31 
65638 503 
65663 3350 
65672 2024 
65679 68 
65730 658 
65805 1178 
65808 584 
65816 609 
65839 116 
65945 210 
65946 55 
66056 2170 
66105 412 
66256 1271 
66259 535 
66274 1807 
66311 152 
66325 717 
66331 1358 
66363 802 
66669 4478 
66671 457 
66708 1153 
66809 405 
66817 372 
66844 861 
66860 513 
66863 1827 
66866 624 
66991 277 
67005 168 
67044 680 
67267 1387 
67350 187 
68122 37 
68158 52 
68704 2018 
68713 57 
68800 338 
69085 593 
69278 70 
69362 2352 
69457 5 
70602 756 
70786 753 
71020 730 
71140 24 
71219 155 
71439 108 
71451 572 
72275 845 
72291 56 
72403 138 
72442 81 
72588 764 
72822 295 
72999 1787 
73063 252 
73332 1382 
73646 143 
73815 1655 
74153 312 
74284 597 
74422 3315 
74489 386 
74622 862 
74632 183 
74637 482 
74670 773 
75120 253 
75380 222 
75482 380 
75561 132 
75920 1592 
76307 1626 
76394 6331 
76396 160 
76400 1668 
76401 245 
76410 152 
76440 802 
76444 249 
76447 1478 
76461 171 
76488 51 
76504 1164 
76575 302 
76583 833 
76644 235 
76675 2610 
76681 231 
76767 2291 
76780 28014 
76788 932 
76796 165 
76816 5137 
76832 112 
76836 1262 
76837 135 
76849 1302 
76851 524 
76866 258 
76879 501 
76951 697 
76964 662 
77005 355 
77012 1148 
77021 272 
77044 1034 
77068 60 
77134 2463 
77208 34 
77374 259 
77596 1424 
77622 1554 
77720 216 
77851 1056 
77874 294 
77953 141 
77958 108 
78087 206 
78093 75 
78128 915 
78280 251 
78508 340 
78544 303 
79040 409 
79076 118 
79196 1265 
79591 444 
80310 170 
80577 357 
80603 440 
80613 1875 
80679 309 
80761 1441 
80794 120 
80810 565 
80831 1033 
80836 29 
80910 631 
80962 374 
81089 1136 
81195 4326 
81247 2589 
81266 364 
81269 166 
81379 6240 
81385 236 
81393 977 
81411 1751 
81427 1172 
81428 49 
81454 95 
81496 12 
81745 969 
82031 2874 
82091 1810 
82237 979 
82255 516 
82262 3237 
82287 427 
82355 283 
82462 309 
82482 2119 
82619 614 
82702 159 
82844 2251 
82856 1531 
82917 1077 
82931 1158 
82937 5556 
82984 380 
83097 1168 
83769 213 
84046 12 
84104 437 
84431 1698 
84435 685 
84634 239 
84797 1794 
84811 85 
84861 1557 
84924 1821 
84957 771 
84969 1951 
85083 428 
85225 383 
85275 224 
85324 424 
85339 5110 
85365 324 
85393 612 
85427 240 
85569 150 
85613 820 
85650 250 
85785 738 
85934 59 
86019 121 
86386 58 
87514 265 
88645 1187 
88736 114 
88843 2653 
88950 1482 
89043 871 
89071 914 
89085 1181 
89115 686 
89177 3946 
89397 23 
89743 486 
89948 346 
90129 281 
90219 423 
93844 20 
94257 1677 
96164 64 
98820 81 
98833 1870 
99516 651 
100688 594 
100849 5668 
100874 987 
100879 269 
101024 851 
101938 255 
101964 1873 
102433 35 
102628 2314 
102741 706 
102770 740 
104170 2655 
104331 369 
104344 10 
106186 1794 
107022 15 
107836 1033 
107979 1174 
108169 8843 
108258 323 
108295 6009 
108716 62 
108724 236 
109569 189 
110370 795 
111316 233 
111515 191 
111998 4674 
112281 571 
113879 804 
113888 341 
114164 1546 
114260 744 
114495 880 
114806 1249 
114822 202 
115315 186 
115355 365 
115363 686 
115512 573 
115523 1924 
115551 173 
115561 557 
115782 129 
115801 1766 
116040 286 
116126 978 
116362 1309 
116486 1811 
116628 3727 
116677 907 
116692 326 
116710 341 
116751 379 
116781 1413 
116794 255 
116843 1435 
117229 47 
117508 41154 
117542 1005 
117609 412 
117633 732 
117729 809 
117760 703 
117817 1542 
117876 845 
118123 1311 
118240 2538 
118551 643 
119542 1059 
119648 382 
119703 1750 
119896 843 
120229 34 
121111 1629 
121408 812 
121775 191 
121875 4352 
122100 1196 
122415 1042 
122922 3698 
123065 662 
123581 222 
124182 258 
124259 37 
124955 1753 
125645 1098 
125670 765 
126070 756 
127096 467 
127956 1322 
127976 422 
129571 2240 
129590 681 
130110 1898 
130145 156 
130418 470 
130463 1394 
130563 311 
130724 324 
130791 714 
131437 161 
131455 593 
131518 528 
131542 429 
131565 896 
131591 261 
131628 833 
131656 1144 
131786 673 
131810 132 
132334 513 
132477 6660 
132530 467 
133253 4471 
133508 321 
133716 107 
133838 1593 
133966 200 
134094 206 
134257 2244 
134570 246 
134988 1135 
135283 615 
135353 1487 
135726 2833 
135998 118 
136027 95 
136258 4410 
136333 178 
137423 1557 
137564 1527 
137589 620 
137713 1815 
137736 412 
137908 2435 
138439 1193 
138520 158 
139308 127 
139433 600 
139444 136 
139478 776 
139582 567 
139619 378 
139621 591 
140009 9347 
140053 471 
140099 939 
140109 62 
140379 548 
140424 18 
141273 674 
143877 75 
144108 1919 
144136 2504 
144166 1959 
144185 1049 
144455 3989 
144462 615 
144642 1771 
144886 1031 
145411 723 
145853 58 
145915 2478 
145943 2235 
145952 785 
145995 489 
145998 709 
146002 1231 
146084 10166 
146096 2099 
146106 772 
146115 1229 
146144 3325 
146220 961 
146380 1333 
146681 2086 
146685 573 
146878 253 
146949 511 
147176 944 
147765 2270 
147813 479 
147835 736 
147858 1311 
148175 1321 
148327 421 
148840 703 
149033 443 
149131 1007 
149184 131 
149450 1373 
149540 9420 
149548 4093 
149574 516 
149596 352 
149669 596 
149698 1205 
149771 540 
150098 750 
150124 445 
150360 1039 
150612 104 
151129 70 
151285 337 
151434 190 
151440 1342 
151508 894 
151985 295 
152379 1977 
152677 111 
153415 314 
153422 711 
153560 411 
153623 505 
153632 710 
153635 737 
153734 489 
154055 138 
156590 2243 
156613 71 
156972 16911 
157123 1100 
157169 186 
157182 7987 
157268 884 
157366 318 
157421 760 
157490 658 
157577 1131 
157735 3877 
157798 1805 
157854 1015 
157911 400 
158941 1623 
159817 57 
160265 2546 
160366 3535 
161497 1158 
161627 641 
161698 596 
161706 31 
161794 149 
162157 1010 
162284 667 
163046 124 
163053 15 
163238 357 
163522 517 
164102 2426 
164208 882 
164235 1855 
164251 1558 
164267 920 
164354 1877 
164717 462 
165179 306 
165487 179 
165800 307 
166993 2150 
167652 825 
167992 683 
168756 514 
171173 210 
171380 787 
172605 106 
173489 398 
173821 306 
173842 1491 
173878 319 
173942 269 
173973 314 
174809 439 
174963 8 
176422 109 
179950 867 
180047 727 
180054 768 
180406 238 
180545 595 
180703 105 
180923 871 
180935 208 
181173 142 
181346 316 
184839 106 
192649 385 
192819 365 
193405 288 
196139 13519 
196180 766 
197851 860 
197926 1681 
198021 1040 
198150 394 
198260 318 
198292 457 
198390 2731 
198549 171 
199462 126 
199860 2965 
200215 189 
200252 704 
200773 1852 
200790 222 
200959 719 
201505 10978 
201525 6519 
201544 253 
202189 595 
202439 586 
204052 4134 
204308 5665 
204531 1511 
204659 2645 
204724 298 
204766 71 
204806 1235 
204839 239 
204929 853 
204968 1151 
204989 267 
205098 226 
207283 259 
208550 603 
210253 1384 
211470 800 
211579 486 
211634 387 
215373 2924 
215759 2457 
215861 509 
217579 170 
217957 543 
218004 457 
218382 9436 
218398 2421 
218409 2831 
218423 132 
218426 224 
218558 3436 
218564 706 
218578 31 
218606 406 
218607 506 
219221 443 
219302 802 
219477 43 
219585 120 
220334 819 
221139 733 
221171 5770 
223238 27 
224084 468 
224121 8468 
224133 595 
224141 1273 
224269 68 
224297 5191 
224405 175 
224409 1639 
224431 253 
224446 264 
224467 130 
224497 457 
224521 326 
224696 210 
224764 240 
225612 351 
227536 789 
227545 1302 
227667 247 
227823 147 
228465 37 
228595 42 
230632 384 
230673 320 
230727 333 
230798 378 
231020 235 
231088 1718 
231145 106 
232044 54 
232684 381 
234385 189 
235200 148 
235633 378 
235852 124 
236311 1051 
237456 27 
237862 24 
237913 610 
238603 191 
239184 372 
239259 1188 
239484 900 
239511 1195 
243871 712 
244314 612 
244469 415 
244563 396 
245139 631 
245210 1303 
246178 761 
246467 696 
246836 992 
247222 1451 
250141 315 
250549 156 
250820 209 
252581 205 
253162 1340 
253394 449 
254317 378 
254414 635 
257150 2979 
257305 2584 
259144 333 
263573 277 
263707 1359 
265140 132 
266252 2494 
266691 1333 
267692 1813 
267850 64 
268034 943 
277109 202 
280392 1772 
280444 106 
280942 454 
281642 87 
284608 1012 
284852 502 
285215 118 
287506 2211 
287879 441 
289047 489 
292462 1209 
292582 2868 
293290 1511 
293303 705 
293333 340 
295307 5286 
297714 66 
305824 404 
306010 197 
309719 876 
310657 779 
310845 1039 
310867 241 
311332 114 
314348 951 
314385 176 
316216 172 
316339 541 
316568 1728 
317368 316 
318744 27 
319287 42 
319471 8146 
322883 70860 
322898 466 
322913 1620 
322914 456 
322921 360 
322922 669 
322925 856 
322948 802 
322971 646 
322992 2354 
323014 2432 
323031 24 
323083 170 
323089 2585 
323098 169 
323141 1319 
323266 44 
323332 1240 
323391 2280 
323393 1342 
323445 1134 
323471 262 
323504 230 
323590 203 
323593 262 
323659 1647 
324315 855 
324362 191 
325046 32 
325317 144 
325381 939 
325637 30 
325778 1066 
328378 62 
329871 865 
330462 129 
332396 134 
332794 1468 
334167 1518 
334180 856 
335133 865 
335454 61 
338612 465 
338675 147 
338933 1898 
338944 282 
338950 1140 
338967 840 
338972 595 
339172 641 
339249 641 
339371 68 
339461 602 
339545 1217 
340448 119 
342305 3218 
342823 99 
343642 108 
345052 6583 
345086 3722 
345134 372 
346166 186 
346547 156 
346570 1675 
346602 1211 
346717 37 
346836 2136 
347548 1231 
348485 1355 
349242 1062 
349422 1584 
349430 2148 
349434 2650 
349584 2018 
349762 700 
349908 88 
352865 67 
354558 468 
354690 1215 
355802 10607 
355824 690 
355917 100 
355952 4109 
356019 53 
356021 200 
356104 306 
356116 169 
356653 400 
356717 928 
356723 59 
357275 106 
358419 414 
358558 259 
358612 241 
358923 177 
358936 175 
358985 2017 
359579 281 
360521 694 
361310 29 
361706 913 
361817 243 
361964 490 
362346 630 
364122 754 
364173 733 
364806 1420 
365259 3114 
365731 1825 
366001 71 
371062 124 
373327 105 
373895 38 
374264 819 
374348 901 
374879 121 
375928 5550 
375976 317 
376146 776 
376238 776 
376984 706 
377259 1580 
377579 34 
377694 1756 
377708 2683 
377860 155 
377867 504 
378201 947 
378213 813 
378221 7881 
378273 689 
378310 507 
378319 822 
378382 1214 
378476 1092 
378970 102 
379434 3766 
379475 1382 
379585 114 
379643 484 
379933 109 
379989 1256 
380113 154 
380142 194 
380493 244 
380520 846 
381034 503 
381043 2119 
381707 55 
382144 2088 
382380 23958 
382395 1988 
382427 2174 
382473 1316 
382553 483 
382595 1353 
382600 780 
382630 43464 
382655 1323 
382732 387 
382739 600 
382771 333 
382795 1096 
382937 44 
383106 253 
383218 68 
383364 70 
384188 454 
385063 114 
385228 119 
388234 53 
389735 7405 
389753 127 
390714 1158 
390720 551 
391880 292 
392102 2990 
392131 1159 
392134 1109 
392234 743 
392525 715 
392858 344 
392900 2348 
392914 7963 
392968 1431 
393029 403 
393060 356 
393144 387 
393147 520 
393275 937 
393493 418 
394578 5448 
397315 202 
397776 29 
397848 1200 
397901 538 
398040 218 
398090 543 
398155 222 
398182 401 
398190 505 
398228 191 
398243 5005 
398278 123 
398478 129 
398620 1874 
398658 1520 
398758 765 
398839 695 
398855 431 
398875 480 
398886 1580 
398893 1 
399162 9737 
399175 1387 
399190 2162 
399265 152 
399299 21 
399405 1416 
399436 1952 
399741 208 
399812 24 
399844 491 
400302 1657 
400317 1215 
400418 2012 
400444 263 
400554 258 
400647 1640 
400653 388 
400934 163 
401086 1205 
401271 1126 
401292 765 
401448 616 
401527 323 
401567 618 
401618 5794 
402367 67 
402427 325 
402470 468 
402538 220 
402706 1040 
403109 2091 
403139 1686 
403166 1195 
403220 1342 
403444 280 
403559 745 
403586 63 
403623 745 
403715 28 
404312 1802 
404345 3262 
404375 648 
404916 57 
404920 2119 
405001 282 
405008 1323 
405709 1215 
405759 964 
405764 313 
405947 115 
405952 2333 
405982 228 
406011 61 
406688 5551 
406759 911 
406803 1032 
406825 2334 
406841 666 
406866 5093 
406895 2780 
406926 441 
406937 2531 
406971 181 
407025 216 
407119 950 
407163 966 
407208 736 
407273 231 
407451 979 
407519 960 
407604 795 
408617 889 
408740 1106 
408950 278 
408980 144 
409146 202 
409253 191 
409580 216 
409890 239 
410150 721 
410154 766 
411108 354 
411125 547 
411312 247 
411313 596 
411626 77 
412295 257 
412367 718 
413235 59 
413246 733 
414104 226 
419043 404 
419321 106 
421160 328 
423124 195 
423877 912 
425110 217 
425888 57 
426884 3624 
426896 1279 
426913 430 
427782 164 
431185 4053 
432322 841 
433870 150 
437280 237 
438356 423 
438823 1890 
438845 3164 
438929 831 
438958 794 
439352 78 
443496 101 
446945 722 
447938 425 
450705 1116 
452295 748 
457345 1124 
458268 412 
458717 1380 
459410 326 
461001 145 
463060 6499 
463060 6499 
463367 9776 
463392 776 
464043 788 
464079 6055 
464086 885 
464159 33 
465337 998 
465421 1260 
465430 10367 
465520 4416 
465532 1770 
465571 827 
465886 596 
465967 1497 
466137 682 
466228 503 
467433 37 
468843 1520 
468912 772 
471091 730 
474510 702 
474602 389 
477680 4199 
480363 343 
480702 559 
481097 1233 
481693 432 
481717 2235 
481820 841 
481839 893 
481884 46 
482285 2057 
482447 400 
483013 291 
483108 661 
483238 238 
485025 278 
487201 706 
487260 1471 
487270 999 
488417 751 
490258 1065 
490499 1414 
490536 390 
491516 5570 
493471 3984 
494352 619 
494749 231 
495674 546 
498778 500 
499801 66 
501921 1739 
503693 1039 
503701 1216 
503729 575 
503734 6154 
504368 1516 
506429 1415 
506850 137 
507554 68 
508601 52205 
508618 77 
508625 652 
508625 1319 
508627 199 
508628 904 
508629 118 
508635 197 
508635 997 
508637 220 
508649 2258 
508657 1865 
508661 458 
508662 813 
508662 490 
508736 1911 
508740 1510 
508763 795 
508772 648 
508774 254 
508774 567 
508774 101 
508788 240 
508813 169 
508835 591 
508870 162 
508890 694 
508953 64 
509008 52 
509044 29 
509048 38 
509181 1074 
509210 512 
509484 677 
509771 870 
509824 176 
511925 1082 
512535 1047 
513002 219 
514076 1695 
515114 238 
515158 119 
515852 20 
516288 79 
517398 923 
521376 184 
521516 1709 
521571 2132 
521609 508 
521617 690 
521898 247 
522285 1888 
523234 238 
527446 170 
528709 667 
531130 1896 
533609 1133 
533670 321 
533689 233 
533693 120 
534995 90 
535010 1565 
535769 229 
539782 394 
553630 12284 
553675 427 
553969 426 
555355 159 
556058 222 
558679 399 
558730 328 
559443 438 
560464 806 
566955 40 
572507 6712 
573740 964 
574854 1120 
575447 35 
580242 715 
584321 386 
584338 705 
585526 623 
586561 736 
602450 1109 
603697 1306 
