2321 9.20712962963
0 300675 
22 59 
26 48 
29 204 
31 685 
32 407 
34 78 
39 245 
40 168 
42 154 
46 64 
46 183 
47 14 
47 97 
50 357 
51 486 
51 367 
52 146 
52 204 
53 701 
55 55 
57 186 
58 114 
58 855 
59 124 
60 187 
61 184 
61 228 
61 137 
61 172 
62 878 
63 190 
64 37 
67 270 
67 393 
69 77 
70 1652 
72 73 
75 178 
80 92 
81 98 
81 325 
82 920 
84 67 
85 55 
88 435 
90 191 
92 36 
92 8 
93 457 
95 190 
96 241 
96 264 
97 192 
109 245 
111 240 
113 449 
120 176 
120 36 
125 1362 
133 247 
134 37 
138 45 
139 116 
146 83 
149 617 
151 412 
154 125 
154 240 
155 79 
156 311 
156 46 
162 111 
163 142 
167 57 
167 500 
173 83 
177 26 
191 138 
195 521 
195 302 
197 63 
202 785 
202 169 
215 481 
216 313 
219 83 
222 88 
249 183 
249 149 
272 97 
281 29 
283 250 
287 30 
296 39 
301 194 
313 5 
317 154 
319 129 
320 27 
320 105 
321 777 
326 52 
327 88 
332 234 
334 611 
337 1279 
347 109 
348 31 
350 107 
362 95 
371 40 
377 116 
378 192 
378 30 
382 1004 
383 192 
398 107 
404 154 
405 533 
409 11442 
411 310 
441 151 
441 16 
459 397 
469 41 
487 353 
501 253 
505 24 
505 75 
524 161 
524 11 
531 267 
536 561 
540 360 
549 40 
586 386 
586 25 
594 132 
600 48 
605 219 
615 123 
619 244 
624 324 
639 621 
646 98 
647 1928 
659 98 
659 257 
661 119 
668 89 
677 312 
690 367 
694 249 
697 204 
701 315 
704 127 
714 88 
717 42 
722 49 
727 95 
727 179 
728 29 
731 316 
740 437 
748 110 
752 149 
759 189 
769 303 
783 109 
794 184 
801 37 
806 127 
816 170 
851 228 
853 656 
912 99 
914 16 
942 14 
947 1358 
948 119 
956 52 
957 420 
957 35 
957 86 
960 157 
962 48 
968 125 
986 1815 
1028 155 
1028 212 
1032 65 
1093 83 
1094 154 
1104 340 
1120 248 
1134 284 
1155 131 
1159 31 
1162 32 
1166 15 
1174 136 
1180 250 
1204 657 
1209 164 
1210 19 
1214 138 
1221 126 
1223 131 
1233 121 
1234 34 
1265 605 
1272 119 
1275 188 
1290 1708 
1306 167 
1355 42 
1356 182 
1378 148 
1381 651 
1381 124 
1400 225 
1430 376 
1450 343 
1454 242 
1463 256 
1477 1 
1489 1137 
1521 162 
1522 190 
1526 268 
1528 158 
1539 184 
1551 616 
1594 57 
1618 1074 
1632 61 
1639 35 
1673 150 
1701 367680 
1710 220 
1729 457 
1732 97 
1734 44 
1736 240 
1736 156 
1739 226 
1745 64 
1747 164 
1750 161 
1750 310 
1756 47 
1759 161 
1759 44 
1760 104 
1761 140 
1761 84 
1762 51 
1764 472 
1770 91 
1778 343 
1785 258 
1789 216 
1792 430 
1794 270 
1795 109 
1795 488 
1795 136 
1797 138 
1801 575 
1801 125 
1816 66 
1817 91 
1821 192 
1824 129 
1824 590 
1824 61 
1825 137 
1827 288 
1827 48 
1828 19 
1830 51 
1830 772 
1837 27 
1838 29 
1839 3 
1844 267 
1846 111 
1847 1773 
1864 64 
1868 66 
1873 231 
1873 250 
1877 29 
1886 44 
1894 222 
1897 56 
1901 326 
1906 186 
1908 367 
1912 590 
1914 15 
1918 43 
1921 2072 
1922 190 
1928 294 
1936 2489 
1941 176 
1945 45 
1948 143 
1955 235 
1961 382 
1967 280 
1970 495 
1975 3296 
1981 556 
1989 45 
1990 66 
2001 254 
2021 209 
2023 68 
2028 355 
2028 231 
2029 106 
2034 174 
2044 157 
2051 41 
2058 50 
2059 17 
2061 227 
2066 156 
2067 795 
2070 309 
2078 180 
2079 53 
2080 90 
2086 66 
2089 28 
2090 663 
2108 151 
2109 75 
2110 21 
2114 211 
2138 1265 
2140 117 
2187 190 
2189 24 
2192 91 
2205 184 
2207 15 
2227 390 
2229 107 
2243 108 
2244 30 
2244 414 
2270 45 
2278 396 
2279 528 
2279 438 
2291 43 
2291 127 
2294 62 
2298 94 
2301 28 
2301 236 
2306 124 
2306 130 
2319 125 
2325 63 
2334 111 
2347 181 
2349 23 
2355 163 
2373 332 
2379 116 
2392 143 
2431 34 
2433 282 
2451 83 
2469 55 
2470 1972 
2475 69 
2499 16 
2510 9 
2511 16 
2521 211 
2564 22 
2573 40 
2602 82 
2604 336 
2611 137 
2620 15 
2651 232 
2660 50 
2695 86 
2696 20 
2701 199 
2702 284 
2718 320 
2767 394 
2770 17 
2785 602 
2788 99 
2810 22 
2904 135 
2905 207 
2970 33 
2982 478 
3047 47 
3063 310 
3106 238 
3162 63 
3177 313 
3285 10 
3289 133 
3291 23 
3300 21 
3326 101 
3360 539 
3403 630 
3403 66 
3436 64 
3483 52 
3531 207 
3540 764 
3546 44 
3564 138 
3573 1396 
3583 726 
3609 35 
3622 371 
3670 329 
3691 9 
3701 16 
3706 2853 
3721 14 
3722 39 
3794 224 
3803 60 
3812 695 
3826 277 
3831 239 
3919 105 
3926 205 
3969 65 
3977 142 
3983 50 
4082 48 
4139 8 
4199 17 
4228 29 
4247 93 
4353 433 
4457 303 
4458 24 
4464 92 
4490 127 
4537 13 
4550 216 
4566 127 
4571 129 
4623 1069 
4661 79 
4695 45 
4719 21 
4788 79 
4825 36 
4851 91 
4865 39 
4887 841 
4925 513 
4956 11 
5021 39 
5047 3 
5078 64 
5082 531 
5122 19 
5153 64 
5180 204 
5274 1286 
5336 533 
5391 44 
5411 12 
5438 21 
5460 595 
5523 929 
5528 36 
5619 27 
5649 57 
5723 87 
5739 610 
5755 96 
5762 11 
5771 78 
5840 23 
5855 84 
5953 100 
5954 665 
5962 173 
5971 73 
5978 93 
5999 163 
6007 856 
6047 25 
6065 13 
6153 245 
6175 51 
6192 58 
6273 129 
6343 60 
6353 927 
6386 0 
6446 112 
6493 254 
6511 285 
6530 11 
6543 229 
6601 40 
6616 100 
6657 318 
6709 37 
6762 1057 
6776 165 
6780 817 
6793 15 
6829 2524 
6886 8 
6934 370 
6973 117 
7019 138 
7031 54 
7060 247 
7077 65 
7098 466 
7127 148 
7127 77 
7131 53 
7209 200 
7221 156 
7238 243 
7272 98 
7306 99 
7334 128 
7349 350 
7361 125 
7418 131 
7421 105 
7473 59 
7487 349 
7493 95 
7533 184 
7557 181 
7632 3056 
7655 165 
7697 377 
7750 272 
7764 40 
7770 141 
7786 65 
7789 543 
7830 71 
7831 33 
7837 345 
7891 60 
7896 27 
7905 455 
7980 166 
8007 335 
8012 24 
8014 21 
8059 26 
8092 192 
8137 62 
8156 18 
8185 216 
8195 202 
8203 389 
8241 6 
8309 108 
8314 94 
8327 24 
8363 73 
8370 111 
8373 328 
8389 44 
8437 117 
8487 85 
8514 110 
8649 105 
8676 621 
8677 169 
8691 288 
8781 2153 
8807 35 
8808 31 
8861 167 
8930 44 
9001 1838 
9048 60 
9076 21 
9085 62 
9149 108 
9376 1 
9376 28 
9422 67 
9476 63 
9494 94 
9514 1167 
9549 31 
9614 250 
9635 82 
9738 45 
9857 60 
9953 416 
10062 256 
10099 1533 
10108 51 
10216 31 
10294 368 
10318 38 
10416 45 
10420 75 
10457 65 
10508 1065 
10561 294 
10579 110 
10600 26 
10750 361 
10787 19 
10863 92 
10895 348 
10947 548 
10948 291 
11018 8 
11111 22 
11168 558 
11215 110 
11318 275 
11423 89 
11659 663 
11763 46 
11811 350 
11883 410 
11924 150 
12000 19 
12014 20 
12044 734 
12099 378 
12111 100 
12124 569 
12126 1442 
12308 115 
12351 377 
12496 194 
12658 181 
12706 795 
12740 7 
12782 69 
12825 162 
12863 21 
12873 259 
12875 95 
12879 175 
12951 741 
12962 443 
12970 18 
12983 265 
13009 112 
13028 774 
13042 330 
13063 64 
13063 16 
13349 698 
13393 182 
13430 502 
13609 320 
13809 163 
13835 192 
13942 121 
13964 42 
14415 47 
14464 179 
14477 333 
14482 7 
14619 16 
14757 87 
14776 529 
14799 566 
14856 274 
14919 61 
14934 506 
14956 73 
14995 750 
14997 748 
15005 32 
15073 75 
15089 13 
15096 172 
15130 91 
15146 35 
15180 123 
15196 99 
15202 257 
15208 559 
15220 28 
15271 260 
15305 105 
15402 66 
15665 40 
15674 12 
15692 255 
15818 23 
15868 257 
15953 18 
16163 513 
16165 2370 
16196 305 
16212 88 
16302 542 
16377 46 
16471 32 
16534 44 
16538 71 
16573 15 
16584 9 
16653 50 
16676 34 
16797 22 
16840 47 
16899 125 
16944 1 
16957 293 
16988 165 
16990 357 
17052 37 
17073 43 
17082 150 
17116 50 
17172 5 
17181 119 
17490 22 
17521 97 
17521 64 
17523 331 
17540 290 
17601 154 
17873 427 
17893 104 
18082 948 
18084 1035 
18106 2323 
18162 265 
18202 39 
18240 40 
18264 1 
18314 162 
18325 1581 
19861 180 
19862 43 
19898 61 
19935 14 
19941 496 
19975 69 
19990 17 
20020 147 
20045 0 
20194 62 
20206 47 
20251 874 
20262 92 
20270 118 
20291 15 
20298 164 
20301 66 
20412 108 
20418 3040 
20468 218 
20506 644 
20530 41 
20565 78 
20577 970 
20591 448 
20600 135 
20642 67 
20861 720 
20900 25 
20903 16 
20905 5 
20943 138 
21036 146 
21085 64 
21105 3 
21143 148 
21237 98 
21383 684 
21388 44 
21499 212 
21572 74 
21650 7 
21668 82 
21731 155 
21826 161 
21896 110 
21920 41 
22082 9 
22096 2329 
22241 207 
22374 38 
22378 59 
22419 691 
22498 113 
22522 136 
22606 24 
22617 397 
22678 220 
22694 68 
22821 182 
22923 20 
23018 292 
23148 412 
23302 169 
23392 29 
24289 313 
24452 58 
24477 160 
24492 16 
24499 387 
24532 1341 
24539 3 
24588 176 
24614 18 
24635 76 
24646 69 
24696 65 
24710 28 
24722 22 
24749 33 
24767 164 
24816 385 
24873 97 
24896 251 
24900 70 
24916 37 
24958 32 
24981 68 
25002 1 
25033 85 
25062 60 
25106 2054 
25108 3 
25112 1035 
25149 85 
25223 231 
25273 2761 
25317 31 
25329 65 
25361 125 
25424 427 
25455 330 
25472 130 
25608 483 
25669 176 
25710 91 
25749 23 
25772 32 
25863 117 
25872 289 
25906 8 
25936 42 
25947 51 
25974 608 
26015 64 
26028 582 
26097 421 
26104 9 
26190 238 
26208 37 
26241 469 
26286 143 
26287 591 
26303 305 
26371 552 
26378 37 
26477 29 
26481 76 
26493 327 
26502 113 
26523 490 
26539 130 
26552 30 
26569 96 
26573 3 
26574 68 
26587 1181 
26594 102 
26596 2 
26612 185 
26612 1068 
26641 116 
26671 627 
26712 171 
26739 295 
26746 19 
26755 27 
26760 31 
26812 151 
26859 210 
26861 884 
26869 379 
26916 34 
26923 21 
26958 30 
26991 15 
27040 173 
27075 75 
27096 38 
27126 419 
27166 494 
27206 605 
27230 33 
27234 172 
27239 103 
27244 34 
27260 6 
27263 4 
27329 115 
27393 25 
27421 63 
27429 42 
27437 29 
28756 10 
28874 7647 
28875 82 
28895 1541 
28899 162 
28901 14 
28904 532 
28927 225 
28936 670 
28948 259 
28950 445 
28957 100 
28962 845 
29000 621 
29010 1771 
29043 17 
29047 106 
29056 32 
29084 295 
29088 1208 
29097 144 
29111 38 
29124 345 
29150 184 
29183 66 
29195 329 
29230 70 
29261 239 
29265 29 
29275 372 
29292 79 
29314 341 
29323 16 
29375 315 
29427 58 
29431 111 
29536 343 
29537 106 
29541 3162 
29554 30 
29566 248 
29650 284 
29664 34 
29703 152 
29743 564 
29760 99 
29787 251 
29790 1438 
29825 1009 
29861 9 
29861 37 
29871 32 
29891 40 
29918 16 
29939 165 
29947 23 
29957 686 
29976 649 
29983 4134 
30027 61 
30030 184 
30045 749 
30049 826 
30066 105 
30087 41 
30122 21 
30122 21 
30130 206 
30130 206 
30131 10 
30131 10 
30176 167 
30181 120 
30190 543 
30197 72 
30216 1142 
30262 404 
30271 408 
30277 15 
30278 61 
30299 33 
30302 164 
30335 32 
30404 61 
30404 17 
30407 13 
30414 123 
30430 2535 
30436 76 
30440 190 
30532 58 
30550 1760 
30577 881 
30613 10 
30638 432 
30652 13 
30657 104 
30659 227 
30692 215 
30696 29 
30723 357 
30723 155 
30739 172 
30779 117 
30779 70 
30840 241 
30851 70 
30853 131 
30863 126 
30893 109 
30935 46 
30973 63 
30974 103 
30983 133 
31011 0 
31025 27 
31030 170 
31058 408 
31068 60 
31071 510 
31101 124 
31170 8 
31174 74 
31278 45 
31306 96 
31329 60 
31390 19 
31397 130 
31405 291 
31425 89 
31441 286 
31444 63 
31449 244 
31456 10 
31496 19 
31514 472 
31570 84 
31578 84 
31580 269 
31599 41 
31655 519 
31664 34 
31665 1862 
31667 8 
31667 172 
31674 1314 
31723 120 
31745 190 
31761 236 
31787 174 
31860 185 
31869 236 
31886 251 
31887 122 
31899 333 
31946 4 
31950 30 
32048 3026 
32117 1012 
32140 62 
32149 1748 
32152 442 
32158 154 
32161 0 
32163 53 
32171 859 
32256 625 
32259 88 
32285 150 
32302 115 
32315 100 
32318 373 
32332 88 
32366 85 
32382 57 
32390 168 
32443 8 
32527 60 
32548 296 
32595 188 
32608 46 
32625 262 
32631 8 
32637 101 
32644 163 
32648 84 
32669 1530 
32746 450 
32770 4102 
32774 18 
32901 964 
32910 309 
32914 312 
32917 24 
32985 31 
33011 100 
33016 259 
33075 1690 
33086 133 
33088 518 
33094 123 
33188 1015 
33199 82 
33206 289 
33225 351 
33225 169 
33251 32 
33258 95 
33267 125 
33269 94 
33289 745 
33293 33 
33314 84 
33314 136 
33333 561 
33426 108 
33427 273 
33429 6 
33445 22 
33468 266 
33476 164 
33477 129 
33484 886 
33485 143 
33485 52 
33492 35 
33589 591 
33608 1969 
33613 622 
33615 4104 
33631 916 
33632 85 
33636 30 
33646 23 
33659 110 
33668 6 
33713 30 
33722 159 
33727 88 
33727 814 
33745 54 
33776 369 
33865 247 
33884 1849 
33913 201 
33922 217 
33928 12 
33966 164 
33986 128 
33990 428 
34027 20 
34077 28 
34081 170 
34095 495 
34163 205 
34182 80 
34219 296 
34233 36 
34238 152 
34257 502 
34264 62 
34267 335 
34279 559 
34292 181 
34316 125 
34328 1090 
34334 127 
34402 0 
34424 9 
34428 267 
34444 146 
34471 42 
34481 99 
34497 45 
34502 40 
34503 86 
34505 659 
34559 28 
34587 20 
34594 1612 
34705 86 
34722 30 
34758 159 
34764 47 
34785 94 
34803 191 
34817 0 
34837 1 
34863 47 
34867 59 
34878 99 
34952 62 
34968 155 
34978 239 
35008 79 
35011 947 
35028 64 
35030 223 
35038 302 
35039 60 
35055 90 
35068 143 
35072 854 
35084 44 
35086 93 
35092 1195 
35092 47 
35097 137 
35100 857 
35106 961 
35218 124 
35220 184 
35253 41 
35273 109 
35274 0 
35285 201 
35291 103 
35321 28 
35336 1020 
35364 655 
35483 558 
35500 1490 
35566 1394 
35575 1255 
35580 548 
35667 199 
35678 164 
35704 66 
35727 316 
35728 477 
35735 347 
35751 76 
35765 111 
35776 64 
35777 79 
35779 202 
35797 60 
35821 183 
35823 181 
35905 131 
35910 39 
35911 153 
35933 464 
35939 220 
35945 131 
35956 583 
35979 453 
35980 5 
36001 153 
36003 90 
36026 47 
36108 1094 
36114 158 
36116 68 
36147 69 
36153 121 
36167 509 
36181 93 
36181 478 
36188 236 
36190 47 
36262 0 
36279 32 
36284 293 
36296 122 
36303 26 
36305 97 
36329 103 
36418 78 
36439 41 
36440 1098 
36450 442 
36487 94 
36488 1158 
36497 75 
36511 5 
36513 252 
36519 122 
36631 106 
36635 207 
36681 383 
36692 95 
36701 103 
36717 7 
36747 668 
36753 32 
36759 1177 
36762 215 
36833 284 
36875 109 
36886 51 
36899 4 
36905 701 
37006 47 
37016 36 
37040 65 
37047 857 
37049 25 
37052 54 
37076 112 
37146 25 
37158 10823 
37162 32 
37163 89 
37170 221 
37199 14 
37201 176 
37217 386 
37235 556 
37249 3050 
37254 59 
37256 40 
37257 759 
37263 806 
37271 43 
37280 2348 
37345 68 
37355 737 
37373 95 
37374 62 
37396 268 
37397 918 
37405 43 
37407 390 
37427 136 
37439 1212 
37440 123 
37446 192 
37447 157 
37455 184 
37460 79 
37524 49 
37526 172 
37531 7 
37538 181 
37554 33 
37562 293 
37567 201 
37573 1706 
37574 66 
37599 178 
37624 279 
37636 119 
37637 63 
37640 258 
37643 420 
37655 47 
37719 804 
37722 58 
37732 13 
37741 260 
37759 200 
37778 1433 
37795 84 
37855 40 
37855 383 
37913 226 
37939 333 
37961 1284 
38069 25 
38084 55 
38114 333 
38133 25 
38147 130 
38158 787 
38165 17 
38236 67 
38238 81 
38240 175 
38261 134 
38264 455 
38311 144 
38325 93 
38326 5037 
38344 63 
38357 36 
38444 395 
38472 671 
38472 605 
38605 275 
38630 72 
38639 311 
38655 29 
38658 1655 
38663 6 
38665 72 
38665 160 
38667 1644 
38671 82 
38675 50 
38679 45 
38681 13 
38683 64 
38690 143 
38698 108 
38751 261 
38758 64 
38765 228 
38773 892 
38775 76 
38790 1553 
38794 149 
38815 195 
38816 21 
38821 116 
38831 478 
38837 1883 
38838 92 
38842 41 
38844 16 
38854 2258 
38856 189 
38859 47 
38861 47 
38868 250 
38870 64 
38925 346 
38930 79 
38930 718 
38956 48 
38957 266 
38976 116 
39006 19 
39048 57 
39052 29 
39131 1 
39172 0 
39178 49 
39189 61 
39207 23 
39292 103 
39317 104 
39331 104 
39341 394 
39351 316 
39360 359 
39361 107 
39386 174 
39391 282 
39479 93 
39482 226 
39542 2311 
39545 31 
39563 64 
39572 20 
39574 104 
39577 65 
39668 467 
39670 84 
39686 219 
39693 86 
39716 165 
39718 58 
39749 175 
39855 297 
39893 65 
39916 40 
39916 90 
39931 19 
40002 118 
40028 21 
40048 1107 
40079 441 
40080 196 
40155 17 
40163 2532 
40188 34 
40198 106 
40212 253 
40219 118 
40240 32 
40338 17 
40347 222 
40494 855 
40506 70 
40536 569 
40541 5 
40618 90 
40644 79 
40651 1308 
40952 124 
41012 3 
41017 29 
41039 812 
41047 289 
41058 53 
41165 79 
41253 90 
41373 99 
41396 356 
41461 209 
41533 854 
41547 357 
41567 132 
41580 93 
41673 68 
41782 84 
41801 60 
41832 78 
42164 83 
42209 147 
42285 46 
42304 48 
42592 57 
42639 126 
42691 175 
42803 251 
42820 13 
42896 22 
42903 138 
43309 124 
43446 71 
43456 73 
43619 367 
43666 162 
43710 35 
43838 345 
44497 44 
44525 50 
44611 40 
44782 252 
44835 1239 
44990 172 
45010 109 
45253 40 
45261 282 
45324 21 
45760 312 
45792 251 
45839 69 
45899 15 
45907 38 
46075 82 
46076 145 
46116 157 
46205 286 
46593 74 
46624 189 
46640 1618 
46670 33 
46698 97 
46701 126 
46714 79 
46798 90 
46915 515 
46919 79 
47044 335 
47165 293 
47191 59 
47588 390 
47614 17 
47622 50 
47637 589 
47906 9 
48267 3234 
48278 328 
48305 39 
48311 69 
48434 68 
48542 771 
48583 279 
48594 108 
48766 136 
49041 16 
49066 89 
49173 143 
49209 65 
49211 7784 
49320 113 
49325 249 
49343 108 
49409 119 
49477 203 
49675 63 
49676 156 
49766 45 
49837 19 
50226 270 
50306 85 
50414 320 
50425 54 
50496 1090 
50749 64 
50884 191 
50992 57 
51018 72 
51226 102 
51587 26 
51616 337 
51707 352 
52021 33 
52114 170 
52150 156 
52175 1682049 
52248 220 
52250 73 
52250 125 
52252 23 
52254 29 
52254 50 
52254 135 
52255 68 
52257 46 
52258 46 
52265 76 
52266 32 
52270 171 
52271 30 
52273 92 
52273 116 
52276 114 
52278 266 
52278 82 
52280 79 
52281 118 
52281 54 
52282 10 
52282 117 
52283 272 
52283 147 
52284 35 
52287 93 
52288 85 
52288 32 
52289 157 
52290 17 
52294 6 
52297 55 
52297 13 
52297 4771 
52299 62 
52299 50 
52300 9 
52302 131 
52302 87 
52303 55 
52307 163 
52307 100 
52315 543 
52315 54 
52317 152 
52318 36 
52319 89 
52323 78 
52325 116 
52325 173 
52325 12 
52331 20 
52333 655 
52334 54 
52335 35 
52340 132 
52340 8 
52346 7 
52351 75 
52351 69 
52352 63 
52358 92 
52359 198 
52359 327 
52363 64 
52365 20 
52372 9 
52374 68 
52376 12 
52382 38 
52382 273 
52385 37 
52386 106 
52395 40 
52398 945 
52400 69 
52401 76 
52401 34 
52466 19 
52483 6 
52490 53 
52500 29 
52501 41 
52501 60 
52512 0 
52520 15 
52522 11 
52531 130 
52535 14 
52536 82 
52537 545 
52547 17 
52550 107 
52557 49 
52562 22 
52564 204 
52569 30 
52569 21 
52570 17 
52580 142 
52582 146 
52587 22 
52592 28 
52601 6 
52605 133 
52611 369 
52616 27 
52621 65 
52626 76 
52628 4 
52631 155 
52633 94 
52641 4 
52642 113 
52644 123 
52705 35 
52705 113 
52706 12 
52725 1012 
52728 101 
52730 183 
52731 152 
52731 328 
52731 43 
52734 133 
52757 127 
52767 106 
52776 81 
52780 85 
52780 35 
52783 64 
52791 2 
52792 214 
52794 102 
52799 59 
52805 106 
52822 64 
52853 63 
52855 131 
52855 215 
52857 11 
52859 90 
52868 1779 
52930 117 
52933 57 
52946 139 
52950 32 
52953 58 
52954 1565 
52958 12 
52971 73 
52985 302 
52991 17 
52996 128 
52999 31 
53007 61 
53029 11 
53035 59 
53037 28 
53042 301 
53121 5 
53124 72 
53130 358 
53131 83 
53134 130 
53170 11 
53189 88 
53206 36 
53272 28 
53281 74 
53286 121 
53293 132 
53300 207 
53303 130 
53309 318 
53348 75 
53384 16 
53508 176 
53516 56 
53530 27 
53546 23 
53569 94 
53675 11 
53677 90 
53678 31 
53679 3 
53695 34 
53697 106 
53706 46 
53728 61 
53730 62 
53750 4 
53761 375 
53762 132 
53763 11 
53768 96 
53846 646 
53850 12 
53864 142 
53911 43 
53925 96 
53940 28 
53952 6 
54043 64 
54055 65 
54058 38 
54062 87 
54113 323 
54135 271 
54136 72 
54148 171 
54157 21 
54217 8 
54237 31 
54237 303 
54260 15 
54308 44 
54328 67 
54353 24 
54410 45 
54464 19 
54464 7 
54490 29 
54511 2047 
54525 59 
54528 91 
54652 101 
54656 44 
54679 1020 
54735 694 
54757 77 
54778 34 
54803 18 
54924 40 
54950 238 
54951 132 
54963 128 
55014 35 
55065 40 
55191 6 
55207 105 
55215 19 
55219 227 
55248 437 
55249 83 
55266 19 
55277 20 
55297 6 
55330 21 
55330 14 
55525 169 
55559 5472 
55581 110 
55597 205 
55698 123 
55724 5 
55774 84 
55863 105 
55864 132 
55874 387 
56024 42 
56064 60 
56089 18 
56172 150 
56187 144 
56231 8 
56333 14 
56377 1193 
56404 65 
56414 1429 
56428 0 
56471 36 
56487 43 
56495 1075 
56501 77 
56553 8 
56561 98 
56698 164 
56714 50 
56727 170 
56776 14 
57006 83 
57020 27 
57058 97 
57129 359 
57130 67 
57238 179 
57269 5 
57371 10 
57480 3771 
57565 8 
57573 55 
57638 8 
57678 55 
57783 67 
57867 59 
57944 14 
57984 152 
58017 132 
58032 23 
58074 13 
58210 133 
58305 17 
58385 3 
58404 34 
58435 24 
58532 11 
58690 99 
58709 159 
58819 42 
58833 3 
58862 173 
58901 8 
58916 123 
59048 108 
59144 11 
59151 33 
59205 5 
59217 9 
59267 86 
59301 66 
59312 53 
59487 84 
59544 1672 
59599 58 
59600 320 
59652 45 
59652 27 
59787 87 
59800 184 
59817 14 
59874 20 
59889 45 
59960 61 
60187 66 
60199 32 
60266 19 
60347 17 
60402 72 
60434 23 
60644 377 
60691 218 
60779 8 
60808 81 
60810 0 
60821 74 
60944 30 
61022 31 
61288 466 
61305 52 
61394 33 
61427 3212 
61443 14 
61573 72 
61729 48 
61951 111 
61976 107 
61986 72 
62011 21 
62288 181 
62289 25 
62575 23 
62692 66 
62794 27 
62796 111 
62918 20 
62937 30 
63142 24 
63154 377 
63381 9 
63776 39 
64057 93 
64084 37 
64119 47 
64123 36 
64145 5 
64694 19 
64787 50 
64972 19 
64981 156 
65033 76 
65149 65 
65227 21 
65229 65 
65256 160 
65386 1 
65410 91 
65507 10 
65562 6 
65580 6 
65680 7 
65746 97 
65775 16 
65907 67 
66223 11 
66347 5 
66402 61 
66436 54 
66671 36 
66717 34 
67027 29 
67196 71 
67229 43 
67314 17 
67384 1229 
67717 0 
68174 103 
68176 18 
68305 15 
68575 10 
68808 76 
68820 62 
68827 120 
69043 139 
69063 136 
69136 157 
69270 22 
69507 21 
69515 43 
69528 33 
69859 158 
70295 30 
70355 17 
70471 37 
70486 48 
70504 12 
70509 362 
70700 82 
70924 14 
71301 36 
71303 99 
72175 43 
72391 127 
72674 8 
73323 1 
73610 19 
73650 5 
73775 42 
73851 157 
74162 20 
74785 33 
75139 54 
75468 45 
75545 63 
76150 32 
76396 41 
76877 246 
76998 1126 
77370 55 
77443 424 
77678 7 
77941 5 
78279 49 
78415 24 
79518 10 
79630 821 
79673 26 
79745 24 
79809 26 
80926 5 
81050 24 
81050 11 
81086 98 
81352 36 
81450 42 
81735 6 
81873 242 
82130 23 
82365 52 
83211 132 
83341 72 
83406 74 
83577 28 
83865 76 
83929 163 
84033 11 
84424 2655 
84441 6 
84527 188 
84558 0 
84713 143 
85515 5 
85523 152 
85730 53 
85773 267 
85832 2585 
85946 23 
86140 158 
87238 89 
87375 113 
87473 21 
88877 512 
89208 200 
89354 129 
89392 1173 
89639 63 
89884 94 
90107 717 
90196 112 
90963 3 
93170 188 
93666 12 
93746 5 
93839 8 
94539 72 
95055 3 
95305 101 
95423 988 
95823 0 
95868 23 
96260 120 
96907 117 
97157 115 
97306 5 
97736 20 
97796 24 
98150 49 
99164 99 
99298 46 
100193 18 
100250 150 
100291 71 
100850 19 
100943 28 
102040 23 
102280 128 
102969 10 
103710 126 
103843 19 
104202 166 
104519 1296 
105762 387 
106448 73 
107276 3 
107624 27 
107681 24 
107740 22 
107964 1106 
108005 94 
108077 113 
108358 31 
108888 171 
109299 64 
109501 147 
109587 112 
109644 59 
110398 61 
111172 67 
111556 234 
111614 173 
112075 9 
112095 13 
112443 56 
112885 97 
113762 38 
114048 17 
114737 169 
115773 767 
115904 128 
116133 3 
116357 35 
116453 389 
116680 139 
116781 94 
117182 77 
117213 0 
117285 167 
117434 58 
117697 63 
117764 264 
118026 241 
118851 160 
119031 26 
120016 8 
120168 80 
120178 158 
120504 33 
121709 47 
121873 188 
122510 11 
122724 98 
122979 27 
123621 164 
124753 1 
125686 9 
125749 22 
126371 894 
128578 8 
128598 15 
131812 47 
133093 96 
134586 171 
135454 154 
139978 104 
141204 30 
143247 252 
147060 3 
153520 30 
162104 42 
162958 4 
164061 58 
165530 348 
166257 37 
167749 14 
170003 98 
170573 0 
171477 66 
172124 39 
174559 12 
175243 43 
176197 645 
176878 40 
181157 79 
181985 199 
184508 33 
185047 163 
186807 81 
188065 16 
188362 6 
189388 363 
190406 496 
195090 54 
195293 104 
195670 66 
197404 46 
198811 50 
199016 727 
199218 1830 
199235 946 
199404 54 
199446 157 
199465 226 
199697 145 
201561 41 
202290 377 
202599 36 
202601 10 
206977 61 
207164 296 
207839 12 
208892 433 
210709 303 
211016 58 
213099 15 
213519 30 
214660 97 
215682 70 
217803 823 
225522 126 
228282 26 
238921 14 
257880 140 
258639 422 
258917 219 
260476 171 
263753 173 
274417 495 
292823 267 
295029 7436 
297395 0 
299431 7 
309289 8 
310035 29 
310999 1441 
312378 60 
315094 0 
333161 60 
346664 59 
361744 1 
362535 291 
362634 207 
373501 143 
379111 316 
389285 41 
390178 1350 
392923 56 
402905 34 
405163 23 
407504 178 
407698 145 
407973 203 
409553 487 
422943 1111 
423936 114 
427085 275 
427659 12 
469508 16 
490881 40 
506007 41 
509675 0 
517892 24 
524820 0 
559846 854 
560135 1303 
576542 18 
580238 55 
