2952 6.66523148148
0 13368859 
10 626 
12 685 
13 359 
13 1648 
16 1437 
16 1104 
18 548 
19 929 
19 2126 
20 1443 
20 509 
20 83 
21 506 
23 1876 
23 338 
24 81 
24 1861 
25 86 
25 276 
26 1186 
26 823 
26 447 
27 54 
28 1481 
32 200 
33 770 
34 369 
34 78 
36 2375 
37 848 
38 2016 
38 839 
38 6231 
40 215 
40 1103 
42 6502 
42 187 
43 810 
43 164 
43 1154 
45 707 
46 553 
50 633 
51 1463 
51 760 
51 172 
52 516 
53 694 
56 305 
56 2398 
58 254 
59 136 
59 418 
59 1297 
61 972 
61 144 
63 445 
63 138 
65 1992 
67 532 
68 3866 
68 939 
70 1470 
72 171 
73 3087 
74 66 
75 144 
75 24 
77 440 
77 14199 
78 436 
78 230 
80 99 
80 709 
81 1649 
82 125 
84 1682 
85 2073 
85 346 
87 345 
88 620 
89 701 
89 905 
90 873 
90 667 
91 234 
92 550 
93 367 
95 161 
96 92 
97 544 
97 1580 
97 3493 
100 1519 
101 1094 
101 669 
102 459 
104 1500 
106 534 
108 578 
108 3263 
109 2794 
109 227 
112 2800 
113 4188 
114 1164 
114 47 
117 194 
118 1113 
119 993 
120 1577 
122 595 
123 596 
123 1411 
124 1862 
127 7599 
127 94 
128 932 
132 509 
132 2140 
133 284 
134 1121 
136 8363 
137 916 
139 357 
141 356 
141 1379 
142 93 
142 1114 
142 343 
143 69 
146 279 
152 248 
158 9 
159 2009 
162 1251 
166 350 
166 83 
167 993 
167 60 
167 168 
167 86 
167 1116 
168 518 
169 34 
170 206 
172 244 
174 591 
175 330 
175 323 
178 769 
180 148 
181 93 
181 1049 
183 1297 
184 313 
184 7573 
185 9 
186 310 
193 1409 
203 45 
204 67 
204 100 
207 46 
208 3176 
209 1071 
209 213 
216 190 
216 5587 
221 727 
223 69 
225 1168 
228 177 
229 430 
230 827 
231 1162 
233 578 
237 373 
238 2613 
241 382 
243 237 
243 70 
251 623 
256 859 
257 886 
258 722 
266 131 
269 2606 
271 57 
271 214 
274 858 
279 2019 
282 259 
282 931 
298 82 
313 2036 
314 444 
318 637 
319 2245 
326 113 
330 683 
353 2940 
355 456 
356 6 
358 1283 
361 2062 
365 711 
385 117 
395 247 
396 811 
399 2759 
404 860 
410 1259 
417 153 
424 1204 
426 6374 
437 26 
437 143 
438 836 
441 1461 
441 915 
445 4 
450 781 
450 601 
455 34 
456 1377 
456 793 
459 769 
459 56 
464 1204 
471 580 
479 261 
488 485 
492 1223 
492 586 
496 1074 
502 733 
506 1167 
511 1499 
520 5168 
521 155 
526 1835 
532 2147 
534 333 
540 47 
545 366 
546 692 
548 206 
549 589 
550 1299 
557 159 
561 6590 
566 279 
570 369 
574 916 
586 770 
589 940 
592 363 
606 631 
608 156 
609 1178 
620 1489 
623 111 
635 3 
639 127 
644 187 
646 2088 
654 1613 
672 1254 
672 123 
674 2966 
678 956 
679 1954 
688 2128 
702 751 
704 2816 
705 399 
714 439 
715 219 
719 867 
724 81 
724 281 
725 455 
726 678 
727 75 
732 939 
738 1209 
741 36 
751 538 
755 332 
758 923 
760 667 
774 399 
786 54 
789 107 
790 384 
794 19 
794 1460 
796 770 
798 825 
814 137 
818 1167 
823 302 
825 125 
828 1503 
829 749 
831 152 
833 777 
834 1193 
836 59 
836 99 
838 956 
846 1265 
849 285 
859 266 
861 1038 
868 1203 
871 1436 
873 714 
880 305 
890 1529 
902 11472 
905 1926 
908 144 
911 391 
918 2824 
918 273 
920 3206 
932 997 
935 893 
938 3034 
940 1079 
948 32059 
952 1426 
961 647 
963 987 
966 881 
967 730 
970 186 
975 8386 
982 57 
984 1304 
1002 400 
1011 646 
1013 703 
1013 5 
1020 1166 
1021 1789 
1021 1863 
1022 1636 
1025 831 
1040 1110 
1041 526 
1043 877 
1045 332 
1045 1422 
1047 740 
1048 765 
1050 1699 
1062 843 
1071 484 
1073 395 
1074 362 
1074 365 
1074 334 
1076 172 
1076 1124 
1076 1191 
1081 1376 
1084 284 
1096 3294 
1099 496 
1107 891 
1108 1256 
1110 161 
1116 504 
1123 351 
1124 12 
1125 5411 
1133 109 
1154 951 
1157 307 
1158 1129 
1158 1647 
1160 1231 
1184 760 
1190 671 
1196 1270 
1204 1579 
1216 730 
1236 1251 
1248 380 
1257 424 
1267 288 
1282 540 
1287 221 
1296 81 
1303 1422 
1313 2935 
1322 269 
1322 46 
1330 543 
1337 1526 
1338 485 
1343 306 
1343 225 
1351 851 
1359 327 
1361 146 
1361 518 
1374 326 
1396 534 
1401 3198 
1415 91 
1419 882 
1419 164 
1424 31 
1430 1493 
1430 720 
1436 195 
1445 1183 
1467 812 
1471 339 
1477 951 
1484 855 
1491 658 
1496 103 
1496 855 
1502 781 
1507 131 
1507 12 
1512 1153 
1515 5710 
1518 62 
1529 1198 
1529 88 
1536 87 
1549 1310 
1562 166 
1563 2869 
1579 733 
1579 796 
1580 441 
1585 50 
1596 1880 
1604 952 
1604 1593 
1621 245 
1637 527 
1638 78 
1641 2776 
1645 582 
1647 1001 
1663 240 
1670 21 
1685 693 
1718 433 
1718 235 
1737 1279 
1741 789 
1742 1733 
1747 2477 
1755 70 
1756 438 
1759 182 
1763 2599 
1764 2950 
1764 1708 
1764 2854 
1771 110 
1776 866 
1783 1253 
1783 4649 
1798 1376 
1801 1761 
1810 338 
1828 306 
1828 3359 
1830 1464 
1843 325 
1847 883 
1855 92 
1855 260 
1856 1195 
1861 74 
1863 264 
1892 569 
1900 572 
1906 234 
1919 859 
1921 593 
1930 1704 
1931 2439 
1954 187 
1964 2307 
1964 1459 
1976 1081 
1984 193 
2000 1321 
2002 1060 
2017 1 
2024 15744 
2037 2477 
2046 975 
2055 8847 
2060 202 
2068 181 
2073 198 
2095 230 
2114 1605 
2115 76 
2115 2410 
2126 151 
2135 1548 
2149 50 
2152 25 
2156 843 
2172 300 
2172 781 
2182 529 
2193 119 
2206 321 
2248 571 
2249 109 
2265 1841 
2267 142 
2272 1055 
2287 1985 
2295 449 
2295 929 
2320 160 
2324 265 
2342 62 
2352 83 
2355 69 
2371 309 
2372 1315 
2389 2031 
2399 804 
2401 1538 
2408 2136 
2414 6362 
2421 100 
2423 2899 
2434 1463 
2448 4499 
2453 323 
2480 2149 
2505 562 
2505 151 
2508 340 
2511 1099 
2515 387 
2521 997 
2521 719 
2524 25 
2524 226 
2528 179 
2538 182 
2547 635 
2547 1414 
2556 2062 
2575 332 
2581 97 
2581 829 
2588 614 
2588 751 
2588 247 
2601 1577 
2608 85 
2609 3910 
2610 1212 
2612 519 
2643 509 
2647 536 
2664 51 
2665 71 
2675 4518 
2681 35 
2682 836 
2689 1293 
2692 662 
2699 741 
2732 2266 
2748 145 
2753 209 
2755 295 
2761 101 
2771 180 
2777 139 
2787 410 
2804 50 
2811 795 
2813 543 
2831 552 
2843 1058 
2855 367 
2855 876 
2870 1252 
2875 824 
2878 297 
2893 6387 
2894 1899 
2907 1095 
2910 2053 
2914 912 
2931 334 
2933 1381 
2935 318 
2938 1219 
2986 50 
2995 771 
2998 191 
3021 332 
3036 1097 
3059 2094 
3106 1040 
3124 1097 
3125 986 
3133 342 
3152 1129 
3155 51 
3158 209 
3160 901 
3160 49 
3170 270 
3175 590 
3177 1503 
3185 2122 
3188 785 
3211 598 
3224 202 
3251 33760 
3266 47 
3268 164 
3269 2803 
3280 149 
3293 664 
3296 6545 
3311 206 
3327 766 
3346 7133 
3350 1440 
3352 105 
3356 1397 
3359 5574 
3373 1709 
3387 72 
3389 330 
3392 575 
3395 328 
3420 14842 
3440 505 
3444 2875 
3457 1031 
3458 3605 
3462 1174 
3475 3618 
3476 738 
3490 1402 
3497 297 
3527 2035 
3533 547 
3533 296 
3542 806 
3556 750 
3574 651 
3608 238 
3609 1085 
3623 500 
3627 980 
3641 201 
3648 45 
3648 1021 
3664 1335 
3665 1049 
3667 1324 
3686 275 
3686 133 
3712 2760 
3718 305 
3727 1039 
3732 578 
3733 1460 
3734 144 
3743 850 
3757 1749 
3776 593 
3814 610 
3821 446 
3823 1092 
3823 98 
3831 835 
3833 4626 
3850 632 
3855 20 
3864 688 
3876 525 
3881 1204 
3888 917 
3892 2138 
3895 136 
3905 756 
3913 283 
3916 1204 
3925 1445 
3937 1605 
3938 2866 
3942 1269 
3946 1186 
3948 651 
3989 14 
4005 763 
4039 1366 
4044 436 
4044 1770 
4047 946 
4062 3657 
4074 718 
4081 1387 
4092 147 
4114 177 
4116 1024 
4133 2090 
4140 944 
4144 2072 
4193 109 
4209 898 
4211 57 
4241 312 
4244 1056 
4255 447 
4259 341 
4262 1747 
4268 2186 
4282 3232 
4294 530 
4308 149 
4310 1378 
4312 118 
4323 2791 
4332 278 
4332 121 
4332 900 
4334 192 
4358 1166 
4359 558 
4384 1113 
4387 1459 
4392 154 
4393 944 
4396 650 
4404 158 
4404 761 
4438 118 
4486 1107 
4516 571 
4525 30 
4549 1163 
4553 69 
4564 116 
4566 987 
4567 717 
4578 156 
4582 1026 
4586 1195 
4588 560 
4590 624 
4599 1715 
4619 190 
4627 682 
4671 645 
4687 1492 
4693 732 
4711 266 
4715 488 
4715 564 
4728 1013 
4735 163 
4757 241 
4763 187 
4769 240 
4769 164 
4803 193 
4808 41262 
4812 238 
4824 1074 
4836 2028 
4840 26 
4844 2373 
4853 1430 
4853 21 
4855 1985 
4875 1944 
4914 555 
4918 2487 
4946 862 
4952 660 
4962 852 
4977 10 
4984 74 
5002 307 
5044 673 
5053 906 
5058 1771 
5070 381 
5098 1913 
5120 297 
5121 3379 
5153 2482 
5154 433 
5158 880 
5173 274 
5225 1413 
5237 2739 
5245 1117 
5262 376 
5263 829 
5300 404 
5314 278 
5352 787 
5353 547 
5361 807 
5363 1779 
5368 3036 
5372 48 
5376 151 
5394 83 
5415 790 
5428 1293 
5438 147 
5438 1420 
5467 2212 
5513 570 
5524 750 
5525 121 
5575 2957 
5583 1469 
5585 366 
5604 309 
5614 187 
5654 7 
5660 49 
5675 1507 
5677 111 
5687 9130 
5714 1176 
5715 10 
5731 435 
5735 1141 
5749 415 
5768 4629 
5789 658 
5807 606 
5808 3097 
5813 1966 
5813 364 
5824 60 
5827 370 
5870 38 
5874 776 
5894 471 
5899 550 
5903 427 
5915 823 
5951 5229 
5977 402 
6001 30 
6032 490 
6036 629 
6039 392 
6056 1315 
6065 471 
6074 579 
6085 65 
6086 266 
6088 318 
6094 765 
6111 3324 
6123 364 
6130 2604 
6135 646 
6187 1620 
6197 1651 
6218 307 
6225 69 
6244 517 
6251 583 
6268 6386 
6278 335 
6279 2408 
6280 26 
6283 875 
6290 864 
6291 1179 
6319 12 
6353 112 
6367 952 
6389 3792 
6390 585 
6395 637 
6400 443 
6413 859 
6447 870 
6462 95 
6464 1142 
6514 98 
6548 1378 
6566 597 
6567 1032 
6575 399 
6583 19 
6584 26 
6587 152 
6596 689 
6608 378 
6613 1756 
6633 10260 
6659 399 
6686 643 
6699 521 
6727 1444 
6747 134 
6761 268 
6775 1016 
6782 332 
6816 417 
6818 233 
6822 315 
6823 831 
6828 1348 
6835 406 
6855 7705 
6858 111 
6863 156 
6864 164 
6865 196 
6881 864 
6920 236 
6920 1184 
6923 207 
6957 399 
6995 1174 
7012 240 
7019 1170 
7044 2622 
7045 1747 
7053 2580 
7072 501 
7090 1572 
7098 290 
7104 431 
7135 449 
7155 1562 
7174 56 
7175 957 
7182 476 
7227 437 
7276 6951 
7284 937 
7341 322 
7383 836 
7431 102 
7451 2026 
7457 291 
7458 1082 
7469 1811 
7475 127 
7481 526 
7486 33 
7501 1616 
7525 410 
7553 347 
7601 24 
7627 2021 
7674 1894 
7723 1772 
7753 508 
7767 1070 
7767 1580 
7801 1018 
7801 932 
7808 1866 
7809 827 
7834 1087 
7844 855 
7850 346 
7855 1187 
7870 184 
7879 825 
7895 382 
7900 2461 
7906 399 
7910 1197 
7929 753 
7938 400 
7949 616 
7965 3642 
7976 106 
7982 1940 
8016 972 
8020 1956 
8024 9207 
8036 249 
8083 1798 
8125 41 
8141 70 
8150 240 
8229 37 
8243 3818 
8253 5182 
8291 633 
8299 780 
8300 557 
8313 768 
8338 200 
8340 55 
8371 189 
8387 842 
8393 15 
8407 134 
8413 1512 
8441 592 
8448 4307 
8477 1680 
8486 1063 
8527 1802 
8534 621 
8563 359 
8565 402 
8581 436 
8607 440 
8610 55 
8615 1187 
8637 316 
8659 568 
8664 4633 
8677 476 
8704 1360 
8709 3949 
8711 868 
8742 284 
8744 599 
8786 344 
8812 46087 
8896 756 
8998 931 
9004 402 
9008 526 
9009 1744 
9013 1622 
9074 1009 
9080 149 
9086 636 
9090 765 
9114 134 
9143 913 
9148 45 
9194 2122 
9207 810 
9213 476 
9222 3030 
9229 88 
9313 42 
9377 188 
9404 237 
9405 259 
9418 1848 
9433 1694 
9433 497 
9451 566 
9454 272 
9486 1131 
9488 1210 
9503 230 
9537 333 
9546 864 
9547 232 
9564 1223 
9564 373 
9602 306 
9609 115 
9618 2774 
9626 1894 
9631 1546 
9633 2113 
9660 1112 
9670 1671 
9687 162 
9711 1588 
9714 1097 
9714 171 
9729 451 
9745 1264 
9749 20 
9767 287 
9783 256 
9791 1974 
9794 2908 
9805 853 
9825 286 
9851 1003 
9884 360 
9896 3632 
9897 1581 
9900 10075 
9903 775 
9911 2354 
9919 743 
9954 120 
9970 154 
9976 0 
9979 1490 
9988 747 
9991 74 
10022 1246 
10030 48 
10043 89 
10084 75 
10087 5249 
10097 2587 
10110 976 
10115 693 
10120 52 
10131 495 
10146 1367 
10170 116 
10175 1466 
10183 2 
10184 71 
10189 471 
10198 1200 
10212 927 
10247 34 
10251 562 
10274 98 
10277 1414 
10282 1928 
10339 570 
10342 771 
10351 1434 
10367 192 
10390 755 
10395 44 
10405 1613 
10431 97 
10437 126 
10513 1034 
10522 207 
10553 182 
10580 975 
10585 1560 
10603 1205 
10616 442 
10621 793 
10641 727 
10708 463 
10776 9 
10807 157 
10816 2572 
10854 456 
10868 61 
10870 1834 
10876 287 
10922 372 
10936 684 
10940 2604 
10949 780 
10954 1287 
10966 299 
10972 245 
10981 1760 
11004 844 
11021 189 
11026 391 
11074 8170 
11079 426 
11086 785 
11125 0 
11141 299 
11151 800 
11154 602 
11161 175 
11168 2082 
11174 1403 
11183 0 
11187 13608 
11202 275 
11202 275 
11247 1589 
11247 1589 
11262 1782 
11266 1024 
11272 91 
11288 362 
11307 784 
11312 1507 
11317 176 
11335 2080 
11337 31 
11347 502 
11355 5683 
11356 202 
11372 166 
11385 372 
11422 8906 
11423 850 
11443 230 
11445 168 
11464 88 
11517 16 
11526 82 
11527 803 
11531 1807 
11553 1089 
11591 39 
11595 5674 
11610 536 
11633 598 
11651 1213 
11653 1114 
11685 795 
11690 276 
11705 871 
11731 1665 
11740 2173 
11744 1473 
11746 1509 
11747 280 
11779 319 
11780 371 
11859 1053 
11880 733 
11888 1616 
11893 1543 
11898 661 
11905 206 
11932 403 
11982 462 
11984 305 
11998 67 
12000 1391 
12015 513 
12032 1438 
12038 894 
12072 905 
12083 1227 
12084 1630 
12089 436 
12147 1230 
12162 427 
12163 95 
12181 136 
12189 384 
12190 634 
12200 1842 
12217 442 
12221 850 
12236 744 
12262 1359 
12264 584 
12289 291 
12289 407 
12292 435 
12297 285 
12333 2477 
12350 1204 
12350 290 
12367 856 
12420 399 
12424 36461 
12434 218 
12449 394 
12456 1063 
12460 4056 
12463 158 
12477 140 
12511 608 
12524 1724 
12538 1313 
12571 630 
12577 474 
12578 1547 
12631 205 
12632 7992 
12643 505 
12654 57 
12671 182 
12703 267 
12711 7716 
12714 101 
12769 943 
12793 1024 
12800 1193 
12834 1325 
12842 428 
12868 637 
12878 1408 
12891 45 
12891 358 
12974 667 
12978 65 
13005 5198 
13007 1490 
13011 1656 
13022 766 
13035 219 
13037 624 
13098 1063 
13118 762 
13196 20 
13217 534 
13246 290 
13343 486 
13344 244 
13365 441 
13378 595 
13379 106 
13397 276 
13482 255 
13482 439 
13503 1770 
13503 1290 
13506 661 
13508 1928 
13515 946 
13516 134 
13526 885 
13537 2493 
13556 1888 
13590 1089 
13595 1064 
13601 1555 
13604 5745 
13609 4446 
13614 485 
13617 320 
13625 1271 
13642 6124 
13648 2004 
13671 331 
13679 755 
13712 590 
13713 943 
13713 1349 
13715 94 
13718 109 
13737 631 
13763 610 
13766 255 
13766 1079 
13828 325 
13853 215 
13859 738 
13866 1270 
13876 141 
13894 371 
13904 1070 
13906 161 
13910 1059 
13976 128 
13984 613 
13989 1516 
14008 192 
14009 1126 
14062 0 
14063 431 
14065 135 
14093 55 
14106 812 
14112 1180 
14119 2806 
14129 404 
14144 756 
14146 675 
14151 16 
14152 1634 
14196 169 
14205 520 
14227 112 
14232 604 
14242 111 
14354 326 
14357 758 
14357 823 
14357 121 
14374 535 
14420 58 
14430 282 
14440 1188 
14452 436 
14455 590 
14472 1209 
14473 1050 
14506 696 
14512 197 
14517 26 
14520 1502 
14521 345 
14526 337 
14545 1173 
14579 506 
14601 978 
14631 281 
14644 794 
14646 1527 
14666 0 
14706 407 
14715 1011 
14761 445 
14803 680 
14821 2346 
14826 100 
14835 770 
14835 994 
14838 1438 
14851 140 
14851 5847 
14883 229 
14887 494 
14896 483 
14918 640 
14936 215 
14973 56 
14976 1344 
14978 930 
14981 262 
14997 1518 
15018 4562 
15018 158 
15020 283 
15037 462 
15037 6 
15042 872 
15045 521 
15055 125 
15100 3279 
15120 729 
15135 377 
15141 68 
15151 3153 
15169 761 
15175 269 
15192 501 
15193 214 
15209 951 
15212 642 
15233 1045 
15234 9 
15243 527 
15246 584 
15259 120 
15263 36 
15274 242 
15277 59 
15290 2243 
15306 845 
15314 536 
15315 5558 
15321 330 
15348 1346 
15372 1234 
15388 1750 
15391 1825 
15398 490 
15400 778 
15410 15 
15413 60 
15452 85 
15461 390 
15498 584 
15507 901 
15524 9106 
15550 570 
15557 1894 
15569 147 
15574 60 
15596 1080 
15602 260 
15627 390 
15629 888 
15645 800 
15664 1891 
15677 318 
15695 434 
15726 585 
15749 52 
15775 719 
15777 172 
15783 1161 
15822 945 
15828 602 
15828 1754 
15847 1538 
15865 171 
15871 836 
15925 11 
15926 988 
15927 916 
15936 712 
15974 1843 
15983 143 
16035 701 
16038 1853 
16050 284 
16063 835 
16063 514 
16063 618 
16112 749 
16116 710 
16134 371 
16151 801 
16152 274 
16183 847 
16189 1094 
16192 783 
16220 2117 
16246 1978 
16267 927 
16288 406 
16300 594 
16332 1955 
16361 993 
16365 434 
16365 139 
16374 637 
16378 252 
16383 1851 
16399 1535 
16408 1006 
16414 230 
16416 320 
16420 242 
16432 920 
16435 1032 
16447 182 
16454 69 
16464 852 
16467 237 
16475 52 
16477 321 
16479 3685 
16481 2187 
16523 283 
16528 351 
16536 946 
16539 2354 
16580 1116 
16589 664 
16593 236 
16595 2054 
16606 654 
16611 70 
16632 189 
16669 607 
16690 944 
16703 2475 
16717 189 
16725 682 
16727 180 
16730 1053 
16733 1780 
16748 866 
16780 219 
16788 146 
16796 930 
16811 139 
16831 183 
16859 678 
16862 84 
16864 60 
16958 418 
16982 1294 
16984 21640 
16999 728 
17005 1738 
17020 1722 
17046 1866 
17048 91 
17049 1032 
17053 467 
17055 649 
17068 768 
17140 3484 
17190 507 
17223 166 
17227 1795 
17237 1846 
17255 1185 
17272 2071 
17282 374 
17291 762 
17301 646 
17319 268 
17323 560 
17330 205 
17368 668 
17373 1381 
17377 986 
17378 862 
17390 1435 
17397 537 
17442 133 
17458 1637 
17465 468 
17466 779 
17470 491 
17474 715 
17513 521 
17555 1198 
17556 45 
17584 923 
17607 928 
17610 146 
17635 406 
17652 251 
17652 205 
17661 200 
17679 1072 
17681 692 
17682 163 
17705 283 
17707 111 
17714 537 
17720 1472 
17740 1529 
17766 935 
17768 1149 
17785 1324 
17828 979 
17842 240 
17871 887 
17884 695 
17920 319 
17949 0 
17988 1652 
18003 759 
18008 15 
18024 1250 
18066 1180 
18093 2703 
18097 5670 
18115 574 
18116 35 
18168 2037 
18182 28 
18187 784 
18205 892 
18217 1120 
18251 1605 
18262 453 
18274 303 
18277 296 
18296 1291 
18324 53 
18331 443 
18397 1033 
18429 312 
18439 166 
18463 110 
18466 37 
18474 931 
18478 23 
18500 826 
18517 1145 
18523 141 
18547 1427 
18592 86 
18614 845 
18619 1462 
18633 213 
18649 421 
18671 745 
18682 2063 
18702 223 
18708 3933 
18733 104 
18753 121 
18753 107 
18773 657 
18786 863 
18797 18 
18813 1087 
18831 2154 
18834 120 
18840 1015 
18853 1171 
18856 92 
18871 79 
18884 5430 
18885 458 
18890 827 
18911 1047 
18931 209 
18947 331 
18949 1591 
18973 1524 
18976 834 
18993 200 
19007 1068 
19008 585 
19058 1107 
19073 2244 
19111 109 
19152 174 
19206 998 
19223 119 
19223 418 
19229 851 
19231 757 
19236 10 
19247 1187 
19267 529 
19274 571 
19289 58 
19299 191 
19323 1291 
19329 321 
19340 425 
19415 828 
19421 1625 
19462 273 
19480 1445 
19548 600 
19562 88 
19574 739 
19578 88 
19581 913 
19596 1296 
19610 92 
19615 1839 
19618 447 
19653 1582 
19664 321 
19679 1125 
19679 227 
19687 770 
19718 106 
19732 249 
19739 1209 
19759 935 
19774 194 
19774 341 
19782 1388 
19784 431 
19790 341 
19808 327 
19818 149 
19825 137 
19830 3 
19847 1648 
19855 149 
19879 1383 
19927 271 
19945 1447 
19962 156 
19984 500 
20011 1751 
20016 1963 
20037 640 
20042 4075 
20166 1245 
20179 1071 
20199 1400 
20205 430 
20235 870 
20272 3867 
20273 1362 
20289 2012 
20302 820 
20343 1483 
20345 467 
20350 1836 
20505 2863 
20537 823 
20546 693 
20560 1050 
20577 138 
20589 1191 
20610 351 
20627 2818 
20699 355 
20726 1486 
20731 234 
20741 122 
20757 312 
20787 416 
20804 68 
20810 4534 
20831 1399 
20845 763 
20868 2144 
20879 19 
20908 212 
20966 159 
21016 93 
21023 366 
21035 1169 
21074 376 
21083 136 
21097 431 
21100 74 
21214 12 
21216 57 
21223 639 
21256 141 
21273 1205 
21275 0 
21299 895 
21306 587 
21337 520 
21353 78 
21355 356 
21357 1410 
21359 294 
21377 1214 
21379 480 
21411 73 
21439 993 
21441 776 
21460 1277 
21460 371 
21468 2096 
21501 1642 
21542 1496 
21583 722 
21599 839 
21602 26902 
21610 5947 
21621 1444 
21631 58 
21635 91 
21659 180 
21670 4370 
21692 2216 
21707 23 
21786 235 
21927 48 
21933 1138 
21949 151 
21965 84 
21978 1333 
21980 342 
21999 5949 
22023 507 
22134 176 
22155 229 
22159 1705 
22210 1221 
22211 341 
22234 315 
22235 1263 
22249 151 
22254 773 
22272 147 
22278 356 
22294 1610 
22315 1160 
22333 5575 
22343 614 
22345 810 
22377 279 
22415 107 
22427 3334 
22427 817 
22439 277 
22454 182 
22464 321 
22504 244 
22508 902 
22556 661 
22564 4165 
22566 153 
22625 526 
22713 185 
22744 1871 
22781 514 
22877 2848 
22913 668 
22939 374 
22945 5638 
22966 1 
23015 169 
23031 169 
23100 281 
23116 469 
23117 907 
23132 617 
23141 1268 
23234 9622 
23234 63 
23239 1120 
23346 165 
23367 276 
23383 165 
23401 39 
23410 429 
23411 2376 
23474 67 
23485 839 
23486 230 
23489 1365 
23495 1896 
23500 3138 
23514 520 
23551 1035 
23566 3429 
23571 166 
23583 1549 
23587 1962 
23618 1390 
23639 960 
23642 744 
23647 87 
23650 317 
23703 565 
23887 3 
23913 888 
23986 810 
23993 829 
24013 232 
24053 960 
24056 475 
24087 2117 
24090 1 
24101 3334 
24129 98 
24165 1115 
24220 221 
24320 470 
24333 112 
24386 544 
24415 489 
24490 617 
24494 807 
24501 69 
24535 701 
24563 72 
24597 338 
35093 562 
35095 36 
35132 1262 
35163 531 
35356 62 
35412 325 
35423 63 
35464 1922 
35483 18 
35505 157 
35529 245 
35532 7 
35655 176 
35721 704 
35736 98 
35789 38 
35791 2280 
35945 1261 
36072 855 
36131 3219 
36146 3090 
36150 548 
36151 377 
36182 948 
36229 1265 
36260 357 
36270 1485 
36328 19 
36339 1366 
36418 408 
36568 235 
36586 29 
36617 1501 
36641 3591 
36648 232 
36656 87 
36673 1200 
36704 298 
36714 12330 
36942 1397 
37092 640 
37141 494 
37165 25 
37323 245 
37348 380 
37414 35 
37524 0 
37537 1551 
37561 238 
37700 122 
37733 1041 
37799 893 
37812 1195 
37839 1081 
37843 1118 
37878 112 
37901 574 
37987 176 
38175 443 
38230 85 
38233 274 
38236 1416 
38265 123 
38315 354 
38323 157 
38354 0 
38358 4471 
38500 3997 
38529 263 
38543 1138 
38546 79 
38552 182 
38582 613 
38829 1338 
38849 705 
38852 669 
38861 0 
38946 165 
39014 624 
39081 243 
39085 404 
39127 1307 
39239 481 
39254 525 
39289 295 
39319 5567 
39327 154 
39360 635 
39364 190 
39548 415 
39569 1149 
39610 9193 
39638 286 
39725 720 
39733 20 
39763 583 
39863 62 
40046 1646 
40048 1959 
40048 134 
40051 2315 
40247 1206 
40247 1206 
40361 1127 
40445 557 
40480 1334 
40631 417 
40790 2135 
40809 2769 
40852 50 
40970 588 
41212 73 
41327 167 
41380 1296 
41448 96 
41657 718 
41665 1917 
41733 706 
41839 1109 
42039 1277 
42089 59 
42258 168 
42418 704 
42568 230 
42571 473 
42634 803 
42685 17 
42738 1613 
42764 6 
42817 1415 
43065 1707 
43180 240 
43211 3304 
43255 763 
43269 533 
43300 277 
43719 111 
44010 1113 
44079 287 
44191 624 
44315 72 
44715 123 
44825 35 
44968 1650 
44984 119 
45006 535 
45391 293 
45397 444 
45443 431 
45453 118 
45539 268 
45689 927 
45733 25 
45772 397 
45847 2247 
46025 320 
46107 436 
46330 399 
46455 758 
46558 76 
46570 663 
46628 368 
46765 315 
46817 161 
46891 330 
46902 118 
46938 223 
46948 65 
46976 189 
47013 932 
47154 933 
47223 351 
47326 46 
47354 5151 
47475 195 
47521 863 
47583 1014 
47852 2056 
47870 299 
48076 466 
48087 659 
48191 829 
48193 1401 
48235 405 
48250 147 
48256 1364 
48257 29 
48335 1455 
48607 383 
48739 557 
48750 947 
48776 242 
48790 153 
48809 10894 
48815 435 
48866 225 
48942 83 
48948 826 
48979 137 
49326 3920 
49405 562 
49476 939 
49677 654 
49689 747 
49895 266 
50080 197 
50182 106 
50276 115 
50371 147 
50606 155 
50790 13890 
51118 646 
51301 557 
51476 2852 
51485 231 
51845 111 
51899 218 
51985 297 
52128 96 
52161 630 
52178 1156 
52322 791 
52440 1308 
52440 287 
52447 382 
52583 623 
52626 565 
52820 36 
53160 623 
53775 135 
54190 1373 
54247 1407 
54332 234 
54397 897 
54620 240 
54625 1096 
54636 1587 
54766 67 
54951 15 
55363 1222 
55492 1125 
55492 1125 
55820 105 
56049 118 
56262 125 
56577 905 
56672 301 
56730 2568 
56843 2998 
56868 413 
56967 84 
57054 487 
57240 912 
57242 404 
57445 517 
57479 72 
57508 1225 
57559 650 
57581 2393 
57707 784 
57816 1203 
57839 466 
58268 1062 
58655 2729 
59020 3095 
59312 85 
59443 627 
59450 1510 
59923 704 
60140 941 
60252 3084 
60357 6545 
60468 75 
60565 531 
60696 141 
60727 54 
61192 6705 
61202 1216 
61227 2325 
61273 334 
61368 1837 
61969 3345 
62088 291 
62195 1298 
62288 982 
62307 502 
62326 3439 
62365 325 
62367 1665 
62543 1090 
62595 8068 
62772 258 
63016 67 
63084 32 
63434 787 
63764 112 
64064 65 
64151 892 
64200 3593 
64313 10 
64317 63 
64384 811 
64412 1243 
64614 683 
64816 376 
64866 2254 
64868 1781 
64873 8264 
64924 6153 
65192 1106 
65195 66 
65619 912 
65733 760 
66168 510 
66347 1480 
66391 4063 
66428 653 
66467 1283 
66483 327 
66574 792 
66685 487 
66771 178 
66790 114 
66863 2301 
66933 497 
66963 2515 
67114 4739 
67188 836 
67199 15611 
67254 157 
67256 1106 
67789 676 
67890 843 
67981 269 
68388 613 
68453 417 
68463 3303 
68476 1194 
68617 402 
68672 311 
68788 1116 
68817 982 
69197 2421 
69341 3123 
69370 1057 
69451 763 
69517 539 
69621 100 
69712 531 
69769 2737 
69928 406 
70008 29 
70097 86 
70182 370 
70361 551 
70465 1130 
70465 1130 
70489 417 
70489 417 
70568 448 
70600 1370 
70933 1366 
71176 252 
71694 1602 
71734 1060 
71825 183 
72180 9787 
72184 652 
72209 666 
72212 806 
72438 1524 
72602 2950 
72650 1275 
73491 2471 
73515 2022 
73656 204 
73970 785 
74439 631 
74640 132 
74714 54 
74848 871 
74956 425 
75923 415 
76132 3433 
76345 1249 
77147 379 
77202 1078 
77380 373 
77382 716 
77384 1019 
77411 966 
77448 120 
77470 325 
77665 801 
77685 575 
77721 60 
77724 116 
77831 1269 
77880 1133 
78094 1221 
78104 191 
78218 583 
78239 318 
78268 1308 
78324 1286 
78748 175 
78824 1907 
78902 21 
78933 974 
79072 151 
79173 429 
79326 1375 
79355 853 
79408 261 
79463 144 
79519 221 
79832 625 
79901 886 
80001 7302 
80117 1238 
80220 342 
80655 333 
81002 431 
81095 74 
81708 1227 
81741 4779 
81840 473 
81858 1340 
82093 594 
82246 1008 
82446 1235 
82568 982 
82844 1608 
82927 99 
83159 683 
83255 1253 
83310 1472 
83540 2870 
83560 1324 
83601 1363 
83665 1000 
83667 1234 
83682 1730 
83699 297 
83930 327 
84024 280 
84037 388 
84064 1591 
84122 130 
84123 393 
84285 600 
84374 3900 
84407 2225 
84441 158 
84568 915 
84584 335 
84713 519 
84756 235 
84762 2414 
84920 374 
84989 2117 
85144 341 
85253 2295 
85281 217 
85293 1640 
85348 122 
85550 10761 
85610 4682 
85784 359 
85827 1269 
85827 1269 
85862 3257 
85862 3257 
85879 221 
85897 330 
85958 1357 
86185 324 
86311 927 
86567 1628 
86711 515 
86752 542 
86760 844 
87086 1208 
87191 41 
87215 958 
87341 338 
87405 1059 
87582 244 
87742 3072 
87832 341 
87888 590 
88030 982 
88121 771 
88155 611 
88277 1582 
88321 2576 
88437 357 
88591 211 
88784 3659 
89045 972 
89112 33781 
89361 1003 
89455 1102 
89478 1026 
89826 540 
89992 3922 
90003 715 
90073 185 
90116 12 
90354 1074 
90406 254 
90423 850 
90518 269 
90697 10 
90868 234 
90871 595 
90880 263 
90907 786 
90926 357 
91048 136 
91172 169 
91239 680 
91477 428 
91495 486 
91698 227 
91752 904 
91805 1213 
91811 1184 
91817 503 
91826 111 
91963 173 
92019 664 
92041 700 
92253 436 
92303 552 
92337 982 
92387 1516 
92429 258 
92498 664 
92630 94 
92826 63 
92976 576 
93496 109 
93578 512 
93600 694 
93604 365 
93625 7 
93724 15 
93724 516 
93789 347 
94099 203 
94149 192 
94286 99 
94359 19 
94452 3505 
94503 227 
94551 2965 
94580 860 
94787 98 
94965 153 
95134 4892 
95214 22 
95239 518 
95469 4050 
95564 1100 
95566 104 
95613 1088 
95615 810 
95639 8 
95643 47 
96022 60 
96089 130 
96346 3433 
96582 2590 
96589 244 
96709 3 
97014 1557 
97093 21 
97381 1705 
97845 162 
97854 660 
97987 276 
98725 66 
99101 343 
99411 1016 
99671 993 
99827 1235 
99899 815 
99990 468 
100469 810 
100664 125 
100911 251 
101020 1728 
101121 106 
101289 448 
101321 1240 
101495 971 
102219 1237 
102503 361 
102548 226 
102872 859 
103093 623 
103960 1 
103999 3328 
104019 378 
104173 58 
104335 478 
104503 1198 
104533 424 
104541 3195 
104622 175 
104712 468 
105042 1326 
105099 58 
105306 1596 
105318 2606 
105649 571 
105788 661 
105804 120 
105882 1985 
105974 195 
106145 94 
106181 623 
106302 35 
106307 150 
106366 1188 
106541 2962 
106661 558 
106998 98 
107027 3473 
107124 767 
107179 745 
107397 250 
107449 10 
108013 546 
108596 186 
108602 29 
108790 209 
108915 418 
109006 562 
109353 39 
109386 213 
109623 772 
109901 286 
109969 70 
109989 2229 
110198 193 
110218 1006 
110377 1183 
110615 1837 
110752 623 
111089 436 
111098 2935 
111348 431 
111706 470 
112030 113 
112204 125 
112215 3566 
112284 1259 
112378 1269 
112482 2 
112751 1638 
112855 637 
113431 624 
113737 400 
114043 83 
114075 745 
114213 2893 
114459 279 
114759 56 
114948 98 
115210 317 
115431 1586 
115431 1586 
115648 917 
115711 164 
116051 187 
116651 15 
117172 474 
117234 1242 
117352 491 
118178 147 
118191 8112 
118465 916 
118618 510 
118619 249 
118864 552 
119254 1808 
119387 356 
119930 676 
120053 1673 
120139 6566 
120307 2057 
120389 600 
120427 279 
120711 59 
121384 479 
121503 1655 
121790 2095 
122353 549 
122355 288 
122722 0 
123071 1296 
123189 961 
123553 851 
123695 1145 
123940 7905 
124144 788 
124242 1005 
124275 759 
124277 803 
124401 56 
124564 420 
125007 522 
125441 288 
125812 1458 
125894 19 
125936 435 
125963 272 
125991 341 
126260 957 
126524 643 
126628 828 
127047 1265 
127296 815 
127330 139 
127624 748 
127777 22 
128809 1517 
129053 413 
130070 330 
130380 643 
131247 281 
131375 47 
131542 132 
131694 598 
131904 2558 
132652 392 
132975 216 
133018 1227 
133480 1594 
134651 110 
134883 1146 
135072 65 
136539 54 
141612 429 
141750 9048 
141886 1948 
142442 233 
142674 326 
142947 11 
142994 1534 
143671 264 
144097 299 
144516 1006 
144845 277 
144913 507 
146279 744 
146321 769 
146562 103 
148216 196 
148766 712 
149742 618 
150625 24 
150779 869 
150793 6815 
150972 2504 
151017 164 
151597 937 
151792 192 
151804 2003 
151839 1737 
152007 142 
152337 352 
152375 2083 
152808 1442 
153101 849 
153112 36 
153620 1985 
154219 1272 
154410 563 
155772 902 
156020 112 
156601 871 
156636 1188 
157010 321 
157136 378 
157720 481 
158657 1372 
158710 805 
158809 53 
158994 57 
159355 710 
159550 915 
160066 2405 
161105 2244 
161789 52 
162615 384 
163824 139 
164618 1681 
164662 1134 
164739 569 
164988 4323 
165270 1154 
165508 2990 
165745 475 
166198 3097 
166826 40 
167358 4416 
168033 24 
168152 2505 
169003 1255 
169183 1253 
171108 216 
172158 201 
172463 163 
172573 1207 
172939 3061 
172984 215 
172986 467 
175346 260 
175500 432 
175783 785 
176076 15 
176300 1589 
177118 3362 
177285 1293 
177457 1277 
178538 1536 
178660 249 
179256 61 
179613 423 
179773 314 
180411 645 
180640 2876 
181016 32 
181522 69 
181611 1150 
181629 10 
181637 1318 
181890 5 
182295 366 
182449 450 
182633 1247 
183807 297 
184130 275 
185129 2339 
187210 1936 
187496 19 
187889 1307 
187944 1238 
188123 145 
188448 1258 
188509 279 
189156 1587 
189557 202 
189881 177 
190267 418 
190739 1175 
190747 356 
191179 1571 
191334 1541 
192152 467 
192324 556 
192719 578 
192731 133 
193127 111 
193971 1377 
194820 1415 
195680 353 
195715 197 
195785 72 
196102 447 
196130 105 
196319 2668 
198329 997 
199360 110 
199574 531 
199720 9 
200143 1167 
200546 1262 
200710 252 
201383 1549 
201480 160 
201877 597 
202949 21 
206912 1630 
207148 3675 
207256 348 
208214 1336 
208706 111 
208863 119 
208888 1580 
209684 634 
209702 833 
210124 79 
210200 701 
211108 0 
211167 643 
212251 823 
213076 1367 
213315 192 
215051 29 
216914 340 
217042 143 
218170 670 
219119 1925 
220301 1507 
220982 133 
221888 412 
222238 291 
222367 1276 
223247 141 
225968 1451 
226053 477 
226447 35 
232978 938 
233333 608 
237448 2762 
240633 1186 
244434 978 
250046 1503 
250730 811 
250762 513 
250960 125 
251353 11 
251922 898 
253278 403 
253311 888 
253428 1301 
253862 69 
258254 37 
258304 115 
258849 404 
260120 156 
260575 665 
260585 794 
261247 648 
261506 482 
262756 866 
263271 627 
265498 290 
267610 288 
269624 715 
272231 359 
273002 18 
273451 486 
273537 76 
274364 151 
275977 91 
276576 121 
276907 1137 
277190 1573 
279918 128 
281178 225 
281997 140 
283743 913 
285928 182 
286189 10 
286719 785 
290426 1921 
297382 831 
298620 591 
304277 447 
304781 140 
306275 232 
308243 251 
309008 121 
313392 1137 
314015 128 
316649 176 
321829 1249 
322074 285 
327347 645 
331379 523 
332215 119 
340196 294 
344567 31 
345065 319 
345720 1210 
348015 2786 
348617 89 
350454 4938 
357557 27 
360086 466 
364113 67 
366737 467 
369746 769 
369793 26 
370109 0 
371706 253 
373156 9 
375436 891 
380422 631 
382099 360 
396973 1357 
422049 30 
425870 187 
430991 108 
438303 66 
442466 115 
443654 1305 
449387 1974 
450259 139 
451126 237 
451277 231 
453668 2815 
466343 126 
505363 31 
505681 48 
520557 1241 
531896 323 
542862 243 
