2838 7.33134259259
0 745857 
11 1078 
14 103 
18 368 
20 2309 
22 458 
22 1145 
23 468 
23 2691 
25 253 
25 2004 
26 196 
28 69 
31 1240 
34 45 
36 52 
38 591 
38 27 
38 547 
38 149 
39 104 
41 802 
43 60 
43 211 
43 11 
44 52 
46 254 
47 163 
47 1159 
48 1079 
50 520 
51 494 
51 25 
53 835 
54 15 
54 85 
54 183 
55 88 
56 130 
58 1783 
60 556 
60 161 
61 1042 
62 192 
62 304 
63 1496 
65 1115 
66 162 
66 1236 
66 171 
67 254 
69 9513 
69 60 
69 450 
70 215 
70 4208 
71 225 
73 823 
76 2185 
79 9 
80 178 
81 123 
82 188 
82 161 
82 219 
83 1359 
84 53 
85 560 
86 210 
86 1135 
86 49 
86 76 
87 32 
87 734 
88 55 
88 297 
89 837 
90 129 
91 130 
92 88 
92 898 
93 1622 
93 41 
94 293 
95 337 
97 352 
97 494 
98 33 
99 227 
100 84 
101 281 
101 1410 
101 329 
101 1066 
102 347 
103 48 
103 836 
103 243 
104 397 
105 81 
105 15 
105 247 
105 80 
106 83 
109 646 
110 98 
111 1175 
111 25 
112 89 
112 7 
115 106 
115 490 
117 91 
117 140 
119 1883 
119 32 
120 42 
120 1132 
121 234 
121 258 
121 712 
121 305 
124 67 
124 8 
125 1732 
126 263 
127 733 
129 283 
129 1092 
130 189 
132 157 
132 206 
133 742 
133 195 
134 55 
136 1895 
136 62 
138 275 
138 58 
139 434 
139 401 
139 159 
139 1037 
140 153 
141 3717 
141 196 
141 143 
144 198 
145 797 
147 1819 
148 2057 
148 45 
148 1666 
148 146 
148 310 
148 170 
149 184 
149 382 
150 897 
152 1400 
155 110 
157 166 
157 868 
158 31 
162 131 
164 438 
165 179 
165 195 
165 282 
166 255 
168 47 
168 27 
169 5245 
171 591 
173 680 
174 59 
177 177 
177 41 
179 71 
182 166 
185 112 
185 326 
187 17 
190 110 
190 120 
191 14 
191 47 
192 1547 
193 3134 
194 15 
194 176 
195 162 
195 84 
197 139 
198 628 
200 839 
200 1243 
211 2420 
212 1591 
217 943 
222 10 
225 60 
226 489 
227 40 
227 144 
228 173 
232 1250 
233 694 
233 5 
233 170 
233 23 
234 672 
235 145 
241 0 
245 29 
247 946 
249 319 
249 285 
254 415 
255 3981 
257 34 
257 92 
259 0 
262 62 
262 132 
262 17 
267 34 
269 18 
270 242 
274 6360 
275 134 
275 1830 
276 568 
277 928 
277 225 
279 590 
279 115 
279 220 
279 856 
279 85 
283 249 
288 3 
289 148 
291 303 
292 32 
293 317 
293 384 
297 751 
298 1403 
300 498 
303 128 
304 186 
304 244 
305 58 
305 72 
311 292 
312 1452 
316 1044 
318 100 
318 668 
329 114 
330 47 
331 422 
332 426 
336 44 
336 201 
341 1 
341 178 
343 401 
344 620 
345 89 
350 54 
350 222 
356 68 
357 48 
359 1706 
360 219 
361 1114 
364 46 
366 416 
370 2 
373 1257 
376 400 
377 13 
381 764 
386 936 
389 56 
392 5969 
394 1558 
397 90 
404 274 
406 27 
406 69 
409 153 
413 351 
414 613 
419 2 
423 745 
423 14 
424 61 
424 8544 
427 209 
430 445 
431 32 
432 3231 
435 28 
438 34 
441 16 
443 215 
444 714 
445 354 
446 201 
447 2381 
451 757 
452 92 
459 95 
459 155 
464 3832 
467 270 
470 229 
473 287 
474 157 
475 1704 
487 1535 
490 2129 
492 20 
499 935 
504 888 
514 259 
517 110 
522 351 
528 1170 
530 172 
534 121 
534 28 
539 583 
549 12 
563 1044 
564 1095 
565 216 
573 371 
582 117 
587 98 
589 347 
597 334 
599 130 
600 1461 
605 178 
606 161 
608 1477 
609 151 
615 126 
615 235 
632 752 
643 352 
644 151 
653 669 
658 572 
663 2918 
663 71 
684 102 
686 708 
689 246 
689 37 
692 478 
693 113 
697 224 
701 1059 
716 22 
719 204 
726 283 
729 88 
731 588 
732 415 
733 99 
736 208 
740 29 
747 35 
751 204 
752 1601 
776 27 
782 781 
787 172 
808 259 
808 1148 
808 777 
813 62 
813 165 
824 144 
824 80 
826 272 
832 206 
835 58 
842 52 
844 126 
859 183 
868 62 
872 207 
880 421 
880 421 
889 235 
891 335 
894 24 
898 91 
900 185 
925 266 
926 84 
935 53 
939 360 
940 873 
946 73 
947 483 
963 2416 
974 227 
979 350 
1043 268 
1062 122 
1069 59 
1089 208 
1098 146 
1139 2814 
1139 991 
1142 173 
1146 366 
1148 8 
1167 866 
1181 1569 
1186 474 
1188 59 
1190 220 
1196 3694 
1201 242 
1209 84 
1238 4081 
1240 111 
1247 72 
1248 5 
1282 227 
1284 126 
1285 104 
1291 67 
1300 16 
1313 42 
1323 26 
1329 2 
1331 26 
1332 140 
1343 256 
1357 50 
1360 31 
1370 22 
1370 129 
1373 201 
1375 297 
1407 2434 
1407 533 
1408 435 
1409 80 
1410 22 
1419 1002 
1421 1156 
1427 491 
1469 24 
1472 186 
1474 1715 
1477 917 
1493 773 
1498 3179 
1507 602 
1508 112 
1546 165 
1548 33 
1582 185 
1591 4 
1597 220 
1610 263 
1631 203 
1637 938 
1640 291 
1648 3087 
1659 702 
1682 87 
1705 359 
1715 762 
1717 1134 
1720 372 
1737 96 
1739 46 
1740 50 
1759 69 
1760 18 
1777 14 
1785 276 
1787 9 
1818 184 
1820 504 
1830 40 
1870 670 
1877 293 
1892 1233 
1902 318 
1919 1634 
1950 84 
1962 27 
1972 4 
1987 2373 
1989 1125 
1995 16 
2000 253 
2049 9236 
2061 902 
2074 5706 
2090 546 
2127 266 
2147 418 
2149 29 
2149 557 
2158 63 
2173 1181 
2189 133 
2198 3946 
2199 120 
2211 33 
2217 723 
2219 137 
2236 1252 
2256 109 
2265 2667 
2272 8 
2290 16 
2308 480 
2321 822 
2323 138 
2340 888 
2351 371 
2356 490 
2362 259 
2364 4549 
2417 3 
2428 184 
2443 191 
2446 908 
2447 135 
2449 522 
2466 767 
2476 1214 
2512 1725 
2515 150 
2567 12 
2579 64 
2580 233 
2619 143 
2649 113 
2753 172 
2782 188 
2787 500 
2797 202 
2804 135 
2854 428 
2854 78 
2859 191 
2864 2212 
2867 24 
2955 45 
2961 143 
2967 288 
2980 60 
2989 151 
2998 62 
3069 55 
3074 1086 
3087 689 
3103 154 
3118 71 
3146 3526 
3197 1273 
3219 52 
3225 410 
3234 21 
3297 150 
3302 479 
3318 771 
3327 950 
3331 954 
3341 1136 
3345 218 
3353 98 
3368 2002 
3414 615 
3430 281 
3471 1128 
3474 888 
3548 5919 
3614 271 
3699 408 
3760 80 
3786 23 
3794 89 
3821 49 
3845 218 
3869 72 
3936 16 
3979 74 
3997 2102 
4004 209 
4014 15 
4019 33 
4021 75 
4031 38 
4031 144 
4106 0 
4131 267 
4132 1684 
4170 17471 
4181 239 
4184 744 
4229 524 
4235 167 
4240 242 
4248 988 
4248 108 
4268 94 
4321 4982 
4354 89 
4397 1772 
4402 2874 
4433 186 
4459 8067 
4464 1080 
4464 140 
4468 66 
4530 700 
4541 733 
4543 648 
4563 312 
4570 152 
4577 151 
4579 2076 
4581 1428 
4587 254 
4588 1620 
4606 689 
4641 2102 
4666 341 
4684 121 
4705 10944 
4731 1015 
4767 1710 
4774 1426 
4789 2286 
4804 756 
4805 561 
4816 2502 
4833 837 
4848 2360 
4871 841 
4931 790 
4935 705 
4962 1775 
4990 379 
5011 21 
5019 335 
5049 222 
5114 192 
5126 969 
5147 77 
5194 216 
5200 670 
5210 137 
5222 377 
5284 835 
5299 531 
5326 26 
5340 132 
5361 1888 
5365 150 
5385 241 
5389 15 
5430 192 
5469 401 
5472 1036 
5473 250 
5511 69 
5513 76 
5515 13 
5594 198 
5615 952 
5635 581 
5653 736 
5665 93 
5673 459 
5690 819 
5692 223 
5731 1105 
5761 892 
5763 648 
5856 1898 
5858 288 
5874 304 
5905 404 
5931 34 
5972 211 
6008 16 
6035 112 
6047 19381 
6064 21 
6065 66 
6082 238 
6111 48 
6121 591 
6124 2498 
6143 868 
6158 1597 
6214 1322 
6226 173 
6239 5095 
6252 1674 
6272 50 
6274 395 
6294 134 
6330 558 
6335 435 
6356 22 
6361 4855 
6366 355 
6427 334 
6428 21 
6459 2952 
6463 2118 
6463 1030 
6464 71301 
6464 104 
6476 107 
6477 427 
6485 165 
6501 563 
6504 838 
6520 884 
6531 113 
6532 367 
6551 39 
6551 40 
6558 2725 
6562 45 
6580 212 
6582 364 
6585 1620 
6593 1213 
6595 563 
6626 105 
6627 579 
6628 403 
6630 532 
6641 228 
6641 299 
6646 100 
6655 173 
6664 594 
6671 109 
6686 645 
6697 504 
6732 133 
6751 707 
6759 243 
6767 0 
6778 955 
6783 1 
6791 1833 
6797 697 
6801 344 
6828 43 
6843 836 
6859 41 
6874 84 
6882 6 
6912 233 
6926 372 
6928 49 
6935 62 
6936 178 
6938 26 
6938 124 
6940 807 
6941 167 
6963 2458 
6979 242 
6981 1393 
6999 663 
6999 201 
7009 217 
7011 663 
7026 880 
7051 515 
7053 792 
7058 389 
7070 45 
7082 1970 
7086 290 
7093 1526 
7121 213 
7133 606 
7134 10 
7152 77 
7153 1592 
7153 256 
7157 3619 
7160 597 
7160 600 
7169 14433 
7206 1742 
7210 4419 
7252 271 
7258 1582 
7275 704 
7278 61 
7297 53 
7298 129 
7312 289 
7345 560 
7359 154 
7365 1615 
7370 1142 
7484 1155 
7491 941 
7502 707 
7509 737 
7531 430 
7545 64 
7550 3389 
7623 92 
7632 376 
7644 1556 
7692 616 
7709 852 
7730 1456 
7755 1287 
7765 134 
7774 203 
7778 60 
7784 68 
7796 185 
7799 255 
7800 54 
7801 610 
7809 59 
7810 46 
7811 7 
7820 521 
7840 90 
7841 643 
7851 427 
7864 987 
7904 797 
7911 1070 
7946 153 
7976 4946 
7981 129 
8030 37 
8031 116 
8064 16 
8085 1203 
8094 606 
8218 1010 
8227 2114 
8234 1745 
8235 21 
8239 723 
8260 346 
8265 899 
8266 106 
8275 111 
8279 902 
8283 596 
8286 4491 
8289 756 
8347 280 
8349 486 
8355 146 
8391 637 
8434 133 
8461 22 
8504 1186 
8546 121 
8549 4370 
8564 2766 
8574 1408 
8579 1213 
8585 124 
8632 328 
8651 225 
8704 691 
8719 585 
8736 15 
8746 423 
8754 139 
8757 531 
8784 26 
8785 341 
8797 1829 
8801 73 
8846 2608 
8855 247 
8857 61 
8871 1122 
8923 210 
8936 409 
8953 1030 
8965 1864 
8972 295 
9004 84 
9019 2246 
9042 5046 
9047 192 
9082 409 
9136 563 
9174 1013 
9175 203 
9243 501 
9268 2042 
9271 909 
9291 285 
9298 37 
9299 96 
9352 258 
9374 1050 
9401 10 
9414 221 
9419 214 
9425 379 
9429 301 
9455 98 
9464 1157 
9486 1461 
9492 99 
9602 738 
9605 119 
9621 72 
9649 271 
9650 39 
9659 611 
9695 2 
9703 1267 
9724 75 
9726 2719 
9768 149 
9776 84 
9779 279 
9801 2584 
9921 138 
9945 114 
9970 524 
9974 12 
10018 157 
10067 1425 
10095 1904 
10126 959 
10132 713 
10136 327 
10138 119 
10147 396 
10149 42 
10160 440 
10172 1168 
10180 497 
10182 854 
10187 4320 
10195 253 
10198 323 
10236 704 
10268 55 
10291 3841 
10352 708 
10385 84 
10399 169 
10412 670 
10420 101 
10442 51 
10507 154 
10517 365 
10519 146 
10539 2625 
10628 718 
10646 17 
10646 99 
10669 421 
10758 1727 
10765 22 
10767 38 
10804 26 
10819 275 
10825 149 
10825 55 
10878 1688 
10880 29 
10912 309 
10914 141 
10928 100 
10933 2756 
10938 399 
10971 70 
10981 1035 
11056 11 
11063 466 
11095 1179 
11129 329 
11157 96 
11163 196 
11176 7 
11183 38 
11187 652 
11212 168 
11223 735 
11228 1294 
11230 166 
11242 222 
11258 1539 
11275 1053 
11293 768 
11325 123 
11332 175 
11338 246 
11343 3123 
11366 1061 
11374 2915 
11394 1042 
11415 213 
11435 105 
11438 62 
11447 561 
11459 9 
11553 337 
11569 169 
11574 720 
11605 569 
11644 1200 
11648 17187 
11660 1906 
11667 2592 
11694 172 
11714 5087 
11725 1749 
11752 575 
11766 197 
11785 160 
11792 433 
11803 5806 
11833 928 
11845 1871 
11870 1948 
11886 298 
11894 561 
11910 618 
11926 2773 
11934 64 
11955 201 
11970 498 
12005 1865 
12031 278 
12034 157 
12043 73 
12051 302 
12076 683 
12084 277 
12118 324 
12121 23 
12242 1371 
12243 466 
12269 52 
12283 860 
12294 132 
12335 1180 
12403 1600 
12453 4778 
12464 128 
12563 218 
12576 239 
12599 422 
12653 4208 
12669 225 
12678 1349 
12720 26 
12805 6 
12854 1073 
12856 10365 
12870 653 
12916 235 
12916 235 
12966 486 
12966 486 
12989 618 
12989 618 
13000 416 
13002 976 
13025 94 
13036 108 
13075 1410 
13090 1407 
13098 1713 
13102 6603 
13102 859 
13144 100 
13151 813 
13167 2706 
13172 1340 
13274 598 
13279 48 
13295 159 
13380 475 
13402 449 
13405 1023 
13419 653 
13498 2350 
13520 2858 
13533 206 
13555 311 
13568 319 
13575 313 
13581 205 
13601 362 
13650 1319 
13672 77 
13682 553 
13787 1481 
13799 264 
13823 5982 
13825 1747 
13835 769 
13874 41 
13887 724 
13898 1000 
13900 2398 
13907 3859 
13926 311 
13934 101 
13977 65 
14007 814 
14078 161 
14079 2835 
14093 1003 
14106 255 
14113 91 
14121 503 
14138 5027 
14152 556 
14161 8838 
14161 1182 
14172 726 
14176 1714 
14202 451 
14216 1087 
14222 997 
14229 402 
14286 252 
14327 307 
14358 5187 
14396 487 
14448 2680 
14453 218 
14477 40 
14498 111 
14565 246 
14575 463 
14606 1633 
14651 192 
14766 124 
14799 260 
14816 1520 
14839 1599 
14880 23828 
14907 665 
14923 18 
14949 248 
15017 41 
15034 188 
15034 1443 
15070 215 
15159 187 
15178 1074 
15195 40 
15205 32 
15360 1150 
15469 1636 
15481 2547 
15583 969 
15600 287 
15603 219 
15621 1507 
15669 4624 
15695 588 
15812 245 
15843 340 
15866 176 
15869 96 
15902 359 
15932 378 
15954 277 
15972 74 
15977 6 
16017 86 
16112 694 
16122 115 
16140 15 
16145 2618 
16250 722 
16291 1174 
16369 28 
16398 436 
16446 1517 
16872 270 
16878 118 
16933 2400 
17003 110 
17007 1393 
17062 97 
17100 2441 
17146 424 
17148 53 
17148 262 
17214 127 
17267 29 
17289 887 
17426 1726 
17527 2419 
17531 151 
17532 2750 
17532 103 
17571 1158 
17596 12288 
17631 183 
17737 1593 
17782 544 
17866 258 
17976 87 
17997 498 
18126 782 
18144 1013 
18196 229 
18606 147 
18689 435 
18737 1109 
18748 7394 
18811 210 
18824 22 
18890 223 
18934 1367 
18961 453 
18990 253 
19043 365 
19062 1736 
19171 510 
19194 1167 
19254 888 
19254 1137 
19328 995 
19328 876 
19338 1262 
19343 454 
19356 241 
19373 1207 
19419 115 
19420 129 
19429 148 
19448 649 
19504 1049 
19515 115 
19568 4903 
19593 315 
19620 220 
19623 785 
19658 832 
19688 1163 
19699 1211 
19709 5523 
19720 1143 
19773 156 
19784 281 
19788 765 
19794 101 
19799 385 
19813 86 
19817 1219 
19818 3551 
19894 925 
19916 490 
19955 340 
19962 696 
20033 169 
20039 296 
20066 1064 
20109 46 
20109 694 
20133 3001 
20136 3141 
20181 826 
20224 255 
20263 1133 
20324 811 
20331 3671 
20355 1480 
20358 806 
20378 49 
20380 2713 
20410 53 
20448 171 
20485 159 
20512 998 
20543 547 
20550 1145 
20553 965 
20554 663 
20563 1484 
20587 1285 
20594 44 
20601 806 
20606 106 
20608 766 
20629 209 
20629 897 
20645 202 
20651 2541 
20697 1311 
20723 256 
20724 97 
20724 1361 
20770 1298 
20798 426 
20875 309 
20875 1170 
20887 1659 
20926 140 
20938 126 
20938 109 
20967 237 
20970 782 
20997 371 
21042 263 
21088 725 
21128 1188 
21175 598 
21288 136 
21292 31 
21303 320 
21404 430 
21540 887 
21583 116 
21601 1987 
21614 2715 
21641 784 
21648 124 
21679 716 
21705 95 
21789 2260 
21797 860 
21798 357 
21811 156 
21816 77 
21951 510 
22001 347 
22016 1375 
22021 136 
22058 2580 
22067 298 
22075 295 
22217 961 
22244 2635 
22254 1026 
22295 172 
22358 37 
22367 203 
22433 1743 
22478 263 
22484 2828 
22554 137 
22601 12929 
22605 536 
22656 538 
22692 553 
22921 495 
23008 1082 
23037 189 
23050 1131 
23065 1019 
23212 252 
23215 1237 
23233 2829 
23281 855 
23336 242 
23381 70 
23387 50 
23395 2084 
23395 216 
23407 506 
23450 131 
23544 951 
23546 1694 
23567 1827 
23626 59 
23641 1444 
23658 1134 
23680 72 
23690 10 
23703 75 
23716 3062 
23772 2859 
23798 1333 
23808 936 
23846 784 
23872 659 
23933 31 
23945 6557 
23954 87 
23970 98 
23980 3 
23997 283 
23999 605 
24035 760 
24042 2642 
24061 13342 
24067 105 
24071 427 
24114 254 
24115 1580 
24151 1209 
24159 489 
24168 325 
24172 1279 
24199 2715 
24211 766 
24217 123 
24297 1051 
24318 354 
24326 307 
24390 87 
24396 1714 
24399 156 
24401 54 
24415 325 
24416 299 
24444 1803 
24447 310 
24558 1420 
24576 5568 
24583 614 
24586 134 
24601 193 
24636 162 
24642 239 
24650 427 
24671 605 
24676 1703 
24704 1663 
24768 771 
24807 132 
24815 1223 
24847 639 
24862 503 
24869 6141 
24893 40 
24893 696 
24896 1047 
24903 949 
24928 94 
24934 1451 
24937 401 
24971 395 
24979 132 
24983 103 
24987 626 
24989 559 
24994 699 
24995 314 
25108 144 
25140 717 
25154 95 
25174 852 
25208 935 
25269 284 
25290 3969 
25309 317 
25311 2704 
25397 284 
25416 612 
25424 1342 
25426 167 
25435 485 
25461 201 
25468 428 
25473 692 
25488 1280 
25496 336 
25501 220 
25525 216 
25551 109 
25572 102 
25578 1013 
25602 610 
25611 8 
25625 585 
25631 732 
25636 356 
25658 829 
25661 295 
25669 372 
25719 602 
25747 14 
25752 1852 
25755 579 
25761 346 
25771 431 
25778 2156 
25782 275 
25819 1468 
25832 1850 
25834 6503 
25842 1156 
25853 5069 
25860 960 
25996 518 
26032 995 
26032 1069 
26054 555 
26061 632 
26078 461 
26089 551 
26102 590 
26106 4138 
26108 3182 
26116 759 
26120 1851 
26134 368 
26175 431 
26178 524 
26189 5859 
26189 411 
26226 879 
26232 771 
26293 2735 
26293 1013 
26320 278 
26333 3511 
26338 717 
26364 14272 
26367 474 
26381 710 
26438 2920 
26441 1094 
26452 819 
26455 1298 
26459 1240 
26462 344 
26484 413 
26489 406 
26491 1853 
26517 2625 
26531 1781 
26541 37 
26567 342 
26589 188 
26621 327 
26665 364 
26736 12 
26770 865 
26788 1025 
26822 3907 
26842 524 
26858 94 
26883 599 
26922 1886 
26943 3632 
26944 166 
26978 1031 
26980 540 
26997 606 
27004 919 
27029 2243 
27061 1421 
27133 1024 
27140 3220 
27145 254 
27183 334 
27196 347 
27253 87 
27259 2257 
27297 147 
27331 26 
27418 117 
27449 945 
27461 13883 
27468 552 
27490 1526 
27491 411 
27494 259 
27496 65 
27510 51 
27546 2016 
27549 670 
27571 1591 
27595 394 
27674 340 
27679 829 
27684 369 
27699 128 
27724 290 
27738 44 
27743 280 
27743 181 
27760 153 
27788 1595 
27791 128 
27823 1251 
27874 2071 
27937 231 
27946 269 
27961 296 
28022 125 
28041 490 
28071 6 
28072 209 
28091 183 
28094 682 
28111 572 
28156 675 
28168 119 
28220 170 
28221 188 
28229 522 
28230 42 
28246 23 
28255 496 
28264 393 
28264 393 
28292 1388 
28292 1388 
28362 1499 
28381 453 
28388 823 
28392 585 
28413 979 
28415 678 
28421 469 
28421 467 
28436 252 
28449 3146 
28450 109 
28465 165 
28514 623 
28523 908 
28526 616 
28545 2217 
28573 1076 
28589 362 
28635 1497 
28658 212 
28700 3030 
28710 497 
28725 97 
28740 380 
28750 3860 
28753 565 
28775 1600 
28820 80 
28841 1349 
28858 325 
28915 3275 
28922 1157 
28930 343 
28959 1690 
28976 287 
29009 10526 
29014 278 
29015 1035 
29048 166 
29085 1047 
29193 500 
29228 899 
29229 1654 
29239 1409 
29252 205 
29276 1258 
29277 769 
29282 354 
29285 224 
29305 416 
29318 213 
29337 755 
29361 232 
29370 132 
29402 594 
29416 1043 
29440 1028 
29531 80 
29571 134 
29583 453 
29603 1880 
29625 540 
29638 526 
29669 558 
29671 166 
29697 197 
29719 437 
29725 705 
29727 4715 
29731 155 
29806 599 
29868 794 
29901 700 
29953 382 
29977 61 
29983 653 
29987 1357 
30138 398 
30196 2440 
30336 278 
30356 92 
30455 245 
30455 2468 
30481 447 
30517 691 
30530 1059 
30540 548 
30636 2088 
30639 395 
30788 1258 
30854 435 
30916 821 
30917 82 
30952 2149 
30980 2971 
31035 1484 
31101 2318 
31136 39 
31170 1883 
31174 1038 
31175 256 
31198 847 
31228 1126 
31254 140 
31270 1298 
31284 1239 
31293 209 
31368 1588 
31375 1480 
31429 265 
31446 531 
31507 186 
31521 266 
31560 67 
31645 2137 
31683 1113 
31705 1594 
31710 78 
31711 175 
31734 264 
31759 1854 
31778 1434 
31877 14 
31879 511 
31968 152 
31969 3 
32017 1067 
32057 258 
32091 202 
32158 875 
32173 612 
32228 869 
32270 96 
32300 168 
32310 962 
32322 6624 
32342 2733 
32407 96 
32441 124 
32448 833 
32464 445 
32476 88 
32518 196 
32557 13340 
32568 446 
32628 69 
32658 888 
32698 1928 
32773 1063 
32774 1489 
32796 186 
32809 98 
32834 1972 
32838 1628 
32855 3475 
32856 836 
32858 819 
32893 21035 
32913 1332 
32927 457 
32940 2111 
32978 1395 
32984 567 
33021 1963 
33023 578 
33027 408 
33095 742 
33099 405 
33107 73 
33161 264 
33164 1489 
33166 1459 
33184 15 
33189 227 
33199 650 
33226 479 
33255 349 
33265 1584 
33272 3759 
33276 469 
33282 1391 
33286 92 
33302 184 
33487 570 
33499 7 
33553 1048 
33576 307 
33625 160 
33626 215 
33628 684 
33629 462 
33638 13 
33759 2361 
33830 150 
33846 687 
33874 2322 
33884 635 
33904 563 
33924 495 
33932 368 
33966 905 
33985 221 
33985 241 
34053 201 
34076 2361 
34129 1770 
34135 139 
34153 42 
34175 1890 
34223 3151 
34333 232 
34414 214 
34417 28 
34555 499 
34561 381 
34645 969 
34659 300 
34684 106 
34688 734 
34709 631 
34738 1281 
34763 142 
34764 988 
34772 109 
34836 662 
34839 1105 
34930 1024 
34939 160 
34980 1504 
34983 32 
34999 300 
35221 5644 
35298 1478 
35338 912 
35421 21843 
35449 516 
35466 1571 
35468 811 
35520 716 
35538 1880 
35636 675 
35644 95 
35656 475 
35671 117 
35688 3954 
35756 618 
35770 803 
35816 10 
35884 883 
35910 253 
35949 580 
36052 5 
36130 909 
36145 1525 
36174 1089 
36255 455 
36262 1357 
36280 399 
36301 277 
36315 779 
36341 738 
36355 537 
36378 790 
36387 1401 
36433 169 
36448 40 
36457 261 
36458 1372 
36546 831 
36551 64 
36573 2226 
36634 284 
36650 1390 
36707 388 
36733 260 
36734 818 
36804 552 
36817 69 
36824 5360 
36847 1381 
36876 9317 
36904 926 
37030 2417 
37106 1598 
37113 1174 
37140 2058 
37154 1220 
37191 935 
37226 1137 
37268 132 
37281 272 
37392 431 
37443 125 
37519 1319 
37566 2212 
37613 689 
37671 986 
37710 132 
37744 464 
37766 32 
37864 1107 
37924 347 
37927 3325 
37967 658 
38020 449 
38021 58 
38169 233 
38253 526 
38267 963 
38274 55 
38291 14 
38323 935 
38330 615 
38406 319 
38433 3967 
38511 47 
38535 1274 
38557 1566 
38567 186 
38596 532 
38614 4126 
38623 427 
38645 954 
38675 955 
38713 232 
38733 17 
38742 978 
38794 880 
38858 1689 
38874 181 
38929 7 
38980 583 
39008 289 
39148 551 
39164 206 
39207 186 
39270 294 
39357 137 
39400 238 
39447 1746 
39490 488 
39507 884 
39539 447 
39585 147 
39587 324 
39590 1250 
39592 1111 
39597 1053 
39656 96 
39745 2255 
39753 2020 
39814 77 
39824 158 
39989 1791 
39998 376 
39998 277 
40040 593 
40058 1056 
40074 1066 
40130 986 
40154 411 
40296 183 
40312 1302 
40331 586 
40379 343 
40427 119 
40436 832 
40452 296 
40452 116 
40462 172 
40480 581 
40574 421 
40658 430 
40683 1366 
40699 326 
40763 1342 
40774 639 
40779 177 
40806 4589 
40813 1318 
40877 495 
40932 271 
40940 7 
41032 525 
41075 2854 
41092 1736 
41172 337 
41196 1138 
41228 834 
41239 70 
41294 6730 
41305 1675 
41318 344 
41399 6 
41518 1660 
41524 1873 
41536 47 
41542 5212 
41582 141 
41696 701 
41756 111 
41853 38 
41855 651 
41873 1755 
41889 1389 
41902 540 
41903 1672 
41909 811 
41937 324 
42104 1589 
42132 402 
42133 398 
42267 83 
42299 169 
42336 3541 
42347 338 
42354 575 
42384 1269 
42402 55 
42429 430 
42442 218 
42464 1324 
42469 1057 
42470 1278 
42472 35 
42496 253 
42535 58 
42615 1648 
42619 1427 
42745 857 
42777 51 
42797 894 
42857 1230 
42864 1573 
42867 123 
42874 1044 
42895 814 
42903 450 
42921 51 
42925 33 
42950 428 
42975 1062 
42986 188 
43001 1239 
43004 103 
43039 32 
43039 32 
43045 1382 
43045 1382 
43066 882 
43066 882 
43098 1172 
43180 2242 
43300 107 
43340 200 
43470 1437 
43501 675 
43543 785 
43578 396 
43634 2264 
43653 744 
43682 2357 
43701 1031 
43713 1728 
43728 15 
43744 3070 
43791 1834 
43813 528 
43895 492 
43929 198 
43935 832 
43950 122 
43982 2772 
44086 294 
44136 141 
44143 1124 
44156 98 
44156 1243 
44360 244 
44373 1208 
44389 278 
44410 819 
44440 293 
44507 398 
44549 511 
44606 1281 
44756 1054 
44959 381 
44970 191 
45012 222 
45020 314 
45133 325 
45196 111 
45235 927 
45283 386 
45286 2151 
45374 98 
45382 2750 
45417 2965 
45515 202 
45557 1595 
45580 811 
45585 1210 
45601 206 
45656 1289 
45679 128 
45708 422 
45716 813 
45735 21 
45760 822 
45779 4669 
45873 394 
45891 244 
45922 2569 
46163 456 
46212 2136 
46223 2457 
46324 479 
46387 1197 
46389 154 
46544 12671 
46563 600 
46565 1048 
46583 67 
46650 245 
46754 1254 
46946 343 
46959 2754 
46971 124 
46989 96 
47002 51 
47007 98 
47024 682 
47267 8 
47352 105 
47426 438 
47446 364 
47453 335 
47482 525 
47624 942 
47639 173 
47667 804 
47711 240 
47754 85 
47804 74 
47908 533 
47999 2171 
48044 906 
48073 41 
48180 570 
48223 4782 
48228 294 
48261 57 
48435 2816 
48519 950 
48543 620 
48613 370 
48628 343 
48632 1013 
48662 6080 
48665 108 
48706 75 
48718 356 
48721 1339 
48726 196 
48740 391 
48794 374 
48801 351 
48881 1309 
48910 351 
48999 1386 
49040 1650 
49049 782 
49110 1816 
49151 3531 
49200 317 
49292 482 
49325 730 
49355 565 
49358 211 
49365 833 
49383 894 
49406 729 
49454 314 
49482 420 
49532 39 
49535 3670 
49669 543 
49705 1141 
49719 196 
49839 1243 
49891 374 
49960 1918 
50069 245 
50233 1646 
50239 1452 
50288 2015 
50328 2583 
50328 255 
50378 12847 
50397 71 
50400 4203 
50414 1071 
50452 240 
50506 233 
50526 1198 
50529 343 
50588 386 
50685 682 
50810 550 
50899 2172 
50910 2375 
50918 100 
50949 1401 
51025 65 
51046 1360 
51078 893 
51082 31 
51103 188 
51203 634 
51263 1160 
51348 3439 
51352 817 
51358 82 
51443 39 
51709 322 
51720 1115 
51815 2268 
51931 168 
51947 340 
52118 32 
52201 287 
52265 358 
52295 114 
52312 233 
52331 764 
52392 6 
52487 3652 
52523 384 
52525 538 
52558 9097 
52591 290 
52609 432 
52616 610 
52628 5628 
52636 214 
52668 247 
52723 355 
52757 2507 
52769 3 
52885 4002 
52888 237 
52905 520 
53129 135 
53141 659 
53173 1830 
53204 1533 
53253 1327 
53366 570 
53425 4 
53442 180 
53686 6793 
53750 320 
53828 1758 
53919 54 
54078 916 
54089 378 
54094 2466 
54891 1669 
55182 738 
55381 831 
55417 3030 
55445 304 
55478 573 
55611 382 
55646 97 
55661 4823 
55715 155 
55765 187 
55830 120 
55882 1398 
55886 406 
56081 380 
56217 204 
56433 1778 
56441 314 
56661 3390 
56801 1001 
56888 1973 
57148 73 
57272 1456 
57348 1128 
57539 3362 
57541 118 
57549 3042 
57552 269 
57753 81 
57907 1428 
57941 20 
58009 1471 
58395 2315 
58747 116 
58780 294 
59037 333 
59596 3442 
59901 1293 
60017 335 
60067 3694 
60106 1182 
60156 2182 
60198 95 
60311 567 
60393 539 
60494 36 
60660 270 
61248 139 
61310 1363 
61410 75 
61630 109 
61805 772 
61988 639 
62022 0 
62122 162 
62158 1122 
62160 3268 
62228 744 
62259 470 
62579 52 
62630 79 
62769 162 
62796 366 
63171 561 
63294 97 
63319 2099 
63546 106 
65027 69 
65094 4 
65248 1579 
65515 1110 
65795 588 
65812 202 
65824 60 
66136 31 
66257 344 
66287 147 
66293 126 
66359 2116 
66480 1719 
66511 5 
66566 961 
66764 800 
66839 644 
66840 573 
66921 107 
66955 1471 
66959 107 
66969 288 
67083 1057 
67148 243 
67159 682 
67500 854 
67816 114 
67874 780 
68190 1133 
68297 1643 
68551 452 
68727 607 
68733 855 
68786 10674 
68829 1552 
68934 202 
69146 342 
69212 176 
69337 501 
69616 1057 
69633 1005 
69686 232 
69980 907 
70127 294 
70175 8007 
70211 351 
70381 305 
70865 1445 
70982 675 
71051 52 
71097 1360 
71107 53 
71113 368 
71200 1686 
71261 3569 
71322 730 
72177 2080 
73455 30 
74263 527 
74318 3493 
74530 740 
75346 351 
75468 1599 
75961 3582 
76199 423 
76426 347 
76775 859 
77309 3503 
77350 925 
77551 48 
77586 371 
77914 1294 
77949 4585 
77981 1104 
78157 4194 
78299 198 
78342 1926 
78491 183 
79871 40 
80297 318 
80324 320 
81678 294 
81911 3051 
81988 620 
82653 43 
82871 1669 
83057 1293 
83206 121 
83285 775 
83563 1048 
84066 36 
84984 2798 
86093 250 
86431 243 
87380 75 
87538 186 
87619 50 
87902 772 
87919 20 
87930 212 
88207 804 
88229 1200 
88431 15 
88716 20 
89293 2510 
89329 1304 
89658 11 
89735 120 
90196 113 
91445 86 
91822 194 
91840 1270 
92080 174 
92705 663 
92845 1774 
93003 573 
93006 78 
93995 1948 
94001 27 
94060 673 
94104 718 
94224 1450 
94537 67 
94639 213 
95534 586 
95658 1635 
95786 993 
95805 348 
95820 348 
96098 747 
96552 1187 
96589 229 
96627 248 
96749 770 
97427 169 
98807 2074 
99183 12 
99534 622 
100884 1152 
100908 2215 
101039 594 
101376 428 
101710 1200 
101873 485 
102603 168 
102730 674 
102777 455 
102810 1635 
102909 92 
102938 862 
103051 82 
103148 643 
103429 896 
103590 315 
103823 263 
103831 1730 
103841 431 
103881 646 
104306 220 
104875 435 
104910 375 
105038 2338 
105150 365 
105312 240 
105604 541 
105789 1286 
105830 305 
105936 2179 
106272 973 
106338 208 
106345 1567 
106443 2584 
106759 1489 
106983 50 
107399 1593 
107488 1492 
108527 340 
108799 205 
109105 421 
109113 515 
109360 1617 
109448 2559 
109537 702 
109540 831 
109570 379 
109574 211 
109612 260 
109678 378 
110246 8821 
110289 940 
110376 12 
110381 1226 
110461 137 
110685 66 
110783 49 
110853 261 
111019 1169 
111753 1899 
111831 449 
111847 2425 
111934 293 
111973 690 
112141 662 
112393 97 
112412 2328 
112521 408 
113647 219 
113792 278 
113815 530 
114119 55 
114362 1329 
114468 410 
114497 2050 
114538 5573 
115193 1416 
115249 705 
115652 141 
115852 70 
116070 117 
116866 461 
116913 2403 
117742 380 
117872 1048 
117887 2992 
118865 222 
118995 15 
119330 914 
119458 641 
119630 928 
119640 1135 
119656 95 
119679 478 
119924 12 
120035 2559 
120321 94 
120480 625 
120633 576 
120891 35 
120946 1967 
121861 156 
122048 1089 
122680 50 
122893 1598 
123237 290 
123459 8 
125054 237 
125058 2057 
125290 468 
126631 1030 
126641 5373 
126775 157 
126877 222 
127177 154 
127205 2209 
127462 317 
127656 219 
127923 227 
129585 1065 
129593 583 
130061 1216 
130587 153 
131689 1159 
133516 408 
134744 137 
135945 403 
136145 763 
136628 217 
137520 459 
138021 1279 
138090 19 
139825 196 
140078 172 
140500 1537 
143251 1947 
143853 789 
144306 88 
145643 412 
145666 1846 
145852 296 
146073 1465 
147338 189 
147501 102 
148504 1680 
148785 107 
149862 151 
151382 196 
151964 2711 
152801 855 
153050 83 
154311 117 
156039 648 
156199 155 
160100 1899 
160794 606 
161714 1251 
161807 196 
162498 2124 
162812 284 
164082 576 
164260 6404 
164321 1076 
164793 522 
165199 469 
168649 983 
173001 1332 
173425 227 
175330 744 
175437 376 
175686 667 
176347 263 
176497 1732 
176743 135 
176909 463 
177100 482 
177269 102 
177522 984 
177613 774 
178044 573 
178225 1554 
179623 670 
180020 445 
182889 375 
183049 1499 
183083 433 
183204 1159 
183350 95 
184375 691 
190994 437 
191472 682 
192558 697 
194401 92 
197744 3362 
199790 31 
199853 270 
200231 435 
200826 737 
201554 215 
201780 1403 
201907 340 
202938 168 
203501 266 
203742 675 
204230 710 
205314 540 
206409 143 
207446 58 
207695 742 
209480 1070 
209656 34 
210278 1143 
210853 209 
212140 552 
212829 248 
213454 839 
214578 26 
214796 386 
214883 1380 
215393 208 
217677 126 
217817 2013 
217850 1257 
219387 631 
220994 1573 
223148 161 
223768 49 
223873 1502 
225146 1385 
225430 905 
226078 1089 
226831 1955 
226846 509 
232031 933 
234297 149 
234493 439 
236802 33 
236838 318 
238031 1188 
238217 357 
240354 1027 
240412 952 
240906 1012 
247366 2064 
248007 169 
248864 212 
249987 115 
256823 1280 
260427 135 
260754 359 
261707 579 
269322 79 
271939 365 
277150 88 
277242 1275 
277721 5707 
278923 90 
286375 2356 
289659 616 
292488 2334 
293157 173 
293271 14 
295680 239 
296868 1162 
296952 1170 
297448 1254 
300069 869 
300525 142 
304549 3975 
305093 996 
306247 96 
307240 669 
307572 242 
311829 228 
313611 257 
313807 234 
315031 294 
316786 1136 
322868 1648 
323074 3751 
329676 2668 
339848 145 
357548 289 
359997 52 
362175 52 
362362 24 
365851 1020 
365904 200 
371822 2339 
371847 648 
372028 800 
372131 1042 
374539 1165 
376854 250 
376864 5783 
380357 3155 
387453 209 
387529 387 
387547 727 
389664 707 
391101 9 
391472 3999 
393864 734 
394592 437 
399359 1210 
400659 1336 
400803 2750 
408310 891 
409129 81 
423841 877 
427137 1473 
431633 1012 
431750 783 
433305 574 
462249 271 
463955 145 
465277 743 
479649 1448 
479785 115 
479887 810 
490616 98 
498339 105 
501801 151 
511456 147 
512085 256 
522521 152 
528189 207 
558772 473 
568143 1733 
570855 25 
584103 912 
597840 384 
599045 456 
