3273 2.65381944444
0 506224 
6 165 
8 147 
9 72 
12 69 
12 192 
13 145 
13 402 
13 7 
13 36 
14 23 
16 180 
16 34 
17 94 
17 2305 
17 695 
18 430 
18 40 
19 23 
20 630 
20 91 
20 90 
20 1751 
20 91 
20 20 
21 414 
21 252 
21 221 
21 857 
22 378 
23 155 
23 496 
23 162 
24 459 
24 213 
24 159 
24 52 
24 423 
25 714 
25 83 
25 101 
25 304 
25 89 
25 457 
25 140 
26 123 
26 46 
26 506 
26 642 
26 719 
27 31 
27 21 
27 129 
27 24 
27 184 
28 356 
28 168 
28 68 
28 583 
29 157 
29 136 
29 57 
29 64 
29 541 
29 159 
29 1155 
29 1202 
29 821 
30 115 
30 209 
30 357 
30 1229 
30 85 
30 431 
30 2343 
31 284 
31 191 
31 922 
31 52 
31 111 
31 293 
31 721 
32 67 
32 1723 
33 727 
33 69 
33 124 
33 515 
33 201 
33 74 
34 1349 
34 464 
34 166 
34 625 
34 132 
34 145 
34 174 
34 203 
34 222 
35 1520 
35 430 
35 7 
36 125 
37 1277 
37 264 
37 5 
37 576 
37 185 
38 88 
38 1321 
38 762 
38 149 
39 181 
39 32 
39 276 
39 39 
39 2008 
39 225 
39 203 
39 113 
39 107 
40 195 
40 869 
40 437 
40 5 
41 194 
41 274 
41 246 
41 116 
41 1123 
42 840 
42 439 
42 555 
42 135 
43 177 
43 770 
43 656 
43 2293 
43 530 
44 1077 
44 167 
44 380 
44 886 
44 4176 
45 7197 
45 474 
45 141 
45 789 
45 82 
45 121 
45 372 
45 409 
45 359 
45 332 
46 197 
46 50 
46 101 
46 1167 
46 294 
46 723 
46 213 
46 135 
46 264 
46 948 
47 20 
47 993 
47 891 
47 430 
47 1252 
47 74 
47 997 
47 2130 
47 924 
48 108 
48 134 
49 584 
49 241 
49 24 
49 283 
50 139 
50 255 
50 41 
50 183 
50 115 
50 939 
50 189 
50 186 
50 176 
51 60 
51 124 
51 217 
51 87 
51 326 
51 1032 
51 45 
51 14 
52 469 
52 1459 
52 329 
53 27 
53 86 
53 164 
53 443 
53 164 
54 128 
54 147 
54 1028 
54 116 
54 5222 
54 1 
54 123 
55 280 
55 223 
55 143 
55 55 
55 650 
55 928 
55 61 
56 35 
56 196 
56 639 
57 135 
57 50 
57 834 
57 34 
57 829 
58 826 
58 5807 
58 62 
58 138 
58 25 
58 979 
58 254 
59 1724 
59 174 
59 191 
60 185 
60 203 
60 171 
60 301 
60 182 
61 366 
61 287 
61 320 
61 19 
61 675 
61 81 
61 242 
62 337 
62 959 
62 340 
62 90 
63 120 
63 139 
63 456 
63 423 
63 127 
63 244 
63 200 
63 67 
64 485 
64 53 
64 641 
64 301 
64 1736 
64 819 
64 108 
64 80 
64 98 
65 398 
65 667 
65 21 
65 1074 
65 539 
66 534 
66 139 
66 31 
66 113 
66 1747 
66 479 
66 93 
66 246 
66 190 
66 69 
67 226 
67 78 
67 212 
67 112 
67 218 
67 231 
67 2124 
68 138 
68 341 
68 495 
69 82 
69 2840 
69 456 
69 75 
69 239 
69 2311 
70 147 
70 507 
70 805 
70 1489 
71 699 
71 414 
71 693 
71 86 
72 127 
72 170 
72 415 
72 321 
72 456 
73 25 
73 605 
73 420 
73 34 
74 157 
74 415 
74 947 
74 1017 
75 781 
75 495 
75 1083 
75 180 
76 1108 
76 201 
76 552 
76 64 
77 844 
77 133 
77 1045 
77 531 
78 288 
78 58 
79 116 
79 476 
79 674 
79 172 
80 1756 
80 199 
80 146 
80 121 
81 136 
82 386 
82 18 
82 86 
82 44 
82 111 
82 1613 
83 127 
83 154 
83 456 
83 1380 
83 843 
84 164 
84 1204 
85 5789 
85 599 
85 891 
85 14 
86 1210 
86 41 
86 1645 
87 119 
87 1995 
87 5 
87 67 
88 3680 
88 79 
88 553 
88 305 
88 25 
88 77 
89 21 
89 130 
89 146 
89 173 
89 60 
90 96 
90 159 
91 759 
91 14 
91 1108 
91 98 
91 435 
92 165 
92 2525 
93 185 
93 5525 
94 60 
94 393 
94 481 
94 429 
94 71 
94 289 
95 1471 
95 157 
96 1019 
96 32 
96 1156 
96 34 
97 432 
97 78 
98 1149 
98 315 
98 113 
98 755 
99 70 
99 419 
99 5968 
99 10 
99 1276 
99 70 
99 91 
100 31 
100 274 
100 38 
100 274 
100 115 
100 61 
101 189 
101 2410 
101 18 
101 411 
101 948 
101 1326 
102 690 
102 289 
102 37 
102 314 
103 267 
103 648 
103 31 
103 490 
103 8 
103 48 
104 34 
104 762 
104 814 
104 280 
105 265 
105 297 
105 52 
106 408 
106 1205 
106 1684 
106 92 
106 83 
107 4790 
107 71 
108 318 
109 146 
109 37 
110 13576 
110 65 
110 9 
110 135 
110 42 
110 293 
111 111 
111 501 
112 112 
112 23 
112 192 
112 61 
112 1148 
112 477 
112 51 
112 152 
112 25 
113 587 
113 1034 
113 2686 
114 1498 
115 202 
115 316 
115 882 
115 91 
115 87 
116 100 
116 60 
116 132 
117 52 
118 28 
118 826 
118 1138 
118 67 
118 540 
118 12 
118 73 
118 53 
119 1224 
119 581 
119 957 
120 170 
120 283 
120 51 
120 151 
121 745 
121 134 
122 611 
122 97 
123 37 
124 147 
124 291 
124 4554 
124 54 
125 183 
125 135 
125 28 
126 137 
127 94 
127 1120 
127 184 
127 381 
128 113 
128 493 
128 67 
129 431 
129 3684 
129 305 
129 320 
130 111 
131 134 
131 382 
131 465 
131 1019 
131 2449 
131 42 
132 93 
132 218 
132 239 
133 38654 
133 1611 
133 24 
133 247 
134 40 
134 48 
135 11 
135 356 
135 166 
135 1246 
136 58 
137 1001 
137 19 
137 105 
137 105 
138 504 
138 909 
138 337 
138 116 
138 1 
138 409 
139 717 
139 180 
139 2230 
139 683 
140 213 
141 2110 
141 3720 
141 714 
141 262 
142 780 
142 63 
143 304 
143 351 
143 60 
143 66 
143 709 
144 40 
144 318 
144 41 
144 2346 
145 279 
145 119 
145 2583 
146 1915 
146 53 
146 806 
146 976 
147 375 
147 13698 
148 1022 
148 17 
148 956 
149 84 
149 108 
149 213 
149 1586 
150 127 
150 269 
150 103 
150 187 
150 404 
150 579 
151 193 
151 461 
151 237 
151 549 
151 49 
152 161 
152 130 
152 362 
152 680 
152 2227 
152 628 
152 562 
153 144 
154 474 
155 65 
155 5 
155 1809 
157 999 
157 28 
157 135 
158 317 
158 124 
159 125 
160 98 
161 1021 
161 1409 
161 19 
163 805 
163 190 
163 57 
164 871 
165 155 
165 82 
165 52 
165 1186 
166 292 
166 1129 
167 2145 
167 60 
167 41 
168 1794 
168 9 
168 315 
168 347 
170 73 
170 353 
170 236 
170 1159 
171 29 
171 1142 
171 47 
171 135 
172 459 
173 145 
173 68 
173 170 
174 1586 
174 81 
175 15 
176 644 
176 632 
176 333 
177 43 
178 595 
178 1363 
178 3316 
178 66 
179 1772 
179 209 
179 208 
180 496 
180 58 
181 317 
181 2206 
181 213 
182 926 
182 94 
183 268 
183 1 
184 22 
184 1948 
184 264 
184 1146 
184 618 
185 245 
186 619 
186 1310 
187 1841 
187 176 
187 242 
187 514 
187 54 
188 283 
188 381 
189 279 
189 2009 
189 1010 
189 2260 
191 83 
191 30 
192 147 
192 12 
192 682 
193 1800 
193 703 
193 643 
193 154 
195 806 
196 454 
196 7075 
196 86 
196 47 
196 29 
196 404 
197 181 
197 1307 
198 105 
199 155 
200 351 
201 2001 
201 469 
201 97 
202 930 
203 210 
205 82 
206 93 
208 354 
208 669 
209 171 
209 297 
212 417 
212 1420 
213 1009 
213 158 
214 3925 
215 1268 
215 21 
215 52 
215 814 
216 2115 
218 618 
218 75 
218 533 
219 126 
219 840 
220 931 
220 131 
220 337 
220 228 
221 840 
222 7 
222 1116 
223 4533 
225 132 
225 376 
225 30 
226 62 
226 127 
227 152 
227 375 
228 832 
229 6312 
229 931 
229 112 
229 137 
230 1402 
230 305 
230 470 
230 305 
231 7 
231 124 
232 1131 
233 971 
234 63 
235 137 
235 1576 
235 235 
235 328 
235 544 
235 118 
237 34 
237 132 
237 486 
239 35 
240 457 
240 1740 
240 210 
240 1687 
241 709 
241 517 
242 4388 
242 66 
243 11 
243 212 
243 843 
243 128 
244 325 
245 141 
246 304 
247 161 
247 43 
247 739 
248 370 
248 250 
248 119 
249 442 
250 2011 
252 146 
253 157 
253 150 
254 451 
255 846 
255 259 
255 241 
255 29 
256 11 
257 372 
257 23 
257 189 
259 131 
259 1725 
259 207 
259 149 
260 559 
260 66 
261 332 
262 153 
262 176 
263 49 
264 926 
265 594 
267 546 
268 49 
268 35 
269 111 
270 180 
271 690 
273 346 
273 245 
274 2398 
275 277 
276 721 
277 43 
278 4 
279 1059 
279 136 
279 2000 
280 279 
280 100 
281 1850 
282 552 
284 50 
284 214 
285 2153 
285 445 
286 1001 
288 112 
288 1210 
290 1581 
290 673 
292 293 
292 2175 
293 707 
294 3013 
294 191 
294 639 
296 57 
296 620 
296 191 
298 1416 
298 115 
299 667 
301 43 
302 142 
302 474 
305 297 
306 914 
307 100 
308 32 
308 292 
308 158 
309 2362 
310 249 
310 984 
311 104 
311 6401 
311 237 
312 12402 
313 311 
314 13464 
314 273 
314 53 
315 425 
316 47 
316 221 
316 18 
318 4680 
318 254 
319 194 
319 309 
320 265 
322 51 
323 717 
323 277 
325 271 
325 328 
325 359 
325 487 
327 1676 
328 12 
328 61 
329 31 
329 45 
331 1764 
331 335 
331 155 
333 176 
333 9 
333 297 
333 3589 
334 72 
334 1061 
335 233 
335 5 
337 1002 
337 189 
337 151 
338 136 
338 25 
339 13 
340 4732 
343 222 
343 1819 
345 367 
345 198 
345 134 
346 179 
346 536 
347 47 
347 172 
347 227 
347 254 
348 407 
348 793 
349 89 
350 22 
353 20 
355 2187 
356 436 
359 636 
359 275 
360 160 
361 1055 
361 592 
362 7 
362 3395 
362 1673 
362 153 
363 372 
363 284 
365 1096 
366 224 
366 593 
367 312 
367 2164 
369 1224 
373 146 
373 16 
373 226 
374 51 
374 1438 
375 967 
375 9 
375 607 
376 3988 
377 730 
377 4353 
379 40 
379 112 
380 749 
381 5424 
383 95 
384 593 
384 949 
385 646 
385 381 
385 750 
386 67 
386 4498 
386 681 
387 254 
387 42463 
387 843 
388 354 
394 132 
399 83 
402 176 
403 143 
404 63 
404 101 
405 78 
406 205 
406 12 
409 347 
410 186 
411 1288 
411 1625 
412 1808 
412 2290 
412 63 
413 102 
416 260 
417 14 
418 308 
418 719 
418 58 
419 372 
419 544 
420 50 
420 36 
421 519 
422 542 
423 265 
424 376 
425 1507 
425 233 
427 1153 
427 110 
427 40 
428 70 
428 731 
429 21 
431 760 
431 4329 
433 181 
434 277 
434 290 
435 88 
436 2314 
437 1235 
437 182 
437 341 
438 137 
438 862 
439 15 
440 1 
440 1565 
443 1690 
443 25 
445 108 
446 1186 
448 20491 
450 55 
450 18 
452 20 
452 987 
454 45 
455 65 
458 239 
458 900 
459 106 
459 972 
460 305 
460 40 
460 152 
461 1629 
465 155 
467 153 
469 234 
469 962 
469 657 
470 1649 
471 81 
471 2693 
471 1682 
472 6 
472 2287 
474 666 
474 728 
475 89 
475 239 
478 224 
478 148 
481 91 
481 329 
481 835 
484 718 
489 561 
491 1040 
491 627 
495 2937 
496 490 
497 101 
499 1735 
501 612 
503 467 
503 623 
504 14 
504 1057 
506 333 
506 232 
506 195 
508 49 
510 79 
511 287 
511 82 
512 166 
512 777 
513 440 
514 3 
514 64 
515 386 
516 414 
516 1351 
517 95 
518 441 
518 225 
519 14 
520 817 
520 301 
521 3061 
522 229 
525 603 
526 21 
526 55 
527 1364 
527 75 
528 22 
528 3280 
528 70 
528 69 
529 307 
530 10128 
531 2723 
531 1396 
531 309 
532 378 
533 271 
534 711 
535 127 
537 745 
538 232 
539 935 
540 1075 
540 2217 
541 91 
542 3227 
543 571 
544 1146 
545 6774 
545 142 
545 142 
546 546 
548 83 
551 239 
552 169 
552 1439 
556 592 
556 476 
559 54 
561 1684 
562 49 
568 594 
569 87 
571 23 
574 104 
575 356 
577 694 
577 350 
578 1516 
578 267 
578 766 
579 981 
580 5 
581 19 
581 2800 
583 650 
585 648 
585 718 
586 9 
587 9 
590 474 
593 712 
595 31 
595 154 
598 1578 
601 6 
601 64 
602 4052 
602 687 
603 167 
603 575 
604 162 
606 28 
607 569 
608 103 
608 116 
615 726 
615 139 
615 1594 
615 122 
615 1035 
616 648 
616 87 
619 1241 
620 317 
623 576 
623 1073 
624 326 
627 11265 
627 223 
628 64 
629 320 
629 3647 
630 34 
630 2594 
630 160 
632 61 
633 53 
633 137 
634 2 
635 927 
637 29 
640 133 
641 258 
643 1558 
644 458 
646 617 
647 286 
648 7 
649 22 
649 14 
650 188 
651 361 
651 888 
651 265 
651 143 
653 401 
655 903 
655 811 
658 1091 
659 349 
659 63 
660 491 
660 462 
665 3173 
665 1251 
667 5647 
667 1240 
671 32 
673 91 
673 218 
675 537 
678 1075 
678 375 
678 1279 
680 1087 
681 65 
682 754 
684 352 
684 1277 
685 464 
687 990 
690 1103 
691 757 
691 252 
692 390 
692 1880 
693 1862 
693 266 
693 58 
696 3038 
696 146 
696 242 
697 178 
697 1169 
699 153 
701 567 
701 106 
703 14659 
703 1779 
706 5 
709 129 
709 101 
711 183 
716 2585 
717 1393 
720 75 
721 11 
721 745 
722 54 
724 395 
726 728 
727 901 
729 248 
739 1247 
739 72 
739 1368 
740 119 
742 1505 
743 1087 
746 299 
747 4586 
748 19 
749 274 
758 124 
761 413 
764 1060 
764 3770 
765 669 
767 437 
768 90 
769 241 
771 834 
772 924 
773 411 
774 2156 
775 110 
781 12 
782 1567 
782 96 
782 425 
783 1314 
785 1877 
787 1278 
790 58 
790 113 
792 330 
799 1049 
802 76 
802 1554 
802 1006 
802 861 
804 1533 
811 731 
812 120 
813 382 
817 2870 
819 20 
821 61 
822 626 
824 6546 
824 511 
827 814 
828 2010 
828 1177 
835 1245 
836 143 
837 56 
842 1062 
843 1851 
844 1225 
848 388 
849 105 
850 186 
851 195 
855 470 
856 87 
857 853 
857 830 
858 116 
860 1211 
861 586 
862 6967 
868 203 
870 1402 
881 1164 
882 428 
888 8213 
891 111 
892 738 
899 2652 
901 13 
902 502 
902 156 
907 25 
908 57 
912 595 
914 175 
916 667 
918 711 
918 20 
920 126 
927 488 
927 453 
928 63 
930 458 
933 205 
934 149 
934 633 
935 944 
943 119 
944 151 
945 1196 
946 219 
948 786 
949 455 
952 541 
953 182 
957 1512 
959 201 
961 83 
963 225 
964 29 
966 102 
968 179 
969 165 
973 62 
973 3848 
974 3707 
978 304 
988 208 
989 619 
991 59 
991 453 
991 771 
992 716 
992 237 
997 724 
999 437 
1004 3 
1005 105 
1011 96 
1011 476 
1013 329 
1014 77 
1017 2373 
1017 350 
1019 78 
1023 140 
1026 65 
1026 1418 
1026 838 
1030 89 
1033 1585 
1033 1182 
1034 276 
1035 1830 
1037 155 
1038 70 
1040 381 
1041 423 
1045 283 
1045 1273 
1050 620 
1051 869 
1053 132 
1054 1037 
1054 309 
1056 99 
1062 404 
1062 527 
1066 137 
1069 417 
1071 4106 
1073 109 
1073 1771 
1074 70 
1076 886 
1077 186 
1078 205 
1078 881 
1079 9020 
1084 787 
1088 3902 
1091 894 
1099 912 
1099 2015 
1102 324 
1105 86 
1105 2702 
1107 1621 
1109 1177 
1110 1063 
1113 116 
1123 55 
1125 458 
1129 98 
1130 1043 
1130 232 
1135 184 
1136 1708 
1136 811 
1136 1383 
1140 25 
1143 7913 
1147 280 
1150 745 
1151 98 
1152 44 
1156 2 
1156 79 
1159 157 
1162 804 
1163 2139 
1164 653 
1169 112 
1170 1118 
1182 2776 
1185 1049 
1187 147 
1187 2496 
1193 386 
1200 1696 
1201 333 
1202 4580 
1205 1951 
1207 184 
1213 397 
1216 2952 
1219 2600 
1219 180 
1222 375 
1224 559 
1227 134 
1229 708 
1229 86 
1235 765 
1238 39 
1239 381 
1241 426 
1243 844 
1244 1383 
1244 679 
1245 558 
1245 239 
1246 2721 
1248 232 
1250 2377 
1255 849 
1256 1421 
1258 145 
1259 512 
1259 1 
1262 87 
1263 97 
1269 948 
1271 1056 
1286 64 
1297 210 
1300 731 
1304 21 
1305 1956 
1319 241 
1323 1007 
1325 457 
1325 797 
1325 821 
1339 36 
1341 828 
1343 1002 
1346 330 
1349 1963 
1355 263 
1356 495 
1358 1291 
1359 100 
1361 649 
1363 994 
1364 79 
1366 376 
1367 0 
1369 654 
1374 249 
1375 142 
1376 1035 
1377 1601 
1379 232 
1380 84 
1384 236 
1386 2013 
1386 1772 
1391 2505 
1392 219 
1397 1824 
1397 946 
1405 39 
1410 255 
1412 637 
1414 421 
1415 15 
1416 103 
1424 2383 
1429 638 
1438 434 
1449 506 
1451 2125 
1455 63 
1458 953 
1465 1089 
1466 388 
1467 181 
1470 58 
1475 471 
1476 2333 
1483 79 
1486 661 
1486 80 
1487 542 
1487 751 
1488 1335 
1495 270 
1496 695 
1506 6135 
1511 66 
1522 677 
1525 484 
1526 864 
1527 160 
1530 2157 
1530 1596 
1540 89 
1541 2309 
1541 520 
1543 18 
1544 396 
1544 569 
1545 754 
1546 5659 
1547 1591 
1552 259 
1556 447 
1558 10421 
1559 5 
1561 6 
1564 101 
1564 799 
1566 479 
1572 337 
1576 1330 
1583 309 
1584 3955 
1587 154 
1590 6231 
1605 341 
1605 529 
1606 2804 
1610 1656 
1613 1317 
1613 16 
1616 67 
1621 298 
1623 2154 
1624 32 
1626 447 
1629 2187 
1631 235 
1632 1 
1636 278 
1653 600 
1660 5590 
1669 140 
1669 185 
1673 0 
1687 768 
1691 177 
1692 826 
1701 1316 
1703 19 
1703 58 
1706 112 
1708 783 
1709 1703 
1712 64 
1721 149 
1726 340 
1727 717 
1733 1528 
1739 16 
1740 27 
1743 88 
1743 129 
1746 443 
1750 924 
1750 298 
1752 509 
1753 2179 
1757 5854 
1766 141 
1772 725 
1772 593 
1772 37 
1776 2659 
1776 129 
1785 93 
1786 246 
1791 2332 
1795 1450 
1800 157 
1801 3161 
1814 190 
1819 777 
1821 245 
1833 1843 
1835 93 
1838 668 
1845 841 
1846 1397 
1852 2996 
1853 1548 
1855 509 
1855 1517 
1858 748 
1864 38 
1873 5 
1882 299 
1885 581 
1888 361 
1890 1055 
1897 934 
1898 22 
1899 598 
1903 2131 
1907 1639 
1914 448 
1914 1935 
1917 647 
1918 1592 
1919 4 
1920 206 
1931 159 
1936 40 
1941 192 
1945 704 
1948 238 
1950 1877 
1951 465 
1966 52 
1973 241 
1976 94 
1981 335 
1984 26 
1993 283 
1997 61 
1998 713 
1999 501 
2006 1097 
2013 1476 
2014 1348 
2014 47 
2015 1712 
2019 421 
2021 298 
2024 124 
2026 175 
2026 1027 
2035 339 
2036 1720 
2047 241 
2050 44 
2058 950 
2059 1223 
2060 557 
2060 152 
2063 3063 
2072 900 
2076 552 
2077 10072 
2089 268 
2092 207 
2102 1387 
2102 193 
2106 6808 
2112 1197 
2120 185 
2120 142 
2123 2073 
2124 1611 
2131 56 
2136 545 
2138 1123 
2168 619 
2169 151 
2177 21 
2178 227 
2179 1574 
2182 252 
2185 1445 
2195 451 
2196 1319 
2197 558 
2201 1279 
2202 681 
2207 1498 
2209 130 
2234 271 
2241 534 
2259 765 
2262 3893 
2271 536 
2274 547 
2279 5344 
2281 3309 
2284 578 
2284 107 
2289 252 
2300 132 
2301 426 
2303 43 
2318 1729 
2321 20 
2327 1089 
2328 2987 
2329 1968 
2331 47 
2336 1013 
2355 72 
2363 149 
2364 1061 
2385 288 
2387 891 
2389 8328 
2393 915 
2402 1401 
2413 593 
2415 138 
2415 7002 
2421 588 
2424 5583 
2424 777 
2427 1873 
2430 50 
2439 113 
2446 3317 
2448 850 
2451 1352 
2454 148 
2463 466 
2466 1226 
2470 143 
2473 432 
2475 1171 
2479 1098 
2484 211 
2488 618 
2515 794 
2518 83 
2523 1077 
2528 1796 
2529 1339 
2547 5686 
2554 3396 
2565 6042 
2576 3571 
2578 429 
2579 2427 
2581 235 
2589 221 
2592 505 
2594 297 
2600 132 
2600 82 
2601 1264 
2603 6679 
2603 922 
2613 3 
2613 2417 
2615 154 
2616 1135 
2619 300 
2631 641 
2645 1754 
2649 38 
2650 196 
2660 1001 
2670 64 
2678 238 
2682 333 
2683 227 
2686 43 
2692 1145 
2695 286 
2697 1045 
2704 83 
2717 8304 
2732 402 
2735 127 
2738 319 
2749 654 
2750 74 
2762 757 
2771 19 
2781 45 
2796 81 
2825 560 
2830 1707 
2835 20 
2837 1009 
2839 229 
2849 1276 
2854 133 
2862 358 
2864 600 
2866 1060 
2869 256 
2873 535 
2877 89 
2883 475 
2884 3515 
2887 705 
2888 711 
2904 655 
2906 3784 
2907 332 
2909 1088 
2912 282 
2922 92 
2930 1341 
2941 409 
2942 400 
2943 111 
2946 20 
2954 3003 
2956 1892 
2961 233 
2966 177 
2969 246 
2973 47 
2976 32 
2996 579 
2997 540 
3011 44 
3012 374 
3017 1039 
3033 337 
3041 423 
3051 34 
3051 24 
3052 457 
3054 1871 
3055 126 
3055 1064 
3069 14 
3072 58 
3077 71 
3086 225 
3092 1836 
3098 895 
3101 19 
3103 58 
3104 64 
3106 208 
3118 2261 
3121 267 
3122 1520 
3133 1204 
3138 2173 
3153 741 
3153 3701 
3156 231 
3157 74 
3162 59 
3174 2651 
3186 72 
3192 418 
3194 67 
3197 301 
3207 31 
3209 623 
3222 1337 
3224 266 
3237 257 
3243 70 
3244 195 
3250 364 
3265 1674 
3266 219 
3269 396 
3279 244 
3288 489 
3295 401 
3297 576 
3326 1368 
3327 632 
3338 1979 
3340 408 
3344 390 
3356 1098 
3383 1273 
3388 0 
3389 9 
3396 1204 
3403 0 
3423 327 
3423 97 
3424 22326 
3429 505 
3443 2442 
3445 914 
3446 384 
3446 743 
3451 343 
3465 635 
3468 48 
3486 15 
3493 119 
3501 3478 
3505 78 
3542 61 
3568 445 
3570 255 
3570 184 
3580 504 
3584 62 
3589 77 
3590 1224 
3601 884 
3606 243 
3607 12 
3611 27310 
3611 234 
3617 1040 
3626 242 
3647 1485 
3683 904 
3685 0 
3687 592 
3688 389 
3718 193 
3726 403 
3730 1443 
3730 1443 
3730 1012 
3744 860 
3747 386 
3754 0 
3763 153 
3787 532 
3787 194 
3794 54 
3804 1248 
3872 675 
3895 75 
3902 1272 
3934 434 
3938 64 
3951 3618 
3981 99 
3981 556 
3994 887 
3996 111 
4012 8 
4013 237 
4017 3148 
4018 457 
4021 7941 
4028 62 
4030 276 
4033 667 
4033 183 
4035 562 
4037 1315 
4055 161 
4058 755 
4060 1470 
4064 336 
4072 659 
4075 1095 
4084 445 
4086 123 
4095 3838 
4102 2031 
4105 639 
4106 1609 
4129 2591 
4131 1271 
4133 592 
4145 450 
4156 603 
4194 484 
4209 4027 
4211 1461 
4228 404 
4230 288 
4231 306 
4260 85 
4263 283 
4264 166 
4275 230 
4285 2322 
4307 1176 
4310 374 
4313 235 
4317 285 
4328 476 
4332 203 
4351 66 
4360 135 
4376 1180 
4378 214 
4409 788 
4412 25 
4432 811 
4441 1306 
4452 436 
4478 43 
4487 541 
4491 2140 
4499 622 
4500 239 
4509 1393 
4527 68 
4547 666 
4564 1137 
4566 157 
4568 749 
4569 323 
4575 149 
4593 815 
4608 448 
4621 329 
4632 858 
4638 35 
4681 1 
4685 863 
4718 234 
4725 1096 
4777 374 
4777 898 
4787 286 
4801 782 
4835 49 
4858 6 
4870 97 
4877 712 
4888 874 
4893 127 
4898 125 
4911 1071 
4934 459 
4946 3541 
4969 2345 
4976 653 
5011 59 
5051 105 
5059 160 
5071 1458 
5080 413 
5080 828 
5086 611 
5087 78 
5090 1131 
5095 286 
5100 3760 
5112 1215 
5117 987 
5122 307 
5140 107 
5143 1255 
5147 49 
5152 1445 
5160 134 
5164 1233 
5170 799 
5172 773 
5175 1951 
5187 52 
5197 852 
5198 4616 
5215 119 
5223 504 
5227 835 
5227 422 
5251 205 
5258 4213 
5261 1763 
5279 1514 
5290 729 
5300 6182 
5300 13 
5312 691 
5313 245 
5332 343 
5335 649 
5338 1053 
5354 1363 
5366 672 
5370 67 
5372 70 
5398 413 
5400 229 
5425 822 
5433 40 
5450 49 
5460 940 
5462 5609 
5473 30 
5475 744 
5476 456 
5505 61 
5521 2431 
5535 1188 
5537 489 
5544 516 
5549 157 
5553 1780 
5555 91 
5556 708 
5562 196 
5572 1155 
5574 259 
5590 210 
5593 793 
5598 971 
5665 20 
5679 767 
5689 230 
5698 109 
5705 891 
5709 2405 
5718 35 
5784 337 
5798 121 
5814 1564 
5814 548 
5816 1437 
5819 562 
5835 394 
5837 915 
5838 525 
5858 637 
5866 135 
5892 3438 
5895 315 
5899 1301 
5901 367 
5917 943 
5920 317 
5941 1605 
5942 1328 
5947 1555 
5953 1115 
5957 368 
5963 6 
5965 822 
5967 3851 
5988 83 
6020 506 
6020 8 
6025 3800 
6030 529 
6033 1346 
6054 1355 
6066 223 
6088 78 
6094 231 
6116 643 
6117 807 
6117 121 
6122 28 
6139 347 
6147 777 
6181 352 
6208 393 
6217 871 
6227 247 
6231 437 
6252 409 
6253 916 
6255 492 
6256 464 
6279 426 
6333 238 
6352 1086 
6385 173 
6394 2975 
6403 2828 
6413 1145 
6422 714 
6427 467 
6428 514 
6445 344 
6461 94 
6465 866 
6468 1325 
6497 39 
6505 1215 
6507 507 
6512 1171 
6529 1125 
6539 76 
6541 377 
6561 1762 
6579 82 
6580 59 
6583 127 
6589 436 
6603 395 
6605 634 
6612 19 
6615 140 
6621 1686 
6657 39 
6661 281 
6665 106 
6673 1521 
6733 987 
6736 1156 
6738 38 
6766 184 
6779 1381 
6791 1245 
6794 82 
6804 1064 
6856 528 
6864 446 
6879 7 
6896 363 
6900 1301 
6952 748 
6956 184 
6990 253 
7019 356 
7029 46 
7038 388 
7081 1127 
7090 70 
7097 91 
7100 1939 
7117 990 
7128 911 
7143 248 
7188 0 
7220 2012 
7223 708 
7224 652 
7236 52 
7241 814 
7261 129 
7266 677 
7276 412 
7292 2308 
7302 2351 
7316 1525 
7330 758 
7331 170 
7338 83 
7339 312 
7340 2296 
7353 1286 
7362 153 
7370 1057 
7390 9222 
7396 596 
7399 762 
7402 248 
7407 116 
7415 120 
7423 255 
7460 59 
7483 537 
7523 525 
7525 257 
7527 402 
7555 1149 
7560 2164 
7592 1095 
7598 114 
7599 750 
7613 2828 
7662 1853 
7691 1242 
7699 159 
7706 1053 
7729 457 
7755 1698 
7776 1752 
7787 393 
7804 2130 
7814 286 
7823 740 
7854 1501 
7908 567 
7917 21 
7921 785 
7962 14 
7992 47 
8001 1424 
8017 661 
8086 420 
8102 4189 
8127 411 
8139 128 
8139 0 
8152 660 
8159 1101 
8169 1449 
8181 2073 
8209 2183 
8218 1110 
8223 740 
8250 921 
8252 934 
8277 230 
8285 109 
8288 3047 
8354 414 
8387 808 
8417 624 
8445 769 
8447 148 
8475 880 
8475 1383 
8483 36 
8527 1867 
8552 1470 
8565 693 
8603 214 
8603 926 
8617 213 
8679 229 
8689 1467 
8772 2444 
8789 617 
8792 1777 
8848 1510 
8904 1918 
8911 171 
8913 2569 
8936 320 
8960 329 
8980 577 
8996 221 
9082 75 
9106 19021 
9128 103 
9135 110 
9147 257 
9189 250 
9213 321 
9213 321 
9229 2 
9229 2 
9248 873 
9248 873 
9257 251 
9257 251 
9294 1696 
9330 1387 
9343 79 
9362 314 
9369 3724 
9369 1307 
9388 1718 
9416 1838 
9465 532 
9467 1736 
9487 432 
9498 1663 
9500 556 
9551 496 
9557 454 
9561 315 
9572 834 
9576 77 
9585 166 
9626 447 
9665 239 
9691 12182 
9784 1571 
9821 24 
9848 1509 
9851 1006 
9914 969 
9935 111 
10003 77 
10017 185 
10045 1251 
10045 426 
10053 1231 
10061 375 
10061 1103 
10086 1371 
10125 820 
10128 504 
10138 17123 
10153 184 
10169 246 
10203 548 
10213 482 
10243 1643 
10252 216 
10280 3075 
10283 1479 
10288 310 
10316 155 
10318 810 
10326 12 
10338 315 
10368 790 
10469 55 
10488 358 
10501 2058 
10506 239 
10531 398 
10552 219 
10566 392 
10583 137 
10591 2487 
10596 325 
10615 564 
10637 1222 
10643 247 
10669 70 
10695 1496 
10758 327 
10826 1123 
10834 822 
10835 111 
10837 1156 
10837 735 
10848 595 
10855 55 
10871 197 
10942 5 
10992 1277 
11059 563 
11066 32 
11142 5 
11152 3072 
11211 1059 
11237 619 
11261 1290 
11280 1361 
11289 1009 
11292 123 
11296 1816 
11298 408 
11322 233 
11329 506 
11406 412 
11429 381 
11439 2004 
11465 1320 
11520 1946 
11529 1233 
11568 312 
11582 1463 
11604 324 
11606 941 
11606 2406 
11611 209 
11660 2735 
11781 432 
11796 1752 
11827 579 
11915 1386 
11924 3 
11945 3029 
11950 315 
11952 249 
11973 292 
11988 2672 
12004 352 
12014 1215 
12093 588 
12094 251 
12218 3298 
12219 47 
12268 165 
12275 302 
12301 332 
12350 329 
12371 108 
12390 66 
12420 825 
12421 6136 
12448 5029 
12449 45 
12479 721 
12533 265 
12545 620 
12558 360 
12573 3640 
12582 390 
12627 1123 
12658 313 
12672 398 
12678 3700 
12692 3420 
12702 607 
12716 589 
12729 466 
12735 1291 
12767 1625 
12777 1629 
12790 50 
12794 3514 
12811 222 
12830 128 
12831 3238 
12840 152 
12846 663 
12887 349 
12902 1051 
12908 876 
12914 701 
12915 252 
12935 1071 
12941 43 
12943 264 
12976 1926 
12978 483 
13002 1065 
13003 1564 
13027 432 
13033 6029 
13039 206 
13088 215 
13102 401 
13122 18 
13145 616 
13174 3693 
13265 850 
13265 777 
13268 267 
13285 433 
13298 683 
13350 3520 
13436 93 
13463 1144 
13497 174 
13517 1758 
13538 522 
13570 2610 
13577 74 
13583 143 
13635 261 
13699 688 
13727 52 
13750 1776 
13773 162 
13819 248 
13870 211 
13937 466 
13945 250 
13955 1303 
13983 200 
13996 381 
14053 1115 
14113 590 
14145 1366 
14155 683 
14174 102 
14187 317 
14250 4 
14322 932 
14325 325 
14333 1430 
14407 1236 
14559 392 
14575 420 
14590 578 
14623 2236 
14716 1024 
14783 656 
14795 9 
14909 1661 
14912 1173 
14912 647 
15021 2032 
15059 40 
15083 2505 
15121 1447 
15128 152 
15167 25 
15275 2963 
15304 14 
15327 163 
15566 1793 
15607 193 
15611 666 
15647 758 
15675 1264 
15683 1211 
15819 125 
15885 528 
15904 13 
15918 1199 
15920 1777 
15924 1887 
15973 674 
16004 168 
16007 88 
16008 34 
16012 126 
16027 214 
16104 432 
16256 299 
16284 3074 
16348 258 
16348 79 
16360 108 
16361 364 
16414 256 
16432 691 
16489 64516 
16494 802 
16605 516 
16634 1467 
16637 279 
16660 299 
16660 747 
16675 4487 
16683 158 
16694 1457 
16704 275 
16731 443 
16792 257 
16799 218 
16851 678 
16981 4 
17010 865 
17043 87 
17082 1037 
17174 487 
17175 399 
17180 579 
17193 305 
17194 432 
17215 662 
17221 20 
17309 2024 
17316 599 
17392 426 
17427 1334 
17570 33 
17673 1655 
17717 3894 
17722 354 
17739 153 
17806 125 
17844 264 
17878 399 
17889 2356 
17914 5323 
17927 1285 
18024 409 
18071 810 
18073 909 
18153 74 
18274 120 
18331 2917 
18514 4400 
18521 1087 
18527 83 
18568 325 
18594 3466 
18596 3329 
18718 11 
18797 238 
18830 1348 
19019 253 
19056 290 
19155 293 
19181 1362 
19181 915 
19184 2340 
19291 561 
19387 1922 
19398 236 
19403 69 
19442 822 
19517 2053 
19546 212 
19693 440 
19720 239 
19865 2649 
19960 707 
20004 478 
20090 531 
20172 432 
20673 111 
20815 1686 
20946 1822 
20952 1062 
21053 108 
21093 370 
21158 833 
21251 379 
21327 215 
21505 307 
21559 1136 
21654 34 
21734 515 
21737 334 
21769 292 
21865 457 
21884 513 
21952 1653 
21953 325 
21969 268 
21974 436 
22033 1048 
22138 433 
22169 97 
22174 944 
22327 15 
22362 76 
22366 322 
22380 2287 
22455 127 
22559 1440 
22591 745 
22686 807 
22693 482 
22706 630 
22739 541 
22745 435 
22850 516 
22883 396 
23095 273 
23126 3621 
23157 14 
23193 1532 
23259 1739 
23311 1523 
23358 146 
23363 2074 
23368 312 
23375 1698 
23448 1742 
23522 684 
23599 1255 
23662 825 
23748 1430 
23781 12 
23886 562 
24178 164 
24210 1656 
24454 996 
24680 314 
24761 474 
24809 204 
24927 1620 
25028 703 
25249 774 
25386 201 
25464 105 
25700 370 
25830 99 
25838 1002 
25860 738 
25915 1445 
25982 240 
26134 10 
26135 1739 
26265 199 
26303 1065 
26404 1774 
26438 208 
26790 165 
26867 934 
27048 8302 
27055 1712 
27381 102 
27940 2293 
27988 1567 
28063 816 
28095 371 
28136 1186 
28150 307 
28941 972 
29020 142 
29203 406 
29213 161 
29298 575 
29473 125 
29620 1994 
29645 1389 
29647 1057 
29671 393 
29766 764 
29818 332 
29852 291 
29949 1343 
29969 259 
30718 303 
30745 1469 
30989 1329 
31066 3250 
31501 954 
32013 1076 
32106 2668 
32400 1490 
32490 1336 
32521 603 
32681 319 
32883 672 
32940 73 
33495 4 
33615 247 
34040 138 
34192 477 
34411 338 
34586 489 
35231 846 
35304 276 
35355 1459 
35380 348 
36196 1323 
36898 1249 
37283 353 
37452 151 
37538 1962 
38465 821 
38749 45 
39178 2027 
39198 421 
39460 1628 
39463 154 
39701 434 
39985 2765 
39992 320 
40263 1527 
40567 123 
40622 1457 
41053 922 
41186 113 
41333 367 
41374 137 
41378 139 
41565 2020 
42732 1903 
42759 440 
42867 110 
43195 1369 
43204 1123 
43490 1129 
43512 96 
43725 608 
43899 121 
44124 823 
44173 43 
44370 88 
44821 394 
44853 2360 
44981 623 
45099 464 
45146 231 
45507 290 
45796 463 
46029 437 
46936 3769 
47288 283 
47739 118 
47826 406 
48213 492 
49271 115 
49292 1867 
49501 165 
49709 1043 
50220 1008 
50373 144 
50512 257 
50682 995 
50771 835 
51834 1138 
52575 124 
52969 648 
53099 5407 
53145 282 
53149 605 
53235 718 
53243 266 
53377 200 
53434 12 
53517 93 
54069 769 
54366 743 
54366 743 
54696 179 
55142 91 
55717 500 
56361 103 
56387 693 
57903 273 
57943 1063 
57985 33 
58104 114 
58399 129 
58486 278 
58522 206 
59167 830 
59196 34 
59680 801 
59821 413 
61075 62 
61198 444 
61634 618 
61747 384 
61984 598 
63135 73 
63505 566 
64985 1099 
65754 3126 
65817 1068 
65854 502 
66965 553 
67391 1086 
67917 539 
68482 0 
69032 492 
70008 2068 
70029 1147 
70360 526 
70567 309 
71482 10 
72184 2895 
72283 145 
72852 162 
73581 1722 
74636 211 
74686 113 
75259 57 
75278 1135 
75317 411 
75350 214 
75461 42 
75543 486 
75832 1052 
76523 587 
77104 215 
77665 375 
77683 755 
77895 378 
79219 37 
80073 566 
80422 512 
80975 272 
81296 1292 
81451 71 
81455 668 
82175 113 
82560 212 
83521 285 
83610 237 
83885 49 
84168 277 
84180 997 
84512 2925 
84842 321 
85204 1096 
85259 2008 
85274 304 
85363 413 
85497 489 
85633 377 
86347 310 
86800 750 
86878 280 
87483 1624 
87593 266 
87843 1308 
88014 921 
88124 710 
88231 760 
88471 1736 
88733 1458 
88857 1048 
88879 1963 
89045 5189 
89819 393 
89879 241 
90067 50 
90451 1661 
90541 304 
90677 471 
90747 249 
90762 1190 
90793 849 
91355 700 
91621 580 
91637 757 
92095 1268 
92126 799 
92314 231 
92495 283 
92769 238 
92799 484 
92834 561 
93090 336 
93276 214 
93613 487 
93632 242 
94008 327 
94032 669 
94531 547 
95606 343 
96352 25 
96699 7410 
96775 88 
97017 77 
98316 288 
98467 216 
98467 216 
98651 424 
98664 252 
99478 324 
99683 11 
100054 406 
100397 201 
101784 681 
101888 310 
102210 148 
102705 228 
102710 1146 
102835 559 
102914 1452 
103093 77 
103326 737 
103944 1357 
104032 715 
105516 231 
105725 687 
106781 151 
107312 957 
107689 1870 
107852 609 
108820 275 
108929 104 
109371 2537 
110237 499 
110561 1371 
110809 1398 
110900 1346 
110917 1175 
112962 1971 
113071 558 
113302 193 
113442 985 
115259 1223 
115335 5044 
115396 477 
115999 2054 
116380 249 
116765 646 
117257 641 
117415 416 
119682 1446 
121606 341 
122660 1206 
123091 3416 
123588 422 
124300 403 
130317 687 
131884 316 
133098 19 
137467 895 
138536 84 
146725 656 
146834 326 
147637 249 
148684 533 
149498 1423 
160023 606 
166508 1331 
170352 254 
173348 784 
173348 784 
173348 784 
178818 197 
181468 487 
181963 1215 
183993 253 
184008 453 
184261 1067 
184401 980 
185432 2248 
185753 106 
186042 1122 
186421 116 
187362 1414 
187940 100 
188188 39 
188658 141 
189401 1459 
192395 237 
193042 527 
194031 1687 
194190 290 
195099 1393 
195455 661 
200777 227 
201563 1806 
202930 226 
205468 1344 
210077 903 
210593 32 
212539 473 
215013 292 
215987 173 
217250 839 
223498 23 
229665 1643 
234735 89 
236359 1174 
240794 128 
242479 638 
244208 832 
245484 1119 
250653 613 
251306 734 
251437 615 
252692 1064 
254153 2220 
255076 2396 
255496 852 
257375 565 
259722 383 
260639 111 
263815 763 
265425 536 
265524 215 
265716 1036 
265839 970 
265865 725 
268025 119 
270353 75 
270711 1605 
278942 52 
279024 47 
279506 1133 
284125 812 
285694 4891 
288350 2176 
288792 146 
289180 503 
293418 1680 
294493 484 
302146 145 
305021 534 
308878 0 
322410 3497 
331739 1422 
344756 619 
344908 350 
355524 950 
355536 193 
359069 1253 
359343 49 
364966 78 
395624 4571 
418463 769 
418536 846 
433897 1880 
434003 1894 
434011 726 
434525 599 
435059 178 
439217 180 
444622 3 
447504 1437 
449051 369 
449257 27 
451647 510 
453815 28 
454026 1141 
464897 572 
489212 2798 
496822 1753 
499272 433 
502590 1350 
503381 1571 
514351 1 
515002 845 
520038 141 
524191 1051 
524244 1432 
528985 5 
540518 606 
541251 306 
548735 1395 
563300 1583 
570748 655 
579570 463 
586799 460 
588786 1434 
