2740 2.13872685185
0 6209 
19 2500 
27 6108 
29 1104 
46 1439 
48 281 
71 2256 
94 917 
129 13447 
165 1453 
171 3498 
183 324 
223 67 
249 287 
304 918 
333 1437 
480 803 
497 1347 
510 538 
519 141 
524 625 
525 709 
552 1432 
555 128 
558 887 
562 488 
568 370 
577 6 
578 56 
601 192 
604 1094 
624 2600 
644 151 
667 1096 
669 759 
682 1323 
712 95 
717 800 
739 193 
740 850 
747 191 
753 17 
762 353 
764 1384 
770 1082 
771 874 
808 944 
810 1056 
811 253 
815 564 
820 638 
853 1049 
866 144 
876 4 
878 2068 
880 409 
880 303 
887 321 
890 320 
895 23 
900 517 
905 1078 
906 307 
909 43 
910 657 
910 792 
910 162 
911 32 
911 754 
914 102 
920 22 
932 229 
935 442 
955 1337 
966 1662 
969 25 
993 362 
998 26 
1006 442 
1028 227 
1029 2362 
1037 556 
1048 371 
1051 252 
1059 474 
1064 1901 
1071 1015 
1075 997 
1097 9166 
1125 471 
1128 150 
1134 42 
1144 695 
1146 591 
1152 509 
1163 509 
1166 1169 
1178 388 
1199 343 
1200 760 
1200 51 
1210 654 
1225 41 
1236 272 
1246 1099 
1265 97 
1267 754 
1280 2348 
1291 84 
1302 2157 
1309 1152 
1325 2589 
1326 1506 
1339 156 
1345 260 
1352 51 
1362 306 
1374 265 
1377 472 
1378 54 
1428 86 
1433 242 
1449 336 
1463 488 
1473 716 
1489 9679 
1515 241 
1526 519 
1527 185 
1569 8410 
1571 981 
1598 141 
1599 252 
1613 465 
1614 14 
1636 1871 
1644 60 
1647 243 
1662 2024 
1667 79 
1679 189 
1708 107 
1714 2013 
1717 159 
1723 1773 
1731 348 
1745 827 
1756 43 
1759 963 
1760 72 
1768 2720 
1786 855 
1794 175 
1800 6033 
1804 60 
1812 1281 
1815 211 
1820 4719 
1833 3588 
1834 92 
1849 365 
1851 309 
1860 31 
1879 710 
1884 294 
1892 220 
1913 183 
1944 241 
1951 176 
1965 242 
1967 1372 
1993 20 
1997 417 
1997 49 
2006 24 
2009 88 
2013 313 
2014 550 
2020 120 
2021 4282 
2037 912 
2068 44 
2073 1964 
2087 2561 
2092 1226 
2108 49 
2123 101 
2136 1100 
2147 711 
2204 269 
2205 113 
2208 641 
2228 315 
2245 76 
2263 827 
2269 43 
2301 541 
2309 2121 
2313 140 
2319 953 
2332 488 
2361 388 
2362 66 
2366 123 
2368 3488 
2378 70 
2402 5049 
2403 1301 
2404 1411 
2422 159 
2429 975 
2440 1910 
2453 109 
2453 1162 
2459 1139 
2486 406 
2496 823 
2501 77 
2519 2453 
2527 47 
2543 94 
2549 1770 
2552 385 
2574 126 
2591 125 
2592 2117 
2603 167 
2609 114 
2624 282 
2645 193 
2662 943 
2681 2828 
2683 176 
2684 1620 
2696 1042 
2713 334 
2723 37 
2742 496 
2773 943 
2803 2 
2807 294 
2817 272 
2818 123 
2819 241 
2819 352 
2844 273 
2860 394 
2872 154 
2886 17 
2886 661 
2893 331 
2904 657 
2908 736 
2952 630 
2986 872 
2997 250 
3013 239 
3024 507 
3024 4787 
3036 1031 
3064 16 
3067 291 
3136 527 
3139 180 
3145 1035 
3173 26 
3173 1789 
3175 139 
3185 73 
3205 870 
3224 723 
3227 487 
3236 1173 
3268 156 
3282 284 
3294 865 
3297 1067 
3303 152 
3342 99 
3366 71 
3399 368 
3407 1481 
3428 457 
3446 1877 
3462 309 
3470 104 
3472 565 
3540 1105 
3565 17 
3568 370 
3641 778 
3644 369 
3645 622 
3650 2269 
3706 671 
3714 92 
3728 434 
3731 64 
3736 441 
3762 596 
3769 18 
3779 9 
3806 25 
3809 1595 
3850 435 
3888 7 
3897 127 
3897 1168 
3900 1521 
3901 453 
3926 111 
3987 286 
4005 7493 
4071 1088 
4092 627 
4145 781 
4145 603 
4190 33 
4213 42 
4237 728 
4251 267 
4253 57 
4295 1216 
4322 2290 
4348 530 
4400 1219 
4402 899 
4406 30 
4436 1033 
4471 1034 
4487 43 
4501 746 
4529 1148 
4580 445 
4624 81 
4652 339 
4677 73 
4688 2281 
4699 63 
4734 420 
4754 1767 
4757 139 
4783 946 
4809 95 
4810 188 
4832 504 
4833 1604 
4915 1712 
4938 2324 
4953 3014 
4967 172 
4969 1115 
4985 1087 
4993 1120 
5024 1005 
5025 49 
5029 325 
5042 1620 
5054 16 
5104 297 
5106 125 
5107 345 
5134 1057 
5146 583 
5166 154 
5192 3398 
5204 1816 
5212 4298 
5215 907 
5230 196 
5255 374 
5256 59 
5259 498 
5287 311 
5307 1832 
5316 1138 
5349 292 
5384 1326 
5398 57 
5413 153 
5463 78 
5517 768 
5528 28 
5547 1810 
5562 654 
5572 147 
5575 440 
5579 99 
5583 213 
5586 182 
5606 1364 
5623 153 
5643 673 
5665 833 
5667 24 
5676 859 
5702 383 
5724 179 
5763 79 
5766 79 
5774 600 
5775 360 
5783 9 
5796 393 
5823 374 
5832 839 
5856 264 
5933 787 
5938 112 
5977 367 
5983 251 
5989 226 
5994 630 
6014 156 
6020 2302 
6033 70 
6038 377 
6041 77 
6043 517 
6046 225 
6060 1402 
6112 122 
6122 2725 
6216 74 
6287 557 
6294 941 
6302 494 
6309 90 
6343 3759 
6355 779 
6386 692 
6396 625 
6397 137 
6420 821 
6470 682 
6550 766 
6593 596 
6702 1445 
6714 2718 
6721 194 
6738 6752 
6814 143 
6843 1301 
6863 405 
6880 313 
6889 322 
6931 641 
6943 1067 
6964 355 
6970 712 
7062 402 
7117 810 
7175 566 
7183 858 
7200 686 
7234 1713 
7263 1853 
7268 123 
7299 332 
7350 530 
7359 1707 
7367 189 
7424 35 
7442 850 
7443 541 
7470 350 
7498 392 
7504 461 
7510 164 
7549 2206 
7561 102 
7576 404 
7587 20 
7606 1538 
7733 661 
7808 856 
7888 327 
7894 177 
7950 188 
7972 494 
8001 530 
8004 183 
8062 1200 
8085 29 
8094 2411 
8147 213 
8153 566 
8159 528 
8165 1438 
8186 1155 
8197 289 
8289 468 
8289 468 
8360 286 
8390 147 
8413 5249 
8416 1251 
8431 117 
8530 787 
8678 959 
8688 80 
8721 1414 
8749 35 
8753 513 
8833 247 
8961 2449 
9022 240 
9039 99 
9064 645 
9113 11 
9170 239 
9190 1115 
9192 171 
9255 1157 
9258 725 
9303 248 
9318 25 
9347 865 
9348 531 
9354 163 
9407 1245 
9475 124 
9476 269 
9483 1789 
9484 110 
9520 131 
9525 1480 
9582 621 
9587 691 
9595 1363 
9597 23 
9653 848 
9662 1983 
9684 427 
9687 617 
9706 127 
9789 234 
9859 6 
9861 7344 
9864 897 
9888 181 
9896 632 
9935 57 
9954 146 
9983 1410 
9991 18 
10015 74 
10020 91 
10059 234 
10061 7 
10128 14 
10134 267 
10174 331 
10174 887 
10174 748 
10197 115 
10337 633 
10342 402 
10354 250 
10417 173 
10426 1039 
10454 270 
10460 104 
10471 1431 
10483 389 
10533 219 
10554 874 
10596 18 
10601 1674 
10630 1788 
10641 19 
10655 315 
10661 371 
10816 291 
10816 1475 
10831 104 
10834 35 
10853 7 
10976 535 
10982 756 
10985 386 
11061 517 
11076 1370 
11127 91 
11146 1788 
11222 56 
11241 1005 
11296 918 
11311 184 
11316 556 
11422 347 
11452 292 
11474 383 
11528 827 
11579 414 
11598 1446 
11671 611 
11698 1370 
11714 161 
11767 343 
11783 231 
11890 941 
11947 491 
11983 590 
11988 1984 
11999 1940 
12106 519 
12179 214 
12193 15 
12295 24 
12392 1797 
12417 2916 
12452 54 
12469 1146 
12478 8 
12518 867 
12527 704 
12531 470 
12558 503 
12561 3160 
12583 121 
12585 20 
12652 1164 
12658 15 
12665 484 
12717 114 
12761 2367 
12871 436 
12873 2299 
12887 44 
12957 355 
12974 676 
12987 165 
13017 307 
13030 555 
13092 119 
13118 503 
13120 72 
13247 106 
13273 312 
13344 34 
13370 391 
13408 229 
13453 21 
13460 158 
13489 249 
13534 452 
13564 39 
13580 246 
13660 80 
13696 1979 
13702 194 
13728 1837 
13754 125 
13761 1029 
13762 650 
13782 727 
13811 283 
13856 1883 
13981 126 
14091 70 
14092 1032 
14130 4061 
14212 2618 
14214 476 
14251 223 
14287 1 
14305 597 
14307 524 
14332 653 
14342 48 
14347 26 
14389 250 
14437 36 
14494 18 
14692 2987 
14719 1309 
14747 6 
14815 826 
14872 158 
14904 391 
14938 48 
15006 52 
15020 227 
15068 545 
15075 1020 
15082 648 
15144 608 
15178 688 
15187 595 
15195 2 
15209 99 
15210 1608 
15233 295 
15287 1016 
15307 1701 
15311 664 
15326 143 
15462 2480 
15503 1 
15513 341 
15535 3125 
15554 583 
15608 394 
15612 60 
15660 982 
15721 313 
15723 1552 
15724 106 
15746 109 
15808 1169 
15822 181 
15841 187 
15870 612 
15926 34 
15927 147 
16081 831 
16100 483 
16247 342 
16258 114 
16320 2013 
16364 1088 
16385 74 
16386 106 
16399 555 
16411 464 
16452 146 
16452 279 
16551 911 
16572 1349 
16574 526 
16637 509 
16661 735 
16684 3712 
16691 5191 
16711 264 
16720 394 
16723 940 
16726 539 
16742 936 
16743 827 
16760 1935 
16860 379 
16869 3083 
16909 1623 
16919 1065 
16979 397 
16984 91 
17047 57 
17059 41 
17083 365 
17091 1001 
17109 321 
17129 160 
17143 43 
17156 139 
17192 1389 
17252 25 
17253 120 
17286 75 
17344 939 
17371 452 
17414 5667 
17490 2039 
17500 260 
17524 1190 
17534 166 
17574 138 
17598 156 
17639 231 
17644 158 
17649 938 
17656 656 
17678 1438 
17753 487 
17814 169 
17823 38 
17829 132 
17839 1292 
17889 444 
17898 1229 
17904 646 
17934 1055 
17974 5796 
17998 43 
18015 163 
18035 220 
18043 259 
18051 2702 
18069 138 
18073 5765 
18144 581 
18175 585 
18198 211 
18209 25 
18217 822 
18253 196 
18261 19 
18290 500 
18311 18 
18322 1862 
18359 527 
18485 258 
18489 740 
18511 1344 
18529 49 
18531 8474 
18540 674 
18549 478 
18552 1989 
18580 1714 
18598 321 
18633 529 
18648 319 
18689 2301 
18693 6571 
18823 590 
18824 1471 
18850 230 
18863 11 
18863 164 
18863 318 
18917 1068 
18928 278 
18933 70 
18933 529 
18936 190 
18982 705 
19061 246 
19070 1634 
19071 28 
19085 980 
19094 6 
19115 31 
19201 343 
19208 1825 
19316 934 
19320 311 
19324 271 
19327 2676 
19327 188 
19387 962 
19393 1556 
19419 98 
19435 241 
19438 630 
19454 767 
19481 279 
19560 734 
19574 696 
19597 471 
19615 2783 
19643 1372 
19644 135 
19644 459 
19701 71 
19730 956 
19741 1359 
19754 636 
19757 759 
19758 1171 
19767 913 
19782 258 
19814 962 
19816 359 
19825 220 
19859 3057 
19877 599 
19910 9 
19944 77 
19980 1173 
20043 1142 
20067 1410 
20082 241 
20085 818 
20096 192 
20100 2670 
20130 422 
20174 128 
20182 51 
20188 9424 
20189 66 
20207 676 
20281 371 
20289 76 
20303 282 
20331 6 
20354 1181 
20382 388 
20426 608 
20450 240 
20495 92 
20507 1276 
20671 52 
20708 173 
20753 78 
20774 113 
20813 25 
20834 112 
20842 298 
20858 118 
20910 795 
20912 283 
20918 1568 
20951 1105 
20974 29421 
21038 384 
21094 493 
21098 128 
21125 531 
21141 114 
21150 394 
21233 263 
21254 1047 
21291 681 
21300 1058 
21327 685 
21332 547 
21342 718 
21445 2126 
21455 1742 
21468 260 
21520 1283 
21543 632 
21547 1600 
21547 1791 
21568 1273 
21629 1849 
21634 244 
21685 23543 
21695 726 
21700 1057 
21747 5213 
21749 1982 
21789 924 
21827 1259 
21882 942 
21894 2728 
21898 311 
21961 227 
21964 959 
21973 154 
22025 920 
22045 310 
22073 986 
22093 1034 
22103 1383 
22105 1208 
22112 5 
22137 1145 
22146 905 
22166 9 
22167 726 
22203 32 
22215 475 
22255 158 
22257 2022 
22339 279 
22407 380 
22410 28 
22411 4404 
22425 273 
22446 386 
22450 226 
22465 1068 
22524 51 
22555 330 
22566 1001 
22571 9462 
22577 39 
22590 556 
22603 396 
22607 25 
22695 610 
22734 246 
22735 4202 
22738 240 
22754 123 
22756 124 
22761 85 
22808 65 
22826 738 
22837 174 
22909 2086 
22921 27 
22969 2430 
23000 1205 
23031 1863 
23037 226 
23090 4915 
23090 4915 
23104 54 
23104 54 
23112 227 
23112 227 
23116 2251 
23116 2251 
23129 397 
23129 397 
23162 45 
23162 45 
23166 862 
23166 862 
23206 33 
23230 15 
23260 1557 
23283 3670 
23287 283 
23294 188 
23297 840 
23312 4575 
23314 119 
23319 712 
23354 80 
23365 21 
23378 581 
23395 163 
23501 973 
23532 184 
23550 67 
23600 859 
23654 1156 
23684 913 
23685 109 
23695 732 
23792 89 
23794 149 
23819 1022 
23824 15 
23846 340 
23873 62 
23891 281 
23903 67 
23912 1118 
23955 232 
24002 460 
24002 1157 
24009 1225 
24067 1436 
24074 1510 
24110 1414 
24112 1060 
24156 88 
24185 204 
24186 274 
24256 6450 
24277 23 
24308 1525 
24402 18 
24425 444 
24427 1168 
24441 2716 
24441 707 
24444 337 
24464 84 
24494 371 
24509 9190 
24534 57 
24564 239 
24627 3088 
24656 678 
24665 238 
24692 338 
24705 843 
24746 1035 
24765 41 
24790 405 
24811 987 
24875 1371 
24904 390 
24923 644 
24941 138 
24976 508 
25035 9 
25036 59 
25046 525 
25069 1757 
25176 903 
25179 656 
25182 1378 
25219 729 
25232 5087 
25235 394 
25243 1541 
25279 344 
25301 874 
25304 1078 
25326 966 
25350 120 
25363 250 
25367 5071 
25369 291 
25391 279 
25412 397 
25425 5626 
25437 268 
25506 1280 
25539 7 
25589 2735 
25608 90 
25624 483 
25629 1244 
25630 1616 
25671 354 
25676 952 
25706 574 
25706 295 
25736 346 
25755 4065 
25760 127 
25771 584 
25772 369 
25777 1085 
25782 139 
25799 4071 
25800 324 
25804 8 
25805 262 
25818 190 
25824 388 
25854 1311 
25867 836 
25890 597 
25909 1865 
25940 893 
25942 483 
25944 1323 
25961 2074 
25977 654 
26018 230 
26033 47 
26042 1624 
26048 404 
26072 1277 
26078 374 
26092 272 
26153 688 
26167 1013 
26201 1061 
26229 95 
26296 502 
26298 1566 
26312 852 
26377 301 
26381 55 
26443 63 
26450 162 
26464 1725 
26482 343 
26497 599 
26519 2605 
26523 67 
26530 2591 
26560 755 
26573 917 
26574 81 
26599 707 
26611 464 
26660 14 
26694 660 
26758 3247 
26793 3624 
26826 471 
26842 957 
26853 1093 
26862 10 
26870 220 
26882 334 
26937 1030 
27021 1198 
27050 603 
27095 792 
27098 53 
27105 329 
27109 323 
27160 202 
27178 839 
27199 1052 
27202 849 
27219 3762 
27221 118 
27234 635 
27243 726 
27287 439 
27310 275 
27328 772 
27367 163 
27367 716 
27370 73 
27381 1 
27390 741 
27435 1448 
27443 370 
27451 979 
27467 678 
27470 182 
27525 1250 
27534 163 
27587 1102 
27600 1058 
27621 279 
27652 135 
27657 431 
27702 130 
27706 6 
27716 463 
27723 21 
27731 172 
27755 442 
27765 294 
27779 1179 
27790 431 
27790 1038 
27823 253 
27826 132 
27853 173 
27863 26 
27864 84 
27865 497 
27897 172 
27898 2254 
27903 4881 
27955 515 
27982 500 
28001 18 
28047 393 
28082 299 
28088 54 
28090 158 
28102 715 
28123 260 
28160 1479 
28180 576 
28185 435 
28247 206 
28273 2164 
28280 2418 
28300 1132 
28326 180 
28330 99 
28406 336 
28419 659 
28447 374 
28478 372 
28482 1550 
28528 418 
28539 216 
28548 332 
28608 15 
28630 417 
28636 6 
28639 136 
28681 646 
28691 71 
28696 359 
28720 95 
28720 13482 
28727 1605 
28750 187 
28774 1393 
28791 20 
28799 676 
28849 4 
28864 211 
28869 6 
28878 1102 
28897 937 
28921 1 
28934 467 
28945 119 
28971 1287 
28994 2967 
29002 897 
29033 1724 
29033 788 
29039 257 
29108 904 
29112 1297 
29135 36 
29189 818 
29230 150 
29254 291 
29303 24 
29317 100 
29325 1064 
29328 68 
29344 136 
29387 138 
29394 753 
29402 74 
29426 847 
29441 54 
29476 6419 
29484 146 
29495 582 
29500 1078 
29515 520 
29577 61 
29619 73 
29685 233 
29771 126 
29786 211 
29789 4978 
29833 224 
29863 352 
29886 334 
29928 27 
29935 2331 
29979 73 
29984 94 
29990 5183 
29991 426 
29993 264 
29994 24 
29998 64 
29999 982 
30000 579 
30046 249 
30098 116 
30144 12 
30168 235 
30170 389 
30177 1288 
30186 535 
30216 1214 
30218 400 
30228 1034 
30229 461 
30241 249 
30247 6 
30251 1017 
30254 654 
30254 596 
30258 109 
30279 1221 
30291 126 
30307 248 
30334 357 
30370 172 
30386 1052 
30426 273 
30453 1216 
30488 6062 
30525 69 
30598 149 
30610 403 
30644 232 
30644 131 
30655 326 
30660 976 
30681 162 
30721 13 
30741 542 
30745 713 
30769 213 
30784 48 
30790 286 
30818 729 
30837 157 
30854 1565 
30972 1224 
30999 1021 
31058 99 
31072 2867 
31079 107 
31090 64 
31098 2791 
31099 252 
31110 1024 
31130 1997 
31153 1540 
31153 640 
31155 6349 
31156 251 
31186 215 
31186 68 
31240 2724 
31280 132 
31351 384 
31354 922 
31362 1198 
31471 854 
31477 1150 
31561 890 
31569 492 
31599 320 
31644 281 
31666 369 
31670 124 
31723 235 
31725 161 
31780 203 
31792 2149 
31817 481 
31825 780 
31837 90 
31861 6296 
31879 3009 
31881 369 
31905 245 
31935 351 
31967 461 
32105 42 
32107 1320 
32144 191 
32163 140 
32218 736 
32232 311 
32272 67 
32278 570 
32292 161 
32312 1990 
32312 213 
32315 1543 
32341 94 
32360 1183 
32371 156 
32407 82 
32411 131 
32498 104 
32557 560 
32596 738 
32615 1374 
32639 52 
32648 176 
32678 775 
32684 1035 
32727 322 
32802 225 
32803 1933 
32815 483 
32834 561 
32845 923 
32852 29 
32879 929 
32888 1256 
32890 373 
32934 67 
32968 32 
32971 1028 
32977 9 
32984 292 
32987 318 
33013 90 
33023 260 
33029 563 
33040 1049 
33111 390 
33111 1275 
33121 1159 
33142 847 
33144 1442 
33232 406 
33237 114 
33305 1041 
33321 8210 
33327 1800 
33334 93 
33365 568 
33365 914 
33380 733 
33457 87 
33463 307 
33475 134 
33489 1050 
33508 59 
33509 117 
33523 1696 
33534 69 
33557 371 
33599 647 
33608 216 
33631 1449 
33642 115 
33727 669 
33740 1142 
33745 691 
33772 382 
33798 623 
33803 361 
33812 179 
33856 5 
33886 1234 
33931 89 
33959 1117 
33963 129 
34000 156 
34018 921 
34024 589 
34025 43 
34034 45 
34049 76 
34075 3 
34081 246 
34085 70 
34087 1531 
34129 29 
34166 1721 
34171 243 
34186 260 
34199 31361 
34201 126 
34207 8 
34236 669 
34243 733 
34248 1802 
34250 439 
34252 1725 
34253 73 
34261 803 
34284 14660 
34286 1616 
34291 167 
34350 805 
34352 284 
34364 169 
34374 805 
34396 5799 
34405 138 
34405 2761 
34486 15 
34527 1269 
34543 990 
34593 184 
34619 541 
34623 27 
34625 2284 
34640 142 
34648 388 
34660 21 
34661 3781 
34664 3024 
34666 734 
34666 189 
34668 2235 
34685 681 
34703 262 
34704 287 
34711 207 
34718 126 
34761 316 
34763 115 
34781 1174 
34839 64 
34876 637 
34876 723 
34888 681 
34894 1080 
34897 954 
34905 308 
34913 606 
34919 745 
34930 209 
34958 75 
34980 1459 
34981 2740 
35014 1955 
35019 699 
35029 2271 
35031 91 
35042 79 
35049 531 
35066 206 
35068 313 
35070 69 
35085 162 
35115 339 
35194 280 
35233 231 
35236 514 
35257 97 
35294 326 
35307 514 
35315 61 
35352 212 
35379 745 
35381 189 
35393 257 
35419 319 
35422 1308 
35437 343 
35444 84 
35446 93 
35448 292 
35461 206 
35472 2359 
35475 126 
35478 69 
35485 73 
35488 682 
35508 800 
35510 531 
35550 44 
35551 336 
35577 376 
35589 736 
35591 248 
35621 1477 
35627 3752 
35627 76 
35672 96 
35704 767 
35711 603 
35716 637 
35757 386 
35794 328 
35841 570 
35858 1642 
35862 710 
35869 469 
35871 513 
35878 1780 
35911 233 
35933 734 
35934 196 
35935 7831 
35940 329 
35949 425 
35956 407 
35988 191 
36001 1947 
36009 2542 
36023 1437 
36031 339 
36040 4001 
36115 244 
36136 2010 
36143 230 
36149 35 
36155 402 
36161 99 
36178 51 
36201 337 
36211 26 
36215 0 
36221 9 
36238 168 
36243 4032 
36278 3804 
36303 432 
36324 111 
36346 63 
36353 39 
36355 406 
36365 157 
36366 622 
36368 667 
36424 767 
36432 3915 
36434 186 
36442 2086 
36463 109 
36464 813 
36491 101 
36535 1425 
36588 690 
36614 388 
36620 93 
36631 103 
36634 639 
36648 353 
36665 1 
36677 658 
36681 91 
36702 138 
36715 45 
36771 1881 
36802 1197 
36916 454 
36978 363 
37015 73 
37078 1125 
37085 920 
37124 953 
37180 675 
37196 82 
37230 4 
37264 785 
37271 5683 
37315 839 
37350 308 
37387 672 
37399 425 
37434 320 
37443 681 
37476 599 
37478 407 
37506 1104 
37508 64 
37557 167 
37560 153 
37585 452 
37598 417 
37619 878 
37623 118 
37656 31 
37684 414 
37752 47 
37772 303 
37787 17 
37788 755 
37792 217 
37839 169 
37840 150 
37849 846 
37881 902 
37890 774 
37901 897 
37906 1287 
37912 217 
37945 217 
38005 69 
38034 1011 
38034 65 
38058 414 
38109 157 
38127 775 
38134 164 
38153 11108 
38188 197 
38200 980 
38203 197 
38313 47 
38313 131 
38344 122 
38352 2246 
38355 664 
38372 656 
38398 1451 
38399 933 
38421 555 
38430 20 
38437 55 
38457 980 
38459 146 
38518 454 
38519 1891 
38526 1586 
38527 273 
38553 130 
38558 171 
38559 404 
38569 716 
38631 2006 
38631 912 
38631 912 
38631 2006 
38667 260 
38677 506 
38724 333 
38747 1820 
38748 164 
38750 114 
38754 2498 
38842 360 
38847 3557 
38902 634 
38935 1361 
38955 1014 
38993 590 
38995 83 
39020 606 
39053 3215 
39056 419 
39095 57 
39105 816 
39145 1539 
39148 589 
39171 532 
39177 1416 
39188 9638 
39247 96 
39275 3029 
39286 479 
39331 238 
39354 280 
39359 776 
39381 52 
39383 11 
39482 796 
39518 404 
39518 30 
39537 62 
39537 430 
39570 340 
39586 180 
39619 75 
39625 490 
39631 81 
39681 376 
39687 307 
39688 375 
39709 540 
39745 15 
39749 70 
39750 3317 
39756 3193 
39762 1465 
39813 369 
39831 909 
39853 845 
39856 162 
39861 27 
39883 120 
39896 469 
39919 560 
39920 1184 
39922 67 
39923 321 
39929 1187 
39966 1011 
39973 875 
40015 196 
40026 1636 
40044 1216 
40052 1098 
40053 137 
40068 31 
40084 16 
40091 775 
40131 298 
40135 674 
40145 25 
40149 1761 
40175 51 
40177 3 
40191 39 
40251 354 
40277 377 
40282 191 
40292 503 
40329 1011 
40333 1255 
40336 10 
40349 61 
40354 70 
40418 497 
40438 15125 
40461 334 
40462 1377 
40488 265 
40509 153 
40515 309 
40555 25 
40572 18 
40598 924 
40617 369 
40617 766 
40621 840 
40622 450 
40664 751 
40689 302 
40690 5 
40715 377 
40723 1689 
40729 148 
40740 370 
40769 411 
40777 4222 
40886 754 
40900 733 
40911 320 
40916 150 
40949 69 
40954 1491 
40987 182 
41028 588 
41037 415 
41047 385 
41089 51 
41123 1295 
41154 82 
41170 1151 
41198 0 
41281 556 
41294 21 
41314 1433 
41323 126 
41354 30 
41434 658 
41447 2084 
41479 1290 
41507 113 
41527 936 
41552 300 
41569 2066 
41579 687 
41604 1129 
41617 718 
41621 0 
41641 421 
41652 525 
41727 506 
41752 232 
41755 0 
41759 4223 
41771 110 
41863 753 
41905 191 
41913 150 
41932 88 
41951 388 
41958 602 
41983 210 
41993 1028 
42044 1224 
42059 1670 
42072 14 
42084 384 
42087 119 
42088 106 
42107 265 
42152 3391 
42153 500 
42178 1928 
42190 69 
42215 588 
42223 115 
42318 1884 
42325 1215 
42335 327 
42338 183 
42365 2710 
42381 924 
42394 18 
42410 6103 
42425 30 
42441 2510 
42442 2687 
42471 764 
42546 742 
42557 1609 
42587 889 
42589 29 
42597 1517 
42618 55 
42638 1306 
42643 95 
42657 553 
42666 1041 
42677 401 
42679 1426 
42718 1749 
42724 353 
42737 286 
42755 61 
42766 1 
42784 520 
42791 107 
42808 398 
42828 1635 
42837 121 
42852 1649 
42875 1223 
42881 273 
42919 532 
42960 429 
42991 530 
42994 130 
42995 1762 
43000 211 
43014 182 
43031 45 
43049 175 
43101 1146 
43187 825 
43215 165 
43254 1784 
43277 1351 
43284 108 
43285 596 
43287 132 
43289 74 
43378 87 
43424 92 
43426 2012 
43454 333 
43489 1811 
43555 815 
43585 128 
43611 243 
43661 2028 
43663 4532 
43676 479 
43729 199 
43730 398 
43753 983 
43780 146 
43815 202 
43819 498 
43864 69 
43869 725 
43921 68 
43950 54 
43963 534 
43999 153 
44045 683 
44056 344 
44080 221 
44113 993 
44167 485 
44170 18 
44170 102 
44173 6686 
44219 680 
44224 641 
44238 254 
44260 364 
44261 1031 
44321 583 
44327 30 
44348 2146 
44350 348 
44352 59 
44360 197 
44374 101 
44391 781 
44398 31 
44410 2314 
44414 2350 
44416 137 
44469 1689 
44532 165 
44578 112 
44650 87 
44650 327 
44676 816 
44679 3460 
44702 514 
44787 7 
44820 48 
44847 1069 
44849 1625 
44892 3 
44921 624 
44938 579 
44978 198 
44990 525 
45005 1254 
45011 24 
45043 2247 
45055 1094 
45058 77 
45090 1117 
45104 1098 
45148 577 
45150 58 
45211 1490 
45331 300 
45335 800 
45393 368 
45457 595 
45470 730 
45476 305 
45486 1360 
45533 1099 
45551 653 
45555 274 
45561 371 
45564 204 
45592 874 
45594 138 
45597 85 
45628 196 
45634 1003 
45647 908 
45676 11 
45704 98 
45731 842 
45758 827 
45775 1022 
45794 314 
45817 101 
45922 520 
45943 386 
45945 1328 
45959 540 
46048 663 
46060 436 
46068 221 
46070 748 
46104 157 
46114 24 
46115 1000 
46141 37 
46160 964 
46178 1188 
46182 473 
46237 83 
46260 928 
46269 232 
46284 190 
46288 33 
46305 412 
46356 214 
46370 73 
46371 13075 
46395 62 
46405 23 
46406 207 
46416 51 
46490 350 
46559 57 
46588 19 
46601 266 
46605 173 
46652 38 
46713 22 
46726 611 
46752 2283 
46761 842 
46774 718 
46786 480 
46796 275 
46799 524 
46821 74 
46860 361 
46930 183 
46955 1642 
46966 336 
46978 825 
46989 18 
47013 731 
47035 429 
47065 866 
47086 181 
47107 1405 
47125 1419 
47139 204 
47254 1504 
47257 236 
47258 477 
47271 292 
47274 617 
47279 1209 
47350 168 
47361 576 
47378 540 
47383 30 
47396 570 
47434 46 
47448 570 
47488 162 
47502 470 
47554 709 
47571 1610 
47586 145 
47612 51 
47632 266 
47642 989 
47647 3610 
47701 152 
47701 384 
47724 65 
47757 659 
47788 500 
47797 32 
47844 1275 
47858 508 
47864 99 
47906 468 
47909 528 
47915 43 
47919 11 
47925 163 
48000 444 
48036 1107 
48038 329 
48054 2907 
48055 162 
48069 1167 
48073 686 
48085 1297 
48105 2385 
48111 633 
48122 255 
48154 1127 
48192 1295 
48216 46 
48221 223 
48228 1241 
48243 94 
48267 352 
48281 1136 
48319 530 
48379 541 
48382 259 
48400 1805 
48460 184 
48478 3211 
48480 279 
48494 102 
48515 67 
48518 1187 
48538 471 
48602 70 
48640 48 
48770 45 
48810 389 
48821 1293 
48822 807 
48844 1023 
48852 55 
48875 516 
48882 234 
49054 95 
49069 98 
49123 89 
49154 408 
49196 198 
49202 807 
49203 3618 
49218 171 
49227 260 
49324 316 
49362 3293 
49370 428 
49400 567 
49420 4011 
49496 103 
49497 588 
49504 436 
49516 847 
49541 641 
49547 990 
49549 9189 
49568 584 
49584 794 
49607 4441 
49630 86 
49633 539 
49652 241 
49687 414 
49693 528 
49784 931 
49843 976 
49844 80 
49862 191 
49862 3759 
49874 824 
49950 138 
49950 17 
49995 751 
50005 4 
50036 667 
50038 1644 
50053 1440 
50073 926 
50090 145 
50162 660 
50176 70 
50201 78 
50201 1129 
50250 67 
50259 230 
50296 614 
50322 494 
50409 63 
50437 1346 
50452 156 
50468 1345 
50468 416 
50483 139 
50513 415 
50543 535 
50576 238 
50587 154 
50591 16750 
50628 98 
50687 82 
50758 1194 
50773 342 
50775 965 
50786 1015 
50794 85 
50798 143 
50805 1140 
50808 228 
50898 47 
50912 752 
50931 17 
50949 182 
50985 1246 
50988 536 
51023 78 
51088 370 
51105 652 
51106 1191 
51154 927 
51194 26 
51204 202 
51226 156 
51233 136 
51250 70 
51265 938 
51320 348 
51325 306 
51374 344 
51388 261 
51393 109 
51421 27 
51421 61 
51425 62 
51450 58 
51458 752 
51463 11 
51542 1166 
51550 329 
51569 94 
51572 281 
51630 250 
51651 945 
51663 652 
51718 240 
51743 468 
51775 59 
51796 140 
51800 3133 
51844 31 
51874 423 
51910 570 
51924 210 
51932 62 
51936 27 
51966 69 
51972 105 
52079 544 
52087 649 
52092 825 
52121 11 
52126 5527 
52154 548 
52165 63 
52193 15 
52222 850 
52233 311 
52244 45 
52308 577 
52323 958 
52329 2576 
52339 45 
52431 1393 
52615 62 
52629 60 
52653 8 
52717 1753 
52729 515 
52797 218 
52828 745 
52858 879 
52893 34 
52937 173 
52972 83 
52972 517 
52988 48 
53004 45 
53045 1060 
53074 51 
53189 707 
53237 640 
53241 403 
53249 722 
53318 668 
53341 94 
53384 30 
53385 190 
53390 351 
53456 96 
53475 1446 
53533 120 
53586 965 
53625 1504 
53631 732 
53649 1175 
53652 122 
53654 82 
53655 393 
53680 413 
53692 143 
53705 129 
53711 3588 
53711 3588 
53722 113 
53722 113 
53778 373 
53888 93 
54184 436 
54312 1132 
54343 489 
54373 1330 
54381 65 
54403 265 
54475 116 
54485 665 
54499 178 
54513 7481 
54541 1225 
54544 440 
54545 545 
54600 640 
54610 53 
54649 151 
54660 799 
54761 2146 
54776 40 
54819 718 
54835 1685 
54946 259 
55297 13 
55301 275 
55422 104 
55431 124 
55461 724 
55502 8 
55507 1496 
55576 316 
55619 135 
55625 724 
55659 134 
55661 840 
55714 1061 
55771 2403 
55784 5731 
55794 146 
55822 476 
55856 84 
55870 950 
55901 114 
55904 46 
55910 1301 
55929 414 
55944 159 
55963 7831 
55969 16 
55972 384 
55975 1043 
55980 55 
55995 1222 
55999 150 
56006 139 
56044 1859 
56072 769 
56079 396 
56091 98 
56100 415 
56182 302 
56187 474 
56247 276 
56277 614 
56284 34 
56358 36140 
56403 1464 
56421 769 
56462 621 
56513 1559 
56535 605 
56547 586 
56553 20 
56596 60 
56652 381 
56716 230 
56729 645 
56737 115 
56779 823 
56780 282 
56784 486 
56798 13 
56814 654 
56891 953 
56915 1399 
56921 556 
56932 93 
56982 16 
56989 487 
57029 688 
57105 240 
57166 231 
57232 90 
57237 241 
57241 903 
57285 495 
57416 682 
57419 552 
57420 848 
57436 529 
57509 501 
57517 1066 
57542 158 
57545 111 
57564 623 
57570 1060 
57571 682 
57677 1121 
57716 505 
57738 738 
57765 76 
57783 63 
57791 126 
57860 215 
57886 172 
57906 834 
57936 909 
57942 1011 
57943 66 
57944 1741 
57957 1416 
58011 951 
58043 1057 
58093 317 
58180 1028 
58261 194 
58328 1775 
58333 1650 
58358 113 
58380 1481 
58381 30 
58385 522 
58396 1 
58396 36 
58416 227 
58439 640 
58464 733 
58502 9 
58563 849 
58573 583 
58589 133 
58595 108 
58599 108 
58601 518 
58601 274 
58652 263 
58681 329 
58687 698 
58726 86 
58753 267 
58765 702 
58844 72 
58850 363 
58855 23 
58862 1125 
58890 47 
58894 251 
58912 53 
58956 105 
58991 1370 
58997 562 
59046 1850 
59063 4287 
59163 365 
59177 54 
59198 1167 
59257 93 
59291 1032 
59310 84 
59391 448 
59439 239 
59454 72 
59476 7 
59478 185 
59482 4144 
59493 1932 
59625 408 
59645 6392 
59666 5 
59674 131 
59688 10 
59698 131 
59761 1185 
59762 638 
59775 1202 
59776 833 
59804 979 
59807 612 
59816 120 
59826 86 
59827 742 
59927 393 
59927 690 
59971 93 
59973 686 
59974 1375 
59983 194 
60005 64 
60014 362 
60024 391 
60047 534 
60100 754 
60146 114 
60147 2121 
60218 266 
60221 497 
60230 521 
60232 542 
60234 801 
60290 1094 
60309 5 
60317 97 
60326 1096 
60355 379 
60383 1031 
60401 1256 
60408 584 
60416 52 
60419 1265 
60433 274 
60438 231 
60438 26 
60448 375 
60491 207 
60513 3345 
60516 655 
60534 66 
60567 1158 
60667 574 
60668 176 
60778 140 
60803 407 
60819 173 
60824 641 
60844 65 
60851 350 
60892 81 
60976 3370 
60994 952 
61004 690 
61018 254 
61058 262 
61072 919 
61078 816 
61086 1207 
61089 197 
61157 735 
61228 134 
61230 603 
61238 23 
61269 586 
61276 191 
61329 1334 
61336 94 
61339 616 
61339 461 
61356 516 
61383 1199 
61405 70 
61450 194 
61453 18 
61467 1246 
61519 210 
61584 107 
61601 426 
61653 1863 
61675 324 
61720 474 
61732 178 
61929 16 
61932 257 
61956 685 
61998 1307 
62020 75 
62023 53 
62083 16 
62270 409 
62275 88 
62399 649 
62530 247 
62912 63 
62987 78 
63056 309 
63095 130 
63228 17 
63269 387 
64008 284 
64235 181 
64428 212 
64816 185 
65036 496 
65609 383 
65732 54 
65758 118 
66597 100 
66642 426 
66848 1573 
68274 110 
68769 112 
68819 133 
69277 111 
69549 330 
70088 371 
70813 442 
70859 1167 
71313 151 
71766 681 
72304 149 
73881 1972 
74275 658 
75372 177 
76356 76 
76373 447 
77750 74 
79325 65 
79345 712 
84713 742 
84938 111 
86200 18 
86740 1614 
88980 1628 
89066 370 
89381 183 
90447 568 
91774 1682 
94353 279 
94381 3155 
95303 1165 
96777 9 
100484 246 
100980 893 
102316 59 
102665 125 
103148 153 
103368 282 
104847 602 
105679 76 
106424 823 
107823 250 
108793 319 
108917 855 
109408 99 
109685 384 
109895 73 
109975 53 
114657 346 
116806 1390 
129591 267 
135156 982 
227673 326 
231026 32 
319349 9 
319916 61 
439641 290 
460747 1690 
553881 1827 
