2458 3.06480324074
0 430 
9 13269340 
14 58 
15 11209 
18 1227 
20 172 
24 172 
25 203 
26 408 
26 66 
26 873 
26 1502 
27 968 
28 25 
33 6061 
33 2100 
35 295 
36 1389 
36 602 
38 142 
39 300 
40 107 
43 643 
45 252 
46 1865 
114 2317 
114 273 
114 5 
115 328 
118 508 
120 1105 
125 333 
127 572 
128 18 
128 1857 
129 191 
130 168 
131 900 
131 9 
133 164 
133 190 
133 68 
134 15 
135 235 
135 1 
135 2494 
135 197 
137 8 
137 2321 
138 112 
143 591 
147 23 
147 13 
148 27595 
148 1314 
148 269 
149 1890 
149 1579 
150 6493 
153 133 
153 1018 
153 458 
153 197 
154 61 
154 148 
157 73 
159 54 
160 1038 
161 2196 
164 182 
168 1183 
170 1240 
170 75 
171 45 
171 53 
173 13 
174 486 
176 649 
176 126 
177 727 
179 316 
183 521 
185 1978 
188 2380 
192 563 
200 15 
201 81 
201 145 
202 266 
202 882 
203 1989 
206 1 
206 99 
209 56 
209 43 
210 652 
211 367 
217 29 
218 404 
218 310 
220 62 
221 1168 
222 3157 
223 658 
224 60 
231 84 
234 1222 
235 1054 
237 260 
238 2849 
239 152 
240 334 
243 657 
245 3912 
246 1063 
250 1802 
251 501 
251 4422 
253 646 
259 604 
259 30 
260 44 
262 81 
267 2 
268 598 
268 740 
269 992 
270 350 
271 2129 
272 553 
274 3306 
274 29 
275 208 
277 376 
278 58 
278 768 
279 1855 
284 844 
285 1739 
292 5583 
295 913 
297 59 
301 5110 
301 886 
311 25 
312 280 
313 264 
314 2145 
319 1687 
320 818 
322 940 
323 187 
328 2401 
330 5537 
332 4 
333 35 
335 544 
338 757 
338 626 
339 1101 
339 201 
343 546 
347 796 
352 42 
352 704 
354 2088 
356 15 
357 3 
364 3226 
367 1162 
368 5506 
370 404 
372 198 
373 1612 
374 879 
377 301 
378 919 
381 887 
381 157 
381 70 
381 37 
384 1457 
385 1577 
386 13 
391 33850 
396 1630 
397 1436 
398 267 
399 51 
399 158 
399 572 
405 499 
406 25 
408 62 
412 694 
414 791 
415 1995 
417 1387 
424 2892 
426 190 
428 136 
429 355 
430 697 
432 1030 
433 442 
433 260 
444 153 
446 73 
448 511 
449 1102 
449 49 
452 1143 
453 973 
456 92 
464 133 
465 2261 
469 5381 
472 3028 
476 1813 
478 1935 
478 11 
479 831 
483 1477 
484 106 
485 39 
489 862 
490 483 
492 152 
501 177 
504 704 
505 1318 
507 135 
510 8 
511 119 
512 4452 
519 507 
520 243 
528 208 
534 791 
535 1261 
538 89 
544 915 
557 1355 
559 307 
562 1036 
564 120 
568 340 
569 1584 
571 1 
571 743 
572 964 
578 2181 
578 1245 
580 495 
581 1556 
582 38 
595 211 
600 58 
600 2399 
604 3268 
606 2137 
607 371 
608 98 
611 1292 
611 147 
621 605 
626 292 
627 36 
636 6 
649 174 
651 316 
652 308 
653 596 
660 280 
662 193 
663 989 
672 100 
677 153 
682 215 
686 13 
692 244 
698 359 
700 112 
713 703 
724 386 
730 5123 
735 5 
736 233 
748 4179 
750 1085 
755 32 
763 1277 
766 19 
768 903 
770 255 
771 127 
771 762 
773 1998 
776 336 
780 1644 
780 432 
788 1380 
794 3389 
796 348 
797 111 
798 327 
799 1994 
801 671 
802 108 
806 296 
807 1173 
809 419 
812 121 
817 716 
822 386 
833 1706 
839 161 
840 922 
840 28 
842 1290 
849 745 
872 1941 
874 15168 
882 37 
884 756 
885 189 
886 1287 
887 221 
889 10 
890 1564 
905 14 
906 4 
907 1082 
913 878 
925 467 
928 789 
938 21 
940 262 
945 3779 
947 177 
952 174 
954 153 
957 100 
958 970 
961 767 
969 221 
971 148 
978 30 
987 129 
988 192 
993 531 
1009 2005 
1017 791 
1022 117 
1022 130 
1036 562 
1038 599 
1046 846 
1049 552 
1060 198 
1064 20 
1065 1796 
1074 951 
1089 6 
1091 1158 
1091 18 
1094 7 
1094 701 
1096 371 
1098 1952 
1098 725 
1099 635 
1111 157 
1118 54 
1122 1237 
1126 261 
1126 3340 
1132 143 
1132 434 
1136 61 
1137 609 
1140 1347 
1156 764 
1157 349 
1166 445 
1167 76 
1180 359 
1184 786 
1190 734 
1194 608 
1200 886 
1201 440 
1202 1600 
1202 114 
1208 734 
1209 1169 
1210 71 
1213 19 
1220 464 
1221 1265 
1223 1659 
1226 85 
1227 191 
1228 656 
1230 612 
1240 146 
1249 637 
1250 178 
1268 154 
1273 2204 
1284 52 
1286 501 
1294 425 
1297 53 
1313 1409 
1316 855 
1334 661 
1356 73 
1359 973 
1359 1195 
1370 849 
1373 217 
1375 1323 
1376 1381 
1387 2005 
1391 54 
1417 94 
1419 160 
1443 586 
1447 1031 
1452 22 
1453 97 
1454 527 
1455 521 
1456 4 
1466 2803 
1473 389 
1479 709 
1487 120 
1496 1098 
1513 7694 
1520 528 
1543 208 
1560 250 
1573 463 
1606 120 
1606 99 
1609 3506 
1612 692 
1628 281 
1632 19 
1655 35 
1655 35 
1659 945 
1659 599 
1672 3978 
1681 20 
1683 263 
1686 60 
1695 246 
1697 734 
1699 112 
1714 696 
1720 134 
1720 14 
1723 219 
1724 783 
1724 273 
1731 5 
1733 325 
1751 388 
1752 576 
1768 246 
1776 191 
1805 7 
1808 1034 
1814 72 
1820 3 
1843 42 
1845 604 
1857 333 
1861 12 
1868 18 
1870 1482 
1885 811 
1890 2874 
1908 50 
1925 47 
1929 3 
1932 148 
1953 1578 
1961 4249 
2028 1144 
2029 1566 
2039 53 
2043 494 
2046 1248 
2095 147 
2095 1611 
2105 206 
2124 561 
2124 561 
2125 1226 
2130 83 
2140 420 
2171 119 
2192 1045 
2195 3206 
2206 1459 
2269 380 
2274 573 
2309 127 
2332 3194 
2342 482 
2343 443 
2344 561 
2352 2372 
2358 1014 
2362 2245 
2371 93 
2372 12 
2390 672 
2395 1211 
2422 3395 
2429 1118 
2454 185 
2462 210 
2468 2243 
2471 2828 
2474 343 
2476 31 
2479 21 
2490 459 
2491 62 
2491 3 
2615 368 
2621 156 
2628 34 
2634 18 
2634 400 
2640 2872 
2643 151 
2656 921 
2687 86 
2689 136 
2700 147 
2706 51 
2738 118 
2744 42 
2755 57 
2768 357 
2776 663 
2790 701 
2824 110 
2833 258 
2859 473 
2865 169 
2879 373 
2883 70 
2886 222 
2892 1829 
2897 30 
2906 62 
2910 313 
2911 717 
2919 841 
2927 43 
2933 315 
2948 316 
2950 4609 
2976 374 
2980 453 
2994 601 
3009 14 
3017 15 
3029 69 
3035 1 
3039 150 
3041 0 
3051 501 
3070 5332 
3104 1353 
3108 128 
3123 1269 
3137 1 
3158 669 
3161 247 
3185 376 
3213 37 
3238 1581 
3257 1100 
3273 1214 
3277 23 
3300 11 
3355 107 
3377 255 
3386 415 
3392 668 
3405 217 
3412 30 
3416 290 
3455 1213 
3460 622 
3468 450 
3479 32 
3516 131 
3521 743 
3552 30 
3558 13 
3558 33 
3577 500 
3590 396 
3640 2055 
3647 1056 
3649 139 
3787 312 
3797 2294 
3797 2294 
3810 1399 
3883 33 
3886 281 
3897 16 
3902 916 
3924 175 
3925 65 
3929 1861 
3931 74 
3940 703 
3941 106 
3947 36 
3950 192 
3970 329 
3980 3840 
3984 715 
3992 971 
3998 626 
4004 105 
4011 15 
4040 2 
4048 2 
4064 15 
4073 31246 
4089 4059 
4109 411 
4128 664 
4134 301 
4159 18 
4174 1111 
4179 478 
4184 172 
4212 976 
4219 523 
4232 91 
4242 1309 
4246 22 
4247 290 
4262 5 
4276 865 
4290 1891 
4296 67 
4315 480 
4320 225 
4324 263 
4338 461 
4341 3 
4341 11575 
4345 743 
4391 294 
4391 506 
4403 1250 
4412 792 
4420 355 
4445 1 
4447 509 
4466 22 
4467 13 
4544 12 
4550 329 
4554 702 
4585 745 
4590 16 
4608 105 
4688 227 
4702 217 
4711 1098 
4754 3683 
4764 7780 
4770 193 
4833 211 
4882 248 
4884 185 
4901 249 
4938 3019 
4952 102 
4956 7 
4958 1513 
4962 1516 
4967 835 
4984 1642 
4996 119 
5009 329 
5026 411 
5030 860 
5077 157 
5141 231 
5153 2061 
5167 162 
5174 253 
5209 31 
5215 252 
5219 813 
5302 252 
5310 187 
5323 758 
5327 530 
5341 21 
5345 1837 
5347 3 
5355 158 
5381 5571 
5386 93 
5397 328 
5416 616 
5423 943 
5449 81 
5462 548 
5470 872 
5477 459 
5482 135 
5503 92 
5504 569 
5517 257 
5524 376 
5541 276 
5571 1616 
5586 18 
5597 268 
5599 225 
5623 598 
5631 850 
5648 335 
5663 435 
5665 275 
5676 13 
5678 9298 
5709 1357 
5718 1366 
5728 1011 
5746 57 
5749 737 
5753 70 
5757 1478 
5769 39 
5804 99 
5807 16 
5820 1393 
5826 321 
5834 71 
5862 547 
5876 1289 
5890 849 
5929 85 
5934 1007 
5940 496 
6003 381 
6015 3873 
6020 6 
6046 772 
6047 521 
6171 2056 
6201 308 
6204 583 
6243 16 
6252 555 
6256 2647 
6257 27 
6268 2359 
6280 408 
6291 835 
6306 54 
6329 2030 
6343 157 
6364 1629 
6373 84 
6385 248 
6390 44 
6398 1085 
6400 537 
6409 409 
6413 22 
6416 1657 
6422 83 
6428 145 
6429 837 
6468 3 
6470 27 
6519 1575 
6547 905 
6602 2722 
6609 49 
6633 860 
6651 324 
6717 1346 
6725 1200 
6741 500 
6753 1726 
6773 956 
6778 384 
6793 2027 
6803 212 
6810 252 
6904 1041 
6916 320 
6925 618 
6927 1347 
6938 2725 
6973 181 
6990 4897 
6994 1496 
7000 29 
7035 23 
7058 1321 
7075 282 
7095 790 
7147 26 
7162 966 
7164 682 
7174 1157 
7189 1035 
7215 1323 
7234 226 
7311 93 
7317 163 
7318 790 
7341 153 
7342 236 
7345 62 
7364 24 
7419 728 
7437 780 
7517 138 
7517 2852 
7518 35 
7699 2013 
7705 225 
7709 184 
7714 61 
7777 801 
7790 210 
7829 362 
7864 501 
7871 379 
7895 330 
7907 534 
7914 350 
7936 111 
7978 898 
7981 215 
7984 129 
7988 1220 
7993 851 
8001 12 
8015 943 
8058 145 
8091 1288 
8107 5 
8169 150 
8201 334 
8218 118 
8267 109 
8281 760 
8326 2536 
8340 804 
8378 339 
8392 1122 
8406 5612 
8418 944 
8472 805 
8483 55 
8493 808 
8595 470 
8606 1303 
8634 2279 
8658 2027 
8664 214 
8666 642 
8713 23 
8726 313 
8793 1207 
8799 1482 
8805 2480 
8825 65 
8855 935 
8904 683 
8907 175 
8945 487 
8953 509 
8980 1316 
8994 171 
9008 816 
9017 362 
9027 1628 
9029 701 
9033 999 
9042 113 
9111 869 
9154 31 
9160 918 
9219 99 
9242 423 
9333 259 
9335 31 
9347 260 
9380 75 
9443 700 
9460 108 
9520 716 
9529 188 
9540 76 
9542 124 
9559 1291 
9600 89 
9608 221 
9612 177 
9614 23 
9625 53 
9626 307 
9656 690 
9684 38 
9687 137 
9711 888 
9713 81 
9738 831 
9797 4422 
9816 163 
9848 305 
9848 28 
9882 8570 
9905 211 
9918 95 
9975 7 
10019 453 
10033 73 
10055 276 
10077 3 
10079 464 
10086 127 
10118 410 
10123 6248 
10128 1837 
10143 406 
10182 23 
10182 304 
10218 369 
10256 0 
10259 134 
10319 918 
10406 517 
10418 14 
10471 332 
10495 1 
10525 19 
10549 79 
10578 35 
10617 2319 
10638 239 
10653 26 
10671 233 
10678 1783 
10692 40 
10704 305 
10736 2 
10768 1258 
10770 897 
10872 903 
10873 709 
10884 1048 
10885 1461 
10888 140 
10900 631 
10929 1274 
10966 1158 
11009 1289 
11028 2843 
11054 35 
11058 1580 
11059 295 
11081 893 
11114 791 
11217 292 
11266 173 
11326 167 
11330 246 
11333 202 
11335 306 
11465 1096 
11490 513 
11521 1454 
11526 1236 
11547 87 
11582 5511 
11634 1008 
11635 662 
11664 1224 
11762 60 
11829 244 
11840 107 
11867 91 
11881 395 
11925 1381 
12008 20 
12013 69 
12067 380 
12110 172 
12110 315 
12128 2099 
12181 19 
12188 466 
12200 1866 
12202 702 
12260 1 
12265 542 
12281 919 
12330 292 
12445 23 
12455 570 
12459 116 
12464 1533 
12473 222 
12483 183 
12574 1259 
12611 649 
12613 122 
12624 850 
12627 658 
12633 21 
12647 159 
12670 16 
12687 1622 
12698 4225 
12720 1757 
12729 813 
12764 1032 
12782 462 
12791 54 
12797 783 
12814 137 
12823 471 
12843 391 
12856 91 
12865 1149 
12892 2 
12942 109 
12970 1837 
13001 267 
13057 332 
13107 427 
13112 229 
13141 16 
13158 746 
13247 749 
13282 973 
13350 1021 
13424 91 
13442 428 
13457 900 
13517 193 
13654 242 
13655 563 
13720 1090 
13835 156 
13889 97 
13895 1287 
14009 258 
14065 440 
14066 227 
14175 20 
14193 944 
14250 219 
14258 238 
14267 1060 
14283 4 
14291 247 
14294 38 
14298 1321 
14325 3621 
14331 468 
14374 609 
14383 230 
14417 218 
14456 1836 
14497 241 
14533 771 
14578 1432 
14706 2079 
14796 35 
14829 1427 
14874 1485 
14901 626 
14949 3687 
14969 1 
14993 1005 
15014 244 
15075 181 
15080 933 
15131 134 
15157 190 
15167 65 
15173 1018 
15233 829 
15317 53 
15320 657 
15416 900 
15474 43 
15514 1138 
15517 860 
15518 1292 
15811 4942 
15873 25 
15875 557 
15904 788 
15920 233 
15936 121 
15970 56 
15972 3090 
16181 587 
16293 1734 
16400 92 
16409 266 
16465 111 
16539 376 
16600 644 
16633 635 
16639 433 
16642 122 
16651 12 
16698 1798 
16815 1128 
16860 11967 
16865 912 
16947 196 
16955 749 
16975 9 
17000 654 
17035 270 
17076 114 
17099 1362 
17146 106 
17149 444 
17153 406 
17194 11 
17233 719 
17238 1182 
17248 764 
17251 1175 
17308 632 
17361 61 
17441 127 
17511 365 
17670 39 
17725 663 
17765 4580 
17773 51 
17774 231 
17840 4152 
17949 80 
17993 1446 
18030 556 
18288 1209 
18311 677 
18367 112 
18397 274 
18400 317 
18407 13 
18425 794 
18428 274 
18502 905 
18504 531 
18564 1267 
18644 733 
18791 449 
18848 675 
18869 240 
18869 240 
19004 267 
19010 214 
19031 421 
19060 353 
19142 1148 
19225 187 
19380 575 
19403 488 
19440 131 
19459 1254 
19502 726 
19506 4137 
19693 909 
19790 646 
19872 381 
19923 732 
19958 78 
19974 2014 
20009 971 
20028 1121 
20182 394 
20230 72 
20446 271 
20501 445 
20506 551 
20695 321 
20817 5 
20934 17 
20941 677 
20960 176 
20997 535 
21043 409 
21170 72 
21460 1005 
21746 22 
22050 1032 
22100 1171 
22226 101 
22238 1512 
22319 839 
22335 383 
22510 685 
22735 320 
22942 50 
22987 403 
23052 2501 
23053 2074 
23231 23 
23233 672 
23327 299 
23470 151 
23750 529 
23801 566 
23821 190 
23915 3443 
24108 654 
24117 116 
24158 406 
24244 70 
24311 757 
24321 783 
24368 584 
24443 761 
24509 275 
24641 951 
24696 400 
24999 503 
25077 7409 
25100 502 
25304 1519 
25370 196 
25396 615 
25438 253 
25498 643 
25685 152 
25704 512 
25817 1068 
25874 538 
25917 563 
26080 31 
26088 346 
26275 664 
26485 610 
26557 544 
26731 235 
26995 37 
27012 427 
27072 75 
27152 747 
27166 806 
27188 374 
27210 10070 
27257 1338 
27260 2170 
27358 177 
27381 448 
27430 425 
27670 639 
27766 191 
27936 16 
28086 142 
28147 168 
28151 1804 
28167 1243 
28209 1022 
28291 1296 
28394 1414 
28489 1411 
28609 2560 
28689 362 
28704 1749 
28719 786 
29046 1150 
29055 1062 
29290 162 
29339 127 
29356 453 
29374 2738 
29474 19 
29483 220 
29555 1161 
29614 867 
29689 997 
29699 376 
29740 1473 
29871 203 
30166 1065 
30226 515 
30244 1621 
30273 299 
30340 72 
30379 4369 
30411 207 
30453 981 
30510 569 
30568 976 
30616 340 
30765 72 
30772 184 
30818 834 
30886 139 
31041 1645 
31053 2076 
31110 666 
31169 111 
31209 203 
31235 29 
31379 2655 
31390 332 
31674 139 
31792 3207 
31897 14293 
31938 546 
31945 2485 
31950 1251 
32013 251 
32143 505 
32259 147 
32401 138 
32487 428 
32568 1498 
32641 1092 
32719 349 
32794 4306 
32800 618 
32805 6 
32808 1559 
32837 1025 
32845 2313 
32940 226 
32952 413 
33184 643 
33226 436 
33253 234 
33427 2573 
33727 1771 
33743 1152 
33810 1665 
33820 59 
33862 1025 
33862 1025 
33900 8830 
33900 8830 
33904 1076 
33904 1076 
34008 287 
34016 481 
34073 3390 
34167 1627 
34245 414 
34247 1 
34355 188 
34392 569 
34490 163 
34494 1137 
34557 2095 
34573 1503 
34579 294 
34716 370 
34721 480 
34770 1477 
34902 411 
34969 6 
35018 2052 
35075 2299 
35092 1027 
35125 515 
35149 410 
35220 5735 
35308 51 
35312 1031 
35420 43 
35435 1192 
35593 1113 
35664 716 
35671 197 
35733 13 
35764 1387 
35818 249 
35887 180 
35897 98 
35913 9130 
35915 529 
35932 937 
36008 7488 
36052 3371 
36076 4179 
36138 26 
36255 782 
36272 921 
36374 110 
36457 485 
36488 3806 
36508 1808 
36766 345 
36792 2269 
36800 432 
36824 316 
36861 1096 
36911 1670 
36976 286 
37015 1269 
37029 104 
37123 106 
37250 486 
37275 1396 
37289 427 
37341 212 
37444 66 
37480 10 
37529 870 
37555 434 
37638 300 
37693 253 
37731 1222 
37751 571 
38225 118 
38281 1120 
38296 506 
38350 2 
38364 818 
38400 524 
38540 1 
38562 3146 
38659 642 
38676 189 
38688 642 
38800 875 
38805 852 
38880 1546 
38885 178 
38925 82 
38941 965 
39087 453 
39144 5743 
39234 928 
39269 189 
39394 70 
39437 767 
39530 263 
39555 451 
39557 14 
39681 733 
39681 733 
39705 102 
39769 304 
39790 8 
39810 192 
39813 333 
39954 1282 
39969 100 
40138 599 
40144 1070 
40169 148 
40194 8 
40206 8 
40218 1240 
40306 264 
40356 62 
40390 32 
40397 1 
40458 715 
40501 67 
40554 251 
40563 1579 
40587 1834 
40587 2333 
40662 2473 
40703 750 
40749 225 
40828 394 
40839 129 
40865 845 
40983 1965 
40997 336 
41015 91 
41127 17 
41185 293 
41214 35 
41318 1602 
41333 2528 
41422 147 
41437 169 
41495 905 
41508 1411 
41538 1111 
41550 1560 
41589 1978 
41700 422 
41702 901 
41706 745 
41778 74 
41823 1532 
41869 228 
41926 12097 
41971 269 
41976 6812 
41994 322 
42010 1147 
42029 2760 
42042 104 
42046 346 
42097 980 
42122 1363 
42163 1160 
42295 38 
42323 840 
42364 863 
42382 802 
42399 896 
42447 848 
42487 14 
42527 578 
42551 463 
42555 14 
42555 261 
42671 954 
42681 6 
42712 679 
42751 10 
42768 758 
42769 449 
42777 166 
42873 795 
42878 146 
42940 3890 
42955 515 
42968 157 
43028 1044 
43043 1515 
43142 3523 
43148 13 
43155 57 
43161 265 
43196 4269 
43211 1024 
43227 167 
43268 1109 
43272 877 
43289 432 
43291 247 
43299 2130 
43321 45 
43339 226 
43351 339 
43372 349 
43425 2403 
43531 998 
43547 2064 
43550 1020 
43555 1306 
43635 372 
43819 547 
43847 133 
43860 193 
43954 1089 
44136 214 
44139 113 
44179 634 
44223 281 
44380 14732 
44463 809 
44496 836 
44508 744 
44592 298 
44652 371 
44666 1689 
44690 246 
44742 128 
44842 563 
44849 165 
44879 486 
44902 252 
44911 1145 
44914 170 
44921 2757 
44965 1452 
45236 282 
45267 192 
45284 806 
45405 1127 
45457 169 
45512 2097 
45519 1366 
45551 332 
45553 2254 
45565 57 
45567 387 
45571 1169 
45574 767 
45652 149 
45667 416 
45701 245 
45760 1 
45768 1606 
45819 2789 
45821 126 
45880 699 
45903 1155 
45908 1640 
45913 814 
45946 1432 
46103 8 
46146 26 
46148 2732 
46150 948 
46167 388 
46170 2708 
46171 2483 
46296 1164 
46316 430 
46368 2389 
46379 50 
46411 318 
46485 322 
46501 138 
46616 401 
46679 652 
46697 1906 
46727 5038 
46750 10 
46751 177 
46793 109 
46810 639 
46819 1497 
46832 549 
46858 335 
46873 403 
46901 59 
46919 287 
46984 1216 
47044 268 
47113 1582 
47125 174 
47136 151 
47140 0 
47168 1232 
47171 1249 
47204 130 
47205 60 
47209 28 
47225 1763 
47284 297 
47286 362 
47324 2730 
47338 0 
47343 1350 
47369 1011 
47390 386 
47405 120 
47424 221 
47436 94 
47458 7 
47466 1202 
47487 496 
47593 411 
47597 837 
47647 128 
47647 86 
47654 220 
47664 178 
47666 704 
47687 388 
47687 174 
47720 1139 
47755 71 
47766 302 
47835 113 
47851 208 
47857 883 
47862 117 
47878 141 
47880 99 
47915 17 
47916 5 
47936 2014 
48022 628 
48023 433 
48045 620 
48086 21 
48103 181 
48115 579 
48136 362 
48197 277 
48230 11 
48252 2173 
48266 271 
48277 2980 
48287 202 
48396 1165 
48414 209 
48421 12 
48433 3569 
48433 655 
48457 664 
48463 3 
48466 1608 
48490 2367 
48509 704 
48518 1 
48533 1028 
48615 139 
48628 27 
48652 40 
48683 543 
48737 378 
48797 320 
48818 50 
48820 293 
48822 225 
48827 757 
48830 47 
48841 21 
48970 2874 
48974 2615 
49009 1857 
49016 3530 
49047 1066 
49054 182 
49089 65 
49096 1729 
49100 2925 
49109 613 
49113 1048 
49117 613 
49135 330 
49204 206 
49233 25 
49251 201 
49278 89 
49325 42 
49467 93 
49472 64 
49497 994 
49503 108 
49595 846 
49600 247 
49603 593 
49695 814 
49729 5225 
49750 222 
49769 1535 
49777 710 
49787 1342 
49787 46 
49847 193 
49958 9 
49962 117 
50008 928 
50025 91 
50064 67 
50169 632 
50173 369 
50290 94 
50325 107 
50354 1982 
50357 1147 
50358 2 
50378 349 
50417 1115 
50425 1442 
50446 198 
50461 509 
50477 130 
50477 45 
50658 406 
50665 57 
50732 288 
50733 1891 
50735 1265 
50754 7 
50799 1309 
50805 949 
50817 4188 
50920 341 
50929 13 
50934 453 
50954 3610 
50962 1872 
50962 211 
51011 135 
51034 113 
51043 1384 
51046 71 
51061 579 
51129 61 
51156 1731 
51283 352 
51287 2054 
51288 103 
51298 585 
51302 515 
51320 269 
51366 3652 
51371 810 
51419 745 
51422 886 
51430 266 
51460 197 
51529 23 
51551 215 
51558 2374 
51586 184 
51598 161 
51600 0 
51604 51 
51679 679 
51705 477 
51727 56 
51729 212 
51743 2308 
51751 1898 
51863 5995 
51907 4558 
51911 673 
51932 559 
51964 558 
51997 75 
52001 2318 
52028 759 
52040 31 
52047 1673 
52063 122 
52063 752 
52071 201 
52076 266 
52079 30 
52097 157 
52106 18 
52114 285 
52117 969 
52140 57 
52143 575 
52200 206 
52206 5 
52210 677 
52212 11 
52274 12 
52274 115 
52327 2275 
52378 240 
52395 470 
52418 320 
52476 735 
52484 728 
52499 1239 
52509 52 
52566 117 
52615 50 
52635 746 
52639 215 
52643 841 
52657 2064 
52675 260 
52696 120 
52710 135 
52741 1283 
52762 254 
52767 718 
52789 1018 
52793 260 
52799 141 
52891 2938 
52913 122 
52915 523 
52928 977 
52959 52 
53005 660 
53059 65 
53061 887 
53062 713 
53090 1398 
53113 1269 
53181 40 
53194 210 
53214 49 
53224 95 
53243 1014 
53254 110 
53266 42 
53277 1450 
53325 416 
53342 4091 
53346 204 
53411 3891 
53463 559 
53503 603 
53524 260 
53540 311 
53562 1586 
53563 162 
53574 275 
53575 441 
53688 4057 
53697 1606 
53717 802 
53736 1087 
53755 54 
53755 577 
53792 221 
53843 655 
53904 1831 
53913 767 
53983 97 
53987 1842 
53991 215 
54002 102 
54044 259 
54062 608 
54064 583 
54098 35 
54205 758 
54211 28 
54215 2958 
54227 210 
54236 158 
54287 2 
54336 815 
54338 298 
54357 134 
54391 684 
54415 19 
54473 163 
54473 939 
54509 73 
54514 735 
54518 361 
54523 268 
54532 205 
54555 18 
54559 510 
54561 3656 
54581 738 
54588 144 
54611 129 
54612 569 
54614 131 
54614 203 
54616 564 
54651 237 
54726 379 
54754 824 
54764 389 
54812 627 
54884 1559 
54890 825 
54948 11 
54991 368 
55074 6115 
55126 407 
55128 723 
55180 609 
55181 79 
55189 625 
55199 270 
55209 233 
55260 1376 
55268 752 
55271 783 
55275 534 
55295 510 
55309 400 
55335 889 
55356 1825 
55456 387 
55539 801 
55587 943 
55596 1 
55677 389 
55745 248 
55768 97 
55796 122 
55826 498 
55851 1654 
55879 127 
55884 885 
55902 615 
55905 123 
55923 4 
55934 8 
55964 319 
55998 242 
56049 535 
56054 177 
56083 1438 
56088 305 
56092 716 
56124 1435 
56128 655 
56132 1092 
56152 443 
56156 125 
56160 728 
56161 670 
56182 553 
56267 236 
56316 136 
56323 463 
56337 3471 
56390 5940 
56404 1535 
56458 745 
56538 78 
56538 3250 
56560 56 
56572 1160 
56597 244 
56618 326 
56639 458 
56670 38 
56684 109 
56695 1520 
56726 996 
56735 25 
56784 78 
56791 482 
56828 284 
56852 423 
56881 1254 
56913 698 
56917 621 
57009 1842 
57096 412 
57096 890 
57103 17 
57119 1095 
57132 35 
57140 879 
57159 2069 
57162 415 
57167 15 
57168 102 
57189 254 
57203 447 
57246 39 
57276 46 
57323 688 
57351 45 
57372 1856 
57389 119 
57400 2129 
57401 480 
57455 100 
57485 1884 
57486 92 
57531 496 
57538 1066 
57552 1612 
57583 25 
57591 645 
57598 216 
57627 694 
57676 1590 
57681 15 
57735 646 
57779 3066 
57796 114 
57857 63 
57887 167 
57890 83 
57901 436 
57910 117 
57917 94 
57957 574 
57993 291 
58004 6806 
58008 212 
58013 298 
58022 86 
58028 180 
58038 5 
58073 25 
58090 19 
58181 157 
58198 383 
58233 77 
58293 0 
58343 22 
58355 94 
58441 191 
58445 803 
58467 591 
58479 652 
58594 179 
58658 12 
58739 62 
58787 241 
58809 96 
58825 2261 
58847 3 
58889 3934 
58966 575 
58977 90 
59014 784 
59030 460 
59062 172 
59084 5 
59086 323 
59087 157 
59108 1734 
59116 524 
59146 143 
59159 2016 
59165 805 
59170 44 
59192 1032 
59212 1015 
59302 1014 
59331 134 
59347 328 
59364 1937 
59371 844 
59387 109 
59409 156 
59410 360 
59430 51 
59452 40 
59478 442 
59497 533 
59497 39 
59505 1777 
59516 367 
59589 670 
59602 1127 
59610 332 
59611 5184 
59614 947 
59631 815 
59657 886 
59660 89 
59669 223 
59696 362 
59706 322 
59737 466 
59775 2275 
59776 1238 
59792 816 
59832 76 
59850 77 
59862 743 
59887 23 
59910 112 
59945 164 
59945 39 
59948 500 
59991 1739 
60247 131 
60322 839 
60379 242 
60396 669 
60400 100 
60449 48 
60507 30 
60533 357 
60594 1858 
60626 6112 
60680 847 
61098 1013 
61390 691 
61393 899 
61530 640 
61898 543 
62156 971 
62319 569 
62350 43 
62454 1394 
62460 461 
62498 133 
62518 648 
62599 707 
62860 841 
62960 323 
62960 323 
62973 940 
62973 940 
63292 4892 
63498 475 
63551 1027 
63576 938 
63922 783 
64006 774 
64026 1557 
64120 204 
64371 377 
64491 1370 
64536 36 
64723 700 
65034 87 
65142 8739 
65161 1 
65484 2072 
65494 94 
65715 1003 
65834 200 
65850 1221 
65933 1288 
66234 1011 
66463 1366 
66541 227 
66693 28 
67095 420 
67170 784 
67235 123 
67359 1207 
67539 320 
67602 5927 
67654 167 
67764 178 
68039 533 
68335 784 
68375 483 
68411 1310 
68604 683 
68656 1108 
68891 506 
69389 1047 
69574 1002 
69684 374 
70113 1714 
70252 483 
70404 386 
70646 9 
70686 1346 
71081 2233 
71082 1003 
71268 7539 
71513 2812 
71543 42 
72304 435 
72523 3056 
72533 43 
72821 48 
72836 1260 
73510 1106 
74088 1730 
74334 777 
74764 93 
75283 1263 
75378 5039 
75781 51 
76425 388 
76441 841 
76561 597 
76683 799 
76707 399 
76834 58 
77048 945 
77357 212 
77438 1078 
77913 79 
77975 599 
78250 2856 
78649 471 
78869 863 
78947 3205 
78955 20 
79193 444 
79288 1005 
79485 1075 
79510 1238 
79543 432 
79605 246 
79686 181 
79700 588 
79874 1770 
80099 440 
80202 688 
80327 1124 
80524 1128 
80699 100 
80821 244 
80844 509 
80858 843 
80909 1234 
80985 153 
81109 294 
81685 1556 
82190 38 
82220 2958 
82250 128 
82378 226 
82388 93 
82434 811 
82548 899 
82584 440 
82759 618 
82852 725 
82853 529 
83250 640 
83338 30 
83342 28 
83357 652 
83514 1654 
83882 482 
83887 1043 
83986 6 
84113 142 
84133 154 
84181 1724 
84353 493 
84603 174 
84664 629 
84756 1298 
84868 151 
85181 797 
85243 2832 
85247 71 
85673 936 
85728 407 
85762 713 
85818 110 
86527 2436 
86548 229 
86562 235 
86740 2436 
86761 679 
86777 458 
87100 16 
87164 1031 
87323 0 
87484 599 
87538 449 
87562 302 
87619 135 
87814 33 
87930 684 
88054 768 
88732 245 
89159 2733 
89202 0 
89475 9 
89988 2 
91070 288 
91564 499 
92070 660 
92655 98 
94207 957 
94554 228 
94668 945 
94806 79 
95917 111 
96788 151 
97262 769 
98571 841 
98803 214 
103050 849 
111955 386 
113943 2 
114849 2048 
119238 104 
119309 584 
121161 465 
122499 677 
122889 1552 
124505 275 
126862 669 
127261 924 
127925 143 
128360 1081 
128774 1019 
128994 341 
131341 57 
133682 506 
137373 1384 
138639 474 
139686 280 
140350 1077 
140771 863 
141082 1420 
141353 1823 
141357 24 
141446 36 
142052 930 
142197 549 
143605 22993 
143976 712 
144163 864 
146122 1611 
146983 985 
147009 532 
147338 7130 
147925 1851 
150170 4117 
150897 1368 
151405 597 
153270 483 
153301 1404 
153785 462 
159854 150 
160081 114 
160097 185 
160329 471 
160509 4685 
161346 1579 
162143 426 
162294 0 
162855 442 
163695 3483 
163906 3657 
164942 110 
165210 1924 
167228 73 
168049 636 
168224 1 
169784 523 
171095 221 
175344 1049 
181674 314 
182132 336 
199899 146 
211369 857 
213694 2518 
216195 132 
221961 264 
222650 815 
225597 1373 
228726 1416 
229644 684 
230942 5 
231474 235 
235328 864 
238412 424 
239171 452 
244858 2 
247453 1539 
249123 2067 
254860 702 
291140 836 
298546 4 
412438 1437 
460186 712 
468671 914 
476411 349 
514211 480 
589501 10 
